1:ItNr	2:Metric	3:StepSize	4:||Gradient||	Time[ms]
0	-0.000000	627.201626	0.000000	1613.4
1	-0.109582	623.504937	0.000757	14.5
2	-0.172111	619.865785	0.004438	6.9
3	-0.132742	616.282728	0.001977	6.8
4	-0.640030	612.754375	0.008539	6.8
5	-0.177765	609.279381	0.002817	7.5
6	-0.016464	605.856447	0.001650	12.2
7	-0.912896	602.484317	0.011214	6.9
8	-0.612801	599.161779	0.009327	6.7
9	-0.494675	595.887656	0.005829	6.4
10	-0.483481	592.660813	0.008611	6.7
11	-0.103802	589.480151	0.002872	16.1
12	-0.463446	586.344606	0.007775	9.8
13	-0.000000	583.253145	0.000000	11.7
14	-0.073704	580.204771	0.000268	7.9
15	-0.516824	577.198517	0.004541	6.8
16	-0.654878	574.233444	0.008623	7.0
17	-0.623573	571.308645	0.014683	7.2
18	-0.704307	568.423237	0.007477	6.7
19	-0.921661	565.576365	0.008204	8.4
20	-0.349933	562.767201	0.003518	7.9
21	-0.000633	559.994938	0.000140	7.0
22	-0.326218	557.258797	0.006224	7.2
23	-0.000000	554.558018	0.000000	7.7
24	-0.535486	551.891865	0.010613	8.0
25	-0.000000	549.259621	0.000000	6.5
26	-0.505540	546.660592	0.008235	7.0
27	-0.681157	544.094102	0.005813	6.5
28	-0.019347	541.559494	0.000103	6.6
29	-0.000000	539.056129	0.000000	6.4
30	-0.000000	536.583387	0.000000	6.4
31	-0.501803	534.140663	0.005561	6.9
32	-0.716957	531.727370	0.012262	11.1
33	-0.422604	529.342935	0.003617	7.1
34	-0.000000	526.986802	0.000000	7.2
35	-0.079964	524.658430	0.004632	11.6
36	-0.943737	522.357290	0.006979	12.0
37	-0.000000	520.082868	0.000000	8.0
38	-0.000000	517.834665	0.000000	6.6
39	-0.000000	515.612193	0.000000	6.8
40	-0.331855	513.414976	0.008284	6.6
41	-0.798857	511.242551	0.010110	7.0
42	-0.000000	509.094468	0.000000	10.5
43	-0.058769	506.970285	0.000739	7.9
44	-0.173118	504.869574	0.004127	18.1
45	-0.397153	502.791916	0.004510	15.7
46	-0.269874	500.736903	0.003425	12.1
47	-0.268320	498.704137	0.007335	7.0
48	-0.000000	496.693228	0.000000	10.8
49	-0.731038	494.703798	0.010189	6.6
50	-0.216127	492.735476	0.005639	6.8
51	-0.737295	490.787900	0.006770	9.6
52	-0.000000	488.860718	0.000000	6.6
53	-0.821007	486.953585	0.007898	10.0
54	-0.000000	485.066164	0.000000	6.2
55	-0.002626	483.198126	0.000135	7.0
56	-0.774464	481.349149	0.005711	10.5
57	-0.476233	479.518920	0.008697	6.5
58	-0.000000	477.707132	0.000000	9.2
59	-0.386024	475.913485	0.004226	13.0
60	-0.732526	474.137684	0.006761	6.9
61	-0.175095	472.379445	0.002995	7.9
62	-0.451136	470.638485	0.004500	6.5
63	-0.448961	468.914531	0.008803	6.7
64	-0.484425	467.207315	0.005031	6.7
65	-0.872079	465.516573	0.011741	6.6
66	-0.519182	463.842050	0.007682	6.9
67	-0.528054	462.183494	0.008543	17.2
68	-0.000000	460.540658	0.000000	1.9
69	-0.002032	458.913303	0.000046	6.7
70	-0.000000	457.301192	0.000000	8.3
71	-0.587667	455.704096	0.011190	8.0
72	-0.722598	454.121787	0.010200	9.0
73	-0.806120	452.554045	0.008412	6.6
74	-0.953427	451.000653	0.004830	6.9
75	-0.183406	449.461399	0.004687	6.3
76	-0.776172	447.936075	0.010511	5.9
77	-0.920803	446.424477	0.008434	6.4
78	-0.930941	444.926406	0.009078	6.9
79	-0.339469	443.441666	0.005671	7.5
80	-0.013457	441.970065	0.000158	6.9
81	-0.498409	440.511415	0.003805	9.2
82	-0.000000	439.065533	0.000000	6.0
83	-0.000000	437.632238	0.000000	7.4
84	-0.450761	436.211351	0.013328	9.6
85	-0.000000	434.802701	0.000000	12.0
86	-0.670665	433.406117	0.006467	7.6
87	-0.000000	432.021430	0.000000	6.6
88	-0.000000	430.648479	0.000000	7.1
89	-0.000000	429.287101	0.000000	6.6
90	-0.595216	427.937140	0.006943	6.6
91	-0.623039	426.598440	0.007341	6.8
92	-0.686068	425.270849	0.009238	9.3
93	-0.781578	423.954220	0.011532	12.0
94	-0.141675	422.648404	0.001162	7.0
95	-0.000000	421.353259	0.000000	6.4
96	-0.545006	420.068643	0.008109	11.9
97	-0.420517	418.794419	0.004817	10.6
98	-0.699823	417.530451	0.006615	7.2
99	-0.477795	416.276604	0.005007	7.2
100	-0.424292	415.032748	0.008888	7.2
101	-0.708207	413.798754	0.005142	10.2
102	-0.467628	412.574495	0.006372	6.6
103	-0.752567	411.359849	0.007080	7.0
104	-0.141281	410.154691	0.001753	10.3
105	-0.373426	408.958904	0.009599	11.8
106	-0.592796	407.772368	0.010863	6.6
107	-0.245275	406.594968	0.005263	7.6
108	-0.000043	405.426590	0.000003	11.9
109	-0.007842	404.267122	0.001772	7.0
110	-0.436130	403.116456	0.004485	6.9
111	-0.750749	401.974481	0.004016	6.5
112	-0.897090	400.841093	0.010149	6.8
113	-0.300492	399.716187	0.005187	7.0
114	-0.000000	398.599660	0.000000	10.9
115	-0.986888	397.491411	0.012361	6.9
116	-0.249879	396.391342	0.003906	6.8
117	-0.878401	395.299353	0.004888	12.8
118	-0.070237	394.215350	0.001419	6.5
119	-0.511388	393.139238	0.008436	10.5
120	-0.000136	392.070924	0.000042	7.0
121	-0.521847	391.010316	0.012490	7.7
122	-0.437368	389.957325	0.007771	6.2
123	-0.889427	388.911862	0.009871	7.0
124	-0.551429	387.873839	0.008566	6.8
125	-0.000031	386.843173	0.000024	8.7
126	-0.794749	385.819777	0.011576	6.9
127	-0.133014	384.803569	0.002915	7.1
128	-0.478639	383.794468	0.012583	10.1
129	-0.161244	382.792393	0.002044	6.6
130	-0.286596	381.797264	0.007174	9.1
131	-0.846607	380.809005	0.010487	6.6
132	-0.262006	379.827537	0.005992	12.6
133	-0.499715	378.852786	0.008125	7.2
134	-0.988706	377.884678	0.009934	6.8
135	-0.673231	376.923138	0.008091	23.6
136	-0.915066	375.968095	0.009113	23.1
137	-0.601022	375.019479	0.008231	12.3
138	-0.240718	374.077218	0.003697	14.9
139	-0.000000	373.141244	0.000000	7.6
140	-0.307920	372.211489	0.004105	8.9
141	-0.452268	371.287887	0.012498	6.8
142	-0.000000	370.370370	0.000000	9.1
143	-0.000000	369.458876	0.000000	6.6
144	-0.214452	368.553338	0.003213	9.3
145	-0.074773	367.653696	0.001927	7.9
146	-0.258575	366.759885	0.006056	7.2
147	-0.300160	365.871846	0.002549	6.8
148	-0.152327	364.989518	0.002418	9.8
149	-0.514437	364.112841	0.014533	6.8
150	-0.000000	363.241757	0.000000	6.6
151	-0.744374	362.376208	0.010122	7.0
152	-0.210404	361.516137	0.004921	9.7
153	-0.251915	360.661488	0.006421	8.1
154	-0.000000	359.812206	0.000000	6.3
155	-0.043260	358.968236	0.000352	6.9
156	-0.149939	358.129524	0.006417	6.7
157	-0.320225	357.296018	0.009814	6.4
158	-0.453687	356.467665	0.006465	7.0
159	-0.802942	355.644414	0.012266	6.6
160	-0.808438	354.826213	0.009314	7.2
161	-0.053183	354.013012	0.000574	6.7
162	-0.237662	353.204763	0.003735	7.0
163	-0.120919	352.401415	0.002349	7.6
164	-0.047954	351.602922	0.002051	12.0
165	-1.003738	350.809235	0.009963	12.0
166	-0.825851	350.020308	0.011873	8.5
167	-0.520408	349.236095	0.005811	12.0
168	-0.037209	348.456550	0.000976	3.2
169	-0.645550	347.681627	0.005470	6.0
170	-0.573526	346.911283	0.003784	6.5
171	-0.460728	346.145474	0.006001	6.8
172	-0.249080	345.384157	0.007501	6.8
173	-0.000046	344.627288	0.000010	10.4
174	-0.301462	343.874826	0.004698	6.9
175	-0.011527	343.126729	0.000141	9.0
176	-0.657741	342.382957	0.006991	6.0
177	-0.159271	341.643469	0.006336	6.5
178	-0.335821	340.908224	0.005773	11.3
179	-0.686621	340.177184	0.009321	12.0
180	-0.000000	339.450309	0.000000	7.8
181	-0.000000	338.727561	0.000000	6.8
182	-0.000000	338.008902	0.000000	6.8
183	-0.062500	337.294295	0.001984	6.9
184	-0.305926	336.583703	0.005529	7.0
185	-0.000000	335.877089	0.000000	6.4
186	-0.001787	335.174416	0.000139	6.9
187	-0.739565	334.475651	0.007693	10.7
188	-0.747251	333.780756	0.008527	7.0
189	-0.034974	333.089698	0.000344	8.9
190	-0.644473	332.402443	0.008775	10.6
191	-0.000000	331.718955	0.000000	9.3
192	-0.112054	331.039203	0.002760	6.6
193	-0.000000	330.363153	0.000000	6.4
194	-0.000000	329.690771	0.000000	6.8
195	-0.627208	329.022027	0.016270	6.6
196	-0.554829	328.356888	0.008568	9.2
197	-0.000000	327.695322	0.000000	6.2
198	-0.794339	327.037299	0.008989	6.7
199	-0.248492	326.382787	0.001758	6.5
200	-0.452360	325.731758	0.004669	6.8
201	-0.449724	325.084179	0.005272	7.2
202	-0.862952	324.440023	0.009346	6.7
203	-0.406190	323.799258	0.006850	6.7
204	-0.598049	323.161858	0.008134	8.9
205	-0.000000	322.527792	0.000000	7.5
206	-0.451618	321.897034	0.006634	7.1
207	-0.000000	321.269554	0.000000	10.0
208	-0.389748	320.645325	0.003657	6.7
209	-0.156301	320.024320	0.001656	6.8
210	-0.913641	319.406512	0.007998	6.6
211	-0.289536	318.791875	0.006378	6.8
212	-0.674007	318.180381	0.006338	6.8
213	-0.000000	317.572005	0.000000	6.9
214	-0.657902	316.966721	0.007293	12.0
215	-0.925300	316.364504	0.013298	7.7
216	-0.601439	315.765329	0.007650	12.9
217	-0.000000	315.169170	0.000000	9.3
218	-0.002868	314.576003	0.000326	7.9
219	-0.116526	313.985804	0.003533	6.6
220	-0.550639	313.398548	0.007763	6.8
221	-0.000817	312.814213	0.000003	10.5
222	-0.589621	312.232773	0.005428	6.6
223	-0.000112	311.654207	0.000100	6.4
224	-0.000000	311.078491	0.000000	10.7
225	-0.962418	310.505602	0.010057	6.6
226	-0.376869	309.935518	0.007336	6.9
227	-0.000000	309.368217	0.000000	6.7
228	-0.619300	308.803676	0.008569	6.8
229	-0.000004	308.241874	0.000005	8.9
230	-0.095254	307.682789	0.001655	7.0
231	-0.621678	307.126400	0.010536	6.8
232	-0.371833	306.572687	0.004320	6.8
233	-0.410671	306.021627	0.002123	6.7
234	-0.824270	305.473201	0.009903	6.8
235	-0.000000	304.927388	0.000000	6.7
236	-0.711895	304.384168	0.007968	6.7
237	-0.838308	303.843521	0.007904	6.7
238	-0.000000	303.305427	0.000000	6.2
239	-0.467813	302.769867	0.005302	6.4
240	-0.183275	302.236821	0.003793	6.6
241	-0.345941	301.706270	0.008503	10.0
242	-0.484145	301.178196	0.005341	12.0
243	-0.659304	300.652580	0.005156	7.7
244	-0.000000	300.129402	0.000000	8.1
245	-0.126086	299.608645	0.005474	7.0
246	-0.580250	299.090291	0.008422	7.0
247	-0.000000	298.574321	0.000000	6.7
248	-0.000000	298.060718	0.000000	6.9
249	-0.188828	297.549465	0.003668	7.6
250	-0.000000	297.040543	0.000000	8.4
251	-0.520526	296.533936	0.005844	6.5
252	-0.000000	296.029626	0.000000	9.5
253	-0.812192	295.527597	0.014920	6.4
254	-0.709402	295.027832	0.007149	7.0
255	-0.398960	294.530315	0.006043	7.0
256	-0.496824	294.035028	0.005934	11.4
257	-0.287229	293.541956	0.004898	7.9
258	-0.099888	293.051083	0.002822	8.1
259	-0.000000	292.562393	0.000000	6.7
260	-0.003861	292.075870	0.000066	9.0
261	-0.679052	291.591498	0.007477	6.8
262	-0.101698	291.109263	0.001100	6.6
263	-0.822465	290.629149	0.011475	6.8
264	-0.609590	290.151140	0.009038	6.5
265	-0.880136	289.675222	0.009596	6.7
266	-0.722077	289.201380	0.007627	6.7
267	-0.000000	288.729600	0.000000	7.1
268	-0.870638	288.259866	0.011579	12.6
269	-0.000426	287.792165	0.000264	12.1
270	-0.754163	287.326481	0.009482	6.5
271	-0.000000	286.862802	0.000000	6.8
272	-0.148024	286.401113	0.004208	6.7
273	-0.000000	285.941400	0.000000	6.5
274	-0.695205	285.483649	0.009160	6.8
275	-0.822858	285.027847	0.006381	6.6
276	-0.155356	284.573981	0.002425	6.6
277	-0.616441	284.122037	0.008957	6.7
278	-0.249610	283.672002	0.007182	10.3
279	-0.550518	283.223863	0.003561	6.6
280	-0.725190	282.777607	0.007100	9.3
281	-0.000000	282.333221	0.000000	6.5
282	-0.523092	281.890692	0.005968	10.7
283	-0.568800	281.450008	0.007346	10.7
284	-0.070408	281.011157	0.001202	6.4
285	-0.000000	280.574125	0.000000	6.9
286	-0.000000	280.138901	0.000000	6.9
287	-0.464285	279.705473	0.009588	7.8
288	-0.535115	279.273829	0.007444	6.6
289	-0.674174	278.843956	0.006082	6.5
290	-0.009935	278.415844	0.001672	6.8
291	-0.000000	277.989479	0.000000	6.6
292	-0.619250	277.564851	0.009610	6.7
293	-0.052111	277.141949	0.002057	12.3
294	-0.000000	276.720761	0.000000	10.0
295	-0.318201	276.301275	0.006507	8.0
296	-0.000000	275.883480	0.000000	6.6
297	-0.414632	275.467366	0.005292	6.6
298	-0.000000	275.052922	0.000000	6.6
299	-0.916534	274.640136	0.008446	6.7
300	-0.000000	274.228998	0.000000	6.7
301	-0.619229	273.819497	0.004902	6.9
302	-0.000000	273.411623	0.000000	6.4
303	-0.540085	273.005365	0.007587	6.8
304	-0.061243	272.600712	0.000942	6.8
305	-0.339987	272.197655	0.005932	6.6
306	-0.453792	271.796184	0.003471	6.8
307	-0.206854	271.396287	0.001457	6.8
308	-0.006325	270.997956	0.000101	11.0
309	-0.000000	270.601180	0.000000	11.9
310	-0.000000	270.205949	0.000000	6.4
311	-0.000000	269.812254	0.000000	6.7
312	-0.415085	269.420085	0.005390	6.6
313	-0.872719	269.029432	0.010566	6.5
314	-0.000000	268.640287	0.000000	6.6
315	-0.240235	268.252638	0.003914	6.9
316	-0.493430	267.866478	0.005491	6.9
317	-0.375250	267.481796	0.005660	7.0
318	-0.756620	267.098584	0.006726	6.8
319	-0.016779	266.716833	0.002595	6.6
320	-0.335521	266.336533	0.003563	8.8
321	-0.588571	265.957676	0.007452	11.9
322	-0.416220	265.580253	0.003806	8.7
323	-0.145297	265.204254	0.002653	12.1
324	-1.005505	264.829672	0.009337	6.8
325	-0.840509	264.456497	0.012204	7.2
326	-0.746438	264.084721	0.011749	6.8
327	-0.874549	263.714335	0.009999	6.4
328	-0.621802	263.345332	0.006034	6.2
329	-0.296925	262.977702	0.006424	6.7
330	-0.684776	262.611438	0.011944	9.7
331	-0.000000	262.246531	0.000000	6.6
332	-0.000000	261.882973	0.000000	10.1
333	-0.634488	261.520756	0.007871	8.0
334	-0.000000	261.159871	0.000000	12.2
335	-0.391145	260.800312	0.006617	7.7
336	-0.338600	260.442070	0.004281	6.8
337	-0.000000	260.085137	0.000000	11.8
338	-0.494228	259.729505	0.004388	7.1
339	-0.000000	259.375167	0.000000	6.5
340	-0.355223	259.022116	0.004685	6.6
341	-0.481771	258.670343	0.008593	6.7
342	-0.000000	258.319841	0.000000	6.6
343	-0.636187	257.970602	0.008795	6.4
344	-0.335147	257.622620	0.004474	9.0
345	-0.367983	257.275887	0.004722	7.8
346	-0.000000	256.930396	0.000000	13.3
347	-0.544358	256.586139	0.006740	10.7
348	-0.106393	256.243109	0.002250	5.4
349	-0.996010	255.901300	0.006989	6.6
350	-0.000000	255.560703	0.000000	10.6
351	-0.397828	255.221313	0.006280	7.2
352	-0.989040	254.883122	0.007112	8.7
353	-0.311243	254.546124	0.006174	6.9
354	-0.273203	254.210311	0.007590	12.1
355	-0.000000	253.875677	0.000000	8.9
356	-0.000000	253.542215	0.000000	8.7
357	-0.000000	253.209918	0.000000	11.0
358	-0.572034	252.878781	0.008886	12.4
359	-0.495662	252.548795	0.007338	7.7
360	-0.000000	252.219956	0.000000	6.4
361	-0.291625	251.892255	0.003689	6.6
362	-0.000000	251.565688	0.000000	6.5
363	-0.173596	251.240247	0.001278	6.6
364	-0.787240	250.915926	0.010951	7.2
365	-0.382925	250.592720	0.009261	6.7
366	-0.000000	250.270621	0.000000	6.9
367	-0.792922	249.949624	0.006696	6.4
368	-0.647355	249.629723	0.007226	7.1
369	-0.000000	249.310911	0.000000	11.6
370	-0.718957	248.993182	0.008044	8.2
371	-0.000000	248.676531	0.000000	10.7
372	-0.000106	248.360952	0.000042	9.1
373	-0.539217	248.046438	0.008620	6.4
374	-0.000000	247.732984	0.000000	6.9
375	-0.322741	247.420584	0.003911	6.8
376	-0.001332	247.109233	0.000390	6.4
377	-0.000000	246.798924	0.000000	8.1
378	-0.294948	246.489652	0.003064	6.5
379	-0.122512	246.181412	0.001676	11.6
380	-0.158233	245.874197	0.002262	6.6
381	-0.434897	245.568002	0.003810	6.7
382	-0.741475	245.262822	0.009915	12.4
383	-0.805512	244.958652	0.009325	9.2
384	-0.012843	244.655485	0.000532	6.6
385	-0.000000	244.353317	0.000000	6.5
386	-0.229349	244.052142	0.001500	6.7
387	-1.042955	243.751955	0.008928	6.9
388	-0.747391	243.452750	0.006599	6.5
389	-0.721311	243.154523	0.005054	9.3
390	-0.319934	242.857268	0.003588	6.6
391	-0.421752	242.560980	0.006456	6.6
392	-0.000000	242.265654	0.000000	6.8
393	-0.000000	241.971285	0.000000	6.5
394	-0.000000	241.677868	0.000000	6.7
395	-0.116580	241.385397	0.000880	13.9
396	-0.919422	241.093869	0.009799	8.5
397	-0.000000	240.803278	0.000000	6.7
398	-0.694810	240.513619	0.006116	7.0
399	-0.726672	240.224887	0.007967	6.8
400	-0.907938	239.937077	0.010778	6.4
401	-0.000000	239.650186	0.000000	12.1
402	-0.000000	239.364207	0.000000	6.5
403	-0.000000	239.079136	0.000000	7.0
404	-0.643541	238.794969	0.004922	6.1
405	-0.000000	238.511701	0.000000	6.3
406	-0.059178	238.229327	0.000854	6.6
407	-0.000000	237.947843	0.000000	6.4
408	-0.938353	237.667244	0.009663	14.4
409	-0.834557	237.387526	0.008108	6.7
410	-0.363987	237.108684	0.007165	6.5
411	-0.793041	236.830714	0.005436	7.1
412	-0.546593	236.553610	0.003539	7.1
413	-0.395154	236.277370	0.004236	6.7
414	-0.280901	236.001989	0.003870	6.7
415	-0.984498	235.727461	0.007641	6.8
416	-0.000000	235.453784	0.000000	8.8
417	-0.000000	235.180952	0.000000	6.8
418	-0.269330	234.908962	0.004581	6.8
419	-0.381883	234.637809	0.009156	6.8
420	-0.581746	234.367488	0.004250	6.9
421	-0.000000	234.097997	0.000000	14.5
422	-0.297456	233.829331	0.004887	8.0
423	-0.539245	233.561485	0.005875	6.8
424	-0.291400	233.294456	0.005107	7.2
425	-0.000000	233.028239	0.000000	6.7
426	-0.000000	232.762831	0.000000	6.9
427	-0.006814	232.498228	0.000394	6.5
428	-0.000000	232.234425	0.000000	6.6
429	-0.000000	231.971419	0.000000	7.5
430	-0.610364	231.709205	0.007839	7.3
431	-0.000000	231.447781	0.000000	6.6
432	-0.720442	231.187141	0.004709	6.7
433	-0.957721	230.927283	0.009141	6.6
434	-0.197013	230.668202	0.003057	11.9
435	-0.145566	230.409895	0.000780	8.0
436	-0.000000	230.152358	0.000000	6.9
437	-0.000000	229.895587	0.000000	9.0
438	-0.489601	229.639578	0.007190	6.7
439	-0.452242	229.384329	0.008158	7.2
440	-0.000015	229.129834	0.000015	6.5
441	-0.277694	228.876091	0.004584	6.6
442	-0.322601	228.623096	0.003858	6.9
443	-0.271919	228.370846	0.005946	6.8
444	-0.000000	228.119336	0.000000	6.5
445	-0.650818	227.868563	0.008341	6.9
446	-0.194611	227.618525	0.005460	6.6
447	-0.612031	227.369216	0.008832	7.1
448	-0.917134	227.120635	0.011214	11.7
449	-0.000000	226.872777	0.000000	19.0
450	-0.000000	226.625638	0.000000	5.0
451	-0.663724	226.379217	0.009218	6.5
452	-0.000000	226.133509	0.000000	6.7
453	-0.281498	225.888510	0.003990	6.9
454	-0.000000	225.644218	0.000000	6.5
455	-0.000000	225.400630	0.000000	6.5
456	-0.001805	225.157741	0.000102	6.6
457	-0.764905	224.915549	0.011524	6.6
458	-0.816508	224.674051	0.009288	7.1
459	-0.000000	224.433242	0.000000	6.9
460	-0.000000	224.193121	0.000000	6.7
461	-0.013144	223.953684	0.000049	7.9
462	-0.000000	223.714927	0.000000	7.7
463	-0.449730	223.476848	0.007025	9.8
464	-0.338974	223.239444	0.005285	5.4
465	-0.478064	223.002710	0.006752	6.6
466	-0.804864	222.766645	0.008644	6.7
467	-0.755775	222.531245	0.006797	7.0
468	-0.912941	222.296508	0.010412	6.8
469	-0.007014	222.062429	0.000000	6.6
470	-0.000000	221.829007	0.000000	7.0
471	-0.953036	221.596238	0.010528	7.3
472	-0.000903	221.364119	0.000123	9.2
473	-0.472011	221.132647	0.005788	6.8
474	-0.013644	220.901820	0.000713	14.3
475	-0.095006	220.671634	0.004184	6.9
476	-0.243894	220.442086	0.002246	6.6
477	-0.000000	220.213174	0.000000	6.5
478	-0.482043	219.984895	0.006845	10.9
479	-0.744256	219.757246	0.005183	7.0
480	-0.000000	219.530224	0.000000	6.9
481	-0.000000	219.303826	0.000000	7.0
482	-0.304503	219.078050	0.003168	10.0
483	-0.000000	218.852893	0.000000	6.5
484	-0.483226	218.628352	0.003339	7.3
485	-0.721393	218.404424	0.006679	6.8
486	-0.430439	218.181106	0.006145	11.3
487	-0.000001	217.958397	0.000000	11.9
488	-0.273137	217.736292	0.002663	4.4
489	-0.785183	217.514790	0.006117	7.0
490	-0.347188	217.293888	0.008802	12.5
491	-0.779895	217.073584	0.006752	2.8
492	-0.728410	216.853873	0.005050	6.7
493	-0.712879	216.634755	0.007199	7.0
494	-0.735659	216.416227	0.012168	6.6
495	-0.426736	216.198285	0.006917	6.9
496	-0.395049	215.980927	0.007653	6.7
497	-0.000000	215.764151	0.000000	6.9
498	-0.376193	215.547955	0.005756	6.6
499	-0.064701	215.332335	0.000628	11.9
500	-0.000000	215.117289	0.000000	12.0
501	-0.262398	214.902815	0.001538	7.2
502	-0.367859	214.688911	0.004232	6.7
503	-0.118950	214.475573	0.000715	6.9
504	-0.000000	214.262800	0.000000	6.7
505	-0.131655	214.050588	0.002350	7.4
506	-0.000000	213.838936	0.000000	6.9
507	-0.000000	213.627842	0.000000	6.7
508	-0.920638	213.417302	0.007599	6.5
509	-0.797178	213.207314	0.006817	10.0
510	-0.270041	212.997877	0.007136	6.7
511	-0.126593	212.788987	0.002538	9.3
512	-0.848170	212.580642	0.006946	14.1
513	-0.821996	212.372841	0.009251	7.7
514	-0.377156	212.165581	0.004074	7.0
515	-0.000000	211.958859	0.000000	8.8
516	-0.102255	211.752673	0.001569	6.7
517	-0.016599	211.547021	0.000279	6.6
518	-0.146582	211.341902	0.002659	6.4
519	-0.854783	211.137311	0.007540	6.9
520	-0.648242	210.933248	0.007607	6.7
521	-0.466371	210.729710	0.011083	6.6
522	-0.000000	210.526695	0.000000	6.8
523	-0.846874	210.324200	0.011022	6.7
524	-0.943677	210.122224	0.006049	6.7
525	-0.000000	209.920765	0.000000	7.3
526	-0.308870	209.719820	0.003946	10.0
527	-0.000000	209.519387	0.000000	12.1
528	-0.918996	209.319463	0.012131	6.4
529	-0.898572	209.120048	0.006563	6.5
530	-0.873937	208.921139	0.008342	7.0
531	-0.000000	208.722733	0.000000	6.3
532	-0.766009	208.524829	0.009935	6.6
533	-0.980367	208.327425	0.003868	6.6
534	-0.738729	208.130518	0.007869	6.5
535	-0.181154	207.934107	0.003967	7.2
536	-0.201680	207.738189	0.003958	6.9
537	-0.471176	207.542762	0.009708	6.7
538	-0.982164	207.347825	0.008424	8.5
539	-0.849732	207.153376	0.005870	11.8
540	-0.095585	206.959412	0.000428	6.9
541	-0.096452	206.765932	0.003469	7.1
542	-0.518116	206.572933	0.011803	7.0
543	-0.802626	206.380414	0.007916	6.7
544	-0.149871	206.188373	0.005798	6.7
545	-0.000000	205.996807	0.000000	6.8
546	-0.437273	205.805716	0.006731	7.1
547	-0.864224	205.615096	0.007010	6.9
548	-0.506122	205.424946	0.010842	6.5
549	-0.514723	205.235265	0.005822	7.0
550	-0.572028	205.046050	0.007417	7.0
551	-0.000000	204.857299	0.000000	6.7
552	-0.656179	204.669011	0.010789	11.0
553	-0.292021	204.481184	0.007115	10.0
554	-0.000000	204.293816	0.000000	7.4
555	-0.000000	204.106905	0.000000	6.5
556	-0.229513	203.920449	0.005670	6.7
557	-0.000000	203.734447	0.000000	6.8
558	-0.524742	203.548896	0.009082	6.6
559	-0.000000	203.363795	0.000000	7.2
560	-0.348347	203.179143	0.004597	6.8
561	-0.612738	202.994937	0.005805	6.7
562	-0.158924	202.811176	0.001554	6.8
563	-0.000000	202.627857	0.000000	6.6
564	-0.434866	202.444980	0.003801	6.7
565	-0.481077	202.262543	0.005107	12.0
566	-0.000000	202.080543	0.000000	12.2
567	-0.628954	201.898979	0.003951	8.6
568	-0.203744	201.717849	0.004641	6.5
569	-0.582964	201.537153	0.008687	6.9
570	-0.701618	201.356887	0.005757	6.5
571	-0.159665	201.177050	0.003611	6.6
572	-0.419772	200.997642	0.006085	7.5
573	-0.677455	200.818659	0.009448	6.9
574	-0.944247	200.640100	0.005758	6.8
575	-0.892519	200.461965	0.015636	6.7
576	-0.781223	200.284250	0.007926	6.8
577	-0.701659	200.106955	0.007138	6.6
578	-0.000000	199.930078	0.000000	18.6
579	-0.549765	199.753617	0.012303	5.0
580	-0.000000	199.577571	0.000000	11.8
581	-0.000000	199.401938	0.000000	7.0
582	-0.717699	199.226717	0.005586	6.7
583	-0.524748	199.051905	0.004553	6.9
584	-0.000000	198.877502	0.000000	6.9
585	-0.012737	198.703506	0.000421	6.6
586	-0.661864	198.529916	0.006263	7.1
587	-0.175930	198.356729	0.004407	6.8
588	-0.222069	198.183944	0.005604	7.0
589	-0.006460	198.011560	0.000089	6.8
590	-0.624385	197.839576	0.004741	11.8
591	-0.000000	197.667989	0.000000	7.3
592	-0.000000	197.496798	0.000000	9.9
593	-0.470361	197.326002	0.003775	5.8
594	-0.526133	197.155600	0.004690	6.9
595	-0.000000	196.985589	0.000000	10.6
596	-0.474726	196.815969	0.004368	7.9
597	-0.000000	196.646738	0.000000	6.6
598	-0.000000	196.477894	0.000000	6.6
599	-0.000000	196.309436	0.000000	10.7
600	-0.703668	196.141363	0.008678	7.9
601	-0.024569	195.973673	0.000283	7.0
602	-0.928833	195.806365	0.008287	10.7
603	-0.931384	195.639437	0.009025	6.7
604	-0.020290	195.472888	0.000175	6.7
605	-0.000000	195.306717	0.000000	8.7
606	-0.000000	195.140922	0.000000	7.4
607	-0.093952	194.975501	0.002052	11.8
608	-0.752643	194.810454	0.006271	6.8
609	-0.461325	194.645779	0.002756	6.5
610	-0.000000	194.481475	0.000000	11.1
611	-0.525526	194.317540	0.006838	6.5
612	-0.084754	194.153973	0.001808	7.2
613	-0.225554	193.990773	0.002947	12.1
614	-0.114401	193.827938	0.002326	8.5
615	-0.624992	193.665467	0.004373	7.7
616	-0.235746	193.503358	0.004574	12.6
617	-0.271483	193.341611	0.003766	6.6
618	-0.684719	193.180224	0.005243	6.5
619	-0.353132	193.019196	0.005388	6.8
620	-0.739122	192.858525	0.008577	6.8
621	-0.536372	192.698210	0.007472	12.1
622	-0.489201	192.538251	0.009384	6.6
623	-0.597236	192.378644	0.008907	7.0
624	-0.671887	192.219391	0.006058	8.4
625	-1.001712	192.060488	0.007360	6.8
626	-0.357367	191.901935	0.008425	15.4
627	-0.325596	191.743730	0.002969	9.7
628	-0.000000	191.585873	0.000000	11.9
629	-1.037705	191.428362	0.008425	6.8
630	-1.062894	191.271196	0.011148	9.0
631	-0.789804	191.114374	0.009802	7.2
632	-0.677634	190.957893	0.008829	7.0
633	-0.141852	190.801755	0.001824	6.8
634	-0.180910	190.645956	0.004589	7.0
635	-0.508086	190.490495	0.008119	6.9
636	-0.138350	190.335373	0.005384	11.4
637	-0.401175	190.180587	0.005187	9.4
638	-0.690559	190.026136	0.006946	8.3
639	-0.569321	189.872019	0.007466	8.5
640	-0.312662	189.718235	0.004353	7.0
641	-0.518965	189.564782	0.010022	6.8
642	-0.000000	189.411661	0.000000	11.9
643	-0.285236	189.258868	0.001088	6.7
644	-0.000000	189.106404	0.000000	10.4
645	-0.299964	188.954267	0.004283	6.7
646	-0.000000	188.802456	0.000000	6.7
647	-0.491257	188.650969	0.006273	6.8
648	-0.827932	188.499807	0.007490	6.7
649	-0.413398	188.348967	0.005875	9.0
650	-0.309344	188.198448	0.001219	7.9
651	-0.000000	188.048250	0.000000	7.7
652	-0.000000	187.898371	0.000000	11.8
653	-0.000000	187.748810	0.000000	8.3
654	-0.260480	187.599566	0.003892	6.5
655	-0.281094	187.450638	0.005719	7.1
656	-0.000000	187.302025	0.000000	6.5
657	-0.555726	187.153725	0.007059	6.7
658	-0.000000	187.005739	0.000000	11.8
659	-0.708996	186.858064	0.006685	6.7
660	-0.502494	186.710699	0.004573	10.4
661	-1.045127	186.563645	0.011429	6.7
662	-0.748456	186.416898	0.007324	9.4
663	-0.329472	186.270459	0.007068	8.6
664	-0.711372	186.124326	0.008608	7.1
665	-0.532385	185.978499	0.006029	6.5
666	-0.249222	185.832976	0.004249	7.4
667	-1.011220	185.687756	0.011027	6.7
668	-0.861654	185.542838	0.010522	6.8
669	-0.276524	185.398222	0.003269	6.8
670	-0.009350	185.253906	0.000165	6.9
671	-0.000000	185.109889	0.000000	6.6
672	-0.226819	184.966170	0.002909	6.8
673	-0.000000	184.822748	0.000000	11.5
674	-0.460364	184.679623	0.004638	9.7
675	-0.663465	184.536792	0.006670	9.9
676	-0.000166	184.394256	0.000036	7.4
677	-0.456681	184.252013	0.008155	11.1
678	-0.588009	184.110062	0.010166	7.8
679	-0.287817	183.968403	0.001791	7.9
680	-0.069644	183.827034	0.003350	6.8
681	-0.000000	183.685954	0.000000	6.6
682	-0.000000	183.545163	0.000000	6.7
683	-0.825102	183.404658	0.008224	6.9
684	-1.007006	183.264441	0.015011	6.8
685	-0.143847	183.124509	0.002521	6.8
686	-0.190056	182.984861	0.004571	6.7
687	-0.542025	182.845497	0.007725	6.9
688	-0.420946	182.706416	0.004755	7.1
689	-0.604202	182.567616	0.006588	18.0
690	-0.468303	182.429098	0.008302	2.6
691	-0.000000	182.290859	0.000000	6.5
692	-0.000000	182.152899	0.000000	6.4
693	-0.799889	182.015217	0.007476	6.6
694	-0.000000	181.877813	0.000000	6.3
695	-1.042764	181.740684	0.004919	7.2
696	-0.719660	181.603832	0.007731	7.0
697	-0.516735	181.467253	0.005896	6.6
698	-0.326669	181.330948	0.002511	12.0
699	-0.000000	181.194916	0.000000	7.2
700	-0.539231	181.059155	0.005983	12.1
701	-0.000000	180.923666	0.000000	10.0
702	-0.070471	180.788446	0.000576	8.1
703	-0.000000	180.653496	0.000000	7.8
704	-0.971005	180.518814	0.008045	6.7
705	-0.000000	180.384399	0.000000	6.8
706	-0.008492	180.250251	0.000182	6.9
707	-0.503305	180.116369	0.004618	6.5
708	-0.617099	179.982752	0.006245	6.7
709	-1.028615	179.849398	0.005285	10.3
710	-0.340161	179.716308	0.009645	6.8
711	-0.788616	179.583480	0.007680	8.9
712	-0.769545	179.450913	0.010064	6.8
713	-0.000000	179.318607	0.000000	12.5
714	-0.000000	179.186561	0.000000	6.6
715	-0.743870	179.054774	0.006804	6.7
716	-0.322791	178.923245	0.005403	6.9
717	-0.840867	178.791973	0.009559	6.8
718	-0.799897	178.660958	0.010980	6.7
719	-0.487433	178.530199	0.009762	6.6
720	-0.653132	178.399694	0.006833	7.8
721	-0.423779	178.269444	0.007807	6.9
722	-0.994706	178.139447	0.007780	9.1
723	-0.951906	178.009702	0.006359	6.7
724	-0.000000	177.880209	0.000000	7.2
725	-0.033349	177.750967	0.000120	7.0
726	-0.570934	177.621975	0.005356	10.6
727	-0.773260	177.493232	0.008752	7.8
728	-0.625370	177.364738	0.007901	12.1
729	-0.821599	177.236492	0.008935	8.4
730	-0.175650	177.108492	0.005137	8.1
731	-0.916625	176.980739	0.010734	6.9
732	-0.864576	176.853231	0.003713	6.9
733	-0.069999	176.725968	0.001583	6.4
734	-0.396509	176.598949	0.004039	6.6
735	-0.000000	176.472173	0.000000	6.5
736	-0.000000	176.345639	0.000000	6.3
737	-0.580028	176.219348	0.007662	6.6
738	-0.000000	176.093296	0.000000	11.7
739	-0.198356	175.967486	0.000616	10.0
740	-0.472425	175.841914	0.009561	7.4
741	-0.447353	175.716581	0.003287	7.5
742	-0.000000	175.591486	0.000000	6.3
743	-0.309577	175.466629	0.001390	6.8
744	-0.390220	175.342008	0.006577	6.9
745	-0.650748	175.217622	0.006432	11.7
746	-0.000000	175.093472	0.000000	6.6
747	-0.601249	174.969556	0.006703	6.9
748	-0.000000	174.845873	0.000000	6.9
749	-0.354641	174.722423	0.005137	6.5
750	-0.170231	174.599206	0.003646	6.9
751	-0.350391	174.476220	0.006155	12.9
752	-0.000000	174.353464	0.000000	7.6
753	-0.338243	174.230939	0.003103	7.4
754	-0.990419	174.108643	0.008268	6.9
755	-0.631532	173.986576	0.007604	7.7
756	-0.000000	173.864737	0.000000	7.9
757	-1.016951	173.743124	0.006706	6.6
758	-0.437796	173.621739	0.006202	6.5
759	-1.056967	173.500579	0.007830	6.9
760	-0.732688	173.379645	0.006399	10.9
761	-0.000000	173.258935	0.000000	6.7
762	-0.000000	173.138449	0.000000	6.7
763	-0.873419	173.018186	0.008921	18.6
764	-0.367379	172.898146	0.003739	7.9
765	-0.413391	172.778327	0.004399	13.6
766	-0.276248	172.658730	0.004587	12.9
767	-0.000000	172.539353	0.000000	16.6
768	-0.744605	172.420196	0.003421	14.5
769	-0.746724	172.301258	0.009318	11.9
770	-0.000000	172.182539	0.000000	12.1
771	-0.903425	172.064037	0.009025	10.0
772	-0.000000	171.945753	0.000000	13.1
773	-0.569111	171.827686	0.005007	11.2
774	-0.000000	171.709834	0.000000	14.6
775	-0.000000	171.592198	0.000000	12.1
776	-0.952099	171.474776	0.011425	12.1
777	-0.780958	171.357568	0.009356	11.5
778	-0.660586	171.240574	0.005588	11.9
779	-0.732093	171.123793	0.007574	12.0
780	-0.000000	171.007223	0.000000	14.5
781	-0.875489	170.890865	0.009215	12.4
782	-0.427137	170.774718	0.006344	9.5
783	-0.110396	170.658782	0.003072	12.1
784	-0.000000	170.543055	0.000000	12.3
785	-0.584127	170.427537	0.006316	14.2
786	-0.248048	170.312227	0.003405	12.3
787	-0.611781	170.197125	0.007015	9.3
788	-0.239782	170.082231	0.003269	16.1
789	-0.307274	169.967543	0.008251	13.1
790	-0.241919	169.853061	0.006245	10.0
791	-0.448450	169.738784	0.005707	14.3
792	-0.000000	169.624713	0.000000	10.2
793	-0.196938	169.510845	0.002612	12.5
794	-0.893180	169.397181	0.007258	9.3
795	-1.044947	169.283720	0.008112	12.2
796	-0.032740	169.170462	0.001897	17.2
797	-0.626020	169.057405	0.004505	9.4
798	-0.031067	168.944549	0.001909	10.8
799	-0.606649	168.831895	0.005677	12.3
800	-1.013002	168.719440	0.006429	11.6
801	-0.000000	168.607185	0.000000	16.1
802	-0.077735	168.495129	0.002325	12.2
803	-0.749020	168.383271	0.006941	13.1
804	-0.736757	168.271611	0.009192	16.6
805	-0.993268	168.160148	0.004343	9.7
806	-0.256275	168.048882	0.005639	11.9
807	-0.418201	167.937812	0.005579	7.7
808	-0.012955	167.826938	0.000819	7.7
809	-0.708460	167.716258	0.006431	11.8
810	-0.002464	167.605773	0.000026	14.5
811	-0.000000	167.495482	0.000000	13.2
812	-0.014700	167.385384	0.001835	14.3
813	-0.000000	167.275479	0.000000	10.1
814	-0.196909	167.165766	0.005326	15.2
815	-0.414329	167.056245	0.005529	9.7
816	-0.810687	166.946915	0.007982	12.4
817	-1.012444	166.837776	0.010929	11.2
818	-0.000000	166.728826	0.000000	12.0
819	-0.871194	166.620067	0.009326	11.7
820	-0.000000	166.511496	0.000000	12.8
821	-0.000000	166.403113	0.000000	11.7
822	-0.782383	166.294919	0.007271	14.3
823	-0.370593	166.186912	0.007073	12.2
824	-0.233384	166.079091	0.005365	12.9
825	-0.539795	165.971458	0.004099	13.8
826	-0.622086	165.864009	0.005539	11.8
827	-0.644116	165.756747	0.006641	13.0
828	-0.000000	165.649669	0.000000	12.7
829	-0.185295	165.542775	0.008052	15.7
830	-0.079495	165.436065	0.001513	14.6
831	-0.076758	165.329538	0.002337	10.0
832	-0.749071	165.223194	0.009248	14.7
833	-0.101486	165.117032	0.003970	8.1
834	-0.914611	165.011052	0.003994	11.8
835	-0.901080	164.905253	0.012779	12.0
836	-0.039345	164.799635	0.001395	11.9
837	-0.109927	164.694197	0.000986	15.2
838	-0.333355	164.588939	0.012457	6.7
839	-0.342531	164.483859	0.006461	6.8
840	-0.000000	164.378959	0.000000	6.7
841	-0.081267	164.274237	0.001366	6.7
842	-0.964124	164.169692	0.012405	7.1
843	-0.000000	164.065325	0.000000	6.8
844	-0.017422	163.961135	0.000486	6.7
845	-0.000000	163.857120	0.000000	6.7
846	-0.450570	163.753282	0.004498	8.2
847	-0.214208	163.649619	0.003773	9.6
848	-0.171283	163.546130	0.001683	6.8
849	-0.001825	163.442816	0.000718	7.0
850	-0.001405	163.339676	0.000126	11.5
851	-0.709094	163.236709	0.007174	6.7
852	-0.715719	163.133915	0.005837	7.7
853	-0.714510	163.031294	0.008405	6.7
854	-0.842920	162.928844	0.007843	6.8
855	-0.000000	162.826566	0.000000	6.8
856	-0.305823	162.724459	0.003854	6.7
857	-0.000000	162.622523	0.000000	11.1
858	-0.479119	162.520757	0.007782	6.8
859	-0.897381	162.419160	0.004732	8.5
860	-0.465304	162.317733	0.006346	7.0
861	-0.568013	162.216474	0.008390	7.0
862	-0.000000	162.115383	0.000000	8.1
863	-0.604842	162.014461	0.003711	12.1
864	-0.000000	161.913705	0.000000	6.6
865	-0.000000	161.813117	0.000000	6.9
866	-0.158978	161.712695	0.001652	6.9
867	-0.321995	161.612439	0.005587	6.7
868	-0.572090	161.512349	0.007494	6.9
869	-0.021389	161.412424	0.001131	6.6
870	-0.000006	161.312663	0.000005	7.1
871	-0.063015	161.213067	0.003490	6.5
872	-0.783210	161.113635	0.005867	11.9
873	-0.000000	161.014366	0.000000	9.1
874	-0.502341	160.915260	0.008679	6.8
875	-0.431606	160.816316	0.008096	8.8
876	-1.052205	160.717535	0.009960	6.8
877	-0.168933	160.618915	0.002813	9.3
878	-0.366663	160.520456	0.004162	6.7
879	-0.619174	160.422158	0.005730	6.8
880	-0.842462	160.324021	0.010271	7.0
881	-0.980345	160.226043	0.013185	6.5
882	-0.000000	160.128225	0.000000	6.8
883	-0.099371	160.030566	0.002903	6.6
884	-0.000000	159.933066	0.000000	8.2
885	-0.385986	159.835723	0.007673	10.8
886	-0.465624	159.738539	0.006560	6.6
887	-0.704776	159.641512	0.008133	7.0
888	-0.661017	159.544642	0.008399	12.6
889	-0.978453	159.447929	0.006862	17.9
890	-0.591656	159.351372	0.008780	3.6
891	-0.000000	159.254971	0.000000	11.1
892	-0.182304	159.158725	0.003973	6.4
893	-0.355941	159.062634	0.007126	6.7
894	-0.000000	158.966697	0.000000	6.4
895	-0.000000	158.870915	0.000000	6.3
896	-0.081045	158.775286	0.000296	10.5
897	-0.000000	158.679811	0.000000	8.2
898	-0.000000	158.584489	0.000000	7.1
899	-0.000000	158.489319	0.000000	6.8
900	-0.574496	158.394302	0.005286	6.7
901	-0.132435	158.299436	0.002526	6.5
902	-0.857581	158.204721	0.002812	6.6
903	-0.553447	158.110158	0.004449	10.0
904	-0.342057	158.015745	0.002524	6.7
905	-0.000000	157.921482	0.000000	6.5
906	-0.682407	157.827369	0.011669	7.0
907	-0.000000	157.733406	0.000000	6.5
908	-0.923457	157.639591	0.010622	8.9
909	-0.563863	157.545925	0.004335	12.6
910	-0.468510	157.452408	0.004174	9.0
911	-0.086178	157.359038	0.002318	10.3
912	-0.784813	157.265816	0.010260	7.6
913	-0.955436	157.172741	0.013451	7.2
914	-0.262149	157.079813	0.003454	6.6
915	-0.403659	156.987031	0.002236	6.8
916	-0.000000	156.894395	0.000000	6.7
917	-0.858525	156.801904	0.005484	7.2
918	-0.483571	156.709559	0.010683	7.0
919	-0.000000	156.617359	0.000000	6.7
920	-0.604941	156.525304	0.009611	7.0
921	-0.000000	156.433392	0.000000	6.7
922	-0.000000	156.341624	0.000000	12.0
923	-0.462665	156.250000	0.005383	8.2
924	-0.880546	156.158519	0.005252	6.6
925	-0.295884	156.067180	0.000991	6.7
926	-1.097978	155.975984	0.009012	6.5
927	-0.000000	155.884930	0.000000	6.5
928	-0.030814	155.794017	0.000156	7.4
929	-0.000008	155.703246	0.000003	5.3
930	-0.365726	155.612615	0.003866	6.2
931	-0.000000	155.522125	0.000000	6.6
932	-1.025177	155.431775	0.007800	11.6
933	-0.499762	155.341565	0.008724	9.7
934	-0.281163	155.251495	0.002655	12.3
935	-0.821165	155.161563	0.008628	8.3
936	-0.000000	155.071771	0.000000	6.5
937	-0.000000	154.982117	0.000000	6.5
938	-0.421153	154.892601	0.006695	12.4
939	-0.725977	154.803222	0.013816	7.3
940	-0.415236	154.713981	0.004283	6.3
941	-0.622951	154.624878	0.005886	6.6
942	-0.360927	154.535910	0.007831	6.6
943	-0.199547	154.447080	0.003355	6.7
944	-0.789384	154.358385	0.007623	6.9
945	-0.000000	154.269826	0.000000	6.5
946	-0.000000	154.181402	0.000000	6.6
947	-0.383212	154.093114	0.006885	8.6
948	-0.885705	154.004960	0.007956	8.9
949	-0.560699	153.916940	0.006074	6.6
950	-0.013128	153.829054	0.001031	6.7
951	-0.288492	153.741303	0.009186	6.3
952	-0.674172	153.653684	0.015684	6.5
953	-0.089715	153.566198	0.002935	6.8
954	-0.096009	153.478846	0.002482	7.0
955	-0.265385	153.391625	0.001434	6.7
956	-0.412815	153.304537	0.003682	6.8
957	-0.175725	153.217580	0.004328	7.0
958	-0.700089	153.130755	0.006798	6.7
959	-0.872511	153.044061	0.006029	6.8
960	-0.855161	152.957498	0.014937	6.4
961	-0.902260	152.871065	0.007672	6.6
962	-0.263290	152.784762	0.005793	8.3
963	-0.212698	152.698589	0.003624	11.9
964	-0.518549	152.612545	0.004994	6.6
965	-0.000000	152.526631	0.000000	11.9
966	-0.542047	152.440845	0.004036	9.3
967	-0.543261	152.355188	0.007290	11.7
968	-0.019629	152.269660	0.000385	6.7
969	-0.383521	152.184259	0.004086	6.9
970	-0.000000	152.098986	0.000000	7.0
971	-0.935596	152.013840	0.008948	6.7
972	-0.159542	151.928821	0.002313	7.0
973	-0.483119	151.843928	0.005876	12.7
974	-0.987946	151.759163	0.009928	8.0
975	-0.085835	151.674523	0.002582	6.8
976	-0.994543	151.590009	0.010712	6.9
977	-0.260643	151.505620	0.004403	6.7
978	-0.264611	151.421357	0.005482	6.5
979	-0.552972	151.337218	0.006855	6.8
980	-1.032248	151.253204	0.004985	6.8
981	-0.531578	151.169314	0.004877	6.6
982	-0.816271	151.085549	0.008600	6.8
983	-0.751391	151.001907	0.010444	6.7
984	-0.000001	150.918388	0.000001	6.8
985	-0.271991	150.834992	0.008764	6.8
986	-0.000000	150.751719	0.000000	9.2
987	-0.938494	150.668569	0.011775	12.9
988	-0.000000	150.585541	0.000000	7.7
989	-1.050367	150.502634	0.014177	6.6
990	-0.336644	150.419849	0.004407	7.0
991	-0.161744	150.337186	0.004154	13.1
992	-0.000000	150.254644	0.000000	6.5
993	-0.244109	150.172222	0.003937	6.7
994	-0.707013	150.089921	0.007355	6.4
995	-0.327893	150.007740	0.007886	6.6
996	-0.529492	149.925679	0.007763	7.0
997	-0.938966	149.843737	0.005782	6.6
998	-0.806701	149.761915	0.006210	8.3
999	-0.813952	149.680212	0.008802	12.4
1000	-0.369200	149.598627	0.008501	7.3
1001	-0.111287	149.517161	0.002550	6.6
1002	-0.000000	149.435814	0.000000	7.1
1003	-0.472412	149.354584	0.009355	6.8
1004	-0.534343	149.273472	0.008543	6.6
1005	-0.283536	149.192477	0.003794	6.6
1006	-0.000000	149.111599	0.000000	6.6
1007	-0.864904	149.030838	0.006414	7.2
1008	-0.530264	148.950194	0.010487	8.6
1009	-0.158670	148.869666	0.004517	6.7
1010	-0.000000	148.789253	0.000000	9.4
1011	-0.859642	148.708957	0.010539	6.6
1012	-0.287369	148.628776	0.002385	9.2
1013	-0.553863	148.548710	0.003299	7.2
1014	-0.303433	148.468759	0.003863	6.7
1015	-0.637506	148.388923	0.007443	10.0
1016	-0.404139	148.309201	0.006499	6.8
1017	-0.141364	148.229594	0.002030	9.6
1018	-0.000000	148.150100	0.000000	14.8
1019	-0.000000	148.070719	0.000000	8.9
1020	-0.956203	147.991452	0.012157	6.6
1021	-0.182149	147.912298	0.002654	6.7
1022	-0.190947	147.833257	0.005002	7.2
1023	-0.303000	147.754329	0.003343	6.8
1024	-0.156130	147.675512	0.004826	12.1
1025	-0.087410	147.596808	0.001993	13.1
1026	-0.701855	147.518216	0.004387	6.7
1027	-0.034242	147.439735	0.000124	6.8
1028	-0.957938	147.361365	0.006356	9.2
1029	-0.881675	147.283106	0.004721	6.8
1030	-0.247562	147.204958	0.005749	6.6
1031	-0.340521	147.126920	0.006932	7.6
1032	-0.004290	147.048993	0.000143	9.3
1033	-0.000000	146.971175	0.000000	6.8
1034	-0.000000	146.893468	0.000000	6.5
1035	-0.000000	146.815869	0.000000	8.0
1036	-0.000000	146.738380	0.000000	16.0
1037	-0.229686	146.661000	0.003238	8.6
1038	-0.000000	146.583729	0.000000	13.7
1039	-0.444073	146.506566	0.004828	2.2
1040	-0.000000	146.429511	0.000000	7.3
1041	-0.791542	146.352565	0.008286	8.5
1042	-0.620524	146.275726	0.006278	7.3
1043	-0.185939	146.198994	0.003521	6.6
1044	-0.744664	146.122370	0.006221	9.3
1045	-0.560830	146.045853	0.005692	6.6
1046	-0.000000	145.969442	0.000000	6.7
1047	-0.345953	145.893139	0.004071	6.7
1048	-0.000000	145.816941	0.000000	11.9
1049	-0.000000	145.740849	0.000000	6.6
1050	-0.000000	145.664863	0.000000	6.9
1051	-0.803494	145.588983	0.007337	7.2
1052	-0.000000	145.513208	0.000000	6.5
1053	-0.000000	145.437538	0.000000	7.0
1054	-0.000000	145.361973	0.000000	6.5
1055	-0.000000	145.286513	0.000000	6.4
1056	-0.852012	145.211157	0.003575	6.8
1057	-0.945931	145.135905	0.011187	6.7
1058	-0.171523	145.060757	0.004335	7.1
1059	-0.000000	144.985712	0.000000	6.7
1060	-0.982283	144.910771	0.010786	6.7
1061	-0.800709	144.835934	0.009788	6.9
1062	-0.102736	144.761199	0.001085	10.0
1063	-0.969885	144.686567	0.004652	10.3
1064	-0.098598	144.612037	0.002557	10.8
1065	-0.024924	144.537610	0.000624	6.6
1066	-0.149440	144.463285	0.002789	7.0
1067	-0.467827	144.389062	0.009385	7.1
1068	-0.597118	144.314940	0.003871	7.4
1069	-0.387060	144.240920	0.010023	6.7
1070	-0.000000	144.167001	0.000000	6.9
1071	-0.356149	144.093182	0.004277	6.6
1072	-0.080503	144.019465	0.001341	6.7
1073	-0.000000	143.945848	0.000000	6.6
1074	-0.000000	143.872331	0.000000	6.7
1075	-0.891269	143.798914	0.006100	11.9
1076	-0.000000	143.725597	0.000000	12.6
1077	-0.274264	143.652380	0.003538	6.7
1078	-0.502368	143.579262	0.004545	6.8
1079	-0.405913	143.506243	0.006731	6.7
1080	-0.166399	143.433323	0.002777	6.6
1081	-0.727011	143.360502	0.008364	6.6
1082	-1.048693	143.287780	0.006297	11.1
1083	-0.343282	143.215155	0.009304	9.6
1084	-0.000000	143.142629	0.000000	6.9
1085	-0.000018	143.070201	0.000006	6.9
1086	-0.530085	142.997870	0.006490	12.0
1087	-0.356335	142.925637	0.005382	10.1
1088	-0.000000	142.853501	0.000000	6.6
1089	-0.000000	142.781462	0.000000	6.7
1090	-0.362639	142.709519	0.005661	7.1
1091	-0.000000	142.637674	0.000000	6.8
1092	-0.313820	142.565924	0.004354	12.5
1093	-0.122114	142.494271	0.002629	6.9
1094	-0.002677	142.422714	0.000149	7.5
1095	-0.836934	142.351252	0.006983	6.7
1096	-0.915158	142.279886	0.006130	7.0
1097	-0.834411	142.208616	0.006485	6.7
1098	-0.770688	142.137440	0.011773	7.1
1099	-0.640255	142.066360	0.004625	9.6
1100	-0.000000	141.995374	0.000000	6.9
1101	-0.835558	141.924483	0.007495	9.0
1102	-0.000000	141.853685	0.000000	6.6
1103	-1.043467	141.782983	0.007880	7.0
1104	-0.319484	141.712373	0.006765	6.7
1105	-0.000000	141.641858	0.000000	6.6
1106	-0.000000	141.571436	0.000000	6.6
1107	-0.201741	141.501108	0.002178	9.8
1108	-0.483955	141.430872	0.004921	11.7
1109	-0.350572	141.360730	0.010796	12.7
1110	-0.000000	141.290680	0.000000	2.9
1111	-0.000000	141.220722	0.000000	6.7
1112	-0.252788	141.150857	0.001436	9.7
1113	-0.829374	141.081084	0.005836	8.3
1114	-0.000000	141.011403	0.000000	6.7
1115	-0.473985	140.941813	0.006270	6.9
1116	-0.712635	140.872315	0.006328	7.0
1117	-0.000000	140.802909	0.000000	7.2
1118	-0.057422	140.733593	0.001688	11.0
1119	-0.217660	140.664369	0.003681	6.8
1120	-0.000000	140.595235	0.000000	7.1
1121	-0.000343	140.526192	0.000064	6.9
1122	-0.000000	140.457239	0.000000	7.2
1123	-0.353474	140.388376	0.008106	6.9
1124	-0.865309	140.319603	0.007107	6.8
1125	-0.000000	140.250920	0.000000	10.7
1126	-0.445010	140.182326	0.007022	6.8
1127	-0.000000	140.113822	0.000000	6.6
1128	-0.000000	140.045407	0.000000	6.8
1129	-0.314604	139.977081	0.009493	6.3
1130	-0.652757	139.908844	0.007971	6.5
1131	-0.000000	139.840696	0.000000	6.9
1132	-0.534092	139.772635	0.006237	6.4
1133	-0.413722	139.704664	0.006885	6.8
1134	-0.000000	139.636780	0.000000	6.7
1135	-0.407501	139.568984	0.006484	7.4
1136	-1.134246	139.501276	0.010748	6.6
1137	-0.525574	139.433655	0.004310	6.9
1138	-0.648887	139.366122	0.006702	7.0
1139	-0.625506	139.298676	0.010580	11.1
1140	-0.143762	139.231317	0.003054	7.3
1141	-0.000002	139.164045	0.000001	6.5
1142	-0.377181	139.096859	0.006244	9.9
1143	-0.926529	139.029760	0.008057	5.1
1144	-0.000000	138.962747	0.000000	7.9
1145	-0.109030	138.895820	0.000987	18.9
1146	-0.355142	138.828978	0.007391	4.0
1147	-0.461907	138.762223	0.011907	7.3
1148	-0.843268	138.695553	0.005271	8.6
1149	-0.817477	138.628969	0.005813	7.0
1150	-0.044114	138.562469	0.001715	6.8
1151	-0.254791	138.496055	0.003523	10.1
1152	-0.602502	138.429725	0.005359	8.0
1153	-0.000000	138.363481	0.000000	7.7
1154	-0.812515	138.297320	0.007659	8.1
1155	-0.000002	138.231244	0.000002	11.7
1156	-0.334580	138.165252	0.005240	6.7
1157	-0.801140	138.099344	0.006590	6.5
1158	-0.619236	138.033520	0.006168	6.5
1159	-0.000000	137.967779	0.000000	6.7
1160	-0.100297	137.902122	0.003269	11.6
1161	-0.288150	137.836548	0.001793	6.2
1162	-0.572217	137.771057	0.007181	6.4
1163	-0.000000	137.705649	0.000000	11.8
1164	-0.519926	137.640324	0.009025	12.1
1165	-0.227107	137.575081	0.005691	8.9
1166	-0.711962	137.509921	0.009367	6.8
1167	-0.737098	137.444842	0.007167	7.1
1168	-0.474045	137.379846	0.006828	10.1
1169	-0.623472	137.314932	0.006080	7.7
1170	-0.836544	137.250100	0.010428	11.1
1171	-0.000000	137.185349	0.000000	6.4
1172	-1.016541	137.120680	0.010615	6.8
1173	-0.810946	137.056092	0.008192	6.8
1174	-0.230609	136.991585	0.003037	8.0
1175	-0.917980	136.927158	0.010408	12.3
1176	-0.044196	136.862813	0.001423	6.7
1177	-0.000000	136.798548	0.000000	6.7
1178	-0.577889	136.734363	0.006234	6.8
1179	-0.559133	136.670259	0.004415	6.6
1180	-0.818314	136.606235	0.007340	7.0
1181	-0.000000	136.542291	0.000000	11.1
1182	-1.006790	136.478426	0.004474	6.4
1183	-0.395513	136.414641	0.004248	6.5
1184	-0.000000	136.350936	0.000000	6.2
1185	-0.000000	136.287310	0.000000	6.8
1186	-0.691689	136.223763	0.004945	7.0
1187	-0.000000	136.160295	0.000000	6.7
1188	-0.873165	136.096905	0.007070	10.3
1189	-0.837830	136.033594	0.004337	7.9
1190	-0.695492	135.970362	0.005780	7.3
1191	-0.831858	135.907208	0.007048	7.1
1192	-0.000000	135.844133	0.000000	9.4
1193	-0.112891	135.781135	0.001171	4.4
1194	-0.813571	135.718215	0.011849	6.7
1195	-0.000000	135.655373	0.000000	12.0
1196	-0.238897	135.592608	0.005144	6.1
1197	-0.000000	135.529921	0.000000	6.6
1198	-0.000000	135.467311	0.000000	6.3
1199	-0.045680	135.404778	0.000904	6.9
1200	-0.000002	135.342322	0.000000	6.3
1201	-0.441319	135.279942	0.005099	11.9
1202	-0.207095	135.217640	0.001203	7.0
1203	-0.807988	135.155413	0.007729	6.9
1204	-0.000000	135.093263	0.000000	7.0
1205	-0.384809	135.031190	0.005664	6.5
1206	-0.000000	134.969192	0.000000	6.8
1207	-0.000801	134.907270	0.000344	6.2
1208	-0.959392	134.845424	0.010228	6.3
1209	-0.229459	134.783653	0.003247	6.7
1210	-0.000000	134.721958	0.000000	6.6
1211	-0.265387	134.660338	0.003426	6.8
1212	-0.550757	134.598793	0.007202	6.9
1213	-0.192399	134.537323	0.004080	6.5
1214	-0.799896	134.475927	0.008157	6.9
1215	-0.000000	134.414607	0.000000	9.7
1216	-0.244065	134.353361	0.001444	7.4
1217	-0.000000	134.292189	0.000000	8.2
1218	-0.346563	134.231092	0.004851	6.7
1219	-0.424187	134.170068	0.003602	7.2
1220	-0.776161	134.109119	0.011259	8.5
1221	-0.710707	134.048243	0.007949	17.0
1222	-0.159935	133.987441	0.002195	2.9
1223	-0.219197	133.926713	0.002397	7.2
1224	-0.000000	133.866057	0.000000	11.8
1225	-0.993791	133.805475	0.004826	6.7
1226	-0.141303	133.744966	0.003747	7.7
1227	-0.000000	133.684530	0.000000	7.9
1228	-0.175416	133.624167	0.003948	9.1
1229	-0.322961	133.563877	0.007545	6.5
1230	-0.621672	133.503658	0.011062	6.6
1231	-0.056244	133.443513	0.000344	7.1
1232	-0.000000	133.383439	0.000000	7.0
1233	-0.105978	133.323437	0.000882	7.0
1234	-0.355251	133.263508	0.006521	6.9
1235	-0.778257	133.203650	0.007541	6.7
1236	-0.237443	133.143864	0.004281	10.7
1237	-0.415369	133.084149	0.004078	7.1
1238	-0.544486	133.024506	0.003828	6.9
1239	-0.521619	132.964934	0.006372	6.9
1240	-0.102691	132.905433	0.000452	10.8
1241	-0.481476	132.846003	0.006389	7.0
1242	-0.002261	132.786643	0.000169	6.8
1243	-0.768554	132.727355	0.007277	6.7
1244	-0.262199	132.668137	0.003601	6.6
1245	-0.000000	132.608989	0.000000	8.6
1246	-0.000000	132.549912	0.000000	6.8
1247	-0.000602	132.490904	0.000062	9.1
1248	-0.000000	132.431967	0.000000	11.2
1249	-0.000000	132.373100	0.000000	6.6
1250	-0.953249	132.314302	0.005069	6.6
1251	-0.026236	132.255574	0.000422	6.7
1252	-0.228367	132.196916	0.002807	6.6
1253	-0.336795	132.138326	0.006185	12.8
1254	-0.352787	132.079806	0.005159	6.9
1255	-0.695563	132.021355	0.010251	10.4
1256	-0.000000	131.962973	0.000000	5.9
1257	-0.802732	131.904660	0.008837	6.7
1258	-0.000000	131.846415	0.000000	6.7
1259	-0.410057	131.788239	0.004799	6.6
1260	-0.709021	131.730131	0.006846	6.8
1261	-0.646046	131.672092	0.005000	6.8
1262	-0.580440	131.614121	0.005037	6.6
1263	-0.000000	131.556217	0.000000	11.5
1264	-0.000000	131.498382	0.000000	6.6
1265	-0.615383	131.440614	0.005125	7.2
1266	-0.923771	131.382914	0.005178	11.6
1267	-0.593534	131.325282	0.009515	12.0
1268	-0.447119	131.267717	0.004849	6.6
1269	-0.910517	131.210219	0.006802	6.7
1270	-0.676542	131.152788	0.004744	6.8
1271	-0.000000	131.095424	0.000000	6.6
1272	-0.000000	131.038127	0.000000	12.2
1273	-0.000000	130.980897	0.000000	6.9
1274	-0.771038	130.923733	0.008437	6.9
1275	-0.347675	130.866636	0.005074	6.7
1276	-0.000000	130.809605	0.000000	7.0
1277	-0.437613	130.752641	0.009362	6.9
1278	-0.184701	130.695742	0.007648	10.1
1279	-0.114886	130.638910	0.002266	12.0
1280	-0.139033	130.582143	0.001712	7.2
1281	-0.674200	130.525442	0.005652	6.9
1282	-0.000000	130.468807	0.000000	6.8
1283	-0.527444	130.412237	0.004288	6.7
1284	-0.000000	130.355733	0.000000	6.7
1285	-0.940762	130.299294	0.007187	7.8
1286	-0.000000	130.242920	0.000000	6.8
1287	-0.000307	130.186611	0.000115	6.7
1288	-0.159130	130.130366	0.004612	6.7
1289	-0.309540	130.074187	0.003562	6.7
1290	-0.107470	130.018072	0.001325	6.9
1291	-0.838167	129.962022	0.006892	13.1
1292	-0.739453	129.906036	0.006551	6.5
1293	-0.000000	129.850114	0.000000	7.7
1294	-0.895905	129.794257	0.007174	6.7
1295	-0.212074	129.738463	0.003843	7.7
1296	-0.217204	129.682734	0.003785	6.9
1297	-0.610659	129.627068	0.006056	6.8
1298	-0.300168	129.571466	0.002488	12.7
1299	-0.000000	129.515927	0.000000	11.1
1300	-0.056417	129.460452	0.000776	7.1
1301	-0.000239	129.405040	0.000025	6.6
1302	-0.369265	129.349692	0.003398	6.8
1303	-0.000020	129.294406	0.000019	11.1
1304	-0.203452	129.239183	0.004888	6.8
1305	-0.489442	129.184024	0.005767	6.8
1306	-0.314473	129.128927	0.005392	7.3
1307	-0.349108	129.073892	0.003883	6.8
1308	-0.390559	129.018921	0.006322	6.9
1309	-0.000000	128.964011	0.000000	6.8
1310	-0.349851	128.909164	0.002165	6.6
1311	-0.808276	128.854379	0.007176	6.2
1312	-0.442286	128.799656	0.007214	9.1
1313	-0.055509	128.744995	0.000530	6.8
1314	-0.903018	128.690396	0.006016	12.2
1315	-0.068094	128.635858	0.002183	12.2
1316	-0.639246	128.581382	0.006117	7.9
1317	-0.354159	128.526968	0.006996	7.1
1318	-0.980598	128.472615	0.012314	6.7
1319	-0.577601	128.418323	0.007818	10.6
1320	-0.000000	128.364092	0.000000	6.3
1321	-0.000000	128.309922	0.000000	6.9
1322	-0.191228	128.255814	0.002612	6.5
1323	-0.690825	128.201766	0.004149	7.0
1324	-0.660836	128.147778	0.008907	7.0
1325	-0.391250	128.093852	0.005089	9.6
1326	-0.105838	128.039985	0.001083	9.4
1327	-0.651462	127.986180	0.008274	7.0
1328	-0.659419	127.932434	0.006834	7.3
1329	-0.894506	127.878749	0.007182	11.9
1330	-0.000000	127.825123	0.000000	7.1
1331	-0.543953	127.771558	0.006437	6.9
1332	-0.548284	127.718052	0.007300	6.8
1333	-0.170391	127.664606	0.002647	7.0
1334	-0.322807	127.611220	0.005231	6.9
1335	-0.101541	127.557893	0.000932	7.4
1336	-0.568450	127.504625	0.005773	6.8
1337	-0.220595	127.451417	0.006039	6.6
1338	-0.077265	127.398268	0.002902	7.0
1339	-0.000000	127.345178	0.000000	9.3
1340	-0.613301	127.292147	0.007350	7.1
1341	-0.514072	127.239175	0.006169	7.0
1342	-0.513244	127.186261	0.005262	9.7
1343	-0.000000	127.133407	0.000000	7.5
1344	-0.000000	127.080610	0.000000	6.7
1345	-0.000000	127.027872	0.000000	6.9
1346	-0.395087	126.975193	0.004949	10.6
1347	-0.343503	126.922572	0.006590	7.1
1348	-0.853350	126.870008	0.006917	7.0
1349	-0.000000	126.817503	0.000000	11.2
1350	-0.844851	126.765056	0.005280	12.0
1351	-0.389842	126.712667	0.003495	7.4
1352	-0.109847	126.660335	0.002776	6.8
1353	-0.039155	126.608061	0.001035	14.1
1354	-0.000000	126.555844	0.000000	11.3
1355	-0.000000	126.503685	0.000000	6.5
1356	-0.411327	126.451583	0.006839	6.7
1357	-0.715727	126.399538	0.006405	6.4
1358	-0.386124	126.347550	0.004240	6.9
1359	-0.548673	126.295619	0.004252	6.7
1360	-0.589281	126.243745	0.004782	6.6
1361	-0.156814	126.191928	0.001413	10.1
1362	-0.276585	126.140168	0.003116	6.6
1363	-0.795951	126.088464	0.007822	6.6
1364	-0.000000	126.036817	0.000000	6.6
1365	-0.546881	125.985226	0.007119	6.6
1366	-0.764305	125.933691	0.006863	9.3
1367	-0.512837	125.882212	0.006602	8.0
1368	-0.169756	125.830790	0.004061	8.2
1369	-0.518539	125.779423	0.004843	6.7
1370	-0.120948	125.728113	0.003801	6.6
1371	-0.679357	125.676858	0.006155	6.7
1372	-0.000000	125.625659	0.000000	6.7
1373	-0.588038	125.574515	0.004913	6.7
1374	-0.702331	125.523427	0.004390	12.0
1375	-0.786222	125.472394	0.007411	12.1
1376	-0.000000	125.421417	0.000000	6.8
1377	-0.057120	125.370495	0.001112	6.7
1378	-1.108034	125.319628	0.009722	8.7
1379	-0.930937	125.268815	0.005987	8.4
1380	-0.513226	125.218058	0.007561	7.4
1381	-0.434911	125.167356	0.003980	6.7
1382	-0.996841	125.116708	0.006502	7.3
1383	-0.000912	125.066115	0.000024	6.7
1384	-0.002264	125.015576	0.000488	6.7
1385	-0.748231	124.965092	0.007569	6.8
1386	-0.000000	124.914662	0.000000	12.0
1387	-0.305058	124.864287	0.004271	9.3
1388	-0.174448	124.813965	0.003260	6.8
1389	-0.004650	124.763698	0.000334	7.0
1390	-0.220198	124.713485	0.004154	10.1
1391	-0.000000	124.663325	0.000000	11.5
1392	-0.000338	124.613219	0.000083	9.7
1393	-0.334060	124.563167	0.005400	6.9
1394	-0.744163	124.513168	0.006532	7.7
1395	-0.982771	124.463223	0.006874	6.8
1396	-0.659449	124.413332	0.007080	9.2
1397	-0.078093	124.363493	0.003594	6.6
1398	-0.342198	124.313708	0.001504	9.2
1399	-0.578279	124.263976	0.007489	7.6
1400	-0.356722	124.214297	0.004025	7.6
1401	-0.738118	124.164671	0.005618	7.0
1402	-0.304737	124.115097	0.005850	6.7
1403	-0.026080	124.065577	0.000806	8.7
1404	-0.623475	124.016109	0.008876	10.2
1405	-0.632933	123.966693	0.004527	7.4
1406	-0.401460	123.917330	0.008778	6.6
1407	-0.726049	123.868020	0.005316	6.7
1408	-0.475565	123.818762	0.007682	7.0
1409	-0.000000	123.769556	0.000000	6.8
1410	-0.377148	123.720402	0.002576	6.9
1411	-0.435421	123.671300	0.002130	7.0
1412	-0.507537	123.622250	0.008467	6.3
1413	-0.573261	123.573252	0.006707	6.9
1414	-0.627411	123.524305	0.004098	6.8
1415	-0.994253	123.475411	0.007507	7.0
1416	-0.002535	123.426568	0.001246	6.3
1417	-0.000000	123.377776	0.000000	9.5
1418	-0.520321	123.329036	0.004434	8.3
1419	-0.858431	123.280347	0.007710	8.5
1420	-0.000000	123.231709	0.000000	8.5
1421	-0.882105	123.183122	0.010738	7.2
1422	-0.506168	123.134587	0.006272	6.9
1423	-0.220637	123.086102	0.002939	6.9
1424	-0.528368	123.037669	0.004340	7.0
1425	-0.000000	122.989286	0.000000	7.0
1426	-0.021806	122.940954	0.000262	11.3
1427	-0.521952	122.892672	0.006250	7.7
1428	-0.860913	122.844441	0.004728	6.6
1429	-0.370245	122.796261	0.006376	6.6
1430	-0.379672	122.748130	0.003353	10.5
1431	-0.285930	122.700050	0.002373	8.7
1432	-0.000000	122.652021	0.000000	7.2
1433	-0.000000	122.604041	0.000000	8.7
1434	-0.819334	122.556111	0.012457	11.1
1435	-0.002969	122.508232	0.000308	6.7
1436	-0.882533	122.460402	0.009394	6.7
1437	-0.710091	122.412622	0.006651	7.3
1438	-0.585351	122.364891	0.005485	6.9
1439	-0.420723	122.317210	0.004317	6.7
1440	-0.000000	122.269579	0.000000	11.8
1441	-0.262407	122.221997	0.004902	6.9
1442	-0.752209	122.174465	0.007886	7.9
1443	-0.434638	122.126981	0.008758	8.4
1444	-0.000000	122.079547	0.000000	7.0
1445	-0.156453	122.032162	0.002456	6.6
1446	-0.093130	121.984826	0.000873	6.5
1447	-0.169272	121.937539	0.002287	11.6
1448	-0.035795	121.890301	0.000401	6.8
1449	-0.202891	121.843112	0.004538	6.4
1450	-0.540326	121.795971	0.005559	12.0
1451	-0.971309	121.748879	0.004643	7.7
1452	-0.000000	121.701835	0.000000	8.0
1453	-0.000000	121.654840	0.000000	6.7
1454	-0.849622	121.607893	0.012307	10.5
1455	-0.257535	121.560994	0.004082	5.3
1456	-0.000000	121.514144	0.000000	7.2
1457	-0.833041	121.467342	0.004294	6.8
1458	-0.000000	121.420588	0.000000	11.3
1459	-0.480376	121.373882	0.005151	7.0
1460	-0.000000	121.327223	0.000000	6.6
1461	-0.789585	121.280613	0.004105	7.1
1462	-0.546974	121.234050	0.004177	7.2
1463	-0.536962	121.187535	0.006352	7.0
1464	-0.000000	121.141067	0.000000	7.0
1465	-0.357181	121.094647	0.003729	7.4
1466	-0.512069	121.048274	0.009908	6.8
1467	-0.171506	121.001949	0.003633	10.6
1468	-0.361285	120.955671	0.003966	8.0
1469	-0.565407	120.909440	0.003959	7.1
1470	-0.202211	120.863256	0.005118	6.8
1471	-0.051064	120.817119	0.001349	6.6
1472	-0.548281	120.771029	0.005623	8.5
1473	-0.000000	120.724986	0.000000	6.9
1474	-0.000000	120.678990	0.000000	8.6
1475	-0.837186	120.633040	0.005905	12.4
1476	-0.667904	120.587137	0.006392	7.5
1477	-0.815378	120.541281	0.005995	8.0
1478	-0.726378	120.495471	0.006605	6.9
1479	-0.533051	120.449707	0.004526	13.0
1480	-0.369834	120.403990	0.004125	12.2
1481	-0.802459	120.358319	0.005359	6.7
1482	-0.156270	120.312694	0.001925	6.7
1483	-0.701597	120.267115	0.009784	6.6
1484	-0.625119	120.221582	0.007450	6.8
1485	-0.000000	120.176096	0.000000	6.7
1486	-0.701024	120.130655	0.008028	6.7
1487	-0.799649	120.085260	0.002384	6.7
1488	-0.234566	120.039910	0.004560	6.7
1489	-0.194366	119.994606	0.002807	7.1
1490	-0.851523	119.949348	0.007383	10.6
1491	-1.008936	119.904135	0.014618	6.5
1492	-0.000000	119.858968	0.000000	13.3
1493	-0.702738	119.813846	0.006589	7.9
1494	-0.940123	119.768769	0.008945	6.9
1495	-0.292403	119.723738	0.003032	7.5
1496	-0.000000	119.678752	0.000000	9.6
1497	-0.732454	119.633810	0.008220	6.5
1498	-0.464174	119.588914	0.005041	6.6
1499	-0.544932	119.544062	0.010219	7.0
1500	-0.520699	119.499256	0.006417	11.7
1501	-0.893086	119.454494	0.010123	6.4
1502	-0.777810	119.409777	0.008775	6.7
1503	-0.000000	119.365104	0.000000	6.9
1504	-0.000000	119.320476	0.000000	11.9
1505	-0.000000	119.275893	0.000000	11.3
1506	-0.061231	119.231353	0.001547	11.7
1507	-0.949708	119.186859	0.004313	5.8
1508	-0.075094	119.142408	0.001095	7.0
1509	-0.000000	119.098002	0.000000	7.1
1510	-0.235532	119.053639	0.004541	6.8
1511	-0.122799	119.009321	0.002865	8.9
1512	-0.286282	118.965047	0.002649	6.5
1513	-0.800716	118.920816	0.007352	7.0
1514	-0.000000	118.876630	0.000000	6.9
1515	-0.868428	118.832487	0.011254	6.6
1516	-0.590176	118.788388	0.005654	11.9
1517	-1.025344	118.744332	0.009336	8.8
1518	-0.196478	118.700320	0.002879	6.7
1519	-0.882755	118.656352	0.007115	12.2
1520	-0.134680	118.612427	0.003100	6.6
1521	-0.673947	118.568545	0.005261	9.7
1522	-0.107161	118.524706	0.003864	8.6
1523	-0.269604	118.480911	0.003091	6.4
1524	-0.046601	118.437159	0.000304	12.1
1525	-0.000000	118.393450	0.000000	7.1
1526	-0.416130	118.349784	0.004990	6.8
1527	-0.000000	118.306160	0.000000	6.5
1528	-0.866264	118.262580	0.005192	12.4
1529	-0.747526	118.219042	0.007970	8.2
1530	-0.421166	118.175548	0.005804	7.5
1531	-0.935752	118.132095	0.004649	11.9
1532	-0.026562	118.088686	0.000191	6.5
1533	-0.000000	118.045319	0.000000	6.9
1534	-0.976151	118.001994	0.011068	6.6
1535	-0.198276	117.958712	0.002647	7.6
1536	-0.884086	117.915472	0.006753	12.2
1537	-0.000000	117.872274	0.000000	6.1
1538	-0.558108	117.829118	0.006842	6.5
1539	-0.975724	117.786005	0.007750	6.9
1540	-0.568404	117.742933	0.004583	13.8
1541	-0.000000	117.699904	0.000000	8.4
1542	-0.076469	117.656916	0.000914	6.5
1543	-0.048000	117.613971	0.001397	16.0
1544	-0.492491	117.571067	0.004996	4.5
1545	-0.573522	117.528205	0.004553	11.4
1546	-0.156760	117.485384	0.004957	7.5
1547	-0.932965	117.442605	0.009174	12.1
1548	-0.845670	117.399867	0.005621	7.0
1549	-0.586264	117.357171	0.006663	6.4
1550	-0.000000	117.314517	0.000000	6.4
1551	-0.454205	117.271903	0.002313	8.1
1552	-0.291107	117.229331	0.002499	7.3
1553	-0.000000	117.186800	0.000000	6.4
1554	-0.721991	117.144311	0.009204	6.5
1555	-0.599646	117.101862	0.010462	6.6
1556	-0.748801	117.059454	0.005489	7.0
1557	-0.299423	117.017087	0.005478	7.0
1558	-0.182489	116.974762	0.000707	7.0
1559	-0.000000	116.932476	0.000000	6.9
1560	-0.990341	116.890232	0.007396	6.9
1561	-0.129275	116.848028	0.002806	7.2
1562	-0.857040	116.805865	0.006129	7.7
1563	-0.279700	116.763743	0.005806	7.1
1564	-0.475760	116.721661	0.008720	6.8
1565	-0.928690	116.679619	0.005836	6.7
1566	-0.190656	116.637618	0.004998	9.8
1567	-0.620093	116.595657	0.005300	6.7
1568	-0.191925	116.553736	0.002631	6.7
1569	-0.116831	116.511855	0.001687	6.4
1570	-0.681172	116.470015	0.006610	6.6
1571	-0.686028	116.428214	0.004710	6.8
1572	-0.198747	116.386454	0.003974	6.9
1573	-0.184715	116.344733	0.004042	6.8
1574	-0.051121	116.303052	0.002715	6.8
1575	-0.423350	116.261412	0.001546	13.5
1576	-0.012591	116.219810	0.001098	7.9
1577	-0.143574	116.178249	0.001483	7.5
1578	-0.571374	116.136727	0.005819	9.3
1579	-0.156235	116.095245	0.002755	9.7
1580	-0.961516	116.053802	0.013932	6.5
1581	-0.048667	116.012398	0.000325	6.7
1582	-0.701357	115.971034	0.006836	6.9
1583	-1.016449	115.929710	0.008199	8.9
1584	-0.855927	115.888424	0.009851	6.8
1585	-0.615033	115.847178	0.006976	7.8
1586	-0.000000	115.805970	0.000000	6.7
1587	-0.749918	115.764802	0.010094	7.0
1588	-0.895717	115.723673	0.010443	11.5
1589	-0.039873	115.682583	0.000341	6.4
1590	-0.228365	115.641532	0.005769	7.6
1591	-0.927543	115.600519	0.008752	9.8
1592	-0.328091	115.559546	0.006550	9.2
1593	-0.890904	115.518610	0.006836	7.1
1594	-0.662329	115.477714	0.004743	6.4
1595	-0.000000	115.436856	0.000000	6.9
1596	-0.235999	115.396037	0.003746	8.2
1597	-0.130191	115.355256	0.002612	6.7
1598	-0.339541	115.314514	0.008213	6.7
1599	-0.566808	115.273810	0.008281	7.2
1600	-0.282191	115.233144	0.005558	12.4
1601	-0.648851	115.192517	0.007576	12.6
1602	-0.893433	115.151927	0.008805	10.6
1603	-0.000000	115.111376	0.000000	9.8
1604	-0.865052	115.070863	0.008553	6.9
1605	-0.582794	115.030388	0.009541	8.0
1606	-0.653907	114.989951	0.009430	6.8
1607	-0.511677	114.949551	0.006127	6.8
1608	-0.138947	114.909190	0.004190	6.8
1609	-0.984034	114.868866	0.008764	6.8
1610	-0.000000	114.828580	0.000000	6.9
1611	-0.000000	114.788332	0.000000	7.0
1612	-0.464970	114.748121	0.007030	7.0
1613	-0.000000	114.707948	0.000000	8.9
1614	-0.735479	114.667812	0.006137	7.9
1615	-0.954171	114.627714	0.006210	12.8
1616	-0.000000	114.587653	0.000000	6.6
1617	-0.994005	114.547629	0.006372	6.5
1618	-0.237728	114.507643	0.003625	6.7
1619	-0.000000	114.467693	0.000000	7.1
1620	-0.360084	114.427781	0.004389	9.1
1621	-0.146393	114.387907	0.002421	7.4
1622	-0.214772	114.348069	0.003054	6.7
1623	-0.011069	114.308268	0.000382	7.8
1624	-0.483015	114.268504	0.005569	6.8
1625	-0.038504	114.228777	0.001075	12.4
1626	-0.931875	114.189086	0.005572	8.6
1627	-0.436069	114.149433	0.003823	10.9
1628	-0.284716	114.109816	0.001863	13.2
1629	-0.806776	114.070235	0.007626	6.3
1630	-0.273805	114.030692	0.003195	10.9
1631	-0.704408	113.991185	0.005924	6.3
1632	-0.000000	113.951714	0.000000	6.3
1633	-0.349271	113.912280	0.003058	6.8
1634	-0.557958	113.872882	0.010900	6.7
1635	-0.393388	113.833521	0.004589	6.6
1636	-1.015919	113.794195	0.008329	7.2
1637	-0.361654	113.754906	0.005002	7.1
1638	-0.849143	113.715653	0.003287	6.6
1639	-0.755855	113.676437	0.004664	8.5
1640	-0.642063	113.637256	0.008117	11.9
1641	-0.000305	113.598111	0.000191	7.0
1642	-0.549927	113.559002	0.006002	6.8
1643	-0.000000	113.519929	0.000000	6.8
1644	-0.344783	113.480892	0.005416	6.8
1645	-0.764654	113.441891	0.005360	7.0
1646	-0.000000	113.402925	0.000000	6.9
1647	-0.518261	113.363995	0.006441	6.7
1648	-0.000000	113.325101	0.000000	6.6
1649	-0.661395	113.286242	0.005334	6.8
1650	-0.643187	113.247419	0.003961	9.7
1651	-0.004318	113.208631	0.000013	7.2
1652	-0.106437	113.169879	0.003082	12.7
1653	-0.000000	113.131162	0.000000	12.2
1654	-0.000000	113.092480	0.000000	6.8
1655	-0.000000	113.053833	0.000000	7.0
1656	-0.595474	113.015222	0.006444	7.0
1657	-0.000000	112.976646	0.000000	7.0
1658	-0.974062	112.938105	0.004333	7.1
1659	-0.814075	112.899599	0.004718	6.9
1660	-0.303367	112.861128	0.005592	6.9
1661	-0.689612	112.822692	0.006476	6.8
1662	-0.147524	112.784291	0.004150	6.8
1663	-0.000000	112.745924	0.000000	7.4
1664	-0.598251	112.707593	0.008245	7.2
1665	-1.082195	112.669296	0.006971	10.2
1666	-0.000000	112.631034	0.000000	11.8
1667	-0.363810	112.592806	0.004210	8.2
1668	-0.246449	112.554613	0.003652	6.7
1669	-0.998641	112.516455	0.009495	7.1
1670	-0.432315	112.478331	0.008344	6.8
1671	-0.000000	112.440241	0.000000	7.1
1672	-0.003613	112.402186	0.000213	7.1
1673	-0.241565	112.364165	0.003240	6.9
1674	-0.552656	112.326179	0.004270	7.0
1675	-0.409450	112.288227	0.002358	7.1
1676	-0.319816	112.250309	0.002244	7.3
1677	-0.220994	112.212425	0.000827	12.5
1678	-0.000000	112.174575	0.000000	6.8
1679	-0.005210	112.136759	0.000548	8.1
1680	-0.774317	112.098977	0.006162	7.0
1681	-1.026554	112.061229	0.007839	6.8
1682	-0.000000	112.023515	0.000000	6.9
1683	-0.602292	111.985834	0.007394	6.6
1684	-0.050861	111.948188	0.001309	6.9
1685	-0.330481	111.910575	0.004237	6.8
1686	-0.232890	111.872996	0.004281	6.4
1687	-1.036287	111.835450	0.006153	6.9
1688	-0.695409	111.797939	0.007535	7.5
1689	-0.917398	111.760460	0.006671	7.0
1690	-0.457288	111.723015	0.004111	7.3
1691	-0.359707	111.685604	0.008579	6.4
1692	-0.000000	111.648226	0.000000	9.4
1693	-0.515653	111.610881	0.004197	13.2
1694	-0.488988	111.573570	0.006023	6.5
1695	-0.847970	111.536292	0.008439	6.3
1696	-0.502071	111.499047	0.007271	7.0
1697	-0.000000	111.461835	0.000000	6.8
1698	-0.474570	111.424656	0.008472	6.4
1699	-0.231806	111.387510	0.003669	6.7
1700	-0.149756	111.350398	0.003118	6.6
1701	-0.000000	111.313318	0.000000	7.7
1702	-0.583800	111.276271	0.003996	6.7
1703	-0.000000	111.239257	0.000000	12.0
1704	-0.020363	111.202276	0.000358	9.0
1705	-0.000000	111.165328	0.000000	7.0
1706	-0.345222	111.128412	0.008612	6.9
1707	-1.004294	111.091529	0.003900	6.8
1708	-0.606571	111.054679	0.005916	6.7
1709	-0.000000	111.017861	0.000000	6.7
1710	-0.340263	110.981076	0.007979	7.0
1711	-0.000000	110.944323	0.000000	6.8
1712	-0.044010	110.907603	0.001284	6.5
1713	-0.944991	110.870915	0.007664	6.7
1714	-0.669480	110.834259	0.006400	6.7
1715	-0.291529	110.797636	0.004268	7.1
1716	-0.180657	110.761045	0.003094	6.7
1717	-0.000000	110.724486	0.000000	7.0
1718	-0.804674	110.687959	0.005997	12.6
1719	-0.261319	110.651465	0.005877	7.1
1720	-0.588492	110.615002	0.006389	10.8
1721	-0.000000	110.578572	0.000000	7.9
1722	-0.500922	110.542173	0.006775	6.8
1723	-0.147736	110.505807	0.003137	9.1
1724	-0.000000	110.469472	0.000000	6.5
1725	-0.641797	110.433169	0.006067	9.4
1726	-0.599394	110.396898	0.004683	6.7
1727	-0.390161	110.360659	0.005262	6.8
1728	-0.599086	110.324451	0.005903	7.0
1729	-0.183146	110.288276	0.002783	8.1
1730	-1.027682	110.252131	0.005576	7.1
1731	-0.805986	110.216019	0.006344	12.6
1732	-0.752952	110.179937	0.009626	6.4
1733	-0.780149	110.143888	0.006550	8.8
1734	-0.307325	110.107869	0.004316	7.0
1735	-0.583599	110.071882	0.012379	7.4
1736	-0.711404	110.035927	0.004727	6.7
1737	-0.285193	110.000003	0.006411	6.9
1738	-0.649365	109.964110	0.007516	6.9
1739	-0.247308	109.928248	0.004562	6.8
1740	-0.645003	109.892417	0.008216	6.9
1741	-0.000000	109.856618	0.000000	7.0
1742	-0.000000	109.820850	0.000000	6.5
1743	-0.221354	109.785112	0.003536	6.9
1744	-0.302529	109.749406	0.002025	12.2
1745	-0.845730	109.713730	0.004847	10.2
1746	-0.260203	109.678086	0.004408	6.8
1747	-0.000000	109.642472	0.000000	11.2
1748	-0.000000	109.606890	0.000000	9.8
1749	-0.000000	109.571337	0.000000	6.7
1750	-0.226914	109.535816	0.005365	6.9
1751	-0.000000	109.500326	0.000000	6.7
1752	-0.710617	109.464866	0.005789	6.8
1753	-0.000000	109.429436	0.000000	6.8
1754	-0.606268	109.394038	0.007775	9.8
1755	-0.271885	109.358669	0.004552	8.0
1756	-0.754699	109.323331	0.006235	10.0
1757	-0.000000	109.288024	0.000000	7.2
1758	-0.296382	109.252747	0.006841	10.5
1759	-0.442454	109.217501	0.009800	6.5
1760	-0.189200	109.182284	0.002408	6.7
1761	-0.341740	109.147098	0.007367	10.4
1762	-0.080272	109.111942	0.002077	7.2
1763	-0.703211	109.076817	0.005509	7.0
1764	-0.527305	109.041721	0.005209	7.0
1765	-0.708418	109.006656	0.006269	6.9
1766	-0.000000	108.971620	0.000000	6.2
1767	-0.587959	108.936615	0.006258	6.9
1768	-0.629778	108.901640	0.005575	6.8
1769	-0.925745	108.866694	0.008969	11.9
1770	-0.112369	108.831779	0.005428	7.8
1771	-0.998863	108.796893	0.005180	6.7
1772	-0.000000	108.762037	0.000000	9.6
1773	-0.506536	108.727211	0.005416	6.8
1774	-0.449618	108.692415	0.004169	7.0
1775	-0.762945	108.657648	0.005977	9.9
1776	-0.000000	108.622911	0.000000	6.6
1777	-0.890171	108.588203	0.004876	6.7
1778	-0.000000	108.553525	0.000000	6.4
1779	-0.626223	108.518877	0.006858	11.8
1780	-0.648949	108.484258	0.006519	7.0
1781	-0.670309	108.449668	0.007890	12.0
1782	-0.004332	108.415108	0.000047	9.2
1783	-0.846409	108.380578	0.012154	12.0
1784	-0.344507	108.346076	0.004337	6.7
1785	-0.816082	108.311604	0.004722	6.3
1786	-0.623698	108.277161	0.005213	6.7
1787	-0.556568	108.242747	0.005459	8.1
1788	-0.838960	108.208363	0.009149	6.9
1789	-0.648810	108.174007	0.006741	7.0
1790	-0.089114	108.139681	0.001714	6.7
1791	-0.000000	108.105383	0.000000	7.0
1792	-0.140177	108.071115	0.005463	6.7
1793	-0.433344	108.036875	0.004366	12.2
1794	-0.468698	108.002665	0.006836	7.1
1795	-0.012758	107.968483	0.000089	7.3
1796	-0.683075	107.934330	0.007257	8.0
1797	-0.362490	107.900206	0.002361	7.0
1798	-0.564212	107.866111	0.006682	6.6
1799	-0.000455	107.832044	0.000044	6.8
1800	-0.462236	107.798007	0.008913	6.6
1801	-0.618696	107.763997	0.008694	6.7
1802	-0.267466	107.730017	0.005228	7.3
1803	-0.000000	107.696065	0.000000	6.8
1804	-0.441905	107.662141	0.008714	6.8
1805	-0.288092	107.628246	0.008248	11.2
1806	-0.668555	107.594379	0.010270	12.2
1807	-0.000000	107.560541	0.000000	7.4
1808	-0.848525	107.526731	0.004554	12.0
1809	-0.000000	107.492949	0.000000	5.7
1810	-0.936762	107.459196	0.008011	6.6
1811	-0.901717	107.425471	0.006943	7.2
1812	-0.000000	107.391774	0.000000	6.7
1813	-0.666632	107.358106	0.006218	6.8
1814	-0.474287	107.324465	0.005404	6.7
1815	-0.439515	107.290853	0.004259	6.9
1816	-0.193863	107.257268	0.001492	6.8
1817	-0.000000	107.223712	0.000000	6.7
1818	-0.000393	107.190184	0.000021	6.6
1819	-0.387274	107.156683	0.009961	8.2
1820	-0.668284	107.123211	0.005335	7.7
1821	-0.730351	107.089766	0.005762	7.0
1822	-0.194403	107.056349	0.003751	6.9
1823	-0.000000	107.022960	0.000000	10.2
1824	-0.003955	106.989599	0.000040	7.2
1825	-0.653876	106.956265	0.011023	7.5
1826	-0.713753	106.922960	0.009457	9.4
1827	-0.615177	106.889681	0.007194	6.7
1828	-0.366373	106.856431	0.008224	7.2
1829	-0.072118	106.823208	0.001697	6.7
1830	-0.891466	106.790012	0.008674	7.3
1831	-0.000000	106.756844	0.000000	12.2
1832	-0.088768	106.723703	0.000938	15.1
1833	-0.393051	106.690590	0.005677	7.4
1834	-0.129945	106.657505	0.002448	7.1
1835	-0.404231	106.624446	0.002822	9.5
1836	-0.598929	106.591415	0.008103	14.7
1837	-1.057534	106.558411	0.006244	8.9
1838	-0.769552	106.525435	0.005893	6.5
1839	-0.000038	106.492485	0.000011	6.5
1840	-0.158909	106.459563	0.001052	6.8
1841	-0.525310	106.426668	0.005828	6.9
1842	-0.811895	106.393800	0.006231	6.9
1843	-0.750737	106.360959	0.008923	10.2
1844	-0.697334	106.328145	0.007720	7.4
1845	-0.398924	106.295358	0.008932	12.4
1846	-0.295760	106.262598	0.005685	6.0
1847	-0.000000	106.229865	0.000000	6.5
1848	-1.015364	106.197158	0.010638	11.3
1849	-0.626517	106.164479	0.004015	7.3
1850	-0.484626	106.131826	0.006336	6.5
1851	-0.000000	106.099201	0.000000	7.0
1852	-0.000000	106.066602	0.000000	7.1
1853	-0.657632	106.034029	0.008820	6.6
1854	-0.225951	106.001483	0.003681	12.1
1855	-0.734647	105.968964	0.008141	14.3
1856	-0.000000	105.936472	0.000000	11.9
1857	-0.000000	105.904006	0.000000	7.5
1858	-0.631091	105.871566	0.004151	6.7
1859	-0.045769	105.839153	0.002311	7.0
1860	-0.000000	105.806767	0.000000	14.5
1861	-0.001279	105.774407	0.000044	6.8
1862	-0.000000	105.742073	0.000000	7.9
1863	-0.955121	105.709766	0.011171	8.0
1864	-0.000000	105.677485	0.000000	6.8
1865	-0.000000	105.645230	0.000000	6.9
1866	-0.616063	105.613001	0.005746	13.0
1867	-0.996075	105.580799	0.007705	7.7
1868	-0.102573	105.548623	0.000642	11.8
1869	-0.868363	105.516473	0.010003	7.1
1870	-0.654967	105.484349	0.003511	6.9
1871	-0.985357	105.452251	0.008887	6.7
1872	-0.664167	105.420179	0.004547	8.7
1873	-0.546716	105.388133	0.005024	6.8
1874	-0.056521	105.356113	0.000856	7.1
1875	-0.983525	105.324119	0.003977	7.0
1876	-0.000000	105.292151	0.000000	6.8
1877	-0.249414	105.260209	0.003662	11.8
1878	-0.385081	105.228293	0.005300	8.1
1879	-0.086908	105.196402	0.001104	7.0
1880	-0.796936	105.164537	0.004086	12.0
1881	-0.000000	105.132698	0.000000	6.0
1882	-0.000000	105.100885	0.000000	6.7
1883	-0.194420	105.069097	0.007781	8.0
1884	-0.497076	105.037335	0.003735	8.8
1885	-0.145755	105.005598	0.003088	6.6
1886	-0.000000	104.973887	0.000000	6.7
1887	-0.000000	104.942202	0.000000	6.8
1888	-0.000000	104.910542	0.000000	6.9
1889	-0.601377	104.878907	0.008945	7.1
1890	-0.411501	104.847298	0.009828	6.4
1891	-0.557150	104.815715	0.004714	14.5
1892	-0.507535	104.784156	0.004473	11.8
1893	-0.791209	104.752623	0.005056	2.9
1894	-0.937575	104.721116	0.008240	6.7
1895	-0.473946	104.689633	0.003293	6.7
1896	-0.260469	104.658176	0.003707	11.5
1897	-0.947160	104.626744	0.008107	6.8
1898	-0.392098	104.595337	0.005909	6.8
1899	-0.107630	104.563955	0.002760	7.1
1900	-0.953643	104.532599	0.003457	6.4
1901	-0.607631	104.501267	0.004868	6.9
1902	-0.197290	104.469960	0.003884	6.9
1903	-0.365045	104.438679	0.004502	18.9
1904	-0.000000	104.407422	0.000000	5.1
1905	-0.492777	104.376191	0.003275	6.8
1906	-0.000000	104.344984	0.000000	6.8
1907	-1.003297	104.313802	0.014115	9.1
1908	-0.504700	104.282645	0.007411	5.6
1909	-0.553421	104.251513	0.007285	10.2
1910	-0.855086	104.220405	0.012448	6.5
1911	-0.982255	104.189323	0.006545	6.8
1912	-0.000000	104.158265	0.000000	5.0
1913	-0.697507	104.127231	0.004848	6.5
1914	-0.005579	104.096222	0.000735	6.5
1915	-0.819642	104.065238	0.005621	6.7
1916	-0.394795	104.034279	0.008656	16.1
1917	-0.299110	104.003344	0.004448	2.5
1918	-0.000000	103.972433	0.000000	6.8
1919	-0.000000	103.941547	0.000000	6.5
1920	-0.543698	103.910686	0.006325	8.4
1921	-0.498601	103.879849	0.003619	11.7
1922	-0.220040	103.849036	0.006266	8.2
1923	-0.915947	103.818248	0.007345	5.8
1924	-0.310222	103.787484	0.006970	6.9
1925	-0.999678	103.756744	0.006977	6.9
1926	-0.770932	103.726029	0.007131	6.9
1927	-0.720569	103.695338	0.006079	9.2
1928	-0.000107	103.664671	0.000058	8.0
1929	-0.000000	103.634028	0.000000	9.7
1930	-0.000000	103.603409	0.000000	7.6
1931	-0.553673	103.572814	0.003793	6.3
1932	-0.414437	103.542244	0.011867	11.6
1933	-0.618257	103.511698	0.005408	6.7
1934	-0.382960	103.481175	0.005686	6.8
1935	-0.000000	103.450677	0.000000	6.9
1936	-0.000000	103.420202	0.000000	7.4
1937	-0.043602	103.389752	0.000300	7.0
1938	-0.272984	103.359325	0.006453	8.9
1939	-0.503829	103.328922	0.004623	6.9
1940	-0.838085	103.298543	0.008602	9.0
1941	-0.000000	103.268188	0.000000	11.9
1942	-0.006312	103.237857	0.000545	6.5
1943	-0.493456	103.207549	0.003537	7.0
1944	-0.000000	103.177265	0.000000	6.8
1945	-0.000000	103.147005	0.000000	6.4
1946	-0.000000	103.116768	0.000000	6.9
1947	-0.484346	103.086556	0.007375	6.7
1948	-0.046644	103.056366	0.001997	7.0
1949	-0.752256	103.026200	0.005093	6.8
1950	-0.355905	102.996058	0.004645	6.7
1951	-0.019023	102.965939	0.000401	6.9
1952	-0.771154	102.935844	0.007247	7.8
1953	-0.342645	102.905772	0.003446	6.9
1954	-0.000000	102.875724	0.000000	8.5
1955	-0.094046	102.845699	0.001076	15.8
1956	-0.496573	102.815697	0.005567	6.6
1957	-0.359283	102.785719	0.007642	6.7
1958	-0.293107	102.755764	0.003228	6.6
1959	-0.178780	102.725832	0.002664	6.7
1960	-0.000000	102.695924	0.000000	9.3
1961	-0.000000	102.666038	0.000000	6.7
1962	-0.110433	102.636176	0.001928	7.2
1963	-0.000000	102.606337	0.000000	6.6
1964	-0.671826	102.576521	0.007121	7.3
1965	-0.000000	102.546728	0.000000	6.5
1966	-0.001172	102.516959	0.000417	6.8
1967	-0.000000	102.487212	0.000000	6.7
1968	-0.507184	102.457488	0.007009	7.8
1969	-0.618295	102.427788	0.003814	7.6
1970	-0.960972	102.398110	0.011063	6.9
1971	-0.428703	102.368455	0.004694	7.1
1972	-0.317496	102.338823	0.001068	10.3
1973	-1.102298	102.309214	0.008118	12.0
1974	-0.881485	102.279628	0.010609	6.2
1975	-0.000000	102.250064	0.000000	7.1
1976	-0.189625	102.220524	0.004406	7.3
1977	-0.749718	102.191006	0.004447	6.7
1978	-0.801135	102.161511	0.002622	13.5
1979	-0.799576	102.132038	0.007515	6.9
1980	-0.027489	102.102588	0.000234	15.3
1981	-0.000000	102.073161	0.000000	6.8
1982	-0.000000	102.043757	0.000000	9.7
1983	-0.289882	102.014375	0.002217	6.3
1984	-0.829703	101.985015	0.006388	9.5
1985	-0.268516	101.955678	0.003865	6.7
1986	-1.035283	101.926364	0.006884	6.6
1987	-0.000000	101.897072	0.000000	6.8
1988	-0.713745	101.867802	0.007108	6.7
1989	-0.685076	101.838555	0.008961	7.1
1990	-0.703299	101.809330	0.005587	6.7
1991	-0.608986	101.780128	0.005477	6.9
1992	-0.000000	101.750948	0.000000	6.5
1993	-0.000000	101.721790	0.000000	11.5
1994	-0.000000	101.692654	0.000000	7.0
1995	-0.477681	101.663541	0.005536	11.0
1996	-0.251067	101.634450	0.004510	6.5
1997	-0.000000	101.605381	0.000000	9.0
1998	-0.000000	101.576335	0.000000	7.3
1999	-0.190639	101.547310	0.002619	6.7
