1:ItNr	2:Metric	3:StepSize	4:||Gradient||	Time[ms]
0	-0.000000	627.201626	0.000000	1736.4
1	-0.232312	623.504937	0.008914	15.7
2	-0.795219	619.865785	0.009885	9.3
3	-1.044924	616.282728	0.017522	15.1
4	-0.144899	612.754375	0.004638	7.9
5	-0.944789	609.279381	0.009893	2.9
6	-0.456462	605.856447	0.006693	8.9
7	-0.679742	602.484317	0.007229	10.1
8	-1.311038	599.161779	0.019730	6.8
9	-0.916300	595.887656	0.001395	11.0
10	-0.272336	592.660813	0.008385	4.8
11	-1.431576	589.480151	0.023551	7.1
12	-1.139351	586.344606	0.010603	6.4
13	-1.147874	583.253145	0.009037	6.7
14	-0.441017	580.204771	0.005172	10.7
15	-0.383688	577.198517	0.005405	12.0
16	-0.772837	574.233444	0.006106	6.5
17	-1.247252	571.308645	0.018606	7.0
18	-0.080029	568.423237	0.002857	6.7
19	-0.583887	565.576365	0.010803	6.5
20	-1.329621	562.767201	0.009725	6.9
21	-1.170758	559.994938	0.012149	6.8
22	-1.246269	557.258797	0.018390	6.5
23	-0.000000	554.558018	0.000000	6.5
24	-0.195450	551.891865	0.003198	6.9
25	-0.000000	549.259621	0.000000	14.0
26	-0.523872	546.660592	0.009577	13.2
27	-0.811983	544.094102	0.012120	7.8
28	-0.000000	541.559494	0.000000	11.5
29	-0.000000	539.056129	0.000000	5.7
30	-0.197805	536.583387	0.002585	6.5
31	-1.311901	534.140663	0.009522	6.7
32	-0.376752	531.727370	0.009674	6.9
33	-0.000002	529.342935	0.000000	6.7
34	-0.000000	526.986802	0.000000	7.4
35	-0.151984	524.658430	0.001698	6.6
36	-0.000000	522.357290	0.000000	6.5
37	-0.270980	520.082868	0.005616	6.7
38	-0.107756	517.834665	0.002381	6.4
39	-0.000091	515.612193	0.000024	11.7
40	-0.561937	513.414976	0.002770	6.8
41	-0.000000	511.242551	0.000000	6.6
42	-1.199198	509.094468	0.009254	6.7
43	-0.002088	506.970285	0.000370	8.8
44	-0.051890	504.869574	0.002496	17.0
45	-0.957199	502.791916	0.015729	1.9
46	-1.070479	500.736903	0.011003	9.9
47	-0.000000	498.704137	0.000000	6.6
48	-0.000000	496.693228	0.000000	6.6
49	-0.114361	494.703798	0.002617	6.5
50	-0.063850	492.735476	0.001349	12.0
51	-0.000000	490.787900	0.000000	14.2
52	-0.167181	488.860718	0.001950	11.9
53	-0.378283	486.953585	0.006545	12.0
54	-0.548568	485.066164	0.009134	9.5
55	-1.372184	483.198126	0.022410	7.2
56	-0.129308	481.349149	0.005484	11.9
57	-0.491231	479.518920	0.006391	6.9
58	-0.447068	477.707132	0.007994	7.1
59	-0.009032	475.913485	0.001050	6.6
60	-0.039997	474.137684	0.000698	7.9
61	-1.289450	472.379445	0.011364	6.5
62	-0.233913	470.638485	0.005611	12.2
63	-0.244260	468.914531	0.003793	8.0
64	-0.393978	467.207315	0.009366	7.3
65	-0.000000	465.516573	0.000000	6.7
66	-0.476722	463.842050	0.012117	6.6
67	-1.195455	462.183494	0.016209	6.7
68	-0.596807	460.540658	0.011366	6.9
69	-1.252149	458.913303	0.029368	6.6
70	-0.289621	457.301192	0.007597	6.6
71	-0.611508	455.704096	0.006376	9.3
72	-0.093157	454.121787	0.004253	6.6
73	-0.793768	452.554045	0.016967	17.0
74	-0.228093	451.000653	0.003630	6.2
75	-0.222767	449.461399	0.006485	6.7
76	-0.896843	447.936075	0.009549	6.8
77	-0.801478	446.424477	0.012095	6.8
78	-1.559385	444.926406	0.005372	6.9
79	-1.294398	443.441666	0.008444	10.7
80	-0.000003	441.970065	0.000000	6.3
81	-0.000000	440.511415	0.000000	6.4
82	-1.058126	439.065533	0.010714	6.6
83	-0.186965	437.632238	0.003392	8.3
84	-1.115899	436.211351	0.012048	6.4
85	-0.413295	434.802701	0.008526	6.5
86	-0.598207	433.406117	0.004738	6.8
87	-0.135253	432.021430	0.002884	12.9
88	-0.299297	430.648479	0.005742	11.6
89	-0.000000	429.287101	0.000000	5.6
90	-0.628659	427.937140	0.015408	6.6
91	-0.358868	426.598440	0.005841	6.7
92	-1.211381	425.270849	0.003381	6.7
93	-0.880315	423.954220	0.010699	6.5
94	-0.849255	422.648404	0.011879	6.7
95	-1.424435	421.353259	0.026601	6.4
96	-0.460065	420.068643	0.009425	7.0
97	-1.230692	418.794419	0.025614	10.9
98	-0.666986	417.530451	0.005288	6.5
99	-0.329872	416.276604	0.006360	12.2
100	-1.280055	415.032748	0.014875	9.1
101	-0.000000	413.798754	0.000000	6.7
102	-1.371856	412.574495	0.014887	6.7
103	-0.000000	411.359849	0.000000	6.6
104	-0.045726	410.154691	0.001648	6.5
105	-0.194395	408.958904	0.002247	6.9
106	-1.644591	407.772368	0.022295	6.5
107	-1.629970	406.594968	0.013363	6.7
108	-0.684088	405.426590	0.009828	6.6
109	-1.350130	404.267122	0.007000	6.9
110	-0.934496	403.116456	0.012666	6.7
111	-0.485379	401.974481	0.012590	9.6
112	-1.156730	400.841093	0.011633	8.3
113	-0.580734	399.716187	0.006862	14.4
114	-0.110727	398.599660	0.006320	6.1
115	-0.000000	397.491411	0.000000	6.8
116	-0.000000	396.391342	0.000000	6.5
117	-1.250814	395.299353	0.006335	7.0
118	-0.000000	394.215350	0.000000	11.0
119	-0.115807	393.139238	0.003395	6.9
120	-0.000000	392.070924	0.000000	7.5
121	-0.579364	391.010316	0.007602	6.3
122	-0.435665	389.957325	0.005192	6.9
123	-0.864938	388.911862	0.007549	6.5
124	-0.154137	387.873839	0.003923	6.7
125	-0.170838	386.843173	0.003761	12.2
126	-0.286232	385.819777	0.008016	6.8
127	-0.000000	384.803569	0.000000	11.4
128	-1.413418	383.794468	0.015629	6.0
129	-0.226753	382.792393	0.002304	6.6
130	-0.986535	381.797264	0.010589	15.2
131	-0.071195	380.809005	0.001262	5.9
132	-0.015040	379.827537	0.000307	6.4
133	-1.544281	378.852786	0.008975	6.9
134	-1.454164	377.884678	0.016541	6.5
135	-0.000000	376.923138	0.000000	6.4
136	-0.352819	375.968095	0.004337	7.0
137	-0.000000	375.019479	0.000000	6.7
138	-1.549802	374.077218	0.022174	8.8
139	-1.117691	373.141244	0.031777	12.0
140	-0.000000	372.211489	0.000000	8.4
141	-0.003213	371.287887	0.000652	6.6
142	-0.602063	370.370370	0.004053	5.9
143	-0.086899	369.458876	0.003970	6.7
144	-0.145375	368.553338	0.002549	6.7
145	-0.000000	367.653696	0.000000	6.5
146	-1.552731	366.759885	0.007057	6.2
147	-1.326381	365.871846	0.015427	6.7
148	-0.000000	364.989518	0.000000	9.8
149	-0.000000	364.112841	0.000000	6.4
150	-0.071188	363.241757	0.003461	12.2
151	-1.131755	362.376208	0.008448	13.2
152	-0.266437	361.516137	0.007681	11.8
153	-0.000000	360.661488	0.000000	7.9
154	-0.244473	359.812206	0.004626	6.4
155	-0.009686	358.968236	0.000741	6.8
156	-0.182188	358.129524	0.001541	7.1
157	-0.807721	357.296018	0.010238	6.4
158	-0.239575	356.467665	0.006531	6.6
159	-0.657652	355.644414	0.008971	6.5
160	-0.997947	354.826213	0.007283	6.8
161	-1.099725	354.013012	0.003707	7.6
162	-0.841706	353.204763	0.006536	6.6
163	-0.000000	352.401415	0.000000	6.7
164	-0.266044	351.602922	0.007218	15.9
165	-0.633286	350.809235	0.006887	3.5
166	-0.000002	350.020308	0.000001	6.6
167	-1.046704	349.236095	0.013156	6.9
168	-0.000000	348.456550	0.000000	6.8
169	-0.130799	347.681627	0.002691	7.0
170	-0.315808	346.911283	0.008994	9.2
171	-0.587817	346.145474	0.007009	11.3
172	-0.000003	345.384157	0.000001	6.1
173	-0.234781	344.627288	0.004781	12.0
174	-0.521184	343.874826	0.009933	6.1
175	-0.126029	343.126729	0.006952	7.2
176	-0.000000	342.382957	0.000000	12.9
177	-1.659814	341.643469	0.018627	11.3
178	-1.083623	340.908224	0.010088	6.4
179	-0.251430	340.177184	0.003251	7.1
180	-0.096609	339.450309	0.002919	6.6
181	-0.610999	338.727561	0.009031	7.0
182	-1.436341	338.008902	0.006851	9.7
183	-0.631046	337.294295	0.007084	7.1
184	-1.041196	336.583703	0.011385	7.0
185	-0.591379	335.877089	0.007942	6.6
186	-0.000000	335.174416	0.000000	6.6
187	-0.319656	334.475651	0.005914	6.9
188	-0.000008	333.780756	0.000002	6.6
189	-0.018044	333.089698	0.002017	11.0
190	-1.764482	332.402443	0.020094	6.9
191	-0.000000	331.718955	0.000000	6.6
192	-0.694598	331.039203	0.022873	6.4
193	-0.850823	330.363153	0.013695	6.5
194	-0.000128	329.690771	0.000028	6.9
195	-0.471188	329.022027	0.004611	6.6
196	-0.089411	328.356888	0.002840	6.7
197	-0.434159	327.695322	0.003680	6.6
198	-0.000000	327.037299	0.000000	6.7
199	-0.745741	326.382787	0.014059	6.6
200	-0.000000	325.731758	0.000000	6.5
201	-0.031616	325.084179	0.002139	6.7
202	-0.115745	324.440023	0.001359	11.7
203	-0.000000	323.799258	0.000000	15.8
204	-0.743075	323.161858	0.014562	2.0
205	-0.149248	322.527792	0.003896	6.8
206	-0.211434	321.897034	0.001349	6.7
207	-0.003546	321.269554	0.000274	6.5
208	-0.000000	320.645325	0.000000	6.7
209	-1.466465	320.024320	0.012279	6.5
210	-0.249079	319.406512	0.004167	6.5
211	-1.768657	318.791875	0.019156	6.7
212	-0.000008	318.180381	0.000002	6.1
213	-0.000000	317.572005	0.000000	8.3
214	-0.000000	316.966721	0.000000	11.7
215	-1.820473	316.364504	0.015132	16.2
216	-1.120248	315.765329	0.008618	2.3
217	-0.000000	315.169170	0.000000	9.5
218	-0.000000	314.576003	0.000000	6.4
219	-0.458820	313.985804	0.007876	6.6
220	-0.510562	313.398548	0.007850	6.7
221	-0.155530	312.814213	0.005764	7.1
222	-0.059507	312.232773	0.004313	6.6
223	-0.598294	311.654207	0.005523	6.7
224	-0.000000	311.078491	0.000000	7.5
225	-0.000000	310.505602	0.000000	8.1
226	-0.000000	309.935518	0.000000	6.3
227	-1.679083	309.368217	0.011071	9.7
228	-0.183097	308.803676	0.006580	10.2
229	-0.251418	308.241874	0.013830	9.7
230	-0.600443	307.682789	0.014622	11.9
231	-0.539377	307.126400	0.008102	6.4
232	-0.524661	306.572687	0.009473	9.5
233	-0.679285	306.021627	0.010750	6.6
234	-0.003379	305.473201	0.000469	6.7
235	-1.406064	304.927388	0.008611	6.7
236	-0.357063	304.384168	0.010046	6.6
237	-0.541502	303.843521	0.004706	6.4
238	-0.736440	303.305427	0.005815	6.4
239	-1.289132	302.769867	0.015023	6.5
240	-0.443267	302.236821	0.003135	6.7
241	-0.138732	301.706270	0.001883	12.9
242	-0.000000	301.178196	0.000000	8.2
243	-0.667834	300.652580	0.007573	6.6
244	-1.613027	300.129402	0.025402	6.6
245	-0.941108	299.608645	0.012622	6.7
246	-0.269045	299.090291	0.003075	6.7
247	-1.560187	298.574321	0.018420	6.7
248	-0.151936	298.060718	0.003984	6.6
249	-1.400166	297.549465	0.010597	6.8
250	-0.245072	297.040543	0.006627	6.8
251	-0.000000	296.533936	0.000000	6.3
252	-0.865096	296.029626	0.009873	6.9
253	-0.344824	295.527597	0.005606	6.7
254	-0.000000	295.027832	0.000000	6.7
255	-0.905667	294.530315	0.007896	12.3
256	-0.443476	294.035028	0.010253	7.1
257	-0.292876	293.541956	0.004466	7.0
258	-0.716225	293.051083	0.006005	6.6
259	-1.292627	292.562393	0.010854	6.4
260	-0.000000	292.075870	0.000000	9.6
261	-0.469733	291.591498	0.006736	6.4
262	-1.422265	291.109263	0.005843	6.5
263	-0.259721	290.629149	0.002293	6.3
264	-1.327980	290.151140	0.012259	6.5
265	-1.165719	289.675222	0.008583	9.9
266	-0.697190	289.201380	0.011679	6.9
267	-0.448665	288.729600	0.005103	11.7
268	-0.000000	288.259866	0.000000	7.1
269	-0.000033	287.792165	0.000008	8.9
270	-0.431164	287.326481	0.003998	7.1
271	-0.422251	286.862802	0.003816	6.7
272	-0.785544	286.401113	0.010812	6.6
273	-0.786659	285.941400	0.014168	6.3
274	-0.853452	285.483649	0.011084	7.1
275	-1.352436	285.027847	0.006254	6.5
276	-0.000000	284.573981	0.000000	6.2
277	-0.293781	284.122037	0.010661	6.6
278	-0.226604	283.672002	0.008249	6.6
279	-0.000000	283.223863	0.000000	6.6
280	-0.338406	282.777607	0.005972	6.6
281	-0.000001	282.333221	0.000000	6.2
282	-0.205628	281.890692	0.002573	12.0
283	-1.805414	281.450008	0.013662	7.0
284	-0.772640	281.011157	0.008858	7.3
285	-0.380061	280.574125	0.007389	7.0
286	-0.697723	280.138901	0.006865	6.5
287	-0.000000	279.705473	0.000000	6.7
288	-0.149668	279.273829	0.001178	6.7
289	-0.201520	278.843956	0.003675	6.8
290	-0.335659	278.415844	0.005896	5.9
291	-0.605455	277.989479	0.020418	6.5
292	-0.946748	277.564851	0.011546	6.5
293	-0.328430	277.141949	0.009657	6.9
294	-0.142173	276.720761	0.004592	6.4
295	-0.193633	276.301275	0.004085	10.1
296	-0.617652	275.883480	0.009186	7.4
297	-0.009529	275.467366	0.001136	6.9
298	-0.850468	275.052922	0.010430	6.8
299	-0.479775	274.640136	0.010514	6.4
300	-0.230487	274.228998	0.003953	11.7
301	-0.386145	273.819497	0.011654	6.6
302	-1.182401	273.411623	0.012320	6.7
303	-1.287315	273.005365	0.008525	7.4
304	-0.000000	272.600712	0.000000	8.1
305	-0.858090	272.197655	0.018668	6.9
306	-0.087536	271.796184	0.004109	6.6
307	-0.526745	271.396287	0.007069	6.9
308	-0.000000	270.997956	0.000000	6.0
309	-0.000000	270.601180	0.000000	12.7
310	-0.301197	270.205949	0.003580	7.6
311	-1.666905	269.812254	0.009884	6.7
312	-0.698002	269.420085	0.014854	6.7
313	-0.000000	269.029432	0.000000	6.3
314	-0.728959	268.640287	0.007647	6.3
315	-0.451512	268.252638	0.008999	6.9
316	-1.487092	267.866478	0.006221	13.4
317	-0.129313	267.481796	0.002328	7.7
318	-1.074037	267.098584	0.008927	11.8
319	-0.318392	266.716833	0.007455	9.0
320	-0.000000	266.336533	0.000000	7.9
321	-0.000000	265.957676	0.000000	7.0
322	-0.018702	265.580253	0.000562	8.9
323	-0.014557	265.204254	0.000411	6.6
324	-0.165309	264.829672	0.004055	11.7
325	-1.539421	264.456497	0.031862	5.6
326	-0.712562	264.084721	0.009406	11.5
327	-0.992714	263.714335	0.009892	6.8
328	-0.000006	263.345332	0.000001	6.7
329	-1.673779	262.977702	0.019469	6.8
330	-0.487204	262.611438	0.014266	6.2
331	-0.997958	262.246531	0.016173	6.3
332	-1.378083	261.882973	0.026597	6.6
333	-1.346224	261.520756	0.007090	7.5
334	-0.000000	261.159871	0.000000	11.5
335	-0.750022	260.800312	0.015636	12.4
336	-0.725487	260.442070	0.009736	4.2
337	-0.138959	260.085137	0.001069	8.6
338	-0.437189	259.729505	0.008144	6.6
339	-1.696397	259.375167	0.025077	6.6
340	-0.336857	259.022116	0.011400	6.4
341	-0.684587	258.670343	0.012432	6.3
342	-0.000000	258.319841	0.000000	6.6
343	-0.234678	257.970602	0.003882	6.7
344	-0.000000	257.622620	0.000000	6.6
345	-0.703918	257.275887	0.004087	6.7
346	-1.273796	256.930396	0.013401	7.2
347	-1.284006	256.586139	0.012814	10.9
348	-0.993389	256.243109	0.003814	5.5
349	-0.573613	255.901300	0.008185	6.0
350	-0.370603	255.560703	0.006226	7.2
351	-0.375586	255.221313	0.014363	6.6
352	-0.000000	254.883122	0.000000	6.6
353	-1.631383	254.546124	0.021845	7.2
354	-0.201513	254.210311	0.003056	6.6
355	-0.000000	253.875677	0.000000	7.1
356	-0.000000	253.542215	0.000000	6.6
357	-0.597910	253.209918	0.006546	8.3
358	-0.252834	252.878781	0.003125	6.6
359	-0.067949	252.548795	0.001759	11.4
360	-0.294338	252.219956	0.004368	11.8
361	-0.186429	251.892255	0.006180	6.6
362	-0.000000	251.565688	0.000000	6.7
363	-0.554084	251.240247	0.011428	7.0
364	-0.000000	250.915926	0.000000	6.4
365	-0.000001	250.592720	0.000000	6.7
366	-0.034033	250.270621	0.001525	6.4
367	-0.214853	249.949624	0.002455	6.3
368	-0.840587	249.629723	0.011903	6.6
369	-1.397707	249.310911	0.022282	7.0
370	-0.424171	248.993182	0.009430	6.7
371	-1.027053	248.676531	0.004711	7.5
372	-0.158223	248.360952	0.004285	9.1
373	-0.000000	248.046438	0.000000	15.2
374	-0.026564	247.732984	0.002208	4.5
375	-0.855765	247.420584	0.025773	6.5
376	-0.946654	247.109233	0.006426	7.0
377	-0.000008	246.798924	0.000002	6.5
378	-0.929423	246.489652	0.013592	6.7
379	-0.000000	246.181412	0.000000	6.5
380	-1.382103	245.874197	0.018703	6.6
381	-1.112133	245.568002	0.012783	6.4
382	-1.242179	245.262822	0.009704	6.5
383	-0.940167	244.958652	0.007772	11.6
384	-0.251389	244.655485	0.005816	6.4
385	-0.525436	244.353317	0.004556	6.7
386	-0.645301	244.052142	0.006287	9.5
387	-1.489432	243.751955	0.014366	12.0
388	-0.651831	243.452750	0.008575	6.7
389	-0.005163	243.154523	0.000163	6.6
390	-1.338393	242.857268	0.013389	6.5
391	-0.103482	242.560980	0.003890	6.5
392	-0.297913	242.265654	0.004346	6.4
393	-0.169659	241.971285	0.003814	6.0
394	-0.689412	241.677868	0.004915	6.6
395	-0.001478	241.385397	0.000308	6.4
396	-1.510958	241.093869	0.008884	6.8
397	-0.014418	240.803278	0.001059	6.6
398	-1.163366	240.513619	0.013193	6.6
399	-0.000000	240.224887	0.000000	6.7
400	-0.149972	239.937077	0.001953	12.0
401	-0.699007	239.650186	0.005201	9.0
402	-0.000000	239.364207	0.000000	6.3
403	-0.000000	239.079136	0.000000	11.9
404	-1.178749	238.794969	0.008785	6.2
405	-0.966086	238.511701	0.013051	6.2
406	-0.203145	238.229327	0.005811	6.7
407	-0.000000	237.947843	0.000000	7.0
408	-0.565902	237.667244	0.005074	6.6
409	-0.969867	237.387526	0.004545	6.3
410	-0.395232	237.108684	0.006766	6.5
411	-0.000000	236.830714	0.000000	11.2
412	-0.815034	236.553610	0.014170	3.1
413	-0.602036	236.277370	0.009648	7.5
414	-1.584064	236.001989	0.037089	13.3
415	-0.694200	235.727461	0.011990	8.0
416	-0.174915	235.453784	0.002111	6.6
417	-0.579655	235.180952	0.009590	9.3
418	-0.040342	234.908962	0.002187	6.4
419	-0.805701	234.637809	0.015305	9.5
420	-0.309855	234.367488	0.007873	6.6
421	-0.212428	234.097997	0.004343	11.7
422	-0.717873	233.829331	0.007473	6.7
423	-0.098270	233.561485	0.002943	6.5
424	-0.009775	233.294456	0.000894	6.6
425	-1.761351	233.028239	0.017194	12.0
426	-0.849220	232.762831	0.016148	6.7
427	-0.000000	232.498228	0.000000	6.5
428	-1.460166	232.234425	0.016370	6.6
429	-0.451361	231.971419	0.005414	8.7
430	-0.513863	231.709205	0.008084	7.5
431	-1.736608	231.447781	0.017851	6.6
432	-0.419669	231.187141	0.003070	6.6
433	-0.568602	230.927283	0.006791	7.6
434	-0.000000	230.668202	0.000000	6.6
435	-0.000000	230.409895	0.000000	6.3
436	-1.241796	230.152358	0.019120	6.6
437	-0.205889	229.895587	0.007277	6.5
438	-0.166903	229.639578	0.003743	8.1
439	-1.625490	229.384329	0.014887	13.0
440	-0.000000	229.129834	0.000000	12.6
441	-1.233631	228.876091	0.015071	6.4
442	-0.000000	228.623096	0.000000	6.9
443	-0.741538	228.370846	0.004691	6.7
444	-1.219091	228.119336	0.005084	6.4
445	-0.000000	227.868563	0.000000	9.2
446	-1.023744	227.618525	0.005968	6.4
447	-0.439379	227.369216	0.005073	6.8
448	-1.288963	227.120635	0.007577	6.5
449	-0.901260	226.872777	0.010796	6.5
450	-0.000000	226.625638	0.000000	6.8
451	-0.892240	226.379217	0.009986	10.7
452	-0.975059	226.133509	0.012343	7.9
453	-0.000000	225.888510	0.000000	6.9
454	-1.464138	225.644218	0.008560	6.4
455	-0.000000	225.400630	0.000000	6.1
456	-0.448054	225.157741	0.009032	6.7
457	-1.574445	224.915549	0.005277	8.1
458	-0.000000	224.674051	0.000000	6.8
459	-0.270953	224.433242	0.004117	6.5
460	-0.772886	224.193121	0.011574	6.7
461	-0.000000	223.953684	0.000000	6.2
462	-1.161281	223.714927	0.006363	6.8
463	-0.142491	223.476848	0.004370	8.1
464	-1.149644	223.239444	0.015957	6.5
465	-0.769525	223.002710	0.018682	9.5
466	-1.165755	222.766645	0.009169	12.2
467	-0.617606	222.531245	0.005746	7.4
468	-1.101660	222.296508	0.011489	6.8
469	-0.000000	222.062429	0.000000	6.4
470	-1.171143	221.829007	0.011097	6.9
471	-0.926398	221.596238	0.008056	6.9
472	-0.025684	221.364119	0.001085	6.7
473	-1.199628	221.132647	0.003265	6.9
474	-0.248889	220.901820	0.001925	6.6
475	-0.000000	220.671634	0.000000	6.5
476	-0.261763	220.442086	0.007023	6.5
477	-1.094968	220.213174	0.010982	6.3
478	-0.022884	219.984895	0.002321	8.5
479	-0.622662	219.757246	0.009716	11.6
480	-0.437885	219.530224	0.013966	7.0
481	-1.415732	219.303826	0.008040	9.9
482	-1.108798	219.078050	0.009336	6.6
483	-0.602099	218.852893	0.005032	8.6
484	-1.382924	218.628352	0.023766	6.7
485	-1.735129	218.404424	0.010475	6.6
486	-1.143763	218.181106	0.008068	11.9
487	-0.000004	217.958397	0.000001	10.7
488	-0.014272	217.736292	0.001143	6.4
489	-0.208713	217.514790	0.007102	6.5
490	-1.654616	217.293888	0.019033	7.5
491	-0.195377	217.073584	0.003000	8.5
492	-0.214083	216.853873	0.002297	14.8
493	-0.666792	216.634755	0.013718	3.3
494	-0.534677	216.416227	0.019550	6.1
495	-0.838989	216.198285	0.011911	6.5
496	-0.000000	215.980927	0.000000	6.6
497	-0.000000	215.764151	0.000000	11.9
498	-0.000000	215.547955	0.000000	5.9
499	-0.158775	215.332335	0.001794	7.3
500	-0.100413	215.117289	0.001553	6.5
501	-0.081736	214.902815	0.005544	6.8
502	-0.960023	214.688911	0.012467	6.8
503	-0.655280	214.475573	0.009019	7.0
504	-1.515647	214.262800	0.014974	8.7
505	-0.213682	214.050588	0.001983	8.0
506	-0.890640	213.838936	0.013773	6.5
507	-0.825780	213.627842	0.015510	6.8
508	-0.294212	213.417302	0.002958	6.0
509	-0.004733	213.207314	0.000358	6.4
510	-1.006922	212.997877	0.011425	6.7
511	-0.670602	212.788987	0.007685	6.4
512	-0.240784	212.580642	0.006458	6.5
513	-0.278943	212.372841	0.003191	6.8
514	-0.000000	212.165581	0.000000	6.5
515	-0.004097	211.958859	0.000408	6.9
516	-0.182231	211.752673	0.003215	9.9
517	-0.232423	211.547021	0.005874	6.7
518	-0.000000	211.341902	0.000000	7.3
519	-0.274116	211.137311	0.006650	17.8
520	-0.738443	210.933248	0.011693	2.2
521	-0.911293	210.729710	0.010630	7.1
522	-0.000363	210.526695	0.000064	6.4
523	-0.191111	210.324200	0.004882	6.6
524	-0.859570	210.122224	0.011319	6.8
525	-0.473818	209.920765	0.006575	6.7
526	-1.077380	209.719820	0.003287	6.5
527	-0.272441	209.519387	0.006847	6.7
528	-0.000000	209.319463	0.000000	6.4
529	-0.051503	209.120048	0.001425	6.5
530	-0.593259	208.921139	0.015523	9.6
531	-0.338422	208.722733	0.004601	7.3
532	-0.000000	208.524829	0.000000	8.8
533	-0.000081	208.327425	0.000019	7.8
534	-0.488338	208.130518	0.003297	6.5
535	-0.022694	207.934107	0.001635	8.6
536	-0.000000	207.738189	0.000000	8.4
537	-0.000000	207.542762	0.000000	8.0
538	-0.112648	207.347825	0.001684	6.5
539	-0.000354	207.153376	0.000065	6.9
540	-0.468108	206.959412	0.006281	7.5
541	-0.691748	206.765932	0.005841	6.6
542	-0.746504	206.572933	0.004075	6.7
543	-0.000000	206.380414	0.000000	6.7
544	-0.000000	206.188373	0.000000	11.8
545	-1.003342	205.996807	0.006558	7.5
546	-0.000000	205.805716	0.000000	12.0
547	-0.000000	205.615096	0.000000	10.9
548	-0.631680	205.424946	0.010800	6.6
549	-0.581028	205.235265	0.007978	12.2
550	-0.876166	205.046050	0.010416	3.4
551	-1.256677	204.857299	0.009495	6.6
552	-1.662792	204.669011	0.029382	6.7
553	-0.252294	204.481184	0.003419	6.5
554	-0.406364	204.293816	0.017577	6.6
555	-0.408927	204.106905	0.003739	6.6
556	-0.134402	203.920449	0.004447	12.8
557	-0.746610	203.734447	0.007377	7.3
558	-0.000000	203.548896	0.000000	6.4
559	-0.093385	203.363795	0.000404	6.7
560	-1.754152	203.179143	0.024687	6.8
561	-0.992775	202.994937	0.015465	7.0
562	-1.771920	202.811176	0.016018	7.8
563	-0.551916	202.627857	0.014220	6.6
564	-0.185913	202.444980	0.005636	7.0
565	-0.459611	202.262543	0.008170	6.2
566	-0.000002	202.080543	0.000000	11.6
567	-0.471784	201.898979	0.010115	7.4
568	-1.424614	201.717849	0.012649	6.8
569	-0.362010	201.537153	0.003977	10.0
570	-0.179689	201.356887	0.003213	12.2
571	-1.632817	201.177050	0.005182	12.2
572	-0.000000	200.997642	0.000000	8.1
573	-0.311853	200.818659	0.002697	7.1
574	-1.439008	200.640100	0.007525	6.8
575	-0.000000	200.461965	0.000000	7.3
576	-1.210660	200.284250	0.004725	6.7
577	-0.882737	200.106955	0.011334	6.6
578	-0.000000	199.930078	0.000000	9.2
579	-0.901005	199.753617	0.010141	6.6
580	-1.181872	199.577571	0.006382	9.3
581	-0.000000	199.401938	0.000000	17.7
582	-0.000066	199.226717	0.000016	6.8
583	-0.521003	199.051905	0.006554	11.6
584	-0.015789	198.877502	0.001343	11.2
585	-0.000000	198.703506	0.000000	6.4
586	-0.000000	198.529916	0.000000	6.6
587	-1.080612	198.356729	0.020137	6.6
588	-0.000000	198.183944	0.000000	6.5
589	-0.000000	198.011560	0.000000	9.3
590	-0.120056	197.839576	0.002356	6.7
591	-0.330950	197.667989	0.005039	6.8
592	-1.028953	197.496798	0.018333	10.4
593	-0.000000	197.326002	0.000000	11.8
594	-0.916888	197.155600	0.014026	6.1
595	-0.067549	196.985589	0.001659	8.6
596	-0.000000	196.815969	0.000000	6.5
597	-1.444295	196.646738	0.009833	6.7
598	-0.597728	196.477894	0.004738	6.5
599	-0.295795	196.309436	0.007172	7.1
600	-0.854897	196.141363	0.019718	6.8
601	-0.378856	195.973673	0.008041	6.4
602	-1.538618	195.806365	0.010537	6.8
603	-0.506638	195.639437	0.006215	6.8
604	-0.164497	195.472888	0.002837	6.7
605	-0.341407	195.306717	0.004921	11.1
606	-0.964402	195.140922	0.007414	10.2
607	-0.000000	194.975501	0.000000	7.0
608	-0.685757	194.810454	0.012325	8.4
609	-0.293779	194.645779	0.006864	6.6
610	-1.572034	194.481475	0.015755	7.5
611	-1.207737	194.317540	0.009017	6.4
612	-0.000000	194.153973	0.000000	7.3
613	-0.000000	193.990773	0.000000	11.7
614	-1.465810	193.827938	0.021648	12.0
615	-0.185632	193.665467	0.002651	8.4
616	-1.231339	193.503358	0.009407	11.8
617	-0.770057	193.341611	0.002695	6.6
618	-0.000000	193.180224	0.000000	11.9
619	-0.249409	193.019196	0.004404	6.8
620	-1.191168	192.858525	0.014583	6.6
621	-0.795274	192.698210	0.011811	6.6
622	-0.805506	192.538251	0.006299	6.7
623	-0.169477	192.378644	0.005694	6.3
624	-0.004266	192.219391	0.000199	6.8
625	-0.223368	192.060488	0.004219	6.8
626	-0.090182	191.901935	0.003386	8.4
627	-0.231015	191.743730	0.001198	6.5
628	-0.210430	191.585873	0.003776	7.0
629	-1.114063	191.428362	0.015506	7.0
630	-0.006092	191.271196	0.000779	11.3
631	-1.377942	191.114374	0.027838	11.9
632	-1.028385	190.957893	0.009333	11.1
633	-0.000000	190.801755	0.000000	8.9
634	-0.253919	190.645956	0.003686	7.9
635	-1.167416	190.490495	0.015534	6.6
636	-0.664098	190.335373	0.012056	6.7
637	-1.245574	190.180587	0.009213	6.9
638	-0.033742	190.026136	0.002634	6.1
639	-1.605021	189.872019	0.012086	6.7
640	-0.942926	189.718235	0.009171	6.7
641	-1.106763	189.564782	0.017643	6.4
642	-0.000000	189.411661	0.000000	9.4
643	-0.451610	189.258868	0.004204	6.9
644	-0.012054	189.106404	0.000568	12.2
645	-1.304728	188.954267	0.017078	8.6
646	-0.000000	188.802456	0.000000	8.0
647	-0.000000	188.650969	0.000000	6.9
648	-1.484261	188.499807	0.006952	6.7
649	-0.000000	188.348967	0.000000	6.5
650	-1.615299	188.198448	0.024543	6.6
651	-0.326454	188.048250	0.007908	6.7
652	-1.126412	187.898371	0.008806	6.7
653	-0.530042	187.748810	0.004140	6.5
654	-0.218780	187.599566	0.009548	6.7
655	-1.364248	187.450638	0.011444	9.0
656	-0.464769	187.302025	0.006354	7.0
657	-0.289128	187.153725	0.005856	6.7
658	-0.165795	187.005739	0.004758	6.8
659	-0.343064	186.858064	0.007710	7.0
660	-0.243785	186.710699	0.003552	6.5
661	-0.001857	186.563645	0.000253	6.6
662	-0.002740	186.416898	0.000522	6.4
663	-0.422087	186.270459	0.006747	6.7
664	-0.619935	186.124326	0.009889	6.5
665	-0.000005	185.978499	0.000002	6.6
666	-0.283720	185.832976	0.004677	6.3
667	-0.877013	185.687756	0.005263	6.6
668	-1.240184	185.542838	0.010645	6.8
669	-0.981529	185.398222	0.017741	6.8
670	-1.692098	185.253906	0.013341	7.6
671	-0.154658	185.109889	0.003525	7.8
672	-1.418901	184.966170	0.008403	11.8
673	-0.000000	184.822748	0.000000	7.4
674	-0.402555	184.679623	0.014602	6.6
675	-0.000000	184.536792	0.000000	9.8
676	-0.318064	184.394256	0.003460	6.5
677	-0.472588	184.252013	0.007638	6.6
678	-0.256694	184.110062	0.005112	6.6
679	-0.114068	183.968403	0.004041	6.7
680	-0.563224	183.827034	0.005495	7.0
681	-0.721742	183.685954	0.008679	6.7
682	-0.782145	183.545163	0.011173	6.7
683	-0.269164	183.404658	0.002721	12.4
684	-1.143262	183.264441	0.010634	6.4
685	-0.014872	183.124509	0.001571	6.4
686	-0.000000	182.984861	0.000000	6.7
687	-1.195597	182.845497	0.018322	6.6
688	-1.166910	182.706416	0.008453	9.8
689	-1.240313	182.567616	0.010494	9.1
690	-0.002152	182.429098	0.000311	7.0
691	-0.498113	182.290859	0.006261	7.0
692	-0.139158	182.152899	0.005275	6.9
693	-1.295709	182.015217	0.006477	6.8
694	-0.005216	181.877813	0.000361	6.8
695	-0.324897	181.740684	0.007138	7.4
696	-1.369280	181.603832	0.012015	12.6
697	-0.946029	181.467253	0.005382	9.5
698	-0.626933	181.330948	0.016922	11.6
699	-0.000000	181.194916	0.000000	7.8
700	-0.014251	181.059155	0.000513	6.1
701	-0.021737	180.923666	0.001707	6.6
702	-0.240832	180.788446	0.005733	11.9
703	-1.358788	180.653496	0.016073	6.5
704	-0.943799	180.518814	0.010879	14.5
705	-1.567293	180.384399	0.008002	2.4
706	-1.280003	180.250251	0.004222	6.8
707	-0.868257	180.116369	0.007554	13.1
708	-1.013542	179.982752	0.010008	3.4
709	-0.230469	179.849398	0.006428	6.7
710	-1.590283	179.716308	0.013124	7.0
711	-0.432433	179.583480	0.006374	7.1
712	-1.503446	179.450913	0.012282	6.8
713	-0.000000	179.318607	0.000000	6.5
714	-0.243081	179.186561	0.003840	6.6
715	-0.000000	179.054774	0.000000	6.8
716	-0.000000	178.923245	0.000000	10.9
717	-0.052503	178.791973	0.003799	6.2
718	-0.281692	178.660958	0.009457	6.7
719	-0.000000	178.530199	0.000000	6.7
720	-1.247911	178.399694	0.034746	11.3
721	-0.000000	178.269444	0.000000	6.6
722	-0.982680	178.139447	0.010264	6.8
723	-1.332677	178.009702	0.008985	12.3
724	-1.557182	177.880209	0.011948	6.7
725	-0.465351	177.750967	0.004302	6.1
726	-0.000000	177.621975	0.000000	10.6
727	-1.498471	177.493232	0.009717	6.6
728	-0.005284	177.364738	0.000748	6.3
729	-0.810447	177.236492	0.009580	8.8
730	-1.021717	177.108492	0.012302	6.6
731	-0.508905	176.980739	0.013680	6.7
732	-0.481423	176.853231	0.004413	6.6
733	-1.899973	176.725968	0.014828	14.1
734	-0.285122	176.598949	0.007656	6.6
735	-0.000000	176.472173	0.000000	6.0
736	-1.045453	176.345639	0.004705	6.0
737	-1.182172	176.219348	0.024715	6.7
738	-0.373051	176.093296	0.007302	8.4
739	-0.239164	175.967486	0.002576	6.5
740	-0.196521	175.841914	0.001731	6.7
741	-1.263770	175.716581	0.012504	6.5
742	-0.893807	175.591486	0.014411	8.1
743	-0.136928	175.466629	0.003463	6.5
744	-0.000000	175.342008	0.000000	11.9
745	-0.468686	175.217622	0.007213	6.9
746	-0.572613	175.093472	0.003893	10.5
747	-0.067171	174.969556	0.003408	6.3
748	-1.406821	174.845873	0.012461	6.6
749	-1.652722	174.722423	0.005433	14.9
750	-1.152811	174.599206	0.012496	3.9
751	-0.925804	174.476220	0.006495	6.5
752	-1.067898	174.353464	0.005913	6.6
753	-0.000000	174.230939	0.000000	6.4
754	-0.844944	174.108643	0.004646	6.6
755	-0.000000	173.986576	0.000000	6.7
756	-0.365413	173.864737	0.005893	6.8
757	-0.308234	173.743124	0.005064	6.8
758	-1.440052	173.621739	0.006681	7.2
759	-1.503155	173.500579	0.005605	10.0
760	-0.710332	173.379645	0.007671	7.5
761	-0.000067	173.258935	0.000015	6.6
762	-1.009848	173.138449	0.008209	7.2
763	-0.000000	173.018186	0.000000	6.1
764	-0.156136	172.898146	0.001406	6.4
765	-0.450238	172.778327	0.005534	6.5
766	-0.759997	172.658730	0.008777	7.0
767	-0.000000	172.539353	0.000000	8.3
768	-0.125721	172.420196	0.001533	6.7
769	-0.388409	172.301258	0.004109	6.7
770	-1.530077	172.182539	0.013783	7.1
771	-1.462323	172.064037	0.011132	6.9
772	-0.243187	171.945753	0.002885	6.5
773	-0.045623	171.827686	0.002447	11.6
774	-0.322567	171.709834	0.004926	9.9
775	-1.200737	171.592198	0.010507	6.4
776	-0.482650	171.474776	0.007020	13.3
777	-0.241146	171.357568	0.003083	2.6
778	-0.000000	171.240574	0.000000	6.7
779	-0.111336	171.123793	0.002887	6.5
780	-0.703263	171.007223	0.007814	6.6
781	-0.000000	170.890865	0.000000	6.5
782	-0.850433	170.774718	0.007553	7.1
783	-0.000001	170.658782	0.000000	6.1
784	-0.316653	170.543055	0.003692	7.1
785	-1.578095	170.427537	0.022529	7.1
786	-1.366611	170.312227	0.013577	11.1
787	-0.457227	170.197125	0.003505	11.6
788	-1.609759	170.082231	0.028797	10.2
789	-0.426314	169.967543	0.008087	6.7
790	-0.858737	169.853061	0.018412	6.5
791	-0.319229	169.738784	0.005930	6.8
792	-0.846380	169.624713	0.006987	6.6
793	-1.295563	169.510845	0.009086	6.8
794	-0.243500	169.397181	0.008394	6.6
795	-0.548816	169.283720	0.006541	6.5
796	-0.868140	169.170462	0.011167	6.5
797	-0.505363	169.057405	0.007833	6.5
798	-0.000001	168.944549	0.000000	6.7
799	-1.713364	168.831895	0.014880	9.6
800	-0.579572	168.719440	0.009300	7.3
801	-1.089955	168.607185	0.016475	6.5
802	-0.783989	168.495129	0.006828	6.5
803	-1.757790	168.383271	0.022593	12.0
804	-0.807820	168.271611	0.011096	6.2
805	-0.874797	168.160148	0.004119	8.2
806	-0.000248	168.048882	0.000050	6.6
807	-0.227977	167.937812	0.001872	6.7
808	-0.333342	167.826938	0.014669	6.5
809	-0.063888	167.716258	0.002884	6.8
810	-1.340863	167.605773	0.016349	11.8
811	-1.094235	167.495482	0.016174	11.3
812	-0.000000	167.385384	0.000000	7.0
813	-0.000000	167.275479	0.000000	6.2
814	-1.154383	167.165766	0.005079	6.5
815	-0.759116	167.056245	0.014744	6.3
816	-0.009478	166.946915	0.000906	6.4
817	-0.041707	166.837776	0.002402	9.3
818	-0.000000	166.728826	0.000000	6.5
819	-0.009842	166.620067	0.000747	6.5
820	-0.822910	166.511496	0.006858	6.7
821	-0.000000	166.403113	0.000000	7.6
822	-0.273580	166.294919	0.005308	6.7
823	-1.107737	166.186912	0.005481	7.2
824	-0.125524	166.079091	0.004454	7.1
825	-0.986212	165.971458	0.005787	11.0
826	-0.000018	165.864009	0.000005	11.8
827	-0.000000	165.756747	0.000000	6.4
828	-1.347876	165.649669	0.017040	6.5
829	-0.000003	165.542775	0.000001	12.3
830	-1.119225	165.436065	0.004212	7.2
831	-1.451387	165.329538	0.014684	7.2
832	-1.618591	165.223194	0.014157	6.6
833	-1.702237	165.117032	0.015001	6.9
834	-1.234949	165.011052	0.015407	7.0
835	-0.775437	164.905253	0.008945	6.8
836	-0.144890	164.799635	0.002652	6.7
837	-0.197085	164.694197	0.004511	13.0
838	-1.452797	164.588939	0.015721	8.6
839	-0.048079	164.483859	0.001223	6.9
840	-0.322777	164.378959	0.007939	6.7
841	-1.079285	164.274237	0.014195	6.2
842	-1.266806	164.169692	0.011271	6.7
843	-0.250952	164.065325	0.007378	7.1
844	-0.478120	163.961135	0.006604	9.3
845	-0.000000	163.857120	0.000000	7.9
846	-1.314378	163.753282	0.024557	6.9
847	-0.855822	163.649619	0.013822	6.8
848	-0.000000	163.546130	0.000000	7.0
849	-0.000000	163.442816	0.000000	11.1
850	-0.015836	163.339676	0.000420	7.9
851	-0.000001	163.236709	0.000000	6.9
852	-1.274115	163.133915	0.008177	6.5
853	-0.000000	163.031294	0.000000	10.6
854	-0.111985	162.928844	0.003593	6.5
855	-1.299215	162.826566	0.008713	9.2
856	-0.000000	162.724459	0.000000	7.0
857	-0.000000	162.622523	0.000000	11.5
858	-0.911860	162.520757	0.004434	9.1
859	-0.168505	162.419160	0.007116	6.6
860	-0.892471	162.317733	0.009379	6.3
861	-0.000000	162.216474	0.000000	7.0
862	-0.958653	162.115383	0.036571	11.7
863	-0.476876	162.014461	0.006246	6.6
864	-0.112385	161.913705	0.001717	12.3
865	-0.000000	161.813117	0.000000	5.2
866	-0.000000	161.712695	0.000000	6.3
867	-1.523892	161.612439	0.012611	6.7
868	-0.646421	161.512349	0.006716	6.5
869	-0.000000	161.412424	0.000000	6.6
870	-1.765801	161.312663	0.009583	6.6
871	-0.145671	161.213067	0.005115	6.9
872	-0.090133	161.113635	0.002502	7.6
873	-0.129846	161.014366	0.002085	8.4
874	-0.648160	160.915260	0.008399	6.7
875	-0.022713	160.816316	0.000440	7.7
876	-0.806163	160.717535	0.030231	8.6
877	-0.000000	160.618915	0.000000	8.8
878	-0.935846	160.520456	0.013959	6.4
879	-1.465289	160.422158	0.012638	6.6
880	-0.207705	160.324021	0.004170	6.8
881	-0.540755	160.226043	0.007045	12.0
882	-1.247765	160.128225	0.013775	6.7
883	-1.035823	160.030566	0.010651	6.7
884	-1.201899	159.933066	0.014159	10.3
885	-0.050852	159.835723	0.002196	6.4
886	-0.000000	159.738539	0.000000	11.3
887	-0.254514	159.641512	0.003830	8.9
888	-0.000000	159.544642	0.000000	9.2
889	-0.971436	159.447929	0.012955	11.1
890	-0.512646	159.351372	0.007049	6.5
891	-0.142336	159.254971	0.004266	6.4
892	-0.338351	159.158725	0.004930	7.8
893	-0.157657	159.062634	0.005762	6.9
894	-0.691718	158.966697	0.008080	6.7
895	-0.225959	158.870915	0.004418	6.8
896	-1.870130	158.775286	0.009350	6.9
897	-0.196544	158.679811	0.004787	6.7
898	-0.931537	158.584489	0.011181	6.6
899	-0.000000	158.489319	0.000000	6.4
900	-0.709510	158.394302	0.014097	6.7
901	-1.060833	158.299436	0.008664	10.1
902	-0.000000	158.204721	0.000000	6.3
903	-1.155387	158.110158	0.012125	12.2
904	-0.125971	158.015745	0.003493	9.1
905	-0.000000	157.921482	0.000000	6.3
906	-0.098606	157.827369	0.001986	12.2
907	-0.888123	157.733406	0.006034	6.6
908	-0.000001	157.639591	0.000000	6.5
909	-0.274856	157.545925	0.003020	6.7
910	-0.000125	157.452408	0.000021	7.2
911	-0.283675	157.359038	0.004762	6.7
912	-0.467150	157.265816	0.004173	6.7
913	-0.000000	157.172741	0.000000	12.5
914	-0.901285	157.079813	0.006449	6.8
915	-0.101726	156.987031	0.003252	6.9
916	-0.389662	156.894395	0.002748	6.6
917	-0.985716	156.801904	0.006226	7.0
918	-0.591315	156.709559	0.013328	6.8
919	-0.404138	156.617359	0.004433	6.4
920	-0.558722	156.525304	0.011452	6.6
921	-0.000000	156.433392	0.000000	6.2
922	-1.828902	156.341624	0.015694	7.0
923	-1.210477	156.250000	0.003594	6.4
924	-0.002607	156.158519	0.000123	6.6
925	-1.141335	156.067180	0.024310	6.5
926	-0.103430	155.975984	0.003410	6.2
927	-1.022021	155.884930	0.008641	7.5
928	-1.468697	155.794017	0.015627	13.9
929	-0.000000	155.703246	0.000000	15.3
930	-0.698786	155.612615	0.006969	3.6
931	-0.000000	155.522125	0.000000	8.1
932	-0.842332	155.431775	0.005636	11.8
933	-0.255873	155.341565	0.012425	6.2
934	-0.414467	155.251495	0.007230	6.2
935	-0.889490	155.161563	0.004255	6.4
936	-1.458910	155.071771	0.005909	8.1
937	-0.393171	154.982117	0.013242	11.7
938	-0.000088	154.892601	0.000012	6.2
939	-1.338980	154.803222	0.012896	9.6
940	-1.269951	154.713981	0.021095	7.0
941	-0.000002	154.624878	0.000001	7.2
942	-0.557653	154.535910	0.007647	7.0
943	-0.107707	154.447080	0.004315	6.7
944	-0.018227	154.358385	0.001214	11.6
945	-0.227762	154.269826	0.003992	4.4
946	-0.000000	154.181402	0.000000	6.6
947	-0.000000	154.093114	0.000000	6.0
948	-0.943996	154.004960	0.016490	6.7
949	-0.924758	153.916940	0.009584	6.5
950	-0.273536	153.829054	0.010580	6.8
951	-0.727536	153.741303	0.010023	7.0
952	-1.279221	153.653684	0.010127	8.4
953	-0.184920	153.566198	0.003417	9.0
954	-1.082816	153.478846	0.008753	6.2
955	-0.513896	153.391625	0.007111	13.6
956	-1.264025	153.304537	0.014444	8.9
957	-0.000000	153.217580	0.000000	5.5
958	-0.416931	153.130755	0.002775	7.0
959	-0.994750	153.044061	0.007409	10.2
960	-0.849509	152.957498	0.009571	6.5
961	-0.386798	152.871065	0.002091	6.9
962	-0.717219	152.784762	0.010008	7.5
963	-0.236106	152.698589	0.006700	7.0
964	-1.254027	152.612545	0.011488	11.3
965	-0.581985	152.526631	0.008006	5.9
966	-0.125455	152.440845	0.005669	6.6
967	-0.798237	152.355188	0.019458	7.3
968	-0.549252	152.269660	0.006003	6.8
969	-0.769393	152.184259	0.011216	6.6
970	-1.466709	152.098986	0.010445	6.8
971	-0.000000	152.013840	0.000000	6.3
972	-0.000000	151.928821	0.000000	7.0
973	-0.965821	151.843928	0.011485	10.2
974	-1.837496	151.759163	0.013107	6.5
975	-0.480219	151.674523	0.009846	11.0
976	-0.000000	151.590009	0.000000	8.9
977	-0.881146	151.505620	0.009843	11.9
978	-0.000000	151.421357	0.000000	6.4
979	-0.173469	151.337218	0.007276	7.0
980	-0.657914	151.253204	0.015426	6.7
981	-0.166654	151.169314	0.002150	6.6
982	-0.284215	151.085549	0.004051	6.8
983	-0.380024	151.001907	0.009521	7.5
984	-0.000000	150.918388	0.000000	6.9
985	-0.332652	150.834992	0.004981	6.9
986	-1.119131	150.751719	0.014460	6.8
987	-0.120037	150.668569	0.004676	6.9
988	-0.463737	150.585541	0.011331	6.7
989	-0.748806	150.502634	0.011747	6.5
990	-1.320546	150.419849	0.013140	13.2
991	-1.503909	150.337186	0.008364	11.9
992	-0.208737	150.254644	0.006710	7.2
993	-0.610536	150.172222	0.007216	8.8
994	-0.702054	150.089921	0.005200	7.0
995	-0.000000	150.007740	0.000000	6.2
996	-0.083817	149.925679	0.002932	6.6
997	-0.745122	149.843737	0.014465	7.1
998	-1.472317	149.761915	0.006998	6.6
999	-0.879689	149.680212	0.004850	10.2
1000	-0.350248	149.598627	0.007194	6.6
1001	-1.466687	149.517161	0.018707	6.4
1002	-0.765478	149.435814	0.012330	6.6
1003	-0.632918	149.354584	0.009560	11.8
1004	-0.348153	149.273472	0.004000	7.2
1005	-0.298557	149.192477	0.004720	6.6
1006	-0.000000	149.111599	0.000000	6.7
1007	-0.639360	149.030838	0.007168	6.5
1008	-0.169170	148.950194	0.005268	6.6
1009	-0.000025	148.869666	0.000007	9.6
1010	-0.279007	148.789253	0.004904	8.0
1011	-0.754978	148.708957	0.013017	6.6
1012	-1.283469	148.628776	0.006030	6.7
1013	-0.280831	148.548710	0.006172	6.4
1014	-0.735708	148.468759	0.006791	12.2
1015	-0.022852	148.388923	0.001317	2.7
1016	-1.442445	148.309201	0.011695	10.8
1017	-0.755319	148.229594	0.004516	6.5
1018	-0.544143	148.150100	0.004309	6.5
1019	-1.228563	148.070719	0.018092	6.7
1020	-0.155454	147.991452	0.003442	7.0
1021	-0.807383	147.912298	0.005463	6.6
1022	-0.678848	147.833257	0.012380	6.6
1023	-0.150996	147.754329	0.003438	6.8
1024	-1.504157	147.675512	0.025043	6.6
1025	-0.115331	147.596808	0.001038	6.5
1026	-0.698405	147.518216	0.005431	6.8
1027	-0.459854	147.439735	0.007115	6.4
1028	-0.762802	147.361365	0.005249	6.6
1029	-0.921153	147.283106	0.010568	6.7
1030	-0.166427	147.204958	0.007007	11.0
1031	-0.000000	147.126920	0.000000	8.1
1032	-0.000712	147.048993	0.000138	7.1
1033	-0.293417	146.971175	0.004640	6.9
1034	-0.349808	146.893468	0.007371	7.0
1035	-0.530878	146.815869	0.012619	6.1
1036	-1.098464	146.738380	0.009310	12.9
1037	-0.976928	146.661000	0.016732	8.0
1038	-0.861729	146.583729	0.020160	7.1
1039	-0.001288	146.506566	0.000218	7.2
1040	-0.000000	146.429511	0.000000	6.6
1041	-1.138913	146.352565	0.009584	6.3
1042	-0.552765	146.275726	0.011210	6.5
1043	-0.600095	146.198994	0.012342	7.2
1044	-1.779623	146.122370	0.007210	7.8
1045	-0.324908	146.045853	0.005338	6.8
1046	-0.384623	145.969442	0.004148	6.6
1047	-0.000000	145.893139	0.000000	6.9
1048	-0.735632	145.816941	0.006750	6.6
1049	-1.402262	145.740849	0.007499	6.9
1050	-0.592311	145.664863	0.016976	6.3
1051	-1.733287	145.588983	0.007115	11.5
1052	-0.915678	145.513208	0.011021	14.7
1053	-1.399566	145.437538	0.004660	3.7
1054	-0.044576	145.361973	0.002147	6.5
1055	-0.000000	145.286513	0.000000	6.9
1056	-1.239644	145.211157	0.012254	16.7
1057	-1.041270	145.135905	0.021885	5.8
1058	-0.398829	145.060757	0.005082	11.6
1059	-1.186212	144.985712	0.005901	7.0
1060	-0.000000	144.910771	0.000000	6.6
1061	-0.768097	144.835934	0.008927	11.8
1062	-0.403866	144.761199	0.005576	2.5
1063	-1.478666	144.686567	0.004800	6.8
1064	-0.481349	144.612037	0.005528	7.0
1065	-0.033326	144.537610	0.001993	6.8
1066	-0.381496	144.463285	0.009771	9.2
1067	-1.439269	144.389062	0.007517	8.5
1068	-1.044040	144.314940	0.003484	8.2
1069	-1.863586	144.240920	0.015213	7.0
1070	-1.062087	144.167001	0.006164	8.6
1071	-1.121726	144.093182	0.009993	6.8
1072	-0.406654	144.019465	0.002776	6.6
1073	-0.308170	143.945848	0.006237	10.4
1074	-0.932652	143.872331	0.006592	7.0
1075	-0.217158	143.798914	0.004246	7.0
1076	-0.449335	143.725597	0.004951	6.6
1077	-0.623685	143.652380	0.016956	6.9
1078	-0.522136	143.579262	0.013191	6.8
1079	-1.193281	143.506243	0.021473	6.8
1080	-1.389964	143.433323	0.015928	11.8
1081	-0.881231	143.360502	0.005843	11.7
1082	-1.363146	143.287780	0.010163	6.4
1083	-0.536021	143.215155	0.001899	6.6
1084	-0.000000	143.142629	0.000000	6.5
1085	-0.420473	143.070201	0.009267	6.4
1086	-0.029710	142.997870	0.001247	6.5
1087	-0.862714	142.925637	0.006649	9.8
1088	-0.000000	142.853501	0.000000	6.0
1089	-1.410504	142.781462	0.010689	6.6
1090	-0.540201	142.709519	0.003648	10.6
1091	-0.226620	142.637674	0.003128	7.7
1092	-0.014267	142.565924	0.001161	6.8
1093	-1.326111	142.494271	0.009533	9.1
1094	-0.628276	142.422714	0.008100	7.8
1095	-0.000000	142.351252	0.000000	6.2
1096	-0.633189	142.279886	0.009636	6.9
1097	-1.706918	142.208616	0.016857	6.9
1098	-0.007271	142.137440	0.000213	7.3
1099	-0.937277	142.066360	0.036179	6.3
1100	-0.000045	141.995374	0.000011	9.6
1101	-0.253733	141.924483	0.004935	7.1
1102	-0.156322	141.853685	0.002951	7.1
1103	-1.295519	141.782983	0.011687	6.9
1104	-0.384112	141.712373	0.004206	6.4
1105	-1.103109	141.641858	0.030062	6.8
1106	-0.965682	141.571436	0.012162	8.4
1107	-0.000000	141.501108	0.000000	12.3
1108	-0.000000	141.430872	0.000000	8.5
1109	-0.780069	141.360730	0.007227	6.6
1110	-0.000000	141.290680	0.000000	9.3
1111	-1.504434	141.220722	0.008539	6.8
1112	-0.621426	141.150857	0.004740	7.2
1113	-1.060230	141.081084	0.007595	8.0
1114	-0.173322	141.011403	0.006217	9.8
1115	-0.300730	140.941813	0.005561	7.9
1116	-1.245753	140.872315	0.020914	6.5
1117	-1.233659	140.802909	0.011055	7.1
1118	-0.663183	140.733593	0.012117	10.0
1119	-1.856921	140.664369	0.012687	6.7
1120	-0.137594	140.595235	0.003719	6.4
1121	-0.866599	140.526192	0.008660	6.4
1122	-1.270901	140.457239	0.017007	6.6
1123	-0.919080	140.388376	0.008958	6.8
1124	-0.002866	140.319603	0.000450	6.9
1125	-0.448093	140.250920	0.006790	6.5
1126	-1.057871	140.182326	0.012258	6.6
1127	-0.000000	140.113822	0.000000	6.7
1128	-0.683472	140.045407	0.005270	6.8
1129	-1.192930	139.977081	0.012205	11.9
1130	-0.454707	139.908844	0.005665	6.8
1131	-0.000000	139.840696	0.000000	6.6
1132	-0.000000	139.772635	0.000000	13.1
1133	-0.720234	139.704664	0.014441	6.3
1134	-0.889402	139.636780	0.007726	6.3
1135	-0.695658	139.568984	0.009708	9.5
1136	-0.937979	139.501276	0.009929	6.8
1137	-1.194735	139.433655	0.014295	6.9
1138	-0.097060	139.366122	0.002441	6.7
1139	-0.000000	139.298676	0.000000	11.9
1140	-0.837605	139.231317	0.018921	7.5
1141	-0.276900	139.164045	0.007385	6.5
1142	-0.000000	139.096859	0.000000	6.5
1143	-1.205276	139.029760	0.010471	7.0
1144	-0.185891	138.962747	0.004383	7.9
1145	-1.300635	138.895820	0.011950	7.1
1146	-1.078455	138.828978	0.009427	7.1
1147	-0.663791	138.762223	0.009759	6.9
1148	-0.613594	138.695553	0.016466	7.1
1149	-0.315083	138.628969	0.004957	6.5
1150	-0.303313	138.562469	0.004876	6.7
1151	-0.586453	138.496055	0.009011	7.0
1152	-0.562906	138.429725	0.009815	6.5
1153	-0.000000	138.363481	0.000000	6.4
1154	-0.000000	138.297320	0.000000	6.4
1155	-0.378482	138.231244	0.009978	6.5
1156	-0.544238	138.165252	0.008036	6.9
1157	-0.000000	138.099344	0.000000	6.3
1158	-0.200687	138.033520	0.006328	6.5
1159	-1.120956	137.967779	0.005666	9.5
1160	-0.497563	137.902122	0.006163	7.0
1161	-1.547592	137.836548	0.031980	6.8
1162	-0.740271	137.771057	0.007115	6.7
1163	-1.033147	137.705649	0.007950	6.3
1164	-1.796186	137.640324	0.012299	6.7
1165	-0.000000	137.575081	0.000000	6.5
1166	-1.054908	137.509921	0.016066	6.5
1167	-1.279844	137.444842	0.007800	15.6
1168	-0.017669	137.379846	0.001398	11.4
1169	-0.943176	137.314932	0.021282	6.0
1170	-1.492391	137.250100	0.011281	6.7
1171	-1.031908	137.185349	0.015499	9.1
1172	-1.061681	137.120680	0.009749	12.0
1173	-0.599902	137.056092	0.006557	6.5
1174	-0.995734	136.991585	0.016506	6.9
1175	-0.606201	136.927158	0.009540	6.2
1176	-0.283351	136.862813	0.003972	6.4
1177	-1.179792	136.798548	0.012144	6.7
1178	-0.000000	136.734363	0.000000	6.7
1179	-0.000000	136.670259	0.000000	6.7
1180	-0.000002	136.606235	0.000000	6.4
1181	-0.740382	136.542291	0.016665	8.7
1182	-1.747812	136.478426	0.011003	11.8
1183	-0.000000	136.414641	0.000000	6.9
1184	-1.436914	136.350936	0.034192	7.2
1185	-0.002717	136.287310	0.000428	7.9
1186	-1.716048	136.223763	0.017723	8.1
1187	-0.000358	136.160295	0.000070	8.3
1188	-0.257618	136.096905	0.003144	7.0
1189	-1.610181	136.033594	0.016150	6.7
1190	-0.000000	135.970362	0.000000	9.8
1191	-0.208839	135.907208	0.005412	11.5
1192	-0.937118	135.844133	0.008577	8.4
1193	-0.621908	135.781135	0.010586	6.7
1194	-0.381274	135.718215	0.004531	6.7
1195	-1.005082	135.655373	0.008734	6.7
1196	-0.000000	135.592608	0.000000	6.3
1197	-0.000000	135.529921	0.000000	6.8
1198	-0.000000	135.467311	0.000000	10.6
1199	-0.693656	135.404778	0.009901	6.5
1200	-0.496207	135.342322	0.004515	6.7
1201	-0.423485	135.279942	0.008702	8.0
1202	-0.000000	135.217640	0.000000	7.0
1203	-0.624029	135.155413	0.008682	13.1
1204	-0.726038	135.093263	0.007884	6.6
1205	-0.000086	135.031190	0.000023	6.7
1206	-0.314244	134.969192	0.003191	6.7
1207	-1.097884	134.907270	0.008926	10.1
1208	-0.682672	134.845424	0.004295	6.9
1209	-1.204309	134.783653	0.021749	8.8
1210	-0.000000	134.721958	0.000000	17.5
1211	-0.745334	134.660338	0.004283	7.5
1212	-0.465091	134.598793	0.010846	11.0
1213	-0.172816	134.537323	0.003504	7.4
1214	-1.575590	134.475927	0.008550	6.5
1215	-0.003120	134.414607	0.000220	10.1
1216	-0.728722	134.353361	0.005096	8.3
1217	-0.677697	134.292189	0.011242	11.5
1218	-0.844920	134.231092	0.011573	6.2
1219	-0.867623	134.170068	0.004904	6.9
1220	-1.433601	134.109119	0.007540	6.8
1221	-1.385593	134.048243	0.009230	11.6
1222	-0.540589	133.987441	0.012058	6.7
1223	-1.145064	133.926713	0.013083	6.8
1224	-0.315782	133.866057	0.004241	6.5
1225	-0.236014	133.805475	0.004524	6.6
1226	-0.480486	133.744966	0.004516	6.7
1227	-1.496710	133.684530	0.028029	6.7
1228	-0.142583	133.624167	0.003642	16.6
1229	-0.803732	133.563877	0.014631	6.9
1230	-0.000000	133.503658	0.000000	6.5
1231	-0.868846	133.443513	0.003254	7.7
1232	-0.122521	133.383439	0.002086	7.3
1233	-0.742053	133.323437	0.010826	9.0
1234	-1.149934	133.263508	0.010567	7.1
1235	-0.156500	133.203650	0.004350	6.4
1236	-0.035659	133.143864	0.001942	6.4
1237	-0.904338	133.084149	0.013450	7.3
1238	-0.859393	133.024506	0.013395	6.8
1239	-0.128718	132.964934	0.004750	6.5
1240	-0.746461	132.905433	0.011649	6.5
1241	-0.000000	132.846003	0.000000	12.2
1242	-0.098067	132.786643	0.002538	5.5
1243	-0.274162	132.727355	0.007358	7.4
1244	-0.871403	132.668137	0.011124	6.7
1245	-0.339540	132.608989	0.001704	7.0
1246	-0.000000	132.549912	0.000000	13.8
1247	-0.889765	132.490904	0.009972	9.7
1248	-0.475421	132.431967	0.007989	6.8
1249	-0.296695	132.373100	0.003936	10.5
1250	-1.176086	132.314302	0.012739	7.2
1251	-1.221438	132.255574	0.010500	6.6
1252	-1.130704	132.196916	0.012523	7.1
1253	-0.925183	132.138326	0.007928	6.9
1254	-0.260274	132.079806	0.005535	7.0
1255	-0.000159	132.021355	0.000032	8.4
1256	-0.348120	131.962973	0.011822	11.8
1257	-1.506596	131.904660	0.015922	6.7
1258	-0.000014	131.846415	0.000004	9.2
1259	-0.194682	131.788239	0.006474	7.7
1260	-0.022345	131.730131	0.000518	7.4
1261	-0.000000	131.672092	0.000000	6.5
1262	-0.648360	131.614121	0.004712	6.8
1263	-1.531495	131.556217	0.023349	6.6
1264	-0.449981	131.498382	0.008028	6.5
1265	-0.536462	131.440614	0.009002	10.2
1266	-0.559966	131.382914	0.009808	8.0
1267	-0.771978	131.325282	0.010073	6.8
1268	-0.241820	131.267717	0.002758	7.6
1269	-0.220567	131.210219	0.009531	6.7
1270	-1.162476	131.152788	0.030680	6.5
1271	-0.703621	131.095424	0.013684	8.2
1272	-0.000026	131.038127	0.000007	7.2
1273	-0.882758	130.980897	0.005475	7.2
1274	-0.000000	130.923733	0.000000	6.5
1275	-1.275604	130.866636	0.008499	7.0
1276	-0.918628	130.809605	0.011405	6.4
1277	-0.460620	130.752641	0.007063	6.5
1278	-0.439668	130.695742	0.008697	6.5
1279	-0.451847	130.638910	0.006752	6.7
1280	-1.337736	130.582143	0.008696	6.6
1281	-0.262079	130.525442	0.003901	7.1
1282	-0.000000	130.468807	0.000000	6.6
1283	-0.494437	130.412237	0.013601	6.8
1284	-0.000000	130.355733	0.000000	6.6
1285	-1.585997	130.299294	0.006162	6.4
1286	-0.050467	130.242920	0.000710	12.0
1287	-0.618259	130.186611	0.017157	6.2
1288	-0.000000	130.130366	0.000000	6.4
1289	-1.535496	130.074187	0.026082	6.4
1290	-0.000000	130.018072	0.000000	6.3
1291	-0.096278	129.962022	0.001762	6.4
1292	-0.601011	129.906036	0.003768	6.6
1293	-0.258291	129.850114	0.004415	11.7
1294	-0.317080	129.794257	0.003185	8.9
1295	-1.641663	129.738463	0.032060	6.8
1296	-1.195094	129.682734	0.021345	6.7
1297	-0.440115	129.627068	0.006506	6.9
1298	-1.454799	129.571466	0.007992	6.5
1299	-0.179265	129.515927	0.004606	8.2
1300	-1.426493	129.460452	0.009333	7.0
1301	-0.201926	129.405040	0.007777	11.3
1302	-0.000209	129.349692	0.000041	6.2
1303	-0.266079	129.294406	0.007924	11.6
1304	-0.000000	129.239183	0.000000	6.3
1305	-0.741005	129.184024	0.004128	6.6
1306	-0.612428	129.128927	0.012063	10.7
1307	-0.042893	129.073892	0.003335	6.5
1308	-0.399030	129.018921	0.003339	6.5
1309	-0.153900	128.964011	0.002924	6.6
1310	-0.449517	128.909164	0.008504	6.3
1311	-1.751710	128.854379	0.006452	9.7
1312	-1.552370	128.799656	0.016315	11.9
1313	-1.092600	128.744995	0.011974	6.4
1314	-0.000000	128.690396	0.000000	6.9
1315	-1.033557	128.635858	0.010483	5.9
1316	-0.622469	128.581382	0.011898	6.3
1317	-0.000000	128.526968	0.000000	6.9
1318	-0.142519	128.472615	0.004145	7.1
1319	-0.000000	128.418323	0.000000	12.0
1320	-0.871544	128.364092	0.012675	7.9
1321	-0.152956	128.309922	0.004694	6.8
1322	-0.594335	128.255814	0.029156	6.5
1323	-0.480790	128.201766	0.007308	6.0
1324	-0.421884	128.147778	0.006887	11.9
1325	-0.063736	128.093852	0.001382	5.9
1326	-1.608770	128.039985	0.014873	6.7
1327	-1.246328	127.986180	0.014852	8.8
1328	-1.336273	127.932434	0.012416	6.9
1329	-0.061683	127.878749	0.001353	6.6
1330	-0.000000	127.825123	0.000000	7.3
1331	-0.460677	127.771558	0.005699	6.5
1332	-0.242952	127.718052	0.003002	6.5
1333	-1.331895	127.664606	0.010011	6.5
1334	-1.097666	127.611220	0.008414	6.4
1335	-0.354767	127.557893	0.004521	6.3
1336	-0.298227	127.504625	0.005058	6.7
1337	-1.440680	127.451417	0.012865	6.4
1338	-0.000000	127.398268	0.000000	12.6
1339	-0.603027	127.345178	0.011446	7.4
1340	-0.656923	127.292147	0.006033	6.7
1341	-0.166311	127.239175	0.001933	6.5
1342	-0.453204	127.186261	0.007504	6.6
1343	-0.000000	127.133407	0.000000	6.8
1344	-1.010002	127.080610	0.008187	6.5
1345	-1.360839	127.027872	0.013740	7.9
1346	-0.112211	126.975193	0.001877	7.3
1347	-0.950683	126.922572	0.012310	7.2
1348	-1.660149	126.870008	0.008101	6.7
1349	-0.000000	126.817503	0.000000	6.7
1350	-1.415211	126.765056	0.011207	9.6
1351	-1.325514	126.712667	0.004775	10.8
1352	-0.059820	126.660335	0.001191	7.0
1353	-0.118920	126.608061	0.004447	8.0
1354	-0.341796	126.555844	0.002256	6.4
1355	-0.284578	126.503685	0.010442	6.5
1356	-0.000000	126.451583	0.000000	6.6
1357	-1.501602	126.399538	0.018011	6.7
1358	-0.674052	126.347550	0.009179	6.4
1359	-0.000000	126.295619	0.000000	6.2
1360	-0.000000	126.243745	0.000000	12.8
1361	-0.357504	126.191928	0.002943	10.9
1362	-0.000000	126.140168	0.000000	11.2
1363	-0.117626	126.088464	0.002030	13.4
1364	-1.015805	126.036817	0.005308	6.5
1365	-0.286166	125.985226	0.009212	6.6
1366	-0.678220	125.933691	0.014487	6.5
1367	-0.535847	125.882212	0.004001	11.7
1368	-1.239766	125.830790	0.010438	5.8
1369	-0.076434	125.779423	0.002536	6.7
1370	-0.000000	125.728113	0.000000	7.4
1371	-0.000000	125.676858	0.000000	12.2
1372	-0.000000	125.625659	0.000000	6.1
1373	-0.000000	125.574515	0.000000	6.9
1374	-1.552247	125.523427	0.009665	6.6
1375	-1.028383	125.472394	0.024014	10.0
1376	-0.093573	125.421417	0.003340	8.7
1377	-0.668854	125.370495	0.013245	6.9
1378	-0.207891	125.319628	0.005541	6.6
1379	-1.176175	125.268815	0.011394	6.7
1380	-0.487090	125.218058	0.004895	6.7
1381	-0.736923	125.167356	0.010365	6.8
1382	-0.000081	125.116708	0.000020	6.4
1383	-0.229933	125.066115	0.004860	6.6
1384	-0.135067	125.015576	0.003735	6.4
1385	-1.128088	124.965092	0.011594	6.6
1386	-0.427135	124.914662	0.005287	7.8
1387	-0.000000	124.864287	0.000000	6.6
1388	-1.137203	124.813965	0.004876	6.8
1389	-0.072537	124.763698	0.004002	11.9
1390	-0.938084	124.713485	0.007604	7.0
1391	-1.395012	124.663325	0.011762	6.4
1392	-0.968288	124.613219	0.006395	6.7
1393	-0.012840	124.563167	0.000331	6.5
1394	-1.047761	124.513168	0.004334	6.6
1395	-1.527905	124.463223	0.022131	6.5
1396	-1.029696	124.413332	0.014373	6.6
1397	-0.087005	124.363493	0.001845	6.5
1398	-0.000000	124.313708	0.000000	11.9
1399	-0.121181	124.263976	0.002239	7.2
1400	-0.150034	124.214297	0.005062	7.0
1401	-1.619113	124.164671	0.007681	6.9
1402	-0.000000	124.115097	0.000000	12.2
1403	-1.348954	124.065577	0.008858	6.8
1404	-0.000000	124.016109	0.000000	9.1
1405	-0.056964	123.966693	0.003353	6.5
1406	-0.409312	123.917330	0.006315	6.4
1407	-1.117037	123.868020	0.012791	7.0
1408	-0.908960	123.818762	0.007327	11.8
1409	-1.103802	123.769556	0.006498	6.4
1410	-0.000000	123.720402	0.000000	6.4
1411	-0.170117	123.671300	0.001685	6.3
1412	-0.594070	123.622250	0.010534	7.1
1413	-0.403243	123.573252	0.006244	6.5
1414	-0.696590	123.524305	0.012734	6.2
1415	-0.871911	123.475411	0.010012	8.9
1416	-1.394658	123.426568	0.012078	7.9
1417	-0.078985	123.377776	0.002887	7.2
1418	-0.000000	123.329036	0.000000	11.5
1419	-0.159977	123.280347	0.003588	7.0
1420	-1.240121	123.231709	0.030834	6.7
1421	-0.146522	123.183122	0.005067	11.4
1422	-1.570813	123.134587	0.011575	6.7
1423	-1.072264	123.086102	0.009439	9.1
1424	-1.139858	123.037669	0.008890	7.3
1425	-0.000351	122.989286	0.000074	12.3
1426	-0.927633	122.940954	0.010217	6.8
1427	-0.264378	122.892672	0.005216	9.0
1428	-0.005770	122.844441	0.000217	11.8
1429	-0.168628	122.796261	0.004168	6.7
1430	-0.826760	122.748130	0.007954	9.2
1431	-0.715541	122.700050	0.012238	6.6
1432	-0.000000	122.652021	0.000000	7.8
1433	-1.362336	122.604041	0.030844	6.9
1434	-0.610940	122.556111	0.011134	6.7
1435	-0.000000	122.508232	0.000000	6.0
1436	-0.000000	122.460402	0.000000	6.5
1437	-1.884004	122.412622	0.009331	7.2
1438	-0.000000	122.364891	0.000000	11.2
1439	-0.507170	122.317210	0.006137	11.8
1440	-0.000000	122.269579	0.000000	12.1
1441	-1.719549	122.221997	0.017431	8.6
1442	-0.703426	122.174465	0.006927	6.2
1443	-0.992899	122.126981	0.013539	6.5
1444	-0.000000	122.079547	0.000000	5.9
1445	-0.082048	122.032162	0.002655	6.5
1446	-1.426105	121.984826	0.026131	6.1
1447	-0.000000	121.937539	0.000000	6.5
1448	-0.263961	121.890301	0.002586	17.3
1449	-0.595861	121.843112	0.006011	2.1
1450	-0.092888	121.795971	0.003721	10.5
1451	-1.434250	121.748879	0.014549	10.9
1452	-0.983607	121.701835	0.012829	9.3
1453	-0.272572	121.654840	0.003205	6.9
1454	-0.194112	121.607893	0.006243	6.4
1455	-0.219641	121.560994	0.002107	9.0
1456	-1.153945	121.514144	0.009175	8.0
1457	-0.980480	121.467342	0.013555	6.1
1458	-0.000000	121.420588	0.000000	6.6
1459	-0.883917	121.373882	0.008676	6.9
1460	-0.395729	121.327223	0.005148	6.3
1461	-0.000000	121.280613	0.000000	6.8
1462	-0.629129	121.234050	0.002487	6.1
1463	-0.020451	121.187535	0.001506	6.4
1464	-0.000000	121.141067	0.000000	12.2
1465	-0.237116	121.094647	0.006568	6.6
1466	-0.109672	121.048274	0.002874	6.9
1467	-0.000000	121.001949	0.000000	11.9
1468	-0.643361	120.955671	0.016387	6.3
1469	-1.535785	120.909440	0.030261	7.2
1470	-0.883138	120.863256	0.010654	5.8
1471	-0.000000	120.817119	0.000000	6.6
1472	-0.000003	120.771029	0.000001	6.5
1473	-0.112731	120.724986	0.001203	7.8
1474	-0.961571	120.678990	0.013232	7.3
1475	-1.090342	120.633040	0.011473	11.8
1476	-1.327091	120.587137	0.008058	11.4
1477	-1.378727	120.541281	0.018008	6.9
1478	-1.566583	120.495471	0.009409	6.5
1479	-0.000000	120.449707	0.000000	6.4
1480	-0.696643	120.403990	0.007323	6.8
1481	-0.000000	120.358319	0.000000	6.5
1482	-0.000000	120.312694	0.000000	6.7
1483	-0.883357	120.267115	0.007189	6.6
1484	-0.043226	120.221582	0.001628	6.8
1485	-0.454760	120.176096	0.009836	6.8
1486	-0.257684	120.130655	0.004727	6.5
1487	-0.134470	120.085260	0.001038	6.6
1488	-0.211696	120.039910	0.005202	6.7
1489	-0.349689	119.994606	0.008295	6.8
1490	-0.000000	119.949348	0.000000	6.5
1491	-0.231314	119.904135	0.004112	6.8
1492	-1.498724	119.858968	0.019390	9.0
1493	-0.391561	119.813846	0.006460	6.6
1494	-0.000319	119.768769	0.000071	6.8
1495	-0.746370	119.723738	0.010992	6.7
1496	-0.350951	119.678752	0.008864	6.5
1497	-0.122137	119.633810	0.001928	6.9
1498	-0.000042	119.588914	0.000010	6.5
1499	-0.613742	119.544062	0.009906	6.8
1500	-0.373646	119.499256	0.009420	6.9
1501	-1.799136	119.454494	0.010359	11.9
1502	-0.030976	119.409777	0.000660	9.2
1503	-0.000000	119.365104	0.000000	6.3
1504	-1.655224	119.320476	0.016363	13.3
1505	-0.000000	119.275893	0.000000	11.8
1506	-0.000000	119.231353	0.000000	11.6
1507	-0.000001	119.186859	0.000000	6.4
1508	-0.205797	119.142408	0.002612	6.7
1509	-0.938617	119.098002	0.010334	6.6
1510	-0.120013	119.053639	0.002424	6.6
1511	-0.028904	119.009321	0.001255	6.4
1512	-0.113515	118.965047	0.003524	6.8
1513	-0.946035	118.920816	0.012012	11.7
1514	-0.597442	118.876630	0.011171	6.8
1515	-0.253324	118.832487	0.004767	9.7
1516	-0.489722	118.788388	0.006893	7.0
1517	-1.354896	118.744332	0.019078	6.6
1518	-1.865290	118.700320	0.009099	6.5
1519	-0.000000	118.656352	0.000000	6.4
1520	-1.239273	118.612427	0.013248	7.2
1521	-1.000358	118.568545	0.006683	6.4
1522	-1.078681	118.524706	0.027158	6.9
1523	-1.126134	118.480911	0.011230	6.4
1524	-1.452312	118.437159	0.013162	6.4
1525	-0.996796	118.393450	0.011667	8.8
1526	-0.152376	118.349784	0.002805	11.3
1527	-0.987083	118.306160	0.007949	6.8
1528	-0.185912	118.262580	0.005026	9.5
1529	-1.166953	118.219042	0.010126	7.0
1530	-0.312330	118.175548	0.005730	8.8
1531	-1.289387	118.132095	0.015345	6.7
1532	-0.789451	118.088686	0.008735	9.2
1533	-1.491147	118.045319	0.005918	6.5
1534	-1.130922	118.001994	0.014572	6.6
1535	-0.076553	117.958712	0.002488	6.9
1536	-0.379720	117.915472	0.010077	6.3
1537	-0.980986	117.872274	0.008801	6.8
1538	-1.064775	117.829118	0.012479	7.2
1539	-0.492257	117.786005	0.008772	6.7
1540	-0.602068	117.742933	0.008244	7.3
1541	-0.823622	117.699904	0.010986	6.6
1542	-1.664856	117.656916	0.020130	6.6
1543	-1.382256	117.613971	0.014902	12.1
1544	-0.628618	117.571067	0.009411	8.8
1545	-0.555406	117.528205	0.007632	6.7
1546	-1.011582	117.485384	0.012515	7.1
1547	-0.221541	117.442605	0.001411	6.8
1548	-1.118943	117.399867	0.008348	9.4
1549	-1.011862	117.357171	0.022179	6.8
1550	-0.000000	117.314517	0.000000	6.5
1551	-0.057470	117.271903	0.002395	6.3
1552	-0.000000	117.229331	0.000000	9.2
1553	-1.264412	117.186800	0.005462	7.9
1554	-0.370122	117.144311	0.014532	6.9
1555	-0.148979	117.101862	0.005349	9.7
1556	-0.000000	117.059454	0.000000	9.9
1557	-0.767053	117.017087	0.012046	9.4
1558	-0.354411	116.974762	0.007670	6.2
1559	-0.632473	116.932476	0.011898	6.3
1560	-0.001326	116.890232	0.000275	6.6
1561	-1.460177	116.848028	0.009474	6.3
1562	-0.015421	116.805865	0.001430	6.7
1563	-1.757978	116.763743	0.016593	6.4
1564	-0.551942	116.721661	0.004840	6.6
1565	-0.359183	116.679619	0.002093	6.7
1566	-0.300649	116.637618	0.008423	6.6
1567	-1.173974	116.595657	0.012528	6.6
1568	-0.099857	116.553736	0.003722	6.8
1569	-0.262078	116.511855	0.003996	7.5
1570	-0.315653	116.470015	0.004055	7.1
1571	-0.000000	116.428214	0.000000	6.4
1572	-0.598744	116.386454	0.013248	10.4
1573	-0.000003	116.344733	0.000001	11.6
1574	-1.522897	116.303052	0.018551	6.5
1575	-0.008695	116.261412	0.000328	6.7
1576	-0.000000	116.219810	0.000000	6.3
1577	-0.000000	116.178249	0.000000	6.4
1578	-0.752201	116.136727	0.007754	6.6
1579	-0.920478	116.095245	0.006512	6.8
1580	-0.526088	116.053802	0.008619	7.6
1581	-1.189497	116.012398	0.008528	8.8
1582	-1.766812	115.971034	0.021182	8.5
1583	-0.925115	115.929710	0.008511	6.9
1584	-0.418018	115.888424	0.006100	7.1
1585	-0.886909	115.847178	0.007675	9.3
1586	-0.724874	115.805970	0.005970	6.7
1587	-0.000000	115.764802	0.000000	6.9
1588	-1.080461	115.723673	0.016822	6.9
1589	-0.000000	115.682583	0.000000	7.2
1590	-0.787935	115.641532	0.010558	6.6
1591	-1.130879	115.600519	0.007396	8.3
1592	-1.201784	115.559546	0.017924	6.5
1593	-0.000000	115.518610	0.000000	6.6
1594	-0.720620	115.477714	0.005904	6.7
1595	-0.050861	115.436856	0.001865	7.0
1596	-0.019695	115.396037	0.000543	12.3
1597	-0.000000	115.355256	0.000000	14.6
1598	-0.571010	115.314514	0.008127	12.2
1599	-0.000000	115.273810	0.000000	6.8
1600	-0.404142	115.233144	0.017185	7.1
1601	-0.541138	115.192517	0.008248	8.3
1602	-0.000000	115.151927	0.000000	7.1
1603	-1.404256	115.111376	0.013988	6.7
1604	-0.025235	115.070863	0.002301	6.4
1605	-0.791143	115.030388	0.009282	11.7
1606	-1.198417	114.989951	0.011705	7.2
1607	-1.010772	114.949551	0.014682	11.2
1608	-0.075752	114.909190	0.001337	6.7
1609	-0.695334	114.868866	0.011265	7.0
1610	-0.330730	114.828580	0.007602	6.6
1611	-0.000000	114.788332	0.000000	6.6
1612	-0.605995	114.748121	0.010417	7.0
1613	-0.451110	114.707948	0.005817	6.6
1614	-0.151489	114.667812	0.004066	6.5
1615	-1.263193	114.627714	0.010142	6.8
1616	-0.000000	114.587653	0.000000	6.4
1617	-0.000000	114.547629	0.000000	6.4
1618	-0.149230	114.507643	0.004504	6.3
1619	-0.000464	114.467693	0.000085	6.2
1620	-0.002054	114.427781	0.000252	6.4
1621	-0.000000	114.387907	0.000000	6.6
1622	-0.157775	114.348069	0.003734	7.4
1623	-0.094526	114.308268	0.002255	7.9
1624	-0.940897	114.268504	0.010948	6.9
1625	-0.558791	114.228777	0.004721	6.6
1626	-1.460484	114.189086	0.010387	7.3
1627	-0.000000	114.149433	0.000000	6.1
1628	-1.290357	114.109816	0.018576	6.6
1629	-0.485519	114.070235	0.010783	7.0
1630	-0.122495	114.030692	0.006587	6.5
1631	-0.000000	113.991185	0.000000	6.7
1632	-0.084414	113.951714	0.002364	10.5
1633	-1.014938	113.912280	0.012485	13.6
1634	-1.212933	113.872882	0.010581	7.5
1635	-1.198287	113.833521	0.021899	10.8
1636	-1.870403	113.794195	0.014095	16.0
1637	-1.124867	113.754906	0.011147	12.0
1638	-0.370911	113.715653	0.005771	6.9
1639	-1.071043	113.676437	0.009578	6.8
1640	-1.619907	113.637256	0.023209	10.2
1641	-0.714050	113.598111	0.003273	6.6
1642	-0.458851	113.559002	0.005895	6.7
1643	-0.207069	113.519929	0.002852	10.6
1644	-0.830118	113.480892	0.010216	6.5
1645	-1.474537	113.441891	0.017079	9.5
1646	-0.823936	113.402925	0.008851	11.7
1647	-0.546525	113.363995	0.007819	9.4
1648	-0.176784	113.325101	0.002110	8.2
1649	-0.001928	113.286242	0.000213	8.5
1650	-1.105914	113.247419	0.012913	6.4
1651	-1.218003	113.208631	0.003183	7.2
1652	-1.050193	113.169879	0.008076	6.4
1653	-0.128633	113.131162	0.002698	6.4
1654	-0.000000	113.092480	0.000000	6.0
1655	-0.802515	113.053833	0.009155	6.6
1656	-1.560736	113.015222	0.025544	12.2
1657	-0.069974	112.976646	0.001237	8.2
1658	-0.005250	112.938105	0.000629	7.4
1659	-0.000000	112.899599	0.000000	6.5
1660	-0.621945	112.861128	0.011240	6.7
1661	-0.602998	112.822692	0.005217	6.5
1662	-1.398413	112.784291	0.015918	6.5
1663	-1.780868	112.745924	0.020102	6.7
1664	-0.844977	112.707593	0.011395	6.6
1665	-0.745022	112.669296	0.009613	6.8
1666	-1.059109	112.631034	0.012991	6.5
1667	-0.000000	112.592806	0.000000	9.8
1668	-0.079916	112.554613	0.003497	6.5
1669	-0.002306	112.516455	0.000169	6.5
1670	-0.001450	112.478331	0.000105	6.8
1671	-0.512384	112.440241	0.017245	10.0
1672	-1.310236	112.402186	0.010100	8.9
1673	-0.050592	112.364165	0.002573	6.5
1674	-0.968183	112.326179	0.013044	6.4
1675	-0.718123	112.288227	0.005682	6.3
1676	-0.842813	112.250309	0.009553	6.5
1677	-0.511700	112.212425	0.005402	6.8
1678	-0.825784	112.174575	0.011915	6.5
1679	-0.000000	112.136759	0.000000	8.5
1680	-0.000000	112.098977	0.000000	11.7
1681	-0.721769	112.061229	0.007923	6.6
1682	-0.024811	112.023515	0.000736	6.8
1683	-1.067870	111.985834	0.009028	17.2
1684	-1.104452	111.948188	0.011434	8.1
1685	-0.670211	111.910575	0.006961	10.2
1686	-0.000000	111.872996	0.000000	6.3
1687	-0.679496	111.835450	0.010780	7.1
1688	-0.267678	111.797939	0.002982	6.4
1689	-0.000000	111.760460	0.000000	6.3
1690	-0.154725	111.723015	0.004971	6.1
1691	-1.083029	111.685604	0.004975	5.9
1692	-0.547607	111.648226	0.003623	6.5
1693	-0.980774	111.610881	0.008476	6.8
1694	-0.729885	111.573570	0.008327	6.5
1695	-1.636324	111.536292	0.020920	6.5
1696	-1.258835	111.499047	0.005508	6.9
1697	-0.844897	111.461835	0.008109	8.2
1698	-0.375531	111.424656	0.007702	7.1
1699	-0.000000	111.387510	0.000000	9.9
1700	-0.796453	111.350398	0.007483	6.7
1701	-0.000000	111.313318	0.000000	6.7
1702	-0.876103	111.276271	0.009689	6.6
1703	-0.334982	111.239257	0.005020	6.5
1704	-1.695226	111.202276	0.013721	6.7
1705	-0.243674	111.165328	0.004484	5.8
1706	-0.497369	111.128412	0.006948	6.1
1707	-1.405770	111.091529	0.015566	6.3
1708	-1.026650	111.054679	0.007660	6.3
1709	-0.002721	111.017861	0.000195	6.6
1710	-0.000000	110.981076	0.000000	7.3
1711	-0.835352	110.944323	0.017797	16.0
1712	-0.000000	110.907603	0.000000	3.1
1713	-1.786857	110.870915	0.022417	11.9
1714	-1.435758	110.834259	0.011696	6.2
1715	-0.254376	110.797636	0.006643	6.7
1716	-0.006499	110.761045	0.000523	6.4
1717	-0.379853	110.724486	0.005502	12.1
1718	-1.545659	110.687959	0.014537	6.7
1719	-0.009303	110.651465	0.000547	6.5
1720	-0.505850	110.615002	0.010131	6.5
1721	-0.000000	110.578572	0.000000	6.8
1722	-1.241600	110.542173	0.011499	6.6
1723	-0.274020	110.505807	0.004993	6.3
1724	-0.530974	110.469472	0.005064	10.9
1725	-1.654533	110.433169	0.018457	7.5
1726	-0.000000	110.396898	0.000000	6.1
1727	-0.824263	110.360659	0.018297	8.3
1728	-0.728853	110.324451	0.013694	7.9
1729	-0.243314	110.288276	0.004484	6.5
1730	-1.300030	110.252131	0.011885	6.7
1731	-1.469780	110.216019	0.016575	6.8
1732	-0.053835	110.179937	0.001439	6.4
1733	-0.763450	110.143888	0.012152	6.9
1734	-0.000000	110.107869	0.000000	6.7
1735	-1.395571	110.071882	0.010619	6.8
1736	-1.098131	110.035927	0.013222	6.9
1737	-0.000000	110.000003	0.000000	12.6
1738	-1.457765	109.964110	0.018034	13.0
1739	-0.051985	109.928248	0.002356	6.5
1740	-1.786966	109.892417	0.026590	6.8
1741	-1.465864	109.856618	0.012895	6.5
1742	-1.419376	109.820850	0.008966	7.9
1743	-0.494330	109.785112	0.005997	6.9
1744	-0.080485	109.749406	0.002935	6.8
1745	-0.933964	109.713730	0.011876	6.8
1746	-0.782493	109.678086	0.012399	6.9
1747	-0.009224	109.642472	0.000884	6.7
1748	-0.360310	109.606890	0.008938	6.8
1749	-0.000023	109.571337	0.000006	6.6
1750	-0.000000	109.535816	0.000000	6.3
1751	-0.000000	109.500326	0.000000	11.8
1752	-0.000000	109.464866	0.000000	6.7
1753	-0.125448	109.429436	0.005137	11.0
1754	-0.751852	109.394038	0.006631	6.9
1755	-0.000000	109.358669	0.000000	6.8
1756	-0.514209	109.323331	0.007747	6.6
1757	-1.213697	109.288024	0.008535	6.4
1758	-1.264351	109.252747	0.008846	6.6
1759	-0.291572	109.217501	0.004816	6.5
1760	-0.179588	109.182284	0.002510	6.7
1761	-0.143456	109.147098	0.004216	6.7
1762	-1.265532	109.111942	0.013823	6.4
1763	-0.361882	109.076817	0.003557	6.9
1764	-0.554470	109.041721	0.009381	18.0
1765	-0.745774	109.006656	0.023474	5.3
1766	-1.442351	108.971620	0.012447	9.3
1767	-0.000001	108.936615	0.000000	6.7
1768	-1.356023	108.901640	0.009943	6.6
1769	-0.998658	108.866694	0.009322	7.2
1770	-0.000000	108.831779	0.000000	6.2
1771	-0.000000	108.796893	0.000000	6.2
1772	-0.350765	108.762037	0.009815	6.4
1773	-0.205972	108.727211	0.007382	6.5
1774	-0.839426	108.692415	0.011758	9.9
1775	-1.438221	108.657648	0.004378	6.1
1776	-0.386949	108.622911	0.005129	11.9
1777	-1.007759	108.588203	0.009301	10.0
1778	-0.972314	108.553525	0.007443	7.1
1779	-1.235320	108.518877	0.015112	7.1
1780	-0.027001	108.484258	0.001556	6.8
1781	-1.130744	108.449668	0.028731	6.5
1782	-1.004200	108.415108	0.010913	6.5
1783	-0.930792	108.380578	0.011788	6.8
1784	-0.833598	108.346076	0.008457	6.7
1785	-0.000000	108.311604	0.000000	6.7
1786	-0.573127	108.277161	0.006469	6.7
1787	-0.442871	108.242747	0.004724	7.1
1788	-1.246854	108.208363	0.006960	6.6
1789	-0.000000	108.174007	0.000000	6.5
1790	-0.074117	108.139681	0.001278	12.8
1791	-0.122217	108.105383	0.001704	9.1
1792	-0.028328	108.071115	0.002699	6.4
1793	-0.289132	108.036875	0.004843	6.2
1794	-0.215440	108.002665	0.005107	6.4
1795	-0.718005	107.968483	0.007749	6.3
1796	-1.196157	107.934330	0.012527	6.8
1797	-0.134553	107.900206	0.003880	6.7
1798	-0.000036	107.866111	0.000006	8.1
1799	-1.121639	107.832044	0.015405	6.3
1800	-1.646106	107.798007	0.018540	9.6
1801	-0.570547	107.763997	0.005461	10.9
1802	-1.138022	107.730017	0.015984	3.4
1803	-0.802641	107.696065	0.013489	8.1
1804	-0.990197	107.662141	0.010645	12.1
1805	-0.000000	107.628246	0.000000	6.2
1806	-0.000000	107.594379	0.000000	11.0
1807	-0.481841	107.560541	0.003032	7.9
1808	-1.158902	107.526731	0.008913	8.0
1809	-0.977344	107.492949	0.006118	6.6
1810	-1.129726	107.459196	0.009867	6.8
1811	-0.000000	107.425471	0.000000	6.9
1812	-0.000000	107.391774	0.000000	6.3
1813	-0.569039	107.358106	0.007022	6.9
1814	-0.104339	107.324465	0.003006	9.2
1815	-0.096903	107.290853	0.001143	12.3
1816	-0.389363	107.257268	0.005387	12.2
1817	-1.878261	107.223712	0.017930	7.1
1818	-1.664538	107.190184	0.007893	6.7
1819	-1.058349	107.156683	0.008534	6.8
1820	-0.973800	107.123211	0.008353	7.3
1821	-0.313749	107.089766	0.005398	6.6
1822	-1.157091	107.056349	0.009518	6.8
1823	-0.000001	107.022960	0.000000	6.8
1824	-1.697668	106.989599	0.013837	6.6
1825	-0.386268	106.956265	0.003861	6.6
1826	-1.030061	106.922960	0.010873	6.3
1827	-0.212034	106.889681	0.003591	6.7
1828	-1.208305	106.856431	0.010754	11.7
1829	-0.001185	106.823208	0.000204	6.5
1830	-0.350623	106.790012	0.007667	6.9
1831	-1.621477	106.756844	0.022407	7.0
1832	-0.968806	106.723703	0.011145	8.7
1833	-0.000000	106.690590	0.000000	9.1
1834	-0.935263	106.657505	0.007406	10.9
1835	-1.283857	106.624446	0.013796	6.3
1836	-0.000000	106.591415	0.000000	6.7
1837	-0.716905	106.558411	0.008605	6.5
1838	-0.317248	106.525435	0.003161	6.5
1839	-1.252653	106.492485	0.005926	7.0
1840	-0.000000	106.459563	0.000000	7.0
1841	-1.281444	106.426668	0.010255	14.1
1842	-0.006502	106.393800	0.000725	7.3
1843	-0.886104	106.360959	0.009582	7.0
1844	-0.194380	106.328145	0.005410	6.7
1845	-0.918762	106.295358	0.014274	6.5
1846	-0.762973	106.262598	0.006061	11.7
1847	-1.140575	106.229865	0.010690	6.7
1848	-1.170429	106.197158	0.009484	6.4
1849	-0.883688	106.164479	0.010206	6.6
1850	-0.000000	106.131826	0.000000	6.4
1851	-0.394913	106.099201	0.006079	6.8
1852	-0.138044	106.066602	0.002361	6.7
1853	-1.417987	106.034029	0.007143	6.5
1854	-0.072911	106.001483	0.000916	10.5
1855	-0.211002	105.968964	0.005637	11.8
1856	-0.151033	105.936472	0.002341	7.3
1857	-0.983735	105.904006	0.006193	6.7
1858	-0.268698	105.871566	0.005253	6.4
1859	-1.827066	105.839153	0.008020	6.7
1860	-1.054304	105.806767	0.006673	6.8
1861	-0.700261	105.774407	0.017674	6.6
1862	-0.000000	105.742073	0.000000	7.6
1863	-1.030010	105.709766	0.012196	7.8
1864	-0.000000	105.677485	0.000000	11.5
1865	-0.076266	105.645230	0.001119	6.8
1866	-0.497170	105.613001	0.009441	11.6
1867	-0.129493	105.580799	0.002166	10.0
1868	-0.821676	105.548623	0.013275	7.2
1869	-0.619587	105.516473	0.008525	7.0
1870	-0.252948	105.484349	0.002824	6.6
1871	-0.000000	105.452251	0.000000	6.1
1872	-1.510549	105.420179	0.008828	8.8
1873	-0.921841	105.388133	0.010461	6.8
1874	-1.086920	105.356113	0.014654	9.2
1875	-0.000000	105.324119	0.000000	6.4
1876	-1.191267	105.292151	0.015661	6.6
1877	-1.060906	105.260209	0.009094	6.6
1878	-0.462771	105.228293	0.004006	6.7
1879	-0.674363	105.196402	0.007844	14.7
1880	-0.000049	105.164537	0.000010	6.4
1881	-0.265492	105.132698	0.009114	6.3
1882	-1.502734	105.100885	0.014680	6.7
1883	-0.443102	105.069097	0.005909	6.7
1884	-1.172003	105.037335	0.011274	6.5
1885	-1.321438	105.005598	0.039963	6.5
1886	-1.045999	104.973887	0.010046	6.5
1887	-0.313179	104.942202	0.006603	6.5
1888	-0.457517	104.910542	0.005748	9.6
1889	-0.722132	104.878907	0.009461	6.6
1890	-0.350410	104.847298	0.004407	6.8
1891	-0.007061	104.815715	0.000587	6.7
1892	-0.493349	104.784156	0.005956	6.4
1893	-0.566488	104.752623	0.010145	7.5
1894	-0.698007	104.721116	0.005453	12.4
1895	-0.848585	104.689633	0.010879	9.6
1896	-0.801128	104.658176	0.010569	8.0
1897	-0.902221	104.626744	0.007274	7.6
1898	-0.045109	104.595337	0.002872	8.3
1899	-1.804311	104.563955	0.012564	8.0
1900	-0.017335	104.532599	0.001399	6.3
1901	-0.485343	104.501267	0.016296	6.3
1902	-0.002522	104.469960	0.000153	11.7
1903	-0.339546	104.438679	0.002524	7.5
1904	-0.768553	104.407422	0.011351	11.7
1905	-0.647056	104.376191	0.010293	7.7
1906	-0.122195	104.344984	0.004196	6.8
1907	-0.318327	104.313802	0.005780	8.8
1908	-0.000000	104.282645	0.000000	6.3
1909	-0.096363	104.251513	0.003574	6.6
1910	-1.200936	104.220405	0.010478	6.6
1911	-0.912839	104.189323	0.008589	6.7
1912	-0.799828	104.158265	0.005252	11.5
1913	-1.297423	104.127231	0.009579	6.6
1914	-1.022056	104.096222	0.007734	6.4
1915	-0.833712	104.065238	0.005126	6.4
1916	-0.000000	104.034279	0.000000	6.5
1917	-1.112299	104.003344	0.014355	6.6
1918	-0.000000	103.972433	0.000000	11.8
1919	-1.736257	103.941547	0.022587	7.6
1920	-1.133240	103.910686	0.007789	7.1
1921	-1.312392	103.879849	0.009888	7.6
1922	-0.734266	103.849036	0.009100	6.4
1923	-0.144058	103.818248	0.005280	6.6
1924	-0.000000	103.787484	0.000000	6.4
1925	-1.088177	103.756744	0.005225	6.5
1926	-0.529631	103.726029	0.008096	9.7
1927	-0.000000	103.695338	0.000000	8.0
1928	-0.852768	103.664671	0.010927	6.7
1929	-0.000000	103.634028	0.000000	6.7
1930	-1.726252	103.603409	0.014091	6.4
1931	-0.000000	103.572814	0.000000	14.2
1932	-0.403806	103.542244	0.006701	7.2
1933	-0.914513	103.511698	0.006068	6.9
1934	-0.013315	103.481175	0.000742	6.6
1935	-0.000000	103.450677	0.000000	6.6
1936	-0.211448	103.420202	0.005572	6.3
1937	-1.531533	103.389752	0.007866	8.2
1938	-0.833548	103.359325	0.009463	6.6
1939	-0.706615	103.328922	0.014917	6.9
1940	-0.692775	103.298543	0.011102	6.6
1941	-1.083062	103.268188	0.016000	6.5
1942	-0.409752	103.237857	0.005805	6.9
1943	-0.000442	103.207549	0.000043	6.4
1944	-0.548313	103.177265	0.014166	6.5
1945	-0.425546	103.147005	0.005846	7.4
1946	-1.104002	103.116768	0.010729	9.8
1947	-0.000000	103.086556	0.000000	12.0
1948	-1.423614	103.056366	0.013003	6.7
1949	-0.000000	103.026200	0.000000	6.6
1950	-1.061045	102.996058	0.006651	6.6
1951	-0.637280	102.965939	0.012768	6.7
1952	-1.644732	102.935844	0.017302	6.6
1953	-0.982676	102.905772	0.017663	10.5
1954	-0.480986	102.875724	0.005968	6.6
1955	-0.572314	102.845699	0.014179	6.5
1956	-0.000035	102.815697	0.000008	6.5
1957	-0.597520	102.785719	0.009256	6.5
1958	-0.162782	102.755764	0.002681	11.8
1959	-0.168467	102.725832	0.005602	6.0
1960	-0.958611	102.695924	0.007411	12.0
1961	-0.296732	102.666038	0.004235	6.4
1962	-0.865738	102.636176	0.007457	6.5
1963	-1.620406	102.606337	0.009694	6.6
1964	-0.002105	102.576521	0.000227	6.2
1965	-1.013525	102.546728	0.009303	6.7
1966	-1.061901	102.516959	0.011406	6.7
1967	-0.000000	102.487212	0.000000	6.0
1968	-0.264969	102.457488	0.007674	7.0
1969	-0.861126	102.427788	0.004343	6.6
1970	-0.047845	102.398110	0.003227	6.4
1971	-0.014111	102.368455	0.000452	13.5
1972	-0.343355	102.338823	0.008016	10.7
1973	-1.857305	102.309214	0.019212	6.2
1974	-0.000000	102.279628	0.000000	6.3
1975	-1.353864	102.250064	0.010497	6.2
1976	-0.216591	102.220524	0.005589	6.6
1977	-0.727481	102.191006	0.011139	7.0
1978	-1.016706	102.161511	0.004523	6.9
1979	-0.000000	102.132038	0.000000	11.4
1980	-0.000978	102.102588	0.000197	6.6
1981	-0.000000	102.073161	0.000000	9.6
1982	-0.853908	102.043757	0.009419	6.4
1983	-0.000000	102.014375	0.000000	6.7
1984	-0.000000	101.985015	0.000000	10.6
1985	-0.411082	101.955678	0.005982	11.9
1986	-1.558197	101.926364	0.009384	7.0
1987	-0.712362	101.897072	0.007835	6.6
1988	-1.352345	101.867802	0.008502	6.5
1989	-0.000001	101.838555	0.000000	6.5
1990	-1.252160	101.809330	0.015514	9.7
1991	-0.937333	101.780128	0.013571	6.8
1992	-1.197609	101.750948	0.013283	6.4
1993	-1.743719	101.721790	0.006415	6.5
1994	-0.829332	101.692654	0.005383	7.1
1995	-0.808199	101.663541	0.008012	6.6
1996	-0.273977	101.634450	0.003471	11.7
1997	-1.104238	101.605381	0.012732	6.3
1998	-1.031255	101.576335	0.016684	11.5
1999	-0.000002	101.547310	0.000001	7.4
