1:ItNr	2:Metric	3a:Time	3b:StepSize	4:||Gradient||	Time[ms]
0	-0.439318	0.000000	1053.693783	0.004537	1936.0
1	-0.474157	0.000000	1053.693783	0.004310	6.3
2	-0.499856	0.000000	1053.693783	0.006542	7.2
3	-0.531788	0.000000	1053.693783	0.003710	6.0
4	-0.568671	0.000000	1053.693783	0.005155	6.1
5	-0.573954	0.000000	1053.693783	0.005209	6.4
6	-0.597776	0.000000	1053.693783	0.005986	11.9
7	-0.601142	0.000000	1053.693783	0.006247	6.2
8	-0.625537	0.000000	1053.693783	0.007685	6.3
9	-0.637744	0.999706	1005.812050	0.008509	11.1
10	-0.644908	1.999706	962.080533	0.010028	6.9
11	-0.667521	2.999706	921.993353	0.011138	7.9
12	-0.666635	3.999706	885.113185	0.015578	8.5
13	-0.684731	4.999706	851.069985	0.007272	15.4
14	-0.719327	5.999706	819.548532	0.006587	2.2
15	-0.714240	5.711300	828.397336	0.004532	6.0
16	-0.735791	5.422893	837.439311	0.011309	5.6
17	-0.697255	6.414670	807.143394	0.012241	5.9
18	-0.719737	7.414670	778.737525	0.011980	5.9
19	-0.719102	8.414670	752.263064	0.011455	6.3
20	-0.765832	9.414670	727.529503	0.008501	5.8
21	-0.745350	10.414670	704.370593	0.005248	6.2
22	-0.740318	11.414670	682.640599	0.006663	4.2
23	-0.785975	12.414670	662.211230	0.010510	6.4
24	-0.742845	13.414670	642.969109	0.016647	5.8
25	-0.753107	14.414670	624.813664	0.016722	6.1
26	-0.737571	15.414670	607.655368	0.014096	6.0
27	-0.763372	16.414670	591.414269	0.008171	6.8
28	-0.779456	17.414670	576.018737	0.005375	5.8
29	-0.790657	17.126263	580.376035	0.012419	6.2
30	-0.757030	18.126263	565.542622	0.017406	8.6
31	-0.758468	19.126263	551.448546	0.017542	5.9
32	-0.797128	20.126263	538.039874	0.016698	6.0
33	-0.762375	21.126263	525.267797	0.015977	5.8
34	-0.780931	22.126263	513.088031	0.010747	11.1
35	-0.777676	23.126263	501.460307	0.015325	6.8
36	-0.714888	24.126263	490.347924	0.017116	11.9
37	-0.779190	25.126263	479.717366	0.006877	4.1
38	-0.784398	26.126263	469.537960	0.005366	5.8
39	-0.755984	27.126263	459.781583	0.010106	6.0
40	-0.764034	28.126263	450.422402	0.009810	10.9
41	-0.784387	29.126263	441.436645	0.011725	7.8
42	-0.766793	30.126263	432.802401	0.016921	6.2
43	-0.783659	31.126263	424.499439	0.011648	5.9
44	-0.778826	32.126263	416.509051	0.009465	8.4
45	-0.790240	33.126263	408.813913	0.008439	5.4
46	-0.819022	34.126263	401.397958	0.005089	5.9
47	-0.798493	35.126263	394.246262	0.006251	5.9
48	-0.817472	36.126263	387.344949	0.005523	6.2
49	-0.800662	37.126263	380.681094	0.004591	5.5
50	-0.768547	36.837861	382.579319	0.007776	6.8
51	-0.803324	37.837861	376.077055	0.007721	6.1
52	-0.784590	38.837861	369.792120	0.009629	6.0
53	-0.788365	39.837861	363.713798	0.009048	5.8
54	-0.800415	40.837861	357.832065	0.008829	10.9
55	-0.801029	41.837861	352.137535	0.008415	5.0
56	-0.800555	42.837861	346.621411	0.008298	11.1
57	-0.817981	43.837861	341.275439	0.006572	2.6
58	-0.796978	44.837861	336.091865	0.003526	6.0
59	-0.819073	45.837861	331.063399	0.006675	5.8
60	-0.807949	46.837861	326.183184	0.008414	7.0
61	-0.817540	47.837861	321.444756	0.008780	10.9
62	-0.812537	48.837861	316.842027	0.008421	14.7
63	-0.792458	49.837861	312.369249	0.005803	7.1
64	-0.779706	50.837861	308.020996	0.006644	8.0
65	-0.766679	50.549456	309.262582	0.005048	10.8
66	-0.818267	51.549456	304.999799	0.004698	4.5
67	-0.807536	51.261049	306.217106	0.007248	7.2
68	-0.788108	52.261049	302.037298	0.008477	8.0
69	-0.778382	53.261049	297.970061	0.003866	6.0
70	-0.799649	54.261049	294.010908	0.007065	4.7
71	-0.796841	53.972643	295.141915	0.004492	9.1
72	-0.802123	54.972643	291.257071	0.004671	6.1
73	-0.805238	54.684434	292.366188	0.009415	6.6
74	-0.763049	54.396028	293.484553	0.007635	5.5
75	-0.801498	55.396028	289.642932	0.004718	6.4
76	-0.810955	56.395452	285.902708	0.004207	5.2
77	-0.784263	57.394796	282.258143	0.002509	5.1
78	-0.770584	58.394783	278.703064	0.007934	5.1
79	-0.796207	59.394737	275.236541	0.008631	5.2
80	-0.775527	60.394737	271.855038	0.008351	6.3
81	-0.797606	61.394737	268.555616	0.007129	5.8
82	-0.791423	62.394737	265.335321	0.006499	11.1
83	-0.817399	63.394737	262.191342	0.003522	1.6
84	-0.805514	63.160550	262.920924	0.003334	11.3
85	-0.830360	64.131046	259.923617	0.006358	7.0
86	-0.801319	63.842640	260.807178	0.013301	10.8
87	-0.791422	64.842640	257.768977	0.011082	6.6
88	-0.821819	65.842640	254.800747	0.005499	5.7
89	-0.804030	66.842640	251.900097	0.008351	5.9
90	-0.792818	67.842640	249.064746	0.006554	11.7
91	-0.786790	68.842640	246.292512	0.006407	8.2
92	-0.774090	69.842640	243.581313	0.004769	11.4
93	-0.810369	70.842640	240.929154	0.004852	5.7
94	-0.786585	71.842640	238.334127	0.006508	8.5
95	-0.790756	72.842640	235.794406	0.005761	6.0
96	-0.794570	73.842640	233.308241	0.004675	6.0
97	-0.823644	73.554233	234.019871	0.007831	9.9
98	-0.825590	74.554233	231.570792	0.009440	6.0
99	-0.802047	75.554233	229.172442	0.012903	6.0
100	-0.803419	76.554233	226.823263	0.005112	7.8
101	-0.820772	77.554233	224.521756	0.005868	5.9
102	-0.782192	78.554233	222.266485	0.002837	5.9
103	-0.822363	78.265844	222.912219	0.004070	5.8
104	-0.788746	79.261603	220.698340	0.004456	5.9
105	-0.773529	80.261603	218.518853	0.007307	6.1
106	-0.777811	81.261603	216.381992	0.005345	5.8
107	-0.785943	82.261603	214.286518	0.002560	6.2
108	-0.809062	83.261368	212.231720	0.008574	6.2
109	-0.792862	84.261368	210.215485	0.010270	6.5
110	-0.802258	85.261368	208.237198	0.001396	5.9
111	-0.821101	86.236290	206.344042	0.006511	6.1
112	-0.818401	87.234928	204.440192	0.002567	6.0
113	-0.818294	86.946522	204.986406	0.003694	12.3
114	-0.816784	87.926894	203.141471	0.006108	4.0
115	-0.820601	88.926894	201.293502	0.007487	6.2
116	-0.777383	89.926894	199.478852	0.005835	5.9
117	-0.805783	90.926894	197.696627	0.003301	6.0
118	-0.787267	90.638487	198.207356	0.003867	5.8
119	-0.811308	90.350082	198.720730	0.006061	11.0
120	-0.772625	91.350082	196.951966	0.005060	1.5
121	-0.798261	91.061675	197.458850	0.002921	8.6
122	-0.791494	91.856566	196.068074	0.007509	6.2
123	-0.801738	92.856566	194.346012	0.005905	9.9
124	-0.820179	93.856566	192.653936	0.003668	5.7
125	-0.784498	94.856566	190.991070	0.004957	9.6
126	-0.812246	94.568159	191.467699	0.005914	10.4
127	-0.797379	95.568159	189.825160	0.001842	8.1
128	-0.768883	95.279753	190.295980	0.003695	6.4
129	-0.828145	94.991387	190.769074	0.004935	9.7
130	-0.824311	94.702980	191.244594	0.005412	6.2
131	-0.792470	95.702876	189.606033	0.004919	9.8
132	-0.822836	96.702876	187.995146	0.005983	8.0
133	-0.790299	96.414470	188.456920	0.007628	5.8
134	-0.777413	96.126064	188.920969	0.004860	5.9
135	-0.812903	97.126064	187.321653	0.003894	7.1
136	-0.784121	98.125956	185.749355	0.002302	11.2
137	-0.792860	98.588909	185.030281	0.003252	9.7
138	-0.812715	99.582856	183.505103	0.008240	5.9
139	-0.778610	100.582856	181.995802	0.005036	9.3
140	-0.820711	101.582856	180.511126	0.004479	8.6
141	-0.802243	101.294450	180.936825	0.003855	6.1
142	-0.796491	101.006044	181.364536	0.002214	11.0
143	-0.825980	100.717637	181.794274	0.005295	10.9
144	-0.795329	101.075745	181.260982	0.004605	6.4
145	-0.786876	100.787340	181.690228	0.009298	11.1
146	-0.809757	101.787340	180.210513	0.005091	9.4
147	-0.800049	102.787340	178.754706	0.004974	10.3
148	-0.797039	103.787340	177.322231	0.004386	9.7
149	-0.809900	103.498933	177.733005	0.004996	5.4
150	-0.799183	104.498933	176.316793	0.008204	4.3
151	-0.816094	105.498933	174.922973	0.012341	4.4
152	-0.804412	106.498933	173.551017	0.006949	4.8
153	-0.792891	107.498933	172.200414	0.007644	4.9
154	-0.813202	108.498933	170.870670	0.006161	4.9
155	-0.786692	108.210527	171.252065	0.004188	5.7
156	-0.823227	109.045094	170.153050	0.004738	5.3
157	-0.796587	108.756688	170.531245	0.003952	6.9
158	-0.786856	109.756688	169.227057	0.003398	8.9
159	-0.782560	109.468281	169.601142	0.006850	6.2
160	-0.803125	110.468281	168.311088	0.004415	9.1
161	-0.829752	110.179875	168.681129	0.004753	7.3
162	-0.796253	111.179875	167.404981	0.004935	10.9
163	-0.809273	112.179875	166.147997	0.006536	5.9
164	-0.805596	113.179755	164.909896	0.003731	5.9
165	-0.801511	114.179755	163.689966	0.004857	5.9
166	-0.807168	115.179755	162.487952	0.007268	5.5
167	-0.819911	116.179755	161.303462	0.004421	5.9
168	-0.818017	115.891348	161.643301	0.004623	6.2
169	-0.800593	115.602942	161.984575	0.007035	5.8
170	-0.791106	116.602942	160.807386	0.006658	6.3
171	-0.828381	117.602942	159.647184	0.008847	5.8
172	-0.812288	118.602942	158.503604	0.004700	6.9
173	-0.795746	119.602942	157.376290	0.002350	9.7
174	-0.793461	120.602881	156.264966	0.007516	1.9
175	-0.821253	120.314475	156.583884	0.004456	5.5
176	-0.793308	121.314475	155.483617	0.003867	9.4
177	-0.779399	122.314472	154.398708	0.004905	6.2
178	-0.790816	122.030041	154.705747	0.005373	9.7
179	-0.836484	123.030041	153.631626	0.007594	7.6
180	-0.800555	124.030041	152.572317	0.005682	11.0
181	-0.787927	125.030041	151.527516	0.004458	6.9
182	-0.804453	124.741635	151.827372	0.004325	6.1
183	-0.773431	125.741635	150.792714	0.006351	5.8
184	-0.810990	126.741635	149.772063	0.006237	5.9
185	-0.785625	127.741635	148.765135	0.006543	7.0
186	-0.800984	128.741635	147.771657	0.006361	5.9
187	-0.837419	128.453228	148.056818	0.009310	6.2
188	-0.786517	129.453228	147.072746	0.003054	5.9
189	-0.807371	129.164822	147.355214	0.003217	11.1
190	-0.806354	130.164822	146.380416	0.003412	5.6
191	-0.788997	129.876556	146.660091	0.007431	5.8
192	-0.800359	130.876556	145.694438	0.008005	10.2
193	-0.787261	131.876556	144.741418	0.005581	5.6
194	-0.818158	132.876556	143.800784	0.006430	6.1
195	-0.796287	133.876556	142.872298	0.005699	6.6
196	-0.768872	134.876556	141.955725	0.004174	5.8
197	-0.798739	135.865286	141.060970	0.006929	6.3
198	-0.771984	136.865286	140.167418	0.006321	6.7
199	-0.810457	137.865286	139.285114	0.005430	9.6
200	-0.811133	138.865286	138.413848	0.006363	6.0
201	-0.802345	139.865286	137.553415	0.006048	6.0
202	-0.794489	139.576879	137.800470	0.004841	8.3
203	-0.823461	140.576879	136.947622	0.005717	12.1
204	-0.788847	140.288573	137.192419	0.005013	5.4
205	-0.781676	140.000166	137.438178	0.008703	5.9
206	-0.801225	141.000166	136.589795	0.006132	6.0
207	-0.790007	142.000166	135.751821	0.005665	5.9
208	-0.813960	141.711760	135.992441	0.005300	6.1
209	-0.798550	142.711760	135.161759	0.005069	6.1
210	-0.845200	142.442724	135.384243	0.005320	6.1
211	-0.787461	143.442724	134.560951	0.004034	6.1
212	-0.786443	143.158737	134.793736	0.005707	7.9
213	-0.815038	144.158713	133.977609	0.006441	7.9
214	-0.804658	145.158713	133.171286	0.006012	8.0
215	-0.801667	144.870493	133.402687	0.006170	5.9
216	-0.806437	144.582087	133.635044	0.005808	3.6
217	-0.782226	145.582087	132.832827	0.004329	4.7
218	-0.799004	146.582087	132.040183	0.004768	5.9
219	-0.812200	146.293680	132.267814	0.005508	16.9
220	-0.789628	147.293680	131.481880	0.003984	2.8
221	-0.833077	148.293680	130.705230	0.004293	4.1
222	-0.792611	149.293680	129.937702	0.003332	3.8
223	-0.815896	150.293680	129.179135	0.007901	5.5
224	-0.805461	151.293680	128.429374	0.006292	6.1
225	-0.822246	152.293680	127.688265	0.003424	7.9
226	-0.804578	153.293680	126.955661	0.007140	6.2
227	-0.800147	154.293680	126.231416	0.003598	3.8
228	-0.842469	155.293680	125.515387	0.003531	3.7
229	-0.819915	155.005273	125.721060	0.003420	4.4
230	-0.811643	156.001756	125.013277	0.004982	4.0
231	-0.804582	157.001738	124.310974	0.005525	9.6
232	-0.803556	156.713526	124.512579	0.006912	9.2
233	-0.809163	157.712900	123.816297	0.008026	9.4
234	-0.796817	157.424493	124.016434	0.009577	11.2
235	-0.807110	158.424493	123.325244	0.005493	4.8
236	-0.806100	158.136087	123.523796	0.011521	6.2
237	-0.784818	159.136087	122.838071	0.003823	11.0
238	-0.802135	160.136087	122.159917	0.004867	9.3
239	-0.761064	161.136087	121.489211	0.003793	6.2
240	-0.795879	162.136087	120.825828	0.005073	5.9
241	-0.814231	161.847681	121.016408	0.005561	6.0
242	-0.787901	161.559274	121.207589	0.006944	6.5
243	-0.823383	162.559274	120.547270	0.004117	5.5
244	-0.822881	162.270877	120.736965	0.003884	5.9
245	-0.789664	161.982471	120.927263	0.006657	6.1
246	-0.803427	162.982471	120.269987	0.003264	5.8
247	-0.809010	163.982471	119.619818	0.004584	6.4
248	-0.809933	163.694065	119.806608	0.006690	7.7
249	-0.802394	164.694065	119.161425	0.004647	7.3
250	-0.802153	165.062816	118.925264	0.004546	6.0
251	-0.785803	164.775626	119.109110	0.005020	5.9
252	-0.815491	164.487220	119.294307	0.005969	6.8
253	-0.800156	164.235297	119.456550	0.005244	6.3
254	-0.824243	165.235297	118.815122	0.006145	7.4
255	-0.794743	166.235297	118.180545	0.005614	5.9
256	-0.815714	167.235297	117.552711	0.006253	6.5
257	-0.810745	166.946891	117.733097	0.003238	5.2
258	-0.820354	167.946891	117.109995	0.003708	5.6
259	-0.815518	167.784670	117.210627	0.005603	12.4
260	-0.817442	168.784670	116.593029	0.004435	6.0
261	-0.795048	169.784670	115.981905	0.006627	6.6
262	-0.800825	169.496264	116.157498	0.006169	11.1
263	-0.808875	170.496264	115.550920	0.007651	11.8
264	-0.813228	171.496264	114.950644	0.007826	10.4
265	-0.809812	171.234299	115.107291	0.007651	6.1
266	-0.826768	172.234299	114.511604	0.003782	5.9
267	-0.801164	173.234299	113.922050	0.002989	8.9
268	-0.812649	173.823254	113.577661	0.006184	4.8
269	-0.801547	174.698862	113.069485	0.004396	4.7
270	-0.805821	175.698862	112.494649	0.006116	4.7
271	-0.782987	175.410455	112.659835	0.008262	5.1
272	-0.817038	176.410455	112.089146	0.005648	4.7
273	-0.806282	176.122049	112.253142	0.006594	4.6
274	-0.777960	175.833643	112.417619	0.007574	4.9
275	-0.776962	175.545237	112.582578	0.005809	4.7
276	-0.790878	176.545237	112.012670	0.005361	4.6
277	-0.801516	176.256831	112.176442	0.005747	5.1
278	-0.823092	175.968424	112.340694	0.004330	11.2
279	-0.783305	176.968424	111.773226	0.003765	6.8
280	-0.799555	176.680032	111.936290	0.005529	6.2
281	-0.803584	176.391627	112.099838	0.004785	6.0
282	-0.788865	176.103221	112.263865	0.002444	5.8
283	-0.795146	177.103220	111.697172	0.003501	5.8
284	-0.822888	176.815660	111.859543	0.006974	6.3
285	-0.805523	176.527254	112.022868	0.005017	6.4
286	-0.803225	176.238847	112.186670	0.004992	10.9
287	-0.800895	177.238847	111.620753	0.004656	5.7
288	-0.781638	178.238847	111.060517	0.006362	11.2
289	-0.789229	179.238847	110.505877	0.005726	6.8
290	-0.808842	180.238847	109.956749	0.006653	6.3
291	-0.805529	181.238847	109.413052	0.005118	9.7
292	-0.799063	182.238847	108.874704	0.003916	6.5
293	-0.792051	183.238846	108.341630	0.003081	11.2
294	-0.839168	184.238846	107.813749	0.002664	9.9
295	-0.802581	185.065779	107.381097	0.002124	2.5
296	-0.787747	186.065711	106.862548	0.003029	11.2
297	-0.792914	186.099211	106.845262	0.008637	5.1
298	-0.797333	187.099211	106.331828	0.005064	6.5
299	-0.814381	188.099211	105.823304	0.006418	5.8
300	-0.804323	189.099211	105.319622	0.004291	6.0
301	-0.798721	188.810805	105.464394	0.004197	5.8
302	-0.804312	189.810804	104.964115	0.005037	6.3
303	-0.805899	190.810804	104.468559	0.004651	5.8
304	-0.794247	191.810804	103.977660	0.004179	11.2
305	-0.797836	191.522398	104.118764	0.010269	6.1
306	-0.785491	192.522398	103.631140	0.003152	6.6
307	-0.784825	193.522398	103.148061	0.003817	5.8
308	-0.789609	194.522398	102.669466	0.003928	11.4
309	-0.811548	195.522394	102.195293	0.004432	5.7
310	-0.777415	196.522394	101.725478	0.003986	5.8
311	-0.823315	197.522394	101.259962	0.003967	5.8
312	-0.802464	197.233988	101.393782	0.006184	5.0
313	-0.813924	198.233988	100.931291	0.005498	7.7
314	-0.795186	197.945582	101.064243	0.003528	5.9
315	-0.784307	198.945582	100.604746	0.002227	11.4
316	-0.801548	198.938501	100.607985	0.003751	2.7
317	-0.787630	199.041561	100.560864	0.002887	6.1
318	-0.805733	200.039101	100.107037	0.004842	5.8
319	-0.796046	199.782614	100.223333	0.003044	8.5
320	-0.779901	199.494215	100.354422	0.005644	5.9
321	-0.797855	200.494206	99.901346	0.007541	14.0
322	-0.799232	201.478912	99.459177	0.004519	3.4
323	-0.813878	201.190571	99.588247	0.007231	11.1
324	-0.804197	202.190571	99.142044	0.003292	5.8
325	-0.779677	202.342329	99.074679	0.005169	6.6
326	-0.811090	203.342329	98.633056	0.004895	6.1
327	-0.785447	204.342329	98.195353	0.003565	9.9
328	-0.819681	205.342329	97.761517	0.002093	7.7
329	-0.831690	205.053949	97.886233	0.004339	5.9
330	-0.833573	206.053949	97.455118	0.004757	5.9
331	-0.806135	207.053949	97.027785	0.005623	11.6
332	-0.808527	207.215137	96.959254	0.004414	6.8
333	-0.818329	206.926731	97.081941	0.004091	8.6
334	-0.791105	207.926731	96.657867	0.004855	6.3
335	-0.796953	208.926731	96.237481	0.007384	10.4
336	-0.809491	209.926731	95.820737	0.004116	11.5
337	-0.802630	210.926661	95.407614	0.003854	5.7
338	-0.793776	210.719231	95.493021	0.005140	6.1
339	-0.794295	211.719231	95.082685	0.004551	6.0
340	-0.776089	212.718592	94.676120	0.004435	6.1
341	-0.805271	212.430186	94.793093	0.007041	11.4
342	-0.787936	213.427937	94.389644	0.003682	12.4
343	-0.785909	213.139531	94.505910	0.004333	7.2
344	-0.805702	213.490938	94.364284	0.003148	11.1
345	-0.812304	213.202531	94.480488	0.004033	5.9
346	-0.832214	212.947510	94.583479	0.004023	6.9
347	-0.815153	212.659106	94.700223	0.006799	5.5
348	-0.802185	213.651397	94.299756	0.008792	3.9
349	-0.814418	214.649192	93.900468	0.007365	3.8
350	-0.791991	215.649192	93.503676	0.008379	3.7
351	-0.797522	216.649192	93.110224	0.005737	3.9
352	-0.815226	216.360786	93.223358	0.006142	3.8
353	-0.794543	217.360786	92.832256	0.002812	3.9
354	-0.824210	218.360786	92.444422	0.006579	5.4
355	-0.795961	219.113857	92.154488	0.005010	6.3
356	-0.824900	219.705476	91.927985	0.008041	5.8
357	-0.776330	220.705476	91.547655	0.006744	6.1
358	-0.794859	220.417069	91.657021	0.003347	7.2
359	-0.796092	221.417069	91.278925	0.004309	6.3
360	-0.796191	222.041963	91.044234	0.003431	9.6
361	-0.826636	221.753760	91.152324	0.007175	7.1
362	-0.810916	222.753660	90.778409	0.003027	6.5
363	-0.776534	222.465254	90.885944	0.005608	13.6
364	-0.801064	222.176849	90.993734	0.005462	2.2
365	-0.824675	223.176849	90.621079	0.005232	6.4
366	-0.784990	222.888442	90.728241	0.002674	5.8
367	-0.796716	222.615930	90.829731	0.006112	6.0
368	-0.804994	223.615930	90.458416	0.005478	5.8
369	-0.790838	223.327523	90.565194	0.007449	5.2
370	-0.805260	224.327523	90.196033	0.005108	6.7
371	-0.798379	225.327523	89.829870	0.004850	11.0
372	-0.794509	226.324709	89.467686	0.007136	2.3
373	-0.817207	226.036303	89.572137	0.003477	10.6
374	-0.779567	227.036303	89.211011	0.005230	6.2
375	-0.812877	228.036303	88.852787	0.002632	6.0
376	-0.812820	229.036302	88.497427	0.007609	5.9
377	-0.827018	230.036302	88.144899	0.005963	5.9
378	-0.816437	229.747896	88.246282	0.004269	5.8
379	-0.776754	230.747896	87.895747	0.006735	8.2
380	-0.811576	231.747896	87.547987	0.003429	5.7
381	-0.810063	231.459489	87.648000	0.002904	8.6
382	-0.809683	231.171083	87.748243	0.004983	5.9
383	-0.809529	232.145570	87.410455	0.004421	5.9
384	-0.782412	233.145570	87.066516	0.004692	5.9
385	-0.829625	233.258425	87.027871	0.004338	5.8
386	-0.812155	234.258425	86.686931	0.005422	5.9
387	-0.817740	235.239322	86.355089	0.005599	5.4
388	-0.807230	236.239322	86.019390	0.005554	6.4
389	-0.800661	235.950915	86.115939	0.003862	8.0
390	-0.790009	236.950915	85.782093	0.006911	6.7
391	-0.803491	237.950915	85.450825	0.004849	9.3
392	-0.802727	238.950915	85.122106	0.007208	11.9
393	-0.798447	239.950355	84.796089	0.005614	2.6
394	-0.819207	239.661949	84.889910	0.004121	9.3
395	-0.797659	240.661949	84.565484	0.003297	8.4
396	-0.810837	241.638852	84.250937	0.004087	10.2
397	-0.818753	241.350456	84.343553	0.006406	4.6
398	-0.777190	241.062075	84.436367	0.005952	6.0
399	-0.820324	242.062075	84.115392	0.004352	11.5
400	-0.809342	241.773668	84.207712	0.003002	5.9
401	-0.792166	241.547568	84.280230	0.005569	7.8
402	-0.808465	241.259162	84.372913	0.005472	10.9
403	-0.789256	242.259162	84.052419	0.002809	6.0
404	-0.821729	243.259162	83.734351	0.003628	6.0
405	-0.791660	244.258187	83.418988	0.005546	5.8
406	-0.808323	245.258187	83.105687	0.005101	5.9
407	-0.791430	246.258187	82.794730	0.004127	6.2
408	-0.808625	245.969780	82.884173	0.005787	9.8
409	-0.800028	246.969780	82.574869	0.008461	5.6
410	-0.807331	246.681374	82.663837	0.002983	6.1
411	-0.787929	246.392967	82.752997	0.004854	8.0
412	-0.795121	246.104614	82.842333	0.005470	6.0
413	-0.810867	247.104614	82.533341	0.003600	5.9
414	-0.780640	248.104493	82.226682	0.003949	5.3
415	-0.819742	247.816117	82.314891	0.003384	6.3
416	-0.784748	247.527723	82.403296	0.005044	6.8
417	-0.800868	247.239316	82.491895	0.004519	11.2
418	-0.794896	248.239316	82.185506	0.006312	5.0
419	-0.817018	249.239316	81.881385	0.003429	6.0
420	-0.820050	250.238700	81.579691	0.004464	6.5
421	-0.799398	249.950294	81.666527	0.004177	11.0
422	-0.796111	250.856277	81.394366	0.006476	6.1
423	-0.808643	251.855575	81.096270	0.007529	6.1
424	-0.810648	252.855575	80.800142	0.001978	6.4
425	-0.796824	252.567169	80.885325	0.003073	6.0
426	-0.822357	253.221243	80.692397	0.005802	6.8
427	-0.777364	252.932836	80.777353	0.003872	12.1
428	-0.801162	253.932836	80.483546	0.005876	12.8
429	-0.819254	254.932836	80.191868	0.004870	7.3
430	-0.804527	254.644430	80.275772	0.006082	6.0
431	-0.802620	255.644430	79.985595	0.005324	5.9
432	-0.840215	255.356023	80.069069	0.007648	7.8
433	-0.817554	256.356023	79.780382	0.005915	8.3
434	-0.796904	257.356023	79.493769	0.006130	6.1
435	-0.803252	258.356023	79.209208	0.004664	6.0
436	-0.804656	259.356023	78.926678	0.004056	7.6
437	-0.783815	260.356023	78.646155	0.005010	4.8
438	-0.801684	261.356023	78.367620	0.004379	4.6
439	-0.809216	262.356023	78.091050	0.005197	4.8
440	-0.823915	262.067617	78.170614	0.005174	4.4
441	-0.805474	261.779210	78.250340	0.004800	4.6
442	-0.811202	261.490804	78.330229	0.002990	4.6
443	-0.799543	261.230069	78.402594	0.005448	4.4
444	-0.787229	262.227258	78.126553	0.005201	11.2
445	-0.796764	263.227258	77.851680	0.005081	5.3
446	-0.799615	264.227258	77.578734	0.008087	6.4
447	-0.807271	265.227258	77.307695	0.004602	6.2
448	-0.793916	264.938852	77.385669	0.004961	6.1
449	-0.774596	265.938852	77.115975	0.007323	8.3
450	-0.791067	265.650445	77.193564	0.003485	6.6
451	-0.799784	265.362039	77.271309	0.009133	6.0
452	-0.793972	265.073632	77.349210	0.004721	6.1
453	-0.793771	264.785244	77.427264	0.006457	5.9
454	-0.820994	264.496838	77.505480	0.006442	6.2
455	-0.808551	265.496838	77.234952	0.004781	10.8
456	-0.798150	266.496838	76.966306	0.004943	9.8
457	-0.780033	267.496826	76.699525	0.004137	7.9
458	-0.795427	268.496826	76.434584	0.006176	5.6
459	-0.806115	268.208420	76.510807	0.005151	6.9
460	-0.807798	267.920020	76.587180	0.004338	7.4
461	-0.830199	267.631893	76.663633	0.005714	5.8
462	-0.840194	267.442220	76.714045	0.003975	5.9
463	-0.818435	268.442220	76.449004	0.005815	4.9
464	-0.797749	269.442201	76.185793	0.005054	5.0
465	-0.811557	270.442201	75.924383	0.004652	6.2
466	-0.803084	270.180293	75.992675	0.003622	5.7
467	-0.771102	269.891887	76.068019	0.005360	6.0
468	-0.773338	270.891887	75.807415	0.005552	5.8
469	-0.811877	270.603480	75.882392	0.006104	6.3
470	-0.801045	270.315074	75.957516	0.005303	6.0
471	-0.793624	271.315074	75.697668	0.006828	6.6
472	-0.823055	272.315074	75.439592	0.006806	11.1
473	-0.809025	273.315074	75.183269	0.006861	6.4
474	-0.807412	274.315074	74.928683	0.003547	8.2
475	-0.825603	275.315074	74.675814	0.002651	6.3
476	-0.813102	276.157031	74.464230	0.005477	7.0
477	-0.818847	276.211745	74.450522	0.004929	6.0
478	-0.800262	277.211745	74.200865	0.005276	6.5
479	-0.799503	276.923339	74.272696	0.006447	10.9
480	-0.798246	276.634932	74.344665	0.003839	1.7
481	-0.803174	277.634932	74.095717	0.005617	6.5
482	-0.817243	278.634932	73.848430	0.005032	6.0
483	-0.783266	279.634932	73.602789	0.004105	6.1
484	-0.797389	280.634932	73.358776	0.004276	11.3
485	-0.801225	280.346526	73.428985	0.005920	6.0
486	-0.830286	280.058119	73.499328	0.004581	11.2
487	-0.790539	281.058119	73.256000	0.006633	6.6
488	-0.815763	280.769713	73.326012	0.003700	5.9
489	-0.775488	280.481306	73.396157	0.006246	9.0
490	-0.819855	280.192900	73.466438	0.005328	6.1
491	-0.779611	281.192900	73.223327	0.002882	6.0
492	-0.776342	282.192900	72.981819	0.003458	5.9
493	-0.792842	283.191687	72.742190	0.005862	5.8
494	-0.796089	284.190224	72.504188	0.004389	5.8
495	-0.789235	283.901818	72.572770	0.003864	5.8
496	-0.806306	283.613483	72.641464	0.005802	8.7
497	-0.788377	284.346818	72.467005	0.004934	11.3
498	-0.802011	285.346818	72.230453	0.003533	5.9
499	-0.806188	286.346818	71.995440	0.004494	16.2
500	-0.792148	287.346818	71.761952	0.006217	1.6
501	-0.817784	288.346818	71.529973	0.005593	10.9
502	-0.780566	289.293414	71.311760	0.004387	10.8
503	-0.780140	290.293414	71.082678	0.006019	4.1
504	-0.776437	291.293414	70.855063	0.003778	4.7
505	-0.782350	292.293413	70.628901	0.003310	3.9
506	-0.810925	292.005007	70.693979	0.006655	3.9
507	-0.812924	291.716943	70.759100	0.005538	3.8
508	-0.796752	292.716943	70.533549	0.008174	3.8
509	-0.810045	292.428536	70.598452	0.004551	3.9
510	-0.797902	293.428536	70.373923	0.008584	6.5
511	-0.785841	293.140130	70.438532	0.006121	6.2
512	-0.799109	294.140130	70.215017	0.004701	6.2
513	-0.805560	295.140130	69.992916	0.004548	6.2
514	-0.784123	294.851723	70.056827	0.002561	6.3
515	-0.793997	295.851723	69.835724	0.003509	14.5
516	-0.802565	296.519275	69.688901	0.008334	7.7
517	-0.793133	297.519275	69.470111	0.003975	16.5
518	-0.808219	298.519275	69.252690	0.007695	5.9
519	-0.810022	298.230868	69.315256	0.003891	6.4
520	-0.799931	297.942462	69.377935	0.004151	5.9
521	-0.777887	298.942462	69.161090	0.005016	5.5
522	-0.815432	298.654087	69.223484	0.006091	6.0
523	-0.808943	298.365680	69.285997	0.003141	6.1
524	-0.792188	299.365680	69.069725	0.005892	6.1
525	-0.808737	300.365680	68.854799	0.006597	5.6
526	-0.796469	301.365680	68.641207	0.005234	5.9
527	-0.800155	301.077274	68.702672	0.003614	6.3
528	-0.810975	300.788868	68.764248	0.005372	11.0
529	-0.814816	301.788862	68.551217	0.005927	7.1
530	-0.827609	302.788219	68.339637	0.003688	6.4
531	-0.789278	303.779114	68.131134	0.009270	11.1
532	-0.814597	303.491550	68.191512	0.005625	7.6
533	-0.787389	304.491550	67.982009	0.003249	7.2
534	-0.794221	305.491525	67.773794	0.005959	5.9
535	-0.804013	306.491525	67.566846	0.003848	6.4
536	-0.784069	306.203118	67.626401	0.003644	6.0
537	-0.803814	307.203118	67.420351	0.005304	9.4
538	-0.789858	308.203097	67.215557	0.002341	6.2
539	-0.800604	309.203097	67.011999	0.004806	9.7
540	-0.796137	309.302300	66.991872	0.006545	7.9
541	-0.825022	310.302300	66.789664	0.008264	11.0
542	-0.811651	311.302300	66.588674	0.004265	1.5
543	-0.807970	312.302300	66.388889	0.005943	5.8
544	-0.817331	312.013894	66.446385	0.006836	8.4
545	-0.809340	311.725487	66.503981	0.007087	8.0
546	-0.792070	312.725487	66.304703	0.004407	6.0
547	-0.804502	312.437081	66.362054	0.005643	9.9
548	-0.808931	312.148943	66.419450	0.005970	5.9
549	-0.805157	311.860704	66.476965	0.004411	6.3
550	-0.802261	312.860704	66.277849	0.005485	5.8
551	-0.784714	313.860667	66.079930	0.007913	5.7
552	-0.790641	313.572261	66.136892	0.005006	5.7
553	-0.808115	313.283855	66.193952	0.005842	4.0
554	-0.775999	314.283855	65.996525	0.007263	6.1
555	-0.800580	313.995448	66.053344	0.004991	5.9
556	-0.829373	314.995448	65.856754	0.003184	11.5
557	-0.803060	315.991481	65.662103	0.007446	6.4
558	-0.772260	316.991481	65.467832	0.004086	5.4
559	-0.802597	317.991481	65.274706	0.009453	7.6
560	-0.806799	317.711724	65.328620	0.003933	5.7
561	-0.813448	318.711724	65.136314	0.005151	5.5
562	-0.808710	318.423317	65.191660	0.002971	6.0
563	-0.813493	318.210489	65.232563	0.003950	6.1
564	-0.809444	319.209097	65.041087	0.004428	5.9
565	-0.804285	320.209096	64.850468	0.004838	8.9
566	-0.786685	321.209093	64.660963	0.006030	6.2
567	-0.795394	320.920687	64.715504	0.005371	9.8
568	-0.797716	321.920687	64.526785	0.004564	7.7
569	-0.809786	321.632280	64.581100	0.003638	8.1
570	-0.780130	322.632219	64.393175	0.006218	7.8
571	-0.821736	322.355396	64.445090	0.004093	12.0
572	-0.806660	323.355396	64.257943	0.006585	5.6
573	-0.797881	323.066990	64.311806	0.005522	6.0
574	-0.832550	324.066990	64.125431	0.005730	6.1
575	-0.823114	325.066990	63.940133	0.002389	6.3
576	-0.807912	324.778584	63.993464	0.005238	5.9
577	-0.794841	325.778584	63.808927	0.006360	6.4
578	-0.798357	326.778584	63.625452	0.002407	6.1
579	-0.823039	326.490177	63.678259	0.004710	8.8
580	-0.839109	326.248259	63.722622	0.004493	7.8
581	-0.832998	325.959852	63.775590	0.006562	6.2
582	-0.796343	325.671448	63.828647	0.006119	9.8
583	-0.800954	326.671448	63.645058	0.005149	11.2
584	-0.810184	327.671448	63.462522	0.005402	7.0
585	-0.801599	328.671363	63.281045	0.006984	8.0
586	-0.784819	328.382957	63.333282	0.007136	5.5
587	-0.807704	329.382957	63.152528	0.004251	4.9
588	-0.795518	330.382957	62.972802	0.003804	4.9
589	-0.805960	331.382957	62.794097	0.007926	5.4
590	-0.826005	332.382957	62.616402	0.008605	7.0
591	-0.848869	332.094551	62.667547	0.005657	5.8
592	-0.800711	333.094551	62.490568	0.004087	5.9
593	-0.817317	332.806144	62.541507	0.005645	10.9
594	-0.829375	333.805688	62.365318	0.003901	5.7
595	-0.814572	333.517282	62.416053	0.006187	11.2
596	-0.825588	333.228879	62.466870	0.003085	7.9
597	-0.794025	332.940473	62.517771	0.003692	6.8
598	-0.785551	332.652090	62.568751	0.005951	6.1
599	-0.816181	332.363684	62.619818	0.002250	5.4
600	-0.806258	332.077717	62.670535	0.010221	5.9
601	-0.806209	333.077717	62.493538	0.003230	11.4
602	-0.794525	334.077717	62.317539	0.004956	7.7
603	-0.812642	333.789311	62.368196	0.002376	8.0
604	-0.826205	333.501132	62.418896	0.007140	6.0
605	-0.792809	333.213352	62.469608	0.004785	9.9
606	-0.825620	334.213352	62.293743	0.004419	7.9
607	-0.806033	335.066494	62.144486	0.004277	5.9
608	-0.786766	334.778125	62.194857	0.004720	6.2
609	-0.800826	335.723739	62.029989	0.005033	10.4
610	-0.824986	336.723739	61.856587	0.007009	9.3
611	-0.795309	336.435333	61.906497	0.003286	6.4
612	-0.837179	337.435333	61.733784	0.004886	5.8
613	-0.805781	337.146926	61.783497	0.005004	6.4
614	-0.792763	336.960004	61.815759	0.003476	10.2
615	-0.847379	337.960004	61.643551	0.002869	14.7
616	-0.838499	338.958632	61.472535	0.005975	2.5
617	-0.808586	338.670251	61.521823	0.004840	4.0
618	-0.789040	338.381844	61.571195	0.008214	5.4
619	-0.811113	339.381844	61.400345	0.004448	5.4
620	-0.812561	339.093438	61.449521	0.005783	6.5
621	-0.803431	339.195342	61.432137	0.004583	5.8
622	-0.793112	338.906936	61.481364	0.008009	10.3
623	-0.822802	339.857076	61.319483	0.006040	6.6
624	-0.801280	339.568670	61.368531	0.002857	8.6
625	-0.796075	339.280264	61.417656	0.004802	6.2
626	-0.776634	338.993423	61.466594	0.004165	9.6
627	-0.792925	338.705016	61.515877	0.005995	8.5
628	-0.810029	339.504193	61.379506	0.004176	5.8
629	-0.805271	339.215787	61.428650	0.003251	6.4
630	-0.789583	338.927380	61.477872	0.003092	7.2
631	-0.803436	339.927380	61.307539	0.005638	5.9
632	-0.783718	339.638974	61.356567	0.005212	6.3
633	-0.829581	340.638974	61.186905	0.003861	7.6
634	-0.804263	341.638974	61.018178	0.003558	10.9
635	-0.810557	341.350682	61.066725	0.003115	8.7
636	-0.798534	342.350681	60.898660	0.004221	8.6
637	-0.810125	342.062275	60.947036	0.003843	6.7
638	-0.809942	343.062275	60.779627	0.004263	8.5
639	-0.795057	344.024760	60.619366	0.006883	6.0
640	-0.807900	345.024760	60.453750	0.004147	10.0
641	-0.796353	346.024266	60.289118	0.004775	5.6
642	-0.792422	345.735859	60.336531	0.008897	6.3
643	-0.805682	346.735859	60.172455	0.003127	7.2
644	-0.823603	347.735712	60.009293	0.006009	6.3
645	-0.813955	348.735278	59.847060	0.003706	6.0
646	-0.822510	348.446872	59.893779	0.003932	5.8
647	-0.817938	348.366217	59.906858	0.006367	6.3
648	-0.792491	349.258932	59.762419	0.003913	6.2
649	-0.801813	350.258932	59.601447	0.003487	12.4
650	-0.793142	351.198701	59.450958	0.006753	8.3
651	-0.814340	351.701420	59.370768	0.005584	6.6
652	-0.815413	352.701420	59.211896	0.005563	5.7
653	-0.808527	353.701420	59.053871	0.002432	5.9
654	-0.785654	353.599660	59.069913	0.004478	6.0
655	-0.810743	354.552553	58.920035	0.004368	5.8
656	-0.805896	354.446445	58.936687	0.004040	5.9
657	-0.799906	354.158038	58.981995	0.002769	5.8
658	-0.800983	355.158038	58.825194	0.009118	5.3
659	-0.797459	354.869632	58.870331	0.006046	8.5
660	-0.821770	355.869632	58.714122	0.003355	5.9
661	-0.815611	356.869627	58.558741	0.007057	7.4
662	-0.811185	357.654678	58.437333	0.006304	5.2
663	-0.784009	358.654678	58.283410	0.005276	5.2
664	-0.796271	359.654678	58.130297	0.005902	5.9
665	-0.786533	360.654678	57.977986	0.003643	5.9
666	-0.810152	360.366272	58.021831	0.007582	7.6
667	-0.804702	361.366272	57.870087	0.006572	8.8
668	-0.803088	362.366272	57.719135	0.007450	5.9
669	-0.823772	362.077866	57.762589	0.003589	11.1
670	-0.808296	361.789459	57.806110	0.004441	9.5
671	-0.832975	361.501053	57.849696	0.008460	5.7
672	-0.802504	362.501053	57.698849	0.005672	10.9
673	-0.802677	363.501053	57.548788	0.005286	8.2
674	-0.807644	363.212646	57.591986	0.004982	5.6
675	-0.819652	364.210138	57.442853	0.004498	6.3
676	-0.786798	365.210138	57.294119	0.005487	5.9
677	-0.802628	364.921732	57.336935	0.004992	12.0
678	-0.811756	365.921732	57.188748	0.004997	8.0
679	-0.811699	366.921732	57.041325	0.005660	11.3
680	-0.812765	367.921732	56.894659	0.005792	1.6
681	-0.793267	367.633326	56.936881	0.005106	10.7
682	-0.796826	368.633326	56.790752	0.004933	6.4
683	-0.807697	369.633326	56.645370	0.005085	5.9
684	-0.801852	369.344919	56.687223	0.005471	5.9
685	-0.787591	370.344919	56.542371	0.006318	6.3
686	-0.795971	370.056513	56.584071	0.004651	4.1
687	-0.807520	371.055838	56.439842	0.004064	11.0
688	-0.800825	370.767432	56.481391	0.004628	1.5
689	-0.765713	371.767432	56.337587	0.003125	7.6
690	-0.801621	372.767432	56.194514	0.004891	5.9
691	-0.814830	373.767432	56.052166	0.004032	10.9
692	-0.821660	373.479025	56.093146	0.007773	2.9
693	-0.803847	373.190619	56.134186	0.006240	5.5
694	-0.807637	374.190619	55.992142	0.005835	6.8
695	-0.797986	373.902212	56.033035	0.003752	11.0
696	-0.834909	373.613806	56.073987	0.004200	5.7
697	-0.831484	374.613806	55.932248	0.006275	10.1
698	-0.793616	375.519877	55.804439	0.006539	6.1
699	-0.791896	375.231470	55.845058	0.004523	9.8
700	-0.790776	374.943064	55.885736	0.005673	15.7
701	-0.794083	374.654657	55.926473	0.007035	4.2
702	-0.813759	375.654657	55.785477	0.009287	7.0
703	-0.777354	376.654657	55.645191	0.005289	6.3
704	-0.810404	376.366251	55.685578	0.005229	6.2
705	-0.799471	376.077845	55.726024	0.007339	6.2
706	-0.799234	376.226320	55.705195	0.005485	9.6
707	-0.799181	377.226320	55.565311	0.004124	5.7
708	-0.803943	376.937913	55.605582	0.004125	6.5
709	-0.794066	376.649507	55.645912	0.003850	11.0
710	-0.818835	377.649500	55.506327	0.005157	9.4
711	-0.783886	377.361192	55.546499	0.005697	6.1
712	-0.816222	378.361192	55.407410	0.004629	6.2
713	-0.799632	378.937485	55.327571	0.005448	8.7
714	-0.805632	378.649078	55.367498	0.004435	9.6
715	-0.786272	378.360672	55.407483	0.006284	11.5
716	-0.797854	379.360672	55.269089	0.002452	5.6
717	-0.768350	380.334299	55.135007	0.005359	6.4
718	-0.804028	381.331434	54.998361	0.004390	6.1
719	-0.813088	381.043027	55.037814	0.006871	6.4
720	-0.806014	382.043027	54.901259	0.005652	6.0
721	-0.816813	383.043027	54.765379	0.004967	5.6
722	-0.777195	382.754621	54.804498	0.005290	6.3
723	-0.807329	383.746753	54.670159	0.005962	6.0
724	-0.787894	384.744890	54.535670	0.007430	9.7
725	-0.811234	385.744566	54.401635	0.007451	10.3
726	-0.803952	386.744566	54.268214	0.004682	3.0
727	-0.789775	386.456159	54.306626	0.007188	10.9
728	-0.809950	387.456159	54.173671	0.003095	11.0
729	-0.782708	387.167756	54.211949	0.006465	7.9
730	-0.808747	388.167756	54.079455	0.005620	8.0
731	-0.778148	387.879407	54.117593	0.002780	6.0
732	-0.797986	388.879407	53.985560	0.006172	6.2
733	-0.803395	388.591001	54.023573	0.006065	10.4
734	-0.803684	388.302594	54.061640	0.006617	4.2
735	-0.793226	389.302594	53.929879	0.008797	10.0
736	-0.804777	390.302594	53.798760	0.006379	5.9
737	-0.807335	391.302594	53.668276	0.006424	5.7
738	-0.796956	391.014188	53.705843	0.004907	4.3
739	-0.797230	390.725782	53.743463	0.002205	4.8
740	-0.802737	391.725782	53.613247	0.004004	5.5
741	-0.806643	392.725769	53.483663	0.003493	5.4
742	-0.806750	392.521017	53.510145	0.005819	13.9
743	-0.783541	393.521017	53.381056	0.004479	3.6
744	-0.816733	394.521017	53.252588	0.006517	7.2
745	-0.818919	394.232611	53.289575	0.002568	6.0
746	-0.801939	395.232611	53.161547	0.007462	5.8
747	-0.805277	394.944204	53.198408	0.004718	11.0
748	-0.809194	395.944204	53.070817	0.005219	5.8
749	-0.821531	395.655798	53.107552	0.006721	11.1
750	-0.799080	396.655798	52.980396	0.005636	7.6
751	-0.814797	397.655798	52.853847	0.003952	5.9
752	-0.796627	398.655711	52.727912	0.002879	5.9
753	-0.788962	398.805519	52.709096	0.003007	10.9
754	-0.796566	399.803387	52.584105	0.004453	11.7
755	-0.804383	399.514980	52.620169	0.003819	6.5
756	-0.802216	399.941487	52.566853	0.005680	6.1
757	-0.798573	400.940626	52.442377	0.007029	6.0
758	-0.797954	400.652220	52.478247	0.004524	6.0
759	-0.794582	400.363814	52.514166	0.005744	5.9
760	-0.821788	401.363814	52.389832	0.007141	6.3
761	-0.821185	401.075407	52.425631	0.004102	5.9
762	-0.798343	400.787001	52.461478	0.008697	6.0
763	-0.797824	401.787001	52.337393	0.005739	7.0
764	-0.802254	402.787001	52.213894	0.004013	5.8
765	-0.817199	402.498594	52.249452	0.004380	5.8
766	-0.814094	402.210189	52.285058	0.004263	6.2
767	-0.815238	401.921783	52.320714	0.003571	6.8
768	-0.801817	402.918198	52.197734	0.003947	6.0
769	-0.785088	403.918198	52.074892	0.006480	11.7
770	-0.784413	403.629791	52.110261	0.005074	6.0
771	-0.777932	403.341385	52.145679	0.006201	11.0
772	-0.792228	404.341384	52.023081	0.002697	5.9
773	-0.795033	405.341384	51.901059	0.003209	5.9
774	-0.790970	405.052985	51.936192	0.005277	5.9
775	-0.816693	406.052965	51.814579	0.002683	5.9
776	-0.810574	406.206638	51.795940	0.005933	5.8
777	-0.770398	407.204196	51.675275	0.006807	6.2
778	-0.805857	408.204196	51.554877	0.004948	11.1
779	-0.807108	409.204196	51.435039	0.002706	6.9
780	-0.794926	410.204196	51.315756	0.005613	9.8
781	-0.826301	409.915790	51.350101	0.004855	11.7
782	-0.777824	410.915790	51.231212	0.003298	11.5
783	-0.801576	411.915762	51.112876	0.006517	7.6
784	-0.798501	411.627355	51.146949	0.004854	5.9
785	-0.788125	412.627355	51.028998	0.005393	8.9
786	-0.762114	412.338949	51.062960	0.003569	7.7
787	-0.787285	413.338949	50.945395	0.003060	6.0
788	-0.802337	413.050542	50.979246	0.007521	5.8
789	-0.813168	414.050542	50.862066	0.004697	5.9
790	-0.835690	413.762136	50.895806	0.002863	6.0
791	-0.767389	414.633325	50.794024	0.005247	5.8
792	-0.795516	415.633325	50.677693	0.006144	11.0
793	-0.777314	416.633325	50.561893	0.003228	6.1
794	-0.796508	416.348169	50.594860	0.004798	11.5
795	-0.808759	417.348169	50.479439	0.004931	6.6
796	-0.804826	417.059763	50.512673	0.006131	11.1
797	-0.803951	416.771356	50.545951	0.004969	4.4
798	-0.821873	417.736338	50.434777	0.006548	5.4
799	-0.803695	418.736338	50.320084	0.004147	6.1
800	-0.792302	418.447932	50.353109	0.005608	5.8
801	-0.808495	418.159525	50.386177	0.004627	6.1
802	-0.811419	419.159525	50.271704	0.003704	5.1
803	-0.790527	418.871151	50.304662	0.003174	6.0
804	-0.816034	419.871151	50.190559	0.004365	5.9
805	-0.818731	420.871135	50.076974	0.002427	6.4
806	-0.805501	420.583347	50.109610	0.008747	5.7
807	-0.828092	421.583347	49.996390	0.006403	11.9
808	-0.817483	421.776170	49.974617	0.004685	9.3
809	-0.778367	421.487763	50.007190	0.003257	8.3
810	-0.808153	422.487763	49.894431	0.005146	6.6
811	-0.800467	423.157379	49.819209	0.003353	9.4
812	-0.816926	422.876619	49.850721	0.002904	5.7
813	-0.793391	422.588804	49.883066	0.004386	6.0
814	-0.793686	422.300398	49.915519	0.005783	5.8
815	-0.793086	423.300398	49.803173	0.003103	5.9
816	-0.792677	423.016228	49.835047	0.003384	5.9
817	-0.792462	424.016228	49.723062	0.006218	5.8
818	-0.817558	423.735016	49.754502	0.003428	5.8
819	-0.780235	423.446609	49.786789	0.004497	5.2
820	-0.808307	424.446609	49.675021	0.003314	5.8
821	-0.821588	425.446609	49.563753	0.006957	6.1
822	-0.805962	426.446598	49.452984	0.004209	5.8
823	-0.808849	427.446598	49.342708	0.005312	10.6
824	-0.798037	427.158192	49.374462	0.002927	8.6
825	-0.788510	428.102964	49.270593	0.007285	6.6
826	-0.797119	427.830670	49.300484	0.003294	11.3
827	-0.778000	427.542264	49.332184	0.004943	5.7
828	-0.805102	427.253857	49.363924	0.003811	6.1
829	-0.821771	426.965451	49.395705	0.005857	4.5
830	-0.808988	427.965451	49.285684	0.003651	4.4
831	-0.802001	427.677044	49.317365	0.006398	4.5
832	-0.823605	427.388638	49.349086	0.006673	4.5
833	-0.791565	427.100231	49.380848	0.006445	4.4
834	-0.821491	428.100107	49.270907	0.002549	4.5
835	-0.797154	429.096787	49.161803	0.005834	4.4
836	-0.813773	428.808389	49.193323	0.007579	4.4
837	-0.791458	429.808389	49.084201	0.004735	4.3
838	-0.785935	430.806835	48.975730	0.004364	4.5
839	-0.791938	430.518428	49.007013	0.003421	4.4
840	-0.797851	431.518424	48.898715	0.004519	10.8
841	-0.800976	431.230028	48.929899	0.005930	8.1
842	-0.786117	430.941622	48.961123	0.005950	5.5
843	-0.808214	431.941622	48.853027	0.003791	10.0
844	-0.791121	432.941622	48.745408	0.009475	4.9
845	-0.789318	432.653215	48.776397	0.004593	6.7
846	-0.795628	432.364809	48.807426	0.008406	7.2
847	-0.788244	433.364809	48.700007	0.003531	5.9
848	-0.792851	434.364809	48.593060	0.005110	5.4
849	-0.796154	434.076402	48.623856	0.001806	5.9
850	-0.819391	433.852659	48.647774	0.003989	5.8
851	-0.818866	434.847157	48.541642	0.003456	5.9
852	-0.805920	434.558751	48.572373	0.004415	6.9
853	-0.804595	434.270345	48.603142	0.004711	10.9
854	-0.786517	435.270345	48.496620	0.003263	11.0
855	-0.791868	436.270345	48.390563	0.004957	5.8
856	-0.808536	435.985021	48.420776	0.004768	5.8
857	-0.812901	436.437254	48.372906	0.007055	9.9
858	-0.795135	436.148847	48.403424	0.004591	6.7
859	-0.794766	437.148847	48.297774	0.003378	6.4
860	-0.803877	436.860441	48.328197	0.004383	10.0
861	-0.799062	437.860439	48.222875	0.004114	5.7
862	-0.802577	437.592188	48.251082	0.004045	6.0
863	-0.825416	438.591591	48.146158	0.003201	7.9
864	-0.793751	439.591591	48.041627	0.004676	3.7
865	-0.798130	440.591583	47.937550	0.006318	3.5
866	-0.769203	441.591578	47.833922	0.003100	3.6
867	-0.802071	442.199121	47.771182	0.003760	3.5
868	-0.810002	443.197162	47.668472	0.004781	3.6
869	-0.808328	444.017924	47.584337	0.004695	5.6
870	-0.812667	443.729518	47.613867	0.005665	8.3
871	-0.798648	444.711263	47.513494	0.006015	6.3
872	-0.797836	445.711263	47.411689	0.003205	5.8
873	-0.791820	445.422857	47.441006	0.006158	6.0
874	-0.805705	445.134450	47.470358	0.002963	5.9
875	-0.796659	444.846044	47.499747	0.004728	6.3
876	-0.783972	444.557637	47.529173	0.006667	5.9
877	-0.822869	445.476114	47.435589	0.002931	7.5
878	-0.789757	445.187708	47.464935	0.005405	5.7
879	-0.817565	446.187708	47.363338	0.002838	6.4
880	-0.809553	445.906412	47.391873	0.008022	6.1
881	-0.797178	446.906412	47.290588	0.004510	9.6
882	-0.802830	447.906412	47.189735	0.006533	5.9
883	-0.781679	448.906412	47.089312	0.003773	6.0
884	-0.817091	449.906412	46.989314	0.004076	10.5
885	-0.798887	450.906172	46.889765	0.009473	11.0
886	-0.804826	450.617765	46.918439	0.003206	9.2
887	-0.808531	450.329359	46.947149	0.004041	5.6
888	-0.809772	451.329359	46.847754	0.006740	5.9
889	-0.820344	451.040952	46.876377	0.009458	6.0
890	-0.818973	452.040952	46.777281	0.005216	10.5
891	-0.801710	451.752546	46.805818	0.004304	8.0
892	-0.804233	451.464139	46.834389	0.003651	7.9
893	-0.812416	452.464139	46.735471	0.007208	6.1
894	-0.790993	452.175733	46.763957	0.004418	6.3
895	-0.807803	451.887330	46.792477	0.005241	6.3
896	-0.803089	451.598923	46.821032	0.003623	9.1
897	-0.809897	452.598923	46.722170	0.002258	13.3
898	-0.783108	453.577439	46.625835	0.007275	10.4
899	-0.789938	453.289032	46.654187	0.003807	11.1
900	-0.778652	454.289032	46.556028	0.002751	10.9
901	-0.810572	455.289032	46.458280	0.003908	2.7
902	-0.776481	455.000626	46.486429	0.004690	5.9
903	-0.820660	454.712219	46.514612	0.004909	5.9
904	-0.802242	454.423813	46.542829	0.007856	5.8
905	-0.802898	454.135407	46.571081	0.003739	6.0
906	-0.798488	455.135407	46.473270	0.003539	5.8
907	-0.802131	456.020345	46.387056	0.003885	6.2
908	-0.800257	455.732094	46.415103	0.003743	8.0
909	-0.820983	455.443948	46.443175	0.006570	5.8
910	-0.782276	456.443948	46.345900	0.003789	6.0
911	-0.823277	457.443948	46.249032	0.005480	10.2
912	-0.815055	457.155542	46.276928	0.003284	9.6
913	-0.798028	456.867135	46.304857	0.004852	11.6
914	-0.834178	457.867135	46.208160	0.005005	2.0
915	-0.832291	458.866252	46.111952	0.003949	5.9
916	-0.802492	458.577845	46.139682	0.002919	5.9
917	-0.825154	459.577845	46.043674	0.004244	6.2
918	-0.806218	460.461081	45.959207	0.004655	6.0
919	-0.799111	461.461081	45.863947	0.005062	6.1
920	-0.794688	461.172675	45.891380	0.004288	6.0
921	-0.779332	460.884268	45.918846	0.006756	5.9
922	-0.832528	461.884268	45.823753	0.006609	5.8
923	-0.770126	461.595862	45.851138	0.004447	5.9
924	-0.791973	462.595775	45.756333	0.003842	12.0
925	-0.818025	462.307370	45.783638	0.004663	6.7
926	-0.814077	463.307370	45.689103	0.004641	9.5
927	-0.803807	463.018963	45.716328	0.005582	5.2
928	-0.820712	462.730557	45.743584	0.011101	5.9
929	-0.789829	463.730557	45.649215	0.004362	8.7
930	-0.791629	463.442166	45.676390	0.002909	6.0
931	-0.804170	464.442166	45.582298	0.006631	10.0
932	-0.799358	464.153760	45.609395	0.004883	7.4
933	-0.814208	465.153760	45.515578	0.004950	5.8
934	-0.804177	464.865353	45.542596	0.002843	6.3
935	-0.805100	465.864664	45.449118	0.003084	8.0
936	-0.798658	465.898700	45.445941	0.006784	5.6
937	-0.807330	465.658354	45.468385	0.004147	6.3
938	-0.790303	466.658354	45.375147	0.003053	10.9
939	-0.805145	466.599483	45.380625	0.005771	3.3
940	-0.799940	466.311076	45.407483	0.009138	6.3
941	-0.768330	467.311073	45.314495	0.004768	6.4
942	-0.814376	467.022681	45.341273	0.002950	6.2
943	-0.807073	467.954626	45.254852	0.003977	8.1
944	-0.808428	468.864078	45.170835	0.004840	8.0
945	-0.810375	468.575671	45.197445	0.006120	5.8
946	-0.785284	468.287265	45.224086	0.007393	11.3
947	-0.801662	469.287265	45.131846	0.002972	9.1
948	-0.810873	470.287265	45.039982	0.003137	9.0
949	-0.784103	469.999221	45.066404	0.002572	5.8
950	-0.824999	470.017010	45.064772	0.006181	5.4
951	-0.803634	471.016718	44.973206	0.003449	8.7
952	-0.809008	470.728311	44.999584	0.002955	10.7
953	-0.813232	470.954669	44.978879	0.005674	6.5
954	-0.796026	470.666433	45.005247	0.004947	6.0
955	-0.811351	470.378027	45.031662	0.003712	6.0
956	-0.822974	471.374763	44.940503	0.006872	9.9
957	-0.791806	472.374763	44.849415	0.005580	10.7
958	-0.811161	473.374763	44.758695	0.003826	8.9
959	-0.800726	473.086356	44.784822	0.003354	6.0
960	-0.798018	474.023299	44.700057	0.003748	6.0
961	-0.830296	473.734892	44.726115	0.004345	5.8
962	-0.830199	474.727981	44.636515	0.004154	11.2
963	-0.794953	474.446149	44.661906	0.005413	6.0
964	-0.799197	474.157742	44.687920	0.005098	8.6
965	-0.790748	474.615763	44.646622	0.005892	7.9
966	-0.807235	474.335133	44.671916	0.003698	6.7
967	-0.808408	474.046727	44.697941	0.004961	6.2
968	-0.807997	475.046727	44.607833	0.005719	6.3
969	-0.807255	474.758320	44.633783	0.005823	6.0
970	-0.810607	475.758320	44.543933	0.006352	10.6
971	-0.779406	475.469914	44.569809	0.009432	6.2
972	-0.815672	475.181507	44.595716	0.006821	5.9
973	-0.811094	474.893101	44.621652	0.006169	5.9
974	-0.810778	474.604695	44.647619	0.002387	6.1
975	-0.792569	475.604695	44.557713	0.008095	6.9
976	-0.807295	475.345768	44.580957	0.003663	6.0
977	-0.798475	475.057362	44.606876	0.004946	6.1
978	-0.788488	474.768955	44.632826	0.004689	11.3
979	-0.800680	474.480549	44.658805	0.004222	11.9
980	-0.829362	475.458516	44.570833	0.006617	5.8
981	-0.771391	476.458516	44.481236	0.002967	11.4
982	-0.817475	477.458516	44.391998	0.005338	6.5
983	-0.780025	477.170110	44.417698	0.005303	6.0
984	-0.795440	476.892424	44.442471	0.006282	9.9
985	-0.809608	477.892424	44.353388	0.008985	11.7
986	-0.796274	478.892424	44.264663	0.002171	5.5
987	-0.807941	478.604017	44.290215	0.006273	6.2
988	-0.805018	479.508870	44.210144	0.002577	5.7
989	-0.777237	480.508870	44.121990	0.006135	6.3
990	-0.821739	480.220464	44.147378	0.001597	11.4
991	-0.774671	479.983282	44.168279	0.005095	1.8
992	-0.801315	480.841226	44.092769	0.007159	10.0
993	-0.793171	480.552820	44.118124	0.005312	7.2
994	-0.780734	480.264413	44.143508	0.004313	5.8
995	-0.786924	479.976007	44.168921	0.005964	6.3
996	-0.793504	479.760096	44.187965	0.004842	6.0
997	-0.825934	479.471689	44.213429	0.003228	5.8
998	-0.812114	479.491278	44.211698	0.003124	5.8
999	-0.814245	479.720435	44.191465	0.004718	10.0
1000	-0.793584	480.720435	44.103385	0.005026	3.0
1001	-0.787664	481.720435	44.015655	0.004385	5.4
1002	-0.812458	482.720435	43.928274	0.004382	8.5
1003	-0.803345	482.439411	43.952795	0.004021	6.0
1004	-0.823710	482.151004	43.977989	0.006803	9.9
1005	-0.819324	481.862598	44.003212	0.006282	7.5
1006	-0.821487	482.862598	43.915880	0.003720	5.7
1007	-0.797117	483.862598	43.828894	0.007742	6.4
1008	-0.790480	484.862598	43.742252	0.002284	7.6
1009	-0.807818	484.576455	43.767009	0.003455	5.8
1010	-0.782893	484.296590	43.791250	0.002992	5.8
1011	-0.796092	485.296376	43.704775	0.004603	6.6
1012	-0.809296	486.296376	43.618623	0.008304	11.0
1013	-0.825649	486.007970	43.643435	0.005930	4.2
1014	-0.814753	487.007970	43.557524	0.006576	6.1
1015	-0.792304	486.719565	43.582267	0.008176	5.8
1016	-0.793391	487.719565	43.496596	0.003900	6.0
1017	-0.804875	488.719565	43.411262	0.003092	15.3
1018	-0.790739	489.719565	43.326262	0.005495	2.7
1019	-0.801921	489.431159	43.350742	0.005593	6.1
1020	-0.791591	490.431159	43.265978	0.004412	5.9
1021	-0.793799	491.431159	43.181546	0.004535	5.8
1022	-0.794867	491.142784	43.205860	0.004279	5.8
1023	-0.823748	492.142784	43.121662	0.009586	6.0
1024	-0.809037	493.142784	43.037791	0.003015	10.7
1025	-0.808909	493.055127	43.045129	0.003873	3.5
1026	-0.797193	492.767495	43.069228	0.003477	5.4
1027	-0.785881	493.767495	42.985561	0.002502	6.1
1028	-0.788043	494.758020	42.903006	0.006525	7.7
1029	-0.802878	495.758015	42.819983	0.004992	5.9
1030	-0.799398	496.758015	42.737280	0.005990	5.9
1031	-0.792713	497.758015	42.654897	0.008666	6.2
1032	-0.807372	498.755686	42.573020	0.005486	8.3
1033	-0.807644	499.755686	42.491268	0.006408	8.4
1034	-0.811084	499.467279	42.514814	0.004888	9.0
1035	-0.790824	500.467279	42.433285	0.006833	5.8
1036	-0.816007	500.178873	42.456766	0.005343	5.5
1037	-0.810805	501.178873	42.375459	0.005041	8.6
1038	-0.812724	501.004076	42.389649	0.007493	5.9
1039	-0.802829	502.004076	42.308598	0.005432	5.9
1040	-0.819512	502.455361	42.272123	0.006122	5.9
1041	-0.803814	503.455361	42.191521	0.005065	6.1
1042	-0.806778	503.166954	42.214736	0.005458	5.8
1043	-0.804809	502.878555	42.237975	0.004436	5.8
1044	-0.799104	503.878555	42.157503	0.005536	6.0
1045	-0.804874	503.590148	42.180680	0.006338	6.2
1046	-0.819336	504.590148	42.100427	0.007377	6.0
1047	-0.821483	505.590148	42.020477	0.004835	9.9
1048	-0.817802	506.590148	41.940831	0.006106	6.2
1049	-0.794215	506.301742	41.963771	0.007524	5.9
1050	-0.789630	507.301742	41.884339	0.003362	7.1
1051	-0.801049	508.301742	41.805208	0.003079	6.1
1052	-0.808898	509.301741	41.726375	0.004367	6.0
1053	-0.800420	509.013334	41.749081	0.004105	5.6
1054	-0.792633	510.013334	41.670459	0.005998	6.4
1055	-0.778969	511.013227	41.592142	0.003231	6.2
1056	-0.799289	512.013226	41.514110	0.007695	14.4
1057	-0.799233	513.013226	41.436370	0.012043	1.5
1058	-0.781957	514.013226	41.358920	0.006723	11.2
1059	-0.799026	513.724820	41.381228	0.005959	9.8
1060	-0.809326	514.724820	41.303984	0.004210	5.8
1061	-0.811971	514.436413	41.326232	0.009345	11.7
1062	-0.808382	515.436413	41.249194	0.009785	11.3
1063	-0.798555	516.436413	41.172442	0.005328	6.4
1064	-0.799007	517.436413	41.095975	0.006810	4.6
1065	-0.796217	517.148007	41.117999	0.006557	5.9
1066	-0.774203	516.859600	41.140047	0.004523	5.8
1067	-0.795640	517.859600	41.063701	0.002724	7.3
1068	-0.797899	517.583626	41.084742	0.005979	6.4
1069	-0.805132	518.583626	41.008601	0.004935	9.4
1070	-0.832291	518.295220	41.030531	0.003799	5.9
1071	-0.778015	519.295220	40.954590	0.003832	6.0
1072	-0.802915	520.294922	40.878953	0.006856	5.9
1073	-0.815479	521.294922	40.803571	0.005899	5.9
1074	-0.783325	522.294922	40.728467	0.006998	5.9
1075	-0.801285	522.006516	40.750099	0.003510	10.2
1076	-0.794926	523.006516	40.675192	0.003770	6.3
1077	-0.818001	522.718110	40.696767	0.006703	6.1
1078	-0.807044	523.718110	40.622056	0.003290	7.3
1079	-0.811187	523.429703	40.643575	0.004977	6.2
1080	-0.815673	523.141297	40.665117	0.004130	6.3
1081	-0.790125	524.141297	40.590521	0.007674	11.0
1082	-0.782000	525.141297	40.516199	0.004364	6.7
1083	-0.811613	524.852890	40.537606	0.003765	10.7
1084	-0.810996	525.852890	40.463477	0.006483	6.2
1085	-0.807342	525.564484	40.484829	0.006565	5.9
1086	-0.808726	525.276077	40.506203	0.004534	6.0
1087	-0.822138	524.987671	40.527599	0.004313	7.6
1088	-0.796962	524.699265	40.549018	0.002937	12.0
1089	-0.788483	525.699257	40.474848	0.002974	7.8
1090	-0.787010	525.466951	40.492054	0.006192	7.2
1091	-0.821908	526.466946	40.418092	0.004615	5.6
1092	-0.799642	527.466946	40.344399	0.004943	5.9
1093	-0.802888	527.178540	40.365625	0.008575	6.3
1094	-0.800058	528.176641	40.292263	0.002461	6.0
1095	-0.787350	529.176641	40.219027	0.006853	6.0
1096	-0.819423	528.888235	40.240122	0.005508	10.2
1097	-0.806023	529.888235	40.167076	0.006011	7.6
1098	-0.806759	529.600007	40.188102	0.003033	4.8
1099	-0.798028	530.600007	40.115245	0.008247	4.6
1100	-0.808714	531.600007	40.042651	0.004270	5.8
1101	-0.806512	531.311600	40.063561	0.003509	6.2
1102	-0.808935	532.293656	39.992451	0.004119	6.3
1103	-0.805187	533.293656	39.920301	0.003628	6.1
1104	-0.796796	533.005250	39.941083	0.004477	6.3
1105	-0.803059	532.716844	39.961886	0.005979	7.5
1106	-0.819880	533.716844	39.889846	0.005128	5.8
1107	-0.785682	533.428437	39.910596	0.004416	5.4
1108	-0.795730	534.428437	39.838741	0.007432	10.6
1109	-0.804615	534.140399	39.859411	0.004659	5.4
1110	-0.779884	535.140386	39.787741	0.005128	5.9
1111	-0.813184	534.851979	39.808385	0.003163	5.8
1112	-0.811802	535.851885	39.736903	0.004941	8.1
1113	-0.802644	536.851855	39.665673	0.004893	5.9
1114	-0.804615	537.851855	39.594696	0.003903	5.8
1115	-0.789444	538.851855	39.523973	0.005236	5.1
1116	-0.805496	538.572856	39.543679	0.004642	7.0
1117	-0.816603	538.284450	39.564071	0.004812	5.8
1118	-0.800179	538.560039	39.544585	0.004255	5.9
1119	-0.791652	538.271633	39.564977	0.004549	12.3
1120	-0.818874	539.271633	39.494360	0.002794	4.6
1121	-0.799146	540.271631	39.423994	0.004459	6.4
1122	-0.819142	539.983267	39.444259	0.003967	7.0
1123	-0.806742	539.695063	39.464534	0.006782	8.3
1124	-0.787068	539.406676	39.484843	0.007419	6.1
1125	-0.818759	539.118269	39.505174	0.005713	6.2
1126	-0.792337	540.118269	39.434769	0.005092	9.5
1127	-0.802464	541.117955	39.364637	0.002100	6.0
1128	-0.804272	540.829706	39.384834	0.003301	5.9
1129	-0.783461	541.829331	39.314883	0.003901	6.2
1130	-0.807356	541.540925	39.335039	0.005176	7.8
1131	-0.820678	541.252519	39.355216	0.007455	6.0
1132	-0.806838	540.964290	39.375401	0.004951	11.0
1133	-0.795359	541.964290	39.305458	0.004997	6.3
1134	-0.810279	541.695397	39.324241	0.006519	6.0
1135	-0.805426	542.695397	39.254480	0.004551	6.1
1136	-0.796671	542.406991	39.274574	0.003999	6.0
1137	-0.802311	543.406971	39.204990	0.007563	9.2
1138	-0.796884	543.118590	39.225031	0.006348	5.9
1139	-0.789472	544.118590	39.155621	0.002542	6.4
1140	-0.805483	543.830222	39.175612	0.003192	6.2
1141	-0.791120	543.563959	39.194088	0.005404	6.1
1142	-0.791178	543.275553	39.214120	0.004376	5.8
1143	-0.803476	542.987147	39.234173	0.003520	6.0
1144	-0.790427	543.987147	39.164731	0.005010	7.3
1145	-0.796078	543.698740	39.184733	0.004610	5.9
1146	-0.827957	544.698740	39.115465	0.008522	11.1
1147	-0.781783	544.410334	39.135417	0.003792	10.6
1148	-0.811054	545.410334	39.066324	0.004834	8.0
1149	-0.809927	545.121927	39.086226	0.003706	11.3
1150	-0.795219	544.833521	39.106148	0.003763	6.2
1151	-0.807123	544.545115	39.126091	0.004006	6.0
1152	-0.798104	544.256708	39.146054	0.004056	6.0
1153	-0.795917	543.968310	39.166036	0.004063	10.2
1154	-0.814210	544.005767	39.163440	0.009122	5.3
1155	-0.832158	544.996622	39.094879	0.005980	5.9
1156	-0.802392	544.708216	39.114810	0.004352	9.5
1157	-0.815591	544.419810	39.134762	0.004827	6.3
1158	-0.785911	544.131665	39.154715	0.007454	6.1
1159	-0.818388	543.843259	39.174707	0.004577	9.6
1160	-0.809825	544.843259	39.105475	0.003668	5.7
1161	-0.795850	545.843259	39.036487	0.003781	5.9
1162	-0.796657	546.843259	38.967742	0.003652	6.1
1163	-0.827564	547.551438	38.919204	0.004911	9.1
1164	-0.804305	547.343480	38.933445	0.007827	5.8
1165	-0.779999	547.055073	38.953212	0.005490	10.1
1166	-0.823657	546.766667	38.972998	0.005848	5.1
1167	-0.771790	547.766666	38.904477	0.003198	5.9
1168	-0.806958	548.766665	38.836195	0.002342	5.9
1169	-0.776726	548.479415	38.855785	0.005007	5.9
1170	-0.815547	549.479251	38.787685	0.003376	5.6
1171	-0.782580	550.479244	38.719813	0.004241	5.1
1172	-0.803103	550.190838	38.739363	0.005009	5.2
1173	-0.764594	549.902432	38.758934	0.003725	6.1
1174	-0.795051	549.614092	38.778519	0.003375	10.0
1175	-0.789276	549.325817	38.798120	0.004158	7.9
1176	-0.788575	550.325817	38.730211	0.002824	6.1
1177	-0.792637	550.037411	38.749772	0.002338	6.7
1178	-0.812314	549.808710	38.765297	0.003434	11.1
1179	-0.802523	549.529653	38.784258	0.006399	6.9
1180	-0.810685	549.241246	38.803874	0.003974	6.2
1181	-0.806445	550.241246	38.735945	0.005066	5.8
1182	-0.777620	551.241246	38.668253	0.003299	11.0
1183	-0.822565	551.098429	38.677906	0.006441	6.2
1184	-0.812536	550.810023	38.697414	0.006028	5.8
1185	-0.775802	551.810023	38.629857	0.005984	5.9
1186	-0.792814	552.810023	38.562536	0.003392	6.2
1187	-0.810130	552.521616	38.581928	0.007724	11.5
1188	-0.808145	552.233210	38.601339	0.003607	6.5
1189	-0.788154	553.233210	38.534117	0.003598	5.9
1190	-0.801607	552.944805	38.553480	0.004228	6.0
1191	-0.792876	552.658283	38.572736	0.005011	6.3
1192	-0.803278	553.658283	38.505613	0.003566	6.2
1193	-0.814521	553.369877	38.524948	0.004633	6.3
1194	-0.801134	553.081473	38.544302	0.007988	8.2
1195	-0.779972	554.081473	38.477278	0.006237	5.9
1196	-0.796277	555.081473	38.410486	0.006201	6.1
1197	-0.818598	556.081473	38.343926	0.005568	11.2
1198	-0.816380	557.081457	38.277598	0.003973	5.4
1199	-0.818016	558.081457	38.211497	0.005265	7.6
1200	-0.796992	558.438983	38.187920	0.005990	6.5
1201	-0.796975	559.438983	38.122128	0.006304	7.2
1202	-0.813215	560.438983	38.056563	0.004363	7.1
1203	-0.817486	561.438983	37.991223	0.005104	9.6
1204	-0.792900	562.438975	37.926108	0.002569	11.1
1205	-0.792068	563.391848	37.864268	0.005943	6.3
1206	-0.817651	563.103441	37.882964	0.004895	5.9
1207	-0.818878	562.815035	37.901678	0.004851	6.0
1208	-0.801720	563.815035	37.836868	0.007970	9.7
1209	-0.801423	564.815035	37.772280	0.007272	5.8
1210	-0.813021	564.526628	37.790885	0.004552	11.1
1211	-0.796096	565.526628	37.726453	0.004933	6.0
1212	-0.824308	565.583817	37.722775	0.003363	5.8
1213	-0.792810	566.429278	37.668482	0.004077	6.0
1214	-0.795263	567.429278	37.604467	0.006926	11.3
1215	-0.795860	567.140873	37.622907	0.001881	7.9
1216	-0.813492	567.755900	37.583605	0.003527	6.1
1217	-0.807956	568.742049	37.520759	0.004679	5.9
1218	-0.800881	568.453643	37.539117	0.005189	11.2
1219	-0.828380	568.165236	37.557493	0.005131	7.9
1220	-0.811261	569.165207	37.493856	0.005076	5.9
1221	-0.819896	570.165192	37.430434	0.005411	8.2
1222	-0.803542	571.165192	37.367224	0.003970	7.9
1223	-0.810736	572.165178	37.304229	0.005484	6.1
1224	-0.816617	573.165178	37.241444	0.005667	5.4
1225	-0.796345	572.876771	37.259530	0.008062	8.3
1226	-0.815015	572.588365	37.277633	0.003651	5.8
1227	-0.814753	573.588365	37.214939	0.004274	11.1
1228	-0.798871	573.310023	37.232368	0.005154	5.7
1229	-0.807653	573.027169	37.250097	0.006633	8.9
1230	-0.815559	572.738762	37.268191	0.007883	6.0
1231	-0.807704	572.450356	37.286302	0.006715	6.3
1232	-0.793693	572.161949	37.304432	0.003845	5.5
1233	-0.785764	573.161949	37.241647	0.006842	5.9
1234	-0.814700	572.873543	37.259733	0.004159	5.6
1235	-0.806873	573.873543	37.197098	0.009996	6.2
1236	-0.817225	573.585137	37.215141	0.006970	5.7
1237	-0.797734	574.585137	37.152656	0.006932	5.8
1238	-0.822183	575.585137	37.090380	0.003791	5.9
1239	-0.787594	576.585137	37.028313	0.004920	11.1
1240	-0.787741	576.920031	37.007573	0.004971	4.5
1241	-0.820345	576.648771	37.024370	0.002993	8.6
1242	-0.819303	576.360364	37.042246	0.004402	8.6
1243	-0.797470	577.360363	36.980340	0.006318	8.0
1244	-0.822334	577.073309	36.998089	0.004083	6.0
1245	-0.794788	578.073219	36.936336	0.003348	6.3
1246	-0.817389	577.784971	36.954116	0.005793	6.1
1247	-0.780576	578.495335	36.910328	0.005156	5.8
1248	-0.805098	579.495308	36.848863	0.002912	5.2
1249	-0.811131	580.495308	36.787601	0.003002	5.9
1250	-0.805883	580.206902	36.805249	0.005059	11.1
1251	-0.815186	579.918496	36.822913	0.003982	5.9
1252	-0.794190	580.890821	36.763427	0.003824	5.8
1253	-0.811967	581.890821	36.702449	0.006555	6.2
1254	-0.820853	581.602414	36.720015	0.004353	5.7
1255	-0.802827	581.314008	36.737597	0.006621	5.8
1256	-0.808057	582.314008	36.676704	0.006207	7.4
1257	-0.792153	582.025602	36.694245	0.004680	11.1
1258	-0.800100	583.025602	36.633496	0.004565	11.3
1259	-0.791676	582.737195	36.650996	0.006281	8.0
1260	-0.817801	583.737195	36.590389	0.007491	4.9
1261	-0.827075	584.534905	36.542187	0.004723	11.1
1262	-0.818279	584.246499	36.559599	0.004398	4.3
1263	-0.810382	585.246499	36.499294	0.007461	11.3
1264	-0.809331	586.002427	36.453840	0.006568	2.3
1265	-0.824564	587.002427	36.393883	0.006708	6.3
1266	-0.813117	588.002363	36.334127	0.006317	5.8
1267	-0.789578	589.002363	36.274563	0.004592	5.2
1268	-0.810026	588.713956	36.291722	0.004017	5.5
1269	-0.800447	588.425550	36.308897	0.004680	10.3
1270	-0.817891	588.137144	36.326088	0.005675	6.9
1271	-0.797020	587.848737	36.343295	0.009383	6.0
1272	-0.805031	588.848737	36.283701	0.002997	12.4
1273	-0.823175	588.560331	36.300869	0.005700	5.6
1274	-0.782165	589.288089	36.257580	0.005760	5.6
1275	-0.817654	590.288089	36.198267	0.006671	6.2
1276	-0.793292	591.288089	36.139147	0.004030	6.0
1277	-0.812427	590.999682	36.156178	0.003687	9.8
1278	-0.805342	591.999682	36.097196	0.004891	10.9
1279	-0.791799	592.999682	36.038405	0.003018	5.8
1280	-0.817830	592.731150	36.054174	0.007769	6.3
1281	-0.771612	592.442744	36.071124	0.004623	13.7
1282	-0.772638	593.442744	36.012419	0.003287	4.1
1283	-0.797833	593.158101	36.029109	0.004009	2.9
1284	-0.819841	592.869695	36.046037	0.003898	6.2
1285	-0.823733	593.869695	35.987413	0.003952	10.0
1286	-0.774402	593.581288	36.004301	0.006448	6.3
1287	-0.791246	593.292882	36.021204	0.003225	9.2
1288	-0.786079	594.292882	35.962661	0.005893	5.9
1289	-0.802929	595.292882	35.904308	0.004945	6.6
1290	-0.826306	596.292882	35.846144	0.004151	7.3
1291	-0.801645	596.004476	35.862899	0.003577	5.8
1292	-0.779200	595.718242	35.879544	0.005575	5.9
1293	-0.818835	596.718242	35.821460	0.003645	11.0
1294	-0.800597	597.718242	35.763564	0.004004	6.2
1295	-0.824049	598.718242	35.705855	0.005607	6.7
1296	-0.808410	599.718242	35.648331	0.003526	7.4
1297	-0.806612	600.718242	35.590993	0.006937	6.4
1298	-0.810572	601.718242	35.533838	0.002907	5.9
1299	-0.797121	602.718242	35.476868	0.006357	8.0
1300	-0.810699	603.718242	35.420079	0.003476	5.9
1301	-0.783144	604.717107	35.363536	0.004926	6.0
1302	-0.821084	605.717107	35.307109	0.003127	8.0
1303	-0.834648	605.428701	35.323365	0.006725	6.3
1304	-0.795732	606.428692	35.267067	0.003939	4.6
1305	-0.802039	607.428692	35.210947	0.005535	5.9
1306	-0.791292	608.428692	35.155006	0.003795	6.2
1307	-0.800295	608.140285	35.171122	0.004363	5.9
1308	-0.811499	609.140238	35.115309	0.003318	9.6
1309	-0.794781	608.852666	35.131342	0.005107	5.8
1310	-0.809032	609.852666	35.075653	0.003652	12.2
1311	-0.797898	610.852666	35.020141	0.005653	6.3
1312	-0.820322	611.852666	34.964804	0.006616	10.7
1313	-0.815885	612.852666	34.909642	0.005597	5.5
1314	-0.799565	613.852666	34.854653	0.005603	6.0
1315	-0.822555	614.852666	34.799837	0.004537	5.8
1316	-0.802731	614.564260	34.815629	0.008549	6.2
1317	-0.810241	615.563654	34.760969	0.005109	10.7
1318	-0.801368	615.275248	34.776725	0.003975	5.3
1319	-0.824678	614.986841	34.792496	0.007606	6.2
1320	-0.808517	615.986841	34.737875	0.004799	6.1
1321	-0.805967	616.986841	34.683426	0.003372	9.7
1322	-0.802565	617.986841	34.629147	0.004673	5.9
1323	-0.826386	617.698434	34.644784	0.007661	8.8
1324	-0.823764	617.410028	34.660435	0.004723	6.5
1325	-0.806624	617.121622	34.676100	0.004016	6.1
1326	-0.808056	616.836231	34.691616	0.004102	6.1
1327	-0.806461	617.836231	34.637311	0.002401	6.6
1328	-0.819764	618.836231	34.583177	0.002389	5.9
1329	-0.811399	618.918143	34.578750	0.004152	6.1
1330	-0.827197	619.822338	34.529960	0.005816	5.9
1331	-0.812197	620.822338	34.476160	0.003882	5.8
1332	-0.781454	621.639111	34.432342	0.004394	8.1
1333	-0.829018	622.639111	34.378845	0.002893	6.0
1334	-0.810102	623.631821	34.325903	0.009714	6.2
1335	-0.799652	624.186970	34.296368	0.004229	11.2
1336	-0.796128	623.942188	34.309384	0.003258	6.0
1337	-0.829345	624.942188	34.256269	0.005868	6.4
1338	-0.801880	624.654519	34.271532	0.004228	7.9
1339	-0.814792	625.654518	34.218534	0.004411	8.0
1340	-0.814298	626.654518	34.165699	0.003006	11.2
1341	-0.816273	627.555711	34.118225	0.004225	8.1
1342	-0.801934	628.555710	34.065699	0.003243	7.7
1343	-0.775725	628.267304	34.080831	0.002694	5.8
1344	-0.793579	627.990833	34.095350	0.003440	6.0
1345	-0.807088	628.990796	34.042897	0.005590	6.0
1346	-0.775781	629.990796	33.990603	0.005964	5.9
1347	-0.811429	630.990796	33.938469	0.006517	5.9
1348	-0.787849	630.702389	33.953488	0.003212	5.9
1349	-0.817656	631.702389	33.901468	0.004457	6.3
1350	-0.785327	631.413983	33.916455	0.004919	6.2
1351	-0.811484	632.413983	33.864548	0.004575	7.7
1352	-0.814612	632.125577	33.879502	0.003371	7.9
1353	-0.799367	631.943664	33.888941	0.003568	5.9
1354	-0.810604	631.657283	33.903811	0.002019	5.6
1355	-0.789192	632.657282	33.851944	0.004963	6.4
1356	-0.808431	632.401771	33.865181	0.007111	6.2
1357	-0.832038	633.401771	33.813432	0.006491	10.4
1358	-0.845015	633.118966	33.828051	0.006523	1.6
1359	-0.816830	632.830560	33.842972	0.004906	5.8
1360	-0.824012	633.700045	33.798026	0.004063	6.1
1361	-0.840415	633.411638	33.812922	0.002453	6.6
1362	-0.779198	633.123364	33.827823	0.004957	8.1
1363	-0.804668	632.835012	33.842742	0.004412	6.0
1364	-0.792787	633.835012	33.791060	0.004541	5.9
1365	-0.813450	633.546605	33.805949	0.004362	5.8
1366	-0.791641	633.258199	33.820852	0.005614	12.1
1367	-0.805547	632.969792	33.835767	0.007451	1.5
1368	-0.825920	633.969792	33.784107	0.004462	10.7
1369	-0.794786	634.969792	33.732604	0.007448	7.9
1370	-0.806795	635.968011	33.681350	0.002822	6.0
1371	-0.822257	636.865781	33.635386	0.009954	9.9
1372	-0.799472	636.577374	33.650138	0.003024	6.0
1373	-0.781163	637.577374	33.599043	0.005085	5.9
1374	-0.819793	637.290370	33.613692	0.007296	6.0
1375	-0.808853	638.290362	33.562707	0.008324	10.9
1376	-0.808545	639.290362	33.511877	0.003794	6.0
1377	-0.789841	639.001955	33.526521	0.003171	5.9
1378	-0.797718	638.713821	33.541164	0.005023	10.8
1379	-0.808201	638.425415	33.555834	0.004981	7.8
1380	-0.818472	639.425415	33.505024	0.004214	5.9
1381	-0.808485	639.137008	33.519662	0.003633	5.9
1382	-0.809753	638.849112	33.534287	0.004746	5.9
1383	-0.804285	638.560777	33.548947	0.004307	6.2
1384	-0.818904	639.560510	33.498172	0.004494	5.0
1385	-0.791167	639.272104	33.512804	0.003676	6.7
1386	-0.801976	640.272104	33.462124	0.002433	6.4
1387	-0.803477	639.984807	33.476669	0.004600	6.2
1388	-0.821453	640.976300	33.426528	0.003489	5.9
1389	-0.824549	641.973366	33.376257	0.004984	5.8
1390	-0.819043	642.973366	33.325990	0.003175	4.5
1391	-0.802396	643.973366	33.275873	0.003142	6.0
1392	-0.805310	643.684982	33.290311	0.006542	5.5
1393	-0.845065	644.684982	33.240301	0.003752	6.0
1394	-0.811401	645.684982	33.190442	0.007100	10.7
1395	-0.800932	645.396575	33.204807	0.003394	8.5
1396	-0.805451	646.396575	33.155054	0.004592	5.0
1397	-0.787340	647.396575	33.105450	0.005171	11.9
1398	-0.829934	648.396575	33.055994	0.004796	2.5
1399	-0.797913	648.108169	33.070243	0.003368	8.5
1400	-0.804916	647.823457	33.084320	0.004480	5.8
1401	-0.788726	648.823427	33.034929	0.005358	11.0
1402	-0.810884	648.535021	33.049159	0.003147	6.3
1403	-0.816017	648.246614	33.063401	0.006483	11.1
1404	-0.809638	647.958208	33.077656	0.005446	5.9
1405	-0.794965	648.958208	33.028283	0.003960	8.0
1406	-0.803032	649.958208	32.979058	0.006691	7.1
1407	-0.810492	650.958208	32.929979	0.005984	10.9
1408	-0.806425	651.958208	32.881045	0.006972	1.6
1409	-0.810882	652.958208	32.832258	0.002820	6.0
1410	-0.813832	653.958208	32.783614	0.005255	5.9
1411	-0.801140	653.862868	32.788246	0.003181	5.9
1412	-0.799204	653.574462	32.802264	0.003759	5.8
1413	-0.792638	654.574229	32.753720	0.004756	6.2
1414	-0.825249	655.574229	32.705309	0.005034	6.1
1415	-0.798216	656.574229	32.657041	0.004791	6.1
1416	-0.807718	657.008722	32.636113	0.004851	5.9
1417	-0.814808	658.008722	32.588049	0.004249	5.9
1418	-0.801089	657.720374	32.601894	0.003621	5.9
1419	-0.818446	657.431969	32.615753	0.002684	6.0
1420	-0.789638	658.431968	32.567748	0.008127	5.8
1421	-0.803253	658.143564	32.581579	0.005757	4.7
1422	-0.787371	657.855158	32.595421	0.005119	5.4
1423	-0.819187	657.566751	32.609274	0.003746	7.9
1424	-0.819977	657.344633	32.619952	0.006895	7.9
1425	-0.817243	658.344633	32.571935	0.003395	11.2
1426	-0.810353	659.344633	32.524060	0.009997	8.2
1427	-0.810507	660.344633	32.476325	0.004486	11.6
1428	-0.786580	661.344633	32.428729	0.002557	8.6
1429	-0.823392	661.057014	32.442404	0.008444	5.0
1430	-0.814885	661.319974	32.429901	0.004548	4.1
1431	-0.787173	662.319974	32.382442	0.008799	5.1
1432	-0.798849	663.319974	32.335121	0.006381	4.8
1433	-0.813152	664.319932	32.287941	0.002555	5.0
1434	-0.804288	665.319932	32.240896	0.003909	4.9
1435	-0.821874	665.084751	32.251948	0.002418	5.0
1436	-0.806841	665.076416	32.252339	0.004995	4.9
1437	-0.810463	664.788114	32.265898	0.002450	10.3
1438	-0.805875	665.006687	32.255618	0.004757	4.1
1439	-0.807826	664.718867	32.269156	0.003431	6.0
1440	-0.770922	665.619660	32.226822	0.004452	6.0
1441	-0.812915	665.331254	32.240364	0.002613	5.8
1442	-0.795889	666.331254	32.193457	0.005665	10.8
1443	-0.804654	666.042847	32.206972	0.005280	8.0
1444	-0.787961	667.042847	32.160162	0.003397	6.2
1445	-0.804984	666.754441	32.173648	0.003633	6.5
1446	-0.816851	666.477838	32.186593	0.005647	10.7
1447	-0.801078	666.189432	32.200101	0.003772	5.8
1448	-0.810452	665.901031	32.213621	0.005335	5.9
1449	-0.780590	666.901031	32.166792	0.004200	8.1
1450	-0.805427	667.901031	32.120099	0.002185	12.6
1451	-0.787269	667.615958	32.133396	0.007816	7.0
1452	-0.796152	667.327551	32.146860	0.006268	5.9
1453	-0.812848	668.327551	32.100225	0.006319	9.4
1454	-0.814457	669.327551	32.053725	0.005005	7.8
1455	-0.802407	669.039145	32.067122	0.003883	1.6
1456	-0.778340	670.039145	32.020718	0.003011	5.3
1457	-0.816633	671.039130	31.974448	0.005147	6.7
1458	-0.799372	671.052843	31.973815	0.004128	5.9
1459	-0.785379	670.776400	31.986592	0.004153	6.0
1460	-0.802223	671.776327	31.940424	0.003474	10.1
1461	-0.795187	672.776327	31.894385	0.005630	11.1
1462	-0.796545	673.776327	31.848479	0.004024	6.0
1463	-0.771347	674.776327	31.802705	0.005864	11.4
1464	-0.787256	674.492553	31.815681	0.004746	3.2
1465	-0.802274	675.492553	31.770001	0.006008	6.0
1466	-0.796268	675.298409	31.778860	0.003370	6.1
1467	-0.813633	676.298409	31.733285	0.006444	5.1
1468	-0.826639	676.010002	31.746416	0.004661	5.5
1469	-0.791886	675.721596	31.759557	0.001374	6.3
1470	-0.788415	675.439800	31.772408	0.005786	6.0
1471	-0.801653	676.437892	31.726939	0.004292	3.9
1472	-0.809841	676.149486	31.740064	0.002854	3.9
1473	-0.799146	675.876775	31.752485	0.003913	5.3
1474	-0.829990	676.874590	31.707086	0.002285	6.5
1475	-0.783288	676.586303	31.720189	0.005098	11.0
1476	-0.803729	676.297896	31.733309	0.007056	5.0
1477	-0.799132	677.297896	31.687865	0.002767	5.8
1478	-0.821129	678.297896	31.642551	0.002493	6.4
1479	-0.803536	679.297778	31.597372	0.006694	8.0
1480	-0.809690	679.009372	31.610390	0.004487	6.0
1481	-0.800995	680.009372	31.565298	0.006917	6.4
1482	-0.781487	679.720965	31.578289	0.003360	7.5
1483	-0.804130	680.720894	31.533291	0.004547	9.4
1484	-0.788965	680.432488	31.546257	0.005314	9.1
1485	-0.805955	681.122957	31.515234	0.007224	5.8
1486	-0.799653	682.122957	31.470412	0.005979	6.6
1487	-0.798984	683.122957	31.425718	0.008821	5.8
1488	-0.810482	684.122957	31.381150	0.004716	7.0
1489	-0.826621	685.086064	31.338346	0.005380	8.0
1490	-0.766049	684.797658	31.351152	0.005675	6.1
1491	-0.827057	684.509251	31.363968	0.003196	6.0
1492	-0.808240	684.220845	31.376794	0.002896	10.6
1493	-0.807813	684.316835	31.372524	0.005573	8.2
1494	-0.812513	684.028450	31.385357	0.006648	6.0
1495	-0.808206	685.028450	31.340903	0.005480	10.6
1496	-0.777866	686.028450	31.296576	0.004248	10.8
1497	-0.822343	687.028450	31.252373	0.005838	4.0
1498	-0.793690	686.740043	31.265109	0.006305	4.1
1499	-0.833371	687.740042	31.220995	0.005182	5.4
1500	-0.801830	688.737511	31.177117	0.005387	4.7
1501	-0.805784	689.737511	31.133251	0.004492	5.1
1502	-0.790803	690.737511	31.089509	0.006509	5.2
1503	-0.796141	691.737511	31.045889	0.005515	5.9
1504	-0.792002	691.449104	31.058456	0.008823	6.0
1505	-0.832828	691.160698	31.071034	0.004913	6.0
1506	-0.795907	692.160535	31.027473	0.006579	6.4
1507	-0.808040	693.160535	30.984027	0.005381	10.2
1508	-0.808135	693.431213	30.972288	0.005995	9.6
1509	-0.788226	694.431213	30.928996	0.005601	5.5
1510	-0.806234	694.142807	30.941470	0.003487	6.2
1511	-0.805520	693.854400	30.953953	0.007862	9.5
1512	-0.822177	693.565994	30.966446	0.004201	11.2
1513	-0.788361	694.565994	30.923171	0.003482	6.2
1514	-0.815606	694.277725	30.935633	0.006323	6.0
1515	-0.796068	693.989323	30.948112	0.005672	6.0
1516	-0.806701	693.700916	30.960600	0.004916	11.0
1517	-0.809907	694.700916	30.917341	0.004473	6.0
1518	-0.814666	695.700914	30.874203	0.004814	7.0
1519	-0.817784	696.700914	30.831185	0.008276	7.9
1520	-0.776699	696.412508	30.843579	0.004576	13.0
1521	-0.801683	697.412508	30.800646	0.005550	3.6
1522	-0.805832	697.124136	30.813015	0.003940	11.4
1523	-0.800053	696.835748	30.825394	0.006301	5.8
1524	-0.808863	697.835748	30.782511	0.007431	9.2
1525	-0.812979	698.835748	30.739748	0.002633	5.7
1526	-0.825421	698.563836	30.751364	0.003645	5.9
1527	-0.821252	698.275430	30.763694	0.004987	6.2
1528	-0.794044	697.987025	30.776034	0.004030	4.1
1529	-0.822683	697.699675	30.788339	0.004331	5.0
1530	-0.805929	697.411268	30.800699	0.006859	5.0
1531	-0.826763	698.411268	30.757886	0.004025	5.2
1532	-0.816498	698.122862	30.770221	0.006373	5.2
1533	-0.806945	697.834455	30.782567	0.005624	5.9
1534	-0.815688	697.546049	30.794922	0.005868	5.8
1535	-0.805895	697.257643	30.807287	0.004212	7.0
1536	-0.793225	698.257643	30.764455	0.005560	11.4
1537	-0.826362	699.257643	30.721742	0.006180	4.3
1538	-0.817095	698.969236	30.734049	0.005278	7.1
1539	-0.825669	698.680830	30.746365	0.003345	8.0
1540	-0.800469	699.680830	30.703702	0.006230	11.5
1541	-0.799193	699.399290	30.715701	0.002948	6.5
1542	-0.791894	699.110883	30.728003	0.003121	10.9
1543	-0.813536	700.110390	30.685412	0.005857	5.9
1544	-0.782134	701.110390	30.642918	0.003907	6.3
1545	-0.820066	700.821983	30.655161	0.008756	5.3
1546	-0.807550	701.821983	30.612751	0.004074	5.8
1547	-0.826023	702.821983	30.570458	0.007525	6.6
1548	-0.804870	703.821983	30.528281	0.006741	11.1
1549	-0.825558	704.821983	30.486221	0.007553	3.5
1550	-0.817174	704.533577	30.498340	0.004717	6.0
1551	-0.796997	705.234435	30.468907	0.003007	9.1
1552	-0.831578	704.946029	30.481012	0.003622	11.6
1553	-0.802455	705.938057	30.439415	0.004213	6.5
1554	-0.809083	705.649650	30.451497	0.003853	5.8
1555	-0.795261	706.649650	30.409648	0.005936	6.0
1556	-0.822920	706.407486	30.419771	0.004648	6.3
1557	-0.799348	706.119079	30.431837	0.006446	6.1
1558	-0.802570	707.119079	30.390042	0.003703	9.2
1559	-0.809433	708.119077	30.348362	0.004801	5.7
1560	-0.810977	707.830671	30.360371	0.003762	6.1
1561	-0.796066	708.830671	30.318772	0.005488	8.0
1562	-0.799844	709.046733	30.309799	0.003725	9.1
1563	-0.810030	710.046733	30.268338	0.003701	5.8
1564	-0.800748	709.812614	30.278034	0.004013	6.2
1565	-0.811888	710.812614	30.236660	0.004794	6.0
1566	-0.805530	711.812594	30.195400	0.003913	5.8
1567	-0.803987	711.565485	30.205586	0.004891	10.7
1568	-0.818821	711.277079	30.217482	0.003283	6.4
1569	-0.797451	711.014490	30.228322	0.004414	6.4
1570	-0.785619	712.014490	30.187083	0.005544	6.9
1571	-0.796235	711.726084	30.198965	0.004798	6.5
1572	-0.812951	711.437678	30.210856	0.001969	5.8
1573	-0.798990	712.437662	30.169666	0.006167	5.6
1574	-0.801732	713.437370	30.128600	0.006777	5.4
1575	-0.777611	714.437370	30.087633	0.002385	5.9
1576	-0.798471	715.437370	30.046777	0.004186	6.0
1577	-0.792251	715.192720	30.056762	0.006024	7.4
1578	-0.809639	716.192720	30.015990	0.004139	5.9
1579	-0.799145	715.904313	30.027738	0.004745	5.8
1580	-0.786367	716.904313	29.987044	0.008989	9.4
1581	-0.803961	716.615907	29.998769	0.005918	5.1
1582	-0.778732	717.615907	29.958154	0.003771	5.7
1583	-0.801917	718.075950	29.939507	0.006082	6.2
1584	-0.814085	719.075950	29.899052	0.006390	6.4
1585	-0.818421	720.075950	29.858707	0.008281	5.8
1586	-0.819754	721.075950	29.818470	0.002547	10.1
1587	-0.814804	722.022699	29.780476	0.004902	5.7
1588	-0.796543	723.018157	29.740631	0.008391	5.7
1589	-0.821867	722.729751	29.752164	0.003703	5.8
1590	-0.794184	723.729751	29.712214	0.006515	10.5
1591	-0.790236	723.841315	29.707763	0.003585	6.8
1592	-0.803921	723.552909	29.719271	0.005037	8.8
1593	-0.795282	723.267212	29.730679	0.006225	6.5
1594	-0.805665	722.978806	29.742204	0.009004	5.8
1595	-0.791509	722.690399	29.753738	0.005237	5.8
1596	-0.799580	723.690399	29.713784	0.007848	6.1
1597	-0.803242	724.690399	29.673936	0.005643	6.3
1598	-0.796731	724.401993	29.685418	0.005155	11.3
1599	-0.822144	725.401993	29.645646	0.005352	2.6
1600	-0.829478	725.113588	29.657106	0.005775	5.9
1601	-0.785843	724.825182	29.668574	0.005437	6.1
1602	-0.799960	724.536781	29.680051	0.003530	10.8
1603	-0.828484	724.419474	29.684721	0.004315	6.6
1604	-0.816526	724.131082	29.696210	0.003129	6.4
1605	-0.810492	725.131082	29.656410	0.005159	11.4
1606	-0.828902	726.069567	29.619155	0.003833	4.3
1607	-0.793395	725.781161	29.630594	0.006331	8.0
1608	-0.805714	726.781161	29.590969	0.006414	8.0
1609	-0.802672	727.781161	29.551451	0.005477	6.1
1610	-0.806006	728.781161	29.512037	0.004513	9.9
1611	-0.811443	729.742511	29.474246	0.007110	6.4
1612	-0.793665	730.742511	29.435038	0.004209	11.2
1613	-0.811912	730.454104	29.446335	0.003921	4.1
1614	-0.822584	731.454104	29.407201	0.002870	8.6
1615	-0.827256	731.165698	29.418477	0.003822	6.0
1616	-0.786994	730.877291	29.429762	0.004101	6.0
1617	-0.789350	730.792519	29.433080	0.002245	6.1
1618	-0.781688	731.342679	29.411557	0.004508	9.7
1619	-0.796677	731.575647	29.402452	0.005032	7.7
1620	-0.783194	732.452307	29.368242	0.003715	6.2
1621	-0.820381	732.163900	29.379488	0.004777	6.4
1622	-0.786935	733.163900	29.340531	0.005246	11.0
1623	-0.811669	734.163900	29.301678	0.004628	9.7
1624	-0.797140	735.163900	29.262928	0.004283	2.9
1625	-0.803129	736.156170	29.224578	0.005385	5.8
1626	-0.816451	737.156168	29.186031	0.002777	5.7
1627	-0.827889	736.929650	29.194754	0.006022	5.8
1628	-0.797164	736.847645	29.197913	0.004311	9.3
1629	-0.795979	736.559238	29.209029	0.004878	10.9
1630	-0.789105	737.559238	29.170523	0.005317	5.9
1631	-0.785967	737.270832	29.181618	0.003938	8.6
1632	-0.831596	736.982425	29.192721	0.005464	6.9
1633	-0.797177	736.694019	29.203833	0.003220	6.3
1634	-0.819211	736.405612	29.214953	0.004578	6.2
1635	-0.774065	736.117206	29.226082	0.003483	7.7
1636	-0.820034	737.117198	29.187531	0.004272	11.7
1637	-0.776464	738.117198	29.149082	0.004196	5.7
1638	-0.799910	737.828792	29.160161	0.005549	5.9
1639	-0.797041	737.540385	29.171248	0.002837	5.9
1640	-0.785330	737.251979	29.182343	0.005618	5.9
1641	-0.822636	736.963572	29.193447	0.007127	6.0
1642	-0.786901	737.959927	29.155122	0.005822	6.2
1643	-0.804282	737.671521	29.166205	0.006088	5.9
1644	-0.803958	737.383115	29.177297	0.003273	5.9
1645	-0.802809	737.923320	29.156529	0.003934	11.1
1646	-0.811238	738.923320	29.118161	0.004048	5.9
1647	-0.815546	739.852720	29.082592	0.004187	9.2
1648	-0.791605	740.805108	29.046234	0.006976	9.8
1649	-0.836600	740.516702	29.057235	0.004655	7.3
1650	-0.814309	741.505058	29.019571	0.005840	6.0
1651	-0.815144	741.216651	29.030551	0.007625	7.1
1652	-0.798964	740.928245	29.041540	0.006918	6.7
1653	-0.823807	741.928245	29.003474	0.004617	7.9
1654	-0.811957	741.639839	29.014442	0.002932	5.8
1655	-0.805753	742.638873	28.976484	0.005313	5.9
1656	-0.784279	743.638505	28.938602	0.004301	5.2
1657	-0.779139	744.638505	28.900805	0.003029	5.3
1658	-0.812152	745.638504	28.863107	0.005715	5.9
1659	-0.796604	746.638504	28.825507	0.004048	8.9
1660	-0.772652	747.638503	28.788005	0.003095	6.0
1661	-0.834826	747.350097	28.798811	0.003687	10.8
1662	-0.790216	748.348315	28.761445	0.005093	6.2
1663	-0.809964	748.059909	28.772231	0.005947	5.9
1664	-0.804428	749.059909	28.734867	0.006215	6.1
1665	-0.790138	750.059909	28.697601	0.004316	5.7
1666	-0.799798	751.059909	28.660431	0.002300	9.2
1667	-0.811136	750.771503	28.671141	0.003112	5.0
1668	-0.814830	750.484385	28.681811	0.007597	6.0
1669	-0.810240	750.195978	28.692537	0.006605	6.0
1670	-0.790230	749.907572	28.703272	0.006920	5.9
1671	-0.788412	749.619166	28.714014	0.003199	5.4
1672	-0.807165	750.619158	28.676802	0.004300	5.8
1673	-0.804219	750.330752	28.687524	0.004393	8.9
1674	-0.814158	751.330752	28.650380	0.005021	11.1
1675	-0.806513	752.330510	28.613341	0.004107	6.2
1676	-0.781765	753.330510	28.576388	0.007383	6.1
1677	-0.827245	753.042103	28.587036	0.006606	6.1
1678	-0.795355	752.753697	28.597691	0.003338	5.9
1679	-0.796442	753.753697	28.560779	0.004554	6.2
1680	-0.810000	753.465291	28.571415	0.003903	6.4
1681	-0.829321	754.465291	28.534571	0.002976	10.5
1682	-0.805135	754.515645	28.532718	0.004165	6.0
1683	-0.814082	755.515645	28.495974	0.002902	6.6
1684	-0.824879	755.227239	28.506561	0.005118	5.8
1685	-0.814375	754.938832	28.517157	0.004619	5.5
1686	-0.803474	754.650426	28.527760	0.006599	9.2
1687	-0.810616	755.650426	28.491029	0.002636	5.7
1688	-0.804984	755.362019	28.501613	0.003113	7.0
1689	-0.813845	756.360830	28.464992	0.008101	6.4
1690	-0.802432	757.360830	28.428421	0.005175	7.4
1691	-0.814095	758.360830	28.391945	0.005284	11.2
1692	-0.811138	759.360830	28.355561	0.005192	5.3
1693	-0.811398	760.360830	28.319271	0.005118	7.2
1694	-0.813413	761.360830	28.283074	0.004089	5.7
1695	-0.809263	762.360830	28.246969	0.004340	5.9
1696	-0.799988	762.072423	28.257373	0.003932	6.1
1697	-0.785596	763.072372	28.221335	0.005231	5.9
1698	-0.794565	764.072372	28.185388	0.005318	8.2
1699	-0.784984	765.072372	28.149532	0.005211	6.1
1700	-0.824871	766.072372	28.113767	0.006204	10.9
1701	-0.809298	765.783966	28.124073	0.008678	5.3
1702	-0.811168	766.783966	28.088372	0.005377	11.0
1703	-0.803358	767.783966	28.052763	0.001391	5.9
1704	-0.799570	768.774481	28.017580	0.007063	6.2
1705	-0.798530	768.486913	28.027785	0.003931	6.3
1706	-0.806575	768.198507	28.038027	0.004234	5.7
1707	-0.812594	769.198456	28.002547	0.005767	6.0
1708	-0.791800	768.910050	28.012771	0.004694	5.8
1709	-0.809981	769.910050	27.977353	0.004689	10.9
1710	-0.814203	770.784363	27.946459	0.004352	4.5
1711	-0.820508	771.784363	27.911208	0.003936	8.3
1712	-0.776128	771.495989	27.921365	0.007731	5.7
1713	-0.811241	772.495989	27.886177	0.006642	5.9
1714	-0.802568	773.495989	27.851078	0.003498	6.1
1715	-0.796032	774.495989	27.816067	0.002862	4.3
1716	-0.780828	774.207631	27.826153	0.003486	4.4
1717	-0.810368	773.919227	27.836249	0.005333	10.8
1718	-0.813038	773.630821	27.846352	0.004949	5.9
1719	-0.791873	773.342414	27.856462	0.006389	11.0
1720	-0.810008	774.342414	27.821438	0.002190	5.6
1721	-0.820436	775.342414	27.786501	0.003995	6.1
1722	-0.813627	776.338000	27.751806	0.006334	11.5
1723	-0.778181	776.049595	27.761848	0.006935	5.8
1724	-0.783768	775.761188	27.771897	0.002908	10.3
1725	-0.795989	776.747880	27.737547	0.003943	5.7
1726	-0.802677	776.459475	27.747579	0.002398	5.9
1727	-0.801000	776.171071	27.757617	0.005400	6.1
1728	-0.812045	776.090271	27.760431	0.005906	6.0
1729	-0.798773	777.090271	27.725647	0.005445	6.2
1730	-0.818705	776.801871	27.735670	0.007465	6.6
1731	-0.786786	777.801871	27.700948	0.006950	6.6
1732	-0.801771	777.513464	27.710953	0.004875	6.4
1733	-0.773135	777.225058	27.720966	0.001951	10.9
1734	-0.800073	776.936652	27.730985	0.003696	5.8
1735	-0.831116	776.648257	27.741011	0.005516	5.9
1736	-0.791070	777.646817	27.706326	0.004094	6.3
1737	-0.815488	777.358411	27.716335	0.006447	7.6
1738	-0.800757	778.358411	27.681662	0.004256	6.5
1739	-0.810001	778.070017	27.691653	0.005026	5.6
1740	-0.794041	777.781610	27.701651	0.004558	8.4
1741	-0.807116	778.781610	27.667015	0.006013	10.5
1742	-0.809831	779.781393	27.632472	0.010020	5.7
1743	-0.816946	779.492986	27.642428	0.007174	6.2
1744	-0.805249	780.492986	27.607939	0.006305	7.6
1745	-0.816902	781.492986	27.573536	0.006030	6.2
1746	-0.833905	782.492986	27.539219	0.003739	5.9
1747	-0.814707	783.492986	27.504987	0.003490	6.3
1748	-0.796994	784.460078	27.471963	0.003658	6.2
1749	-0.795625	785.460078	27.437898	0.004189	5.8
1750	-0.817496	785.171968	27.447704	0.003760	10.4
1751	-0.807082	786.171968	27.413699	0.006878	6.0
1752	-0.814615	787.171956	27.379779	0.005300	9.8
1753	-0.808090	788.171956	27.345942	0.004267	11.0
1754	-0.800865	787.883559	27.355692	0.006431	8.6
1755	-0.810455	788.652425	27.329714	0.005763	5.9
1756	-0.821475	789.652425	27.296001	0.003344	6.1
1757	-0.797365	789.364018	27.305716	0.002713	11.9
1758	-0.799132	790.260997	27.275525	0.003953	6.5
1759	-0.816962	789.972592	27.285225	0.002792	7.6
1760	-0.825130	790.972374	27.251628	0.002400	6.2
1761	-0.821821	790.713963	27.260304	0.005868	8.7
1762	-0.812081	790.889367	27.254415	0.005088	6.1
1763	-0.774713	791.889367	27.220887	0.004561	6.1
1764	-0.817353	791.600960	27.230548	0.006048	10.1
1765	-0.812197	792.568445	27.198166	0.004537	11.7
1766	-0.779748	793.568445	27.164776	0.004191	5.5
1767	-0.811063	793.280039	27.174397	0.004941	10.1
1768	-0.797924	794.280039	27.141066	0.006904	7.9
1769	-0.804363	793.991633	27.150671	0.003621	16.0
1770	-0.806221	793.703226	27.160282	0.004526	1.8
1771	-0.800966	793.414927	27.169897	0.003443	9.7
1772	-0.813391	793.126661	27.179517	0.003923	8.2
1773	-0.796225	794.126661	27.146173	0.006152	6.0
1774	-0.818672	795.126661	27.112911	0.003640	9.9
1775	-0.807300	794.838254	27.122496	0.001924	10.9
1776	-0.801734	794.549848	27.132087	0.004621	6.0
1777	-0.780348	795.549808	27.098861	0.004071	6.0
1778	-0.821874	795.261402	27.108435	0.003313	6.2
1779	-0.834238	794.972995	27.118017	0.005040	6.1
1780	-0.787454	795.972995	27.084824	0.004489	6.2
1781	-0.795355	796.972991	27.051712	0.003797	6.2
1782	-0.799988	797.963191	27.019004	0.006869	6.3
1783	-0.807100	797.674785	27.028522	0.004018	7.2
1784	-0.811249	798.674785	26.995547	0.003097	9.5
1785	-0.786586	799.674783	26.962653	0.004169	5.9
1786	-0.828694	799.386377	26.972132	0.004513	10.4
1787	-0.826211	800.386377	26.939294	0.005249	6.2
1788	-0.777014	800.097971	26.948757	0.004064	10.9
1789	-0.819474	800.870783	26.923417	0.005953	6.3
1790	-0.805085	801.866163	26.890849	0.004624	5.8
1791	-0.816626	802.866163	26.858209	0.004961	6.0
1792	-0.789997	803.866163	26.825648	0.003015	5.9
1793	-0.817605	804.866163	26.793166	0.003140	10.1
1794	-0.784767	804.578520	26.802501	0.004327	5.9
1795	-0.794280	804.404330	26.808158	0.004235	5.9
1796	-0.792129	804.117841	26.817466	0.006925	11.1
1797	-0.807522	803.829434	26.826843	0.004286	2.7
1798	-0.812774	804.829434	26.794358	0.007284	14.9
1799	-0.809794	804.541028	26.803719	0.007523	1.8
1800	-0.786646	805.541028	26.771290	0.004446	6.0
1801	-0.800191	805.252622	26.780634	0.003919	7.3
1802	-0.799074	804.965379	26.789948	0.004819	6.1
1803	-0.787618	805.719231	26.765519	0.003485	9.8
1804	-0.802402	806.719231	26.733183	0.003476	5.8
1805	-0.802952	806.430825	26.742501	0.004322	6.2
1806	-0.768434	807.430825	26.710220	0.004863	5.8
1807	-0.798930	807.142419	26.719522	0.004690	6.2
1808	-0.796770	806.854441	26.728817	0.004828	7.4
1809	-0.802447	807.853060	26.696613	0.005915	7.8
1810	-0.836283	808.853060	26.664443	0.007512	8.1
1811	-0.789692	808.564654	26.673713	0.003592	6.0
1812	-0.809935	808.276247	26.682990	0.004230	5.7
1813	-0.837636	807.987841	26.692273	0.003267	5.8
1814	-0.785535	808.987841	26.660113	0.003373	6.1
1815	-0.797546	809.986966	26.628058	0.003447	5.9
1816	-0.817754	810.986818	26.596058	0.002322	6.5
1817	-0.766946	811.252561	26.587565	0.005572	7.4
1818	-0.780452	810.964155	26.596782	0.003854	10.4
1819	-0.818837	810.676163	26.605992	0.005718	9.4
1820	-0.791283	810.387756	26.615222	0.003878	4.2
1821	-0.828543	810.099350	26.624458	0.004868	6.0
1822	-0.814599	809.810943	26.633700	0.007573	6.0
1823	-0.785514	809.522537	26.642949	0.003947	5.8
1824	-0.815138	809.234130	26.652204	0.004140	7.5
1825	-0.817389	809.997815	26.627711	0.006376	7.9
1826	-0.806304	810.997815	26.595706	0.004235	11.1
1827	-0.820297	810.709408	26.604929	0.005262	6.1
1828	-0.794726	810.421002	26.614157	0.004759	13.0
1829	-0.803985	810.132595	26.623393	0.004409	9.6
1830	-0.776518	809.844189	26.632634	0.005948	7.7
1831	-0.842898	809.555782	26.641882	0.006568	7.0
1832	-0.799244	809.267376	26.651137	0.002277	1.8
1833	-0.819079	810.267376	26.619076	0.003710	1.6
1834	-0.789714	810.014871	26.627164	0.006060	1.7
1835	-0.804762	811.014828	26.595162	0.005193	6.3
1836	-0.751522	812.014828	26.563236	0.003990	12.4
1837	-0.819546	811.726421	26.572436	0.005586	5.9
1838	-0.801804	812.726421	26.540564	0.004258	11.3
1839	-0.812973	812.438383	26.549736	0.007632	5.9
1840	-0.820031	813.159398	26.526788	0.004578	6.0
1841	-0.782268	812.870991	26.535963	0.005302	5.5
1842	-0.823595	812.582585	26.545144	0.005945	13.2
1843	-0.805265	813.582585	26.513337	0.004479	1.6
1844	-0.803648	813.294187	26.522502	0.003504	5.5
1845	-0.822283	813.005780	26.531674	0.003531	5.9
1846	-0.801152	812.717374	26.540852	0.003258	6.2
1847	-0.821740	813.717089	26.509065	0.006227	6.0
1848	-0.806164	814.717089	26.477345	0.004043	5.8
1849	-0.816179	814.428832	26.486480	0.006122	10.9
1850	-0.783438	814.140426	26.495627	0.005341	2.8
1851	-0.804592	815.140426	26.463939	0.008837	5.9
1852	-0.805357	816.140426	26.432327	0.003054	10.2
1853	-0.804259	815.852021	26.441436	0.002483	5.8
1854	-0.793764	815.563614	26.450552	0.004410	11.1
1855	-0.820577	815.437510	26.454540	0.003241	6.1
1856	-0.788053	815.979598	26.437406	0.002678	4.5
1857	-0.778527	816.977681	26.405917	0.002390	5.0
1858	-0.792279	817.401187	26.392579	0.002787	10.6
1859	-0.782204	818.401175	26.361137	0.003929	5.8
1860	-0.814878	818.112798	26.370197	0.004026	2.7
1861	-0.813583	819.112798	26.338808	0.003719	5.8
1862	-0.784806	820.112798	26.307493	0.002876	6.3
1863	-0.788762	821.110159	26.276336	0.004548	11.4
1864	-0.806202	821.691702	26.258203	0.003877	1.8
1865	-0.761440	822.690807	26.227107	0.003883	6.4
1866	-0.809467	823.690803	26.196058	0.006527	7.6
1867	-0.774651	824.690803	26.165082	0.006028	6.3
1868	-0.812614	825.690803	26.134180	0.003947	9.7
1869	-0.790823	826.690802	26.103350	0.006681	7.6
1870	-0.798283	827.690802	26.072593	0.003891	6.4
1871	-0.796721	828.690802	26.041908	0.004517	9.5
1872	-0.830667	829.689061	26.011348	0.004090	6.0
1873	-0.835051	830.681882	25.981026	0.006324	5.9
1874	-0.784827	830.393476	25.989827	0.004070	5.9
1875	-0.831691	830.105069	25.998634	0.006134	6.0
1876	-0.813626	831.105069	25.968123	0.003921	6.1
1877	-0.808302	830.816663	25.976915	0.006462	6.9
1878	-0.833980	830.528257	25.985714	0.008266	11.1
1879	-0.798754	830.239850	25.994518	0.004349	6.7
1880	-0.820624	831.239850	25.964016	0.001791	8.6
1881	-0.815823	830.951444	25.972806	0.002735	5.8
1882	-0.802906	830.663048	25.981601	0.003164	5.9
1883	-0.799548	831.508190	25.955844	0.004270	5.7
1884	-0.788518	832.508190	25.925433	0.003683	7.0
1885	-0.791992	833.508190	25.895093	0.006791	6.0
1886	-0.831927	834.508189	25.864825	0.004252	9.2
1887	-0.805725	834.219783	25.873547	0.002261	5.1
1888	-0.801340	835.042263	25.848688	0.004429	4.9
1889	-0.824682	835.823922	25.825107	0.002734	4.4
1890	-0.792973	835.536166	25.833783	0.005717	9.4
1891	-0.788613	835.251398	25.842375	0.003607	10.8
1892	-0.805983	836.251396	25.812229	0.005185	11.4
1893	-0.790818	836.478486	25.805393	0.002639	10.9
1894	-0.806800	837.443792	25.776375	0.005096	5.8
1895	-0.798923	838.437108	25.746584	0.007486	6.1
1896	-0.792811	838.536459	25.743608	0.005388	6.2
1897	-0.803347	838.248052	25.752249	0.004894	7.7
1898	-0.799613	839.248052	25.722313	0.007346	7.8
1899	-0.834340	840.248052	25.692446	0.004388	6.4
1900	-0.809216	839.959646	25.701053	0.004828	9.5
1901	-0.803780	840.959646	25.671236	0.004182	6.6
1902	-0.809434	840.828017	25.675157	0.004231	6.2
1903	-0.782062	840.539611	25.683752	0.004889	5.9
1904	-0.799670	841.539611	25.653975	0.003329	9.1
1905	-0.812267	841.251205	25.662556	0.003963	6.0
1906	-0.791611	840.962798	25.671142	0.003549	9.9
1907	-0.784199	841.836393	25.645151	0.004145	5.8
1908	-0.786332	841.789444	25.646546	0.002993	5.9
1909	-0.805385	842.789444	25.616856	0.004382	11.5
1910	-0.819857	842.501039	25.625411	0.006079	1.9
1911	-0.806343	842.212632	25.633973	0.006491	11.0
1912	-0.824235	841.924226	25.642541	0.005277	6.0
1913	-0.815174	841.635820	25.651114	0.005432	6.2
1914	-0.795194	842.635820	25.621412	0.006221	5.9
1915	-0.816505	842.347413	25.629971	0.004957	5.9
1916	-0.812125	843.347413	25.600319	0.007559	6.3
1917	-0.809580	844.347413	25.570735	0.003173	12.2
1918	-0.800588	844.059007	25.579260	0.004332	4.7
1919	-0.803469	843.770600	25.587791	0.003393	6.1
1920	-0.797741	844.770600	25.558236	0.007040	7.4
1921	-0.822948	844.482194	25.566753	0.003873	5.6
1922	-0.806246	845.482194	25.537247	0.002443	5.9
1923	-0.800133	845.193836	25.545748	0.007585	6.0
1924	-0.802310	846.193815	25.516291	0.002307	10.2
1925	-0.793759	846.526840	25.506496	0.002988	9.6
1926	-0.813438	847.526838	25.477128	0.003283	6.0
1927	-0.817899	847.271354	25.484625	0.004522	5.8
1928	-0.797151	848.271354	25.455307	0.003231	6.0
1929	-0.812081	848.024060	25.462551	0.002701	5.9
1930	-0.794278	847.735975	25.470995	0.005362	6.1
1931	-0.788922	847.447709	25.479449	0.003098	11.2
1932	-0.795040	847.162508	25.487820	0.004160	5.8
1933	-0.793557	848.154802	25.458721	0.006182	6.8
1934	-0.813607	849.154802	25.429463	0.005823	7.1
1935	-0.829796	849.796750	25.410717	0.003374	6.0
1936	-0.799017	850.796750	25.381569	0.005206	5.9
1937	-0.804439	851.796750	25.352488	0.002731	5.9
1938	-0.802810	852.796750	25.323474	0.003629	11.0
1939	-0.786386	852.508357	25.331835	0.005730	5.2
1940	-0.800321	853.508357	25.302868	0.006787	5.9
1941	-0.813184	853.396609	25.306102	0.003705	7.9
1942	-0.785711	853.108203	25.314451	0.005093	6.0
1943	-0.833802	854.108203	25.285524	0.002695	6.3
1944	-0.795084	855.107577	25.256681	0.004720	5.8
1945	-0.791438	855.077380	25.257551	0.005028	8.6
1946	-0.783428	856.077380	25.228754	0.005945	6.8
1947	-0.805342	855.788973	25.237053	0.006516	6.3
1948	-0.839653	855.500567	25.245357	0.006500	11.5
1949	-0.788767	856.500386	25.216592	0.003783	7.8
1950	-0.804528	856.211979	25.224883	0.006663	8.0
1951	-0.816589	855.923573	25.233179	0.006606	4.7
1952	-0.797874	855.635166	25.241480	0.004162	5.1
1953	-0.784798	855.346760	25.249787	0.004870	6.5
1954	-0.798996	855.058353	25.258100	0.002590	8.2
1955	-0.845000	854.774253	25.266294	0.004029	6.2
1956	-0.811387	854.485846	25.274617	0.006266	9.0
1957	-0.783905	855.485846	25.245781	0.004325	6.2
1958	-0.819225	856.485846	25.217010	0.004005	5.8
1959	-0.784683	856.197440	25.225301	0.005866	5.6
1960	-0.804120	857.197440	25.196577	0.003251	11.0
1961	-0.807865	857.841361	25.178116	0.003723	1.6
1962	-0.801206	857.552954	25.186381	0.007281	8.5
1963	-0.809151	857.264548	25.194652	0.004400	5.9
1964	-0.801220	856.976141	25.202928	0.006942	9.9
1965	-0.791730	857.976141	25.174255	0.003532	5.9
1966	-0.805369	857.687735	25.182518	0.004766	6.5
1967	-0.808349	858.687735	25.153891	0.003584	6.1
1968	-0.812299	858.399329	25.162140	0.003994	11.1
1969	-0.809150	859.399328	25.133560	0.005285	5.7
1970	-0.796453	860.399328	25.105045	0.006593	5.2
1971	-0.803747	860.110921	25.113262	0.005232	5.1
1972	-0.802118	861.110921	25.084793	0.003533	6.4
1973	-0.800802	860.822535	25.092996	0.002930	8.8
1974	-0.805405	861.646325	25.069576	0.008070	6.1
1975	-0.804229	861.357918	25.077771	0.007288	6.4
1976	-0.794277	862.357519	25.049393	0.004382	6.2
1977	-0.798092	863.357519	25.021068	0.002984	5.9
1978	-0.821856	863.069113	25.029230	0.004301	7.1
1979	-0.809060	862.780708	25.037398	0.005985	10.6
1980	-0.810012	862.492301	25.045571	0.004620	10.6
1981	-0.822643	863.492301	25.017255	0.004965	11.0
1982	-0.812642	863.203895	25.025415	0.004794	9.5
1983	-0.815674	864.203888	24.997144	0.003971	7.1
1984	-0.801497	865.203888	24.968937	0.003390	5.9
1985	-0.824885	864.915482	24.977066	0.003838	11.1
1986	-0.811697	864.627561	24.985186	0.001360	3.8
1987	-0.812741	865.627219	24.957016	0.005187	10.4
1988	-0.775777	865.761363	24.953240	0.004220	6.5
1989	-0.803208	866.761363	24.925132	0.004522	6.0
1990	-0.801472	867.719413	24.898263	0.007925	9.9
1991	-0.804245	867.506341	24.904234	0.005814	5.7
1992	-0.797221	868.506341	24.876236	0.006371	5.9
1993	-0.787493	868.313388	24.881633	0.003744	6.0
1994	-0.795058	869.313388	24.853686	0.004622	5.9
1995	-0.834699	869.024981	24.861740	0.004433	6.2
1996	-0.826009	870.024981	24.833837	0.003999	9.9
1997	-0.820045	871.024981	24.805997	0.002896	4.8
1998	-0.775305	870.736576	24.814020	0.004109	5.9
1999	-0.800549	870.448169	24.822048	0.003646	7.7
