1:ItNr	2:Metric	3a:Time	3b:StepSize	4:||Gradient||	Time[ms]
0	-0.573324	0.000000	317.428450	0.011560	1813.3
1	-0.553257	0.000000	317.428450	0.015963	7.5
2	-0.574381	1.000000	302.999884	0.019094	5.9
3	-0.560944	2.000000	289.825981	0.015342	5.9
4	-0.576670	3.000000	277.749898	0.010352	5.9
5	-0.578927	3.997361	266.668049	0.008448	5.8
6	-0.556909	4.996792	256.416159	0.014539	8.3
7	-0.528258	5.990100	246.979356	0.011094	5.7
8	-0.546365	5.436034	252.155733	0.013059	5.8
9	-0.568208	6.436034	242.965056	0.007312	10.2
10	-0.572214	7.436034	234.420789	0.005151	5.8
11	-0.556807	8.381635	226.876330	0.007687	6.5
12	-0.592516	9.367000	219.514521	0.008587	11.1
13	-0.553950	8.816269	223.569136	0.008287	6.1
14	-0.557504	9.716783	217.014829	0.006434	7.1
15	-0.588793	10.690859	210.344484	0.007491	9.3
16	-0.593297	11.683728	203.954625	0.007395	5.9
17	-0.557282	11.133491	207.447035	0.004367	5.9
18	-0.568536	11.193629	207.059520	0.006595	5.8
19	-0.555637	12.107099	201.346468	0.005123	5.6
20	-0.570551	12.027043	201.834521	0.011141	5.9
21	-0.582056	12.968068	196.243053	0.015132	6.1
22	-0.564801	13.968068	190.630989	0.017674	8.4
23	-0.551623	14.968068	185.330983	0.009035	9.3
24	-0.580120	15.968067	180.317718	0.011287	6.6
25	-0.561280	16.938440	175.705627	0.015999	5.9
26	-0.568928	17.938440	171.193232	0.005876	11.2
27	-0.570339	18.938440	166.906805	0.009909	5.7
28	-0.569915	19.938320	162.830266	0.008946	5.7
29	-0.578448	20.938162	158.948249	0.010639	6.7
30	-0.542866	21.938162	155.246455	0.012388	9.3
31	-0.583316	22.938162	151.713161	0.011102	6.0
32	-0.588914	23.937900	148.337983	0.010538	7.6
33	-0.575604	23.383515	150.190841	0.010176	5.9
34	-0.555561	22.829130	152.090571	0.012268	7.5
35	-0.554548	23.829130	148.697898	0.004669	8.0
36	-0.561214	23.429764	150.034499	0.006839	6.0
37	-0.575752	22.887002	151.890016	0.013937	6.3
38	-0.532218	22.421015	153.520073	0.012717	6.0
39	-0.580937	23.421015	150.064050	0.006516	9.7
40	-0.553827	22.866631	151.960552	0.007008	6.2
41	-0.534608	23.794832	148.811753	0.009836	6.0
42	-0.530801	23.240454	150.676516	0.007136	6.1
43	-0.576215	24.240279	147.346515	0.004754	11.3
44	-0.561720	24.421082	146.759988	0.008031	6.7
45	-0.571512	23.867970	148.569177	0.011297	7.4
46	-0.551305	23.313717	150.427405	0.008297	10.9
47	-0.569306	24.299354	147.154361	0.007944	4.9
48	-0.586660	23.936409	148.342906	0.017801	5.0
49	-0.576270	24.915459	145.179807	0.013551	3.7
50	-0.576961	25.915459	142.085308	0.004748	5.4
51	-0.574450	26.915456	139.119984	0.008278	5.9
52	-0.554103	27.913760	136.280619	0.010497	5.8
53	-0.570224	28.913414	133.551222	0.008639	6.4
54	-0.575809	29.913393	130.928170	0.018213	5.9
55	-0.557881	29.359009	132.369512	0.013912	6.0
56	-0.571686	30.359009	129.792174	0.007790	5.9
57	-0.552254	31.359009	127.313285	0.008390	9.7
58	-0.572760	30.804626	128.675717	0.009990	7.9
59	-0.558128	31.804480	126.239241	0.006327	7.9
60	-0.550193	31.254526	127.567848	0.011044	6.0
61	-0.577428	32.253795	125.174129	0.004272	10.0
62	-0.569057	33.230556	122.919585	0.004608	7.9
63	-0.581703	33.052333	123.324880	0.011297	6.1
64	-0.570963	34.024457	121.146083	0.007275	6.1
65	-0.554666	33.470083	122.379057	0.005427	7.7
66	-0.563309	33.868029	121.491469	0.013424	8.0
67	-0.543899	33.313724	122.731365	0.006999	6.8
68	-0.577620	32.759392	123.996891	0.005443	11.0
69	-0.569266	32.801411	123.900049	0.006901	5.8
70	-0.562638	33.573089	122.148069	0.019177	8.3
71	-0.541160	34.495558	120.117676	0.016413	11.0
72	-0.571969	35.495558	117.991532	0.006624	6.1
73	-0.601342	36.495557	115.939349	0.008265	6.7
74	-0.550828	37.325212	114.290154	0.005274	8.0
75	-0.545925	38.321619	112.370457	0.005520	5.8
76	-0.573372	39.181428	110.765025	0.009523	5.8
77	-0.570533	39.757379	109.715026	0.011741	14.3
78	-0.540367	40.757379	107.938477	0.010171	1.6
79	-0.563362	41.626507	106.440511	0.008984	5.4
80	-0.568378	42.626404	104.767786	0.008065	5.1
81	-0.547957	43.617962	103.160131	0.011089	5.0
82	-0.567898	44.613653	101.594671	0.010309	5.2
83	-0.554278	45.613650	100.069542	0.011024	5.9
84	-0.556746	46.613650	98.589522	0.006489	5.9
85	-0.580695	46.065499	99.395331	0.010867	11.1
86	-0.590698	46.967949	98.075602	0.017629	6.2
87	-0.560465	47.967949	96.653556	0.007308	5.8
88	-0.572039	47.413564	97.436781	0.004660	5.9
89	-0.559030	47.383748	97.479265	0.006776	5.9
90	-0.546444	48.284237	96.212324	0.012985	6.3
91	-0.578954	47.729916	96.988296	0.010362	11.1
92	-0.563198	47.176922	97.774984	0.011606	8.8
93	-0.577756	46.622537	98.576565	0.007568	6.1
94	-0.542556	46.068155	99.391394	0.007921	10.8
95	-0.580299	47.067674	97.931912	0.004986	6.7
96	-0.547248	46.975574	98.064600	0.009979	10.8
97	-0.564806	47.968413	96.652905	0.005949	16.3
98	-0.575697	48.957450	95.286455	0.007243	4.5
99	-0.580582	49.950829	93.952355	0.007719	7.9
100	-0.563322	49.396475	94.692205	0.005719	5.9
101	-0.566421	49.565934	94.464809	0.016007	10.0
102	-0.554978	49.024317	95.195465	0.006575	5.0
103	-0.576408	49.937047	93.970608	0.007698	6.5
104	-0.572788	50.936203	92.665406	0.010187	9.9
105	-0.579196	50.381829	93.385075	0.006650	5.8
106	-0.597958	51.354647	92.129499	0.004120	8.7
107	-0.566916	52.313989	90.923949	0.005001	6.1
108	-0.548692	51.939062	91.391324	0.013187	6.0
109	-0.572987	51.947482	91.380775	0.011570	5.7
110	-0.568205	52.872935	90.235990	0.008080	3.6
111	-0.553629	53.860808	89.045225	0.016642	4.3
112	-0.549630	54.860807	87.871427	0.007861	10.1
113	-0.591363	55.767751	86.833304	0.006846	7.9
114	-0.552061	55.213463	87.464828	0.006024	6.1
115	-0.561022	56.161098	86.390651	0.011301	6.0
116	-0.568261	55.607121	87.015376	0.016315	5.9
117	-0.594529	56.607121	85.894146	0.005937	10.9
118	-0.572436	57.607121	84.801445	0.008189	5.9
119	-0.554666	58.262832	84.099915	0.006217	6.0
120	-0.568537	57.864980	84.524176	0.006456	5.5
121	-0.571765	57.319084	85.113323	0.011586	6.0
122	-0.575344	56.767496	85.717012	0.008288	6.0
123	-0.556325	57.767493	84.628788	0.011370	7.8
124	-0.559608	57.213108	85.228648	0.005919	5.9
125	-0.559744	58.206954	84.159245	0.005203	6.0
126	-0.554701	59.116958	83.203326	0.006781	12.0
127	-0.559230	60.109620	82.185041	0.005359	7.8
128	-0.585911	60.950544	81.341711	0.005126	6.0
129	-0.563609	60.926185	81.365896	0.009154	5.9
130	-0.554848	61.842285	80.466123	0.007504	8.0
131	-0.569568	61.287902	81.008232	0.005144	5.5
132	-0.576821	62.131163	80.186506	0.009753	5.7
133	-0.551230	61.609737	80.692636	0.012830	5.4
134	-0.555651	61.055352	81.237814	0.012812	7.2
135	-0.586978	61.962845	80.349190	0.007360	6.1
136	-0.550321	61.418005	80.880354	0.008817	6.2
137	-0.555437	61.928213	80.382745	0.008799	5.9
138	-0.586410	62.926310	79.426790	0.008748	9.6
139	-0.578489	63.926310	78.491547	0.004382	7.8
140	-0.585854	63.513393	78.875042	0.011165	11.5
141	-0.564113	62.972189	79.383395	0.017745	6.1
142	-0.555082	63.972189	78.449167	0.005312	10.1
143	-0.566489	64.942407	77.563541	0.012650	5.4
144	-0.560247	65.937806	76.675473	0.007096	6.8
145	-0.587700	65.383431	77.167546	0.005418	7.9
146	-0.578488	66.366537	76.299206	0.015825	5.8
147	-0.574704	65.813799	76.784999	0.007817	9.5
148	-0.566082	66.813795	75.910595	0.003899	5.9
149	-0.569376	67.751519	75.108545	0.009644	11.4
150	-0.561335	68.721695	74.296383	0.007670	5.9
151	-0.550198	68.168449	74.757356	0.010116	11.0
152	-0.546524	69.168434	73.928282	0.008544	11.2
153	-0.574155	68.614049	74.385629	0.005533	6.0
154	-0.576900	69.470394	73.681534	0.007162	8.0
155	-0.585781	70.212249	73.082262	0.006488	3.5
156	-0.566020	70.673007	72.714943	0.006958	3.6
157	-0.554011	70.119513	73.156640	0.005411	3.5
158	-0.559715	69.571723	73.599102	0.008902	3.4
159	-0.602643	69.023956	74.046928	0.008008	3.4
160	-0.569139	70.021405	73.235493	0.008528	3.5
161	-0.566912	71.021105	72.439876	0.010240	3.4
162	-0.580539	71.950125	71.715852	0.003738	3.4
163	-0.562082	72.192779	71.529120	0.004553	3.4
164	-0.572542	72.322032	71.430051	0.013886	5.8
165	-0.602957	71.768105	71.856566	0.006838	10.6
166	-0.586810	72.768046	71.090289	0.012593	6.3
167	-0.577668	72.213661	71.513096	0.009701	4.6
168	-0.577132	73.213660	70.754044	0.004645	5.5
169	-0.561367	74.207251	70.015649	0.010085	6.0
170	-0.593082	74.197925	70.022508	0.006273	6.1
171	-0.563260	74.165537	70.046339	0.014148	11.2
172	-0.554588	74.847926	69.547644	0.003806	6.0
173	-0.572010	75.838036	68.836562	0.006587	10.0
174	-0.560695	75.620281	68.991700	0.007187	5.9
175	-0.586600	75.333947	69.196764	0.007900	6.3
176	-0.588882	74.780076	69.596911	0.005794	5.8
177	-0.570054	75.777678	68.879493	0.009414	5.8
178	-0.578471	76.773562	68.177914	0.010593	5.8
179	-0.566794	77.773562	67.487669	0.007501	6.1
180	-0.551519	77.219178	67.868593	0.010090	7.9
181	-0.574258	76.677875	68.244702	0.006055	11.4
182	-0.577439	76.124773	68.633339	0.007097	7.3
183	-0.549773	75.581697	69.019262	0.007708	6.0
184	-0.555235	76.580811	68.312585	0.008935	6.4
185	-0.569297	76.027903	68.701860	0.010563	7.3
186	-0.576265	77.027903	68.001020	0.013895	9.4
187	-0.587868	76.548064	68.335518	0.009983	6.8
188	-0.562097	75.993679	68.726102	0.014744	11.0
189	-0.574100	76.993679	68.024770	0.003323	6.4
190	-0.573876	76.513198	68.359951	0.009233	14.2
191	-0.586577	76.402355	68.437744	0.008157	2.6
192	-0.558874	75.847970	68.829501	0.006196	6.4
193	-0.561321	76.847350	68.126500	0.008463	8.0
194	-0.571894	77.839601	67.442577	0.007689	7.9
195	-0.613508	78.034403	67.309917	0.010251	5.9
196	-0.554631	79.034402	66.637050	0.004519	6.2
197	-0.568560	78.498973	66.995641	0.013739	10.7
198	-0.548743	79.386655	66.403223	0.005438	11.1
199	-0.577471	78.836636	66.769051	0.007259	9.9
200	-0.545332	78.297461	67.131600	0.005373	6.0
201	-0.530436	78.153952	67.228762	0.011282	6.3
202	-0.579925	77.600240	67.606300	0.006495	5.8
203	-0.554064	78.598544	66.928664	0.005295	5.9
204	-0.579175	78.046159	67.301928	0.010274	5.8
205	-0.602854	79.045894	66.629395	0.004263	11.0
206	-0.566811	79.272601	66.478753	0.007557	8.7
207	-0.570729	78.774171	66.810853	0.006175	10.0
208	-0.554702	79.510283	66.321547	0.009218	6.0
209	-0.579857	79.926862	66.047802	0.014607	11.0
210	-0.576966	80.926734	65.399892	0.008151	6.6
211	-0.548946	81.926733	64.764491	0.006427	5.9
212	-0.551869	81.400219	65.097492	0.015475	6.0
213	-0.562979	82.358833	64.493737	0.004997	10.9
214	-0.564174	83.358801	63.875758	0.021911	5.8
215	-0.585937	82.922824	64.143729	0.012377	7.1
216	-0.571515	82.473605	64.422202	0.009445	5.8
217	-0.547837	83.473604	63.805566	0.004913	5.8
218	-0.554874	84.320609	63.292432	0.009381	6.1
219	-0.559994	85.216708	62.758464	0.012346	5.7
220	-0.568029	86.216708	62.173122	0.008939	5.1
221	-0.574573	85.662538	62.496145	0.007308	5.1
222	-0.554878	85.108583	62.822415	0.010364	5.9
223	-0.577213	85.638537	62.510211	0.007572	5.8
224	-0.559741	85.110011	62.821569	0.010081	10.2
225	-0.556132	84.555654	63.151496	0.009118	11.1
226	-0.578045	85.555654	62.558834	0.007896	6.7
227	-0.568014	86.551049	61.979846	0.008090	6.8
228	-0.586020	85.996859	62.300870	0.005458	7.0
229	-0.587236	85.522887	62.578077	0.006617	5.8
230	-0.546547	86.218684	62.171976	0.006013	10.1
231	-0.577155	87.195495	61.610675	0.012681	3.9
232	-0.562497	88.185813	61.051864	0.010535	3.5
233	-0.573392	89.185813	60.497783	0.006011	3.7
234	-0.566590	88.637767	60.800193	0.006945	3.4
235	-0.578677	88.388781	60.938584	0.005789	3.5
236	-0.539337	87.848275	61.241186	0.010583	5.6
237	-0.574607	88.844896	60.685545	0.009145	4.4
238	-0.561112	88.292500	60.992268	0.009722	9.6
239	-0.577612	89.292500	60.439263	0.007497	9.9
240	-0.558127	90.292496	59.896199	0.009148	7.7
241	-0.587357	89.738634	60.195771	0.008770	11.4
242	-0.565108	89.873010	60.122815	0.007648	6.3
243	-0.563057	90.873001	59.585399	0.007749	5.9
244	-0.560695	90.320485	59.881139	0.004974	5.9
245	-0.568461	91.125227	59.451362	0.007537	6.5
246	-0.589964	92.030169	58.975383	0.010456	11.6
247	-0.572575	92.207439	58.883034	0.005964	5.8
248	-0.559999	91.927275	59.029118	0.005603	5.9
249	-0.548456	91.373905	59.319799	0.004956	10.9
250	-0.587613	90.907381	59.567094	0.008023	6.8
251	-0.548520	90.354782	59.862696	0.016491	6.2
252	-0.578206	89.901471	60.107385	0.008801	5.4
253	-0.560977	90.901471	59.570240	0.006942	11.0
254	-0.584918	91.129310	59.449197	0.007561	6.8
255	-0.578889	90.722403	59.665719	0.010616	6.4
256	-0.563147	90.690393	59.682819	0.008868	6.2
257	-0.571329	91.690261	59.153270	0.012174	10.9
258	-0.587389	91.211011	59.405912	0.010403	5.9
259	-0.582326	90.656626	59.700867	0.007310	5.9
260	-0.572625	90.102243	59.998766	0.009452	10.4
261	-0.569069	91.088976	59.470589	0.017946	4.0
262	-0.569204	90.534594	59.766188	0.012295	5.4
263	-0.569671	91.534590	59.235098	0.005152	10.9
264	-0.567615	90.980207	59.528355	0.007186	6.3
265	-0.552566	91.926891	59.029319	0.007339	9.5
266	-0.558977	91.372592	59.320492	0.006250	7.7
267	-0.561945	92.195221	58.889390	0.007422	5.8
268	-0.576443	93.186443	58.378186	0.010173	8.3
269	-0.571395	92.632070	58.662994	0.012957	9.7
270	-0.570085	93.632046	58.151256	0.012053	6.0
271	-0.568534	94.632046	57.648357	0.006420	11.1
272	-0.567638	94.077901	57.925956	0.013549	5.3
273	-0.563218	95.077862	57.426949	0.010428	6.2
274	-0.573285	96.077834	56.936460	0.008939	6.1
275	-0.591344	95.523450	57.207347	0.008315	5.9
276	-0.571202	95.171929	57.380449	0.004687	10.8
277	-0.586960	95.932330	57.007309	0.003672	5.8
278	-0.591974	95.749140	57.096759	0.005392	10.0
279	-0.580997	95.299991	57.317265	0.005743	8.2
280	-0.557037	96.023638	56.962829	0.007362	8.0
281	-0.579606	95.615197	57.162339	0.004312	5.8
282	-0.581120	95.766790	57.088128	0.006355	5.9
283	-0.577851	96.089667	56.930706	0.010163	6.0
284	-0.565497	95.535408	57.201477	0.006326	9.3
285	-0.558023	94.981030	57.474894	0.006950	5.8
286	-0.570857	94.427997	57.750265	0.006203	6.0
287	-0.571951	95.427626	57.254431	0.005337	4.3
288	-0.544558	94.898842	57.515652	0.008018	7.7
289	-0.577716	94.484847	57.721837	0.010159	5.8
290	-0.567546	93.932069	57.999456	0.011237	11.1
291	-0.562346	94.932069	57.499167	0.011116	10.2
292	-0.564227	95.931750	57.007591	0.006166	8.5
293	-0.562693	95.818034	57.063085	0.019679	11.5
294	-0.561738	96.817964	56.578787	0.011653	7.4
295	-0.565847	97.817964	56.102606	0.013500	6.3
296	-0.586209	97.263579	56.365599	0.007225	11.1
297	-0.561521	98.192072	55.926517	0.008850	6.0
298	-0.568270	97.637688	56.187857	0.005929	6.7
299	-0.596243	98.637630	55.718234	0.003794	5.8
300	-0.576574	98.932527	55.581231	0.003358	5.9
301	-0.600245	99.074033	55.515729	0.011445	6.8
302	-0.562880	99.462925	55.336507	0.012345	6.2
303	-0.591210	100.461751	54.881454	0.005411	6.5
304	-0.561647	101.432826	54.446162	0.006202	7.1
305	-0.567109	102.429095	54.006695	0.009626	6.0
306	-0.554643	103.429059	53.572674	0.005921	5.8
307	-0.564738	104.336624	53.184753	0.006046	8.1
308	-0.557142	103.831470	53.399975	0.005963	5.9
309	-0.582666	104.768382	53.002172	0.005651	5.9
310	-0.562617	105.673780	52.623340	0.007963	5.9
311	-0.562886	105.348248	52.758923	0.010755	11.3
312	-0.558789	104.793866	52.991435	0.008577	11.0
313	-0.566297	105.440764	52.720319	0.006349	5.3
314	-0.571263	105.846984	52.551485	0.008793	5.8
315	-0.559594	106.812405	52.154542	0.004075	5.4
316	-0.571250	106.394321	52.325703	0.004615	5.9
317	-0.551516	107.162170	52.012208	0.005596	14.2
318	-0.578275	107.664701	51.809062	0.006528	1.6
319	-0.558737	107.112238	52.032480	0.009835	6.7
320	-0.578632	108.091464	51.637786	0.005799	6.2
321	-0.536211	107.539050	51.859707	0.005523	11.2
322	-0.569374	107.145888	52.018816	0.007370	12.2
323	-0.573351	106.611495	52.236654	0.007654	5.7
324	-0.588840	106.263613	52.379445	0.006026	6.2
325	-0.567305	107.220856	51.988402	0.008811	4.8
326	-0.579296	106.669961	52.212732	0.005944	4.8
327	-0.561787	106.136195	52.431941	0.006534	4.4
328	-0.584888	105.594778	52.656180	0.002654	5.3
329	-0.573210	105.323316	52.769335	0.008397	4.5
330	-0.559793	104.884500	52.953282	0.011090	4.4
331	-0.580915	104.330115	53.187515	0.011539	4.5
332	-0.585798	103.775733	53.423829	0.009580	4.5
333	-0.537104	104.775646	52.999111	0.010553	4.5
334	-0.555492	105.704940	52.610399	0.008079	4.5
335	-0.562869	105.420022	52.728969	0.004799	4.4
336	-0.533903	104.874195	52.957617	0.008275	4.4
337	-0.579353	104.642547	53.055256	0.011805	4.9
338	-0.556735	105.642547	52.636318	0.008921	4.3
339	-0.542693	106.642547	52.223946	0.007671	7.5
340	-0.541500	106.290283	52.368471	0.005399	6.0
341	-0.568972	107.255753	51.974257	0.005595	4.7
342	-0.573227	107.705584	51.792605	0.012448	5.8
343	-0.579834	108.398387	51.515306	0.004891	6.3
344	-0.577667	109.354056	51.137630	0.004449	4.9
345	-0.564281	109.805923	50.960975	0.015682	5.4
346	-0.559516	110.794964	50.578545	0.009799	6.1
347	-0.577357	110.295326	50.771019	0.007453	5.9
348	-0.581252	111.293507	50.387941	0.010413	6.0
349	-0.557118	112.293500	50.009921	0.008080	7.0
350	-0.574526	111.739449	50.218662	0.017223	7.1
351	-0.567997	111.185064	50.429279	0.008817	7.7
352	-0.583351	110.630696	50.641664	0.010165	9.2
353	-0.573603	110.078092	50.855161	0.014237	8.0
354	-0.579248	111.078092	50.470122	0.006781	5.9
355	-0.550657	110.611142	50.649188	0.010210	10.4
356	-0.572748	110.134508	50.833282	0.008642	5.7
357	-0.571356	111.134497	50.448578	0.004383	6.0
358	-0.571703	110.583149	50.659963	0.007849	5.6
359	-0.579662	111.348777	50.366899	0.006935	11.0
360	-0.556597	110.794485	50.578728	0.010758	6.3
361	-0.559962	111.794452	50.197861	0.012581	9.9
362	-0.564208	112.672312	49.868199	0.008254	6.3
363	-0.588144	113.672274	49.497920	0.007992	6.3
364	-0.595489	114.653356	49.139937	0.006499	6.3
365	-0.561314	114.587162	49.163928	0.006561	6.1
366	-0.578446	114.051774	49.358829	0.011761	6.0
367	-0.576792	113.497390	49.562281	0.005318	5.9
368	-0.577777	112.945754	49.766396	0.006999	10.8
369	-0.574126	112.518221	49.925751	0.010457	1.6
370	-0.565453	111.963841	50.133912	0.008360	11.2
371	-0.548425	112.717022	49.851525	0.007611	9.7
372	-0.562460	113.705976	49.485536	0.010992	10.9
373	-0.545353	113.360955	49.612609	0.007696	3.2
374	-0.575682	114.356609	49.247669	0.017920	6.3
375	-0.573954	115.356609	48.886501	0.011979	6.1
376	-0.586253	116.356609	48.530591	0.008304	6.1
377	-0.585896	117.356546	48.179849	0.007958	5.3
378	-0.557626	116.803266	48.373291	0.004577	12.6
379	-0.571670	116.265974	48.562636	0.006960	9.5
380	-0.571444	115.718243	48.757191	0.009070	7.4
381	-0.570859	115.163930	48.955678	0.008170	11.3
382	-0.582106	114.860839	49.064892	0.009850	10.3
383	-0.547223	115.247296	48.925723	0.008081	9.6
384	-0.560861	114.692915	49.125611	0.009858	11.3
385	-0.556651	114.138591	49.327120	0.006333	5.6
386	-0.585343	113.586321	49.529531	0.012194	3.6
387	-0.587220	114.543257	49.179853	0.006799	3.5
388	-0.577092	113.988875	49.381828	0.008179	3.5
389	-0.550733	114.987856	49.019064	0.006962	3.5
390	-0.591363	114.441811	49.216689	0.009645	3.7
391	-0.569693	114.020645	49.370209	0.006802	3.6
392	-0.564280	115.016051	49.008903	0.007836	3.5
393	-0.565423	116.015910	48.651266	0.006033	3.6
394	-0.571354	117.015465	48.298917	0.009612	3.6
395	-0.567982	116.471461	48.490046	0.011293	3.6
396	-0.559376	117.471419	48.139880	0.009953	3.6
397	-0.579303	118.471419	47.794720	0.004255	5.3
398	-0.560883	119.468964	47.455305	0.004935	6.8
399	-0.560506	119.229691	47.536277	0.014290	7.1
400	-0.603296	119.778930	47.350818	0.008932	5.9
401	-0.556960	119.224545	47.538022	0.008031	11.0
402	-0.554069	120.224542	47.201410	0.005567	6.8
403	-0.578504	119.769621	47.353949	0.005144	6.0
404	-0.559894	119.261606	47.525461	0.006084	5.8
405	-0.582909	120.245876	47.194280	0.007733	5.8
406	-0.570777	119.694049	47.379384	0.006465	5.9
407	-0.557147	120.688495	47.046850	0.006977	11.0
408	-0.581912	121.646337	46.730940	0.004096	2.7
409	-0.586790	121.231551	46.867220	0.007224	7.0
410	-0.570585	121.440884	46.798344	0.006265	11.2
411	-0.596981	122.431954	46.474982	0.014033	11.2
412	-0.553243	121.940498	46.634771	0.009903	5.8
413	-0.588534	121.386113	46.816345	0.010113	9.8
414	-0.558754	122.386068	46.489855	0.005356	5.5
415	-0.564725	123.134375	46.248492	0.017951	11.2
416	-0.558570	124.134374	45.929832	0.004269	5.7
417	-0.556620	125.101915	45.625668	0.007411	8.5
418	-0.578723	125.273061	45.572284	0.006642	6.0
419	-0.562891	125.898299	45.378316	0.006577	9.9
420	-0.563928	125.559127	45.483332	0.009064	6.1
421	-0.589222	126.547432	45.178675	0.009828	6.3
422	-0.588425	127.547430	44.874539	0.009573	8.3
423	-0.564928	128.547428	44.574471	0.010494	10.9
424	-0.586416	128.012073	44.734613	0.002922	7.8
425	-0.570015	128.819544	44.493510	0.012740	5.9
426	-0.562753	129.799421	44.204397	0.006724	6.3
427	-0.585258	130.796817	43.913947	0.007641	6.0
428	-0.566144	130.295847	44.059355	0.011647	9.7
429	-0.581884	129.781300	44.209709	0.008770	5.8
430	-0.574021	130.779642	43.918917	0.007674	10.0
431	-0.560248	130.931883	43.874908	0.008927	7.8
432	-0.560323	130.377502	44.035589	0.008121	6.2
433	-0.578291	131.377480	43.746605	0.006350	5.8
434	-0.568467	132.376997	43.461520	0.007449	5.9
435	-0.570288	133.315677	43.197150	0.007776	11.3
436	-0.576630	132.763473	43.352282	0.007047	6.2
437	-0.563005	133.438607	43.162766	0.003869	6.6
438	-0.580802	133.772866	43.069548	0.004617	6.0
439	-0.563480	133.396741	43.174470	0.012060	5.8
440	-0.549500	134.383623	42.900257	0.006833	6.2
441	-0.578290	135.313782	42.644976	0.008615	5.9
442	-0.586994	136.313664	42.373925	0.006223	5.7
443	-0.553928	135.760568	42.523433	0.005724	6.1
444	-0.577119	135.218196	42.671069	0.005896	5.9
445	-0.566397	135.967982	42.467243	0.007548	11.5
446	-0.560281	136.857205	42.228022	0.010504	5.6
447	-0.567243	137.857199	41.962199	0.010356	6.7
448	-0.566755	137.306874	42.108073	0.011257	6.2
449	-0.554245	136.752876	42.255949	0.007001	10.5
450	-0.558537	136.198491	42.404971	0.007820	10.3
451	-0.568939	137.170733	42.144317	0.004288	13.5
452	-0.572495	136.651956	42.282999	0.013060	10.4
453	-0.562359	137.588914	42.033187	0.018589	5.6
454	-0.569213	138.588914	41.769803	0.008317	6.7
455	-0.562573	139.588914	41.509699	0.013192	7.2
456	-0.584452	139.039404	41.652226	0.012464	5.9
457	-0.571299	138.485019	41.797013	0.007994	6.2
458	-0.533749	139.485016	41.536572	0.003404	5.5
459	-0.562319	138.991869	41.664601	0.007084	5.0
460	-0.555359	138.939166	41.678331	0.004891	5.1
461	-0.561954	138.404939	41.818011	0.009341	5.6
462	-0.570171	139.393296	41.560325	0.004919	6.5
463	-0.567062	140.371842	41.308306	0.009483	6.0
464	-0.572524	141.082464	41.127197	0.007015	9.8
465	-0.552800	142.079834	40.875670	0.005982	7.9
466	-0.582724	143.058263	40.631891	0.013195	11.9
467	-0.563530	142.504073	40.769611	0.009688	4.0
468	-0.552173	143.504073	40.521777	0.004822	15.9
469	-0.573456	143.552158	40.509936	0.006990	3.8
470	-0.590571	143.409839	40.545003	0.006902	6.0
471	-0.595084	143.897259	40.425156	0.006025	5.9
472	-0.583498	144.066819	40.383631	0.009272	10.9
473	-0.584831	144.474766	40.284072	0.007927	9.0
474	-0.567984	145.474740	40.042096	0.012388	5.8
475	-0.566112	145.914134	39.936687	0.008892	6.0
476	-0.569924	146.914133	39.698847	0.005612	5.8
477	-0.571216	146.462760	39.805850	0.004307	11.7
478	-0.551161	147.106961	39.653310	0.009177	5.9
479	-0.581278	146.594202	39.774630	0.004739	6.6
480	-0.587647	146.234081	39.860281	0.017691	5.2
481	-0.563905	145.679806	39.992832	0.005203	5.0
482	-0.545014	146.487129	39.800058	0.005009	5.0
483	-0.578653	147.336916	39.599142	0.007790	5.1
484	-0.562025	148.329170	39.367094	0.007123	5.8
485	-0.579724	147.793693	39.491982	0.007246	5.9
486	-0.576143	148.685032	39.284534	0.013973	5.7
487	-0.562474	148.130648	39.413303	0.007164	6.4
488	-0.551620	149.130593	39.181651	0.005320	5.7
489	-0.581302	150.096212	38.960520	0.010845	6.0
490	-0.580996	151.093838	38.734667	0.007355	8.1
491	-0.583563	152.046855	38.521344	0.008171	16.0
492	-0.594879	152.261064	38.473719	0.006711	3.6
493	-0.589708	151.707598	38.597013	0.004102	5.9
494	-0.562842	151.163747	38.718938	0.011642	5.9
495	-0.559580	152.109987	38.507296	0.005476	5.8
496	-0.578535	152.992301	38.312025	0.008535	6.2
497	-0.577548	153.987848	38.094059	0.006893	5.8
498	-0.585628	153.433486	38.215125	0.014960	9.1
499	-0.578077	154.433486	37.997292	0.004864	8.9
500	-0.567300	153.879102	38.117747	0.013413	5.9
501	-0.580690	153.324871	38.238935	0.010604	6.0
502	-0.574000	154.324865	38.020833	0.013724	6.1
503	-0.577740	153.770483	38.141437	0.010782	6.4
504	-0.555581	154.770483	37.924442	0.008403	5.3
505	-0.550937	155.770296	37.709941	0.009603	5.1
506	-0.575233	155.215971	37.828566	0.008967	8.0
507	-0.549943	156.212990	37.615738	0.005899	7.0
508	-0.585507	157.147017	37.418518	0.009433	6.1
509	-0.574351	158.146604	37.209734	0.005011	6.2
510	-0.555807	157.600354	37.323540	0.007376	5.9
511	-0.573649	158.408673	37.155380	0.008627	5.8
512	-0.553979	157.864945	37.268328	0.005015	6.1
513	-0.606479	158.599578	37.115886	0.005656	6.0
514	-0.591290	158.071409	37.225359	0.007993	5.9
515	-0.572228	159.041398	37.024804	0.008498	7.2
516	-0.569465	159.916273	36.845759	0.009126	7.6
517	-0.565234	160.865655	36.653416	0.010632	5.9
518	-0.571173	161.177969	36.590579	0.007148	10.0
519	-0.579076	160.623640	36.702257	0.006596	4.1
520	-0.538930	161.578974	36.510214	0.010021	11.6
521	-0.575848	162.578356	36.311456	0.007741	7.1
522	-0.580418	162.170875	36.392235	0.009598	5.9
523	-0.564554	161.674836	36.491055	0.009545	5.9
524	-0.552695	162.674836	36.292383	0.007218	5.9
525	-0.569501	163.663083	36.098160	0.008107	5.9
526	-0.579830	164.650671	35.906132	0.008319	8.3
527	-0.592513	165.646169	35.714622	0.006933	10.8
528	-0.575617	165.091790	35.821018	0.006382	8.3
529	-0.535759	166.072852	35.633163	0.005285	6.5
530	-0.563001	165.525890	35.737653	0.010034	5.9
531	-0.572693	166.525816	35.547092	0.005721	5.8
532	-0.562116	165.992594	35.648457	0.006216	5.9
533	-0.573318	166.647795	35.523985	0.013421	7.6
534	-0.570663	167.644283	35.336334	0.004946	9.3
535	-0.575211	168.459990	35.184196	0.010928	6.3
536	-0.559721	167.905841	35.287408	0.007916	6.5
537	-0.570429	168.204560	35.231696	0.007586	5.8
538	-0.562111	167.650257	35.335215	0.008404	5.9
539	-0.565138	167.182071	35.423127	0.013098	4.4
540	-0.573249	168.182071	35.235884	0.009183	4.4
541	-0.588225	168.439340	35.188031	0.006786	4.3
542	-0.570226	167.885269	35.291251	0.005214	4.4
543	-0.572476	168.567163	35.164305	0.011233	4.3
544	-0.591627	169.337000	35.022079	0.011239	4.3
545	-0.572590	168.782615	35.124384	0.009333	5.4
546	-0.574807	169.782615	34.940277	0.006932	10.4
547	-0.576632	170.782612	34.758091	0.012190	6.1
548	-0.572344	171.409726	34.644805	0.005110	6.5
549	-0.586648	170.856019	34.744792	0.010810	6.5
550	-0.594653	170.302354	34.845350	0.011383	14.5
551	-0.559095	171.297976	34.664938	0.014209	10.3
552	-0.560491	170.743592	34.765164	0.010745	6.4
553	-0.580293	171.743592	34.584794	0.011518	11.1
554	-0.571791	171.189208	34.684557	0.012676	6.6
555	-0.591055	170.634823	34.784896	0.006466	6.9
556	-0.563437	171.634785	34.604329	0.005010	10.9
557	-0.546156	172.555638	34.439697	0.005355	8.5
558	-0.566171	173.192067	34.326827	0.011376	5.7
559	-0.579971	174.192058	34.150967	0.006445	5.9
560	-0.590836	175.187834	33.977629	0.005175	6.2
561	-0.571040	174.991286	34.011703	0.008548	6.0
562	-0.568441	174.489902	34.098935	0.007879	5.9
563	-0.552978	175.406471	33.939806	0.008372	7.6
564	-0.589909	176.406388	33.767891	0.005456	6.2
565	-0.558834	177.347839	33.607613	0.006671	5.9
566	-0.556384	178.299553	33.447127	0.008546	5.8
567	-0.591673	177.759983	33.537925	0.012285	8.0
568	-0.552983	177.205601	33.631731	0.007213	5.9
569	-0.577839	176.651803	33.725963	0.005780	10.1
570	-0.574270	177.593539	33.566034	0.005102	6.5
571	-0.561809	177.856828	33.521592	0.009761	6.6
572	-0.566741	178.009448	33.495884	0.010995	10.5
573	-0.570701	177.455438	33.589392	0.011453	7.9
574	-0.564892	178.300525	33.446964	0.004966	11.0
575	-0.567576	178.142727	33.473467	0.007263	3.3
576	-0.553155	178.796648	33.363910	0.004356	11.3
577	-0.563094	178.670801	33.384939	0.012309	6.6
578	-0.572597	179.667051	33.219193	0.008093	5.9
579	-0.549731	179.112667	33.311222	0.015911	10.1
580	-0.556904	180.108983	33.146194	0.009653	4.0
581	-0.590649	181.108973	32.982195	0.005380	11.6
582	-0.575669	180.555329	33.072792	0.011839	10.8
583	-0.578849	180.420645	33.094907	0.006620	7.0
584	-0.560905	179.866261	33.186248	0.004036	11.4
585	-0.573723	179.895942	33.181344	0.009035	8.9
586	-0.570432	179.570959	33.235108	0.008040	13.9
587	-0.574147	179.016574	33.327225	0.012613	12.2
588	-0.555540	180.016574	33.161432	0.006321	10.9
589	-0.589726	179.462242	33.253132	0.012113	11.0
590	-0.546311	178.908662	33.345216	0.004346	10.9
591	-0.549937	178.359867	33.437008	0.019324	11.2
592	-0.561500	179.359834	33.270129	0.008359	11.7
593	-0.605072	180.359834	33.104901	0.006075	10.5
594	-0.578501	179.817595	33.194290	0.007335	12.1
595	-0.586450	179.263267	33.286171	0.004208	10.5
596	-0.537800	180.208710	33.129766	0.007895	12.4
597	-0.558505	179.658299	33.220642	0.008810	10.6
598	-0.561811	180.319150	33.111591	0.005669	10.5
599	-0.580243	179.799868	33.197220	0.008255	11.3
600	-0.556484	179.254732	33.287590	0.006237	11.1
601	-0.582765	178.900060	33.346651	0.004931	9.2
602	-0.547988	178.696470	33.380647	0.006507	11.4
603	-0.587176	178.314355	33.444643	0.008773	8.7
604	-0.583387	177.783141	33.534018	0.007217	6.6
605	-0.550447	177.228818	33.627792	0.010357	6.0
606	-0.551570	178.228660	33.459029	0.013634	5.8
607	-0.573306	179.228660	33.291924	0.011493	13.4
608	-0.551439	180.228660	33.126481	0.010538	5.4
609	-0.600064	179.674276	33.217997	0.010164	7.7
610	-0.582622	180.234897	33.125455	0.007452	7.9
611	-0.572943	181.234885	32.961660	0.003267	12.0
612	-0.562642	180.750804	33.040748	0.009662	11.3
613	-0.558311	181.718981	32.882947	0.006334	6.8
614	-0.583602	181.194595	32.968228	0.007049	10.2
615	-0.560486	180.640590	33.058807	0.012089	11.8
616	-0.587588	180.086513	33.149898	0.013792	15.1
617	-0.567984	179.622771	33.226525	0.005735	1.5
618	-0.572207	180.621797	33.061889	0.011784	12.0
619	-0.571285	180.067417	33.153047	0.004882	16.3
620	-0.569218	181.056478	32.990763	0.003014	6.7
621	-0.572604	180.557354	33.072460	0.007101	11.3
622	-0.602448	180.181939	33.134174	0.010471	11.4
623	-0.580326	179.627782	33.225695	0.016597	11.5
624	-0.585671	180.624711	33.061411	0.003226	11.4
625	-0.594840	180.149091	33.139585	0.004450	12.7
626	-0.564536	179.785979	33.199517	0.005799	7.1
627	-0.564261	180.587763	33.067471	0.009831	11.3
628	-0.547490	180.878182	33.019900	0.005166	8.0
629	-0.544209	180.339655	33.108219	0.005247	10.0
630	-0.573954	179.987606	33.166211	0.011736	11.4
631	-0.581143	179.433232	33.257945	0.007276	13.4
632	-0.595740	178.878848	33.350189	0.007733	16.8
633	-0.556707	178.370106	33.435291	0.007013	6.8
634	-0.581280	178.544809	33.406018	0.014439	8.0
635	-0.597066	178.154599	33.471471	0.009088	7.7
636	-0.575922	179.099358	33.313437	0.012738	6.1
637	-0.562783	178.555251	33.404270	0.006043	7.3
638	-0.547280	178.001618	33.497202	0.012659	11.2
639	-0.569227	179.001332	33.329765	0.007708	11.3
640	-0.581158	178.458094	33.420541	0.007744	15.4
641	-0.562410	179.423630	33.259539	0.007222	10.0
642	-0.580394	180.421225	33.094811	0.007839	11.4
643	-0.563122	180.483188	33.084634	0.005060	11.3
644	-0.577166	180.094207	33.148630	0.009613	10.2
645	-0.568129	180.610209	33.063789	0.010955	10.8
646	-0.558937	181.610209	32.900600	0.008044	11.3
647	-0.554060	181.055825	32.990870	0.008339	15.9
648	-0.545122	182.055810	32.828400	0.009638	10.2
649	-0.597706	182.338214	32.782807	0.006967	11.5
650	-0.568534	183.337989	32.622409	0.007415	13.0
651	-0.575574	184.210154	32.483760	0.022789	13.3
652	-0.564229	184.105945	32.500264	0.004959	15.0
653	-0.570041	183.551561	32.588348	0.008015	11.2
654	-0.562195	184.183831	32.487928	0.007326	11.2
655	-0.582373	183.638790	32.574457	0.006629	11.4
656	-0.576094	184.502570	32.437538	0.008518	11.8
657	-0.577859	185.502350	32.280492	0.010096	4.5
658	-0.555386	184.957316	32.365917	0.004418	10.9
659	-0.566331	185.656829	32.256362	0.012085	12.9
660	-0.572871	186.612402	32.107896	0.005351	11.5
661	-0.584032	187.612349	31.953993	0.011816	11.1
662	-0.588057	188.568062	31.808270	0.010406	8.7
663	-0.602104	189.568062	31.657210	0.005896	5.9
664	-0.589693	190.564465	31.508115	0.004717	5.9
665	-0.563371	190.751353	31.480306	0.004626	7.6
666	-0.553861	190.855349	31.464853	0.005068	11.5
667	-0.567891	191.804270	31.324547	0.004390	5.9
668	-0.545524	192.484650	31.224715	0.010968	11.0
669	-0.555050	193.360620	31.097118	0.004317	7.1
670	-0.558322	192.831315	31.174094	0.009394	6.6
671	-0.587438	192.290576	31.253127	0.006368	9.6
672	-0.586170	192.024930	31.292100	0.011027	5.4
673	-0.581638	192.965227	31.154583	0.008003	5.8
674	-0.549180	192.410842	31.235514	0.005274	6.3
675	-0.564408	191.861374	31.316144	0.009441	5.7
676	-0.579379	191.962470	31.301278	0.006628	6.0
677	-0.577511	192.242939	31.260109	0.009738	5.2
678	-0.568783	191.688581	31.341586	0.008546	5.5
679	-0.576946	192.666112	31.198197	0.008448	5.8
680	-0.559356	193.666077	31.052868	0.003639	9.9
681	-0.590529	194.597297	30.918743	0.006081	2.2
682	-0.567572	194.522319	30.929499	0.013796	9.9
683	-0.567582	193.968252	31.009218	0.006545	6.5
684	-0.559899	194.962671	30.866434	0.008635	6.1
685	-0.574564	195.571415	30.779673	0.005567	5.8
686	-0.554478	195.017972	30.858532	0.006703	7.9
687	-0.570051	195.843376	30.741070	0.004263	5.8
688	-0.554888	195.964377	30.723926	0.009153	11.2
689	-0.567533	196.950012	30.584983	0.015577	6.0
690	-0.568948	196.395627	30.662979	0.011401	5.7
691	-0.572035	195.841242	30.741373	0.015154	5.8
692	-0.569097	195.286857	30.820169	0.011306	6.0
693	-0.595881	195.940347	30.727329	0.008954	7.0
694	-0.590504	196.940347	30.586339	0.007219	5.8
695	-0.564422	197.940135	30.446667	0.014304	5.8
696	-0.591830	198.937464	30.308604	0.008270	10.7
697	-0.584254	199.709865	30.202535	0.013589	9.1
698	-0.576065	199.155480	30.278590	0.009321	10.2
699	-0.566755	200.155480	30.141679	0.007583	6.1
700	-0.559815	199.601140	30.217421	0.007245	7.4
701	-0.591098	199.346574	30.252331	0.008873	5.8
702	-0.568614	198.792200	30.328635	0.007520	5.8
703	-0.574643	198.237939	30.405310	0.009453	8.0
704	-0.552222	199.213389	30.270627	0.008129	8.2
705	-0.550338	198.659012	30.347025	0.005370	9.2
706	-0.597266	198.259621	30.402303	0.012244	10.6
707	-0.578135	199.169952	30.276599	0.008409	4.7
708	-0.564489	198.615567	30.353028	0.007072	11.1
709	-0.547009	198.803251	30.327110	0.005997	8.8
710	-0.579829	199.797793	30.190508	0.006798	2.6
711	-0.581218	199.244353	30.266372	0.015188	1.6
712	-0.578704	198.690467	30.342680	0.009045	11.7
713	-0.598331	198.136320	30.419410	0.010160	7.0
714	-0.572683	199.136320	30.281225	0.011773	6.3
715	-0.567320	200.136306	30.144292	0.005786	5.9
716	-0.564772	201.136289	30.008593	0.003994	6.0
717	-0.571900	200.603857	30.080692	0.010281	6.2
718	-0.578939	201.585091	29.948086	0.005764	9.6
719	-0.554470	202.585079	29.814143	0.009176	5.7
720	-0.583966	202.796326	29.786000	0.010565	4.0
721	-0.576204	203.794049	29.653799	0.007556	4.7
722	-0.553810	204.793999	29.522474	0.014896	10.2
723	-0.554269	205.793181	29.392407	0.013315	11.4
724	-0.545085	205.238796	29.464431	0.006937	6.8
725	-0.585686	204.688082	29.536329	0.015297	11.1
726	-0.571000	204.133713	29.609059	0.004756	5.5
727	-0.577343	205.110829	29.481107	0.004485	6.1
728	-0.572550	204.588779	29.549331	0.015359	9.2
729	-0.587074	205.440608	29.438171	0.002699	7.8
730	-0.583677	206.272464	29.330423	0.020082	6.0
731	-0.585384	205.954407	29.371527	0.008810	8.8
732	-0.568781	206.954407	29.242679	0.006853	5.1
733	-0.591666	206.402224	29.313686	0.011082	5.9
734	-0.571153	207.166530	29.215492	0.006984	10.0
735	-0.562997	208.166529	29.088006	0.005307	10.8
736	-0.588104	209.019589	28.980129	0.008849	5.8
737	-0.554658	208.469132	29.049648	0.007002	6.1
738	-0.557617	209.449199	28.926104	0.005296	8.9
739	-0.563748	210.364784	28.811634	0.015211	6.0
740	-0.593914	210.731334	28.766060	0.006682	9.9
741	-0.559834	211.731046	28.642493	0.014833	2.9
742	-0.588439	212.389342	28.561705	0.004934	5.1
743	-0.600448	213.385763	28.440283	0.007202	11.1
744	-0.579980	214.147417	28.348164	0.015534	5.7
745	-0.567153	215.147417	28.228119	0.005122	5.8
746	-0.570349	216.147417	28.109087	0.010717	5.8
747	-0.566986	215.593110	28.174943	0.006734	5.8
748	-0.549504	215.039008	28.241084	0.010739	7.9
749	-0.575115	214.484631	28.307569	0.009268	6.7
750	-0.553716	215.481978	28.188184	0.007380	6.1
751	-0.576044	214.938980	28.253057	0.008507	6.3
752	-0.564199	214.805114	28.269096	0.010343	6.1
753	-0.563145	215.802728	28.150003	0.009764	6.6
754	-0.576005	216.789026	28.033243	0.006769	5.6
755	-0.584463	217.789024	27.915845	0.016594	10.3
756	-0.582592	217.234639	27.980807	0.010285	6.1
757	-0.597377	216.680766	28.046011	0.010791	5.9
758	-0.542765	216.370931	28.082619	0.009721	4.6
759	-0.564090	217.370925	27.964809	0.006300	5.8
760	-0.562070	218.177972	27.870449	0.006725	6.4
761	-0.578338	217.854034	27.908247	0.004733	9.8
762	-0.577211	218.360036	27.849250	0.003366	5.9
763	-0.557829	218.660264	27.814362	0.009233	10.4
764	-0.559274	218.595899	27.821834	0.004961	6.2
765	-0.575068	218.748881	27.804082	0.010371	5.9
766	-0.563131	219.702218	27.693959	0.009322	7.0
767	-0.567579	220.700122	27.579620	0.008405	8.0
768	-0.571449	221.700109	27.465985	0.008410	5.9
769	-0.570236	221.145739	27.528865	0.005047	10.1
770	-0.581461	220.710057	27.578486	0.009810	10.5
771	-0.586901	221.709814	27.464886	0.007947	5.9
772	-0.553766	222.709813	27.352191	0.010330	5.8
773	-0.566562	222.161068	27.413917	0.014023	9.1
774	-0.564112	223.161068	27.301639	0.006167	5.9
775	-0.571532	224.160842	27.190302	0.013243	10.0
776	-0.572585	225.160820	27.079847	0.012224	10.6
777	-0.553980	226.062284	26.981040	0.005519	8.8
778	-0.554892	225.518056	27.040605	0.004970	5.8
779	-0.586176	226.045608	26.982862	0.009266	5.8
780	-0.584711	225.494624	27.043176	0.014107	8.3
781	-0.559536	226.494624	26.933908	0.009182	5.9
782	-0.554328	227.494367	26.825548	0.010791	5.9
783	-0.579449	228.493988	26.718068	0.004629	5.9
784	-0.560921	227.939652	26.777564	0.008209	6.0
785	-0.560276	227.393784	26.836410	0.006889	6.6
786	-0.594588	228.382348	26.730029	0.011120	6.3
787	-0.554537	229.306927	26.631294	0.005892	6.0
788	-0.563572	229.287553	26.633356	0.007908	10.1
789	-0.585917	228.733692	26.692423	0.008326	5.0
790	-0.548138	228.274952	26.741545	0.006160	10.1
791	-0.583497	229.274907	26.634702	0.007721	6.3
792	-0.568254	228.753129	26.690346	0.004659	9.4
793	-0.550580	229.674849	26.592207	0.004600	7.3
794	-0.546919	229.147123	26.648307	0.006774	7.9
795	-0.580381	229.967276	26.561222	0.015601	5.9
796	-0.559300	230.217819	26.534732	0.007338	6.2
797	-0.581553	231.217819	26.429526	0.009262	7.8
798	-0.559975	230.663460	26.487745	0.010921	5.9
799	-0.575095	230.415728	26.513844	0.006650	11.2
800	-0.536395	230.119613	26.545109	0.006473	6.3
801	-0.576692	229.620448	26.597979	0.009105	5.8
802	-0.570981	229.085368	26.654888	0.005021	6.1
803	-0.577809	228.769787	26.688566	0.006748	12.3
804	-0.567785	229.575080	26.602795	0.006668	7.3
805	-0.544643	230.469244	26.508202	0.009085	6.1
806	-0.580062	231.469022	26.403229	0.010683	9.8
807	-0.574421	232.467946	26.299173	0.009608	11.0
808	-0.558223	231.972115	26.350720	0.012598	5.8
809	-0.573596	232.970908	26.247091	0.009623	5.9
810	-0.545376	233.970896	26.144150	0.009444	11.4
811	-0.572382	234.968147	26.042293	0.006025	6.6
812	-0.570907	234.414757	26.098717	0.009112	10.2
813	-0.576895	233.918665	26.149507	0.003516	5.8
814	-0.593651	233.659020	26.176169	0.005389	6.4
815	-0.593923	233.391351	26.203711	0.005438	11.5
816	-0.591027	234.051536	26.135884	0.005089	7.1
817	-0.565421	235.042126	26.034768	0.011385	9.1
818	-0.583762	234.652877	26.074408	0.009552	5.6
819	-0.594359	234.098526	26.131070	0.006507	5.9
820	-0.580070	233.553270	26.187043	0.006620	6.1
821	-0.592664	234.548900	26.085017	0.008181	6.0
822	-0.575637	234.834253	26.055922	0.004998	8.1
823	-0.564602	235.712225	25.966809	0.006686	6.1
824	-0.567746	235.266756	26.011948	0.010379	6.0
825	-0.591855	234.712456	26.068333	0.014957	5.9
826	-0.553203	235.712456	25.966786	0.009339	9.7
827	-0.567627	236.712456	25.866027	0.014892	6.9
828	-0.569583	236.158133	25.921783	0.008410	6.1
829	-0.580985	237.156132	25.821573	0.008790	6.5
830	-0.604445	238.154117	25.722136	0.008355	8.6
831	-0.581706	237.600065	25.777246	0.004606	6.8
832	-0.555280	238.216069	25.715989	0.004467	5.8
833	-0.582301	237.826078	25.754737	0.004482	6.6
834	-0.574116	238.133467	25.724186	0.010450	6.1
835	-0.535318	239.122818	25.626346	0.009961	6.8
836	-0.573496	240.118864	25.528594	0.006404	4.4
837	-0.571123	239.565354	25.582823	0.005325	1.7
838	-0.592350	240.479965	25.493339	0.007674	5.8
839	-0.581803	239.947397	25.545369	0.012812	5.9
840	-0.547075	240.917918	25.450712	0.007157	6.1
841	-0.565520	240.363539	25.504695	0.006900	6.2
842	-0.581747	240.370462	25.504020	0.006769	6.1
843	-0.572459	240.413673	25.499804	0.008652	5.8
844	-0.543776	240.598561	25.481782	0.014996	12.6
845	-0.588178	240.427574	25.498448	0.010992	5.8
846	-0.562496	241.427574	25.401284	0.008064	7.8
847	-0.530449	242.346672	25.312632	0.005097	5.7
848	-0.598241	241.796306	25.365644	0.007891	5.7
849	-0.572275	242.781903	25.270867	0.007406	6.0
850	-0.572699	243.781787	25.175438	0.009613	6.0
851	-0.578053	244.781591	25.080734	0.007437	5.8
852	-0.598778	245.091814	25.051494	0.015396	6.0
853	-0.588261	246.091814	24.957700	0.011976	8.3
854	-0.607136	245.537473	25.009607	0.007726	5.8
855	-0.574316	246.537072	24.916164	0.007962	4.8
856	-0.550671	245.982871	24.967884	0.009412	4.0
857	-0.577571	246.982785	24.874723	0.005965	4.9
858	-0.596536	246.429935	24.926145	0.007872	5.0
859	-0.587697	245.876772	24.977811	0.009807	5.4
860	-0.572432	246.876388	24.884603	0.006332	6.3
861	-0.559237	247.840205	24.795389	0.004642	11.5
862	-0.550762	248.786756	24.708394	0.008530	11.1
863	-0.566991	249.782343	24.617548	0.003800	5.9
864	-0.570309	250.704033	24.534039	0.007930	9.9
865	-0.583695	251.231875	24.486469	0.009991	5.8
866	-0.562061	252.231577	24.396878	0.010822	6.1
867	-0.555864	251.677229	24.446476	0.005925	6.0
868	-0.571497	251.122865	24.496278	0.009462	6.4
869	-0.536527	251.563416	24.456684	0.008679	6.2
870	-0.578021	251.027079	24.504904	0.006002	9.0
871	-0.571384	251.031090	24.504543	0.008643	5.9
872	-0.574930	250.584504	24.544837	0.008696	5.8
873	-0.580965	250.069445	24.591475	0.007005	12.2
874	-0.554024	250.780224	24.527161	0.006548	6.8
875	-0.569272	251.179403	24.491190	0.009140	6.0
876	-0.564408	252.179386	24.401539	0.004266	6.1
877	-0.569792	253.168376	24.313517	0.005436	4.9
878	-0.564840	252.945103	24.333333	0.007651	5.0
879	-0.585886	252.391049	24.382647	0.004788	5.0
880	-0.583066	252.211509	24.398670	0.010639	5.0
881	-0.548215	251.659792	24.448040	0.007288	5.1
882	-0.554789	252.656141	24.359027	0.015781	5.7
883	-0.587548	253.656141	24.270338	0.009344	8.0
884	-0.578163	253.101756	24.319426	0.003881	7.8
885	-0.579602	254.091522	24.231926	0.003580	6.1
886	-0.558624	254.385712	24.206040	0.007496	5.8
887	-0.575156	255.089712	24.144317	0.009479	5.3
888	-0.552084	255.722407	24.089113	0.006334	5.9
889	-0.581882	255.168101	24.137463	0.008832	13.8
890	-0.565955	256.060730	24.059698	0.008447	6.2
891	-0.570360	256.678907	24.006135	0.018985	6.2
892	-0.600108	256.124522	24.054159	0.007047	6.2
893	-0.555700	255.570138	24.102376	0.008357	5.8
894	-0.569033	255.092698	24.144056	0.007883	6.0
895	-0.564856	256.092672	24.056924	0.017472	7.9
896	-0.575058	257.033423	23.975526	0.005590	6.4
897	-0.555299	257.348161	23.948416	0.006350	6.3
898	-0.577539	256.836726	23.992499	0.008843	9.2
899	-0.551754	257.836370	23.906485	0.005440	6.2
900	-0.544172	258.832446	23.821389	0.008970	5.8
901	-0.565480	259.716830	23.746341	0.007988	11.3
902	-0.564562	259.181512	23.791711	0.008530	10.1
903	-0.558623	260.175244	23.707626	0.006121	4.4
904	-0.575315	259.620874	23.754460	0.007279	9.4
905	-0.567018	259.068790	23.801286	0.006745	8.1
906	-0.576080	258.632139	23.838452	0.004835	5.9
907	-0.531582	258.086542	23.885055	0.014260	5.9
908	-0.569216	259.085748	23.799845	0.010003	5.9
909	-0.574852	258.531364	23.847047	0.006556	5.8
910	-0.566097	259.530157	23.762142	0.010229	6.4
911	-0.560422	260.254959	23.700906	0.010120	5.8
912	-0.561161	261.228328	23.619165	0.002142	9.3
913	-0.552059	260.698399	23.663597	0.006175	5.6
914	-0.564861	260.303382	23.696827	0.008500	12.8
915	-0.566649	259.751637	23.743397	0.005201	3.9
916	-0.577975	259.201089	23.790048	0.012008	9.9
917	-0.578924	260.199326	23.705595	0.008319	8.2
918	-0.569057	261.175104	23.623620	0.008552	6.1
919	-0.576803	260.620721	23.670124	0.009203	10.0
920	-0.601062	261.615419	23.586814	0.013860	6.9
921	-0.580420	261.061034	23.633174	0.003499	6.4
922	-0.567807	261.752624	23.575369	0.007179	5.5
923	-0.573371	262.014160	23.553583	0.009691	6.2
924	-0.534090	263.012482	23.470790	0.006716	5.7
925	-0.547332	264.006949	23.388894	0.005301	5.4
926	-0.571624	264.990463	23.308461	0.002564	6.1
927	-0.561790	265.682999	23.252155	0.007632	5.7
928	-0.587251	265.851422	23.238502	0.009968	5.8
929	-0.574731	266.851005	23.157805	0.006478	4.4
930	-0.538291	267.850030	23.077711	0.005239	9.2
931	-0.571198	267.632004	23.095143	0.005620	10.6
932	-0.569182	268.131809	23.055220	0.009291	5.5
933	-0.557311	269.030895	22.983750	0.014525	5.4
934	-0.567613	268.476510	23.027766	0.006208	6.2
935	-0.579594	267.972248	23.067950	0.008223	10.9
936	-0.579132	267.432331	23.111131	0.007553	6.8
937	-0.562361	266.883125	23.155221	0.010623	5.8
938	-0.586650	267.551279	23.101604	0.015532	6.2
939	-0.559768	266.996895	23.146074	0.008822	5.9
940	-0.589533	267.996895	23.065983	0.003280	6.6
941	-0.566663	267.869229	23.076177	0.010762	11.0
942	-0.559406	268.655938	23.013502	0.006650	6.1
943	-0.591295	269.441799	22.951233	0.007663	6.0
944	-0.549627	268.890132	22.994910	0.006999	13.3
945	-0.577663	269.494982	22.947031	0.011154	6.3
946	-0.594465	270.494654	22.868335	0.007610	6.2
947	-0.565710	269.940269	22.911911	0.008908	9.8
948	-0.581590	270.702595	22.852033	0.015653	4.8
949	-0.597497	271.702595	22.773961	0.004212	4.4
950	-0.579555	272.672308	22.698761	0.012568	4.4
951	-0.588841	272.653696	22.700199	0.005580	4.2
952	-0.546446	273.653686	22.623160	0.004707	4.4
953	-0.603641	273.301842	22.650206	0.004406	4.2
954	-0.589076	274.091813	22.589571	0.009556	6.0
955	-0.582460	274.754150	22.538982	0.011806	5.9
956	-0.570433	275.754150	22.463030	0.005401	5.7
957	-0.568355	275.236867	22.502255	0.005538	5.4
958	-0.565626	275.240795	22.501956	0.007203	6.2
959	-0.568619	276.239107	22.426381	0.013703	6.1
960	-0.576224	277.239093	22.351186	0.006224	11.3
961	-0.583274	278.239087	22.276493	0.005952	7.2
962	-0.575924	277.763782	22.311933	0.005279	11.0
963	-0.592661	277.234295	22.351546	0.024693	5.7
964	-0.574962	278.234143	22.276861	0.010506	5.8
965	-0.579178	277.679759	22.318210	0.006512	6.4
966	-0.594453	277.125590	22.359696	0.011003	5.9
967	-0.561460	277.991785	22.294918	0.010975	6.4
968	-0.560781	277.437400	22.336334	0.008458	6.1
969	-0.587436	276.883016	22.377904	0.004422	6.2
970	-0.566475	276.329536	22.419560	0.009170	6.4
971	-0.559696	276.521864	22.405068	0.007012	5.9
972	-0.561748	276.825940	22.382192	0.008179	5.8
973	-0.584427	276.271702	22.423922	0.007011	11.3
974	-0.563247	275.717328	22.465818	0.006215	10.9
975	-0.585474	276.716584	22.390414	0.011870	6.0
976	-0.562505	276.164634	22.432001	0.003988	5.9
977	-0.545359	277.031160	22.366780	0.006045	6.1
978	-0.583245	276.598703	22.399283	0.004613	5.9
979	-0.563715	276.076727	22.438639	0.004422	6.1
980	-0.562910	276.774878	22.386030	0.004859	6.2
981	-0.576984	277.077111	22.363332	0.010193	6.2
982	-0.564816	276.555031	22.402570	0.010601	6.3
983	-0.576188	277.555031	22.327533	0.003101	6.7
984	-0.561120	277.048326	22.365492	0.011194	6.2
985	-0.577442	276.506963	22.406190	0.012142	6.2
986	-0.602889	275.952579	22.448020	0.003253	5.9
987	-0.549117	275.479638	22.483829	0.014465	5.8
988	-0.546584	276.414863	22.413128	0.007625	5.3
989	-0.590454	275.863704	22.454741	0.005569	8.8
990	-0.586728	275.984632	22.445597	0.006280	6.4
991	-0.568282	275.445043	22.486453	0.011557	7.1
992	-0.563343	274.919964	22.526353	0.007274	5.9
993	-0.586910	275.919959	22.450486	0.005428	10.0
994	-0.569412	275.612665	22.473745	0.008092	8.0
995	-0.583183	276.188502	22.430200	0.004749	5.9
996	-0.586061	275.874977	22.453888	0.008430	10.0
997	-0.568946	276.773972	22.386098	0.003627	9.3
998	-0.551395	277.068708	22.363963	0.010913	5.7
999	-0.556649	276.920105	22.375118	0.009392	5.8
1000	-0.576781	277.920105	22.300265	0.007037	5.9
1001	-0.575123	278.908554	22.226767	0.004314	11.4
1002	-0.557472	279.032330	22.217597	0.008099	13.1
1003	-0.602751	279.935132	22.150945	0.007448	2.8
1004	-0.581610	280.932295	22.077789	0.006363	10.3
1005	-0.599598	280.802177	22.087307	0.006640	5.8
1006	-0.573525	280.252073	22.127640	0.004380	6.6
1007	-0.603078	279.701383	22.168164	0.004721	6.3
1008	-0.555212	279.210184	22.204435	0.009665	11.0
1009	-0.572437	280.195351	22.131807	0.007802	10.3
1010	-0.567067	279.640966	22.172618	0.013036	5.8
1011	-0.580155	279.086619	22.213578	0.006928	5.9
1012	-0.583072	278.532235	22.254691	0.006710	5.6
1013	-0.578093	278.000938	22.294236	0.006279	6.0
1014	-0.575467	278.536041	22.254409	0.010225	8.4
1015	-0.557228	279.533179	22.180571	0.009162	11.0
1016	-0.584396	278.978794	22.221562	0.008296	6.0
1017	-0.579080	279.978701	22.147738	0.009201	5.9
1018	-0.543367	279.591129	22.176295	0.006249	10.9
1019	-0.579277	280.591079	22.102767	0.005468	6.0
1020	-0.594431	280.165045	22.134034	0.004437	6.3
1021	-0.567104	280.984157	22.073997	0.004754	6.1
1022	-0.579389	280.507287	22.108910	0.009469	5.9
1023	-0.569665	281.506260	22.035899	0.011061	5.8
1024	-0.569194	282.506247	21.963296	0.004861	5.8
1025	-0.602481	282.146102	21.989389	0.005920	11.2
1026	-0.550593	282.856138	21.938005	0.003031	7.2
1027	-0.572679	282.562601	21.959218	0.007763	3.4
1028	-0.570994	282.040818	21.997028	0.008355	9.4
1029	-0.572865	282.770943	21.944158	0.007085	7.7
1030	-0.549848	282.218620	21.984130	0.005833	6.6
1031	-0.558814	281.670506	22.023941	0.009472	6.0
1032	-0.581021	282.089385	21.993503	0.003740	5.9
1033	-0.554844	283.001759	21.927496	0.005467	6.0
1034	-0.549338	283.657827	21.880276	0.006155	6.2
1035	-0.553309	283.107882	21.919844	0.002589	6.3
1036	-0.597372	283.172527	21.915186	0.006908	6.3
1037	-0.582657	282.893981	21.935273	0.007916	6.3
1038	-0.564432	283.638559	21.881660	0.010000	5.8
1039	-0.562455	283.362806	21.901485	0.014040	6.2
1040	-0.563693	284.362806	21.829762	0.011197	9.8
1041	-0.581838	283.871295	21.864956	0.008377	6.2
1042	-0.573140	283.316983	21.904783	0.003691	11.1
1043	-0.575625	283.895386	21.863228	0.013228	9.1
1044	-0.552208	283.473340	21.893534	0.016145	7.3
1045	-0.557862	282.919049	21.933464	0.006355	5.9
1046	-0.560473	282.364667	21.973546	0.007215	5.3
1047	-0.556279	281.820576	22.013027	0.013448	6.0
1048	-0.535445	282.820573	21.940573	0.009806	7.9
1049	-0.589089	282.274424	21.980084	0.005999	6.1
1050	-0.587108	282.539063	21.960921	0.003434	5.8
1051	-0.574033	282.299188	21.978290	0.010201	5.0
1052	-0.554807	281.764307	22.017118	0.004575	5.2
1053	-0.558251	282.762933	21.944736	0.006713	9.7
1054	-0.582048	282.213943	21.984469	0.008556	5.4
1055	-0.606253	283.173373	21.915125	0.008064	6.2
1056	-0.575365	282.687247	21.950205	0.008437	5.9
1057	-0.593602	283.677450	21.878867	0.008567	7.5
1058	-0.565961	284.673787	21.807553	0.013047	10.3
1059	-0.589170	284.119403	21.847176	0.005477	8.0
1060	-0.581648	284.746921	21.802337	0.009294	6.1
1061	-0.605800	284.227255	21.839457	0.007204	9.8
1062	-0.529459	285.227224	21.768141	0.009861	5.8
1063	-0.574847	284.673370	21.807583	0.008792	5.8
1064	-0.567657	285.672713	21.736520	0.006966	5.1
1065	-0.545652	286.657110	21.666970	0.008108	7.0
1066	-0.579371	286.103370	21.706038	0.014274	5.8
1067	-0.593327	285.548991	21.745292	0.008430	5.9
1068	-0.578196	286.548991	21.674587	0.007873	5.4
1069	-0.547293	287.548797	21.604354	0.007231	5.8
1070	-0.570700	288.478728	21.539437	0.006720	8.9
1071	-0.574075	289.474412	21.470360	0.009018	12.4
1072	-0.618966	288.949624	21.506712	0.006056	3.3
1073	-0.559652	289.917771	21.439744	0.006302	6.2
1074	-0.563387	289.365237	21.477913	0.005076	5.9
1075	-0.556691	289.387952	21.476341	0.007834	5.7
1076	-0.574715	288.850589	21.513587	0.010555	9.3
1077	-0.589112	289.850587	21.444378	0.007754	5.3
1078	-0.571967	289.452884	21.471849	0.006511	5.9
1079	-0.574560	288.900253	21.510139	0.008984	8.2
1080	-0.576159	289.900241	21.440953	0.006737	6.1
1081	-0.539350	289.346203	21.479230	0.007487	10.7
1082	-0.563553	288.792263	21.517637	0.011169	5.9
1083	-0.557130	289.792231	21.448404	0.009563	5.9
1084	-0.576607	290.792231	21.379614	0.007862	5.4
1085	-0.564660	291.792225	21.311263	0.010262	5.9
1086	-0.560780	292.684788	21.250624	0.013660	11.3
1087	-0.568281	293.684788	21.183094	0.011699	3.0
1088	-0.542134	294.684788	21.115992	0.006323	6.4
1089	-0.572190	295.684735	21.049317	0.007548	5.8
1090	-0.570963	295.142422	21.085425	0.012142	5.9
1091	-0.574538	296.141932	21.018972	0.005614	6.4
1092	-0.591007	295.588689	21.055703	0.012916	5.6
1093	-0.567859	296.485584	20.996221	0.006179	6.2
1094	-0.586582	297.474199	20.931044	0.018472	11.1
1095	-0.584339	296.972163	20.964091	0.007525	6.2
1096	-0.583324	297.300460	20.942469	0.011018	5.9
1097	-0.572608	298.220015	20.882141	0.007188	5.9
1098	-0.581351	297.665635	20.918470	0.009356	9.1
1099	-0.580751	297.353738	20.938964	0.012522	5.7
1100	-0.589472	298.353738	20.873397	0.006375	6.1
1101	-0.563667	299.353230	20.808273	0.009467	6.3
1102	-0.566491	299.526547	20.797021	0.009038	9.6
1103	-0.575934	298.973397	20.832974	0.008500	4.7
1104	-0.559067	299.973396	20.768068	0.006072	6.0
1105	-0.565867	300.209170	20.752824	0.005644	8.4
1106	-0.562268	299.891403	20.773375	0.006668	5.9
1107	-0.563460	299.338693	20.809217	0.007102	6.1
1108	-0.589223	300.285736	20.747879	0.006747	5.9
1109	-0.588491	301.220655	20.687679	0.006678	7.5
1110	-0.563731	301.480876	20.670985	0.010997	10.4
1111	-0.537843	302.120911	20.630040	0.006406	11.9
1112	-0.566603	301.566638	20.665489	0.010097	4.6
1113	-0.598920	302.537026	20.603507	0.004577	6.9
1114	-0.557143	303.536848	20.540033	0.007682	6.7
1115	-0.550671	304.521918	20.477876	0.005760	11.3
1116	-0.580707	303.972115	20.512521	0.007584	6.6
1117	-0.558413	303.417892	20.547564	0.007839	11.0
1118	-0.561276	302.897683	20.580565	0.010607	6.5
1119	-0.582455	303.897339	20.517242	0.006161	6.2
1120	-0.562482	303.362790	20.551055	0.017108	11.2
1121	-0.588254	304.362790	20.487891	0.007181	5.8
1122	-0.565665	303.808631	20.522846	0.005016	7.2
1123	-0.580656	303.515114	20.541408	0.004806	5.5
1124	-0.540633	303.604679	20.535740	0.009956	6.0
1125	-0.586687	304.597105	20.473147	0.012178	5.9
1126	-0.569846	304.042720	20.508066	0.007899	8.3
1127	-0.571187	305.042720	20.445166	0.008035	8.4
1128	-0.568468	304.793266	20.460820	0.010350	6.3
1129	-0.587518	305.699064	20.404091	0.006577	4.2
1130	-0.581054	306.698611	20.341854	0.007337	7.9
1131	-0.584526	306.341868	20.364023	0.004306	5.7
1132	-0.546715	306.135787	20.376852	0.008954	6.0
1133	-0.576813	306.084279	20.380061	0.009686	4.2
1134	-0.553436	306.870497	20.331190	0.010675	6.0
1135	-0.581948	306.316112	20.365626	0.005002	5.6
1136	-0.584458	306.498435	20.354288	0.008835	6.2
1137	-0.567711	305.950391	20.388406	0.006453	11.0
1138	-0.582298	306.950348	20.326240	0.004795	4.5
1139	-0.567866	306.604271	20.347712	0.004597	4.1
1140	-0.560174	307.339843	20.302128	0.004269	4.7
1141	-0.572777	306.961535	20.325547	0.010927	4.7
1142	-0.568660	307.946905	20.264661	0.010080	4.6
1143	-0.552537	307.392531	20.298870	0.012912	9.9
1144	-0.569075	308.392523	20.237246	0.006784	7.6
1145	-0.578145	309.380983	20.176698	0.006930	12.1
1146	-0.565173	309.765281	20.153256	0.008499	4.9
1147	-0.569855	310.759369	20.092869	0.014548	14.8
1148	-0.564312	311.676318	20.037487	0.006854	1.8
1149	-0.554441	312.676312	19.977437	0.004426	6.3
1150	-0.585846	313.528107	19.926569	0.005833	6.0
1151	-0.573360	314.409746	19.874191	0.006835	5.9
1152	-0.567181	315.241245	19.825044	0.006431	6.0
1153	-0.562039	314.688347	19.857697	0.014644	6.3
1154	-0.545790	315.688347	19.798717	0.005113	11.2
1155	-0.583888	315.133963	19.831371	0.010862	6.0
1156	-0.564382	314.579912	19.864113	0.003801	9.9
1157	-0.590444	315.139785	19.831028	0.005019	5.0
1158	-0.570656	315.179231	19.828701	0.006683	10.1
1159	-0.585513	314.911216	19.844522	0.007908	6.0
1160	-0.574134	315.909797	19.785704	0.004341	6.0
1161	-0.545323	316.830567	19.731777	0.008583	7.7
1162	-0.600283	317.466042	19.694730	0.007521	7.7
1163	-0.557750	316.913994	19.726906	0.004199	6.1
1164	-0.572107	316.418658	19.755865	0.005676	6.0
1165	-0.575782	316.511349	19.750439	0.005434	4.7
1166	-0.608068	316.993730	19.722252	0.008790	4.4
1167	-0.560939	316.470279	19.752843	0.010045	4.5
1168	-0.546656	315.915931	19.785344	0.012293	4.5
1169	-0.560795	316.660793	19.741698	0.003531	4.6
1170	-0.566223	316.119386	19.773403	0.011285	4.4
1171	-0.567702	315.603564	19.803704	0.008254	4.6
1172	-0.578008	315.052198	19.836197	0.009685	6.5
1173	-0.575053	314.522464	19.867515	0.007577	9.2
1174	-0.573051	313.968248	19.900386	0.012593	10.1
1175	-0.576511	313.413885	19.933375	0.007641	5.8
1176	-0.564681	314.413828	19.873949	0.012011	6.0
1177	-0.591991	315.413827	19.814874	0.005770	5.9
1178	-0.590667	316.087850	19.775253	0.007121	7.2
1179	-0.576387	315.534305	19.807780	0.003792	8.0
1180	-0.573895	316.138584	19.772277	0.005065	10.6
1181	-0.576378	315.947061	19.783516	0.004675	2.9
1182	-0.562096	316.090855	19.775076	0.006573	5.9
1183	-0.583190	315.672271	19.799663	0.009061	5.9
1184	-0.574200	316.669304	19.741201	0.009360	5.8
1185	-0.524381	317.668915	19.682933	0.008114	9.1
1186	-0.582478	318.668911	19.624985	0.011420	7.7
1187	-0.578454	319.668869	19.567381	0.011174	5.2
1188	-0.563966	319.114486	19.599275	0.011918	6.2
1189	-0.575321	319.613265	19.570575	0.005247	5.9
1190	-0.556321	320.612862	19.513309	0.007857	5.9
1191	-0.587306	321.612167	19.456394	0.012570	5.9
1192	-0.558149	322.612163	19.399771	0.006530	10.0
1193	-0.590677	323.612163	19.343477	0.006837	4.0
1194	-0.565289	323.132442	19.370442	0.009641	3.5
1195	-0.559224	324.132385	19.314320	0.005831	3.4
1196	-0.554805	323.578554	19.345364	0.004870	3.6
1197	-0.563157	323.612871	19.343437	0.007224	4.0
1198	-0.564860	323.067459	19.374100	0.007258	8.5
1199	-0.570981	322.801542	19.389085	0.006065	5.8
1200	-0.559008	323.569981	19.345845	0.006051	10.0
1201	-0.574465	324.564945	19.290144	0.004391	5.7
1202	-0.570895	324.747921	19.279935	0.006725	5.9
1203	-0.563822	324.231520	19.308774	0.006888	8.0
1204	-0.571747	323.678678	19.339744	0.008216	11.2
1205	-0.556812	323.141637	19.369924	0.007008	8.3
1206	-0.553940	322.828871	19.387544	0.008058	5.8
1207	-0.556724	323.819871	19.331825	0.009007	6.0
1208	-0.584381	323.265552	19.362952	0.008265	6.0
1209	-0.585626	324.026620	19.320241	0.009210	6.4
1210	-0.585524	323.474298	19.351219	0.008567	10.4
1211	-0.567790	322.957455	19.380296	0.005120	6.4
1212	-0.577703	322.695354	19.395076	0.005534	6.3
1213	-0.581448	322.311505	19.416761	0.005326	5.7
1214	-0.565668	323.264795	19.362995	0.010012	5.9
1215	-0.565524	323.275992	19.362365	0.007654	6.1
1216	-0.566228	324.275894	19.306293	0.005920	6.8
1217	-0.553869	323.842872	19.330536	0.006206	7.2
1218	-0.574920	323.632494	19.342336	0.009855	5.6
1219	-0.575236	324.061904	19.318265	0.004028	5.9
1220	-0.592635	323.544566	19.347272	0.016537	6.0
1221	-0.573611	324.501065	19.293710	0.005486	5.9
1222	-0.565848	323.957364	19.324120	0.003858	8.5
1223	-0.570295	323.861367	19.329499	0.003640	5.9
1224	-0.547574	324.583040	19.289134	0.012250	5.8
1225	-0.556001	324.513732	19.293003	0.010385	5.2
1226	-0.563450	323.959347	19.324009	0.006472	5.2
1227	-0.578015	323.505251	19.349480	0.008564	6.0
1228	-0.555328	324.265904	19.306851	0.006057	6.4
1229	-0.586989	325.264254	19.251186	0.013930	6.1
1230	-0.544969	326.264210	19.195751	0.008134	5.8
1231	-0.547925	325.709825	19.226445	0.005000	6.1
1232	-0.558342	325.274918	19.250593	0.006949	10.5
1233	-0.554984	324.722271	19.281365	0.005638	3.0
1234	-0.580432	325.154328	19.257299	0.003696	10.9
1235	-0.543969	324.709537	19.282076	0.008376	6.0
1236	-0.576360	324.180627	19.311621	0.014928	8.5
1237	-0.565523	325.180625	19.255836	0.004523	10.2
1238	-0.560254	324.769378	19.278739	0.009952	6.3
1239	-0.591161	324.316236	19.304037	0.006496	7.2
1240	-0.582076	325.221239	19.253577	0.008142	6.6
1241	-0.569651	326.220297	19.198179	0.012881	9.3
1242	-0.545310	325.665913	19.228881	0.009194	10.7
1243	-0.585599	326.665523	19.173594	0.008885	6.2
1244	-0.579503	327.657106	19.119064	0.005713	11.2
1245	-0.575924	327.103116	19.149491	0.009887	4.8
1246	-0.568347	328.101113	19.094747	0.007210	6.3
1247	-0.550078	329.100960	19.040215	0.006477	5.3
1248	-0.578203	329.081499	19.041273	0.006098	7.3
1249	-0.562270	328.608466	19.067037	0.010470	5.7
1250	-0.552722	328.054205	19.097313	0.006782	5.7
1251	-0.565391	329.053900	19.042774	0.006002	5.9
1252	-0.561544	329.669463	19.009347	0.008001	6.2
1253	-0.556223	329.881630	18.997852	0.008616	5.9
1254	-0.580866	330.881618	18.943864	0.007589	6.0
1255	-0.588500	330.327896	18.973721	0.006663	8.2
1256	-0.547945	330.266271	18.977050	0.002809	5.8
1257	-0.587041	329.915839	18.996000	0.007983	10.1
1258	-0.555134	330.831874	18.946542	0.005970	8.0
1259	-0.570592	330.279294	18.976346	0.011289	7.8
1260	-0.557625	330.146378	18.983529	0.009968	5.7
1261	-0.558282	329.591993	19.013547	0.018081	10.2
1262	-0.557273	330.591993	18.959469	0.007812	7.4
1263	-0.574974	331.591993	18.905697	0.011083	6.1
1264	-0.549766	332.591971	18.852231	0.011969	5.9
1265	-0.565449	332.037586	18.881835	0.006960	11.0
1266	-0.554597	332.772101	18.842632	0.007288	6.0
1267	-0.574931	332.220019	18.872083	0.009419	6.4
1268	-0.568831	333.219887	18.818812	0.007689	5.1
1269	-0.601019	334.219807	18.765838	0.006170	7.6
1270	-0.589836	333.686828	18.794037	0.006057	5.8
1271	-0.598517	334.056086	18.774491	0.005353	8.1
1272	-0.597209	334.502806	18.750900	0.005907	6.0
1273	-0.566812	335.471287	18.699956	0.013843	6.4
1274	-0.559899	334.935500	18.728105	0.006508	6.5
1275	-0.582850	334.381116	18.757320	0.006070	6.2
1276	-0.573186	333.878838	18.783869	0.007806	6.2
1277	-0.570970	333.327482	18.813097	0.008699	5.7
1278	-0.548772	332.774645	18.842496	0.008026	6.6
1279	-0.575687	333.774639	18.789385	0.003517	5.9
1280	-0.560114	334.620252	18.744707	0.006035	5.8
1281	-0.542960	335.542283	18.696233	0.005252	11.0
1282	-0.580682	335.020155	18.723652	0.010337	6.1
1283	-0.570822	334.465781	18.752853	0.009033	6.6
1284	-0.591815	333.911402	18.782145	0.007690	7.3
1285	-0.568863	334.911388	18.729374	0.007620	6.0
1286	-0.567698	334.565034	18.747618	0.010616	6.2
1287	-0.578038	334.010672	18.776893	0.006605	15.7
1288	-0.587868	333.456966	18.806225	0.010149	1.9
1289	-0.570684	334.287956	18.762239	0.005172	10.9
1290	-0.558230	335.169932	18.715778	0.013914	6.6
1291	-0.571260	334.615569	18.744954	0.015865	6.8
1292	-0.561078	335.615569	18.692390	0.004937	6.0
1293	-0.566516	336.614174	18.640194	0.008160	5.9
1294	-0.579862	336.313436	18.655882	0.009245	5.8
1295	-0.575585	337.312879	18.603846	0.009618	6.6
1296	-0.589220	337.026051	18.618750	0.008632	11.0
1297	-0.545391	336.835314	18.628674	0.005099	10.4
1298	-0.577580	336.431401	18.649725	0.006716	6.3
1299	-0.569240	336.225385	18.660481	0.006300	11.3
1300	-0.557353	335.709132	18.687487	0.007213	3.9
1301	-0.553750	336.172739	18.663231	0.010461	8.0
1302	-0.581697	335.618997	18.692211	0.006578	8.0
1303	-0.568575	335.065000	18.721294	0.005456	6.1
1304	-0.561511	334.730919	18.738876	0.014126	5.8
1305	-0.572627	334.176535	18.768125	0.006773	11.7
1306	-0.585305	333.623551	18.797391	0.007721	5.7
1307	-0.577035	334.500112	18.751042	0.005067	5.5
1308	-0.587428	335.483447	18.699318	0.008750	5.8
1309	-0.586669	335.808737	18.682271	0.005259	6.0
1310	-0.607979	335.275479	18.710234	0.011652	4.4
1311	-0.550489	336.251019	18.659142	0.006723	4.4
1312	-0.564671	335.697399	18.688102	0.004190	4.5
1313	-0.555469	335.726824	18.686561	0.007389	5.1
1314	-0.579779	335.824715	18.681434	0.005776	6.1
1315	-0.574565	336.344356	18.654268	0.011301	9.8
1316	-0.574856	336.956933	18.622345	0.007317	6.0
1317	-0.571414	337.952136	18.570714	0.006335	5.9
1318	-0.534208	338.704833	18.531854	0.006582	6.0
1319	-0.557464	339.535682	18.489148	0.008813	6.0
1320	-0.576523	339.007947	18.516251	0.004946	6.2
1321	-0.574993	339.409044	18.495644	0.007060	11.5
1322	-0.555681	340.400021	18.444928	0.006648	5.6
1323	-0.564166	341.242463	18.402032	0.005100	6.7
1324	-0.562884	340.749970	18.427085	0.008955	5.7
1325	-0.592221	340.233171	18.453448	0.006211	13.2
1326	-0.580672	339.714450	18.479984	0.008187	5.4
1327	-0.559876	340.607399	18.434350	0.007832	5.9
1328	-0.578384	340.070187	18.461777	0.006129	12.4
1329	-0.559136	340.791809	18.424954	0.008562	14.1
1330	-0.583275	341.791708	18.374173	0.004607	11.1
1331	-0.570434	342.582053	18.334231	0.011144	13.5
1332	-0.565482	342.028604	18.362182	0.005295	12.2
1333	-0.565343	341.474228	18.390266	0.006963	2.9
1334	-0.597581	341.034496	18.412603	0.005464	6.3
1335	-0.541979	340.482033	18.440743	0.010304	9.5
1336	-0.581005	339.927673	18.469067	0.011278	5.9
1337	-0.578335	340.927673	18.418037	0.016526	5.9
1338	-0.565663	341.927673	18.367289	0.004638	8.0
1339	-0.573085	342.890700	18.318680	0.009899	6.5
1340	-0.574298	342.494570	18.338644	0.008752	5.9
1341	-0.555294	343.494550	18.288332	0.007742	6.0
1342	-0.597224	343.011964	18.312578	0.007795	11.3
1343	-0.561422	342.458976	18.340440	0.009637	9.1
1344	-0.554789	341.946267	18.366348	0.005885	5.7
1345	-0.591500	341.392004	18.394439	0.014840	5.9
1346	-0.588895	341.056327	18.411493	0.007433	8.1
1347	-0.600355	342.056321	18.360781	0.020627	10.9
1348	-0.565071	343.056321	18.310347	0.005765	2.4
1349	-0.579667	342.502254	18.338256	0.005453	5.7
1350	-0.559917	342.044030	18.361402	0.006022	5.8
1351	-0.567252	342.035778	18.361820	0.010222	8.4
1352	-0.569442	342.656178	18.330494	0.004496	11.7
1353	-0.593858	342.746944	18.325920	0.013513	5.6
1354	-0.543888	343.698904	18.278085	0.003974	11.1
1355	-0.546025	344.594426	18.233313	0.005203	6.0
1356	-0.573466	344.211603	18.252425	0.005627	6.2
1357	-0.556546	345.206089	18.202858	0.005158	5.8
1358	-0.570512	345.503925	18.188066	0.015635	5.9
1359	-0.582417	344.950032	18.215595	0.003217	8.3
1360	-0.588043	344.435637	18.241235	0.005256	7.9
1361	-0.556538	344.496602	18.238193	0.008620	5.9
1362	-0.561632	343.942910	18.265864	0.010607	5.8
1363	-0.553542	343.388525	18.293654	0.012170	8.0
1364	-0.596627	344.388525	18.243587	0.005959	4.9
1365	-0.574525	345.388524	18.193794	0.012201	10.4
1366	-0.574959	346.388084	18.144294	0.006656	6.7
1367	-0.582074	347.367396	18.096057	0.010233	10.7
1368	-0.574458	348.205138	18.054996	0.008146	10.1
1369	-0.587421	348.016969	18.064203	0.010170	3.7
1370	-0.570265	349.013928	18.015531	0.007341	6.1
1371	-0.541132	348.470819	18.042013	0.007136	8.7
1372	-0.593729	347.916857	18.069105	0.004387	6.5
1373	-0.593487	347.536533	18.087752	0.013157	6.1
1374	-0.579664	347.616106	18.083847	0.012336	9.5
1375	-0.584639	348.616013	18.034926	0.004619	7.8
1376	-0.602655	349.614979	17.986314	0.005019	5.8
1377	-0.581242	349.243542	18.004358	0.008899	7.0
1378	-0.602371	350.232866	17.956377	0.015746	5.8
1379	-0.563217	351.232866	17.908138	0.009992	6.3
1380	-0.569375	351.914842	17.875388	0.006863	6.3
1381	-0.555257	352.913559	17.827643	0.016245	6.4
1382	-0.575166	353.913559	17.780092	0.007601	6.5
1383	-0.586047	353.414458	17.803793	0.008531	8.9
1384	-0.564664	354.411945	17.756487	0.008526	3.5
1385	-0.568891	353.857598	17.782746	0.004641	5.8
1386	-0.571401	353.455359	17.801848	0.007234	10.5
1387	-0.587730	353.003982	17.823333	0.011882	5.6
1388	-0.558820	354.003799	17.775813	0.010174	6.0
1389	-0.572343	353.449414	17.802131	0.005801	5.9
1390	-0.560491	354.436905	17.755307	0.007590	6.2
1391	-0.584597	353.963779	17.777710	0.006829	5.8
1392	-0.553479	353.409610	17.804023	0.013069	11.2
1393	-0.582826	352.855225	17.830425	0.023472	6.6
1394	-0.557856	353.855225	17.782859	0.015758	6.5
1395	-0.586701	353.301263	17.809177	0.005584	6.1
1396	-0.570139	354.301234	17.761725	0.014077	6.7
1397	-0.557260	353.746887	17.788000	0.008128	6.2
1398	-0.576282	353.194769	17.814245	0.008492	6.0
1399	-0.572786	354.193227	17.766838	0.012712	5.9
1400	-0.565691	355.193104	17.719616	0.013583	5.8
1401	-0.579100	356.193104	17.672639	0.004687	5.1
1402	-0.564519	356.893178	17.639899	0.010346	5.9
1403	-0.575239	356.420209	17.662005	0.005238	6.2
1404	-0.553600	357.404578	17.616059	0.009261	6.0
1405	-0.561885	356.850622	17.641886	0.007997	6.1
1406	-0.556876	356.298803	17.667688	0.008848	5.2
1407	-0.553488	357.298784	17.620986	0.006485	11.5
1408	-0.586310	356.744484	17.646843	0.007855	6.7
1409	-0.545987	357.466639	17.613171	0.007048	5.9
1410	-0.551771	358.466602	17.566757	0.008760	6.9
1411	-0.568746	358.079053	17.584716	0.008512	5.5
1412	-0.564895	358.512104	17.564650	0.011022	6.1
1413	-0.577871	357.957719	17.590346	0.003424	5.8
1414	-0.595476	357.605487	17.606711	0.007372	5.9
1415	-0.577003	357.699458	17.602342	0.007831	6.0
1416	-0.556235	358.687943	17.556516	0.008675	5.9
1417	-0.550962	359.687782	17.510406	0.010818	10.9
1418	-0.557524	359.133399	17.535943	0.006889	6.2
1419	-0.553874	360.133377	17.489934	0.006191	7.3
1420	-0.573463	359.616691	17.513676	0.004737	5.8
1421	-0.559983	359.181354	17.533731	0.005742	5.9
1422	-0.608088	360.079148	17.492422	0.007092	8.6
1423	-0.601037	359.534193	17.517473	0.002957	6.4
1424	-0.562863	359.092404	17.537834	0.011029	6.0
1425	-0.540370	360.056114	17.493480	0.010720	5.9
1426	-0.550970	361.056106	17.447692	0.004682	9.1
1427	-0.574105	361.295335	17.436774	0.009058	7.9
1428	-0.565750	360.762822	17.461096	0.004250	6.1
1429	-0.563320	361.720932	17.417384	0.008099	4.8
1430	-0.573691	362.618026	17.376653	0.008129	6.0
1431	-0.569907	363.612467	17.331725	0.009775	5.9
1432	-0.580408	363.058100	17.356742	0.010950	8.0
1433	-0.585119	364.020623	17.313352	0.010812	7.7
1434	-0.572234	365.020622	17.268501	0.004822	5.9
1435	-0.570453	365.739823	17.236387	0.011866	5.9
1436	-0.580192	366.724343	17.192620	0.005815	8.1
1437	-0.559974	366.169960	17.217238	0.011906	7.9
1438	-0.563259	365.615583	17.241926	0.006058	5.8
1439	-0.553715	366.613417	17.197541	0.009074	6.1
1440	-0.572855	367.015777	17.179707	0.014732	5.8
1441	-0.595935	368.015777	17.135545	0.011715	11.4
1442	-0.607267	367.461392	17.160000	0.009949	5.3
1443	-0.570761	366.918448	17.184018	0.008002	4.8
1444	-0.562921	366.425034	17.205903	0.021322	5.8
1445	-0.569157	365.871347	17.230528	0.010418	8.8
1446	-0.575971	366.803045	17.189131	0.013005	5.9
1447	-0.536979	366.248660	17.213739	0.005220	5.8
1448	-0.576345	365.694899	17.238390	0.006576	5.5
1449	-0.565857	366.549814	17.200363	0.010291	8.4
1450	-0.558144	365.995435	17.225003	0.006802	5.9
1451	-0.610674	365.441146	17.249709	0.003704	10.0
1452	-0.567703	364.961311	17.271155	0.010531	5.8
1453	-0.557766	365.959732	17.226592	0.011310	6.0
1454	-0.571694	365.405348	17.251307	0.006096	5.8
1455	-0.587075	364.854221	17.275948	0.007115	6.5
1456	-0.568890	365.505441	17.246840	0.011257	12.6
1457	-0.545895	364.954738	17.271449	0.010559	1.6
1458	-0.572254	364.400354	17.296293	0.016961	6.3
1459	-0.587537	365.400354	17.251530	0.007991	10.8
1460	-0.544426	366.400354	17.206999	0.009825	7.7
1461	-0.568031	365.845970	17.231658	0.002650	7.9
1462	-0.572339	366.654883	17.195701	0.006430	5.9
1463	-0.548779	366.898656	17.184894	0.013071	10.0
1464	-0.567444	367.871964	17.141882	0.007200	6.7
1465	-0.569937	367.405222	17.162482	0.004540	6.1
1466	-0.578193	367.067207	17.177430	0.007550	6.4
1467	-0.580903	368.009834	17.135807	0.009153	5.8
1468	-0.556542	367.460543	17.160037	0.011957	6.0
1469	-0.591283	367.342877	17.165237	0.006852	5.7
1470	-0.584421	368.342877	17.121149	0.003272	5.8
1471	-0.559602	368.155533	17.129391	0.017050	5.9
1472	-0.594166	367.614279	17.153249	0.004429	5.8
1473	-0.582537	367.070522	17.177284	0.009466	6.1
1474	-0.568260	366.860153	17.186600	0.007083	6.0
1475	-0.578785	366.335583	17.209876	0.010193	8.8
1476	-0.557172	367.247480	17.169454	0.007043	5.6
1477	-0.570471	366.693375	17.193994	0.006206	6.4
1478	-0.574730	367.637271	17.152234	0.006466	5.3
1479	-0.586253	367.213832	17.170943	0.008749	6.2
1480	-0.592684	368.211887	17.126911	0.007220	11.2
1481	-0.578574	369.211853	17.083021	0.007313	1.5
1482	-0.569602	370.211487	17.039370	0.004769	5.8
1483	-0.566493	370.167669	17.041279	0.007236	5.9
1484	-0.595731	369.625656	17.064925	0.020242	11.6
1485	-0.571397	370.625656	17.021350	0.007126	1.6
1486	-0.583998	370.071272	17.045480	0.009336	7.2
1487	-0.573246	369.517154	17.069666	0.004008	5.9
1488	-0.586402	369.117451	17.087155	0.005655	4.9
1489	-0.587186	369.641869	17.064217	0.009807	5.8
1490	-0.562299	369.093608	17.088200	0.005915	5.8
1491	-0.578387	370.092150	17.044570	0.006927	6.0
1492	-0.556168	370.272545	17.036711	0.006879	5.9
1493	-0.557540	371.259976	16.993825	0.011719	6.0
1494	-0.591269	372.256305	16.950771	0.006332	6.3
1495	-0.584420	373.256208	16.907781	0.004330	6.6
1496	-0.583898	374.023580	16.874936	0.005258	9.3
1497	-0.566892	374.888297	16.838077	0.011621	5.8
1498	-0.583950	375.888158	16.795657	0.007241	6.2
1499	-0.568116	376.886210	16.753527	0.006232	4.7
1500	-0.539127	377.883929	16.711622	0.007568	4.4
1501	-0.558566	377.350584	16.733997	0.008591	4.4
1502	-0.583457	376.800073	16.757155	0.006034	4.4
1503	-0.544140	377.789270	16.715589	0.006474	4.4
1504	-0.567193	378.784534	16.673975	0.007960	4.4
1505	-0.562192	379.782684	16.632449	0.007714	5.1
1506	-0.590198	380.768017	16.591658	0.008992	11.0
1507	-0.562930	380.213642	16.614583	0.004841	6.1
1508	-0.564956	381.145802	16.576071	0.018478	6.1
1509	-0.570260	380.591571	16.598948	0.005607	5.9
1510	-0.566046	380.037419	16.621884	0.008741	6.3
1511	-0.577896	379.485791	16.644779	0.006468	7.2
1512	-0.555729	378.937058	16.667616	0.007520	6.1
1513	-0.589832	378.403877	16.689867	0.008289	7.1
1514	-0.552852	378.074388	16.703646	0.011686	6.5
1515	-0.588521	379.074388	16.661895	0.011327	6.8
1516	-0.581833	380.071899	16.620455	0.012021	14.1
1517	-0.563666	379.517514	16.643461	0.010010	3.9
1518	-0.568350	380.517500	16.602010	0.003894	6.4
1519	-0.557448	380.032208	16.622100	0.010316	5.7
1520	-0.550617	379.485738	16.644781	0.011204	11.5
1521	-0.562787	378.931353	16.667854	0.011893	8.0
1522	-0.562862	378.376968	16.690991	0.013905	6.3
1523	-0.589277	379.376968	16.649303	0.006062	6.5
1524	-0.563402	378.822585	16.672388	0.007582	7.1
1525	-0.591959	379.677906	16.636798	0.003439	8.0
1526	-0.583804	380.518560	16.601966	0.023809	5.9
1527	-0.566299	379.964175	16.624920	0.005313	10.1
1528	-0.592523	379.409790	16.647938	0.007090	7.8
1529	-0.542063	379.820796	16.630867	0.009363	6.1
1530	-0.600396	379.266563	16.653895	0.007769	5.1
1531	-0.572113	378.887171	16.669696	0.004675	5.1
1532	-0.563844	378.335171	16.692738	0.006815	5.9
1533	-0.569572	377.875686	16.711967	0.006799	6.5
1534	-0.547704	378.857731	16.670923	0.007076	5.9
1535	-0.565411	379.431314	16.647043	0.007306	9.0
1536	-0.539074	378.877034	16.670118	0.012905	5.8
1537	-0.567419	379.877034	16.628534	0.005375	5.9
1538	-0.559971	379.352302	16.650329	0.004529	5.9
1539	-0.587059	379.364902	16.649805	0.012573	10.3
1540	-0.576002	379.957697	16.625189	0.005908	6.8
1541	-0.581380	379.404407	16.648162	0.007412	7.7
1542	-0.562885	378.852988	16.671121	0.010771	5.8
1543	-0.591333	378.298616	16.694266	0.007471	10.0
1544	-0.553929	379.241831	16.654924	0.007003	7.4
1545	-0.585994	379.496252	16.644344	0.009138	7.9
1546	-0.560118	378.941882	16.667415	0.008840	6.0
1547	-0.579759	379.941873	16.625845	0.006695	5.9
1548	-0.552633	379.545438	16.642300	0.008108	5.8
1549	-0.546491	378.991098	16.665364	0.010893	5.9
1550	-0.576055	378.456050	16.687687	0.009932	5.8
1551	-0.571693	377.901673	16.710879	0.009832	5.8
1552	-0.564032	377.347338	16.734133	0.004229	6.0
1553	-0.569432	378.329307	16.692983	0.013093	13.2
1554	-0.558894	377.777327	16.716089	0.007178	6.2
1555	-0.571664	378.141595	16.700834	0.006584	5.5
1556	-0.575420	378.854074	16.671075	0.008780	5.9
1557	-0.577084	378.301652	16.694139	0.005094	5.8
1558	-0.556260	377.794295	16.715378	0.011742	11.0
1559	-0.569606	378.794258	16.673570	0.008579	5.8
1560	-0.573916	379.794257	16.631968	0.013372	5.8
1561	-0.590690	379.239872	16.655006	0.008034	5.8
1562	-0.552819	378.685487	16.678107	0.011609	5.9
1563	-0.551562	379.684905	16.636508	0.005569	8.9
1564	-0.575654	380.684772	16.595096	0.004450	6.1
1565	-0.584604	380.916704	16.585520	0.009557	5.9
1566	-0.572571	380.461531	16.604324	0.013058	7.7
1567	-0.565693	381.461531	16.563067	0.009031	10.8
1568	-0.563519	382.458669	16.522132	0.005179	8.7
1569	-0.544141	382.933796	16.502698	0.002498	8.1
1570	-0.552183	382.915855	16.503431	0.006735	11.1
1571	-0.582873	383.607033	16.475239	0.011376	11.0
1572	-0.603073	383.069448	16.497158	0.011642	10.8
1573	-0.564548	382.515149	16.519820	0.009864	6.2
1574	-0.566357	383.514413	16.479011	0.012753	5.8
1575	-0.588299	382.960028	16.501626	0.005453	10.1
1576	-0.584483	382.405703	16.524301	0.007746	2.4
1577	-0.555063	381.860806	16.546652	0.007450	6.7
1578	-0.562204	381.462843	16.563013	0.007537	7.8
1579	-0.572932	381.148540	16.575958	0.009802	6.4
1580	-0.544518	380.594223	16.598838	0.003620	11.0
1581	-0.563201	381.063673	16.579457	0.010588	6.3
1582	-0.564755	382.055637	16.538653	0.008412	6.1
1583	-0.555255	381.521653	16.560593	0.004987	4.6
1584	-0.570724	382.113560	16.536277	0.006341	5.9
1585	-0.558686	383.029186	16.498802	0.012962	7.1
1586	-0.576717	382.685294	16.512857	0.009108	5.7
1587	-0.613688	382.527979	16.519294	0.012660	6.3
1588	-0.584116	383.527979	16.478458	0.007995	11.0
1589	-0.568650	384.527979	16.437824	0.009951	6.2
1590	-0.582664	383.973745	16.460320	0.007373	6.5
1591	-0.578996	384.973708	16.419776	0.007791	5.9
1592	-0.553688	385.952777	16.380273	0.010596	10.0
1593	-0.572859	385.398417	16.402617	0.011280	5.8
1594	-0.534805	384.844032	16.425023	0.009113	6.1
1595	-0.558946	384.289809	16.447483	0.015790	6.1
1596	-0.570579	385.289809	16.407001	0.007291	6.0
1597	-0.572053	384.735914	16.429400	0.010282	11.2
1598	-0.578588	385.735914	16.389006	0.004811	8.0
1599	-0.556744	385.184213	16.411267	0.007750	6.0
1600	-0.583489	384.783849	16.427459	0.005897	5.8
1601	-0.578109	385.542584	16.396800	0.007230	5.9
1602	-0.572908	384.989845	16.419124	0.004593	5.8
1603	-0.556658	384.499123	16.438994	0.007133	10.9
1604	-0.585093	385.456978	16.400253	0.005921	3.7
1605	-0.559749	386.441007	16.360644	0.008636	7.2
1606	-0.590971	386.145365	16.372524	0.005835	13.6
1607	-0.563616	387.139602	16.332641	0.008317	6.0
1608	-0.556811	388.133498	16.292964	0.005416	8.1
1609	-0.553749	387.605121	16.314033	0.007758	5.8
1610	-0.587962	387.059519	16.335846	0.008386	6.3
1611	-0.556108	386.505430	16.358058	0.007129	5.9
1612	-0.559365	386.586447	16.354806	0.004557	5.9
1613	-0.559204	386.278283	16.367181	0.008479	5.9
1614	-0.575323	385.777341	16.387337	0.008755	6.1
1615	-0.572197	385.223613	16.409675	0.005287	10.9
1616	-0.550404	384.717699	16.430137	0.005734	1.7
1617	-0.552578	384.434330	16.441621	0.007850	6.3
1618	-0.576422	383.880602	16.464107	0.008207	8.6
1619	-0.573197	383.326426	16.486673	0.005327	10.8
1620	-0.563012	383.073178	16.497005	0.007329	6.8
1621	-0.570383	382.675457	16.513259	0.014181	8.9
1622	-0.579512	382.121282	16.535960	0.007700	6.0
1623	-0.573142	383.121207	16.495045	0.009954	5.7
1624	-0.570766	384.081795	16.455929	0.006310	13.4
1625	-0.553152	383.842395	16.465661	0.004447	1.6
1626	-0.567439	384.796420	16.426950	0.019310	8.8
1627	-0.574968	385.796182	16.386578	0.015266	5.9
1628	-0.549528	385.241797	16.408940	0.006518	8.4
1629	-0.584837	384.687479	16.431361	0.007516	9.7
1630	-0.557809	384.195812	16.451299	0.009882	7.5
1631	-0.563494	385.195733	16.410801	0.008012	8.0
1632	-0.587206	384.653974	16.432718	0.007862	12.0
1633	-0.578194	385.476651	16.399460	0.003546	5.7
1634	-0.576879	385.489356	16.398947	0.005403	6.5
1635	-0.574501	385.125744	16.413629	0.007596	9.7
1636	-0.568812	384.577129	16.435832	0.006559	9.5
1637	-0.561336	385.367659	16.403858	0.004980	8.0
1638	-0.574905	385.034697	16.417310	0.008952	7.9
1639	-0.548850	384.811193	16.426352	0.005231	7.9
1640	-0.565144	385.807991	16.386103	0.012698	6.1
1641	-0.585776	385.253619	16.408463	0.007293	9.8
1642	-0.577400	384.699336	16.430881	0.004540	4.3
1643	-0.575367	384.153166	16.453031	0.005278	3.8
1644	-0.550361	384.390885	16.443383	0.004944	3.6
1645	-0.574029	384.086508	16.455738	0.010139	3.4
1646	-0.577861	385.084042	16.415315	0.008727	8.4
1647	-0.564919	385.190906	16.410996	0.007174	8.0
1648	-0.576895	384.648177	16.432953	0.008515	11.8
1649	-0.570187	384.105172	16.454980	0.006354	3.8
1650	-0.597728	383.556826	16.477283	0.005998	6.5
1651	-0.588990	383.019107	16.499213	0.008098	11.1
1652	-0.563993	383.983176	16.459937	0.007406	3.2
1653	-0.562638	384.981644	16.419455	0.007844	5.9
1654	-0.559177	384.966493	16.420068	0.017940	10.3
1655	-0.559081	384.412108	16.442522	0.012623	5.4
1656	-0.581253	385.412108	16.402064	0.009264	7.7
1657	-0.579375	384.858164	16.424451	0.005926	11.6
1658	-0.585132	384.303793	16.446916	0.005309	10.3
1659	-0.580482	384.404767	16.442820	0.010853	6.0
1660	-0.593060	383.850583	16.465328	0.004131	6.3
1661	-0.582188	383.644042	16.473732	0.007757	5.9
1662	-0.574668	384.379125	16.443860	0.006910	6.0
1663	-0.592671	383.893586	16.463579	0.006815	6.0
1664	-0.551769	384.892927	16.423044	0.008257	6.2
1665	-0.560221	385.891775	16.382728	0.003145	5.4
1666	-0.569597	386.758702	16.347897	0.006531	6.2
1667	-0.563891	386.253244	16.368187	0.010625	5.8
1668	-0.583229	385.701785	16.390382	0.005815	5.2
1669	-0.574795	386.024780	16.377375	0.013781	5.8
1670	-0.572489	387.024778	16.337237	0.015005	6.2
1671	-0.546907	388.024778	16.297295	0.005957	5.9
1672	-0.542737	387.470394	16.319414	0.021874	6.0
1673	-0.579935	386.916009	16.341593	0.009806	5.9
1674	-0.580055	387.915989	16.301631	0.004633	14.3
1675	-0.575950	387.410161	16.321821	0.004560	2.9
1676	-0.578645	386.958153	16.339905	0.005873	9.0
1677	-0.573913	387.623075	16.313316	0.010024	5.1
1678	-0.565376	388.622950	16.273496	0.006687	6.7
1679	-0.574340	388.068566	16.295550	0.007314	6.0
1680	-0.577506	389.037767	16.257033	0.004024	11.4
1681	-0.568929	389.320825	16.245818	0.006375	6.5
1682	-0.589912	388.817819	16.265758	0.014447	10.4
1683	-0.548455	389.627746	16.233675	0.010514	6.4
1684	-0.548563	390.627746	16.194237	0.017549	6.4
1685	-0.573786	391.627746	16.154991	0.014016	5.9
1686	-0.547047	391.073361	16.176725	0.009360	12.3
1687	-0.555402	390.518977	16.198518	0.005673	2.3
1688	-0.575109	391.512853	16.159490	0.007251	9.7
1689	-0.587038	392.362312	16.126283	0.007324	7.1
1690	-0.570856	391.933491	16.143029	0.014859	5.8
1691	-0.569838	392.933491	16.104030	0.006428	10.3
1692	-0.544843	392.379106	16.125627	0.007391	3.9
1693	-0.556666	392.611666	16.116561	0.004344	4.4
1694	-0.560804	392.165655	16.133958	0.006097	4.9
1695	-0.575713	391.679655	16.152959	0.035646	6.1
1696	-0.577926	392.679526	16.113917	0.008180	5.8
1697	-0.588336	392.125141	16.135540	0.004479	5.9
1698	-0.556019	393.121886	16.096704	0.006765	6.1
1699	-0.579446	392.582151	16.117711	0.008919	5.9
1700	-0.555199	392.392881	16.125090	0.004901	5.8
1701	-0.596894	391.848257	16.146362	0.013206	6.2
1702	-0.578955	391.563285	16.157515	0.003332	11.4
1703	-0.595616	391.333917	16.166503	0.003406	8.4
1704	-0.582112	391.036981	16.178153	0.010474	5.6
1705	-0.583886	391.626667	16.155033	0.009111	6.2
1706	-0.586935	391.630834	16.154870	0.007076	11.0
1707	-0.551751	391.763316	16.149685	0.006230	8.9
1708	-0.562678	391.246896	16.169915	0.007859	8.0
1709	-0.591866	392.246720	16.130793	0.008781	5.8
1710	-0.560813	393.245231	16.091911	0.014946	5.7
1711	-0.578309	394.163607	16.056314	0.007661	5.8
1712	-0.579881	395.163607	16.017733	0.003277	6.4
1713	-0.582586	395.389495	16.009043	0.007203	11.4
1714	-0.566801	396.351062	15.972159	0.005287	11.0
1715	-0.543800	397.348457	15.934079	0.007191	9.3
1716	-0.567511	396.799960	15.954998	0.009382	5.9
1717	-0.595423	396.247281	15.976132	0.010149	5.9
1718	-0.562694	397.244949	15.938023	0.007138	5.9
1719	-0.558316	398.244935	15.900007	0.009535	5.9
1720	-0.577756	397.690568	15.921060	0.007490	10.2
1721	-0.571044	398.689661	15.883159	0.010028	3.6
1722	-0.574492	398.135286	15.904167	0.005610	10.3
1723	-0.563286	397.607138	15.924233	0.005467	5.5
1724	-0.575954	398.599496	15.886572	0.010156	6.3
1725	-0.586171	399.525085	15.851605	0.009968	6.5
1726	-0.567482	398.970714	15.872529	0.004140	9.1
1727	-0.572360	399.117380	15.866988	0.004796	7.9
1728	-0.558609	399.653432	15.846768	0.005600	11.1
1729	-0.567845	400.160054	15.827706	0.007772	6.1
1730	-0.576450	401.157266	15.790318	0.006041	7.9
1731	-0.557229	401.787426	15.766783	0.008629	7.9
1732	-0.581784	401.235456	15.787394	0.011013	5.7
1733	-0.581430	402.235456	15.750092	0.008757	7.6
1734	-0.578025	402.722384	15.731993	0.011237	7.0
1735	-0.603886	402.168000	15.752603	0.008108	11.1
1736	-0.562397	403.167996	15.715465	0.009263	6.1
1737	-0.604452	402.613620	15.736032	0.019978	5.9
1738	-0.565668	403.613620	15.698972	0.010130	5.8
1739	-0.582754	404.613620	15.662087	0.010410	6.3
1740	-0.565957	405.613620	15.625374	0.009799	5.8
1741	-0.563124	405.059259	15.645705	0.004375	12.2
1742	-0.593579	404.507016	15.666011	0.012074	5.9
1743	-0.560813	405.276200	15.637743	0.004813	10.9
1744	-0.556015	404.993645	15.648115	0.010051	4.6
1745	-0.575200	404.439760	15.668487	0.005704	10.6
1746	-0.567411	403.928176	15.687351	0.009748	7.6
1747	-0.609678	403.373865	15.707842	0.014573	8.0
1748	-0.566587	402.819481	15.728388	0.005566	6.1
1749	-0.572747	402.400294	15.743960	0.005387	5.9
1750	-0.562789	402.290715	15.748036	0.008543	6.0
1751	-0.563462	401.738610	15.768603	0.012686	5.9
1752	-0.554014	402.738489	15.731395	0.011379	5.9
1753	-0.570681	402.184104	15.752003	0.007471	6.2
1754	-0.562914	401.629960	15.772657	0.006022	11.0
1755	-0.575591	402.613687	15.736029	0.005270	5.6
1756	-0.564269	403.574714	15.700411	0.008798	5.9
1757	-0.567677	404.512441	15.665811	0.005198	5.7
1758	-0.577342	405.378931	15.633975	0.006351	5.9
1759	-0.590246	405.079019	15.644979	0.012078	10.1
1760	-0.585787	404.524635	15.665362	0.010416	11.3
1761	-0.558399	405.524635	15.628634	0.006072	6.4
1762	-0.567066	406.523504	15.592119	0.006710	9.8
1763	-0.576046	407.509464	15.556243	0.007195	7.4
1764	-0.592000	408.296718	15.527716	0.011939	5.8
1765	-0.593499	409.296718	15.491630	0.010892	7.9
1766	-0.578623	408.742333	15.511615	0.017396	5.7
1767	-0.572003	408.187948	15.531651	0.004510	12.1
1768	-0.558795	409.187948	15.495547	0.009235	5.9
1769	-0.565763	408.773231	15.510499	0.005840	5.9
1770	-0.566829	409.758728	15.475014	0.009698	5.8
1771	-0.571947	409.230580	15.494011	0.008398	10.0
1772	-0.556795	408.677977	15.513938	0.011766	4.9
1773	-0.551348	409.674296	15.478048	0.019696	7.5
1774	-0.587504	409.485422	15.484839	0.005139	6.6
1775	-0.600066	410.485422	15.448952	0.003686	6.0
1776	-0.556370	411.135336	15.425717	0.003067	5.2
1777	-0.581627	410.698719	15.441319	0.007162	6.3
1778	-0.555279	411.385942	15.416777	0.007774	6.2
1779	-0.557427	411.973103	15.395870	0.004841	6.6
1780	-0.580459	412.955215	15.361026	0.019692	6.3
1781	-0.573780	413.685487	15.335220	0.003988	5.5
1782	-0.567056	413.508454	15.341468	0.009456	8.3
1783	-0.555873	412.976051	15.360289	0.006115	11.0
1784	-0.561443	412.559059	15.375062	0.003766	6.0
1785	-0.577372	412.029756	15.393855	0.004396	8.7
1786	-0.566267	412.850269	15.364742	0.003547	6.6
1787	-0.573112	413.293949	15.349045	0.003426	8.6
1788	-0.557284	413.414344	15.344791	0.009704	8.0
1789	-0.594243	414.396928	15.310162	0.003942	11.4
1790	-0.585088	415.383363	15.275554	0.006166	5.9
1791	-0.595198	414.992113	15.289262	0.004284	6.5
1792	-0.561737	415.003606	15.288859	0.003423	6.0
1793	-0.539448	414.619828	15.302328	0.005140	6.3
1794	-0.586449	414.622199	15.302245	0.015064	11.5
1795	-0.588230	414.067816	15.321743	0.007752	7.2
1796	-0.572944	415.067629	15.286614	0.007259	6.5
1797	-0.587320	415.865797	15.258685	0.013398	5.9
1798	-0.587559	415.344868	15.276901	0.004529	8.4
1799	-0.572217	416.341590	15.242084	0.009418	5.8
1800	-0.608820	417.338906	15.207405	0.004379	5.7
1801	-0.593822	416.788652	15.226519	0.009126	5.3
1802	-0.561595	416.313340	15.243069	0.012706	6.5
1803	-0.576164	417.313339	15.208292	0.009232	8.3
1804	-0.548885	418.313339	15.173674	0.007515	8.0
1805	-0.554777	418.405028	15.170508	0.006207	5.9
1806	-0.563321	417.860973	15.189315	0.009610	6.1
1807	-0.548753	418.390863	15.170997	0.006205	5.8
1808	-0.574839	418.975106	15.150851	0.005790	5.9
1809	-0.561398	418.459924	15.168613	0.003269	8.0
1810	-0.566520	418.275710	15.174974	0.004599	6.7
1811	-0.544795	417.876729	15.188769	0.005312	6.3
1812	-0.566781	418.773609	15.157793	0.006418	10.9
1813	-0.585132	418.260405	15.175503	0.008952	5.7
1814	-0.575005	419.208061	15.142834	0.006445	5.9
1815	-0.563281	420.205654	15.108595	0.005442	11.1
1816	-0.560961	419.657956	15.127373	0.006062	10.6
1817	-0.578881	420.358889	15.103349	0.007546	9.8
1818	-0.590826	420.313760	15.104894	0.009876	1.6
1819	-0.566389	420.940827	15.083461	0.008730	5.9
1820	-0.573301	421.940739	15.049411	0.009733	6.2
1821	-0.556364	422.940588	15.015517	0.006507	5.9
1822	-0.590745	423.840859	14.985129	0.008432	12.9
1823	-0.569417	424.840824	14.951519	0.008023	6.2
1824	-0.575947	425.840812	14.918059	0.008848	5.7
1825	-0.555827	426.840690	14.884752	0.007903	6.2
1826	-0.586675	426.289727	14.903086	0.006573	5.9
1827	-0.568667	427.057787	14.877540	0.008335	9.9
1828	-0.548050	428.033733	14.845204	0.004443	7.8
1829	-0.563098	428.927470	14.815716	0.012430	6.4
1830	-0.565711	428.413817	14.832649	0.005378	6.6
1831	-0.567544	429.192884	14.806981	0.010654	5.7
1832	-0.570524	428.638509	14.825237	0.009063	8.8
1833	-0.586629	428.090384	14.843331	0.006409	8.2
1834	-0.559607	429.089902	14.810369	0.006296	5.8
1835	-0.559097	429.919425	14.783123	0.005859	11.4
1836	-0.558171	429.721195	14.789625	0.007624	5.8
1837	-0.582580	429.597172	14.793696	0.009138	6.0
1838	-0.566756	429.042795	14.811919	0.014404	6.0
1839	-0.577123	428.519134	14.829174	0.007714	8.5
1840	-0.567625	429.519134	14.796258	0.006794	5.8
1841	-0.591224	428.965065	14.814478	0.008556	5.9
1842	-0.587762	429.950613	14.782101	0.008706	9.8
1843	-0.580283	429.713498	14.789878	0.002684	6.4
1844	-0.564694	429.289570	14.803802	0.010780	6.0
1845	-0.551853	429.433440	14.799073	0.012657	9.7
1846	-0.561677	430.433438	14.766291	0.003619	1.5
1847	-0.563935	430.349418	14.769040	0.008236	9.3
1848	-0.567718	429.827514	14.786137	0.011824	10.8
1849	-0.579626	429.273129	14.804342	0.007466	9.0
1850	-0.566095	430.273095	14.771537	0.009250	7.9
1851	-0.575095	429.726370	14.789455	0.009443	8.0
1852	-0.570953	430.726265	14.756719	0.013668	9.2
1853	-0.598191	430.171880	14.774851	0.006763	6.4
1854	-0.583857	431.171857	14.742177	0.010772	6.0
1855	-0.574131	430.617808	14.760263	0.004851	6.7
1856	-0.587427	431.617703	14.727655	0.005035	5.8
1857	-0.562523	431.129020	14.743574	0.008287	6.0
1858	-0.580418	431.251651	14.739576	0.011097	5.9
1859	-0.611869	430.697267	14.757666	0.008565	6.0
1860	-0.560764	430.142917	14.775800	0.008612	6.0
1861	-0.591968	429.599081	14.793633	0.005607	5.8
1862	-0.583737	429.048758	14.811723	0.006088	11.4
1863	-0.554446	428.503070	14.829704	0.015901	5.3
1864	-0.567229	429.501385	14.796841	0.005348	9.1
1865	-0.564211	430.377068	14.768135	0.007718	5.8
1866	-0.573978	431.277969	14.738718	0.008979	4.7
1867	-0.565638	430.723592	14.756806	0.007465	4.6
1868	-0.580740	431.723581	14.724211	0.006737	5.5
1869	-0.570920	432.723504	14.691761	0.014153	5.9
1870	-0.554715	433.723455	14.659454	0.006335	6.1
1871	-0.546950	433.245299	14.674885	0.005357	6.3
1872	-0.564891	434.222033	14.643398	0.010982	7.1
1873	-0.563136	433.734914	14.659084	0.012437	9.6
1874	-0.522942	434.734911	14.626919	0.005642	5.6
1875	-0.575423	435.730589	14.595032	0.006955	10.0
1876	-0.580346	435.179853	14.612652	0.005335	10.2
1877	-0.602282	436.159509	14.581338	0.006156	5.9
1878	-0.586206	437.120743	14.550744	0.009695	5.8
1879	-0.570134	438.117556	14.519152	0.005451	5.9
1880	-0.608785	438.605220	14.503746	0.007941	5.8
1881	-0.561074	439.548777	14.474031	0.012659	5.8
1882	-0.562642	439.082540	14.488699	0.006661	5.8
1883	-0.585296	438.528156	14.506178	0.006626	6.1
1884	-0.580074	438.945539	14.493015	0.012856	5.2
1885	-0.555978	439.847768	14.464641	0.004427	9.2
1886	-0.551838	440.791081	14.435094	0.004189	9.2
1887	-0.569738	441.033641	14.427515	0.016323	6.9
1888	-0.561691	442.033640	14.396357	0.004987	6.5
1889	-0.571383	443.030637	14.365425	0.010190	8.0
1890	-0.577477	442.483441	14.382385	0.006525	10.8
1891	-0.535222	441.952313	14.398886	0.006970	5.9
1892	-0.552981	442.557193	14.380097	0.005654	5.8
1893	-0.598671	443.245142	14.358788	0.006229	6.2
1894	-0.579772	444.073839	14.333202	0.008216	8.8
1895	-0.563685	443.521414	14.350248	0.004610	6.4
1896	-0.569229	442.969199	14.367328	0.008999	16.0
1897	-0.590294	442.415930	14.384481	0.009511	1.6
1898	-0.587140	441.861547	14.401709	0.007041	5.7
1899	-0.568649	442.861482	14.370664	0.008992	9.7
1900	-0.556257	442.328663	14.387190	0.004270	5.8
1901	-0.576160	443.279831	14.357715	0.016306	10.0
1902	-0.577409	443.867956	14.339550	0.003656	10.9
1903	-0.544711	444.579062	14.317649	0.009932	11.3
1904	-0.602330	445.503948	14.289263	0.010200	4.3
1905	-0.561338	444.949563	14.306264	0.007820	3.5
1906	-0.593280	445.949563	14.275626	0.012897	5.7
1907	-0.578929	446.949486	14.245122	0.007368	5.8
1908	-0.568066	447.949371	14.214749	0.011647	6.3
1909	-0.571629	448.949363	14.184501	0.008322	9.9
1910	-0.573105	448.394978	14.201254	0.010956	8.7
1911	-0.558512	449.394978	14.171064	0.011532	5.9
1912	-0.559399	448.840594	14.187785	0.007146	6.4
1913	-0.581425	449.318553	14.173367	0.002049	6.2
1914	-0.581099	449.460342	14.169095	0.006749	9.3
1915	-0.547697	449.062390	14.181091	0.004452	6.0
1916	-0.553821	448.699791	14.192038	0.010419	10.8
1917	-0.567751	448.911095	14.185657	0.009441	6.7
1918	-0.562614	448.356710	14.202412	0.008417	5.7
1919	-0.585854	449.356050	14.172237	0.012557	5.8
1920	-0.550845	450.356050	14.142170	0.009114	6.2
1921	-0.570464	451.356050	14.112230	0.009514	5.7
1922	-0.570492	450.801666	14.128813	0.009825	9.7
1923	-0.579671	450.942620	14.124593	0.017682	16.5
1924	-0.568510	451.942620	14.094728	0.005802	2.7
1925	-0.597347	451.388244	14.111269	0.002843	7.2
1926	-0.546580	451.288528	14.114248	0.005233	7.9
1927	-0.570705	451.058746	14.121118	0.009615	6.2
1928	-0.615533	451.809499	14.098696	0.006819	5.9
1929	-0.572825	451.283023	14.114413	0.007068	11.1
1930	-0.576945	451.713301	14.101565	0.002681	6.1
1931	-0.556150	451.784520	14.099441	0.007238	9.8
1932	-0.543932	451.429319	14.110042	0.005695	5.4
1933	-0.581438	452.424724	14.080375	0.002320	6.0
1934	-0.564112	452.700765	14.072169	0.005831	5.9
1935	-0.566498	452.666164	14.073197	0.004182	5.9
1936	-0.578509	452.502230	14.078070	0.005721	6.2
1937	-0.595600	452.322890	14.083404	0.006650	6.2
1938	-0.551707	451.928831	14.095139	0.006336	3.8
1939	-0.570223	451.376935	14.111607	0.011887	4.0
1940	-0.569738	452.374727	14.081862	0.005788	5.0
1941	-0.549704	453.374540	14.052182	0.006261	4.4
1942	-0.587279	452.827680	14.068400	0.010995	4.5
1943	-0.573495	452.273295	14.084880	0.005954	4.4
1944	-0.561069	451.719085	14.101393	0.006416	4.5
1945	-0.589091	451.186218	14.117306	0.008297	4.4
1946	-0.584709	450.642265	14.133588	0.006336	10.9
1947	-0.555155	450.249223	14.145376	0.007091	9.5
1948	-0.557552	449.970788	14.153739	0.010740	6.4
1949	-0.563665	450.970786	14.123750	0.016210	6.1
1950	-0.568217	450.416401	14.140360	0.006118	9.8
1951	-0.560959	451.416401	14.110428	0.012146	10.8
1952	-0.567889	450.862192	14.127001	0.010304	6.4
1953	-0.573873	450.309442	14.143569	0.005222	9.1
1954	-0.576772	451.292637	14.114125	0.007637	6.2
1955	-0.574701	450.743222	14.130563	0.012346	6.0
1956	-0.556788	450.190441	14.147141	0.004827	6.2
1957	-0.577467	449.659758	14.163092	0.005727	10.3
1958	-0.571137	450.280629	14.144433	0.008597	11.1
1959	-0.553964	451.277509	14.114577	0.009513	6.2
1960	-0.592303	450.727282	14.131041	0.006160	6.2
1961	-0.576037	450.257338	14.145132	0.005511	10.9
1962	-0.588028	451.141272	14.118650	0.012923	6.5
1963	-0.564133	450.586892	14.135248	0.008928	6.2
1964	-0.577794	451.586892	14.105337	0.012995	5.8
1965	-0.570781	452.586866	14.075554	0.010339	6.0
1966	-0.581147	453.586864	14.045895	0.014272	5.8
1967	-0.546083	453.032479	14.062322	0.005900	6.3
1968	-0.575920	454.032478	14.032719	0.007303	10.2
1969	-0.578389	453.489253	14.048785	0.005803	5.3
1970	-0.577644	452.952841	14.064685	0.004871	8.9
1971	-0.577366	453.877627	14.037295	0.004669	4.7
1972	-0.554464	453.555278	14.046830	0.012994	8.7
1973	-0.563324	454.555185	14.017295	0.006998	6.6
1974	-0.616624	454.001375	14.033638	0.019396	9.3
1975	-0.583533	453.446990	14.050036	0.006422	5.8
1976	-0.565713	454.446360	14.020504	0.007253	5.9
1977	-0.607144	453.932146	14.035684	0.006693	5.9
1978	-0.604208	453.379833	14.052025	0.014413	6.5
1979	-0.594142	452.825681	14.068460	0.006165	10.9
1980	-0.561716	453.804573	14.039455	0.007631	5.9
1981	-0.550349	453.252562	14.055796	0.004730	6.3
1982	-0.541146	452.702832	14.072108	0.009677	5.9
1983	-0.568874	453.697691	14.042616	0.004013	5.9
1984	-0.551775	453.145658	14.058965	0.004393	8.3
1985	-0.573947	453.124218	14.059601	0.005402	5.8
1986	-0.580500	452.596961	14.075254	0.008106	8.5
1987	-0.583166	452.046579	14.091630	0.007057	6.1
1988	-0.556491	452.900409	14.066241	0.010734	5.9
1989	-0.586418	453.758383	14.040821	0.011719	9.9
1990	-0.601550	454.758383	14.011308	0.010868	5.9
1991	-0.572500	455.758383	13.981920	0.005662	6.3
1992	-0.579079	456.751314	13.952861	0.005691	4.2
1993	-0.569501	456.228605	13.968143	0.003772	4.4
1994	-0.593170	456.990213	13.945887	0.010705	4.4
1995	-0.587429	457.396248	13.934050	0.013859	4.4
1996	-0.581120	457.128815	13.941844	0.008260	4.4
1997	-0.601608	456.574653	13.958022	0.010248	4.5
1998	-0.568792	457.525636	13.930283	0.009530	4.4
1999	-0.559314	458.425721	13.904130	0.004566	4.4
