1:ItNr	2:Metric	3:StepSize	4:||Gradient||	Time[ms]
0	-0.667416	627.201626	0.009043	1605.7
1	-0.431857	623.504937	0.005340	10.4
2	-0.302399	619.865785	0.007117	7.2
3	-0.773254	616.282728	0.005990	6.8
4	-0.000000	612.754375	0.000000	6.4
5	-0.225753	609.279381	0.005575	7.1
6	-0.360940	605.856447	0.006802	7.9
7	-0.147642	602.484317	0.004233	6.1
8	-0.433476	599.161779	0.010860	12.2
9	-0.632341	595.887656	0.009619	7.0
10	-0.000000	592.660813	0.000000	9.0
11	-0.259008	589.480151	0.006475	6.6
12	-0.208554	586.344606	0.005639	6.7
13	-0.000002	583.253145	0.000002	6.7
14	-1.058254	580.204771	0.015810	6.7
15	-0.000000	577.198517	0.000000	6.6
16	-0.535771	574.233444	0.006967	6.3
17	-0.320787	571.308645	0.005884	6.7
18	-0.644671	568.423237	0.005127	6.6
19	-0.158304	565.576365	0.006088	6.7
20	-0.266246	562.767201	0.003553	6.6
21	-1.017031	559.994938	0.012353	6.6
22	-0.237172	557.258797	0.008009	10.6
23	-0.178567	554.558018	0.001897	8.0
24	-0.000000	551.891865	0.000000	6.6
25	-0.903334	549.259621	0.010871	14.3
26	-0.204794	546.660592	0.003336	11.1
27	-0.587940	544.094102	0.006094	11.5
28	-0.134524	541.559494	0.005523	6.4
29	-0.003603	539.056129	0.000130	6.7
30	-0.446348	536.583387	0.007275	7.1
31	-1.008912	534.140663	0.012198	6.5
32	-0.328635	531.727370	0.005179	9.4
33	-0.711114	529.342935	0.008767	7.5
34	-0.000000	526.986802	0.000000	8.6
35	-0.000000	524.658430	0.000000	9.0
36	-0.000000	522.357290	0.000000	6.8
37	-1.063021	520.082868	0.017801	6.5
38	-0.402607	517.834665	0.008200	9.3
39	-0.754631	515.612193	0.011699	7.9
40	-0.287223	513.414976	0.006169	6.3
41	-0.000000	511.242551	0.000000	6.9
42	-0.738741	509.094468	0.011767	6.4
43	-0.000000	506.970285	0.000000	6.7
44	-0.333409	504.869574	0.001751	6.6
45	-1.137952	502.791916	0.016310	6.7
46	-0.365015	500.736903	0.003890	6.6
47	-0.110166	498.704137	0.002434	12.0
48	-0.174724	496.693228	0.002024	9.9
49	-0.917750	494.703798	0.012432	11.4
50	-0.498185	492.735476	0.014477	11.7
51	-1.084840	490.787900	0.014972	6.9
52	-0.603415	488.860718	0.006879	7.0
53	-0.488316	486.953585	0.011654	6.7
54	-0.570421	485.066164	0.012252	6.8
55	-0.009703	483.198126	0.000253	8.6
56	-0.876204	481.349149	0.011255	8.0
57	-0.230565	479.518920	0.002869	10.3
58	-1.063105	477.707132	0.014050	7.1
59	-0.111769	475.913485	0.001664	8.2
60	-0.060895	474.137684	0.001440	6.9
61	-0.000000	472.379445	0.000000	6.3
62	-1.077188	470.638485	0.006654	6.8
63	-0.413383	468.914531	0.010155	7.1
64	-0.000000	467.207315	0.000000	6.7
65	-0.999105	465.516573	0.015519	6.6
66	-0.328936	463.842050	0.003631	11.9
67	-0.000000	462.183494	0.000000	9.3
68	-0.000000	460.540658	0.000000	6.5
69	-0.000000	458.913303	0.000000	9.4
70	-0.343311	457.301192	0.008280	6.5
71	-0.000000	455.704096	0.000000	8.3
72	-0.758147	454.121787	0.005137	6.9
73	-1.276477	452.554045	0.015348	6.9
74	-0.714443	451.000653	0.008119	12.0
75	-0.990976	449.461399	0.010197	7.5
76	-0.000000	447.936075	0.000000	6.9
77	-0.412488	446.424477	0.006099	6.5
78	-0.401038	444.926406	0.006543	6.5
79	-0.358007	443.441666	0.011183	6.9
80	-0.633862	441.970065	0.006719	6.7
81	-0.058953	440.511415	0.000895	11.9
82	-0.339347	439.065533	0.008950	6.8
83	-0.314552	437.632238	0.002615	6.7
84	-0.019006	436.211351	0.000365	8.2
85	-0.817338	434.802701	0.009795	7.3
86	-0.806430	433.406117	0.013181	6.9
87	-0.092306	432.021430	0.001677	7.0
88	-1.044312	430.648479	0.009546	7.2
89	-1.248881	429.287101	0.009758	6.7
90	-0.299499	427.937140	0.006361	6.5
91	-1.028993	426.598440	0.007118	6.6
92	-0.886690	425.270849	0.013064	6.9
93	-0.150938	423.954220	0.002439	6.7
94	-0.002330	422.648404	0.000121	7.1
95	-0.915965	421.353259	0.008316	6.9
96	-0.000000	420.068643	0.000000	6.3
97	-1.120773	418.794419	0.010315	6.6
98	-0.949618	417.530451	0.006251	8.2
99	-0.265841	416.276604	0.005758	7.0
100	-0.219895	415.032748	0.006015	6.5
101	-1.254757	413.798754	0.013192	6.5
102	-0.405621	412.574495	0.008279	17.3
103	-1.179798	411.359849	0.017156	2.0
104	-0.006614	410.154691	0.000121	6.6
105	-0.000000	408.958904	0.000000	6.3
106	-0.316920	407.772368	0.004373	6.6
107	-0.000000	406.594968	0.000000	6.3
108	-1.036195	405.426590	0.008705	10.2
109	-0.778729	404.267122	0.009299	6.8
110	-1.052534	403.116456	0.012499	6.9
111	-0.638885	401.974481	0.006510	8.8
112	-0.300461	400.841093	0.007547	12.0
113	-1.271890	399.716187	0.013289	6.7
114	-0.588738	398.599660	0.006014	8.2
115	-0.908252	397.491411	0.009302	6.7
116	-0.650063	396.391342	0.002790	6.7
117	-1.052962	395.299353	0.015685	6.7
118	-0.001440	394.215350	0.000217	6.6
119	-0.030033	393.139238	0.000598	6.7
120	-0.599622	392.070924	0.006305	6.5
121	-0.451329	391.010316	0.006129	8.5
122	-0.305548	389.957325	0.006976	6.7
123	-0.341219	388.911862	0.015278	6.9
124	-1.101641	387.873839	0.010269	6.8
125	-0.000091	386.843173	0.000032	7.5
126	-0.168995	385.819777	0.001288	7.7
127	-0.026436	384.803569	0.000609	8.2
128	-0.000000	383.794468	0.000000	16.1
129	-0.499988	382.792393	0.009527	5.6
130	-0.000000	381.797264	0.000000	8.4
131	-0.000000	380.809005	0.000000	6.7
132	-0.000000	379.827537	0.000000	6.6
133	-0.000000	378.852786	0.000000	6.9
134	-0.153748	377.884678	0.007393	6.7
135	-0.444723	376.923138	0.002456	6.6
136	-0.000000	375.968095	0.000000	6.3
137	-0.000000	375.019479	0.000000	9.6
138	-0.906580	374.077218	0.011686	6.9
139	-1.147872	373.141244	0.014826	7.0
140	-0.759008	372.211489	0.014179	6.7
141	-0.000000	371.287887	0.000000	6.6
142	-0.000000	370.370370	0.000000	6.7
143	-0.322113	369.458876	0.006662	6.8
144	-0.676833	368.553338	0.004204	6.9
145	-0.529742	367.653696	0.008196	6.5
146	-0.213794	366.759885	0.007030	6.8
147	-0.551864	365.871846	0.010983	7.3
148	-0.977866	364.989518	0.011556	7.4
149	-0.920455	364.112841	0.012967	6.6
150	-0.647327	363.241757	0.013203	7.2
151	-1.337295	362.376208	0.009691	13.4
152	-0.213201	361.516137	0.006066	6.2
153	-0.944530	360.661488	0.007640	6.8
154	-0.017628	359.812206	0.001566	6.6
155	-0.317961	358.968236	0.016364	12.1
156	-0.631398	358.129524	0.012160	8.6
157	-0.360628	357.296018	0.001954	6.7
158	-0.000000	356.467665	0.000000	6.4
159	-1.325115	355.644414	0.015756	6.9
160	-0.834661	354.826213	0.007329	7.8
161	-0.541111	354.013012	0.006850	6.5
162	-1.013227	353.204763	0.009682	6.6
163	-0.000000	352.401415	0.000000	6.4
164	-0.949082	351.602922	0.006863	8.5
165	-0.004674	350.809235	0.000041	10.4
166	-0.000000	350.020308	0.000000	9.3
167	-0.312730	349.236095	0.008796	8.0
168	-0.647331	348.456550	0.005108	6.6
169	-0.103875	347.681627	0.001124	7.2
170	-0.905635	346.911283	0.012357	6.4
171	-0.270729	346.145474	0.004829	6.6
172	-0.069972	345.384157	0.000695	7.6
173	-0.520386	344.627288	0.008969	6.3
174	-0.299295	343.874826	0.005067	6.9
175	-0.000000	343.126729	0.000000	6.6
176	-0.000000	342.382957	0.000000	6.8
177	-0.422962	341.643469	0.005866	11.8
178	-0.000000	340.908224	0.000000	6.9
179	-0.920000	340.177184	0.009810	6.7
180	-1.027438	339.450309	0.008302	6.9
181	-0.857966	338.727561	0.012865	7.5
182	-0.957538	338.008902	0.011249	8.9
183	-0.656961	337.294295	0.007188	8.0
184	-0.411028	336.583703	0.007999	6.5
185	-0.886990	335.877089	0.006064	6.5
186	-0.000000	335.174416	0.000000	11.5
187	-0.567681	334.475651	0.008780	6.2
188	-0.000000	333.780756	0.000000	6.8
189	-0.000000	333.089698	0.000000	6.3
190	-0.770912	332.402443	0.009540	11.6
191	-0.475763	331.718955	0.002445	7.3
192	-0.000000	331.039203	0.000000	10.1
193	-0.864919	330.363153	0.014114	6.4
194	-0.312847	329.690771	0.006711	6.5
195	-0.697735	329.022027	0.004420	6.7
196	-0.015948	328.356888	0.000419	6.5
197	-0.227029	327.695322	0.003302	7.0
198	-1.050434	327.037299	0.006920	6.5
199	-0.893739	326.382787	0.005363	6.5
200	-0.046116	325.731758	0.001215	6.6
201	-0.002069	325.084179	0.000399	6.6
202	-0.000000	324.440023	0.000000	6.4
203	-0.611464	323.799258	0.017970	6.7
204	-1.167916	323.161858	0.013780	10.4
205	-0.180978	322.527792	0.001684	6.7
206	-0.927786	321.897034	0.007686	6.5
207	-0.342598	321.269554	0.004640	6.4
208	-0.384716	320.645325	0.004068	11.9
209	-0.000000	320.024320	0.000000	11.9
210	-0.000000	319.406512	0.000000	6.4
211	-0.000000	318.791875	0.000000	4.2
212	-0.000000	318.180381	0.000000	6.4
213	-0.000000	317.572005	0.000000	6.3
214	-0.860740	316.966721	0.016646	6.6
215	-0.000810	316.364504	0.000065	7.6
216	-0.114876	315.765329	0.003007	15.7
217	-0.095976	315.169170	0.001330	8.4
218	-1.352504	314.576003	0.013079	8.9
219	-0.439535	313.985804	0.016942	6.5
220	-0.085841	313.398548	0.000946	6.7
221	-0.000000	312.814213	0.000000	11.4
222	-0.000000	312.232773	0.000000	9.7
223	-0.609723	311.654207	0.017004	7.3
224	-1.000421	311.078491	0.009778	6.6
225	-0.008027	310.505602	0.000633	6.7
226	-0.000321	309.935518	0.000138	6.7
227	-0.818267	309.368217	0.012347	7.1
228	-0.171206	308.803676	0.004474	12.0
229	-0.000000	308.241874	0.000000	7.0
230	-0.123124	307.682789	0.004493	6.7
231	-0.095322	307.126400	0.004158	6.5
232	-0.825418	306.572687	0.005473	6.6
233	-1.044618	306.021627	0.009052	7.7
234	-0.002363	305.473201	0.000171	7.3
235	-0.000000	304.927388	0.000000	6.6
236	-0.403209	304.384168	0.003460	6.7
237	-0.771542	303.843521	0.011501	6.5
238	-1.136054	303.305427	0.011005	6.5
239	-0.602947	302.769867	0.007448	6.7
240	-0.656407	302.236821	0.010114	6.7
241	-0.640984	301.706270	0.006485	6.6
242	-0.936524	301.178196	0.008064	10.0
243	-0.930458	300.652580	0.018612	6.9
244	-0.221652	300.129402	0.001134	6.6
245	-0.300741	299.608645	0.002029	6.9
246	-0.832332	299.090291	0.005867	6.5
247	-0.000000	298.574321	0.000000	6.3
248	-1.141332	298.060718	0.004796	6.7
249	-0.000000	297.549465	0.000000	6.6
250	-0.013583	297.040543	0.000508	6.3
251	-1.036995	296.533936	0.011192	6.6
252	-0.596796	296.029626	0.006804	13.9
253	-0.754212	295.527597	0.004704	5.4
254	-1.078198	295.027832	0.007335	6.7
255	-0.000000	294.530315	0.000000	6.5
256	-1.274511	294.035028	0.018843	12.4
257	-0.280500	293.541956	0.004819	10.3
258	-0.657562	293.051083	0.006548	6.6
259	-0.214853	292.562393	0.004685	6.4
260	-0.418231	292.075870	0.005389	6.9
261	-0.260698	291.591498	0.004331	9.7
262	-0.143919	291.109263	0.007410	6.4
263	-0.000063	290.629149	0.000027	6.6
264	-0.603300	290.151140	0.008335	6.8
265	-0.700772	289.675222	0.009891	6.5
266	-1.035924	289.201380	0.010758	6.7
267	-1.146791	288.729600	0.011314	6.6
268	-0.206339	288.259866	0.002240	6.8
269	-0.428727	287.792165	0.005625	10.5
270	-0.000000	287.326481	0.000000	8.0
271	-0.509113	286.862802	0.008482	6.3
272	-0.318847	286.401113	0.009314	9.6
273	-0.518523	285.941400	0.005669	6.5
274	-0.000596	285.483649	0.000164	6.8
275	-1.027422	285.027847	0.011626	6.7
276	-0.001146	284.573981	0.000027	6.5
277	-0.000000	284.122037	0.000000	6.7
278	-1.299187	283.672002	0.024543	10.8
279	-0.623801	283.223863	0.004674	5.8
280	-0.252653	282.777607	0.011192	6.7
281	-0.103884	282.333221	0.001992	7.1
282	-0.535686	281.890692	0.005158	13.1
283	-0.837634	281.450008	0.008901	3.0
284	-0.943830	281.011157	0.015591	9.3
285	-0.161180	280.574125	0.001522	6.3
286	-0.000000	280.138901	0.000000	6.4
287	-0.811968	279.705473	0.006241	12.2
288	-0.813719	279.273829	0.008897	11.9
289	-0.479884	278.843956	0.003313	6.8
290	-0.180171	278.415844	0.004125	6.5
291	-0.000000	277.989479	0.000000	6.4
292	-1.199840	277.564851	0.010702	7.0
293	-1.036857	277.141949	0.010271	6.6
294	-0.241137	276.720761	0.004216	6.8
295	-0.615495	276.301275	0.008425	13.2
296	-0.993739	275.883480	0.006275	9.2
297	-0.783321	275.467366	0.009486	7.3
298	-0.000000	275.052922	0.000000	6.7
299	-0.000000	274.640136	0.000000	6.7
300	-0.000000	274.228998	0.000000	6.5
301	-0.029681	273.819497	0.001671	6.3
302	-0.614556	273.411623	0.013442	6.3
303	-0.000000	273.005365	0.000000	6.4
304	-0.000000	272.600712	0.000000	6.6
305	-0.402061	272.197655	0.008252	6.3
306	-0.691248	271.796184	0.011423	6.4
307	-0.526344	271.396287	0.009576	6.6
308	-1.409560	270.997956	0.020632	6.6
309	-0.343224	270.601180	0.004571	11.4
310	-0.500612	270.205949	0.008463	6.8
311	-0.000000	269.812254	0.000000	11.5
312	-0.616555	269.420085	0.011223	11.8
313	-0.949461	269.029432	0.008752	9.8
314	-0.514389	268.640287	0.010089	6.7
315	-0.000000	268.252638	0.000000	6.5
316	-0.617114	267.866478	0.008902	6.6
317	-0.362678	267.481796	0.010262	6.6
318	-0.000000	267.098584	0.000000	6.5
319	-0.494579	266.716833	0.004001	6.4
320	-0.353355	266.336533	0.004079	6.7
321	-0.000122	265.957676	0.000039	7.5
322	-0.340709	265.580253	0.006429	10.1
323	-0.007372	265.204254	0.002123	6.5
324	-0.946014	264.829672	0.009296	9.3
325	-1.441908	264.456497	0.010312	7.9
326	-0.836116	264.084721	0.009313	9.7
327	-0.146037	263.714335	0.000928	8.6
328	-1.225288	263.345332	0.016206	6.3
329	-0.842313	262.977702	0.012767	6.6
330	-0.000000	262.611438	0.000000	6.5
331	-0.981307	262.246531	0.010467	6.7
332	-0.958504	261.882973	0.008606	7.5
333	-1.162088	261.520756	0.007351	6.5
334	-0.112051	261.159871	0.001997	9.0
335	-0.000000	260.800312	0.000000	6.7
336	-0.411280	260.442070	0.013862	6.7
337	-0.700061	260.085137	0.011600	6.3
338	-1.195012	259.729505	0.006988	6.4
339	-0.000470	259.375167	0.000075	12.0
340	-0.812637	259.022116	0.008525	6.0
341	-0.293113	258.670343	0.004014	6.8
342	-1.050764	258.319841	0.009461	6.3
343	-0.000000	257.970602	0.000000	6.9
344	-0.476729	257.622620	0.007852	10.3
345	-0.930824	257.275887	0.011677	7.0
346	-0.548219	256.930396	0.010841	6.9
347	-0.479113	256.586139	0.008552	10.2
348	-0.219250	256.243109	0.003730	7.8
349	-0.929694	255.901300	0.007158	8.0
350	-0.153202	255.560703	0.002527	6.6
351	-0.889029	255.221313	0.014720	6.8
352	-0.678327	254.883122	0.010160	6.6
353	-0.000000	254.546124	0.000000	6.3
354	-0.536993	254.210311	0.003825	6.6
355	-0.000777	253.875677	0.000145	6.8
356	-0.726287	253.542215	0.007319	6.6
357	-0.242272	253.209918	0.005103	6.9
358	-0.295361	252.878781	0.004043	6.6
359	-0.035987	252.548795	0.001723	6.5
360	-0.623428	252.219956	0.013315	7.1
361	-0.054870	251.892255	0.000682	12.9
362	-1.083242	251.565688	0.006537	7.0
363	-0.085991	251.240247	0.002641	9.9
364	-0.488073	250.915926	0.007295	6.5
365	-1.230703	250.592720	0.013143	12.0
366	-0.325331	250.270621	0.005463	11.7
367	-0.000000	249.949624	0.000000	5.9
368	-0.000000	249.629723	0.000000	7.2
369	-0.551942	249.310911	0.009761	6.8
370	-0.286074	248.993182	0.006710	6.6
371	-1.114017	248.676531	0.009028	6.7
372	-0.047343	248.360952	0.001219	6.6
373	-0.000000	248.046438	0.000000	8.8
374	-0.000000	247.732984	0.000000	12.0
375	-0.751800	247.420584	0.007585	6.4
376	-0.962335	247.109233	0.010120	6.7
377	-0.465977	246.798924	0.009014	6.7
378	-0.000000	246.489652	0.000000	6.8
379	-0.113973	246.181412	0.003551	6.6
380	-0.125203	245.874197	0.001890	6.8
381	-0.271967	245.568002	0.004314	6.6
382	-0.000000	245.262822	0.000000	8.8
383	-0.289860	244.958652	0.001936	6.7
384	-0.344341	244.655485	0.003732	6.6
385	-0.775410	244.353317	0.004442	6.5
386	-0.556014	244.052142	0.006273	12.8
387	-0.277538	243.751955	0.004202	5.7
388	-0.286999	243.452750	0.005704	6.5
389	-1.197490	243.154523	0.008997	10.7
390	-0.271295	242.857268	0.004533	6.9
391	-0.214915	242.560980	0.005163	11.7
392	-0.484014	242.265654	0.002035	6.6
393	-0.508946	241.971285	0.007867	6.6
394	-0.720488	241.677868	0.009412	6.6
395	-0.851930	241.385397	0.010195	6.4
396	-0.420270	241.093869	0.009244	6.5
397	-0.120193	240.803278	0.004012	6.7
398	-0.996334	240.513619	0.010202	16.8
399	-0.323801	240.224887	0.008450	3.0
400	-0.587266	239.937077	0.006508	6.4
401	-0.000727	239.650186	0.000012	6.3
402	-0.000000	239.364207	0.000000	7.0
403	-0.000432	239.079136	0.000065	6.6
404	-0.000000	238.794969	0.000000	7.3
405	-0.801842	238.511701	0.008481	6.4
406	-0.383848	238.229327	0.005654	7.3
407	-1.155166	237.947843	0.019509	6.9
408	-0.284406	237.667244	0.009413	6.6
409	-0.482316	237.387526	0.006476	6.7
410	-0.491465	237.108684	0.006164	6.8
411	-0.187183	236.830714	0.002358	6.5
412	-1.108333	236.553610	0.009054	6.6
413	-0.000000	236.277370	0.000000	8.9
414	-0.369621	236.001989	0.002467	7.2
415	-0.446566	235.727461	0.003595	9.1
416	-0.860831	235.453784	0.008544	6.4
417	-0.239683	235.180952	0.008208	6.0
418	-0.000000	234.908962	0.000000	11.2
419	-0.116013	234.637809	0.003693	7.2
420	-1.186839	234.367488	0.009292	6.7
421	-0.002465	234.097997	0.000172	6.5
422	-0.397008	233.829331	0.011322	6.6
423	-0.983314	233.561485	0.007418	6.9
424	-0.000000	233.294456	0.000000	7.2
425	-0.640227	233.028239	0.009931	6.9
426	-0.992131	232.762831	0.014130	12.1
427	-0.605841	232.498228	0.008944	11.5
428	-0.000000	232.234425	0.000000	6.5
429	-0.746233	231.971419	0.007387	11.8
430	-1.061214	231.709205	0.012932	6.9
431	-0.927364	231.447781	0.006458	6.3
432	-0.361274	231.187141	0.006571	6.9
433	-0.901429	230.927283	0.010021	11.5
434	-1.280857	230.668202	0.019268	9.9
435	-0.553485	230.409895	0.014520	7.9
436	-0.005063	230.152358	0.000330	6.8
437	-0.755247	229.895587	0.009422	13.7
438	-0.919264	229.639578	0.010728	6.9
439	-0.917184	229.384329	0.007250	6.8
440	-0.000000	229.129834	0.000000	6.5
441	-1.324385	228.876091	0.021563	6.4
442	-0.944445	228.623096	0.009037	6.7
443	-0.000000	228.370846	0.000000	12.1
444	-0.399832	228.119336	0.004863	6.8
445	-0.000000	227.868563	0.000000	6.5
446	-0.492805	227.618525	0.005747	6.3
447	-0.490089	227.369216	0.005755	6.8
448	-0.000000	227.120635	0.000000	6.6
449	-0.416777	226.872777	0.002623	13.4
450	-1.081929	226.625638	0.011238	6.9
451	-0.013619	226.379217	0.000813	7.1
452	-1.231168	226.133509	0.010693	6.6
453	-1.158169	225.888510	0.007499	6.5
454	-0.345855	225.644218	0.005396	6.6
455	-0.000000	225.400630	0.000000	8.8
456	-0.245324	225.157741	0.005789	6.9
457	-0.648297	224.915549	0.009980	9.0
458	-0.000000	224.674051	0.000000	6.8
459	-0.000000	224.433242	0.000000	6.6
460	-0.849003	224.193121	0.010749	6.9
461	-1.438191	223.953684	0.008582	6.7
462	-0.031164	223.714927	0.001020	6.5
463	-0.362049	223.476848	0.003297	14.4
464	-0.864675	223.239444	0.009157	4.2
465	-1.261203	223.002710	0.021655	6.7
466	-0.195267	222.766645	0.003585	6.6
467	-0.621158	222.531245	0.005704	6.5
468	-0.203295	222.296508	0.004459	6.5
469	-0.223490	222.062429	0.006438	6.7
470	-0.646012	221.829007	0.007948	10.3
471	-1.317123	221.596238	0.009393	6.8
472	-1.393135	221.364119	0.016326	6.8
473	-0.709658	221.132647	0.006022	6.9
474	-0.000641	220.901820	0.000146	9.9
475	-0.223298	220.671634	0.004271	6.8
476	-0.535962	220.442086	0.004283	8.6
477	-0.930492	220.213174	0.006955	9.3
478	-0.165673	219.984895	0.003686	7.0
479	-0.000000	219.757246	0.000000	6.5
480	-0.444183	219.530224	0.008676	14.3
481	-0.881419	219.303826	0.006001	10.2
482	-0.735955	219.078050	0.005681	6.9
483	-0.929282	218.852893	0.014973	6.6
484	-0.000415	218.628352	0.000044	6.4
485	-0.000000	218.404424	0.000000	9.6
486	-0.624249	218.181106	0.003934	11.8
487	-0.804702	217.958397	0.010141	6.2
488	-0.584969	217.736292	0.007289	8.1
489	-0.000000	217.514790	0.000000	9.3
490	-0.948363	217.293888	0.009248	6.5
491	-0.180861	217.073584	0.002412	7.0
492	-0.896682	216.853873	0.008506	6.6
493	-0.000000	216.634755	0.000000	6.5
494	-1.374025	216.416227	0.008021	12.3
495	-0.514999	216.198285	0.005375	7.0
496	-0.000000	215.980927	0.000000	6.6
497	-0.000000	215.764151	0.000000	6.4
498	-0.917799	215.547955	0.007124	6.6
499	-1.230234	215.332335	0.013631	6.9
500	-1.220797	215.117289	0.014429	6.4
501	-0.805930	214.902815	0.007855	8.7
502	-1.068671	214.688911	0.015736	6.6
503	-0.321296	214.475573	0.006128	9.3
504	-1.349806	214.262800	0.007855	6.9
505	-0.185075	214.050588	0.002597	6.9
506	-0.202524	213.838936	0.007588	6.5
507	-1.040890	213.627842	0.007514	6.5
508	-0.702346	213.417302	0.014019	6.4
509	-0.000000	213.207314	0.000000	10.5
510	-0.000000	212.997877	0.000000	6.4
511	-0.799700	212.788987	0.010369	11.9
512	-0.577748	212.580642	0.012787	6.9
513	-0.719141	212.372841	0.006559	6.4
514	-0.589353	212.165581	0.007866	11.8
515	-0.000000	211.958859	0.000000	9.1
516	-0.018653	211.752673	0.000520	8.8
517	-0.151062	211.547021	0.003738	7.6
518	-0.447998	211.341902	0.012783	6.6
519	-0.505180	211.137311	0.006110	6.9
520	-0.000000	210.933248	0.000000	9.0
521	-1.155434	210.729710	0.015045	7.1
522	-0.435736	210.526695	0.006270	8.8
523	-0.538055	210.324200	0.012164	6.4
524	-0.946218	210.122224	0.004905	6.8
525	-0.953010	209.920765	0.003461	6.4
526	-0.925322	209.719820	0.007294	6.7
527	-0.000000	209.519387	0.000000	11.8
528	-0.411283	209.319463	0.009257	7.0
529	-0.000000	209.120048	0.000000	10.5
530	-0.789595	208.921139	0.016155	6.5
531	-0.719217	208.722733	0.007214	6.6
532	-0.000001	208.524829	0.000001	6.8
533	-0.000000	208.327425	0.000000	6.3
534	-0.113856	208.130518	0.002258	6.6
535	-0.000000	207.934107	0.000000	6.8
536	-1.386958	207.738189	0.011024	6.7
537	-0.257025	207.542762	0.003090	6.6
538	-0.000000	207.347825	0.000000	6.5
539	-0.000000	207.153376	0.000000	6.2
540	-0.000000	206.959412	0.000000	10.0
541	-0.415452	206.765932	0.013674	7.0
542	-0.170299	206.572933	0.003202	6.8
543	-0.614592	206.380414	0.004611	6.5
544	-0.710986	206.188373	0.005894	6.7
545	-1.191668	205.996807	0.017838	6.6
546	-0.072550	205.805716	0.000481	7.6
547	-0.188775	205.615096	0.002326	10.4
548	-0.226800	205.424946	0.005263	13.4
549	-0.000000	205.235265	0.000000	6.6
550	-0.904218	205.046050	0.006258	11.6
551	-0.297118	204.857299	0.008154	6.8
552	-0.383125	204.669011	0.004789	9.3
553	-1.385396	204.481184	0.007373	12.4
554	-0.000005	204.293816	0.000003	6.1
555	-0.984173	204.106905	0.005228	9.3
556	-1.037158	203.920449	0.008692	6.6
557	-1.110271	203.734447	0.005452	9.3
558	-0.940434	203.548896	0.010413	6.6
559	-0.000000	203.363795	0.000000	6.5
560	-0.501079	203.179143	0.010548	6.6
561	-0.202908	202.994937	0.002175	6.6
562	-1.030154	202.811176	0.012462	6.6
563	-0.784408	202.627857	0.006625	6.9
564	-0.000000	202.444980	0.000000	6.4
565	-0.595694	202.262543	0.007154	12.0
566	-0.006939	202.080543	0.000539	7.1
567	-0.454063	201.898979	0.009945	6.5
568	-0.000000	201.717849	0.000000	7.6
569	-0.431057	201.537153	0.013601	6.8
570	-0.923207	201.356887	0.008049	8.3
571	-0.669090	201.177050	0.005594	6.8
572	-0.000000	200.997642	0.000000	10.0
573	-0.206083	200.818659	0.002226	11.8
574	-1.285997	200.640100	0.006367	12.1
575	-0.125679	200.461965	0.003973	5.8
576	-0.134779	200.284250	0.001358	6.3
577	-0.443963	200.106955	0.012849	11.9
578	-1.151356	199.930078	0.010862	8.2
579	-0.000000	199.753617	0.000000	6.7
580	-0.002835	199.577571	0.000331	6.7
581	-0.000027	199.401938	0.000012	9.2
582	-0.875356	199.226717	0.004112	6.9
583	-0.502870	199.051905	0.005410	8.9
584	-1.052399	198.877502	0.007404	6.7
585	-0.484549	198.703506	0.009068	6.9
586	-0.847749	198.529916	0.009780	10.3
587	-0.435298	198.356729	0.009263	6.7
588	-0.830458	198.183944	0.008633	6.9
589	-0.142500	198.011560	0.002125	11.7
590	-0.000000	197.839576	0.000000	6.7
591	-0.000049	197.667989	0.000025	6.6
592	-0.000000	197.496798	0.000000	6.4
593	-0.864722	197.326002	0.004787	9.7
594	-1.041474	197.155600	0.005230	7.1
595	-0.167645	196.985589	0.002176	8.8
596	-0.050241	196.815969	0.000537	6.5
597	-0.749862	196.646738	0.006653	11.9
598	-0.446532	196.477894	0.008135	6.5
599	-1.055953	196.309436	0.011604	6.6
600	-0.586536	196.141363	0.008223	11.1
601	-0.455980	195.973673	0.007482	7.8
602	-0.052948	195.806365	0.001964	6.9
603	-0.145919	195.639437	0.001599	6.8
604	-0.550720	195.472888	0.007175	11.3
605	-1.395877	195.306717	0.011442	6.8
606	-0.761128	195.140922	0.010296	6.8
607	-0.000000	194.975501	0.000000	6.5
608	-0.784944	194.810454	0.006548	6.6
609	-0.676791	194.645779	0.018533	6.7
610	-0.997247	194.481475	0.011408	6.6
611	-0.000000	194.317540	0.000000	6.8
612	-0.929754	194.153973	0.011631	6.7
613	-0.363066	193.990773	0.006071	6.6
614	-0.527399	193.827938	0.008058	6.7
615	-0.452129	193.665467	0.009160	13.1
616	-0.868645	193.503358	0.005633	4.7
617	-0.156742	193.341611	0.004966	6.6
618	-1.191870	193.180224	0.010235	6.5
619	-0.523860	193.019196	0.007978	6.7
620	-0.891101	192.858525	0.005720	6.7
621	-0.239050	192.698210	0.004597	6.8
622	-0.949522	192.538251	0.012537	6.6
623	-0.756435	192.378644	0.009544	9.5
624	-0.604028	192.219391	0.016630	12.2
625	-0.761337	192.060488	0.008051	7.0
626	-0.376409	191.901935	0.003458	6.7
627	-0.569866	191.743730	0.004375	9.9
628	-1.308763	191.585873	0.007913	7.8
629	-1.134190	191.428362	0.013664	6.6
630	-1.466364	191.271196	0.012597	7.4
631	-0.333627	191.114374	0.007553	6.6
632	-0.262587	190.957893	0.002708	7.0
633	-0.000000	190.801755	0.000000	7.0
634	-0.595273	190.645956	0.006417	7.9
635	-0.951631	190.490495	0.008903	7.7
636	-0.000000	190.335373	0.000000	9.4
637	-0.100962	190.180587	0.002379	7.8
638	-0.420143	190.026136	0.009763	7.3
639	-0.029876	189.872019	0.001316	6.4
640	-0.000000	189.718235	0.000000	6.3
641	-0.000000	189.564782	0.000000	8.1
642	-0.316044	189.411661	0.008069	8.4
643	-0.000000	189.258868	0.000000	11.4
644	-0.000000	189.106404	0.000000	6.5
645	-0.386500	188.954267	0.010468	6.4
646	-0.976129	188.802456	0.015541	6.9
647	-1.172759	188.650969	0.015412	6.6
648	-0.617533	188.499807	0.010015	6.7
649	-0.000000	188.348967	0.000000	10.5
650	-0.000000	188.198448	0.000000	7.3
651	-0.097432	188.048250	0.003155	6.9
652	-1.190706	187.898371	0.017510	7.0
653	-0.333398	187.748810	0.005373	6.4
654	-0.235875	187.599566	0.006214	8.2
655	-1.308839	187.450638	0.014799	8.6
656	-0.596644	187.302025	0.004626	7.0
657	-1.011966	187.153725	0.006449	6.5
658	-1.293104	187.005739	0.010284	6.8
659	-0.000000	186.858064	0.000000	6.4
660	-0.857851	186.710699	0.007844	6.5
661	-0.000291	186.563645	0.000055	9.8
662	-0.055681	186.416898	0.001173	6.6
663	-1.137978	186.270459	0.006162	9.4
664	-1.022882	186.124326	0.008674	6.5
665	-0.760210	185.978499	0.010293	6.9
666	-1.257624	185.832976	0.011501	6.7
667	-1.013142	185.687756	0.009127	6.9
668	-0.000000	185.542838	0.000000	12.0
669	-0.220538	185.398222	0.004431	8.7
670	-0.000000	185.253906	0.000000	11.5
671	-0.000000	185.109889	0.000000	8.9
672	-0.248896	184.966170	0.003234	6.0
673	-1.348230	184.822748	0.008283	6.4
674	-1.096610	184.679623	0.011159	11.4
675	-0.805032	184.536792	0.005299	8.4
676	-1.267012	184.394256	0.009000	6.5
677	-0.000000	184.252013	0.000000	6.8
678	-0.500486	184.110062	0.017125	6.7
679	-0.365152	183.968403	0.009692	8.2
680	-0.242069	183.827034	0.009049	11.6
681	-1.071829	183.685954	0.007346	7.9
682	-0.408396	183.545163	0.002086	6.6
683	-0.846113	183.404658	0.011746	11.5
684	-0.388255	183.264441	0.003247	6.7
685	-0.843487	183.124509	0.010070	6.7
686	-1.033694	182.984861	0.010712	6.7
687	-1.010657	182.845497	0.008796	6.6
688	-0.039507	182.706416	0.000873	6.6
689	-1.066482	182.567616	0.018048	6.3
690	-0.004061	182.429098	0.000275	6.9
691	-0.000000	182.290859	0.000000	6.2
692	-0.194129	182.152899	0.003034	8.7
693	-0.000000	182.015217	0.000000	8.4
694	-0.593112	181.877813	0.003891	11.5
695	-0.094092	181.740684	0.000976	6.7
696	-0.000000	181.603832	0.000000	6.6
697	-0.000000	181.467253	0.000000	6.6
698	-1.305657	181.330948	0.008517	8.0
699	-0.987148	181.194916	0.010226	6.3
700	-0.024083	181.059155	0.000379	6.7
701	-1.367129	180.923666	0.008519	7.0
702	-0.081018	180.788446	0.005248	6.8
703	-0.000000	180.653496	0.000000	7.1
704	-1.064667	180.518814	0.018566	6.9
705	-0.000000	180.384399	0.000000	6.7
706	-0.000000	180.250251	0.000000	14.3
707	-0.423682	180.116369	0.008775	6.4
708	-0.000000	179.982752	0.000000	7.0
709	-0.000000	179.849398	0.000000	6.4
710	-0.903133	179.716308	0.012764	7.0
711	-0.929813	179.583480	0.011568	6.7
712	-0.943746	179.450913	0.004517	6.7
713	-0.886405	179.318607	0.005996	6.8
714	-0.239052	179.186561	0.003064	6.7
715	-0.943232	179.054774	0.008015	6.9
716	-0.333252	178.923245	0.011055	6.8
717	-0.762624	178.791973	0.010979	6.7
718	-0.000000	178.660958	0.000000	6.3
719	-0.000000	178.530199	0.000000	6.7
720	-1.016554	178.399694	0.006751	7.3
721	-0.705043	178.269444	0.009787	10.3
722	-0.000000	178.139447	0.000000	7.6
723	-1.015534	178.009702	0.015183	6.6
724	-0.026526	177.880209	0.000647	6.6
725	-1.320388	177.750967	0.008698	6.5
726	-0.882670	177.621975	0.007439	6.5
727	-1.067916	177.493232	0.018578	6.6
728	-0.000000	177.364738	0.000000	6.1
729	-0.962381	177.236492	0.007958	12.3
730	-0.369319	177.108492	0.005924	6.7
731	-1.315704	176.980739	0.004503	12.2
732	-0.000000	176.853231	0.000000	5.8
733	-0.353401	176.725968	0.002934	11.4
734	-0.000000	176.598949	0.000000	11.0
735	-0.991051	176.472173	0.013881	7.2
736	-0.285909	176.345639	0.005492	6.1
737	-0.490386	176.219348	0.010847	5.7
738	-0.615900	176.093296	0.003936	6.8
739	-0.347238	175.967486	0.008712	12.9
740	-0.307646	175.841914	0.006721	7.3
741	-0.000000	175.716581	0.000000	6.7
742	-0.677669	175.591486	0.011063	6.8
743	-0.197301	175.466629	0.001941	6.5
744	-0.391976	175.342008	0.005491	6.9
745	-0.196973	175.217622	0.005804	12.0
746	-0.018831	175.093472	0.000386	6.9
747	-0.308768	174.969556	0.005019	7.0
748	-1.235080	174.845873	0.013364	6.5
749	-1.071385	174.722423	0.009215	7.7
750	-1.006492	174.599206	0.014604	6.7
751	-0.000000	174.476220	0.000000	6.4
752	-0.135510	174.353464	0.001971	6.7
753	-0.699379	174.230939	0.007028	9.2
754	-0.133194	174.108643	0.002418	5.7
755	-0.532920	173.986576	0.010096	11.9
756	-1.374559	173.864737	0.003899	8.3
757	-0.134406	173.743124	0.003386	8.0
758	-0.000000	173.621739	0.000000	8.0
759	-0.297611	173.500579	0.004466	6.6
760	-0.641576	173.379645	0.012685	6.5
761	-0.016979	173.258935	0.000907	10.8
762	-0.131604	173.138449	0.003461	7.1
763	-0.013892	173.018186	0.000544	6.6
764	-0.288385	172.898146	0.007410	11.9
765	-0.792156	172.778327	0.011215	10.2
766	-0.167490	172.658730	0.005724	6.9
767	-0.003015	172.539353	0.000150	6.7
768	-0.000000	172.420196	0.000000	6.7
769	-0.358352	172.301258	0.007304	11.5
770	-0.498068	172.182539	0.005396	6.5
771	-0.305423	172.064037	0.003802	6.7
772	-0.056609	171.945753	0.001209	10.6
773	-0.831697	171.827686	0.009041	6.5
774	-0.000000	171.709834	0.000000	6.3
775	-0.727349	171.592198	0.003852	6.5
776	-1.169893	171.474776	0.006435	6.5
777	-1.312991	171.357568	0.021380	10.0
778	-0.058525	171.240574	0.001292	11.8
779	-0.392953	171.123793	0.004025	11.7
780	-0.173588	171.007223	0.001941	6.6
781	-0.770244	170.890865	0.006840	8.4
782	-0.224709	170.774718	0.003209	6.6
783	-0.000000	170.658782	0.000000	6.6
784	-0.493546	170.543055	0.006463	6.7
785	-1.087443	170.427537	0.005425	6.8
786	-1.019089	170.312227	0.008738	6.5
787	-0.000000	170.197125	0.000000	6.3
788	-0.725112	170.082231	0.013649	6.6
789	-1.036265	169.967543	0.015113	6.8
790	-0.288537	169.853061	0.003932	6.6
791	-0.909261	169.738784	0.005600	6.9
792	-0.000000	169.624713	0.000000	6.6
793	-0.000000	169.510845	0.000000	6.6
794	-0.521425	169.397181	0.006959	6.2
795	-1.234713	169.283720	0.012680	6.2
796	-0.933455	169.170462	0.016594	12.5
797	-1.013742	169.057405	0.003136	6.8
798	-0.881444	168.944549	0.018673	6.7
799	-0.000000	168.831895	0.000000	6.6
800	-0.000000	168.719440	0.000000	6.5
801	-0.782777	168.607185	0.017305	9.3
802	-0.744247	168.495129	0.018835	7.9
803	-0.018451	168.383271	0.001296	6.7
804	-0.338661	168.271611	0.005527	11.6
805	-0.000947	168.160148	0.000019	7.2
806	-0.249545	168.048882	0.006189	12.2
807	-0.136306	167.937812	0.002737	15.7
808	-0.416097	167.826938	0.006785	6.2
809	-1.016031	167.716258	0.005729	9.8
810	-0.000000	167.605773	0.000000	11.4
811	-0.867463	167.495482	0.008690	6.7
812	-1.295567	167.385384	0.010657	6.6
813	-0.303830	167.275479	0.002887	6.8
814	-0.537146	167.165766	0.007621	6.9
815	-1.297701	167.056245	0.012286	6.6
816	-0.000000	166.946915	0.000000	6.6
817	-0.000000	166.837776	0.000000	10.1
818	-0.292490	166.728826	0.005399	6.8
819	-0.505161	166.620067	0.004160	12.1
820	-0.102245	166.511496	0.002222	6.7
821	-0.191702	166.403113	0.002182	7.0
822	-0.997025	166.294919	0.012655	10.8
823	-0.002827	166.186912	0.000084	6.5
824	-1.376247	166.079091	0.014864	9.8
825	-0.000000	165.971458	0.000000	5.9
826	-0.000000	165.864009	0.000000	6.7
827	-0.000003	165.756747	0.000002	6.6
828	-0.228407	165.649669	0.005612	6.6
829	-0.484687	165.542775	0.011608	13.8
830	-0.004524	165.436065	0.000637	11.0
831	-0.990818	165.329538	0.009099	12.2
832	-0.515871	165.223194	0.005290	6.6
833	-0.375633	165.117032	0.005059	6.4
834	-0.547385	165.011052	0.007140	6.5
835	-1.089116	164.905253	0.010367	6.6
836	-0.181581	164.799635	0.007457	6.6
837	-0.031925	164.694197	0.001129	6.9
838	-0.000000	164.588939	0.000000	6.6
839	-0.000000	164.483859	0.000000	7.1
840	-0.200327	164.378959	0.002754	6.6
841	-0.675968	164.274237	0.006058	8.8
842	-0.308839	164.169692	0.005191	7.3
843	-0.000000	164.065325	0.000000	6.7
844	-0.000000	163.961135	0.000000	6.6
845	-0.022859	163.857120	0.001830	12.9
846	-0.267636	163.753282	0.013046	6.8
847	-0.559972	163.649619	0.005365	10.9
848	-0.000000	163.546130	0.000000	5.9
849	-0.210588	163.442816	0.003163	6.9
850	-1.012953	163.339676	0.008217	6.7
851	-0.526597	163.236709	0.007994	10.9
852	-1.141386	163.133915	0.014368	11.9
853	-0.272557	163.031294	0.001431	12.4
854	-0.533792	162.928844	0.019855	8.4
855	-0.000000	162.826566	0.000000	10.9
856	-0.273898	162.724459	0.002911	6.6
857	-0.678773	162.622523	0.007536	6.5
858	-0.231569	162.520757	0.004637	6.8
859	-0.770374	162.419160	0.011341	6.5
860	-0.000000	162.317733	0.000000	6.6
861	-0.515114	162.216474	0.003947	6.7
862	-1.266150	162.115383	0.009351	6.7
863	-0.887256	162.014461	0.011797	6.9
864	-0.296227	161.913705	0.002648	6.7
865	-0.606058	161.813117	0.012958	6.7
866	-0.430762	161.712695	0.003858	6.7
867	-0.121646	161.612439	0.001607	6.5
868	-0.000000	161.512349	0.000000	11.5
869	-0.594242	161.412424	0.010010	7.5
870	-0.000001	161.312663	0.000000	7.9
871	-0.850693	161.213067	0.005996	6.8
872	-1.047605	161.113635	0.013711	6.6
873	-0.814131	161.014366	0.011562	6.6
874	-0.000000	160.915260	0.000000	7.2
875	-0.421544	160.816316	0.005639	6.7
876	-0.585719	160.717535	0.007928	6.5
877	-1.128787	160.618915	0.008743	6.4
878	-1.029639	160.520456	0.015415	6.6
879	-0.000000	160.422158	0.000000	6.6
880	-0.490567	160.324021	0.006540	12.3
881	-0.132180	160.226043	0.002425	6.7
882	-0.424770	160.128225	0.005495	14.7
883	-1.291451	160.030566	0.016890	2.5
884	-0.000000	159.933066	0.000000	6.8
885	-0.394020	159.835723	0.006713	6.4
886	-0.000000	159.738539	0.000000	6.6
887	-0.167169	159.641512	0.002986	6.8
888	-0.959670	159.544642	0.012101	6.9
889	-0.529574	159.447929	0.007425	6.7
890	-1.029091	159.351372	0.007592	7.7
891	-0.056683	159.254971	0.000286	6.8
892	-0.000000	159.158725	0.000000	6.6
893	-1.356215	159.062634	0.010844	6.7
894	-0.601572	158.966697	0.005201	6.5
895	-0.346712	158.870915	0.002563	7.1
896	-0.072027	158.775286	0.001250	11.9
897	-0.000000	158.679811	0.000000	7.3
898	-0.000000	158.584489	0.000000	6.5
899	-0.000000	158.489319	0.000000	8.0
900	-0.751991	158.394302	0.009612	6.6
901	-0.591555	158.299436	0.004642	6.7
902	-0.804646	158.204721	0.007396	6.8
903	-0.376600	158.110158	0.007392	6.6
904	-1.363667	158.015745	0.013639	6.6
905	-0.000000	157.921482	0.000000	8.8
906	-1.114613	157.827369	0.015379	7.3
907	-1.212528	157.733406	0.009456	14.2
908	-0.000000	157.639591	0.000000	6.7
909	-0.366272	157.545925	0.005155	9.8
910	-0.000000	157.452408	0.000000	6.5
911	-1.054693	157.359038	0.010182	6.7
912	-0.821577	157.265816	0.014188	6.5
913	-0.021811	157.172741	0.000216	7.5
914	-0.995574	157.079813	0.014309	6.7
915	-1.160824	156.987031	0.005712	6.4
916	-1.081651	156.894395	0.008351	6.6
917	-0.000000	156.801904	0.000000	6.6
918	-0.002642	156.709559	0.000198	6.8
919	-1.276635	156.617359	0.012376	6.7
920	-0.112901	156.525304	0.002225	6.5
921	-0.788085	156.433392	0.013722	6.7
922	-0.018553	156.341624	0.000345	6.3
923	-1.371597	156.250000	0.017328	14.1
924	-0.532860	156.158519	0.012914	7.3
925	-0.455969	156.067180	0.006939	6.8
926	-1.178561	155.975984	0.008317	6.6
927	-0.000000	155.884930	0.000000	6.4
928	-0.199246	155.794017	0.002960	10.5
929	-0.464427	155.703246	0.006521	7.9
930	-1.046599	155.612615	0.008017	1.9
931	-0.586400	155.522125	0.008372	7.3
932	-0.201011	155.431775	0.004728	6.9
933	-0.094612	155.341565	0.002538	7.1
934	-0.000000	155.251495	0.000000	15.5
935	-0.341674	155.161563	0.008885	13.1
936	-0.000000	155.071771	0.000000	7.2
937	-0.000000	154.982117	0.000000	7.2
938	-0.997498	154.892601	0.010259	6.9
939	-0.059142	154.803222	0.002429	6.2
940	-0.000000	154.713981	0.000000	6.4
941	-0.799851	154.624878	0.006335	6.5
942	-0.874588	154.535910	0.013930	6.9
943	-0.600743	154.447080	0.007437	5.9
944	-0.786300	154.358385	0.017086	8.9
945	-0.408317	154.269826	0.007360	6.6
946	-0.013908	154.181402	0.000164	6.9
947	-0.427408	154.093114	0.006751	6.9
948	-1.115307	154.004960	0.013346	11.5
949	-0.000001	153.916940	0.000000	4.7
950	-0.506122	153.829054	0.004867	9.6
951	-0.000002	153.741303	0.000001	6.8
952	-0.798709	153.653684	0.013299	6.1
953	-0.000000	153.566198	0.000000	6.6
954	-0.189052	153.478846	0.006656	6.7
955	-0.059113	153.391625	0.000743	7.2
956	-0.221862	153.304537	0.003423	6.8
957	-0.000000	153.217580	0.000000	6.3
958	-0.870613	153.130755	0.010155	7.0
959	-1.321605	153.044061	0.005961	6.6
960	-0.000000	152.957498	0.000000	11.8
961	-0.094245	152.871065	0.000463	9.4
962	-0.000000	152.784762	0.000000	11.8
963	-0.000722	152.698589	0.000148	6.4
964	-1.303504	152.612545	0.011567	6.3
965	-1.177905	152.526631	0.013561	6.7
966	-0.629272	152.440845	0.010483	6.8
967	-1.050156	152.355188	0.006547	7.1
968	-0.797252	152.269660	0.011078	10.2
969	-0.007739	152.184259	0.000201	6.7
970	-0.901658	152.098986	0.005533	6.5
971	-1.028613	152.013840	0.013895	6.8
972	-1.310964	151.928821	0.014401	6.8
973	-1.060329	151.843928	0.011830	6.8
974	-0.688964	151.759163	0.010309	8.7
975	-0.000000	151.674523	0.000000	9.0
976	-0.690048	151.590009	0.008024	8.1
977	-0.701083	151.505620	0.009390	6.9
978	-1.035252	151.421357	0.010145	8.9
979	-1.180813	151.337218	0.008846	6.6
980	-1.356961	151.253204	0.014864	6.8
981	-0.870589	151.169314	0.012780	8.3
982	-0.543811	151.085549	0.004849	6.4
983	-0.000000	151.001907	0.000000	6.4
984	-0.167286	150.918388	0.002559	6.4
985	-0.030660	150.834992	0.000635	6.6
986	-1.244817	150.751719	0.012552	15.5
987	-0.443448	150.668569	0.004124	8.5
988	-0.000000	150.585541	0.000000	7.1
989	-0.144939	150.502634	0.001642	7.9
990	-0.163588	150.419849	0.002006	6.6
991	-1.126731	150.337186	0.013001	11.9
992	-0.084944	150.254644	0.001055	6.2
993	-0.000000	150.172222	0.000000	6.6
994	-1.033171	150.089921	0.014257	6.3
995	-0.000000	150.007740	0.000000	6.8
996	-0.411475	149.925679	0.006405	6.5
997	-1.285574	149.843737	0.004817	6.4
998	-1.030185	149.761915	0.009281	6.3
999	-0.523213	149.680212	0.010019	6.5
1000	-0.000000	149.598627	0.000000	11.9
1001	-0.385046	149.517161	0.004807	12.5
1002	-0.056167	149.435814	0.001069	6.7
1003	-0.529481	149.354584	0.005257	6.9
1004	-0.756016	149.273472	0.008315	7.1
1005	-0.000000	149.192477	0.000000	6.3
1006	-0.091745	149.111599	0.001929	6.7
1007	-0.892395	149.030838	0.011541	6.7
1008	-1.023796	148.950194	0.008389	7.1
1009	-0.000000	148.869666	0.000000	9.3
1010	-0.000000	148.789253	0.000000	7.1
1011	-0.804974	148.708957	0.007367	11.8
1012	-0.976327	148.628776	0.011123	12.9
1013	-0.000000	148.548710	0.000000	6.3
1014	-1.219468	148.468759	0.009214	6.7
1015	-1.197525	148.388923	0.006101	9.4
1016	-0.000002	148.309201	0.000001	6.7
1017	-1.188426	148.229594	0.006012	9.2
1018	-0.000306	148.150100	0.000093	6.5
1019	-0.000000	148.070719	0.000000	6.4
1020	-0.000000	147.991452	0.000000	6.1
1021	-1.013295	147.912298	0.007851	6.5
1022	-0.234332	147.833257	0.007223	10.4
1023	-0.114327	147.754329	0.002372	6.7
1024	-0.425618	147.675512	0.006450	6.9
1025	-0.863822	147.596808	0.013806	12.3
1026	-0.796978	147.518216	0.005499	7.3
1027	-1.368688	147.439735	0.011249	6.5
1028	-0.668953	147.361365	0.007583	6.6
1029	-0.211324	147.283106	0.001356	6.8
1030	-1.206918	147.204958	0.008688	6.5
1031	-0.316248	147.126920	0.006439	11.8
1032	-0.465392	147.048993	0.011479	5.5
1033	-0.836421	146.971175	0.013428	6.3
1034	-0.495639	146.893468	0.007122	8.1
1035	-0.362092	146.815869	0.000980	6.1
1036	-1.013900	146.738380	0.010324	7.1
1037	-0.186253	146.661000	0.004932	7.5
1038	-0.674589	146.583729	0.007941	11.2
1039	-0.000000	146.506566	0.000000	6.7
1040	-0.433702	146.429511	0.006349	6.8
1041	-0.735074	146.352565	0.011298	6.8
1042	-1.109701	146.275726	0.010741	6.7
1043	-0.000000	146.198994	0.000000	6.5
1044	-0.303611	146.122370	0.008515	6.6
1045	-0.418472	146.045853	0.008441	6.7
1046	-0.044103	145.969442	0.000932	6.6
1047	-0.964415	145.893139	0.010290	6.7
1048	-0.743265	145.816941	0.005907	6.4
1049	-0.000000	145.740849	0.000000	6.5
1050	-1.347583	145.664863	0.013036	6.5
1051	-0.078282	145.588983	0.001787	6.7
1052	-0.000000	145.513208	0.000000	12.0
1053	-0.121026	145.437538	0.001606	7.7
1054	-0.000000	145.361973	0.000000	7.4
1055	-0.000000	145.286513	0.000000	7.2
1056	-0.200806	145.211157	0.001567	6.9
1057	-0.376941	145.135905	0.006138	7.7
1058	-0.018340	145.060757	0.000327	7.0
1059	-0.601438	144.985712	0.006816	8.9
1060	-0.934253	144.910771	0.010613	6.6
1061	-0.000000	144.835934	0.000000	9.3
1062	-0.028563	144.761199	0.002345	6.6
1063	-0.907241	144.686567	0.006688	6.7
1064	-0.568967	144.612037	0.005931	7.4
1065	-0.136724	144.537610	0.002853	11.1
1066	-0.946083	144.463285	0.015840	7.9
1067	-0.000000	144.389062	0.000000	6.6
1068	-0.000086	144.314940	0.000009	6.8
1069	-0.981164	144.240920	0.008115	7.1
1070	-0.698626	144.167001	0.005192	6.4
1071	-0.360307	144.093182	0.004431	7.0
1072	-0.948792	144.019465	0.008020	9.7
1073	-0.881536	143.945848	0.014542	6.5
1074	-1.078513	143.872331	0.008272	6.8
1075	-0.000000	143.798914	0.000000	6.6
1076	-0.000000	143.725597	0.000000	6.6
1077	-0.701541	143.652380	0.009409	6.8
1078	-0.956922	143.579262	0.015344	6.6
1079	-0.620092	143.506243	0.015845	6.8
1080	-0.678501	143.433323	0.009566	9.2
1081	-0.000972	143.360502	0.000236	6.3
1082	-0.794817	143.287780	0.012712	7.0
1083	-0.191636	143.215155	0.002936	7.0
1084	-0.208853	143.142629	0.005975	6.5
1085	-0.243035	143.070201	0.007496	6.9
1086	-0.000003	142.997870	0.000001	6.5
1087	-0.330120	142.925637	0.004295	6.5
1088	-0.234544	142.853501	0.005374	6.6
1089	-0.514674	142.781462	0.003097	6.5
1090	-1.119489	142.709519	0.012152	6.6
1091	-0.777471	142.637674	0.010558	6.6
1092	-0.784204	142.565924	0.009043	10.4
1093	-0.793700	142.494271	0.004875	15.9
1094	-0.142769	142.422714	0.001722	7.9
1095	-0.000000	142.351252	0.000000	6.5
1096	-0.823062	142.279886	0.003845	6.8
1097	-0.710862	142.208616	0.009464	10.5
1098	-0.000000	142.137440	0.000000	6.7
1099	-0.136137	142.066360	0.002559	7.2
1100	-0.634303	141.995374	0.005121	6.4
1101	-1.060193	141.924483	0.009811	7.0
1102	-0.883866	141.853685	0.006753	6.3
1103	-0.748895	141.782983	0.008063	6.5
1104	-1.362549	141.712373	0.005259	7.0
1105	-0.558939	141.641858	0.005566	8.4
1106	-0.537492	141.571436	0.006187	8.0
1107	-0.929082	141.501108	0.007190	7.2
1108	-0.198841	141.430872	0.001796	6.7
1109	-1.030430	141.360730	0.010126	6.7
1110	-0.399220	141.290680	0.009248	6.4
1111	-0.101032	141.220722	0.001095	6.3
1112	-0.000000	141.150857	0.000000	6.3
1113	-1.059318	141.081084	0.008799	6.1
1114	-0.371861	141.011403	0.004281	6.3
1115	-0.177440	140.941813	0.005307	6.3
1116	-0.868982	140.872315	0.012573	10.9
1117	-0.459367	140.802909	0.007618	7.0
1118	-0.834138	140.733593	0.009139	11.6
1119	-0.404502	140.664369	0.003013	10.6
1120	-1.244738	140.595235	0.015020	8.1
1121	-0.000000	140.526192	0.000000	6.4
1122	-0.630011	140.457239	0.014727	6.5
1123	-0.960431	140.388376	0.011089	6.8
1124	-0.000000	140.319603	0.000000	6.9
1125	-0.667887	140.250920	0.010800	6.7
1126	-0.643350	140.182326	0.010047	6.7
1127	-0.831377	140.113822	0.006903	6.5
1128	-0.000000	140.045407	0.000000	6.2
1129	-0.847171	139.977081	0.006030	6.4
1130	-0.000000	139.908844	0.000000	6.3
1131	-0.774290	139.840696	0.012666	6.6
1132	-1.285636	139.772635	0.011743	6.6
1133	-0.487067	139.704664	0.004892	11.6
1134	-0.507436	139.636780	0.007732	9.9
1135	-1.263196	139.568984	0.003688	10.6
1136	-1.068221	139.501276	0.009738	6.4
1137	-0.000000	139.433655	0.000000	6.7
1138	-0.415606	139.366122	0.009064	6.3
1139	-0.104585	139.298676	0.004462	6.7
1140	-0.613767	139.231317	0.003981	6.9
1141	-0.051467	139.164045	0.001344	7.1
1142	-0.605575	139.096859	0.004427	6.7
1143	-0.000000	139.029760	0.000000	8.5
1144	-0.000000	138.962747	0.000000	6.3
1145	-0.000000	138.895820	0.000000	11.8
1146	-0.000000	138.828978	0.000000	8.1
1147	-0.230814	138.762223	0.002596	8.9
1148	-0.000000	138.695553	0.000000	7.4
1149	-1.133990	138.628969	0.005012	6.8
1150	-0.091604	138.562469	0.001932	6.8
1151	-0.183100	138.496055	0.003097	6.8
1152	-0.000000	138.429725	0.000000	8.0
1153	-0.039771	138.363481	0.000868	11.4
1154	-0.653477	138.297320	0.005464	6.5
1155	-0.734483	138.231244	0.008396	6.5
1156	-0.018941	138.165252	0.000833	11.5
1157	-0.000000	138.099344	0.000000	7.3
1158	-0.997542	138.033520	0.006653	7.5
1159	-0.223461	137.967779	0.006350	6.6
1160	-0.300905	137.902122	0.006104	6.7
1161	-0.224277	137.836548	0.004308	7.1
1162	-1.035580	137.771057	0.005239	6.6
1163	-0.295561	137.705649	0.003386	6.7
1164	-1.005631	137.640324	0.008579	12.1
1165	-0.000000	137.575081	0.000000	8.1
1166	-0.000000	137.509921	0.000000	6.8
1167	-0.000000	137.444842	0.000000	6.3
1168	-0.000000	137.379846	0.000000	6.5
1169	-0.859714	137.314932	0.010647	6.4
1170	-0.596967	137.250100	0.011245	7.0
1171	-0.823231	137.185349	0.008805	12.3
1172	-0.028638	137.120680	0.002264	7.1
1173	-0.947181	137.056092	0.008170	6.9
1174	-0.385579	136.991585	0.008794	11.5
1175	-0.000000	136.927158	0.000000	6.4
1176	-0.196104	136.862813	0.003680	6.8
1177	-0.563514	136.798548	0.010154	6.4
1178	-0.021342	136.734363	0.000061	6.6
1179	-1.252050	136.670259	0.007324	6.5
1180	-0.010669	136.606235	0.000262	6.5
1181	-0.441327	136.542291	0.017475	6.6
1182	-0.906741	136.478426	0.007342	6.6
1183	-0.697788	136.414641	0.010312	6.3
1184	-0.050470	136.350936	0.002704	9.0
1185	-0.662193	136.287310	0.004974	13.9
1186	-0.968551	136.223763	0.007148	7.3
1187	-0.717198	136.160295	0.007271	6.6
1188	-0.000000	136.096905	0.000000	6.5
1189	-0.495725	136.033594	0.005928	6.7
1190	-0.013059	135.970362	0.000456	10.6
1191	-0.000000	135.907208	0.000000	6.5
1192	-0.584885	135.844133	0.007960	6.5
1193	-0.354069	135.781135	0.003945	7.3
1194	-0.528639	135.718215	0.008308	10.8
1195	-0.000000	135.655373	0.000000	6.7
1196	-0.634175	135.592608	0.011767	17.5
1197	-1.230962	135.529921	0.014836	4.5
1198	-1.006423	135.467311	0.004256	11.9
1199	-0.751065	135.404778	0.011353	7.9
1200	-0.636230	135.342322	0.011519	7.1
1201	-0.446789	135.279942	0.004935	6.8
1202	-0.603121	135.217640	0.006003	6.7
1203	-1.383439	135.155413	0.014004	6.6
1204	-1.111731	135.093263	0.007434	6.7
1205	-0.986131	135.031190	0.009011	6.6
1206	-0.945288	134.969192	0.011534	6.7
1207	-0.749441	134.907270	0.007949	13.6
1208	-0.839362	134.845424	0.009785	2.3
1209	-0.439046	134.783653	0.011198	11.9
1210	-0.050825	134.721958	0.002492	7.5
1211	-0.778044	134.660338	0.003165	6.8
1212	-0.596423	134.598793	0.007269	6.8
1213	-0.000000	134.537323	0.000000	6.5
1214	-0.954548	134.475927	0.008006	6.9
1215	-0.802441	134.414607	0.011358	6.8
1216	-1.006565	134.353361	0.010967	6.7
1217	-0.267263	134.292189	0.003329	6.6
1218	-0.000000	134.231092	0.000000	9.6
1219	-1.149718	134.170068	0.011852	6.4
1220	-0.000000	134.109119	0.000000	6.8
1221	-0.413697	134.048243	0.002172	6.2
1222	-0.626929	133.987441	0.007722	11.6
1223	-0.000000	133.926713	0.000000	11.9
1224	-0.000000	133.866057	0.000000	8.7
1225	-0.798062	133.805475	0.012521	6.5
1226	-0.461734	133.744966	0.003550	6.4
1227	-1.019013	133.684530	0.006138	6.1
1228	-0.205679	133.624167	0.006210	6.2
1229	-0.860721	133.563877	0.012234	10.5
1230	-0.000000	133.503658	0.000000	5.5
1231	-0.000000	133.443513	0.000000	7.2
1232	-1.328723	133.383439	0.009698	6.4
1233	-0.113011	133.323437	0.004802	6.8
1234	-1.059370	133.263508	0.013998	6.6
1235	-0.035007	133.203650	0.002732	7.5
1236	-0.026680	133.143864	0.001359	10.9
1237	-0.073502	133.084149	0.001562	7.2
1238	-0.457820	133.024506	0.008345	6.5
1239	-0.137440	132.964934	0.001640	6.7
1240	-0.064360	132.905433	0.001688	6.3
1241	-0.310225	132.846003	0.006916	6.1
1242	-0.000000	132.786643	0.000000	6.7
1243	-1.197892	132.727355	0.016473	6.7
1244	-0.000000	132.668137	0.000000	9.3
1245	-0.329551	132.608989	0.007348	6.5
1246	-0.698537	132.549912	0.008470	6.7
1247	-0.735061	132.490904	0.010771	6.6
1248	-0.746972	132.431967	0.013666	8.1
1249	-0.541307	132.373100	0.003860	11.7
1250	-0.788864	132.314302	0.009137	5.7
1251	-0.406562	132.255574	0.003058	6.8
1252	-0.823013	132.196916	0.004789	6.8
1253	-0.000000	132.138326	0.000000	6.6
1254	-0.057976	132.079806	0.002801	7.6
1255	-0.000000	132.021355	0.000000	6.5
1256	-0.000000	131.962973	0.000000	11.7
1257	-0.301666	131.904660	0.002867	6.7
1258	-0.000000	131.846415	0.000000	6.8
1259	-1.217413	131.788239	0.016612	6.6
1260	-0.000003	131.730131	0.000002	6.4
1261	-0.308503	131.672092	0.002666	6.8
1262	-0.129484	131.614121	0.002135	11.8
1263	-0.450627	131.556217	0.007551	7.0
1264	-0.779924	131.498382	0.006655	6.8
1265	-0.692242	131.440614	0.010604	11.1
1266	-0.602011	131.382914	0.005176	11.9
1267	-0.274712	131.325282	0.005533	6.7
1268	-0.261623	131.267717	0.003080	6.9
1269	-0.109056	131.210219	0.002434	7.2
1270	-0.323166	131.152788	0.005676	7.0
1271	-0.101981	131.095424	0.001028	6.9
1272	-1.371824	131.038127	0.007023	6.7
1273	-0.313615	130.980897	0.005739	6.7
1274	-0.989114	130.923733	0.008150	12.0
1275	-0.757026	130.866636	0.002321	12.7
1276	-0.702649	130.809605	0.006238	7.2
1277	-0.283854	130.752641	0.003358	6.7
1278	-0.000000	130.695742	0.000000	10.0
1279	-0.215167	130.638910	0.003212	6.6
1280	-0.401268	130.582143	0.009740	9.2
1281	-0.728291	130.525442	0.009966	6.2
1282	-0.000000	130.468807	0.000000	9.7
1283	-0.158709	130.412237	0.004446	6.4
1284	-0.803715	130.355733	0.009000	6.8
1285	-0.000000	130.299294	0.000000	6.8
1286	-0.706578	130.242920	0.008319	11.8
1287	-0.295794	130.186611	0.002970	6.4
1288	-0.436830	130.130366	0.005442	7.1
1289	-0.107165	130.074187	0.003860	6.5
1290	-0.804976	130.018072	0.014964	6.7
1291	-0.000000	129.962022	0.000000	6.7
1292	-0.098521	129.906036	0.003475	6.4
1293	-0.283549	129.850114	0.003730	6.6
1294	-0.433831	129.794257	0.003684	11.0
1295	-0.723961	129.738463	0.006067	6.6
1296	-0.149334	129.682734	0.003099	6.9
1297	-0.978924	129.627068	0.010491	6.9
1298	-0.533980	129.571466	0.004651	6.5
1299	-0.000000	129.515927	0.000000	7.0
1300	-0.915894	129.460452	0.007805	9.0
1301	-0.000001	129.405040	0.000001	10.0
1302	-0.468417	129.349692	0.006814	8.9
1303	-0.000000	129.294406	0.000000	6.3
1304	-0.989507	129.239183	0.018286	6.4
1305	-1.350845	129.184024	0.009651	11.2
1306	-0.083643	129.128927	0.001558	6.7
1307	-0.373461	129.073892	0.003835	6.8
1308	-0.776908	129.018921	0.002500	6.6
1309	-0.081122	128.964011	0.000599	6.6
1310	-1.030704	128.909164	0.010791	6.6
1311	-0.721097	128.854379	0.004733	6.8
1312	-0.362875	128.799656	0.005116	11.7
1313	-0.404382	128.744995	0.006319	9.9
1314	-0.604154	128.690396	0.008099	7.9
1315	-0.639743	128.635858	0.010385	7.2
1316	-0.000000	128.581382	0.000000	6.4
1317	-0.332707	128.526968	0.005579	7.4
1318	-0.339568	128.472615	0.005439	6.6
1319	-0.000000	128.418323	0.000000	6.4
1320	-0.491658	128.364092	0.009761	6.6
1321	-0.645682	128.309922	0.011538	6.6
1322	-0.000000	128.255814	0.000000	6.7
1323	-0.182780	128.201766	0.001599	6.4
1324	-0.000000	128.147778	0.000000	6.5
1325	-0.267292	128.093852	0.005643	6.6
1326	-0.502651	128.039985	0.003160	7.7
1327	-0.096832	127.986180	0.003209	12.0
1328	-0.429069	127.932434	0.008425	9.2
1329	-0.000000	127.878749	0.000000	11.1
1330	-0.584145	127.825123	0.007564	6.4
1331	-0.126219	127.771558	0.002069	6.6
1332	-1.144784	127.718052	0.018515	6.4
1333	-0.000000	127.664606	0.000000	6.3
1334	-0.000000	127.611220	0.000000	6.1
1335	-0.000000	127.557893	0.000000	6.0
1336	-1.197511	127.504625	0.008192	10.1
1337	-0.000000	127.451417	0.000000	6.7
1338	-0.648436	127.398268	0.010808	9.1
1339	-1.165752	127.345178	0.009788	7.4
1340	-1.152402	127.292147	0.005589	6.6
1341	-0.828816	127.239175	0.007675	6.8
1342	-0.000000	127.186261	0.000000	12.0
1343	-0.000000	127.133407	0.000000	6.6
1344	-0.000000	127.080610	0.000000	6.4
1345	-0.338204	127.027872	0.003951	6.8
1346	-0.989472	126.975193	0.011271	6.6
1347	-0.369202	126.922572	0.010457	6.8
1348	-0.730972	126.870008	0.006403	6.6
1349	-0.000000	126.817503	0.000000	6.5
1350	-0.007357	126.765056	0.000377	11.5
1351	-0.650647	126.712667	0.004724	11.6
1352	-0.194593	126.660335	0.002392	12.6
1353	-0.070518	126.608061	0.001321	7.0
1354	-0.419687	126.555844	0.005344	12.3
1355	-0.486435	126.503685	0.004228	6.5
1356	-0.157036	126.451583	0.002382	6.7
1357	-0.000000	126.399538	0.000000	6.8
1358	-1.058299	126.347550	0.006606	8.8
1359	-0.519322	126.295619	0.004434	7.2
1360	-0.961809	126.243745	0.007829	6.8
1361	-0.000000	126.191928	0.000000	9.7
1362	-1.070834	126.140168	0.013813	6.7
1363	-0.000000	126.088464	0.000000	7.5
1364	-0.000000	126.036817	0.000000	6.8
1365	-0.436757	125.985226	0.006152	6.4
1366	-0.276881	125.933691	0.009204	6.6
1367	-1.383710	125.882212	0.015892	6.9
1368	-0.833205	125.830790	0.010216	6.6
1369	-0.781297	125.779423	0.006759	6.4
1370	-0.000000	125.728113	0.000000	6.4
1371	-0.361287	125.676858	0.006865	6.6
1372	-1.146890	125.625659	0.009238	6.4
1373	-0.000000	125.574515	0.000000	10.1
1374	-1.466400	125.523427	0.013858	6.3
1375	-0.390919	125.472394	0.003233	7.0
1376	-0.547173	125.421417	0.010376	10.2
1377	-1.211037	125.370495	0.015086	11.8
1378	-0.982209	125.319628	0.015062	12.9
1379	-1.055953	125.268815	0.008346	2.1
1380	-0.964476	125.218058	0.013930	6.6
1381	-0.168000	125.167356	0.002689	6.7
1382	-0.096562	125.116708	0.001813	6.9
1383	-0.350459	125.066115	0.004254	6.8
1384	-1.007914	125.015576	0.005700	7.2
1385	-0.214747	124.965092	0.009349	7.3
1386	-0.945880	124.914662	0.005988	6.5
1387	-0.335193	124.864287	0.005934	6.7
1388	-0.792857	124.813965	0.004476	7.4
1389	-0.417573	124.763698	0.007263	7.2
1390	-1.233065	124.713485	0.006408	8.4
1391	-0.000000	124.663325	0.000000	10.0
1392	-0.701281	124.613219	0.008511	6.7
1393	-0.000000	124.563167	0.000000	8.0
1394	-0.011405	124.513168	0.000373	6.7
1395	-0.475447	124.463223	0.009437	6.5
1396	-0.000000	124.413332	0.000000	6.4
1397	-0.837065	124.363493	0.015791	6.7
1398	-0.285288	124.313708	0.007382	10.4
1399	-1.393689	124.263976	0.005839	11.5
1400	-0.490600	124.214297	0.003288	8.4
1401	-0.444429	124.164671	0.007467	6.3
1402	-0.782882	124.115097	0.011853	11.7
1403	-0.000000	124.065577	0.000000	7.0
1404	-1.430156	124.016109	0.017101	11.8
1405	-1.376148	123.966693	0.012722	6.9
1406	-0.777052	123.917330	0.007245	6.7
1407	-0.596005	123.868020	0.006882	6.6
1408	-0.000000	123.818762	0.000000	6.6
1409	-0.448625	123.769556	0.011119	6.6
1410	-0.107616	123.720402	0.002759	6.8
1411	-0.482773	123.671300	0.007948	6.9
1412	-0.037586	123.622250	0.001106	6.6
1413	-0.058784	123.573252	0.000926	8.9
1414	-0.036874	123.524305	0.002827	7.0
1415	-0.617040	123.475411	0.003663	11.7
1416	-1.218121	123.426568	0.012284	6.9
1417	-0.819620	123.377776	0.011512	6.6
1418	-0.694241	123.329036	0.004559	6.5
1419	-0.000000	123.280347	0.000000	6.7
1420	-0.216263	123.231709	0.006727	6.5
1421	-0.710308	123.183122	0.006975	6.6
1422	-0.731740	123.134587	0.006017	6.8
1423	-0.000000	123.086102	0.000000	6.5
1424	-1.147756	123.037669	0.018434	6.5
1425	-0.824539	122.989286	0.008365	6.7
1426	-0.000006	122.940954	0.000001	6.4
1427	-0.180472	122.892672	0.003320	6.7
1428	-0.774745	122.844441	0.004481	6.4
1429	-0.485291	122.796261	0.004606	6.7
1430	-0.323671	122.748130	0.005725	12.3
1431	-0.772645	122.700050	0.008894	6.6
1432	-0.252850	122.652021	0.006173	8.6
1433	-0.000088	122.604041	0.000015	6.8
1434	-0.230498	122.556111	0.004219	6.6
1435	-1.183921	122.508232	0.013509	6.6
1436	-0.889037	122.460402	0.005260	11.8
1437	-1.038503	122.412622	0.007331	7.0
1438	-1.260026	122.364891	0.010730	7.1
1439	-1.135751	122.317210	0.007136	6.7
1440	-0.000000	122.269579	0.000000	6.6
1441	-0.003305	122.221997	0.000369	12.9
1442	-0.000000	122.174465	0.000000	6.7
1443	-0.145471	122.126981	0.002165	9.1
1444	-0.000000	122.079547	0.000000	6.5
1445	-0.417780	122.032162	0.008419	9.5
1446	-0.000000	121.984826	0.000000	6.2
1447	-0.739009	121.937539	0.008717	9.7
1448	-0.826655	121.890301	0.011927	6.7
1449	-0.996561	121.843112	0.008493	9.2
1450	-0.786319	121.795971	0.010139	6.8
1451	-0.002430	121.748879	0.000486	6.7
1452	-0.915527	121.701835	0.005367	6.7
1453	-0.407777	121.654840	0.005801	7.3
1454	-0.205228	121.607893	0.003830	7.2
1455	-0.519043	121.560994	0.007178	11.9
1456	-0.605628	121.514144	0.003808	7.0
1457	-0.062001	121.467342	0.002028	12.5
1458	-0.740890	121.420588	0.009311	6.2
1459	-0.739967	121.373882	0.004746	6.7
1460	-1.088436	121.327223	0.005830	6.5
1461	-0.757416	121.280613	0.012019	6.9
1462	-1.000655	121.234050	0.009250	6.6
1463	-1.441079	121.187535	0.018892	6.5
1464	-0.433304	121.141067	0.009456	7.1
1465	-1.269807	121.094647	0.009941	6.7
1466	-1.272203	121.048274	0.016439	6.4
1467	-0.756803	121.001949	0.011021	9.5
1468	-0.414634	120.955671	0.005115	11.9
1469	-0.180139	120.909440	0.001028	10.4
1470	-0.144901	120.863256	0.003278	6.7
1471	-0.391322	120.817119	0.007248	6.6
1472	-0.823358	120.771029	0.007875	6.9
1473	-0.634244	120.724986	0.009792	6.8
1474	-0.538011	120.678990	0.008715	9.5
1475	-0.000000	120.633040	0.000000	6.7
1476	-0.000276	120.587137	0.000083	6.6
1477	-0.318085	120.541281	0.003711	6.4
1478	-0.208370	120.495471	0.003860	6.8
1479	-1.296353	120.449707	0.006873	10.4
1480	-0.000000	120.403990	0.000000	7.6
1481	-1.261885	120.358319	0.009709	7.4
1482	-0.551446	120.312694	0.012098	6.7
1483	-0.528447	120.267115	0.004692	6.9
1484	-1.059279	120.221582	0.010483	12.2
1485	-0.000000	120.176096	0.000000	12.6
1486	-1.323489	120.130655	0.005113	13.8
1487	-0.748776	120.085260	0.005358	2.8
1488	-0.937138	120.039910	0.008736	6.5
1489	-0.580552	119.994606	0.004542	6.6
1490	-0.386981	119.949348	0.003518	6.6
1491	-0.000000	119.904135	0.000000	9.3
1492	-0.000000	119.858968	0.000000	11.9
1493	-1.139279	119.813846	0.006997	6.8
1494	-0.000000	119.768769	0.000000	7.1
1495	-1.247731	119.723738	0.008184	7.0
1496	-1.279016	119.678752	0.012315	10.6
1497	-0.303955	119.633810	0.006696	5.9
1498	-0.725812	119.588914	0.009366	6.9
1499	-0.000000	119.544062	0.000000	6.7
1500	-0.019025	119.499256	0.000250	7.5
1501	-0.000000	119.454494	0.000000	6.2
1502	-0.100594	119.409777	0.002624	6.2
1503	-1.220232	119.365104	0.012146	6.1
1504	-0.146385	119.320476	0.002678	9.0
1505	-0.000000	119.275893	0.000000	12.3
1506	-0.000000	119.231353	0.000000	6.9
1507	-0.663867	119.186859	0.004681	12.6
1508	-0.557947	119.142408	0.005300	7.8
1509	-0.000000	119.098002	0.000000	6.7
1510	-0.000000	119.053639	0.000000	6.5
1511	-0.004446	119.009321	0.000049	6.6
1512	-0.868748	118.965047	0.008251	6.7
1513	-0.176116	118.920816	0.003247	9.3
1514	-0.018431	118.876630	0.000294	6.9
1515	-0.317072	118.832487	0.004507	13.2
1516	-0.337489	118.788388	0.005628	2.8
1517	-0.000000	118.744332	0.000000	11.6
1518	-0.000000	118.700320	0.000000	8.8
1519	-0.428145	118.656352	0.004945	6.7
1520	-0.628940	118.612427	0.004812	9.0
1521	-0.408174	118.568545	0.005959	6.8
1522	-0.199182	118.524706	0.004965	6.7
1523	-0.435253	118.480911	0.007250	6.7
1524	-1.360132	118.437159	0.005271	6.5
1525	-0.358328	118.393450	0.009049	6.6
1526	-0.667163	118.349784	0.007907	6.2
1527	-0.000000	118.306160	0.000000	8.1
1528	-0.466501	118.262580	0.014689	8.0
1529	-1.284965	118.219042	0.004088	7.2
1530	-0.281950	118.175548	0.006338	7.9
1531	-1.015953	118.132095	0.007235	7.4
1532	-0.656421	118.088686	0.006228	10.6
1533	-0.000000	118.045319	0.000000	12.5
1534	-1.447036	118.001994	0.013815	6.7
1535	-0.025106	117.958712	0.000559	7.4
1536	-0.000000	117.915472	0.000000	12.0
1537	-0.946400	117.872274	0.008448	4.0
1538	-0.395336	117.829118	0.007931	6.3
1539	-0.125199	117.786005	0.002154	7.1
1540	-0.000000	117.742933	0.000000	6.5
1541	-0.513033	117.699904	0.005975	6.4
1542	-0.004978	117.656916	0.000226	6.9
1543	-0.000000	117.613971	0.000000	10.7
1544	-0.917826	117.571067	0.004907	7.8
1545	-0.178718	117.528205	0.005174	6.8
1546	-1.017045	117.485384	0.013526	7.0
1547	-0.000000	117.442605	0.000000	6.6
1548	-0.000000	117.399867	0.000000	6.3
1549	-0.432840	117.357171	0.004978	6.7
1550	-1.381884	117.314517	0.004549	6.5
1551	-0.232054	117.271903	0.003792	6.9
1552	-0.412294	117.229331	0.009175	6.8
1553	-0.372608	117.186800	0.004455	10.2
1554	-1.128289	117.144311	0.004851	6.3
1555	-1.037205	117.101862	0.010725	6.6
1556	-0.000000	117.059454	0.000000	6.5
1557	-1.102898	117.017087	0.009142	6.7
1558	-0.221561	116.974762	0.005267	9.6
1559	-0.313322	116.932476	0.002566	6.6
1560	-0.473862	116.890232	0.005762	12.1
1561	-0.429086	116.848028	0.003922	7.9
1562	-0.504584	116.805865	0.006142	7.3
1563	-0.852495	116.763743	0.005803	6.6
1564	-0.255508	116.721661	0.006686	6.6
1565	-0.809511	116.679619	0.009500	8.5
1566	-0.931307	116.637618	0.014094	6.5
1567	-0.000000	116.595657	0.000000	6.9
1568	-0.125526	116.553736	0.002260	6.6
1569	-0.929999	116.511855	0.011118	7.7
1570	-0.726160	116.470015	0.008840	12.4
1571	-0.768642	116.428214	0.006678	6.7
1572	-1.016333	116.386454	0.013415	6.9
1573	-0.208450	116.344733	0.002472	6.8
1574	-0.331823	116.303052	0.004714	6.6
1575	-0.139551	116.261412	0.001311	7.4
1576	-0.192936	116.219810	0.006566	6.7
1577	-0.294911	116.178249	0.003925	6.5
1578	-0.290811	116.136727	0.009053	6.7
1579	-0.279777	116.095245	0.004256	11.8
1580	-0.091989	116.053802	0.002020	6.7
1581	-0.511877	116.012398	0.006325	6.6
1582	-0.000000	115.971034	0.000000	6.7
1583	-0.742860	115.929710	0.011219	12.8
1584	-0.000000	115.888424	0.000000	6.9
1585	-1.012776	115.847178	0.011360	6.5
1586	-0.000000	115.805970	0.000000	11.8
1587	-0.678246	115.764802	0.006468	7.1
1588	-0.260302	115.723673	0.002885	11.7
1589	-0.255597	115.682583	0.001364	11.7
1590	-0.000000	115.641532	0.000000	6.3
1591	-0.001380	115.600519	0.000279	6.5
1592	-0.854178	115.559546	0.006622	6.4
1593	-0.000000	115.518610	0.000000	6.7
1594	-0.140754	115.477714	0.001215	6.8
1595	-1.124583	115.436856	0.015811	11.6
1596	-0.965854	115.396037	0.011460	7.1
1597	-0.000000	115.355256	0.000000	6.4
1598	-0.906554	115.314514	0.003047	7.1
1599	-0.827416	115.273810	0.003603	7.0
1600	-0.000000	115.233144	0.000000	7.5
1601	-0.007457	115.192517	0.000918	7.4
1602	-0.019729	115.151927	0.000251	6.9
1603	-0.602228	115.111376	0.004772	9.5
1604	-1.198823	115.070863	0.013165	6.6
1605	-1.003968	115.030388	0.007554	6.9
1606	-0.260820	114.989951	0.002445	6.5
1607	-0.000000	114.949551	0.000000	6.4
1608	-0.000000	114.909190	0.000000	9.3
1609	-1.419190	114.868866	0.010371	6.7
1610	-0.239327	114.828580	0.004945	9.2
1611	-0.000000	114.788332	0.000000	6.6
1612	-0.800934	114.748121	0.007342	12.2
1613	-0.393122	114.707948	0.009275	9.7
1614	-0.330489	114.667812	0.005347	7.4
1615	-1.229177	114.627714	0.005008	8.0
1616	-0.403492	114.587653	0.005653	7.0
1617	-0.990927	114.547629	0.011748	12.8
1618	-0.576763	114.507643	0.007552	4.8
1619	-0.186301	114.467693	0.002856	9.7
1620	-1.005024	114.427781	0.009800	7.7
1621	-0.278076	114.387907	0.001915	7.4
1622	-0.008962	114.348069	0.000444	6.7
1623	-0.652096	114.308268	0.004682	7.3
1624	-0.817004	114.268504	0.008229	6.8
1625	-0.443701	114.228777	0.005631	6.6
1626	-0.142809	114.189086	0.001981	6.7
1627	-0.001538	114.149433	0.000266	10.2
1628	-0.000000	114.109816	0.000000	6.4
1629	-0.898980	114.070235	0.004432	7.1
1630	-1.050607	114.030692	0.007622	10.2
1631	-1.173084	113.991185	0.013778	7.1
1632	-1.176628	113.951714	0.014407	12.5
1633	-0.379888	113.912280	0.007775	9.1
1634	-0.194417	113.872882	0.001088	7.1
1635	-0.005245	113.833521	0.000235	6.5
1636	-0.000000	113.794195	0.000000	13.2
1637	-0.600765	113.754906	0.004084	5.6
1638	-0.000000	113.715653	0.000000	6.8
1639	-0.459330	113.676437	0.005793	6.3
1640	-0.102346	113.637256	0.002657	7.0
1641	-0.256457	113.598111	0.006151	7.2
1642	-0.339719	113.559002	0.004213	6.9
1643	-0.826052	113.519929	0.012004	6.6
1644	-0.000000	113.480892	0.000000	10.1
1645	-0.948199	113.441891	0.003014	6.7
1646	-0.269736	113.402925	0.004568	11.6
1647	-1.153265	113.363995	0.007216	12.1
1648	-0.630156	113.325101	0.008599	5.4
1649	-0.153207	113.286242	0.001929	6.8
1650	-0.528432	113.247419	0.007458	6.5
1651	-1.018790	113.208631	0.011835	6.9
1652	-1.110282	113.169879	0.013165	6.9
1653	-0.520349	113.131162	0.009605	6.6
1654	-0.384556	113.092480	0.004777	6.7
1655	-0.000000	113.053833	0.000000	6.7
1656	-0.770612	113.015222	0.009882	6.8
1657	-0.343105	112.976646	0.006881	8.1
1658	-0.000000	112.938105	0.000000	6.5
1659	-0.142222	112.899599	0.003130	8.3
1660	-1.015699	112.861128	0.007396	11.9
1661	-0.000000	112.822692	0.000000	11.9
1662	-0.099343	112.784291	0.001854	10.5
1663	-0.368093	112.745924	0.010403	10.1
1664	-0.801855	112.707593	0.010784	6.6
1665	-0.944397	112.669296	0.008597	6.8
1666	-0.079304	112.631034	0.003054	8.2
1667	-0.000000	112.592806	0.000000	6.4
1668	-0.667668	112.554613	0.016981	6.9
1669	-0.608768	112.516455	0.005342	7.0
1670	-1.215720	112.478331	0.010397	8.9
1671	-0.871984	112.440241	0.004730	7.2
1672	-1.179871	112.402186	0.008424	6.7
1673	-0.994206	112.364165	0.011779	6.8
1674	-0.328007	112.326179	0.004792	9.7
1675	-0.577734	112.288227	0.013746	6.7
1676	-0.000000	112.250309	0.000000	6.6
1677	-0.182243	112.212425	0.003479	6.7
1678	-0.965790	112.174575	0.008246	6.6
1679	-0.000000	112.136759	0.000000	9.2
1680	-0.000000	112.098977	0.000000	6.5
1681	-0.797597	112.061229	0.012664	6.6
1682	-0.000000	112.023515	0.000000	6.4
1683	-1.044755	111.985834	0.007275	10.0
1684	-1.223554	111.948188	0.007500	10.4
1685	-0.000000	111.910575	0.000000	6.7
1686	-0.258169	111.872996	0.003879	6.5
1687	-0.000000	111.835450	0.000000	12.1
1688	-0.355352	111.797939	0.009134	7.5
1689	-0.000000	111.760460	0.000000	6.9
1690	-0.000000	111.723015	0.000000	11.3
1691	-0.000000	111.685604	0.000000	6.3
1692	-0.000000	111.648226	0.000000	6.7
1693	-0.000000	111.610881	0.000000	7.0
1694	-1.038915	111.573570	0.006814	6.9
1695	-0.000000	111.536292	0.000000	8.4
1696	-0.005588	111.499047	0.000782	8.8
1697	-0.068076	111.461835	0.004005	6.6
1698	-0.249622	111.424656	0.008953	6.7
1699	-0.419625	111.387510	0.008013	6.3
1700	-0.853284	111.350398	0.008637	11.8
1701	-0.000000	111.313318	0.000000	7.2
1702	-0.252748	111.276271	0.004830	6.3
1703	-0.614763	111.239257	0.007235	6.5
1704	-0.687138	111.202276	0.013529	6.7
1705	-1.120513	111.165328	0.007191	6.6
1706	-0.250153	111.128412	0.006076	6.7
1707	-0.062141	111.091529	0.000952	6.6
1708	-0.521176	111.054679	0.005211	12.3
1709	-0.000000	111.017861	0.000000	7.7
1710	-0.640619	110.981076	0.006192	11.7
1711	-0.008184	110.944323	0.000296	6.9
1712	-0.416619	110.907603	0.005330	11.7
1713	-1.345615	110.870915	0.013302	7.0
1714	-0.146134	110.834259	0.001724	6.9
1715	-0.000000	110.797636	0.000000	11.7
1716	-0.314416	110.761045	0.006559	7.0
1717	-0.024806	110.724486	0.000993	7.2
1718	-0.350687	110.687959	0.004862	6.5
1719	-1.117300	110.651465	0.008081	6.9
1720	-0.000000	110.615002	0.000000	7.4
1721	-0.401248	110.578572	0.007306	7.7
1722	-0.979181	110.542173	0.002117	7.2
1723	-0.516170	110.505807	0.011813	10.8
1724	-0.951024	110.469472	0.008464	6.3
1725	-0.864572	110.433169	0.005621	6.6
1726	-0.128518	110.396898	0.003814	6.6
1727	-1.343003	110.360659	0.013056	8.3
1728	-0.337639	110.324451	0.004196	6.7
1729	-0.160291	110.288276	0.002232	9.2
1730	-0.931763	110.252131	0.017007	6.0
1731	-0.000000	110.216019	0.000000	6.7
1732	-1.016401	110.179937	0.005373	6.4
1733	-0.593204	110.143888	0.008014	8.8
1734	-1.154897	110.107869	0.011600	8.0
1735	-0.000000	110.071882	0.000000	6.7
1736	-0.000000	110.035927	0.000000	6.6
1737	-0.642704	110.000003	0.013558	6.6
1738	-0.318533	109.964110	0.003817	6.7
1739	-0.995024	109.928248	0.008653	7.3
1740	-1.059069	109.892417	0.012794	9.8
1741	-0.000000	109.856618	0.000000	8.0
1742	-0.838941	109.820850	0.009251	6.6
1743	-0.196620	109.785112	0.001909	12.3
1744	-0.000000	109.749406	0.000000	8.8
1745	-0.000000	109.713730	0.000000	6.7
1746	-0.643781	109.678086	0.010814	10.9
1747	-0.507049	109.642472	0.005133	11.7
1748	-0.798489	109.606890	0.005693	10.5
1749	-0.000000	109.571337	0.000000	6.6
1750	-0.197255	109.535816	0.004291	6.5
1751	-0.172520	109.500326	0.003987	6.3
1752	-0.912774	109.464866	0.013674	6.4
1753	-0.341345	109.429436	0.002662	6.7
1754	-0.346554	109.394038	0.004419	6.3
1755	-0.439861	109.358669	0.004843	7.0
1756	-1.368139	109.323331	0.022490	6.5
1757	-0.850811	109.288024	0.004445	6.6
1758	-0.000000	109.252747	0.000000	6.6
1759	-1.124458	109.217501	0.011872	12.3
1760	-0.778518	109.182284	0.004443	4.3
1761	-0.808115	109.147098	0.013606	6.6
1762	-0.000000	109.111942	0.000000	6.5
1763	-0.462488	109.076817	0.003831	11.8
1764	-0.945699	109.041721	0.010955	6.3
1765	-0.000000	109.006656	0.000000	9.9
1766	-0.988310	108.971620	0.011376	6.7
1767	-1.178910	108.936615	0.009281	6.9
1768	-0.000000	108.901640	0.000000	6.5
1769	-0.417053	108.866694	0.006913	12.4
1770	-0.000000	108.831779	0.000000	2.5
1771	-0.000000	108.796893	0.000000	9.3
1772	-0.633416	108.762037	0.009147	12.1
1773	-0.887710	108.727211	0.006767	6.8
1774	-1.079657	108.692415	0.008296	8.9
1775	-0.244862	108.657648	0.005780	6.5
1776	-0.023490	108.622911	0.002589	6.2
1777	-0.643647	108.588203	0.008225	6.5
1778	-0.663426	108.553525	0.004897	8.1
1779	-0.000000	108.518877	0.000000	6.5
1780	-0.968067	108.484258	0.014558	6.4
1781	-0.972228	108.449668	0.013998	6.2
1782	-0.495693	108.415108	0.005704	6.2
1783	-1.315598	108.380578	0.007872	6.1
1784	-0.265765	108.346076	0.007279	8.0
1785	-0.695273	108.311604	0.007731	12.5
1786	-1.442230	108.277161	0.014420	6.7
1787	-1.309668	108.242747	0.012724	6.8
1788	-0.000000	108.208363	0.000000	6.6
1789	-1.226622	108.174007	0.010925	6.8
1790	-0.405354	108.139681	0.005346	7.4
1791	-0.796428	108.105383	0.007349	7.7
1792	-1.235948	108.071115	0.011825	8.2
1793	-1.285787	108.036875	0.011306	11.8
1794	-0.161845	108.002665	0.005664	7.0
1795	-0.000000	107.968483	0.000000	6.3
1796	-0.906153	107.934330	0.004715	7.0
1797	-0.352470	107.900206	0.007153	13.3
1798	-0.340747	107.866111	0.005187	4.3
1799	-1.307816	107.832044	0.007261	7.7
1800	-0.488135	107.798007	0.006702	6.7
1801	-0.742208	107.763997	0.004051	6.7
1802	-0.033444	107.730017	0.000930	6.6
1803	-0.000000	107.696065	0.000000	6.7
1804	-0.511412	107.662141	0.007871	6.4
1805	-0.218283	107.628246	0.001908	6.9
1806	-0.000000	107.594379	0.000000	6.2
1807	-1.057156	107.560541	0.010733	9.4
1808	-0.000000	107.526731	0.000000	6.8
1809	-0.692845	107.492949	0.007503	6.5
1810	-0.966659	107.459196	0.003773	7.0
1811	-0.830712	107.425471	0.014587	11.6
1812	-0.278606	107.391774	0.006227	6.9
1813	-0.701912	107.358106	0.006598	9.4
1814	-0.545458	107.324465	0.010030	6.2
1815	-0.248212	107.290853	0.002979	7.6
1816	-0.640217	107.257268	0.014919	12.2
1817	-0.292315	107.223712	0.004503	6.7
1818	-0.000000	107.190184	0.000000	6.7
1819	-0.850596	107.156683	0.009638	6.6
1820	-1.200014	107.123211	0.007093	9.2
1821	-0.404646	107.089766	0.003767	6.5
1822	-0.049848	107.056349	0.001134	9.4
1823	-0.000000	107.022960	0.000000	7.7
1824	-0.192949	106.989599	0.003723	13.9
1825	-0.000000	106.956265	0.000000	11.3
1826	-0.993791	106.922960	0.009412	6.6
1827	-0.758903	106.889681	0.010896	12.4
1828	-0.000000	106.856431	0.000000	3.8
1829	-1.164083	106.823208	0.006800	6.6
1830	-0.418988	106.790012	0.006749	7.3
1831	-1.331627	106.756844	0.009670	10.0
1832	-0.551013	106.723703	0.005803	6.5
1833	-0.815708	106.690590	0.011557	9.1
1834	-0.033891	106.657505	0.000682	6.2
1835	-0.072484	106.624446	0.003864	7.4
1836	-0.603284	106.591415	0.005485	10.3
1837	-0.767592	106.558411	0.006733	6.8
1838	-0.000000	106.525435	0.000000	6.6
1839	-0.143991	106.492485	0.002088	7.3
1840	-0.516153	106.459563	0.005948	6.5
1841	-0.468387	106.426668	0.009168	12.1
1842	-0.000000	106.393800	0.000000	6.8
1843	-0.815583	106.360959	0.008524	12.1
1844	-0.291543	106.328145	0.006792	7.2
1845	-0.039595	106.295358	0.001751	6.7
1846	-0.389811	106.262598	0.002991	7.3
1847	-0.305733	106.229865	0.004348	11.9
1848	-0.013229	106.197158	0.000341	6.6
1849	-1.175344	106.164479	0.013620	6.9
1850	-0.455911	106.131826	0.003657	6.6
1851	-0.368818	106.099201	0.010662	6.7
1852	-0.072762	106.066602	0.000758	11.8
1853	-0.382629	106.034029	0.003831	6.8
1854	-0.580219	106.001483	0.007651	6.6
1855	-1.106235	105.968964	0.006275	6.6
1856	-0.570644	105.936472	0.009036	7.4
1857	-1.245571	105.904006	0.011884	6.7
1858	-0.000000	105.871566	0.000000	6.9
1859	-0.000000	105.839153	0.000000	6.4
1860	-0.000000	105.806767	0.000000	8.3
1861	-0.001132	105.774407	0.000140	12.3
1862	-0.363325	105.742073	0.006913	6.7
1863	-0.237998	105.709766	0.002561	6.7
1864	-0.852182	105.677485	0.006077	11.1
1865	-0.677639	105.645230	0.004933	3.9
1866	-0.060796	105.613001	0.000868	14.1
1867	-0.000000	105.580799	0.000000	7.2
1868	-0.841995	105.548623	0.010802	6.8
1869	-0.000000	105.516473	0.000000	6.2
1870	-1.155845	105.484349	0.015770	7.0
1871	-1.207934	105.452251	0.009142	6.3
1872	-0.679209	105.420179	0.010633	6.6
1873	-0.918615	105.388133	0.005751	7.7
1874	-0.530312	105.356113	0.007345	13.5
1875	-0.057948	105.324119	0.001281	6.4
1876	-1.048816	105.292151	0.009041	6.9
1877	-0.294207	105.260209	0.001688	6.7
1878	-0.310643	105.228293	0.007558	7.7
1879	-0.920874	105.196402	0.003203	6.4
1880	-0.442111	105.164537	0.005329	6.7
1881	-0.461156	105.132698	0.004436	6.3
1882	-0.797434	105.100885	0.009136	6.4
1883	-0.000000	105.069097	0.000000	5.9
1884	-1.074007	105.037335	0.008978	6.8
1885	-0.000000	105.005598	0.000000	6.8
1886	-0.000000	104.973887	0.000000	11.8
1887	-0.000000	104.942202	0.000000	12.4
1888	-0.189158	104.910542	0.002167	7.1
1889	-0.090130	104.878907	0.000545	6.5
1890	-1.064608	104.847298	0.007014	7.8
1891	-0.000000	104.815715	0.000000	6.6
1892	-0.000000	104.784156	0.000000	11.5
1893	-1.271062	104.752623	0.012226	12.2
1894	-0.000000	104.721116	0.000000	7.1
1895	-1.346258	104.689633	0.011649	6.8
1896	-0.412841	104.658176	0.003647	6.7
1897	-0.526637	104.626744	0.012534	6.5
1898	-0.162616	104.595337	0.002053	10.1
1899	-0.000000	104.563955	0.000000	6.3
1900	-0.193293	104.532599	0.007507	7.6
1901	-0.698003	104.501267	0.007879	6.8
1902	-1.016092	104.469960	0.007282	6.6
1903	-0.000000	104.438679	0.000000	13.9
1904	-0.519352	104.407422	0.004255	8.6
1905	-0.000000	104.376191	0.000000	9.3
1906	-0.246339	104.344984	0.003468	7.0
1907	-0.388091	104.313802	0.002327	7.1
1908	-0.608190	104.282645	0.011400	9.7
1909	-1.286411	104.251513	0.009954	6.6
1910	-0.287273	104.220405	0.008224	11.2
1911	-0.743361	104.189323	0.005017	6.8
1912	-0.000000	104.158265	0.000000	10.7
1913	-0.585533	104.127231	0.005318	6.9
1914	-0.889425	104.096222	0.006715	6.8
1915	-0.672637	104.065238	0.009259	6.7
1916	-0.000000	104.034279	0.000000	11.1
1917	-0.000000	104.003344	0.000000	6.6
1918	-0.000000	103.972433	0.000000	6.7
1919	-0.991045	103.941547	0.014665	7.0
1920	-0.614564	103.910686	0.009232	6.9
1921	-0.353342	103.879849	0.006976	6.9
1922	-0.473813	103.849036	0.003005	6.4
1923	-0.000000	103.818248	0.000000	7.7
1924	-0.881011	103.787484	0.005028	11.4
1925	-0.457230	103.756744	0.003549	6.9
1926	-0.773526	103.726029	0.005562	9.0
1927	-0.352908	103.695338	0.007603	7.1
1928	-0.000000	103.664671	0.000000	6.3
1929	-0.000000	103.634028	0.000000	6.7
1930	-1.309056	103.603409	0.007407	6.5
1931	-0.990927	103.572814	0.004049	6.5
1932	-0.000000	103.542244	0.000000	10.6
1933	-0.209974	103.511698	0.002916	6.5
1934	-0.464359	103.481175	0.010339	6.8
1935	-0.690913	103.450677	0.007711	6.7
1936	-0.262912	103.420202	0.004926	6.8
1937	-0.000000	103.389752	0.000000	8.9
1938	-0.000000	103.359325	0.000000	8.7
1939	-0.475009	103.328922	0.003605	7.2
1940	-0.583107	103.298543	0.010282	6.6
1941	-0.000000	103.268188	0.000000	8.8
1942	-0.454103	103.237857	0.006118	6.3
1943	-0.000000	103.207549	0.000000	11.9
1944	-0.332005	103.177265	0.002621	6.7
1945	-0.649999	103.147005	0.004693	6.8
1946	-0.166011	103.116768	0.004928	8.6
1947	-1.018194	103.086556	0.014192	6.9
1948	-0.483559	103.056366	0.003006	12.3
1949	-0.558219	103.026200	0.007854	7.0
1950	-0.762093	102.996058	0.010721	6.9
1951	-0.120225	102.965939	0.003580	6.7
1952	-0.147966	102.935844	0.002182	6.8
1953	-0.663337	102.905772	0.009761	6.6
1954	-0.535752	102.875724	0.008141	10.5
1955	-0.376146	102.845699	0.008371	7.1
1956	-0.939016	102.815697	0.007665	6.7
1957	-0.945201	102.785719	0.014883	6.7
1958	-0.257004	102.755764	0.005306	6.5
1959	-1.186755	102.725832	0.015585	6.7
1960	-0.000618	102.695924	0.000211	6.7
1961	-0.358996	102.666038	0.007257	6.5
1962	-0.553687	102.636176	0.008582	9.6
1963	-1.027794	102.606337	0.008292	10.8
1964	-0.107701	102.576521	0.001954	6.8
1965	-0.000000	102.546728	0.000000	6.6
1966	-0.751479	102.516959	0.007164	6.5
1967	-0.054273	102.487212	0.002514	6.7
1968	-0.000000	102.457488	0.000000	6.9
1969	-0.526390	102.427788	0.006215	17.2
1970	-0.675142	102.398110	0.018730	2.4
1971	-0.000000	102.368455	0.000000	7.0
1972	-0.423539	102.338823	0.009327	6.6
1973	-0.879800	102.309214	0.011818	7.0
1974	-0.060738	102.279628	0.002469	11.4
1975	-0.000000	102.250064	0.000000	10.5
1976	-1.026079	102.220524	0.009646	6.7
1977	-1.143668	102.191006	0.012393	6.9
1978	-1.358547	102.161511	0.005927	6.4
1979	-0.201051	102.132038	0.000814	6.5
1980	-0.539134	102.102588	0.010859	6.9
1981	-0.321778	102.073161	0.003665	6.9
1982	-0.649085	102.043757	0.005067	6.3
1983	-0.000000	102.014375	0.000000	6.8
1984	-1.074093	101.985015	0.011042	6.9
1985	-0.000000	101.955678	0.000000	7.2
1986	-0.672053	101.926364	0.010098	6.6
1987	-1.318092	101.897072	0.010624	6.9
1988	-0.161804	101.867802	0.002484	10.3
1989	-0.689223	101.838555	0.016739	6.8
1990	-0.249415	101.809330	0.003976	6.7
1991	-0.000000	101.780128	0.000000	6.5
1992	-0.692252	101.750948	0.005754	6.5
1993	-1.364390	101.721790	0.014699	6.4
1994	-0.546590	101.692654	0.008514	6.6
1995	-0.354247	101.663541	0.005367	6.6
1996	-0.793042	101.634450	0.010483	12.3
1997	-0.000000	101.605381	0.000000	9.4
1998	-0.712037	101.576335	0.006337	6.0
1999	-0.594158	101.547310	0.009110	6.4
