1:ItNr	2:Metric	3a:Time	3b:StepSize	4:||Gradient||	Time[ms]
0	-0.722429	0.000000	490.331712	0.004336	1789.1
1	-0.691741	0.000000	490.331712	0.010285	12.2
2	-0.662896	0.992795	468.197235	0.014731	6.4
3	-0.659692	1.992795	447.834455	0.009889	9.1
4	-0.656350	2.992795	429.169082	0.007867	5.6
5	-0.699462	3.992795	411.997371	0.007485	15.4
6	-0.673606	4.992795	396.146926	0.009620	1.5
7	-0.651975	5.983178	381.606868	0.010037	11.0
8	-0.666675	6.983178	367.969859	0.008279	6.2
9	-0.695754	6.722224	371.433621	0.008387	11.2
10	-0.711885	7.722224	358.501697	0.005106	5.1
11	-0.673473	8.722175	346.440525	0.007075	5.9
12	-0.680682	9.722175	335.163963	0.005108	7.7
13	-0.673484	10.389303	328.040600	0.008470	6.2
14	-0.677814	10.131280	330.759474	0.005452	10.4
15	-0.721128	11.131280	320.465472	0.006996	5.9
16	-0.684508	12.131258	310.793087	0.005771	6.5
17	-0.662759	13.131257	301.687273	0.011491	5.9
18	-0.662017	14.130931	293.102561	0.008045	5.9
19	-0.682603	15.130931	284.990328	0.010030	7.3
20	-0.710607	14.869947	287.063878	0.004057	8.0
21	-0.685706	15.869946	279.278035	0.003959	8.0
22	-0.689159	15.610240	281.259176	0.006579	6.1
23	-0.699650	15.349256	283.278589	0.005173	5.7
24	-0.673879	16.349181	275.694557	0.006626	5.9
25	-0.692463	17.335104	268.604096	0.008476	6.0
26	-0.689656	18.335104	261.775486	0.008572	8.0
27	-0.696335	19.335104	255.285469	0.003600	5.8
28	-0.695622	20.334973	249.110264	0.005985	9.0
29	-0.681079	21.334514	243.228632	0.011311	6.3
30	-0.683370	22.334514	237.615817	0.006334	6.1
31	-0.699434	23.334514	232.256204	0.006219	6.0
32	-0.709622	24.334355	227.133838	0.011312	6.5
33	-0.694272	25.334355	222.231777	0.004531	5.8
34	-0.667655	26.291052	217.736031	0.008915	10.1
35	-0.671693	26.030152	218.943922	0.006880	5.7
36	-0.688149	27.030152	214.385454	0.004989	6.4
37	-0.696898	28.030112	210.013101	0.006672	6.1
38	-0.671168	29.030083	205.815490	0.004026	9.5
39	-0.683554	30.029442	201.784803	0.008616	6.3
40	-0.660802	31.029367	197.906808	0.012298	8.6
41	-0.701969	32.029367	194.174785	0.004921	6.2
42	-0.680710	33.029367	190.580910	0.005635	5.9
43	-0.703919	33.826908	187.808619	0.003279	11.7
44	-0.681647	34.097917	186.884851	0.007018	6.0
45	-0.696965	34.174233	186.626353	0.009487	6.8
46	-0.698214	35.174233	183.304076	0.005155	5.9
47	-0.676744	34.913250	184.159674	0.004656	6.3
48	-0.685083	35.913183	180.924092	0.003100	6.0
49	-0.686596	35.687649	181.643904	0.009176	6.1
50	-0.691747	36.341014	179.574185	0.006843	6.4
51	-0.705220	37.340675	176.497203	0.004885	11.0
52	-0.702241	38.340674	173.522902	0.010315	9.8
53	-0.691310	38.079689	174.289440	0.009334	10.5
54	-0.678115	39.079689	171.388469	0.009361	5.8
55	-0.690507	38.819488	172.133971	0.004251	6.1
56	-0.671005	39.480088	170.253818	0.005023	10.9
57	-0.702086	40.475959	167.495816	0.003860	6.5
58	-0.654378	40.531031	167.345902	0.006754	10.8
59	-0.670165	40.869222	166.431153	0.004821	6.0
60	-0.688290	40.610070	167.131215	0.005988	10.6
61	-0.684286	41.608869	164.464974	0.003801	5.7
62	-0.682313	42.605770	161.887294	0.004016	6.3
63	-0.661060	43.403176	159.882891	0.004241	6.5
64	-0.711288	43.171520	160.460060	0.008316	11.2
65	-0.700951	44.171502	157.997985	0.004269	7.8
66	-0.670777	43.910518	158.633244	0.005406	6.1
67	-0.702602	44.910460	156.226583	0.004480	5.8
68	-0.689938	45.910415	153.891826	0.002358	9.6
69	-0.683407	45.724286	154.321111	0.004139	5.5
70	-0.671313	45.483234	154.880641	0.004393	6.2
71	-0.700894	46.480420	152.591907	0.006047	5.9
72	-0.693477	46.219435	153.184357	0.008536	5.9
73	-0.699287	47.219435	150.938893	0.006358	6.1
74	-0.686294	46.958527	151.518379	0.004548	11.0
75	-0.682261	47.958487	149.321229	0.005913	6.2
76	-0.700116	47.709961	149.861328	0.007140	7.7
77	-0.673972	48.709961	147.711545	0.002085	5.7
78	-0.689765	49.257128	146.561157	0.005734	11.3
79	-0.688848	49.053086	146.988041	0.006012	6.0
80	-0.714525	48.792131	147.537634	0.008536	8.4
81	-0.709564	49.792131	145.453537	0.008263	11.0
82	-0.671288	50.792131	143.427500	0.012802	11.5
83	-0.680715	51.792131	141.457129	0.009581	5.9
84	-0.675524	52.792131	139.540162	0.005073	5.9
85	-0.674615	52.531151	140.035425	0.004656	10.9
86	-0.696593	53.531039	138.156748	0.004023	5.5
87	-0.685477	54.501991	136.380059	0.003497	5.9
88	-0.673334	54.253812	136.829825	0.008362	11.0
89	-0.701048	53.993189	137.305348	0.004261	10.9
90	-0.687991	54.975980	135.529228	0.004383	6.6
91	-0.675866	55.975735	133.768985	0.007228	9.2
92	-0.716325	55.715316	134.223079	0.006672	5.8
93	-0.670674	56.715316	132.495967	0.005011	11.5
94	-0.684114	57.715307	130.812752	0.003595	10.0
95	-0.702223	57.454338	131.247885	0.004598	5.6
96	-0.696291	58.343279	129.777418	0.004516	8.4
97	-0.689305	59.342719	128.163025	0.005761	6.4
98	-0.689437	60.342376	126.587967	0.004086	6.0
99	-0.652181	61.341937	125.051296	0.007958	5.8
100	-0.692249	62.338343	123.556164	0.007215	5.5
101	-0.708258	63.338343	122.091158	0.005513	7.4
102	-0.681913	64.338341	120.660490	0.006497	4.5
103	-0.704367	64.077356	121.030630	0.008278	3.9
104	-0.660096	65.077356	119.624562	0.004115	5.0
105	-0.698297	64.816373	119.988361	0.008272	8.5
106	-0.692997	65.816368	118.606274	0.008631	6.0
107	-0.688998	65.555934	118.963143	0.002407	5.8
108	-0.677480	66.405455	117.806903	0.007101	6.3
109	-0.672932	66.996495	117.015637	0.008657	14.2
110	-0.679551	67.996495	115.700803	0.006443	1.9
111	-0.707503	68.995795	114.416078	0.011674	6.4
112	-0.682668	69.995795	113.158700	0.006261	5.9
113	-0.678805	70.995795	111.928658	0.008321	6.6
114	-0.679965	70.734811	112.247094	0.009025	6.1
115	-0.704763	71.734665	111.036859	0.008126	5.2
116	-0.702074	72.734665	109.852272	0.005416	5.1
117	-0.692279	72.473705	110.158959	0.003648	6.5
118	-0.693381	72.226972	110.450502	0.008704	13.7
119	-0.694195	73.181910	109.330613	0.004503	9.7
120	-0.703464	73.930159	108.468858	0.004656	5.0
121	-0.708897	74.832707	107.447303	0.005891	9.9
122	-0.700984	74.571724	107.740716	0.003440	5.7
123	-0.672602	74.405034	107.928958	0.004291	6.3
124	-0.685230	74.874085	107.400931	0.007930	5.6
125	-0.709714	74.613107	107.694084	0.003823	6.0
126	-0.700948	75.612950	106.579563	0.007061	5.8
127	-0.699279	76.582656	105.520451	0.006243	9.1
128	-0.680442	77.582656	104.450076	0.003170	5.6
129	-0.696071	77.321811	104.727180	0.004413	5.8
130	-0.702154	77.069274	104.996862	0.007778	5.8
131	-0.662021	78.069273	103.937029	0.009695	6.1
132	-0.684107	79.069273	102.898379	0.007266	6.0
133	-0.674130	79.460196	102.497968	0.009130	5.9
134	-0.671443	80.460196	101.487740	0.006344	5.2
135	-0.677633	80.199211	101.749469	0.005632	6.9
136	-0.675533	79.938229	102.012548	0.007339	6.6
137	-0.669068	80.136567	101.812492	0.006442	6.4
138	-0.679621	81.136567	100.815665	0.004547	10.4
139	-0.700612	81.629241	100.331697	0.009697	7.1
140	-0.714232	82.628835	99.363907	0.003849	7.5
141	-0.685933	83.628790	98.414270	0.004980	9.0
142	-0.706662	83.381562	98.647364	0.004521	6.2
143	-0.675258	83.588487	98.452193	0.007262	5.9
144	-0.679427	84.588487	97.519779	0.009560	6.6
145	-0.682285	85.588090	96.605221	0.007937	11.6
146	-0.678301	86.581248	95.713390	0.007874	4.7
147	-0.679893	87.581248	94.831899	0.003980	4.4
148	-0.699644	88.577862	93.969400	0.008094	8.4
149	-0.709869	89.577861	93.119597	0.006161	8.2
150	-0.689837	89.316936	93.339847	0.005839	7.1
151	-0.696420	90.316930	92.501346	0.005073	6.7
152	-0.675060	90.055987	92.718693	0.008797	6.4
153	-0.690905	89.795120	92.936999	0.005464	5.8
154	-0.684643	90.404670	92.428495	0.005220	9.5
155	-0.694851	90.143876	92.645374	0.005929	11.2
156	-0.698617	89.883754	92.862710	0.013855	5.6
157	-0.675586	90.883445	92.032972	0.002930	6.3
158	-0.707186	90.622516	92.248108	0.006657	6.3
159	-0.696638	90.611484	92.257227	0.005929	6.0
160	-0.671766	90.350981	92.473060	0.002872	5.8
161	-0.678356	90.090630	92.689779	0.004152	5.3
162	-0.696574	90.098366	92.683325	0.008331	8.9
163	-0.685288	91.093747	91.860306	0.004427	8.0
164	-0.709621	92.093747	91.048057	0.006378	7.9
165	-0.671754	91.832763	91.258653	0.012775	5.6
166	-0.704188	92.832763	90.456962	0.006587	5.8
167	-0.681812	93.832763	89.669235	0.003397	8.3
168	-0.691171	93.676667	89.791291	0.006244	6.0
169	-0.680492	93.416787	89.995238	0.003757	6.1
170	-0.683159	93.165089	90.193649	0.005017	5.9
171	-0.683355	92.908516	90.396805	0.005654	5.9
172	-0.665385	92.647554	90.604378	0.008742	10.4
173	-0.692949	92.386569	90.812924	0.006882	8.7
174	-0.693114	93.386569	90.019012	0.006072	6.9
175	-0.694409	94.317964	89.291951	0.005200	9.0
176	-0.683066	95.317964	88.524297	0.005153	10.0
177	-0.686898	96.317624	87.769983	0.009351	5.7
178	-0.686870	97.308317	87.035013	0.007469	6.0
179	-0.684448	98.308317	86.305516	0.004149	10.7
180	-0.695036	99.212877	85.656098	0.005094	5.3
181	-0.665486	99.955757	85.130019	0.006172	5.6
182	-0.700542	99.694773	85.314100	0.007401	7.1
183	-0.699443	100.694470	84.613261	0.004652	5.9
184	-0.695033	101.694470	83.923635	0.008413	6.0
185	-0.681171	101.441473	84.097044	0.003164	5.9
186	-0.694830	101.182974	84.274965	0.008038	6.4
187	-0.675035	102.182101	83.591414	0.003549	5.8
188	-0.683170	101.921121	83.768891	0.009282	5.9
189	-0.680988	102.921112	83.092911	0.005984	6.0
190	-0.665133	103.921112	82.427748	0.006934	6.0
191	-0.699940	104.921112	81.773150	0.007812	8.3
192	-0.695325	105.920078	81.129527	0.011253	6.8
193	-0.679208	106.920078	80.495307	0.004583	6.0
194	-0.684049	106.659133	80.659846	0.007446	5.9
195	-0.686037	107.626980	80.052925	0.004733	6.5
196	-0.675456	108.625417	79.436319	0.007115	5.8
197	-0.679783	108.364464	79.596557	0.005956	11.2
198	-0.667810	108.103479	79.757463	0.004733	5.7
199	-0.685502	107.867587	79.903459	0.006748	13.0
200	-0.695372	108.867587	79.288190	0.005393	1.4
201	-0.677517	109.679896	78.795333	0.004365	13.4
202	-0.680598	110.678044	78.198048	0.003916	4.4
203	-0.675538	110.427928	78.346864	0.003201	7.5
204	-0.671576	110.169190	78.501407	0.009315	11.1
205	-0.683236	109.966174	78.623095	0.005994	1.6
206	-0.681521	110.867019	78.085984	0.006009	9.6
207	-0.693792	111.828548	77.520730	0.009393	5.8
208	-0.698940	111.567563	77.673344	0.007559	5.9
209	-0.667110	111.329681	77.812973	0.002583	5.7
210	-0.670649	111.069568	77.966227	0.003807	11.9
211	-0.676361	111.310024	77.824534	0.004215	5.6
212	-0.701374	111.051122	77.977118	0.007616	5.2
213	-0.709255	112.050952	77.391148	0.005128	5.9
214	-0.676932	111.789968	77.543252	0.008321	5.9
215	-0.701327	112.789955	76.963670	0.005116	6.1
216	-0.697959	112.528970	77.114097	0.007475	5.9
217	-0.691069	113.188086	76.735322	0.011444	7.0
218	-0.707976	112.927101	76.884857	0.007925	6.8
219	-0.691898	113.927101	76.315031	0.003356	7.5
220	-0.688914	114.837404	75.803613	0.013416	6.3
221	-0.672768	115.837397	75.249648	0.007286	7.2
222	-0.709924	116.837397	74.703717	0.006780	6.0
223	-0.691784	116.577007	74.845108	0.004560	9.9
224	-0.692489	116.355169	74.965988	0.005680	5.9
225	-0.704826	116.358174	74.964348	0.004556	6.6
226	-0.732050	116.097678	75.106786	0.005482	5.9
227	-0.685021	116.569659	74.849106	0.003258	6.3
228	-0.698155	116.309983	74.990658	0.009078	10.9
229	-0.683993	117.309689	74.448623	0.005312	11.1
230	-0.688141	118.309689	73.914212	0.006851	11.0
231	-0.688289	119.309689	73.387419	0.007771	9.2
232	-0.688695	119.845625	73.108171	0.007945	5.2
233	-0.717538	119.584640	73.243890	0.007924	6.1
234	-0.679458	119.323655	73.380115	0.006370	6.1
235	-0.683850	120.323655	72.860881	0.006602	6.3
236	-0.699423	120.062670	72.995683	0.007003	5.9
237	-0.708620	121.062669	72.481856	0.005467	9.4
238	-0.695567	120.801685	72.615258	0.007888	6.2
239	-0.695527	120.540708	72.749148	0.009259	6.4
240	-0.685582	120.279723	72.883537	0.004705	10.9
241	-0.691220	120.042414	73.006166	0.003708	2.3
242	-0.654063	119.781698	73.141368	0.005042	5.4
243	-0.665718	119.845016	73.108487	0.006480	7.4
244	-0.677777	119.584087	73.244178	0.010349	5.7
245	-0.685113	120.584084	72.726860	0.006847	11.0
246	-0.693835	120.323100	72.861167	0.009670	6.4
247	-0.673816	120.062115	72.995970	0.005447	6.3
248	-0.681427	121.062115	72.482139	0.005896	6.0
249	-0.671754	122.062106	71.975496	0.004296	9.6
250	-0.672662	123.062103	71.475883	0.005912	5.8
251	-0.674519	122.809371	71.601495	0.009335	10.7
252	-0.666121	123.809352	71.107051	0.007608	5.8
253	-0.692137	124.809352	70.619379	0.006809	6.0
254	-0.702170	125.554907	70.260124	0.005827	7.2
255	-0.688627	125.293923	70.385466	0.007343	7.9
256	-0.683834	125.032939	70.511256	0.011864	6.7
257	-0.685525	124.771954	70.637497	0.004613	9.1
258	-0.693156	124.729723	70.657967	0.005533	11.0
259	-0.710129	124.468925	70.784643	0.008197	6.3
260	-0.678459	124.207940	70.911866	0.001945	11.3
261	-0.690483	124.009826	71.008746	0.005295	5.2
262	-0.670569	123.942095	71.041929	0.003602	6.5
263	-0.668483	124.941585	70.555393	0.003929	5.9
264	-0.711479	125.876301	70.106381	0.003331	5.9
265	-0.682248	125.901192	70.094502	0.003990	6.6
266	-0.668940	125.643446	70.217703	0.003125	5.9
267	-0.694384	125.790353	70.147430	0.006497	9.9
268	-0.699778	126.709976	69.710701	0.008747	6.3
269	-0.669090	127.306724	69.430203	0.005724	6.1
270	-0.669147	127.045739	69.552599	0.004867	7.3
271	-0.702396	126.784765	69.675423	0.006838	8.0
272	-0.694640	127.784763	69.207127	0.006275	11.1
273	-0.664820	128.784449	68.745227	0.006412	6.1
274	-0.692562	129.784204	68.289421	0.005559	6.5
275	-0.668366	129.523220	68.407824	0.008073	5.2
276	-0.675741	129.262236	68.526639	0.005701	5.9
277	-0.704599	130.261983	68.073721	0.004634	6.2
278	-0.689199	130.034595	68.176208	0.005146	5.9
279	-0.721566	129.784118	68.289460	0.005420	6.1
280	-0.705280	130.530553	67.953068	0.007636	6.0
281	-0.692537	130.269574	68.070304	0.005254	5.0
282	-0.693064	130.008795	68.187856	0.003821	7.4
283	-0.683818	129.987464	68.197489	0.004319	11.0
284	-0.682471	129.726674	68.315486	0.006055	6.2
285	-0.696596	130.723971	67.866441	0.006937	6.2
286	-0.697469	130.640282	67.903896	0.005228	5.4
287	-0.682872	130.379297	68.020965	0.007269	7.8
288	-0.683155	131.379209	67.574612	0.006771	6.4
289	-0.687319	131.118225	67.690548	0.005064	8.6
290	-0.690644	132.118204	67.248476	0.006346	7.9
291	-0.688001	133.108599	66.816297	0.004444	6.1
292	-0.686510	134.048786	66.411136	0.005132	4.6
293	-0.671994	133.787801	66.523110	0.004071	5.9
294	-0.679198	133.527112	66.635335	0.009491	10.5
295	-0.690764	133.266128	66.748068	0.004096	6.9
296	-0.691745	134.265863	66.318286	0.006020	11.0
297	-0.704218	135.256601	65.897798	0.005229	1.6
298	-0.681506	136.256596	65.478754	0.007385	5.9
299	-0.702845	135.995611	65.587604	0.008030	5.8
300	-0.706750	136.968283	65.183756	0.003860	11.2
301	-0.698435	137.968099	64.773788	0.005674	4.4
302	-0.691285	137.825421	64.831977	0.003658	6.3
303	-0.694168	137.571069	64.935969	0.009234	4.7
304	-0.712208	137.310085	65.043020	0.004833	5.8
305	-0.685296	138.308794	64.635264	0.009575	5.7
306	-0.689731	139.305674	64.233322	0.005533	5.8
307	-0.718565	140.305674	63.835113	0.006295	10.4
308	-0.716951	140.710170	63.675438	0.004230	5.5
309	-0.679514	141.690508	63.291744	0.004814	6.2
310	-0.728016	142.151607	63.112869	0.008220	6.2
311	-0.688926	143.151607	62.728390	0.005063	12.2
312	-0.670028	144.151607	62.348567	0.004178	5.4
313	-0.675825	143.891412	62.446951	0.005282	6.7
314	-0.670004	143.630428	62.545946	0.012940	8.1
315	-0.692801	144.630428	62.168323	0.005324	10.0
316	-0.692717	145.630428	61.795232	0.007102	6.8
317	-0.669415	146.622801	61.429387	0.009680	6.0
318	-0.697858	147.622801	61.065087	0.011087	9.2
319	-0.679260	147.361816	61.159746	0.005675	5.9
320	-0.697154	148.361816	60.798627	0.008383	10.9
321	-0.674654	149.361816	60.441748	0.008887	5.7
322	-0.672293	150.361816	60.089034	0.008631	5.9
323	-0.700017	150.100832	60.180689	0.005098	6.2
324	-0.703650	150.953332	59.882329	0.007061	9.0
325	-0.719410	151.953244	59.536125	0.003921	5.0
326	-0.706450	151.692259	59.626100	0.006120	4.6
327	-0.689171	151.481954	59.698802	0.005570	4.4
328	-0.681677	151.895599	59.555975	0.004027	10.6
329	-0.681963	151.634813	59.645941	0.005101	6.7
330	-0.696359	151.453208	59.708753	0.005985	5.9
331	-0.708601	151.250192	59.779126	0.006601	5.9
332	-0.668279	152.250187	59.434083	0.002760	8.3
333	-0.669517	152.949361	59.195193	0.004224	7.9
334	-0.691515	152.785581	59.250980	0.007733	4.5
335	-0.662645	152.524598	59.340094	0.006724	4.3
336	-0.703604	152.592933	59.316735	0.004540	4.3
337	-0.723219	153.592775	58.977045	0.003853	6.4
338	-0.698636	153.331856	59.065315	0.012438	5.9
339	-0.664369	153.070872	59.153871	0.008885	6.3
340	-0.692409	154.070801	58.816010	0.005057	6.1
341	-0.682709	155.070801	58.481962	0.006236	9.8
342	-0.692659	155.708196	58.271015	0.008125	12.4
343	-0.709220	156.708196	57.943112	0.003086	7.3
344	-0.701858	156.851131	57.896545	0.006603	4.3
345	-0.671790	157.845905	57.574513	0.005452	5.9
346	-0.667827	157.584921	57.658653	0.006364	5.5
347	-0.706713	157.479604	57.692676	0.003639	6.3
348	-0.695556	157.218837	57.777091	0.003923	7.8
349	-0.709767	157.013867	57.843617	0.006765	5.8
350	-0.702697	156.752885	57.928545	0.004614	5.9
351	-0.708560	156.491948	58.013707	0.008474	6.1
352	-0.688757	157.491937	57.688690	0.005395	10.1
353	-0.671641	158.491814	57.367329	0.012306	5.8
354	-0.680676	158.230829	57.450864	0.002672	6.2
355	-0.675567	157.984034	57.530081	0.006353	7.6
356	-0.690973	157.723219	57.614036	0.006787	11.0
357	-0.697211	157.462234	57.698291	0.005306	10.5
358	-0.706062	157.201249	57.782793	0.008380	5.8
359	-0.676293	158.201249	57.460347	0.006996	2.7
360	-0.673914	159.201249	57.141479	0.004397	6.0
361	-0.688636	158.940268	57.224356	0.006911	4.3
362	-0.705791	159.940267	56.908095	0.008376	5.8
363	-0.704474	159.679395	56.990261	0.004575	5.2
364	-0.688649	160.673420	56.678439	0.004005	7.0
365	-0.665622	161.663325	56.371283	0.003790	5.9
366	-0.705127	162.609784	56.080704	0.004768	6.2
367	-0.698239	163.605761	55.778140	0.005128	5.1
368	-0.679995	164.594103	55.481105	0.005962	5.6
369	-0.687729	165.104449	55.328962	0.005686	9.0
370	-0.707258	164.843478	55.406657	0.004588	15.9
371	-0.710062	165.825646	55.115377	0.004585	3.9
372	-0.709950	165.564825	55.192430	0.004735	4.1
373	-0.702815	166.564802	54.898178	0.005406	7.5
374	-0.709184	166.325867	54.968201	0.005727	8.2
375	-0.694487	167.325561	54.676412	0.006612	8.0
376	-0.666550	167.064576	54.752289	0.006059	7.9
377	-0.690691	168.064576	54.462693	0.003724	11.1
378	-0.704955	169.063591	54.176425	0.006109	4.4
379	-0.688706	170.063154	53.892997	0.008026	6.4
380	-0.692160	169.802169	53.966713	0.003879	6.1
381	-0.689278	169.541258	54.040611	0.004171	6.0
382	-0.677402	169.471798	54.060318	0.004797	6.1
383	-0.686056	169.849724	53.953266	0.008522	6.7
384	-0.674643	169.589143	54.027033	0.002653	11.4
385	-0.687048	169.488441	54.055595	0.007883	6.0
386	-0.656615	170.477670	53.776328	0.007013	6.4
387	-0.691508	170.216685	53.849725	0.008022	6.1
388	-0.675892	171.216685	53.569574	0.004359	9.5
389	-0.691710	170.973634	53.637397	0.007231	5.6
390	-0.689534	170.713280	53.710238	0.007462	10.0
391	-0.701679	170.452295	53.783455	0.004449	8.0
392	-0.659203	171.452295	53.503991	0.004661	10.7
393	-0.702951	172.300084	53.269330	0.005129	6.1
394	-0.719587	172.863661	53.114472	0.004558	12.9
395	-0.672675	173.856744	52.843775	0.006856	8.7
396	-0.669588	173.791922	52.861360	0.005226	12.5
397	-0.704588	173.530941	52.932279	0.003241	7.5
398	-0.685996	173.772483	52.866636	0.004596	6.0
399	-0.700654	174.516381	52.665490	0.007979	6.0
400	-0.723082	175.516381	52.397494	0.007678	8.2
401	-0.704224	175.255405	52.467171	0.002265	5.9
402	-0.685279	175.296995	52.456055	0.006539	5.8
403	-0.715219	176.283947	52.193633	0.002799	5.9
404	-0.694874	176.908397	52.028949	0.005647	5.6
405	-0.697787	176.648040	52.097486	0.004984	6.3
406	-0.698105	176.387056	52.166369	0.008763	5.9
407	-0.660700	177.387052	51.903417	0.005589	5.8
408	-0.711904	177.173426	51.959368	0.006000	5.3
409	-0.698232	176.916783	52.026745	0.002208	6.1
410	-0.701578	176.908353	52.028961	0.006085	5.9
411	-0.687786	177.871747	51.776917	0.006155	11.0
412	-0.712128	178.869273	51.518504	0.005745	2.2
413	-0.688806	178.623771	51.581863	0.002740	5.9
414	-0.670212	178.698111	51.562661	0.008988	5.9
415	-0.695254	179.696119	51.306254	0.003232	5.8
416	-0.663565	180.691588	51.053026	0.001992	5.9
417	-0.684953	180.858880	51.010716	0.005474	7.3
418	-0.707540	180.643416	51.065223	0.006976	7.6
419	-0.690937	181.643335	50.813248	0.005627	6.5
420	-0.728311	181.382352	50.878774	0.004866	6.0
421	-0.676614	181.321143	50.894167	0.003337	6.3
422	-0.686662	181.137889	50.940306	0.006645	5.9
423	-0.664271	180.985162	50.978824	0.007176	7.9
424	-0.676817	181.985162	50.727678	0.008910	11.8
425	-0.683361	182.876923	50.505794	0.005418	11.4
426	-0.669656	183.876923	50.259277	0.006185	5.3
427	-0.690482	183.947267	50.242026	0.006123	5.2
428	-0.688411	184.947139	49.998101	0.007481	6.0
429	-0.690378	184.686154	50.061541	0.005658	5.8
430	-0.682388	184.425172	50.125142	0.006779	7.5
431	-0.682965	185.425172	49.882317	0.008542	5.9
432	-0.689397	185.164187	49.945464	0.003188	10.5
433	-0.692155	184.904348	50.008492	0.004372	5.1
434	-0.701632	184.643652	50.071888	0.005810	6.3
435	-0.686325	185.051327	49.972820	0.005589	10.2
436	-0.700066	184.790345	50.036195	0.006958	3.0
437	-0.699692	184.529360	50.099732	0.003295	6.0
438	-0.696093	185.528986	49.857244	0.005844	9.7
439	-0.665086	186.528784	49.617049	0.004152	5.7
440	-0.677078	187.507848	49.384069	0.007126	10.2
441	-0.699224	188.507815	49.148362	0.007699	5.7
442	-0.685474	189.498857	48.916969	0.007355	5.8
443	-0.686129	189.237872	48.977693	0.006280	5.9
444	-0.701943	188.976888	49.038568	0.004938	5.9
445	-0.693617	188.716792	49.099387	0.005788	6.2
446	-0.659064	189.667279	48.877861	0.004492	6.0
447	-0.702999	189.406744	48.938384	0.004561	5.8
448	-0.702595	189.973913	48.806821	0.004222	5.8
449	-0.682304	189.713724	48.867087	0.007405	5.9
450	-0.721568	190.713492	48.636324	0.007651	6.2
451	-0.706134	191.713492	48.407677	0.010325	11.2
452	-0.702389	191.452523	48.467139	0.006038	8.6
453	-0.665322	192.452523	48.240076	0.004401	6.9
454	-0.685747	192.226115	48.291298	0.004083	9.1
455	-0.701303	192.298598	48.274888	0.014584	5.8
456	-0.678783	193.294240	48.050596	0.008371	6.2
457	-0.681725	194.294240	47.827410	0.004497	7.8
458	-0.692380	195.294240	47.606288	0.004602	5.8
459	-0.688814	196.294138	47.387224	0.004071	6.1
460	-0.678532	196.034702	47.443869	0.009103	5.8
461	-0.708705	195.773717	47.500989	0.006646	5.9
462	-0.674598	196.744216	47.289274	0.007932	6.0
463	-0.717394	196.483231	47.346022	0.005918	6.0
464	-0.701898	197.483231	47.129319	0.006254	8.0
465	-0.688988	197.222862	47.185551	0.004617	5.8
466	-0.681795	196.962091	47.242004	0.005257	9.9
467	-0.666533	197.962090	47.026250	0.007283	9.5
468	-0.692483	198.962089	46.812457	0.008942	4.3
469	-0.684873	199.962089	46.600600	0.004417	5.4
470	-0.700064	199.701114	46.655704	0.007426	6.0
471	-0.679998	199.453922	46.708019	0.008907	5.9
472	-0.690816	200.453922	46.497103	0.004865	5.9
473	-0.690434	200.989448	46.384934	0.004244	8.2
474	-0.689962	200.728710	46.439480	0.004475	6.8
475	-0.675187	200.472782	46.493144	0.005596	9.1
476	-0.665104	201.463070	46.286181	0.004885	5.8
477	-0.693227	202.440697	46.083664	0.006010	6.2
478	-0.674689	203.440254	45.878428	0.007368	4.5
479	-0.679044	204.440249	45.674923	0.004239	7.3
480	-0.675064	204.179472	45.727818	0.007580	11.9
481	-0.672444	205.179453	45.525647	0.006770	4.2
482	-0.707795	206.179453	45.325252	0.006608	11.2
483	-0.694984	205.924225	45.376231	0.004250	5.7
484	-0.659785	205.663240	45.428478	0.006357	10.7
485	-0.686210	206.340603	45.293123	0.007487	5.7
486	-0.683099	207.340603	45.094766	0.004754	6.6
487	-0.697124	208.318860	44.902395	0.005024	11.3
488	-0.671333	209.318640	44.707480	0.008042	5.8
489	-0.689839	209.953931	44.584502	0.003725	10.0
490	-0.710046	210.953814	44.392311	0.007626	6.3
491	-0.711854	210.705871	44.439815	0.003463	6.5
492	-0.689703	211.703403	44.249314	0.007382	6.2
493	-0.703597	211.443283	44.298832	0.005841	11.2
494	-0.654819	212.443283	44.109069	0.006740	9.1
495	-0.681473	212.268900	44.142044	0.004347	5.8
496	-0.676777	212.008900	44.191299	0.004426	5.9
497	-0.678715	211.757570	44.239016	0.003484	5.8
498	-0.685471	211.783212	44.234143	0.007343	6.0
499	-0.700664	212.783210	44.044934	0.002638	4.3
500	-0.661234	212.523492	44.093919	0.007145	4.3
501	-0.677450	212.312692	44.133758	0.004768	4.3
502	-0.682924	212.051707	44.183182	0.004061	4.4
503	-0.671410	211.797068	44.231510	0.010865	4.4
504	-0.718685	211.536085	44.281153	0.007873	5.4
505	-0.706937	212.536085	44.091541	0.008107	4.5
506	-0.689283	212.275349	44.140823	0.005359	4.3
507	-0.700529	213.273282	43.952797	0.006601	4.5
508	-0.690519	213.019025	44.000551	0.005285	4.3
509	-0.697342	214.018583	43.813412	0.004283	6.0
510	-0.680790	214.665651	43.693113	0.003802	5.5
511	-0.703489	215.558962	43.528116	0.002722	7.1
512	-0.671139	215.334382	43.569479	0.006447	6.4
513	-0.698817	216.288331	43.394321	0.002978	9.8
514	-0.671973	217.272939	43.215004	0.011796	5.6
515	-0.681941	218.271761	43.034606	0.004125	10.4
516	-0.696083	219.271759	42.855498	0.003725	5.0
517	-0.660088	219.552415	42.805498	0.005701	6.0
518	-0.716451	220.538286	42.630782	0.006537	11.7
519	-0.667941	221.118469	42.528626	0.005011	5.0
520	-0.684789	222.118469	42.353697	0.001755	5.8
521	-0.661618	222.329165	42.317023	0.007399	5.8
522	-0.675406	222.274497	42.326533	0.005314	5.9
523	-0.702711	223.274488	42.153260	0.006483	4.5
524	-0.679353	224.273712	41.981531	0.007579	4.4
525	-0.666741	224.013127	42.026181	0.005390	4.4
526	-0.686877	225.013119	41.855353	0.007199	6.3
527	-0.681947	225.488470	41.774635	0.008458	6.4
528	-0.662484	226.480314	41.607212	0.005088	5.7
529	-0.660338	226.219330	41.651136	0.004564	7.6
530	-0.681944	227.218842	41.483418	0.008391	6.0
531	-0.691940	226.957857	41.527081	0.010067	5.9
532	-0.699888	226.696872	41.570836	0.005468	6.1
533	-0.673628	226.435888	41.614683	0.006449	5.8
534	-0.694049	227.435884	41.447177	0.006953	5.9
535	-0.681863	228.435884	41.281013	0.004748	6.3
536	-0.676977	229.435380	41.116259	0.007051	8.9
537	-0.650289	230.434915	40.952809	0.004215	6.5
538	-0.687414	231.434792	40.790597	0.005201	9.6
539	-0.690645	231.474470	40.784187	0.004324	7.0
540	-0.687982	231.395612	40.796929	0.006650	10.9
541	-0.686807	231.152860	40.836205	0.004077	10.8
542	-0.722345	232.092804	40.684546	0.008592	9.6
543	-0.683707	231.831820	40.726543	0.003393	5.5
544	-0.691445	232.829032	40.566541	0.010915	6.2
545	-0.699812	232.568048	40.608294	0.010177	6.4
546	-0.667556	233.568048	40.448776	0.006620	10.7
547	-0.701661	233.307066	40.490286	0.008005	5.7
548	-0.698594	234.306849	40.331726	0.009037	6.2
549	-0.714797	235.306849	40.174369	0.003558	5.7
550	-0.705057	236.306373	40.018309	0.003453	5.9
551	-0.645195	236.700811	39.957057	0.005079	8.1
552	-0.697232	236.447982	39.996297	0.003198	5.8
553	-0.662647	236.189129	40.036552	0.006100	5.8
554	-0.681883	236.056395	40.057225	0.009466	5.9
555	-0.706883	235.795410	40.097936	0.013030	11.4
556	-0.686007	236.795410	39.942394	0.006843	6.4
557	-0.685848	237.795410	39.788055	0.004024	8.4
558	-0.703874	237.590249	39.819622	0.005853	5.8
559	-0.665857	237.334094	39.859106	0.009074	5.8
560	-0.727813	237.073596	39.899339	0.007427	7.2
561	-0.675216	237.552308	39.825465	0.009427	7.8
562	-0.680503	237.291323	39.865706	0.005599	6.2
563	-0.685400	238.291323	39.711957	0.006044	11.1
564	-0.678334	239.278889	39.561280	0.005104	5.8
565	-0.700452	239.103465	39.587961	0.005003	14.0
566	-0.702582	238.849639	39.626632	0.005763	3.1
567	-0.687422	238.594340	39.665603	0.006890	5.9
568	-0.696537	239.594281	39.513399	0.006770	13.1
569	-0.681239	239.333297	39.553012	0.006946	6.6
570	-0.716880	240.333296	39.401661	0.008455	6.6
571	-0.657319	240.072312	39.441049	0.007026	6.3
572	-0.692414	241.071062	39.290740	0.004136	10.8
573	-0.688888	241.403873	39.240907	0.006638	6.8
574	-0.682197	242.371382	39.096753	0.008239	5.9
575	-0.719131	243.181758	38.976824	0.004402	6.0
576	-0.691392	242.925666	39.014644	0.007455	5.9
577	-0.678690	242.909910	39.016973	0.006839	6.2
578	-0.682667	242.648925	39.055596	0.005884	7.7
579	-0.691344	243.648885	38.908027	0.003553	5.9
580	-0.675908	243.388295	38.946376	0.002804	11.6
581	-0.689510	243.131588	38.984228	0.006629	9.1
582	-0.694128	242.874080	39.022271	0.005340	5.5
583	-0.674037	243.121180	38.985764	0.005877	6.3
584	-0.661557	242.860195	39.024325	0.003013	9.7
585	-0.687926	243.643345	38.908841	0.006080	4.4
586	-0.681522	243.382610	38.947213	0.004331	6.4
587	-0.696386	244.382607	38.800455	0.005033	6.1
588	-0.700382	244.380719	38.800731	0.003865	6.5
589	-0.679782	245.349754	38.659566	0.003838	6.1
590	-0.695849	246.264168	38.527297	0.008632	6.1
591	-0.705734	247.241007	38.386994	0.004809	7.7
592	-0.685082	247.041870	38.415513	0.005993	11.0
593	-0.697911	248.036239	38.273528	0.003329	5.8
594	-0.699682	249.025662	38.133287	0.007566	6.4
595	-0.682877	248.777076	38.168424	0.004470	5.9
596	-0.669111	248.516091	38.205385	0.006531	6.6
597	-0.678121	249.500599	38.066333	0.006257	6.2
598	-0.686518	250.353996	37.946616	0.006200	5.8
599	-0.683353	250.093012	37.983148	0.003294	5.2
600	-0.694228	250.971749	37.860425	0.006693	6.4
601	-0.691489	250.711092	37.896745	0.005101	10.8
602	-0.704619	250.450108	37.933181	0.003979	5.1
603	-0.678702	251.429753	37.796775	0.007211	5.9
604	-0.686472	251.171297	37.832667	0.004701	6.1
605	-0.658054	250.910539	37.868948	0.010739	10.9
606	-0.659635	251.228934	37.824657	0.008418	6.1
607	-0.696874	252.228934	37.686221	0.004554	8.9
608	-0.702866	251.967954	37.722252	0.002308	11.6
609	-0.674554	252.062299	37.709219	0.003736	10.7
610	-0.699881	252.643906	37.629071	0.005662	5.4
611	-0.682686	253.641116	37.492441	0.003245	5.8
612	-0.678562	254.639713	37.356612	0.004078	6.3
613	-0.684225	254.380183	37.391819	0.003052	5.3
614	-0.685928	254.119813	37.427206	0.004557	5.8
615	-0.685650	255.009808	37.306522	0.006829	5.9
616	-0.705476	256.009744	37.171855	0.006911	5.8
617	-0.697379	257.009744	37.038148	0.007492	8.6
618	-0.681514	256.748828	37.072941	0.004181	5.5
619	-0.713112	256.581316	37.095313	0.005687	6.1
620	-0.661649	257.569537	36.963718	0.006922	11.3
621	-0.666221	258.569537	36.831502	0.008077	8.8
622	-0.678425	259.569537	36.700228	0.006979	6.4
623	-0.694252	260.277607	36.607841	0.005080	16.4
624	-0.695301	261.277595	36.478155	0.003249	1.7
625	-0.683849	261.025847	36.510717	0.009065	6.9
626	-0.675918	261.010556	36.512697	0.007582	6.1
627	-0.688882	262.010556	36.383682	0.007038	13.7
628	-0.688191	263.000659	36.256838	0.005206	8.9
629	-0.684169	262.739674	36.290187	0.006382	6.5
630	-0.688923	262.478689	36.323598	0.005207	6.0
631	-0.680685	263.474968	36.196387	0.004456	10.0
632	-0.692083	263.214005	36.229622	0.007899	7.8
633	-0.692258	262.955815	36.262564	0.005239	5.9
634	-0.701226	262.761224	36.287431	0.004841	8.2
635	-0.707915	262.563973	36.312673	0.005993	9.8
636	-0.731702	263.563619	36.185110	0.004447	5.8
637	-0.685112	264.563092	36.058462	0.005885	9.9
638	-0.687412	265.525989	35.937284	0.005693	5.5
639	-0.704384	265.265004	35.970048	0.005016	6.2
640	-0.664941	265.004500	36.002811	0.005000	5.9
641	-0.674759	265.583050	35.930129	0.003450	6.1
642	-0.689708	266.523913	35.812555	0.005844	7.2
643	-0.716245	266.268094	35.844447	0.006364	11.0
644	-0.662186	267.260803	35.721006	0.005050	7.1
645	-0.669493	268.259986	35.597616	0.003954	9.7
646	-0.718633	268.017860	35.627438	0.003046	10.5
647	-0.699723	268.715840	35.541605	0.006047	12.3
648	-0.709284	268.455092	35.573622	0.003910	9.2
649	-0.700656	268.201498	35.604815	0.004621	5.8
650	-0.676143	268.214037	35.603272	0.004797	9.7
651	-0.686926	268.690370	35.544730	0.004754	6.3
652	-0.686335	269.679612	35.423764	0.007532	11.4
653	-0.699073	270.670621	35.303405	0.003999	5.0
654	-0.686811	271.662984	35.183698	0.004025	3.7
655	-0.678244	272.094205	35.131933	0.004239	3.7
656	-0.675535	271.846353	35.161667	0.006562	3.8
657	-0.659074	272.840927	35.042654	0.006017	4.4
658	-0.689991	272.599230	35.071502	0.003819	3.9
659	-0.675156	273.541505	34.959304	0.010492	3.7
660	-0.662376	274.343791	34.864339	0.005634	3.7
661	-0.707666	274.082806	34.895174	0.005237	3.7
662	-0.675932	275.082558	34.777347	0.005532	5.8
663	-0.723679	276.082163	34.660331	0.005661	6.5
664	-0.679209	276.555478	34.605197	0.007386	7.3
665	-0.685979	276.294494	34.635576	0.004991	5.8
666	-0.712543	276.062071	34.662675	0.006152	8.6
667	-0.685550	275.801126	34.693150	0.005827	5.5
668	-0.670710	276.801115	34.576653	0.004442	6.5
669	-0.689400	276.579556	34.602397	0.004593	11.0
670	-0.691810	276.673011	34.591534	0.006705	6.1
671	-0.693464	277.673011	34.475716	0.006466	10.6
672	-0.675813	277.412061	34.505864	0.007562	6.2
673	-0.705268	278.412061	34.390618	0.008094	6.3
674	-0.685999	278.151076	34.420621	0.004620	11.1
675	-0.695527	278.161169	34.419460	0.003113	13.0
676	-0.677254	278.378414	34.394484	0.003463	5.9
677	-0.696687	278.597298	34.369355	0.006358	8.2
678	-0.682115	278.336365	34.399315	0.005812	6.1
679	-0.692468	278.075380	34.429333	0.004736	5.8
680	-0.669075	279.075358	34.314600	0.006015	8.6
681	-0.685719	278.814375	34.344471	0.008140	6.1
682	-0.688580	279.812109	34.230557	0.004871	9.8
683	-0.689502	280.812109	34.117140	0.006905	5.6
684	-0.693617	281.812109	34.004472	0.007255	5.9
685	-0.684855	281.551124	34.033805	0.005129	6.0
686	-0.689473	281.309049	34.061058	0.002778	5.8
687	-0.693119	281.073628	34.087603	0.003029	5.9
688	-0.638353	281.788430	34.007132	0.004415	6.0
689	-0.684028	281.529697	34.036215	0.003854	7.3
690	-0.723284	281.366523	34.054583	0.003324	8.3
691	-0.660391	281.105847	34.083968	0.007349	7.5
692	-0.686647	280.856937	34.112073	0.004080	11.5
693	-0.683321	280.936664	34.103066	0.006885	4.2
694	-0.660828	280.675680	34.132569	0.007494	6.3
695	-0.687205	281.602634	34.028012	0.007072	6.2
696	-0.696027	282.602634	33.915931	0.005601	5.9
697	-0.683093	282.341649	33.945111	0.004884	6.0
698	-0.693952	283.341648	33.833575	0.008431	5.9
699	-0.734424	284.335106	33.723492	0.006819	6.3
700	-0.701786	284.075393	33.752201	0.004126	8.4
701	-0.711752	285.072843	33.642207	0.004447	10.9
702	-0.679605	284.812389	33.670859	0.004700	6.4
703	-0.675532	284.555706	33.699145	0.002786	12.0
704	-0.698410	284.310847	33.726171	0.007569	9.7
705	-0.693323	284.052816	33.754699	0.003892	5.0
706	-0.662617	283.791832	33.783602	0.007061	9.1
707	-0.705671	283.530925	33.812546	0.010162	6.1
708	-0.698481	283.269942	33.841548	0.004772	9.8
709	-0.683482	284.150915	33.743848	0.006715	10.8
710	-0.661050	285.150875	33.633632	0.003358	5.8
711	-0.667317	284.896285	33.661625	0.007082	7.8
712	-0.676562	284.766984	33.675859	0.006004	5.8
713	-0.692570	284.505999	33.704628	0.005515	5.8
714	-0.694899	285.487039	33.596742	0.003985	5.8
715	-0.692198	286.317043	33.506004	0.006807	6.1
716	-0.692562	286.164935	33.522596	0.006107	11.1
717	-0.686397	287.164935	33.413814	0.006319	5.6
718	-0.715781	288.157612	33.306526	0.004017	6.0
719	-0.661048	289.157424	33.199160	0.007344	5.7
720	-0.674609	288.896500	33.227113	0.007695	6.1
721	-0.682193	288.635548	33.255116	0.004500	5.2
722	-0.672537	289.635526	33.148063	0.007951	5.9
723	-0.693226	290.635435	33.041704	0.008407	5.9
724	-0.668513	291.635435	32.936017	0.006495	6.2
725	-0.690843	291.374451	32.963534	0.008454	11.0
726	-0.697420	292.374451	32.858345	0.005870	6.0
727	-0.667248	293.374451	32.753826	0.005137	6.1
728	-0.680257	293.113514	32.781035	0.003337	5.8
729	-0.698153	293.448352	32.746128	0.007571	11.7
730	-0.696997	293.187374	32.773328	0.005889	10.8
731	-0.681318	292.935421	32.799631	0.003377	9.4
732	-0.681682	292.678710	32.826474	0.006285	6.1
733	-0.729989	292.547591	32.840201	0.005077	6.2
734	-0.675895	293.547516	32.735804	0.006255	5.4
735	-0.691833	293.438086	32.747197	0.003945	9.8
736	-0.698671	294.361931	32.651265	0.004325	5.8
737	-0.661002	295.000990	32.585233	0.005732	5.9
738	-0.658453	296.000872	32.482453	0.009195	6.2
739	-0.686770	297.000872	32.380307	0.003714	6.0
740	-0.684617	296.739889	32.406904	0.006913	5.6
741	-0.693581	296.505060	32.430872	0.005306	5.1
742	-0.679716	297.505060	32.329050	0.008408	4.3
743	-0.716471	297.244084	32.355561	0.006198	4.4
744	-0.682074	298.244084	32.254211	0.004471	4.5
745	-0.710542	299.243766	32.153525	0.007473	4.3
746	-0.706930	299.027872	32.175216	0.006397	7.2
747	-0.679941	298.766888	32.201477	0.007058	6.7
748	-0.658987	298.505958	32.227774	0.003574	5.9
749	-0.702373	298.264169	32.252182	0.003479	9.5
750	-0.679725	298.008971	32.277982	0.007267	6.3
751	-0.707542	297.747986	32.304411	0.012633	6.3
752	-0.694483	297.487001	32.330883	0.004198	6.3
753	-0.694575	298.487000	32.229687	0.004823	6.0
754	-0.694217	299.027163	32.175287	0.003100	6.2
755	-0.705154	299.798785	32.097896	0.007639	6.2
756	-0.664132	299.538112	32.123999	0.003015	5.8
757	-0.672297	299.630976	32.114695	0.005119	5.8
758	-0.700419	299.695476	32.108236	0.007062	5.9
759	-0.688778	299.434492	32.134387	0.006857	5.8
760	-0.685941	300.434492	32.034415	0.007764	6.3
761	-0.697338	301.433849	31.935127	0.004252	6.4
762	-0.712675	302.433849	31.836389	0.003740	7.6
763	-0.705341	303.411463	31.740450	0.004695	6.1
764	-0.706190	304.404189	31.643618	0.009411	6.9
765	-0.687886	305.404189	31.546672	0.003997	6.2
766	-0.693581	306.072646	31.482198	0.003823	6.2
767	-0.657822	305.835925	31.505000	0.006173	6.5
768	-0.695243	305.984122	31.490722	0.007297	8.0
769	-0.693231	306.983603	31.394758	0.004198	6.0
770	-0.667047	307.983602	31.299329	0.004744	5.8
771	-0.669967	307.777736	31.318927	0.006169	8.1
772	-0.670214	308.777618	31.223968	0.007110	5.7
773	-0.689931	308.516634	31.248699	0.004147	5.9
774	-0.689610	308.255649	31.273468	0.007059	6.6
775	-0.694759	309.214195	31.182687	0.007410	5.8
776	-0.703088	308.954399	31.207239	0.005847	11.7
777	-0.697850	309.954399	31.112945	0.003784	9.3
778	-0.718575	309.717790	31.135204	0.006719	2.9
779	-0.682847	309.606902	31.145647	0.006125	6.0
780	-0.706817	310.606125	31.051797	0.004204	5.9
781	-0.682013	310.368311	31.074082	0.005882	11.8
782	-0.682231	310.108758	31.098440	0.004332	2.6
783	-0.683786	310.175039	31.092216	0.010201	9.8
784	-0.664946	309.930403	31.115201	0.006017	11.0
785	-0.680692	310.930403	31.021461	0.007124	5.9
786	-0.683371	310.679249	31.044951	0.003056	11.0
787	-0.680468	311.497776	30.968526	0.006934	7.6
788	-0.702260	312.381515	30.886433	0.005684	20.0
789	-0.686472	312.120629	30.910622	0.005279	2.4
790	-0.674090	313.097929	30.820203	0.004251	9.5
791	-0.701894	312.837771	30.844221	0.003758	7.6
792	-0.695784	312.943829	30.834425	0.004830	6.0
793	-0.688356	312.685875	30.858261	0.004488	6.0
794	-0.691366	312.446853	30.880381	0.006984	7.9
795	-0.688280	312.185870	30.904570	0.006276	7.9
796	-0.682169	313.185764	30.812102	0.009332	5.8
797	-0.650546	314.185764	30.720177	0.005378	10.1
798	-0.697400	313.924780	30.744115	0.009038	7.3
799	-0.661679	313.663795	30.768091	0.008453	6.1
800	-0.664005	314.663795	30.676427	0.004264	11.1
801	-0.715542	315.663791	30.585309	0.004459	6.1
802	-0.693071	315.403465	30.608977	0.003759	8.6
803	-0.708787	315.928107	30.561315	0.004916	6.4
804	-0.679982	316.861654	30.476871	0.005828	11.4
805	-0.685295	317.711817	30.400374	0.006178	4.4
806	-0.693714	318.711817	30.310885	0.007461	6.0
807	-0.690257	318.450832	30.334190	0.003539	11.3
808	-0.696880	319.448689	30.245280	0.004387	6.6
809	-0.680318	320.305409	30.169361	0.008163	5.9
810	-0.688757	321.305409	30.081225	0.004798	5.8
811	-0.685390	321.085738	30.100541	0.004547	6.2
812	-0.667350	320.935084	30.113804	0.002259	6.5
813	-0.689751	320.762656	30.128997	0.004189	11.2
814	-0.683978	320.983908	30.109504	0.004014	5.9
815	-0.708018	321.558749	30.058978	0.011745	6.6
816	-0.700559	321.297847	30.081889	0.003165	5.7
817	-0.708594	321.036867	30.104842	0.006378	6.1
818	-0.693877	320.818418	30.124082	0.005362	11.4
819	-0.699059	321.818418	30.036210	0.006091	1.6
820	-0.699498	322.816291	29.949034	0.003988	6.2
821	-0.677519	323.813098	29.862456	0.004023	6.0
822	-0.679888	324.019076	29.844628	0.003007	6.4
823	-0.709654	324.574072	29.796697	0.004541	6.0
824	-0.697166	324.840268	29.773762	0.002758	6.4
825	-0.680053	325.190617	29.743631	0.005039	7.2
826	-0.679490	324.954331	29.763946	0.010424	6.2
827	-0.679459	325.954331	29.678159	0.002789	7.9
828	-0.698743	326.901671	29.597345	0.004041	6.0
829	-0.677473	327.848970	29.516974	0.004642	6.1
830	-0.676197	327.622423	29.536155	0.003804	7.0
831	-0.665013	327.469094	29.549151	0.004514	6.1
832	-0.699898	327.208665	29.571251	0.006466	7.6
833	-0.701719	326.947766	29.593424	0.005671	5.7
834	-0.671199	327.947766	29.508617	0.007638	5.6
835	-0.677978	328.947520	29.424315	0.003935	5.7
836	-0.697317	328.688432	29.446116	0.007629	5.2
837	-0.708543	329.305760	29.394224	0.007508	4.4
838	-0.687392	329.216448	29.401720	0.004066	4.4
839	-0.695617	328.955463	29.423647	0.006207	4.4
840	-0.666021	328.694588	29.445597	0.004173	4.4
841	-0.700175	329.694586	29.361634	0.006098	5.0
842	-0.671301	329.433997	29.383467	0.003798	4.9
843	-0.698474	329.174796	29.405217	0.010985	5.3
844	-0.679949	328.972937	29.422178	0.007010	6.0
845	-0.698658	329.972937	29.338347	0.006790	12.4
846	-0.679767	329.711952	29.360180	0.005977	7.9
847	-0.696320	329.779725	29.354507	0.008220	9.9
848	-0.659245	329.518740	29.376364	0.005587	6.2
849	-0.682816	330.518709	29.292796	0.006509	6.3
850	-0.697818	330.257725	29.314561	0.003990	6.0
851	-0.699287	330.200904	29.319304	0.006445	6.2
852	-0.698665	330.102205	29.327546	0.003627	10.8
853	-0.695730	330.066018	29.330569	0.003735	5.7
854	-0.689580	331.053560	29.248294	0.007266	11.3
855	-0.670190	330.792845	29.269970	0.008711	6.3
856	-0.705303	331.792840	29.187004	0.008384	8.5
857	-0.668913	332.792840	29.104506	0.006183	10.7
858	-0.677851	332.531863	29.125991	0.004950	6.4
859	-0.700317	332.270878	29.147509	0.004085	5.8
860	-0.689618	333.208621	29.070343	0.004743	5.8
861	-0.691419	334.207043	28.988631	0.008025	6.2
862	-0.683268	333.951839	29.009473	0.006284	10.8
863	-0.671989	334.951838	28.927975	0.004819	4.2
864	-0.692675	334.695678	28.948808	0.008975	5.9
865	-0.688531	335.695678	28.867650	0.005746	6.3
866	-0.687893	335.544070	28.879925	0.003149	5.8
867	-0.676173	336.455996	28.806248	0.003001	6.0
868	-0.689731	336.887310	28.771531	0.008569	5.7
869	-0.674672	336.727869	28.784355	0.006181	6.0
870	-0.683840	337.727869	28.704115	0.004090	7.0
871	-0.670405	338.279416	28.660050	0.008750	8.0
872	-0.692104	339.279414	28.580500	0.005316	11.5
873	-0.682998	340.211401	28.506758	0.005337	8.4
874	-0.681098	340.217247	28.506297	0.002479	6.0
875	-0.714525	340.025447	28.521441	0.009656	6.5
876	-0.696879	339.765557	28.541987	0.003466	5.8
877	-0.717044	340.706281	28.467755	0.002920	5.9
878	-0.665326	341.330630	28.418701	0.012883	5.6
879	-0.691210	342.328873	28.340621	0.004242	8.4
880	-0.693574	343.064306	28.283371	0.004362	8.7
881	-0.689743	342.805693	28.303477	0.004620	8.7
882	-0.691437	342.544846	28.323785	0.009643	8.0
883	-0.686726	342.283861	28.344133	0.005531	6.0
884	-0.718722	343.283861	28.266325	0.005549	5.6
885	-0.676849	344.253165	28.191312	0.009082	7.0
886	-0.685842	345.253163	28.114340	0.002433	8.5
887	-0.688462	346.235717	28.039119	0.007168	10.7
888	-0.687428	347.235535	27.962988	0.004154	4.2
889	-0.703547	346.974566	27.982820	0.005703	5.8
890	-0.682667	346.718701	28.002291	0.003638	9.6
891	-0.669955	346.459767	28.022023	0.005742	6.1
892	-0.685038	346.204302	28.041518	0.005056	6.1
893	-0.680614	346.538916	28.015988	0.006284	5.9
894	-0.685056	347.538062	27.940034	0.004687	6.0
895	-0.689563	347.277081	27.959834	0.005904	10.9
896	-0.693419	347.016137	27.979659	0.007889	6.4
897	-0.688128	346.755160	27.999515	0.004889	6.0
898	-0.656909	346.495942	28.019264	0.003628	6.1
899	-0.694435	346.620171	28.009796	0.007732	11.5
900	-0.695766	346.382336	28.027929	0.004940	3.5
901	-0.685367	347.382330	27.951845	0.006610	6.1
902	-0.699460	348.190680	27.890644	0.004730	9.3
903	-0.690742	347.929746	27.910371	0.003310	7.8
904	-0.700259	348.787083	27.845662	0.005526	10.9
905	-0.683724	348.544530	27.863938	0.003839	10.6
906	-0.695994	348.443066	27.871591	0.005059	9.7
907	-0.680417	348.183104	27.891217	0.010313	5.4
908	-0.686255	349.183104	27.815872	0.006734	5.9
909	-0.680222	350.180777	27.741108	0.004187	5.6
910	-0.699212	350.116533	27.745910	0.008431	5.8
911	-0.701299	349.885011	27.763230	0.005904	11.2
912	-0.683387	350.264049	27.734886	0.004411	6.5
913	-0.670458	351.262687	27.660484	0.004227	6.8
914	-0.689832	351.110112	27.671825	0.003284	5.8
915	-0.676624	351.214290	27.664080	0.008653	5.9
916	-0.686977	350.953325	27.683489	0.003797	6.0
917	-0.685307	350.884921	27.688582	0.002547	6.1
918	-0.666845	350.638991	27.706904	0.009622	10.9
919	-0.680564	351.433942	27.647765	0.004231	4.8
920	-0.686042	352.433940	27.573728	0.003346	6.3
921	-0.677330	352.246345	27.587587	0.001981	6.2
922	-0.696909	352.094000	27.598852	0.004817	6.3
923	-0.674349	352.356051	27.579481	0.005958	6.1
924	-0.691690	353.128770	27.522518	0.006112	11.4
925	-0.714032	352.890644	27.540047	0.005800	11.2
926	-0.659596	353.890537	27.466593	0.008658	6.7
927	-0.724992	353.629552	27.485728	0.009973	10.9
928	-0.680415	354.629552	27.412556	0.005011	6.1
929	-0.716554	355.629552	27.339772	0.004578	6.0
930	-0.691256	356.515500	27.275611	0.004165	8.3
931	-0.701903	357.457102	27.207749	0.006590	5.9
932	-0.704815	357.196299	27.226512	0.005562	6.2
933	-0.659712	358.196299	27.154711	0.003273	7.9
934	-0.697456	357.935970	27.173366	0.002718	5.8
935	-0.703226	358.002582	27.168590	0.003322	6.2
936	-0.703072	357.895424	27.176274	0.008461	6.1
937	-0.693078	357.634447	27.195006	0.006235	6.0
938	-0.697291	358.634447	27.123371	0.008599	5.9
939	-0.683770	359.634437	27.052113	0.006052	9.8
940	-0.701564	359.456556	27.064761	0.010287	6.2
941	-0.701358	360.456556	26.993810	0.006375	9.7
942	-0.714067	360.195571	27.012292	0.006714	6.4
943	-0.682242	360.091896	27.019640	0.003762	6.4
944	-0.661939	361.091885	26.948926	0.004703	5.8
945	-0.687370	360.830940	26.967343	0.004440	7.4
946	-0.693591	361.830778	26.896913	0.004963	5.9
947	-0.676471	361.654266	26.909320	0.004653	7.5
948	-0.715159	361.397284	26.927403	0.003825	7.9
949	-0.683866	362.372250	26.858924	0.004959	5.9
950	-0.700711	363.371238	26.789117	0.004542	10.1
951	-0.676727	363.221814	26.799535	0.005892	6.1
952	-0.674955	364.221811	26.729966	0.005678	9.7
953	-0.706218	365.220284	26.660863	0.006846	8.2
954	-0.687332	366.220284	26.592011	0.004517	7.7
955	-0.684489	367.220269	26.523515	0.003318	6.3
956	-0.689961	366.959328	26.541354	0.008173	6.5
957	-0.695665	366.698343	26.559221	0.006641	10.7
958	-0.683739	367.698343	26.490892	0.005221	6.2
959	-0.668793	367.437399	26.508688	0.003819	6.2
960	-0.677660	367.860417	26.479851	0.006336	6.1
961	-0.685291	368.699400	26.422843	0.006427	11.3
962	-0.686456	368.446623	26.439993	0.003112	11.2
963	-0.696013	369.403950	26.375158	0.011779	6.4
964	-0.673685	369.714303	26.354208	0.005613	11.4
965	-0.663126	369.453318	26.371823	0.003148	6.5
966	-0.681241	370.433841	26.305763	0.003206	5.6
967	-0.688835	370.260173	26.317440	0.008372	5.8
968	-0.681452	371.259160	26.250416	0.004299	6.0
969	-0.698443	372.259079	26.183670	0.006662	8.4
970	-0.664775	373.258820	26.117275	0.011184	5.2
971	-0.679353	372.997835	26.134575	0.004618	6.1
972	-0.684042	373.997835	26.068411	0.009496	8.5
973	-0.682235	373.736850	26.085647	0.005535	5.8
974	-0.710245	373.475866	26.102905	0.008151	10.0
975	-0.672102	374.475855	26.036902	0.005965	4.2
976	-0.667955	374.774509	26.017254	0.008191	7.4
977	-0.707941	375.774509	25.951682	0.007433	5.7
978	-0.714339	376.740546	25.888650	0.004805	5.4
979	-0.695211	377.649069	25.829650	0.005929	4.0
980	-0.700148	378.649069	25.765019	0.003226	7.9
981	-0.680965	378.808909	25.754719	0.006540	11.3
982	-0.679315	378.555555	25.771049	0.003162	7.1
983	-0.709012	378.466175	25.776816	0.003786	5.1
984	-0.697083	378.206897	25.793557	0.005265	6.0
985	-0.698531	379.206874	25.729108	0.009035	11.1
986	-0.680257	379.177378	25.731005	0.007504	5.4
987	-0.694961	380.177378	25.666866	0.005670	11.6
988	-0.694925	379.916394	25.683574	0.008339	9.0
989	-0.706841	380.916394	25.619671	0.005367	6.0
990	-0.693710	381.914281	25.556220	0.006287	11.5
991	-0.701478	381.653747	25.572756	0.007514	5.4
992	-0.685255	381.404922	25.588569	0.008844	8.2
993	-0.700812	381.143938	25.605175	0.004507	8.3
994	-0.708832	380.882954	25.621803	0.006426	5.8
995	-0.665423	381.881452	25.558302	0.003863	6.1
996	-0.681703	381.620498	25.574868	0.011224	7.9
997	-0.694222	381.359573	25.591453	0.004953	5.9
998	-0.694404	382.359573	25.528007	0.004025	5.8
999	-0.697310	383.358700	25.464930	0.008064	6.9
1000	-0.700295	383.097718	25.481376	0.006527	5.9
1001	-0.691345	384.016964	25.423542	0.007976	5.8
1002	-0.673757	383.758290	25.439790	0.006147	4.9
1003	-0.668643	384.758290	25.377093	0.004984	5.4
1004	-0.670769	384.497305	25.393426	0.005907	5.9
1005	-0.672521	384.236321	25.409780	0.005632	8.6
1006	-0.701994	383.982093	25.425731	0.011060	8.0
1007	-0.695726	383.721108	25.442127	0.005810	10.6
1008	-0.666164	383.460123	25.458544	0.004153	5.9
1009	-0.694510	384.459135	25.395817	0.003132	6.0
1010	-0.694361	384.295319	25.406082	0.004682	9.5
1011	-0.696169	384.057402	25.421004	0.006618	9.6
1012	-0.673589	383.796438	25.437393	0.006708	3.0
1013	-0.677180	384.793706	25.374878	0.009942	5.9
1014	-0.675221	385.793706	25.312501	0.004974	6.1
1015	-0.693095	386.793706	25.250429	0.005793	6.2
1016	-0.700245	387.143204	25.228807	0.007439	4.7
1017	-0.691920	386.882221	25.244949	0.004048	5.5
1018	-0.701634	387.665789	25.196545	0.013674	4.5
1019	-0.695407	388.665789	25.135040	0.008436	4.4
1020	-0.702765	388.404804	25.151063	0.004718	4.4
1021	-0.675259	388.144400	25.167070	0.004026	4.9
1022	-0.667950	387.883557	25.183126	0.009079	6.0
1023	-0.698136	388.839538	25.124384	0.007534	11.0
1024	-0.694968	389.839538	25.063230	0.005344	8.9
1025	-0.674486	389.578553	25.079162	0.005952	7.4
1026	-0.690080	390.578077	25.018257	0.006794	6.1
1027	-0.708476	390.322600	25.033796	0.005917	11.0
1028	-0.688102	391.314874	24.973550	0.005230	4.8
1029	-0.682043	391.059003	24.989057	0.004703	5.2
1030	-0.682868	390.798530	25.004863	0.004120	6.3
1031	-0.681948	390.538403	25.020668	0.010668	6.1
1032	-0.669761	391.538403	24.960018	0.006540	8.1
1033	-0.682068	392.538403	24.899661	0.005058	5.8
1034	-0.664883	392.668225	24.891846	0.003110	6.0
1035	-0.667242	393.568282	24.837805	0.005620	5.2
1036	-0.676877	393.312032	24.853167	0.006335	5.2
1037	-0.687374	394.312032	24.793324	0.005206	11.6
1038	-0.689598	395.312032	24.733770	0.009853	6.0
1039	-0.696725	395.051047	24.749285	0.005444	6.0
1040	-0.695811	396.051047	24.689941	0.002776	9.6
1041	-0.705727	396.871669	24.641455	0.004883	7.7
1042	-0.685565	397.477085	24.605806	0.004790	11.3
1043	-0.661414	397.216217	24.621154	0.006369	8.3
1044	-0.677731	397.957106	24.577614	0.001834	6.2
1045	-0.684556	397.798566	24.586918	0.003646	5.9
1046	-0.676656	398.023219	24.573736	0.006432	8.0
1047	-0.706825	397.792194	24.587292	0.003968	5.5
1048	-0.681698	397.531210	24.602624	0.004740	6.3
1049	-0.707837	397.270259	24.617973	0.004728	6.6
1050	-0.679701	397.009368	24.633338	0.008354	9.3
1051	-0.707333	396.748383	24.648727	0.004467	6.2
1052	-0.703879	396.766736	24.647644	0.006509	5.9
1053	-0.711934	396.663270	24.653750	0.003432	4.2
1054	-0.694677	396.402504	24.669152	0.005499	6.1
1055	-0.695892	396.146629	24.684284	0.005425	5.1
1056	-0.680777	395.885659	24.699737	0.005913	6.3
1057	-0.700508	395.624681	24.715209	0.005198	6.5
1058	-0.676193	395.393876	24.728908	0.007148	6.2
1059	-0.663683	395.132893	24.744417	0.004270	5.8
1060	-0.701506	396.130134	24.685260	0.004125	6.4
1061	-0.698157	396.345817	24.672503	0.004160	5.6
1062	-0.707188	396.146892	24.684269	0.004856	5.3
1063	-0.677765	395.892062	24.699357	0.003167	5.8
1064	-0.686854	396.862397	24.642002	0.003884	5.9
1065	-0.699681	396.654028	24.654296	0.003587	5.5
1066	-0.694165	396.837444	24.643473	0.002851	10.7
1067	-0.679163	397.080780	24.629130	0.002124	7.0
1068	-0.673376	396.865944	24.641793	0.003072	6.9
1069	-0.670051	396.628591	24.655797	0.002977	6.0
1070	-0.693293	396.500610	24.663355	0.004342	5.9
1071	-0.675094	397.421274	24.609088	0.003805	5.8
1072	-0.695108	397.165179	24.624159	0.009959	11.2
1073	-0.696849	396.949709	24.636854	0.005738	5.1
1074	-0.702199	397.947704	24.578165	0.006209	6.0
1075	-0.708948	397.706840	24.592304	0.006929	7.4
1076	-0.683158	397.445858	24.607642	0.002811	5.8
1077	-0.696080	397.254071	24.618926	0.003940	5.9
1078	-0.693197	397.034831	24.631837	0.007777	6.1
1079	-0.699944	398.034668	24.573065	0.005150	5.7
1080	-0.690873	397.789206	24.587467	0.009871	6.2
1081	-0.688311	397.529885	24.602702	0.007606	6.1
1082	-0.699081	398.529885	24.544058	0.005756	8.1
1083	-0.695006	398.389445	24.552277	0.006536	5.9
1084	-0.692628	398.184945	24.564255	0.005872	9.9
1085	-0.667420	398.383097	24.552649	0.005433	7.4
1086	-0.684054	399.334587	24.497070	0.005151	6.1
1087	-0.669794	399.073603	24.512290	0.003376	6.1
1088	-0.697523	398.812858	24.527514	0.006371	5.9
1089	-0.697469	398.556185	24.542520	0.004623	6.2
1090	-0.671634	398.295241	24.557794	0.009189	10.8
1091	-0.663470	398.035124	24.573038	0.003528	8.4
1092	-0.692810	397.774162	24.588351	0.003745	5.9
1093	-0.688306	397.527682	24.602831	0.009163	6.3
1094	-0.690074	397.266702	24.618182	0.007299	11.0
1095	-0.694087	398.266702	24.559465	0.006852	6.3
1096	-0.710255	398.005717	24.574762	0.009074	10.2
1097	-0.700484	399.004527	24.516321	0.007303	6.2
1098	-0.685258	398.743542	24.531565	0.005804	6.0
1099	-0.695241	398.483234	24.546788	0.003125	7.1
1100	-0.699067	399.483077	24.488419	0.007326	5.9
1101	-0.709351	399.222561	24.503601	0.004293	5.9
1102	-0.682984	399.747519	24.473028	0.004674	6.1
1103	-0.678401	399.666033	24.477769	0.009041	5.8
1104	-0.673282	400.654109	24.420409	0.004334	5.8
1105	-0.700801	400.393124	24.435534	0.008328	11.7
1106	-0.662925	401.392906	24.377696	0.006696	4.6
1107	-0.697371	402.392906	24.320119	0.004767	4.9
1108	-0.688341	403.392906	24.262814	0.003213	10.2
1109	-0.673307	404.010398	24.227562	0.002655	6.3
1110	-0.708174	404.099344	24.222493	0.003571	5.8
1111	-0.721570	403.955388	24.230699	0.005105	5.8
1112	-0.693396	404.931685	24.175158	0.005579	5.2
1113	-0.676166	405.872834	24.121858	0.004402	5.8
1114	-0.670225	406.872775	24.065485	0.003597	6.1
1115	-0.687431	407.870939	24.009475	0.005352	7.1
1116	-0.666533	408.859689	23.954249	0.005309	5.9
1117	-0.695637	408.599879	23.968736	0.005598	6.7
1118	-0.715573	409.599879	23.913072	0.003826	5.6
1119	-0.687616	409.342064	23.927398	0.004678	5.2
1120	-0.683305	409.919995	23.895308	0.005840	5.8
1121	-0.677300	410.249676	23.877040	0.006622	5.8
1122	-0.706879	409.988692	23.891499	0.007721	5.9
1123	-0.703178	410.984337	23.836434	0.003751	6.6
1124	-0.685827	411.109889	23.829508	0.008684	11.0
1125	-0.697199	411.973689	23.781967	0.004598	6.8
1126	-0.700245	411.712705	23.796311	0.007839	6.9
1127	-0.686550	411.451720	23.810672	0.004959	11.0
1128	-0.678621	412.451720	23.755739	0.005457	5.8
1129	-0.698283	413.440780	23.701656	0.008783	10.0
1130	-0.665859	413.179795	23.715903	0.004572	6.3
1131	-0.704417	414.179661	23.661414	0.003993	6.0
1132	-0.688767	414.951106	23.619543	0.003801	9.1
1133	-0.695381	415.950898	23.565499	0.007822	6.8
1134	-0.674658	416.219339	23.551030	0.005912	9.7
1135	-0.680863	415.958354	23.565097	0.005164	5.8
1136	-0.695072	416.958238	23.511296	0.005936	14.2
1137	-0.669337	417.957639	23.457767	0.004658	5.6
1138	-0.664807	418.957639	23.404449	0.006107	7.2
1139	-0.677434	419.957482	23.351380	0.004290	5.9
1140	-0.684402	420.718254	23.311162	0.003737	6.4
1141	-0.677330	420.458382	23.324885	0.005207	6.0
1142	-0.708931	421.431287	23.273594	0.008017	5.8
1143	-0.714578	421.172118	23.287235	0.006245	10.9
1144	-0.690345	422.171662	23.234712	0.006469	5.9
1145	-0.677201	421.910677	23.248403	0.008402	6.7
1146	-0.708447	422.910677	23.196031	0.006271	6.4
1147	-0.672291	422.649692	23.209677	0.004798	6.9
1148	-0.705600	422.395130	23.223002	0.004372	10.5
1149	-0.681021	422.134576	23.236657	0.006872	5.6
1150	-0.706532	422.695263	23.207293	0.008078	10.3
1151	-0.681856	423.591358	23.160518	0.009126	11.2
1152	-0.683684	424.591358	23.108540	0.004872	4.5
1153	-0.707672	425.086273	23.082903	0.004768	6.1
1154	-0.702057	424.827762	23.096287	0.005030	6.1
1155	-0.685460	425.827756	23.044598	0.003879	5.8
1156	-0.716379	426.722754	22.998532	0.006442	5.9
1157	-0.723427	426.461835	23.011942	0.004845	5.8
1158	-0.671200	426.200850	23.025372	0.008840	5.7
1159	-0.694280	427.200850	22.973999	0.005599	5.8
1160	-0.685430	428.200850	22.922855	0.004513	6.2
1161	-0.686323	428.110997	22.927441	0.007721	6.4
1162	-0.694860	427.850013	22.940772	0.008260	5.1
1163	-0.703173	427.589028	22.954119	0.006824	6.1
1164	-0.670105	428.589028	22.903063	0.008259	5.8
1165	-0.692449	429.589028	22.852234	0.006976	12.7
1166	-0.723995	430.589027	22.801630	0.007722	6.2
1167	-0.696223	431.209360	22.770351	0.007472	9.4
1168	-0.666738	431.205450	22.770548	0.011418	6.0
1169	-0.694153	430.944465	22.783697	0.006738	6.0
1170	-0.714242	430.683481	22.796862	0.003487	5.8
1171	-0.698032	431.681149	22.746620	0.003750	6.7
1172	-0.690001	432.120396	22.724570	0.010360	5.9
1173	-0.676862	433.085617	22.676265	0.005048	5.8
1174	-0.697717	432.824810	22.689297	0.003839	6.3
1175	-0.680581	433.769703	22.642155	0.003880	5.9
1176	-0.673749	434.745344	22.593683	0.006812	7.1
1177	-0.702112	434.484401	22.606627	0.007980	5.8
1178	-0.682725	434.223416	22.619588	0.007692	10.1
1179	-0.744723	435.223038	22.570026	0.007649	6.6
1180	-0.666961	434.962053	22.582945	0.006130	11.6
1181	-0.656634	435.773652	22.542819	0.004799	6.6
1182	-0.694673	436.035412	22.529908	0.006764	8.8
1183	-0.667708	435.774427	22.542781	0.009185	11.9
1184	-0.688014	436.774387	22.493539	0.004315	7.7
1185	-0.700161	437.774382	22.444509	0.007794	5.9
1186	-0.679402	438.676085	22.400482	0.005710	6.5
1187	-0.698670	439.676084	22.351857	0.006242	7.4
1188	-0.683941	439.415196	22.364522	0.004712	5.7
1189	-0.681779	440.415186	22.316053	0.007908	13.8
1190	-0.693615	440.251947	22.323951	0.002468	7.9
1191	-0.713208	440.001364	22.336086	0.009835	7.8
1192	-0.691556	440.433430	22.315171	0.007839	5.9
1193	-0.704961	441.433430	22.266915	0.004905	6.5
1194	-0.692809	442.433376	22.218870	0.006021	10.0
1195	-0.681428	442.172391	22.231390	0.005081	6.5
1196	-0.698021	443.172249	22.183502	0.004873	6.8
1197	-0.676249	444.166087	22.136106	0.008851	5.8
1198	-0.670520	445.043314	22.094440	0.004826	6.1
1199	-0.677044	446.043313	22.047133	0.006214	5.8
1200	-0.704097	445.782330	22.059460	0.002429	5.8
1201	-0.694348	445.736130	22.061643	0.004094	8.2
1202	-0.698915	445.739913	22.061464	0.005500	5.8
1203	-0.695628	446.737051	22.014433	0.004054	6.1
1204	-0.704242	446.481014	22.026490	0.006775	11.1
1205	-0.686954	447.461579	21.980385	0.004992	6.1
1206	-0.717854	447.200594	21.992638	0.008657	7.5
1207	-0.695485	448.200594	21.945765	0.006084	7.1
1208	-0.693153	447.939661	21.957976	0.008757	5.7
1209	-0.682581	447.678676	21.970204	0.004666	5.9
1210	-0.701526	448.662336	21.924189	0.007889	5.9
1211	-0.676018	449.662313	21.877609	0.005015	10.1
1212	-0.679118	450.662311	21.831225	0.003853	5.0
1213	-0.701530	450.414575	21.842697	0.005657	6.7
1214	-0.693876	450.174824	21.853812	0.007559	5.9
1215	-0.677716	451.174804	21.807529	0.004756	5.9
1216	-0.687947	451.288181	21.802294	0.004416	6.5
1217	-0.688251	452.283468	21.756445	0.004347	6.4
1218	-0.696171	453.283329	21.710580	0.004590	6.1
1219	-0.683326	454.116221	21.672520	0.007092	9.0
1220	-0.700809	455.116159	21.627004	0.003495	6.6
1221	-0.679132	456.116155	21.581675	0.005509	6.1
1222	-0.700700	455.855181	21.593487	0.006429	6.0
1223	-0.712490	455.609111	21.604635	0.005139	11.0
1224	-0.701300	456.609086	21.559401	0.007767	4.1
1225	-0.680364	456.351178	21.571050	0.004009	6.1
1226	-0.693819	457.350679	21.525977	0.006963	5.7
1227	-0.705033	457.725521	21.509123	0.002620	10.9
1228	-0.680118	458.208246	21.487456	0.004185	5.4
1229	-0.682521	458.357288	21.480775	0.008981	5.7
1230	-0.688199	458.096311	21.492476	0.007747	6.1
1231	-0.688600	457.835326	21.504190	0.005704	5.9
1232	-0.700570	457.574341	21.515917	0.005692	6.1
1233	-0.711891	457.317790	21.527458	0.004288	11.9
1234	-0.677173	458.294370	21.483595	0.007931	5.2
1235	-0.693042	459.293634	21.438897	0.004424	11.4
1236	-0.685306	459.032769	21.450548	0.003660	8.9
1237	-0.681026	460.032663	21.405960	0.004743	6.1
1238	-0.668012	459.772634	21.417538	0.004404	6.4
1239	-0.670236	459.511777	21.429165	0.004665	6.0
1240	-0.702107	460.464279	21.386770	0.003345	12.3
1241	-0.665029	461.444492	21.343317	0.008088	1.6
1242	-0.667736	461.183608	21.354865	0.003701	2.1
1243	-0.676491	462.136896	21.312729	0.006343	6.3
1244	-0.681118	463.132431	21.268903	0.005615	5.8
1245	-0.710637	464.129752	21.225179	0.004213	6.4
1246	-0.689526	465.129050	21.181548	0.007625	6.8
1247	-0.701573	464.946922	21.189487	0.004682	11.4
1248	-0.671308	465.946921	21.145972	0.005584	9.0
1249	-0.683929	466.946902	21.102636	0.005127	9.9
1250	-0.691909	466.685918	21.113929	0.007621	6.3
1251	-0.706201	466.424991	21.125232	0.009746	6.2
1252	-0.687581	467.424991	21.081980	0.005955	6.6
1253	-0.705818	467.164006	21.093251	0.004391	5.8
1254	-0.682118	468.150059	21.050730	0.006839	13.0
1255	-0.707342	467.889131	21.061965	0.004135	1.6
1256	-0.685699	467.632061	21.073046	0.006574	10.2
1257	-0.703097	467.371076	21.084308	0.007567	6.0
1258	-0.662970	467.601177	21.074378	0.003291	11.3
1259	-0.688636	467.903954	21.061327	0.007229	11.0
1260	-0.693827	467.657780	21.071937	0.010906	12.5
1261	-0.691875	467.396795	21.083197	0.006127	6.9
1262	-0.684465	467.135811	21.094469	0.004219	6.5
1263	-0.683580	466.878537	21.105593	0.004086	6.5
1264	-0.667168	466.699599	21.113337	0.004640	9.7
1265	-0.679961	467.698744	21.070171	0.007052	11.3
1266	-0.692160	468.688477	21.027585	0.006211	6.4
1267	-0.688582	469.683032	20.984964	0.003135	6.3
1268	-0.676594	470.674678	20.942640	0.005662	6.5
1269	-0.710431	470.414111	20.953745	0.004039	15.4
1270	-0.705119	470.160862	20.964549	0.007159	7.3
1271	-0.664615	470.821464	20.936390	0.003485	6.0
1272	-0.686818	470.868729	20.934378	0.009709	10.4
1273	-0.687407	471.252211	20.918069	0.007011	6.7
1274	-0.703057	472.252204	20.875661	0.005455	6.8
1275	-0.682339	471.991219	20.886713	0.004649	6.0
1276	-0.665259	471.735696	20.897544	0.007442	6.3
1277	-0.694571	472.735696	20.855219	0.004529	5.9
1278	-0.687690	472.481061	20.865980	0.002728	9.5
1279	-0.697430	472.515557	20.864521	0.005132	5.9
1280	-0.710713	472.524200	20.864156	0.006776	5.9
1281	-0.690551	472.274770	20.874706	0.004270	5.8
1282	-0.691913	472.013785	20.885757	0.003462	5.8
1283	-0.712740	472.553681	20.862910	0.004587	8.2
1284	-0.671429	472.367975	20.870763	0.006401	6.8
1285	-0.691568	473.355982	20.829051	0.006316	6.0
1286	-0.694646	474.355944	20.787004	0.009096	11.8
1287	-0.685281	475.355944	20.745125	0.004179	4.4
1288	-0.690481	476.355838	20.703418	0.006329	9.4
1289	-0.695063	476.094861	20.714288	0.005237	5.9
1290	-0.671455	477.094857	20.672701	0.006747	6.3
1291	-0.680751	476.838507	20.683346	0.004693	7.5
1292	-0.697714	476.577523	20.694194	0.004153	5.8
1293	-0.713763	476.333600	20.704344	0.005436	9.3
1294	-0.682967	476.073599	20.715174	0.004706	6.4
1295	-0.710133	477.021506	20.675746	0.003011	5.9
1296	-0.686531	477.701015	20.647574	0.003641	8.1
1297	-0.684633	478.631316	20.609128	0.004575	6.3
1298	-0.686802	478.931416	20.596757	0.005744	10.1
1299	-0.664668	478.670432	20.607515	0.008112	3.6
1300	-0.700511	479.670432	20.566355	0.006426	6.2
1301	-0.668085	479.409447	20.577081	0.011414	11.5
1302	-0.684239	480.409439	20.536043	0.005468	5.6
1303	-0.662629	480.148454	20.546738	0.006630	8.1
1304	-0.662630	481.148450	20.505820	0.006752	5.9
1305	-0.696358	480.887465	20.516484	0.006196	5.8
1306	-0.700972	481.884085	20.475824	0.009429	5.9
1307	-0.678607	481.623100	20.486456	0.004975	5.2
1308	-0.688832	482.578663	20.447582	0.009402	5.6
1309	-0.695196	482.357874	20.456551	0.005668	5.5
1310	-0.648467	483.354435	20.416130	0.006364	6.3
1311	-0.678987	483.210461	20.421960	0.003879	5.9
1312	-0.683010	484.210352	20.381542	0.004702	13.2
1313	-0.675609	485.210015	20.341292	0.008670	17.5
1314	-0.702693	486.210015	20.301188	0.002672	2.3
1315	-0.683146	487.208514	20.261302	0.004064	7.9
1316	-0.722217	486.955926	20.271377	0.004934	7.5
1317	-0.679105	487.367755	20.254955	0.006294	6.4
1318	-0.718410	488.366641	20.215234	0.005896	6.7
1319	-0.702463	488.105660	20.225597	0.005819	6.2
1320	-0.678440	487.844920	20.235961	0.006660	3.6
1321	-0.684340	488.782703	20.198735	0.004631	3.7
1322	-0.709408	489.763486	20.159949	0.005511	3.9
1323	-0.695526	490.760013	20.120693	0.006124	3.4
1324	-0.707832	491.760013	20.081453	0.008862	3.5
1325	-0.695906	491.499028	20.091679	0.003878	3.5
1326	-0.694096	492.499028	20.052552	0.004614	3.5
1327	-0.707892	492.918020	20.036203	0.008208	3.4
1328	-0.685334	492.663804	20.046119	0.005000	8.0
1329	-0.670137	492.402819	20.056310	0.006705	10.3
1330	-0.703839	493.402818	20.017320	0.005013	6.8
1331	-0.671740	493.141843	20.027481	0.003702	10.3
1332	-0.698122	493.547464	20.011693	0.003383	5.8
1333	-0.692681	493.924655	19.997034	0.007761	8.6
1334	-0.661387	494.922979	19.958339	0.006329	6.2
1335	-0.689768	494.661994	19.968441	0.006667	10.9
1336	-0.688390	495.661994	19.929792	0.003009	5.8
1337	-0.707087	496.652917	19.891641	0.007253	6.2
1338	-0.696105	496.792307	19.886286	0.004360	4.9
1339	-0.661405	497.792304	19.847954	0.003966	5.1
1340	-0.689183	498.212267	19.831900	0.005536	6.0
1341	-0.683276	498.731868	19.812073	0.007300	6.1
1342	-0.666479	499.731868	19.774027	0.005580	11.0
1343	-0.689289	499.476528	19.783728	0.005124	9.7
1344	-0.699706	500.476514	19.745790	0.002968	6.6
1345	-0.700948	500.241653	19.754687	0.006063	7.1
1346	-0.658686	500.254251	19.754210	0.005146	8.7
1347	-0.687839	501.144267	19.720538	0.002448	6.2
1348	-0.693496	501.197572	19.718525	0.006708	5.6
1349	-0.690715	500.942758	19.728152	0.006366	6.0
1350	-0.681968	501.942758	19.690427	0.007420	6.2
1351	-0.683922	502.942757	19.652845	0.004212	10.9
1352	-0.680720	503.939858	19.615516	0.008922	5.6
1353	-0.694945	504.939812	19.578221	0.004033	6.2
1354	-0.690622	505.939795	19.541067	0.005592	6.0
1355	-0.680611	505.678896	19.550747	0.005456	8.9
1356	-0.692742	506.678890	19.513697	0.008701	6.1
1357	-0.689400	507.678890	19.476787	0.005581	10.2
1358	-0.690016	507.417906	19.486406	0.003951	5.4
1359	-0.675770	508.417834	19.449602	0.004302	6.0
1360	-0.690778	508.157021	19.459188	0.004233	6.1
1361	-0.668241	509.110286	19.424196	0.007704	11.5
1362	-0.676250	508.906242	19.431675	0.006616	5.3
1363	-0.686368	509.906242	19.395074	0.008586	5.8
1364	-0.691249	509.645257	19.404613	0.007558	9.7
1365	-0.666095	509.384281	19.414161	0.003519	7.4
1366	-0.681281	509.126519	19.423601	0.005069	5.3
1367	-0.683324	508.880420	19.432622	0.006882	10.6
1368	-0.689196	509.878806	19.396077	0.008022	7.8
1369	-0.699002	509.617837	19.405616	0.007051	10.9
1370	-0.668900	509.356883	19.415164	0.005361	10.1
1371	-0.678261	510.339661	19.379253	0.004274	3.8
1372	-0.700366	510.078690	19.388776	0.005198	2.4
1373	-0.681051	509.818227	19.398290	0.006533	6.1
1374	-0.679561	510.801466	19.362425	0.005804	5.8
1375	-0.716372	510.540481	19.371932	0.006657	5.9
1376	-0.711880	510.279498	19.381448	0.004383	5.5
1377	-0.684177	511.277672	19.345102	0.007337	5.9
1378	-0.689284	511.016689	19.354592	0.006837	5.8
1379	-0.663077	510.755743	19.364090	0.003229	11.2
1380	-0.670150	511.735585	19.328474	0.006946	4.1
1381	-0.690485	511.579797	19.334128	0.005051	6.2
1382	-0.696862	512.543855	19.299193	0.005912	6.0
1383	-0.677660	513.543456	19.263104	0.008340	6.9
1384	-0.683584	513.282565	19.272510	0.006193	5.4
1385	-0.661502	513.021581	19.281929	0.003245	5.9
1386	-0.688221	513.655898	19.259052	0.003618	5.9
1387	-0.689462	514.141399	19.241580	0.003915	5.1
1388	-0.690442	513.911078	19.249865	0.003278	5.3
1389	-0.694677	513.822789	19.253043	0.005897	6.3
1390	-0.663721	513.561805	19.262442	0.006410	5.8
1391	-0.686365	514.557331	19.226636	0.006813	6.7
1392	-0.678150	514.296350	19.236010	0.005781	4.9
1393	-0.695309	515.274332	19.200930	0.007953	5.7
1394	-0.697584	516.274320	19.165193	0.004619	6.1
1395	-0.673454	517.274318	19.129588	0.008237	9.7
1396	-0.723427	517.027463	19.138365	0.010953	6.0
1397	-0.704314	518.027426	19.102861	0.007712	12.1
1398	-0.689468	519.027426	19.067487	0.003005	5.8
1399	-0.687494	520.014274	19.032707	0.005397	6.3
1400	-0.671733	520.789957	19.005457	0.004748	11.0
1401	-0.687483	521.789866	18.970446	0.006544	5.4
1402	-0.674136	522.771759	18.936191	0.006517	11.1
1403	-0.686254	522.993211	18.928482	0.004720	4.6
1404	-0.689854	522.732293	18.937566	0.008346	6.2
1405	-0.719388	522.471308	18.946660	0.003767	5.9
1406	-0.690410	523.471296	18.911862	0.004158	5.9
1407	-0.684743	524.437850	18.878349	0.004507	5.9
1408	-0.689353	524.384479	18.880196	0.007462	6.2
1409	-0.711539	524.221578	18.885837	0.005848	5.8
1410	-0.683603	523.960595	18.894882	0.006318	6.0
1411	-0.692635	523.699610	18.903935	0.004007	9.1
1412	-0.698208	524.638196	18.871417	0.003896	7.4
1413	-0.693934	524.414048	18.879173	0.004214	11.4
1414	-0.684459	524.159050	18.888003	0.008161	8.8
1415	-0.692657	525.159050	18.853420	0.006367	5.8
1416	-0.695337	524.898065	18.862434	0.004158	5.9
1417	-0.682007	525.886030	18.828358	0.005773	5.6
1418	-0.676260	525.625056	18.837347	0.004598	5.1
1419	-0.687062	525.548378	18.839990	0.005794	6.1
1420	-0.700468	525.287396	18.848991	0.004293	6.4
1421	-0.710269	525.576240	18.839030	0.004417	6.2
1422	-0.679464	525.379429	18.845816	0.004629	6.3
1423	-0.666966	525.291745	18.848840	0.004081	7.4
1424	-0.703486	525.361615	18.846430	0.005325	5.9
1425	-0.680017	526.344355	18.812592	0.004698	5.9
1426	-0.688554	526.448714	18.809006	0.006074	8.0
1427	-0.686847	527.448672	18.774712	0.006776	7.6
1428	-0.711300	528.448672	18.740542	0.003980	6.4
1429	-0.685750	529.126567	18.717449	0.008151	9.9
1430	-0.686522	530.126562	18.683487	0.006332	5.5
1431	-0.677281	529.865577	18.692339	0.005021	6.2
1432	-0.668258	529.604597	18.701199	0.007956	6.1
1433	-0.675600	530.604597	18.667295	0.006049	9.9
1434	-0.688478	531.604597	18.633515	0.008373	7.9
1435	-0.692123	532.604597	18.599856	0.006117	6.2
1436	-0.696337	532.343613	18.608629	0.007959	6.3
1437	-0.677713	533.343613	18.575060	0.002238	7.3
1438	-0.660023	534.343455	18.541618	0.003422	5.8
1439	-0.686315	534.097527	18.549832	0.004166	10.0
1440	-0.691787	533.938491	18.555148	0.005134	11.1
1441	-0.687463	534.871167	18.524015	0.002757	5.9
1442	-0.674802	535.423462	18.505629	0.004491	6.6
1443	-0.660927	535.163859	18.514267	0.006989	5.7
1444	-0.719797	536.156988	18.481265	0.002894	6.0
1445	-0.689550	535.899740	18.489802	0.003949	4.2
1446	-0.695139	536.124404	18.482346	0.007056	3.5
1447	-0.688015	535.864626	18.490968	0.003207	3.5
1448	-0.704520	536.861406	18.457929	0.005572	3.9
1449	-0.687722	536.603044	18.466481	0.004625	3.7
1450	-0.689224	536.342125	18.475126	0.006370	3.7
1451	-0.695005	536.081140	18.483781	0.004739	3.6
1452	-0.662297	537.081135	18.450661	0.004223	3.6
1453	-0.694721	538.080306	18.417687	0.004428	3.8
1454	-0.690833	537.830086	18.425933	0.004850	3.7
1455	-0.702088	538.375953	18.407952	0.004314	3.6
1456	-0.666711	538.114979	18.416545	0.004359	6.8
1457	-0.669165	538.243513	18.412312	0.006880	5.9
1458	-0.715377	538.720995	18.396605	0.009107	10.0
1459	-0.690280	539.720995	18.363796	0.005801	6.2
1460	-0.696875	539.460011	18.372347	0.011603	9.6
1461	-0.684004	539.199026	18.380907	0.005951	7.8
1462	-0.729353	540.199026	18.348154	0.004187	6.5
1463	-0.694617	541.191316	18.315768	0.007252	1.5
1464	-0.673425	540.930332	18.324275	0.002408	10.1
1465	-0.717166	540.673066	18.332668	0.005172	10.8
1466	-0.701674	540.417549	18.341012	0.005969	6.2
1467	-0.701488	540.157688	18.349505	0.002618	6.0
1468	-0.691477	540.012104	18.354267	0.006602	6.2
1469	-0.702046	540.968390	18.323034	0.006732	6.3
1470	-0.686663	540.707405	18.331547	0.008181	7.1
1471	-0.680731	541.707405	18.298970	0.003553	7.8
1472	-0.705149	541.446998	18.307442	0.006842	9.1
1473	-0.696323	541.186246	18.315934	0.005836	5.8
1474	-0.695794	540.925268	18.324440	0.005391	6.4
1475	-0.660576	540.665234	18.332924	0.004046	7.4
1476	-0.678192	540.404256	18.341446	0.003650	5.8
1477	-0.675254	540.566902	18.336134	0.006974	4.5
1478	-0.683603	541.566896	18.303540	0.004309	5.0
1479	-0.704160	542.566892	18.271063	0.007360	5.1
1480	-0.682604	543.566840	18.238701	0.005854	7.2
1481	-0.706068	543.306626	18.247112	0.005584	11.1
1482	-0.693775	543.045885	18.255547	0.008501	1.5
1483	-0.686395	542.884895	18.260759	0.006442	5.2
1484	-0.677518	543.884895	18.228432	0.006197	4.7
1485	-0.688757	544.884895	18.196220	0.006209	4.6
1486	-0.680776	545.884895	18.164121	0.004826	4.8
1487	-0.688888	546.870771	18.132587	0.006501	6.5
1488	-0.685482	546.610587	18.140898	0.007578	8.7
1489	-0.682342	546.349602	18.149243	0.007293	6.3
1490	-0.691986	547.349365	18.117318	0.004417	13.3
1491	-0.697166	547.088537	18.125636	0.005083	6.9
1492	-0.680920	547.856223	18.101175	0.008406	8.9
1493	-0.704331	547.974237	18.097420	0.010030	6.0
1494	-0.696293	547.713253	18.105725	0.002867	6.2
1495	-0.661095	548.713242	18.073945	0.003159	5.9
1496	-0.680373	548.457512	18.082062	0.005376	10.9
1497	-0.698715	548.197164	18.090332	0.005167	5.7
1498	-0.699408	547.936252	18.098629	0.004839	10.4
1499	-0.681424	547.992902	18.096827	0.009256	6.5
1500	-0.715871	547.731918	18.105131	0.006444	11.4
1501	-0.678276	548.729084	18.073443	0.005715	5.9
1502	-0.690319	549.729084	18.041775	0.004608	6.1
1503	-0.692934	549.468676	18.050011	0.006360	8.2
1504	-0.709773	550.464932	18.018544	0.004469	5.9
1505	-0.703793	551.464525	17.987081	0.004557	6.3
1506	-0.692275	552.394130	17.957920	0.006925	9.7
1507	-0.690896	552.133191	17.966096	0.007479	11.2
1508	-0.670108	551.872212	17.974281	0.008406	6.5
1509	-0.686746	552.858137	17.943400	0.007610	5.7
1510	-0.682814	552.597153	17.951564	0.005670	4.4
1511	-0.691360	552.336169	17.959736	0.004945	4.5
1512	-0.668916	552.114373	17.966686	0.006745	4.4
1513	-0.694650	553.114328	17.935393	0.005631	5.5
1514	-0.692499	552.915025	17.941621	0.004254	7.2
1515	-0.681336	553.808788	17.913724	0.006468	8.0
1516	-0.707169	553.547831	17.921860	0.005502	6.5
1517	-0.714163	553.839873	17.912755	0.005742	5.8
1518	-0.673885	554.839761	17.881652	0.003081	17.8
1519	-0.681201	554.578820	17.889758	0.006480	6.1
1520	-0.667592	554.323718	17.897691	0.009270	7.5
1521	-0.677951	555.323718	17.866636	0.004946	8.1
1522	-0.701119	555.062735	17.874730	0.006216	11.0
1523	-0.716939	556.062728	17.843755	0.004452	5.6
1524	-0.692666	557.058411	17.813020	0.007645	6.1
1525	-0.695744	557.953718	17.785473	0.010040	6.1
1526	-0.709967	558.953718	17.754806	0.009476	5.3
1527	-0.679132	559.953718	17.724245	0.004345	11.0
1528	-0.708368	560.953111	17.693807	0.004380	4.8
1529	-0.691933	561.952554	17.663472	0.004995	6.0
1530	-0.685513	562.822114	17.637163	0.010497	6.0
1531	-0.684674	563.822114	17.607005	0.009939	6.1
1532	-0.691072	564.822114	17.576950	0.008376	9.7
1533	-0.693519	565.822114	17.546997	0.003510	5.7
1534	-0.698608	565.561134	17.554804	0.003884	5.9
1535	-0.674101	565.301198	17.562587	0.005689	5.9
1536	-0.706104	565.059595	17.569827	0.006664	6.1
1537	-0.680945	565.320046	17.562023	0.009708	8.4
1538	-0.677584	566.320046	17.532121	0.006828	5.7
1539	-0.706939	567.320046	17.502320	0.003806	6.4
1540	-0.692253	568.318465	17.472668	0.008027	5.9
1541	-0.685294	568.057594	17.480406	0.007453	10.9
1542	-0.717580	569.057594	17.450781	0.005580	6.3
1543	-0.706573	568.796630	17.458503	0.005260	6.0
1544	-0.702579	569.796583	17.428953	0.003740	5.9
1545	-0.714304	570.138721	17.418866	0.004520	6.2
1546	-0.711301	569.956258	17.424244	0.004344	10.1
1547	-0.707941	569.958185	17.424187	0.005051	8.1
1548	-0.688125	569.700306	17.431794	0.008931	7.7
1549	-0.674581	570.698161	17.402396	0.006228	5.9
1550	-0.703355	570.437238	17.410074	0.003047	6.0
1551	-0.666032	570.317910	17.413587	0.004537	8.0
1552	-0.690903	570.279380	17.414722	0.005443	6.1
1553	-0.684272	570.019095	17.422391	0.005333	10.4
1554	-0.682072	569.923146	17.425220	0.006604	5.3
1555	-0.706152	570.923101	17.395783	0.005554	19.1
1556	-0.691023	570.662116	17.403457	0.005272	1.6
1557	-0.667950	570.413356	17.410777	0.004254	5.7
1558	-0.681113	570.902977	17.396375	0.005914	10.0
1559	-0.672549	571.825971	17.369290	0.002847	5.9
1560	-0.694777	571.624457	17.375196	0.007592	6.0
1561	-0.670947	572.622775	17.345975	0.002859	7.6
1562	-0.698211	573.194448	17.329287	0.009269	6.3
1563	-0.658115	574.194446	17.300171	0.004158	5.8
1564	-0.683146	575.194446	17.271154	0.007004	6.7
1565	-0.689890	576.194445	17.242233	0.007559	11.2
1566	-0.701574	575.933461	17.249772	0.007346	5.7
1567	-0.685524	576.933461	17.220923	0.005180	7.7
1568	-0.671002	576.672476	17.228443	0.002081	10.7
1569	-0.686651	576.834941	17.223761	0.007490	5.9
1570	-0.708577	577.024128	17.218312	0.007187	5.8
1571	-0.708478	576.763145	17.225829	0.005001	5.9
1572	-0.692468	577.759452	17.197166	0.006664	11.4
1573	-0.708164	578.741469	17.169008	0.003942	8.0
1574	-0.687293	578.480869	17.176471	0.004935	5.9
1575	-0.691690	578.377988	17.179420	0.007961	5.9
1576	-0.706432	579.375415	17.150879	0.005176	6.0
1577	-0.683077	579.124738	17.158043	0.008176	6.0
1578	-0.692325	580.095487	17.130333	0.005223	6.7
1579	-0.659858	581.095482	17.101882	0.007297	5.9
1580	-0.662881	582.095479	17.073525	0.005534	6.0
1581	-0.687015	581.834495	17.080917	0.002015	5.8
1582	-0.683827	581.591976	17.087791	0.006953	6.3
1583	-0.683052	581.331811	17.095172	0.003488	7.7
1584	-0.667350	581.071633	17.102560	0.004902	7.4
1585	-0.673795	581.073825	17.102497	0.008471	5.8
1586	-0.685968	580.812841	17.109914	0.003990	5.9
1587	-0.690769	581.806512	17.081710	0.007035	8.7
1588	-0.690513	582.806510	17.053420	0.008356	10.6
1589	-0.693757	582.545525	17.060794	0.006044	3.6
1590	-0.686879	583.545525	17.032573	0.005457	6.5
1591	-0.696387	583.284541	17.039929	0.004316	4.9
1592	-0.659904	583.023572	17.047292	0.004514	5.5
1593	-0.679834	582.959056	17.049113	0.002756	5.2
1594	-0.703558	583.816020	17.024956	0.004455	5.8
1595	-0.679494	583.557822	17.032227	0.003858	6.1
1596	-0.713471	584.545554	17.004445	0.006871	10.7
1597	-0.693811	585.357433	16.981677	0.005498	6.4
1598	-0.685701	586.357362	16.953719	0.002695	6.3
1599	-0.695190	586.104771	16.960773	0.005189	7.8
1600	-0.679580	585.899026	16.966522	0.006054	11.2
1601	-0.673287	585.638581	16.973807	0.005751	11.1
1602	-0.686501	585.377769	16.981107	0.004353	9.7
1603	-0.702138	586.348255	16.953973	0.007074	6.2
1604	-0.686426	587.347208	16.926133	0.005188	5.9
1605	-0.701854	588.347171	16.898357	0.005404	5.0
1606	-0.678858	589.030945	16.879416	0.005913	4.6
1607	-0.696008	588.770777	16.886618	0.005053	4.7
1608	-0.703283	588.511115	16.893812	0.007096	4.9
1609	-0.669713	589.108118	16.877281	0.005234	4.3
1610	-0.681540	588.847133	16.884503	0.003801	5.8
1611	-0.672947	588.586270	16.891729	0.009879	13.8
1612	-0.696175	589.582376	16.864172	0.004805	9.6
1613	-0.705736	589.384260	16.869645	0.005155	4.9
1614	-0.677764	590.110852	16.849588	0.006989	5.9
1615	-0.685575	589.849869	16.856787	0.003795	8.2
1616	-0.723766	589.588886	16.863992	0.006854	6.4
1617	-0.695759	589.994088	16.852808	0.008449	4.1
1618	-0.689937	590.994088	16.825270	0.004653	4.1
1619	-0.685174	591.994088	16.797823	0.006198	4.7
1620	-0.706254	592.554719	16.782474	0.009705	5.9
1621	-0.697225	592.293734	16.789615	0.007471	10.6
1622	-0.688651	593.293721	16.762284	0.006489	6.2
1623	-0.684551	594.293721	16.735041	0.004051	5.9
1624	-0.696419	595.293439	16.707895	0.004818	6.0
1625	-0.706182	595.034517	16.714917	0.004294	14.4
1626	-0.670580	594.782669	16.721753	0.002881	2.3
1627	-0.691051	595.698887	16.696910	0.004419	6.6
1628	-0.679138	595.665689	16.697809	0.005684	5.9
1629	-0.689194	595.405228	16.704865	0.007934	7.8
1630	-0.683408	596.405228	16.677808	0.008786	11.3
1631	-0.696453	597.405228	16.650839	0.007791	5.1
1632	-0.691910	597.144247	16.657869	0.007406	6.5
1633	-0.673366	596.883262	16.664905	0.005247	6.0
1634	-0.685578	596.622287	16.671947	0.003476	5.9
1635	-0.681029	596.411972	16.677626	0.006467	7.4
1636	-0.677409	597.405801	16.650824	0.006804	6.2
1637	-0.672525	598.386517	16.624459	0.009867	7.3
1638	-0.691619	598.282939	16.627240	0.002879	10.1
1639	-0.685608	598.022003	16.634249	0.006263	6.2
1640	-0.713679	598.570202	16.619531	0.004844	9.7
1641	-0.689662	598.309217	16.626534	0.008785	7.3
1642	-0.682558	599.283926	16.600408	0.006439	11.0
1643	-0.692222	600.283906	16.573689	0.002558	5.6
1644	-0.678858	601.274634	16.547301	0.006819	6.0
1645	-0.660855	601.016231	16.554176	0.005360	5.9
1646	-0.699151	600.755247	16.561124	0.005670	10.4
1647	-0.679721	601.755099	16.534535	0.005306	7.9
1648	-0.703211	601.497105	16.541388	0.005790	5.9
1649	-0.709290	601.558358	16.539760	0.003945	10.0
1650	-0.693860	602.558265	16.513238	0.006906	5.8
1651	-0.695466	603.558095	16.486802	0.005036	8.9
1652	-0.685070	603.297488	16.493685	0.003557	11.3
1653	-0.715955	603.165337	16.497177	0.005775	9.7
1654	-0.682068	602.905123	16.504057	0.005021	5.5
1655	-0.685762	602.702031	16.509431	0.008154	6.4
1656	-0.691933	603.701970	16.483005	0.004562	6.5
1657	-0.669416	603.441076	16.489892	0.005596	6.0
1658	-0.684912	604.441070	16.463527	0.005186	5.7
1659	-0.697649	605.440035	16.437273	0.005218	11.5
1660	-0.694260	605.179054	16.444124	0.005279	8.7
1661	-0.688360	606.171568	16.418101	0.005773	6.0
1662	-0.700899	607.171566	16.391964	0.005565	6.3
1663	-0.676605	606.911119	16.398764	0.004207	11.0
1664	-0.679148	607.906510	16.372809	0.009662	7.0
1665	-0.711564	608.906510	16.346816	0.005426	9.2
1666	-0.675196	608.648432	16.353516	0.004786	5.5
1667	-0.701819	608.405154	16.359837	0.007909	6.4
1668	-0.700612	609.405154	16.333886	0.006672	5.9
1669	-0.705857	609.144169	16.340651	0.006134	6.1
1670	-0.704331	608.883185	16.347422	0.004549	5.2
1671	-0.648931	608.622202	16.354198	0.006723	5.1
1672	-0.713340	608.432019	16.359139	0.003662	9.1
1673	-0.680233	608.222025	16.364599	0.005086	6.0
1674	-0.708497	609.208797	16.338975	0.006650	6.1
1675	-0.649869	608.954641	16.345567	0.006282	5.8
1676	-0.687756	609.926488	16.320389	0.005016	6.8
1677	-0.663511	609.665512	16.327143	0.006376	6.0
1678	-0.671218	609.497322	16.331498	0.009497	6.0
1679	-0.704582	609.236337	16.338261	0.006495	5.9
1680	-0.700171	610.236337	16.312378	0.002828	8.7
1681	-0.682934	610.147642	16.314671	0.006281	8.5
1682	-0.717147	610.872034	16.295967	0.005021	6.6
1683	-0.711364	611.872018	16.270218	0.005620	9.1
1684	-0.692772	612.872016	16.244550	0.004489	11.0
1685	-0.702009	612.617448	16.251077	0.002925	5.8
1686	-0.655615	613.216307	16.235732	0.003297	10.8
1687	-0.685586	612.996421	16.241363	0.006277	5.9
1688	-0.685866	612.735920	16.248039	0.008604	9.9
1689	-0.684597	613.735920	16.222441	0.004221	5.8
1690	-0.664705	613.508820	16.228247	0.005583	6.2
1691	-0.689332	613.247843	16.234925	0.004644	5.8
1692	-0.698241	614.160943	16.211586	0.005739	9.7
1693	-0.724681	615.160841	16.186105	0.003288	5.8
1694	-0.676515	616.160671	16.160705	0.007042	6.0
1695	-0.691033	615.909200	16.167086	0.005411	6.3
1696	-0.702411	616.908139	16.141769	0.003871	9.5
1697	-0.698031	617.908022	16.116508	0.007003	7.6
1698	-0.722125	617.647039	16.123094	0.005830	5.9
1699	-0.702040	618.643309	16.097981	0.003902	5.9
1700	-0.689273	619.474775	16.077083	0.004326	6.2
1701	-0.695495	620.245928	16.057749	0.006550	11.1
1702	-0.689432	621.237305	16.032961	0.005555	5.8
1703	-0.717970	622.237305	16.008036	0.004365	7.0
1704	-0.705149	622.064575	16.012336	0.007026	7.0
1705	-0.698376	621.804739	16.018808	0.002405	10.6
1706	-0.688353	621.582528	16.024348	0.005524	10.4
1707	-0.658501	621.979372	16.014458	0.003122	6.1
1708	-0.683637	622.968972	15.989848	0.005735	5.9
1709	-0.703533	622.814328	15.993689	0.004324	8.5
1710	-0.702677	622.919558	15.991075	0.005595	15.9
1711	-0.687213	623.871567	15.967468	0.004334	7.1
1712	-0.698664	623.610589	15.973932	0.004593	6.2
1713	-0.673455	624.607466	15.949267	0.008566	11.1
1714	-0.685876	625.357701	15.930755	0.008226	5.7
1715	-0.704368	625.096716	15.937190	0.004505	3.6
1716	-0.692737	626.096705	15.912561	0.004223	3.5
1717	-0.677591	625.835850	15.918978	0.007566	3.4
1718	-0.709527	625.574908	15.925403	0.004312	3.4
1719	-0.702748	625.313929	15.931834	0.007541	3.5
1720	-0.697832	625.052945	15.938269	0.008535	5.9
1721	-0.677881	626.052945	15.913637	0.004185	5.6
1722	-0.655433	625.791960	15.920059	0.003577	6.1
1723	-0.661436	625.645247	15.923671	0.004903	5.8
1724	-0.679683	625.573854	15.925429	0.006126	8.0
1725	-0.690090	626.573851	15.900837	0.005449	5.8
1726	-0.684542	626.312879	15.907247	0.007841	5.8
1727	-0.711672	626.051894	15.913663	0.004727	5.9
1728	-0.689066	626.971236	15.891085	0.007332	6.1
1729	-0.714258	627.970976	15.866605	0.005036	5.7
1730	-0.648708	628.860570	15.844885	0.003685	10.3
1731	-0.680134	629.710164	15.824197	0.003854	1.5
1732	-0.676431	629.581666	15.827323	0.005053	6.0
1733	-0.661239	630.580986	15.803049	0.006394	5.9
1734	-0.670310	630.320023	15.809380	0.006957	5.5
1735	-0.690370	631.320022	15.785145	0.005582	11.0
1736	-0.675286	632.319955	15.760985	0.004697	5.5
1737	-0.706164	633.319894	15.736899	0.005271	6.5
1738	-0.700369	634.160206	15.716715	0.009528	5.9
1739	-0.691849	633.899229	15.722978	0.005472	5.9
1740	-0.663589	634.897839	15.699039	0.005926	5.9
1741	-0.687478	635.897839	15.675141	0.006740	14.6
1742	-0.681846	636.891395	15.651468	0.008107	5.7
1743	-0.691772	636.630634	15.657674	0.004606	6.7
1744	-0.689745	636.369655	15.663890	0.005573	6.2
1745	-0.698099	637.369047	15.640112	0.007232	6.2
1746	-0.669145	637.139379	15.645570	0.005205	5.9
1747	-0.653578	637.054503	15.647588	0.009103	6.1
1748	-0.702622	636.793523	15.653796	0.003217	5.9
1749	-0.674631	636.532557	15.660009	0.008926	9.8
1750	-0.691069	636.314667	15.665200	0.008974	6.2
1751	-0.707596	637.314667	15.641404	0.005994	6.6
1752	-0.667264	638.138984	15.621843	0.007218	5.6
1753	-0.703373	637.877999	15.628031	0.010873	5.9
1754	-0.677794	638.877999	15.604348	0.007903	10.1
1755	-0.692492	639.877999	15.580736	0.006787	7.0
1756	-0.676633	639.617014	15.586892	0.006570	8.6
1757	-0.699505	639.356184	15.593048	0.007456	7.9
1758	-0.676867	640.344406	15.569748	0.005696	5.9
1759	-0.674975	640.083435	15.575895	0.007821	10.0
1760	-0.681134	641.083435	15.552369	0.008663	10.4
1761	-0.679102	642.083434	15.528914	0.006685	10.9
1762	-0.700660	643.083434	15.505530	0.004711	5.9
1763	-0.703806	644.083370	15.482218	0.003349	6.2
1764	-0.680848	643.857625	15.487475	0.004113	10.0
1765	-0.675514	643.601025	15.493455	0.006324	5.4
1766	-0.689833	643.340178	15.499538	0.003809	6.3
1767	-0.690219	644.340174	15.476243	0.007869	11.6
1768	-0.669899	644.079770	15.482302	0.011027	8.1
1769	-0.694234	643.818785	15.488380	0.007881	7.9
1770	-0.680080	643.562893	15.494344	0.005550	5.9
1771	-0.709283	643.301908	15.500431	0.006954	5.8
1772	-0.689600	643.059890	15.506080	0.003683	6.0
1773	-0.671988	642.798905	15.512177	0.003952	6.4
1774	-0.700110	642.539103	15.518250	0.006780	11.2
1775	-0.695620	643.302383	15.500420	0.009278	11.0
1776	-0.696645	644.302383	15.477122	0.006582	7.3
1777	-0.689904	644.041447	15.483194	0.009884	3.3
1778	-0.697796	644.773840	15.466162	0.007796	6.4
1779	-0.691199	644.512856	15.472227	0.006483	9.6
1780	-0.673320	645.512823	15.449014	0.005676	6.1
1781	-0.670566	646.512823	15.425870	0.006409	6.4
1782	-0.684639	647.512823	15.402795	0.005765	5.9
1783	-0.681396	648.512599	15.379794	0.006525	9.3
1784	-0.679821	649.512598	15.356857	0.005513	5.8
1785	-0.694375	649.251614	15.362836	0.006608	6.0
1786	-0.686403	650.053666	15.344475	0.006276	5.8
1787	-0.701654	650.661591	15.330586	0.002959	4.8
1788	-0.694217	651.658949	15.307855	0.005332	10.8
1789	-0.701492	652.298743	15.293309	0.004465	6.7
1790	-0.691931	653.298632	15.270632	0.005285	6.4
1791	-0.691740	653.444259	15.267334	0.005824	5.1
1792	-0.711008	653.496246	15.266158	0.005226	4.9
1793	-0.671047	653.241981	15.271915	0.014034	4.9
1794	-0.711898	652.980996	15.277828	0.006105	4.9
1795	-0.678965	653.980996	15.255194	0.004461	10.4
1796	-0.662129	654.965790	15.232969	0.005329	6.3
1797	-0.687199	655.796885	15.214263	0.005029	6.2
1798	-0.696572	656.776750	15.192268	0.004532	6.0
1799	-0.667346	656.516122	15.198112	0.008134	5.8
1800	-0.682570	656.783475	15.192117	0.004918	5.9
1801	-0.659363	657.783475	15.169736	0.004805	5.9
1802	-0.697858	657.522491	15.175571	0.006222	6.4
1803	-0.689406	658.486310	15.154045	0.003905	13.0
1804	-0.674497	658.573988	15.152090	0.004449	6.7
1805	-0.667905	658.314935	15.157868	0.002087	1.6
1806	-0.675509	658.968535	15.143298	0.008282	9.3
1807	-0.688245	658.707569	15.149112	0.006088	5.4
1808	-0.674290	658.447991	15.154899	0.003478	6.5
1809	-0.685366	659.052044	15.141438	0.003996	5.9
1810	-0.686047	659.971482	15.120994	0.004668	10.0
1811	-0.682759	659.712470	15.126748	0.006140	5.7
1812	-0.671360	660.711747	15.104575	0.004063	5.9
1813	-0.650790	661.711587	15.082454	0.004058	4.7
1814	-0.701163	661.450610	15.088221	0.004977	4.4
1815	-0.688510	662.450339	15.066151	0.006049	4.5
1816	-0.694529	663.393928	15.045379	0.004584	4.4
1817	-0.657168	663.132989	15.051117	0.008169	4.5
1818	-0.662660	662.872695	15.056846	0.005863	4.5
1819	-0.677747	663.853301	15.035287	0.005135	6.8
1820	-0.699205	663.592325	15.041019	0.003651	5.5
1821	-0.664890	664.589059	15.019151	0.002480	8.5
1822	-0.677705	664.339014	15.024631	0.008533	11.0
1823	-0.691801	664.296905	15.025554	0.007455	8.7
1824	-0.685312	664.035920	15.031279	0.004259	15.8
1825	-0.704857	664.070482	15.030521	0.004842	1.7
1826	-0.675846	663.810514	15.036226	0.006817	6.4
1827	-0.723282	664.800401	15.014523	0.007336	7.9
1828	-0.692847	664.539416	15.020239	0.004162	5.7
1829	-0.685193	665.534264	14.998473	0.003008	8.4
1830	-0.688381	666.367519	14.980292	0.006886	5.5
1831	-0.663192	667.367108	14.958539	0.006053	6.4
1832	-0.698292	667.106123	14.964212	0.002583	12.0
1833	-0.671310	666.915716	14.968354	0.003605	7.8
1834	-0.681862	666.891016	14.968891	0.008172	6.3
1835	-0.683814	667.890985	14.947163	0.007572	6.8
1836	-0.705554	668.890985	14.925497	0.004026	5.2
1837	-0.698811	668.630162	14.931142	0.002947	11.3
1838	-0.687062	668.375924	14.936649	0.005369	5.9
1839	-0.704122	668.187030	14.940742	0.006857	6.0
1840	-0.696059	667.926045	14.946402	0.007208	6.4
1841	-0.703661	668.926045	14.924739	0.007730	5.9
1842	-0.682115	669.711953	14.907757	0.004380	5.8
1843	-0.683847	669.540767	14.911453	0.002884	5.8
1844	-0.679493	669.288076	14.916911	0.004051	11.0
1845	-0.687260	669.042148	14.922228	0.008123	3.9
1846	-0.696988	668.864197	14.926077	0.005279	11.8
1847	-0.674380	668.604204	14.931704	0.004902	8.6
1848	-0.696664	669.591768	14.910351	0.004022	11.0
1849	-0.659448	669.330974	14.915984	0.003099	5.7
1850	-0.685638	669.407755	14.914325	0.005406	10.7
1851	-0.689236	669.170675	14.919449	0.007140	7.8
1852	-0.678429	670.170661	14.897863	0.007383	5.8
1853	-0.694843	671.149988	14.876784	0.006921	5.8
1854	-0.709834	671.832077	14.862138	0.005410	8.0
1855	-0.663589	671.571092	14.867739	0.005107	5.8
1856	-0.703169	672.370653	14.850594	0.004941	6.1
1857	-0.678476	672.111479	14.856147	0.005175	10.9
1858	-0.711284	673.111475	14.834744	0.003245	4.2
1859	-0.698049	674.110694	14.813419	0.005085	5.8
1860	-0.659692	673.850727	14.818961	0.004863	6.3
1861	-0.694048	674.849943	14.797682	0.005373	6.0
1862	-0.692188	674.765181	14.799484	0.006714	11.1
1863	-0.684218	675.759623	14.778362	0.004268	4.5
1864	-0.677375	675.498639	14.783900	0.002924	5.9
1865	-0.694881	676.491044	14.762865	0.004586	6.4
1866	-0.694674	676.258989	14.767778	0.003715	8.7
1867	-0.696102	677.083757	14.750330	0.007296	6.1
1868	-0.691986	677.450143	14.742593	0.005731	6.3
1869	-0.684431	678.450143	14.721515	0.006647	5.8
1870	-0.682231	679.450142	14.700498	0.006070	6.0
1871	-0.669617	680.449123	14.679562	0.002876	9.5
1872	-0.672696	680.314362	14.682383	0.007544	5.8
1873	-0.693962	681.306870	14.661634	0.007418	6.2
1874	-0.709373	681.045885	14.667084	0.006882	11.4
1875	-0.701061	682.045796	14.646224	0.006567	2.8
1876	-0.678842	683.045796	14.625421	0.006620	6.0
1877	-0.656490	682.784811	14.630844	0.004645	11.3
1878	-0.695095	682.523829	14.636272	0.002438	5.6
1879	-0.681027	682.356810	14.639747	0.005273	6.0
1880	-0.694337	682.989462	14.626591	0.005273	7.1
1881	-0.683686	683.989340	14.605846	0.007331	5.9
1882	-0.695609	683.728356	14.611255	0.004486	5.9
1883	-0.698437	683.467418	14.616667	0.004206	8.0
1884	-0.678932	683.463478	14.616749	0.004071	5.9
1885	-0.683441	683.226246	14.621673	0.005685	10.0
1886	-0.685504	682.968981	14.627017	0.007457	5.9
1887	-0.697088	682.707997	14.632441	0.005831	6.6
1888	-0.696157	683.707969	14.611678	0.008749	8.4
1889	-0.685182	683.605619	14.613801	0.005495	6.7
1890	-0.691265	683.435677	14.617326	0.006114	6.3
1891	-0.709147	683.174693	14.622744	0.008606	9.7
1892	-0.661016	682.913708	14.628165	0.006581	7.6
1893	-0.680968	683.912559	14.607437	0.006933	7.9
1894	-0.684484	683.654707	14.612782	0.007329	11.0
1895	-0.699074	683.393722	14.618197	0.005353	7.0
1896	-0.696927	683.610636	14.613696	0.004740	5.9
1897	-0.683267	683.351917	14.619064	0.004328	5.6
1898	-0.705875	684.245211	14.600547	0.004815	12.8
1899	-0.700218	685.244580	14.579887	0.006766	9.2
1900	-0.679423	684.983879	14.585271	0.004822	5.6
1901	-0.708164	685.983855	14.564641	0.008886	10.2
1902	-0.682116	685.729888	14.569875	0.006063	7.6
1903	-0.649389	685.468903	14.575257	0.003733	6.0
1904	-0.694747	685.210718	14.580586	0.010420	9.9
1905	-0.698511	686.076187	14.562739	0.003336	7.9
1906	-0.704484	685.818938	14.568039	0.008783	6.2
1907	-0.678871	686.818938	14.547458	0.004316	5.5
1908	-0.689472	687.155986	14.540534	0.008256	5.5
1909	-0.691405	686.895001	14.545894	0.005250	6.3
1910	-0.678083	687.890610	14.525465	0.007467	6.1
1911	-0.667566	688.882635	14.505167	0.003627	11.1
1912	-0.677664	688.621722	14.510500	0.004804	7.0
1913	-0.696134	688.361186	14.515829	0.008639	5.9
1914	-0.685601	688.100208	14.521172	0.005521	5.4
1915	-0.698949	687.839224	14.526518	0.009115	6.0
1916	-0.680297	687.620703	14.530998	0.004778	5.9
1917	-0.692177	687.359718	14.536352	0.006343	6.1
1918	-0.689583	687.100093	14.541681	0.005225	9.4
1919	-0.687767	688.089881	14.521383	0.005105	5.6
1920	-0.681574	687.828946	14.526729	0.006608	5.9
1921	-0.699249	688.551972	14.511926	0.008101	6.2
1922	-0.690195	688.290987	14.517266	0.003730	6.0
1923	-0.679512	688.030003	14.522610	0.007011	10.9
1924	-0.672712	687.775067	14.527833	0.006783	8.2
1925	-0.683823	687.514083	14.533185	0.006061	8.5
1926	-0.684781	687.390729	14.535715	0.005323	6.5
1927	-0.658715	687.129744	14.541072	0.005935	6.3
1928	-0.697136	688.129680	14.520568	0.003732	10.1
1929	-0.692207	687.870413	14.525879	0.005443	8.6
1930	-0.698080	687.611232	14.531192	0.009199	5.5
1931	-0.662736	687.350247	14.536546	0.011261	6.0
1932	-0.684407	688.350247	14.516053	0.005998	13.0
1933	-0.699254	689.350124	14.495621	0.005468	5.7
1934	-0.684480	689.089145	14.500948	0.004645	4.7
1935	-0.705622	688.828883	14.506265	0.005571	5.0
1936	-0.689431	688.568132	14.511596	0.007056	5.0
1937	-0.724100	688.315294	14.516769	0.003879	5.2
1938	-0.670262	688.081413	14.521557	0.003972	9.2
1939	-0.676854	688.802667	14.506801	0.008884	6.6
1940	-0.660835	689.802010	14.486405	0.007404	9.0
1941	-0.648993	690.802010	14.466053	0.003679	6.3
1942	-0.676854	690.541056	14.471359	0.006851	5.9
1943	-0.681929	690.323374	14.475787	0.007117	6.0
1944	-0.673276	690.062389	14.481101	0.003312	6.6
1945	-0.685476	691.062344	14.460765	0.005988	6.0
1946	-0.708616	690.805855	14.465975	0.005409	8.8
1947	-0.683040	691.795757	14.445886	0.003947	6.3
1948	-0.677999	691.534783	14.451177	0.007163	5.4
1949	-0.705460	692.534769	14.430924	0.005869	5.7
1950	-0.696409	693.534769	14.410728	0.007401	6.4
1951	-0.694306	694.534768	14.390588	0.005256	11.1
1952	-0.703140	694.411518	14.393067	0.005001	6.7
1953	-0.682056	694.150533	14.398320	0.006170	11.2
1954	-0.663832	693.889668	14.403574	0.005292	6.5
1955	-0.679382	693.628683	14.408834	0.006778	7.9
1956	-0.684731	694.628316	14.388707	0.002236	6.1
1957	-0.676118	694.416575	14.392965	0.004746	9.9
1958	-0.706466	694.195960	14.397405	0.009158	7.8
1959	-0.680785	695.194869	14.377324	0.004097	6.0
1960	-0.673578	696.194866	14.357278	0.006470	6.2
1961	-0.670089	697.194863	14.337287	0.005626	11.3
1962	-0.693914	696.933878	14.342499	0.005863	8.0
1963	-0.690338	697.933878	14.322549	0.005655	6.2
1964	-0.670814	698.933683	14.302659	0.004968	6.1
1965	-0.719045	698.677551	14.307749	0.006209	5.9
1966	-0.702954	699.674554	14.287955	0.004066	7.5
1967	-0.697524	699.988808	14.281728	0.008279	6.3
1968	-0.687638	700.988808	14.261947	0.007055	6.0
1969	-0.692583	701.988808	14.242220	0.003310	6.7
1970	-0.679649	702.988532	14.222554	0.005019	3.7
1971	-0.682659	702.779902	14.226654	0.008900	5.5
1972	-0.669515	702.518917	14.231785	0.008938	10.3
1973	-0.667822	703.518077	14.212159	0.004708	7.3
1974	-0.664130	703.257092	14.217280	0.003189	7.9
1975	-0.672012	704.242804	14.197957	0.003947	6.1
1976	-0.710655	703.983554	14.203034	0.004340	9.8
1977	-0.688094	704.980757	14.183525	0.004645	6.0
1978	-0.662743	705.979529	14.164038	0.005760	9.8
1979	-0.699347	706.979026	14.144592	0.005438	5.8
1980	-0.678943	707.977569	14.125216	0.004138	9.9
1981	-0.680847	707.716587	14.130275	0.003908	7.8
1982	-0.687767	707.852922	14.127632	0.004831	9.9
1983	-0.678419	707.636312	14.131832	0.008298	9.8
1984	-0.688928	708.034210	14.124119	0.004645	11.3
1985	-0.668205	709.033812	14.104779	0.004609	8.5
1986	-0.673980	708.772828	14.109824	0.003391	7.9
1987	-0.677374	709.683195	14.092244	0.006521	7.9
1988	-0.692051	709.591597	14.094011	0.005945	6.1
1989	-0.685206	709.627632	14.093316	0.005208	9.8
1990	-0.686719	709.366976	14.098345	0.007361	5.7
1991	-0.684345	710.366975	14.079069	0.007808	5.8
1992	-0.677618	711.366975	14.059845	0.006788	8.2
1993	-0.692619	711.105990	14.064857	0.005670	6.4
1994	-0.660810	710.845005	14.069873	0.005275	9.4
1995	-0.675890	711.844246	14.050688	0.005868	10.0
1996	-0.687618	712.650466	14.035248	0.003708	8.8
1997	-0.687883	713.276580	14.023280	0.007136	6.2
1998	-0.689501	713.015595	14.028266	0.002744	6.2
1999	-0.663075	712.859800	14.031244	0.003636	5.8
