1:ItNr	2:Metric	3:StepSize	4:||Gradient||	Time[ms]
0	-0.190952	627.201626	0.001544	1691.1
1	-0.000000	623.504937	0.000000	22.9
2	-0.000000	619.865785	0.000000	20.8
3	-0.000000	616.282728	0.000000	30.5
4	-0.301391	612.754375	0.002843	19.2
5	-0.000000	609.279381	0.000000	26.4
6	-0.574231	605.856447	0.003483	20.5
7	-0.435645	602.484317	0.003990	21.5
8	-0.000000	599.161779	0.000000	21.3
9	-0.000000	595.887656	0.000000	21.9
10	-0.000000	592.660813	0.000000	28.3
11	-0.103108	589.480151	0.001931	22.3
12	-0.381142	586.344606	0.004115	26.7
13	-0.161213	583.253145	0.001335	21.9
14	-0.330202	580.204771	0.003690	23.3
15	-0.677268	577.198517	0.006631	20.5
16	-0.016868	574.233444	0.000673	20.7
17	-0.000000	571.308645	0.000000	20.6
18	-0.279795	568.423237	0.002647	22.6
19	-0.000000	565.576365	0.000000	22.6
20	-0.000000	562.767201	0.000000	20.5
21	-0.011063	559.994938	0.000370	25.1
22	-0.000000	557.258797	0.000000	24.7
23	-0.000000	554.558018	0.000000	20.5
24	-0.419044	551.891865	0.002116	20.8
25	-0.000000	549.259621	0.000000	20.6
26	-0.647741	546.660592	0.002830	20.3
27	-0.000000	544.094102	0.000000	21.8
28	-0.620301	541.559494	0.007514	30.9
29	-0.191618	539.056129	0.002687	19.1
30	-0.563668	536.583387	0.003644	22.0
31	-0.260245	534.140663	0.001321	23.9
32	-0.457875	531.727370	0.002302	23.7
33	-0.002074	529.342935	0.000271	21.0
34	-0.055868	526.986802	0.000912	20.7
35	-0.195853	524.658430	0.001553	20.1
36	-0.360842	522.357290	0.004768	23.2
37	-0.151172	520.082868	0.001389	24.1
38	-0.109918	517.834665	0.001274	20.6
39	-0.655158	515.612193	0.003454	26.4
40	-0.000000	513.414976	0.000000	22.1
41	-0.000001	511.242551	0.000000	21.5
42	-0.000000	509.094468	0.000000	20.3
43	-0.117448	506.970285	0.008351	20.6
44	-0.148582	504.869574	0.002413	21.0
45	-0.608932	502.791916	0.002622	24.8
46	-0.000000	500.736903	0.000000	19.5
47	-0.019400	498.704137	0.000766	20.3
48	-0.000000	496.693228	0.000000	21.4
49	-0.100574	494.703798	0.001952	22.9
50	-0.708879	492.735476	0.003234	22.6
51	-0.000000	490.787900	0.000000	22.9
52	-0.433714	488.860718	0.003052	24.2
53	-0.063609	486.953585	0.000615	20.2
54	-0.084873	485.066164	0.000435	21.0
55	-0.515056	483.198126	0.005120	22.2
56	-0.759635	481.349149	0.006742	22.3
57	-0.379228	479.518920	0.002588	22.3
58	-0.231206	477.707132	0.005678	23.4
59	-0.000000	475.913485	0.000000	22.8
60	-0.378196	474.137684	0.003822	23.3
61	-0.176428	472.379445	0.001692	20.1
62	-0.000000	470.638485	0.000000	20.5
63	-0.000000	468.914531	0.000000	20.4
64	-0.395866	467.207315	0.002656	22.0
65	-0.267297	465.516573	0.001949	22.5
66	-0.361288	463.842050	0.003309	26.8
67	-0.275695	462.183494	0.001409	19.7
68	-0.000000	460.540658	0.000000	21.3
69	-0.118252	458.913303	0.003967	23.9
70	-0.000000	457.301192	0.000000	21.2
71	-0.000000	455.704096	0.000000	20.4
72	-0.000010	454.121787	0.000008	20.8
73	-0.505375	452.554045	0.003168	23.8
74	-0.748760	451.000653	0.003841	22.2
75	-0.000000	449.461399	0.000000	26.5
76	-0.000000	447.936075	0.000000	20.4
77	-0.613073	446.424477	0.004847	22.6
78	-0.000000	444.926406	0.000000	23.1
79	-0.000000	443.441666	0.000000	20.9
80	-0.151763	441.970065	0.006091	20.8
81	-0.220867	440.511415	0.002205	20.7
82	-0.000000	439.065533	0.000000	22.5
83	-0.008819	437.632238	0.000099	21.1
84	-0.000000	436.211351	0.000000	26.2
85	-0.142991	434.802701	0.000863	20.7
86	-0.000000	433.406117	0.000000	20.5
87	-0.000000	432.021430	0.000000	21.4
88	-0.115554	430.648479	0.001050	22.3
89	-0.328257	429.287101	0.002885	21.0
90	-0.000000	427.937140	0.000000	20.9
91	-0.136783	426.598440	0.001825	21.7
92	-0.437735	425.270849	0.002897	23.0
93	-0.247827	423.954220	0.002399	25.5
94	-0.000000	422.648404	0.000000	20.9
95	-0.509000	421.353259	0.003339	20.8
96	-0.666011	420.068643	0.003777	26.6
97	-0.237383	418.794419	0.001408	21.4
98	-0.351290	417.530451	0.002118	20.8
99	-0.288487	416.276604	0.003550	20.6
100	-0.230061	415.032748	0.002962	23.8
101	-0.357847	413.798754	0.001595	25.6
102	-0.453547	412.574495	0.001241	31.2
103	-0.000000	411.359849	0.000000	19.0
104	-0.641533	410.154691	0.004328	22.9
105	-0.384527	408.958904	0.002084	24.1
106	-0.021825	407.772368	0.000448	20.3
107	-0.618692	406.594968	0.002360	20.6
108	-0.068051	405.426590	0.000430	21.4
109	-0.000000	404.267122	0.000000	23.8
110	-0.000000	403.116456	0.000000	20.8
111	-0.623827	401.974481	0.003441	22.3
112	-0.203242	400.841093	0.001359	22.0
113	-0.000000	399.716187	0.000000	21.0
114	-0.000000	398.599660	0.000000	21.8
115	-0.000082	397.491411	0.000185	23.2
116	-0.000000	396.391342	0.000000	20.2
117	-0.000000	395.299353	0.000000	20.7
118	-0.088515	394.215350	0.001219	23.4
119	-0.498352	393.139238	0.002554	26.5
120	-0.064946	392.070924	0.001539	24.3
121	-0.536403	391.010316	0.004791	21.3
122	-0.484581	389.957325	0.002750	20.9
123	-0.000000	388.911862	0.000000	22.2
124	-0.061684	387.873839	0.001140	23.8
125	-0.576138	386.843173	0.002669	20.4
126	-0.406028	385.819777	0.002601	20.9
127	-0.411801	384.803569	0.002092	20.8
128	-0.320348	383.794468	0.002889	25.4
129	-0.052206	382.792393	0.002564	22.4
130	-0.240613	381.797264	0.003952	22.1
131	-0.000000	380.809005	0.000000	20.9
132	-0.649296	379.827537	0.005097	21.1
133	-0.020670	378.852786	0.000043	21.5
134	-0.000000	377.884678	0.000000	23.1
135	-0.252332	376.923138	0.000924	19.9
136	-0.737147	375.968095	0.002948	20.9
137	-0.281673	375.019479	0.002523	21.4
138	-0.180922	374.077218	0.002120	22.0
139	-0.429285	373.141244	0.003345	22.9
140	-0.345246	372.211489	0.001534	20.9
141	-0.625084	371.287887	0.003798	20.7
142	-0.454146	370.370370	0.002526	21.4
143	-0.547754	369.458876	0.005071	22.6
144	-0.000000	368.553338	0.000000	22.8
145	-0.141319	367.653696	0.001211	20.7
146	-0.721828	366.759885	0.004384	20.9
147	-0.000000	365.871846	0.000000	26.2
148	-0.399180	364.989518	0.002030	23.9
149	-0.261585	364.112841	0.002572	20.9
150	-0.011325	363.241757	0.000013	21.2
151	-0.000000	362.376208	0.000000	20.6
152	-0.253959	361.516137	0.001928	22.4
153	-0.000000	360.661488	0.000000	22.6
154	-0.000000	359.812206	0.000000	20.6
155	-0.000000	358.968236	0.000000	20.6
156	-0.552491	358.129524	0.003746	22.6
157	-0.353215	357.296018	0.002110	24.0
158	-0.000000	356.467665	0.000000	20.8
159	-0.699720	355.644414	0.003499	20.5
160	-0.399336	354.826213	0.002653	21.0
161	-0.000000	354.013012	0.000000	20.6
162	-0.000841	353.204763	0.000055	21.3
163	-0.000000	352.401415	0.000000	28.8
164	-0.064705	351.602922	0.000419	22.5
165	-0.000000	350.809235	0.000000	21.4
166	-0.000000	350.020308	0.000000	26.9
167	-0.709893	349.236095	0.003744	22.4
168	-0.623973	348.456550	0.003326	21.0
169	-0.519915	347.681627	0.003522	20.8
170	-0.000001	346.911283	0.000003	21.1
171	-0.266140	346.145474	0.001716	21.5
172	-0.447021	345.384157	0.001513	22.1
173	-0.384398	344.627288	0.004317	21.0
174	-0.397246	343.874826	0.003485	21.2
175	-0.004775	343.126729	0.000135	29.7
176	-0.000000	342.382957	0.000000	20.1
177	-0.137280	341.643469	0.001286	21.4
178	-0.107029	340.908224	0.001192	20.7
179	-0.422983	340.177184	0.004038	20.5
180	-0.000000	339.450309	0.000000	22.9
181	-0.492142	338.727561	0.002585	20.7
182	-0.000000	338.008902	0.000000	20.9
183	-0.296844	337.294295	0.002476	22.8
184	-0.357572	336.583703	0.002082	25.1
185	-0.144064	335.877089	0.002169	22.6
186	-0.159504	335.174416	0.000570	20.7
187	-0.000000	334.475651	0.000000	21.7
188	-0.724234	333.780756	0.009012	20.7
189	-0.194051	333.089698	0.003101	22.8
190	-0.181721	332.402443	0.003759	20.4
191	-0.000000	331.718955	0.000000	20.7
192	-0.000000	331.039203	0.000000	20.7
193	-0.077341	330.363153	0.001316	22.1
194	-0.036375	329.690771	0.000156	26.5
195	-0.483642	329.022027	0.005342	20.8
196	-0.571294	328.356888	0.003518	21.5
197	-0.119357	327.695322	0.001130	22.9
198	-0.494374	327.037299	0.004464	21.0
199	-0.554776	326.382787	0.001896	23.1
200	-0.313617	325.731758	0.003972	20.6
201	-0.385147	325.084179	0.003060	20.8
202	-0.333102	324.440023	0.006181	26.7
203	-0.000000	323.799258	0.000000	22.5
204	-0.000000	323.161858	0.000000	20.3
205	-0.000000	322.527792	0.000000	21.1
206	-0.000000	321.897034	0.000000	20.6
207	-0.717051	321.269554	0.004172	23.5
208	-0.595965	320.645325	0.003497	22.1
209	-0.412432	320.024320	0.001368	22.3
210	-0.678441	319.406512	0.004016	22.5
211	-0.348187	318.791875	0.002974	24.5
212	-0.238583	318.180381	0.002031	23.3
213	-0.186214	317.572005	0.000864	20.8
214	-0.129847	316.966721	0.003245	20.9
215	-0.000000	316.364504	0.000000	20.4
216	-0.000000	315.765329	0.000000	26.2
217	-0.000000	315.169170	0.000000	20.1
218	-0.000000	314.576003	0.000000	20.7
219	-0.000000	313.985804	0.000000	23.2
220	-0.705875	313.398548	0.004669	25.2
221	-0.333553	312.814213	0.003355	20.8
222	-0.193501	312.232773	0.002810	21.3
223	-0.761029	311.654207	0.005799	20.7
224	-0.254046	311.078491	0.001558	20.8
225	-0.609270	310.505602	0.005325	21.6
226	-0.557005	309.935518	0.006887	22.6
227	-0.000000	309.368217	0.000000	21.0
228	-0.411819	308.803676	0.005293	20.9
229	-0.430496	308.241874	0.002655	25.2
230	-0.006175	307.682789	0.001013	25.1
231	-0.252119	307.126400	0.002262	20.9
232	-0.190057	306.572687	0.001199	25.7
233	-0.703841	306.021627	0.004286	20.3
234	-0.000000	305.473201	0.000000	22.3
235	-0.048758	304.927388	0.002266	23.8
236	-0.741932	304.384168	0.003557	20.6
237	-0.025871	303.843521	0.000672	21.1
238	-0.220759	303.305427	0.002571	22.0
239	-0.264857	302.769867	0.001888	24.7
240	-0.482254	302.236821	0.004226	20.9
241	-0.398251	301.706270	0.002766	21.4
242	-0.000000	301.178196	0.000000	21.0
243	-0.626190	300.652580	0.002481	25.2
244	-0.056687	300.129402	0.000639	22.6
245	-0.000000	299.608645	0.000000	20.5
246	-0.000000	299.090291	0.000000	20.3
247	-0.150994	298.574321	0.001542	31.3
248	-0.000000	298.060718	0.000000	19.5
249	-0.485640	297.549465	0.002641	20.9
250	-0.251272	297.040543	0.001609	21.1
251	-0.042886	296.533936	0.000497	20.8
252	-0.482948	296.029626	0.002740	23.9
253	-0.161033	295.527597	0.001800	22.6
254	-0.364971	295.027832	0.003782	21.0
255	-0.000000	294.530315	0.000000	20.5
256	-0.497851	294.035028	0.003042	25.5
257	-0.145582	293.541956	0.002727	27.4
258	-0.230678	293.051083	0.001070	20.4
259	-0.005686	292.562393	0.000319	20.8
260	-0.003432	292.075870	0.000172	20.8
261	-0.000000	291.591498	0.000000	24.1
262	-0.155322	291.109263	0.003325	19.9
263	-0.053982	290.629149	0.000626	21.4
264	-0.015247	290.151140	0.001930	20.6
265	-0.728315	289.675222	0.004052	23.5
266	-0.000000	289.201380	0.000000	24.9
267	-0.346167	288.729600	0.002792	22.1
268	-0.213443	288.259866	0.003324	20.6
269	-0.250818	287.792165	0.001861	20.7
270	-0.232840	287.326481	0.001095	23.6
271	-0.000000	286.862802	0.000000	20.6
272	-0.117887	286.401113	0.001827	20.5
273	-0.688380	285.941400	0.003856	21.4
274	-0.684147	285.483649	0.004550	21.9
275	-0.027392	285.027847	0.001484	26.9
276	-0.233638	284.573981	0.001704	22.0
277	-0.000000	284.122037	0.000000	21.6
278	-0.000000	283.672002	0.000000	20.8
279	-0.000000	283.223863	0.000000	24.9
280	-0.000000	282.777607	0.000000	20.5
281	-0.047534	282.333221	0.000522	21.6
282	-0.309252	281.890692	0.002845	21.1
283	-0.390690	281.450008	0.003777	22.9
284	-0.273008	281.011157	0.001995	22.0
285	-0.000000	280.574125	0.000000	26.0
286	-0.000000	280.138901	0.000000	20.8
287	-0.748748	279.705473	0.004644	20.7
288	-0.219995	279.273829	0.001306	21.7
289	-0.260790	278.843956	0.002801	25.6
290	-0.000000	278.415844	0.000000	20.3
291	-0.000000	277.989479	0.000000	20.5
292	-0.000000	277.564851	0.000000	25.1
293	-0.000000	277.141949	0.000000	24.8
294	-0.136571	276.720761	0.001198	20.2
295	-0.610714	276.301275	0.002862	20.4
296	-0.092414	275.883480	0.001600	20.6
297	-0.367291	275.467366	0.002718	21.7
298	-0.092438	275.052922	0.001535	23.4
299	-0.558336	274.640136	0.002875	22.0
300	-0.603297	274.228998	0.003332	21.6
301	-0.139636	273.819497	0.002317	28.9
302	-0.000000	273.411623	0.000000	19.7
303	-0.736894	273.005365	0.005431	20.6
304	-0.070233	272.600712	0.000827	21.0
305	-0.279511	272.197655	0.003319	20.8
306	-0.494474	271.796184	0.004575	23.7
307	-0.000000	271.396287	0.000000	20.5
308	-0.064504	270.997956	0.001789	20.8
309	-0.687835	270.601180	0.004661	20.8
310	-0.723742	270.205949	0.004313	23.7
311	-0.600933	269.812254	0.003419	22.8
312	-0.715970	269.420085	0.003803	19.6
313	-0.322803	269.029432	0.005269	21.2
314	-0.274362	268.640287	0.002535	20.7
315	-0.000000	268.252638	0.000000	21.9
316	-0.265519	267.866478	0.002751	21.9
317	-0.000000	267.481796	0.000000	22.0
318	-0.604699	267.098584	0.006350	21.1
319	-0.052511	266.716833	0.000770	21.4
320	-0.230627	266.336533	0.002531	24.9
321	-0.520743	265.957676	0.003304	20.7
322	-0.011507	265.580253	0.000696	21.6
323	-0.000000	265.204254	0.000000	21.1
324	-0.159435	264.829672	0.001473	20.5
325	-0.420218	264.456497	0.003829	23.5
326	-0.064189	264.084721	0.000547	20.8
327	-0.692215	263.714335	0.003695	20.8
328	-0.614126	263.345332	0.003938	21.5
329	-0.756263	262.977702	0.004082	26.4
330	-0.583037	262.611438	0.007076	27.3
331	-0.000000	262.246531	0.000000	20.4
332	-0.000000	261.882973	0.000000	20.9
333	-0.332164	261.520756	0.000769	21.0
334	-0.551460	261.159871	0.003260	21.6
335	-0.000000	260.800312	0.000000	22.3
336	-0.000000	260.442070	0.000000	20.7
337	-0.000000	260.085137	0.000000	21.3
338	-0.717964	259.729505	0.003857	23.4
339	-0.379002	259.375167	0.002808	23.3
340	-0.483191	259.022116	0.003389	20.9
341	-0.000000	258.670343	0.000000	21.1
342	-0.513527	258.319841	0.003442	20.6
343	-0.000000	257.970602	0.000000	26.7
344	-0.190408	257.622620	0.002306	20.8
345	-0.023249	257.275887	0.000569	18.6
346	-0.052307	256.930396	0.000725	21.8
347	-0.460179	256.586139	0.004626	22.0
348	-0.107365	256.243109	0.001063	20.6
349	-0.000000	255.901300	0.000000	21.0
350	-0.502285	255.560703	0.002022	20.4
351	-0.000000	255.221313	0.000000	20.7
352	-0.000000	254.883122	0.000000	22.8
353	-0.000000	254.546124	0.000000	21.3
354	-0.601869	254.210311	0.004262	20.8
355	-0.719537	253.875677	0.003500	21.5
356	-0.000000	253.542215	0.000000	23.4
357	-0.462650	253.209918	0.002646	24.8
358	-0.623291	252.878781	0.003687	20.4
359	-0.000000	252.548795	0.000000	20.7
360	-0.433721	252.219956	0.003758	20.8
361	-0.000000	251.892255	0.000000	21.8
362	-0.696718	251.565688	0.004610	22.7
363	-0.264106	251.240247	0.003624	21.2
364	-0.000000	250.915926	0.000000	20.4
365	-0.263135	250.592720	0.002730	24.8
366	-0.200887	250.270621	0.002159	21.9
367	-0.545010	249.949624	0.003171	25.4
368	-0.456466	249.629723	0.001010	21.1
369	-0.429526	249.310911	0.003071	21.2
370	-0.420849	248.993182	0.002781	22.6
371	-0.661629	248.676531	0.003539	23.1
372	-0.000000	248.360952	0.000000	21.0
373	-0.164531	248.046438	0.000492	20.5
374	-0.000000	247.732984	0.000000	27.0
375	-0.000000	247.420584	0.000000	22.0
376	-0.257208	247.109233	0.001477	20.8
377	-0.090621	246.798924	0.000498	21.1
378	-0.187924	246.489652	0.002848	22.6
379	-0.008931	246.181412	0.000469	27.0
380	-0.758854	245.874197	0.003969	20.3
381	-0.000000	245.568002	0.000000	23.0
382	-0.000000	245.262822	0.000000	28.0
383	-0.737785	244.958652	0.003359	21.5
384	-0.359086	244.655485	0.005785	21.4
385	-0.141163	244.353317	0.001366	21.2
386	-0.227590	244.052142	0.002640	20.7
387	-0.142087	243.751955	0.001907	21.2
388	-0.216737	243.452750	0.001999	22.6
389	-0.084212	243.154523	0.000498	23.1
390	-0.508109	242.857268	0.004328	20.7
391	-0.080019	242.560980	0.001069	32.0
392	-0.623018	242.265654	0.004651	19.2
393	-0.000000	241.971285	0.000000	22.3
394	-0.000002	241.677868	0.000000	19.9
395	-0.000000	241.385397	0.000000	20.7
396	-0.247314	241.093869	0.002201	20.9
397	-0.206243	240.803278	0.007065	20.8
398	-0.415401	240.513619	0.002598	23.9
399	-0.015470	240.224887	0.000996	20.6
400	-0.000000	239.937077	0.000000	20.5
401	-0.603432	239.650186	0.002679	25.9
402	-0.000000	239.364207	0.000000	21.3
403	-0.608993	239.079136	0.003555	22.7
404	-0.000000	238.794969	0.000000	25.9
405	-0.000009	238.511701	0.000019	20.6
406	-0.207036	238.229327	0.001957	21.1
407	-0.496742	237.947843	0.004151	20.8
408	-0.264565	237.667244	0.001281	22.9
409	-0.292218	237.387526	0.004242	20.5
410	-0.000000	237.108684	0.000000	21.7
411	-0.006252	236.830714	0.000028	22.4
412	-0.039418	236.553610	0.001712	21.4
413	-0.000000	236.277370	0.000000	23.6
414	-0.665162	236.001989	0.004941	20.6
415	-0.447432	235.727461	0.002084	20.8
416	-0.627251	235.453784	0.003664	20.8
417	-0.293028	235.180952	0.002977	24.2
418	-0.000000	234.908962	0.000000	20.5
419	-0.158276	234.637809	0.000826	22.1
420	-0.187024	234.367488	0.001476	22.7
421	-0.237146	234.097997	0.002768	20.8
422	-0.000000	233.829331	0.000000	21.6
423	-0.000000	233.561485	0.000000	21.5
424	-0.000268	233.294456	0.000013	21.3
425	-0.377064	233.028239	0.004263	21.1
426	-0.706058	232.762831	0.003821	20.6
427	-0.146837	232.498228	0.001406	24.0
428	-0.000000	232.234425	0.000000	25.4
429	-0.745808	231.971419	0.004577	23.6
430	-0.485401	231.709205	0.003609	20.5
431	-0.474101	231.447781	0.003542	20.4
432	-0.624017	231.187141	0.007134	22.0
433	-0.590597	230.927283	0.003498	24.8
434	-0.227921	230.668202	0.002774	20.2
435	-0.073319	230.409895	0.001461	20.4
436	-0.267311	230.152358	0.002717	22.3
437	-0.309468	229.895587	0.002593	27.4
438	-0.161838	229.639578	0.001499	20.8
439	-0.572226	229.384329	0.003760	20.4
440	-0.000000	229.129834	0.000000	20.7
441	-0.000000	228.876091	0.000000	22.5
442	-0.500038	228.623096	0.004240	22.4
443	-0.000000	228.370846	0.000000	20.5
444	-0.294593	228.119336	0.002918	21.2
445	-0.004621	227.868563	0.000000	22.2
446	-0.044899	227.618525	0.000699	31.4
447	-0.751871	227.369216	0.005046	22.3
448	-0.000000	227.120635	0.000000	20.5
449	-0.164304	226.872777	0.002130	20.6
450	-0.746468	226.625638	0.003156	21.9
451	-0.286818	226.379217	0.002300	22.5
452	-0.663277	226.133509	0.003591	21.3
453	-0.113610	225.888510	0.002020	20.8
454	-0.720256	225.644218	0.003660	20.8
455	-0.392477	225.400630	0.003342	25.4
456	-0.166644	225.157741	0.004104	20.9
457	-0.463827	224.915549	0.003022	23.8
458	-0.642031	224.674051	0.002717	21.1
459	-0.394190	224.433242	0.002717	27.3
460	-0.571863	224.193121	0.003135	19.6
461	-0.222538	223.953684	0.003865	21.1
462	-0.334054	223.714927	0.003304	20.6
463	-0.042589	223.476848	0.000985	20.6
464	-0.159827	223.239444	0.004748	22.0
465	-0.000000	223.002710	0.000000	23.9
466	-0.199361	222.766645	0.001996	20.9
467	-0.705462	222.531245	0.003223	20.4
468	-0.442376	222.296508	0.000857	22.2
469	-0.756430	222.062429	0.005245	22.3
470	-0.130999	221.829007	0.001953	25.8
471	-0.351397	221.596238	0.002027	20.7
472	-0.435353	221.364119	0.002776	22.3
473	-0.000000	221.132647	0.000000	24.0
474	-0.552275	220.901820	0.001883	22.6
475	-0.124611	220.671634	0.001749	21.2
476	-0.559505	220.442086	0.003744	20.6
477	-0.000000	220.213174	0.000000	24.0
478	-0.557859	219.984895	0.002877	23.4
479	-0.465450	219.757246	0.001889	22.2
480	-0.249963	219.530224	0.003054	21.2
481	-0.639703	219.303826	0.003447	23.5
482	-0.000000	219.078050	0.000000	24.1
483	-0.000000	218.852893	0.000000	23.4
484	-0.545282	218.628352	0.003483	20.8
485	-0.000050	218.404424	0.000001	20.7
486	-0.305591	218.181106	0.001926	26.7
487	-0.724521	217.958397	0.004624	20.5
488	-0.000000	217.736292	0.000000	20.9
489	-0.163354	217.514790	0.006562	21.4
490	-0.248688	217.293888	0.003806	22.0
491	-0.542323	217.073584	0.004306	25.0
492	-0.000000	216.853873	0.000000	23.3
493	-0.224190	216.634755	0.001941	20.5
494	-0.215516	216.416227	0.001321	20.4
495	-0.000863	216.198285	0.000249	23.7
496	-0.337730	215.980927	0.002335	20.3
497	-0.358936	215.764151	0.001963	20.6
498	-0.067182	215.547955	0.001092	21.1
499	-0.194002	215.332335	0.001012	22.1
500	-0.036862	215.117289	0.000686	27.6
501	-0.081036	214.902815	0.001956	20.5
502	-0.158822	214.688911	0.001653	21.5
503	-0.000000	214.475573	0.000000	20.5
504	-0.667134	214.262800	0.003431	22.0
505	-0.175802	214.050588	0.002700	22.0
506	-0.586936	213.838936	0.005844	20.9
507	-0.227030	213.627842	0.002553	20.6
508	-0.000000	213.417302	0.000000	21.3
509	-0.000000	213.207314	0.000000	29.4
510	-0.426759	212.997877	0.003779	19.2
511	-0.498817	212.788987	0.003093	21.1
512	-0.694897	212.580642	0.005785	20.7
513	-0.216476	212.372841	0.002187	23.9
514	-0.193838	212.165581	0.002111	20.5
515	-0.000000	211.958859	0.000000	22.1
516	-0.684650	211.752673	0.005368	20.5
517	-0.079453	211.547021	0.000967	21.6
518	-0.000000	211.341902	0.000000	22.9
519	-0.299697	211.137311	0.002763	21.8
520	-0.000000	210.933248	0.000000	22.2
521	-0.439241	210.729710	0.003105	21.2
522	-0.136698	210.526695	0.003748	22.3
523	-0.000000	210.324200	0.000000	27.0
524	-0.000000	210.122224	0.000000	20.7
525	-0.058810	209.920765	0.000821	22.1
526	-0.163044	209.719820	0.003486	27.1
527	-0.000000	209.519387	0.000000	25.8
528	-0.271613	209.319463	0.002357	24.0
529	-0.000000	209.120048	0.000000	20.5
530	-0.093118	208.921139	0.001821	26.9
531	-0.431585	208.722733	0.003281	19.8
532	-0.148275	208.524829	0.001197	20.7
533	-0.127035	208.327425	0.000925	23.1
534	-0.000000	208.130518	0.000000	20.8
535	-0.471435	207.934107	0.003060	22.0
536	-0.100648	207.738189	0.001059	28.6
537	-0.227775	207.542762	0.003075	20.2
538	-0.000000	207.347825	0.000000	20.6
539	-0.305367	207.153376	0.001538	26.9
540	-0.142647	206.959412	0.002384	20.3
541	-0.555739	206.765932	0.002876	20.8
542	-0.568351	206.572933	0.003504	20.7
543	-0.686738	206.380414	0.002943	21.0
544	-0.625751	206.188373	0.003600	23.6
545	-0.058746	205.996807	0.000673	25.3
546	-0.748665	205.805716	0.003306	23.9
547	-0.199611	205.615096	0.002456	20.6
548	-0.045580	205.424946	0.002429	23.2
549	-0.655712	205.235265	0.005968	21.0
550	-0.000640	205.046050	0.000154	25.4
551	-0.228965	204.857299	0.002746	20.6
552	-0.520073	204.669011	0.002280	21.0
553	-0.207881	204.481184	0.002311	23.8
554	-0.031118	204.293816	0.000736	22.6
555	-0.283381	204.106905	0.001941	28.3
556	-0.242307	203.920449	0.001819	21.0
557	-0.595148	203.734447	0.005473	24.8
558	-0.506607	203.548896	0.001899	20.3
559	-0.000000	203.363795	0.000000	20.6
560	-0.403620	203.179143	0.001955	20.6
561	-0.119506	202.994937	0.000990	24.8
562	-0.726015	202.811176	0.005681	31.3
563	-0.668255	202.627857	0.002966	20.2
564	-0.601105	202.444980	0.003362	20.9
565	-0.000000	202.262543	0.000000	22.8
566	-0.195696	202.080543	0.002368	24.2
567	-0.147887	201.898979	0.001773	20.6
568	-0.011760	201.717849	0.000194	20.6
569	-0.182667	201.537153	0.001509	22.5
570	-0.058939	201.356887	0.001457	23.7
571	-0.581055	201.177050	0.003237	22.3
572	-0.518904	200.997642	0.003778	28.4
573	-0.478410	200.818659	0.004675	21.9
574	-0.000000	200.640100	0.000000	20.9
575	-0.598544	200.461965	0.002921	28.0
576	-0.366715	200.284250	0.002372	19.6
577	-0.088304	200.106955	0.001270	20.8
578	-0.000012	199.930078	0.000022	21.2
579	-0.000000	199.753617	0.000000	20.7
580	-0.000000	199.577571	0.000000	24.9
581	-0.000000	199.401938	0.000000	21.6
582	-0.314021	199.226717	0.003230	20.6
583	-0.000000	199.051905	0.000000	20.6
584	-0.134892	198.877502	0.000447	21.4
585	-0.639426	198.703506	0.004902	24.5
586	-0.267165	198.529916	0.003888	20.8
587	-0.561175	198.356729	0.003728	20.7
588	-0.014001	198.183944	0.000165	21.0
589	-0.108001	198.011560	0.000643	26.0
590	-0.207903	197.839576	0.002733	21.4
591	-0.737990	197.667989	0.004412	21.1
592	-0.017182	197.496798	0.000243	20.6
593	-0.599713	197.326002	0.003794	21.6
594	-0.000000	197.155600	0.000000	22.7
595	-0.000000	196.985589	0.000000	20.7
596	-0.000000	196.815969	0.000000	20.7
597	-0.018014	196.646738	0.000088	20.8
598	-0.560837	196.477894	0.005282	23.6
599	-0.105806	196.309436	0.001291	23.3
600	-0.435273	196.141363	0.002333	23.7
601	-0.734377	195.973673	0.004353	20.6
602	-0.000000	195.806365	0.000000	20.3
603	-0.000000	195.639437	0.000000	20.8
604	-0.000000	195.472888	0.000000	22.0
605	-0.013606	195.306717	0.000182	27.0
606	-0.503377	195.140922	0.003465	20.4
607	-0.000000	194.975501	0.000000	21.4
608	-0.731168	194.810454	0.003041	24.1
609	-0.709758	194.645779	0.004061	20.0
610	-0.326440	194.481475	0.002879	23.3
611	-0.725329	194.317540	0.003654	21.8
612	-0.040694	194.153973	0.002183	22.1
613	-0.323242	193.990773	0.003133	20.9
614	-0.050089	193.827938	0.000483	21.8
615	-0.728571	193.665467	0.003910	21.0
616	-0.590301	193.503358	0.004924	20.7
617	-0.000000	193.341611	0.000000	22.5
618	-0.395428	193.180224	0.007681	23.0
619	-0.093145	193.019196	0.001444	28.0
620	-0.000000	192.858525	0.000000	20.5
621	-0.744260	192.698210	0.004302	20.5
622	-0.643596	192.538251	0.004115	20.9
623	-0.222597	192.378644	0.001391	24.9
624	-0.507509	192.219391	0.003199	20.7
625	-0.096286	192.060488	0.001103	20.9
626	-0.486705	191.901935	0.002883	25.2
627	-0.658234	191.743730	0.003977	20.9
628	-0.208973	191.585873	0.000737	23.0
629	-0.000000	191.428362	0.000000	26.7
630	-0.377975	191.271196	0.002967	20.9
631	-0.012309	191.114374	0.000407	20.5
632	-0.072697	190.957893	0.001082	23.4
633	-0.000000	190.801755	0.000000	20.6
634	-0.633192	190.645956	0.003453	20.8
635	-0.652968	190.490495	0.005373	23.9
636	-0.494576	190.335373	0.003395	23.1
637	-0.256562	190.180587	0.001245	21.5
638	-0.000000	190.026136	0.000000	22.9
639	-0.180589	189.872019	0.002105	20.6
640	-0.000000	189.718235	0.000000	20.6
641	-0.000000	189.564782	0.000000	21.5
642	-0.194889	189.411661	0.001449	23.1
643	-0.667835	189.258868	0.007156	20.6
644	-0.002917	189.106404	0.000081	24.6
645	-0.000000	188.954267	0.000000	22.5
646	-0.035622	188.802456	0.001784	25.9
647	-0.623384	188.650969	0.004273	20.8
648	-0.000000	188.499807	0.000000	20.4
649	-0.492649	188.348967	0.004979	20.7
650	-0.198715	188.198448	0.003653	23.6
651	-0.000000	188.048250	0.000000	21.5
652	-0.000000	187.898371	0.000000	20.5
653	-0.751249	187.748810	0.004094	22.6
654	-0.253565	187.599566	0.003061	24.1
655	-0.000000	187.450638	0.000000	22.0
656	-0.199231	187.302025	0.004960	23.6
657	-0.679734	187.153725	0.006327	20.7
658	-0.557662	187.005739	0.003153	23.4
659	-0.271228	186.858064	0.002416	21.5
660	-0.697713	186.710699	0.005621	21.5
661	-0.163601	186.563645	0.001311	21.6
662	-0.000000	186.416898	0.000000	23.0
663	-0.607605	186.270459	0.002683	22.3
664	-0.064936	186.124326	0.001495	23.3
665	-0.161670	185.978499	0.001709	20.8
666	-0.045258	185.832976	0.000801	20.6
667	-0.000000	185.687756	0.000000	20.4
668	-0.000002	185.542838	0.000001	22.2
669	-0.723783	185.398222	0.007378	23.2
670	-0.000002	185.253906	0.000001	20.5
671	-0.028536	185.109889	0.001371	28.0
672	-0.108452	184.966170	0.000944	19.5
673	-0.000000	184.822748	0.000000	22.9
674	-0.259979	184.679623	0.001654	21.2
675	-0.524879	184.536792	0.003975	20.7
676	-0.116483	184.394256	0.001803	20.9
677	-0.000000	184.252013	0.000000	21.1
678	-0.000000	184.110062	0.000000	21.4
679	-0.000000	183.968403	0.000000	20.5
680	-0.607595	183.827034	0.003428	21.4
681	-0.649455	183.685954	0.004144	26.6
682	-0.669784	183.545163	0.003076	20.9
683	-0.602377	183.404658	0.003962	20.9
684	-0.000000	183.264441	0.000000	20.8
685	-0.038289	183.124509	0.000546	20.7
686	-0.000000	182.984861	0.000000	22.0
687	-0.080513	182.845497	0.001340	23.2
688	-0.553019	182.706416	0.003729	20.3
689	-0.000000	182.567616	0.000000	26.5
690	-0.000000	182.429098	0.000000	20.3
691	-0.011604	182.290859	0.000089	23.8
692	-0.723132	182.152899	0.002546	20.4
693	-0.109367	182.015217	0.001726	21.4
694	-0.123653	181.877813	0.001916	20.8
695	-0.000000	181.740684	0.000000	21.4
696	-0.145767	181.603832	0.001172	22.9
697	-0.117504	181.467253	0.000951	20.6
698	-0.166477	181.330948	0.004994	21.1
699	-0.757333	181.194916	0.003572	21.4
700	-0.181763	181.059155	0.001626	23.7
701	-0.131659	180.923666	0.000744	23.4
702	-0.227711	180.788446	0.001316	23.7
703	-0.649727	180.653496	0.005001	20.8
704	-0.299088	180.518814	0.002220	21.0
705	-0.000000	180.384399	0.000000	22.4
706	-0.139674	180.250251	0.001831	22.0
707	-0.714425	180.116369	0.004287	21.0
708	-0.000000	179.982752	0.000000	22.4
709	-0.238180	179.849398	0.001718	22.1
710	-0.181132	179.716308	0.003830	23.2
711	-0.699668	179.583480	0.004210	21.9
712	-0.497322	179.450913	0.002333	20.2
713	-0.140011	179.318607	0.001641	21.6
714	-0.284543	179.186561	0.001028	26.9
715	-0.032772	179.054774	0.000701	20.1
716	-0.000000	178.923245	0.000000	20.9
717	-0.380795	178.791973	0.002665	22.2
718	-0.195963	178.660958	0.001098	23.0
719	-0.171996	178.530199	0.001186	21.8
720	-0.723656	178.399694	0.003276	20.8
721	-0.306236	178.269444	0.002930	20.8
722	-0.315298	178.139447	0.002881	21.2
723	-0.424721	178.009702	0.002174	22.4
724	-0.373277	177.880209	0.002695	24.1
725	-0.434569	177.750967	0.005619	20.7
726	-0.024810	177.621975	0.000244	26.2
727	-0.494597	177.493232	0.003601	20.7
728	-0.199583	177.364738	0.002477	25.5
729	-0.340175	177.236492	0.002460	20.6
730	-0.532610	177.108492	0.003287	21.0
731	-0.000000	176.980739	0.000000	20.8
732	-0.035784	176.853231	0.000503	21.1
733	-0.320979	176.725968	0.003831	22.3
734	-0.559172	176.598949	0.008844	20.0
735	-0.042633	176.472173	0.001138	30.6
736	-0.648508	176.345639	0.003175	18.0
737	-0.236889	176.219348	0.003423	24.9
738	-0.285271	176.093296	0.001964	20.4
739	-0.711243	175.967486	0.008000	21.0
740	-0.049676	175.841914	0.000362	20.9
741	-0.617551	175.716581	0.003480	20.9
742	-0.218080	175.591486	0.003782	22.8
743	-0.036853	175.466629	0.001201	20.8
744	-0.479087	175.342008	0.002517	27.3
745	-0.749255	175.217622	0.003300	19.6
746	-0.000000	175.093472	0.000000	21.1
747	-0.084074	174.969556	0.000909	28.7
748	-0.022951	174.845873	0.000411	20.2
749	-0.449666	174.722423	0.002991	24.5
750	-0.068359	174.599206	0.000372	21.0
751	-0.066191	174.476220	0.000880	25.1
752	-0.113893	174.353464	0.002989	20.9
753	-0.261831	174.230939	0.001727	27.8
754	-0.000000	174.108643	0.000000	19.9
755	-0.771617	173.986576	0.004758	23.1
756	-0.000000	173.864737	0.000000	20.9
757	-0.000000	173.743124	0.000000	20.8
758	-0.000000	173.621739	0.000000	21.0
759	-0.681300	173.500579	0.002998	21.7
760	-0.320027	173.379645	0.001449	22.4
761	-0.546460	173.258935	0.003215	20.3
762	-0.735575	173.138449	0.004093	21.6
763	-0.000000	173.018186	0.000000	23.1
764	-0.000000	172.898146	0.000000	22.7
765	-0.000000	172.778327	0.000000	22.2
766	-0.291879	172.658730	0.003946	21.1
767	-0.156292	172.539353	0.002989	20.8
768	-0.364178	172.420196	0.003367	20.6
769	-0.245752	172.301258	0.001848	22.1
770	-0.650415	172.182539	0.005623	24.3
771	-0.000000	172.064037	0.000000	27.1
772	-0.217059	171.945753	0.003845	21.4
773	-0.214694	171.827686	0.006762	25.2
774	-0.257803	171.709834	0.002474	19.8
775	-0.000000	171.592198	0.000000	21.2
776	-0.567713	171.474776	0.003709	20.7
777	-0.482840	171.357568	0.003232	20.8
778	-0.614148	171.240574	0.003668	22.1
779	-0.767656	171.123793	0.005379	20.5
780	-0.330595	171.007223	0.001403	21.2
781	-0.276340	170.890865	0.003465	24.0
782	-0.014728	170.774718	0.001390	21.3
783	-0.389919	170.658782	0.003080	21.2
784	-0.000000	170.543055	0.000000	21.4
785	-0.371191	170.427537	0.001731	20.7
786	-0.475646	170.312227	0.003093	20.8
787	-0.578180	170.197125	0.003178	24.5
788	-0.000000	170.082231	0.000000	20.1
789	-0.372521	169.967543	0.002444	22.0
790	-0.008615	169.853061	0.000134	23.1
791	-0.445956	169.738784	0.005578	20.4
792	-0.409498	169.624713	0.002464	23.6
793	-0.000000	169.510845	0.000000	22.6
794	-0.645393	169.397181	0.004052	21.2
795	-0.250846	169.283720	0.001339	20.9
796	-0.000003	169.170462	0.000006	27.7
797	-0.507933	169.057405	0.003886	19.8
798	-0.702615	168.944549	0.002925	23.6
799	-0.000000	168.831895	0.000000	21.0
800	-0.033550	168.719440	0.000647	21.2
801	-0.656552	168.607185	0.004594	21.7
802	-0.000000	168.495129	0.000000	22.8
803	-0.006258	168.383271	0.000360	22.5
804	-0.304985	168.271611	0.004859	20.5
805	-0.000000	168.160148	0.000000	21.7
806	-0.000000	168.048882	0.000000	22.2
807	-0.255109	167.937812	0.001718	21.6
808	-0.024085	167.826938	0.000414	23.3
809	-0.722563	167.716258	0.004992	20.6
810	-0.000019	167.605773	0.000031	27.1
811	-0.000000	167.495482	0.000000	19.4
812	-0.000000	167.385384	0.000000	20.9
813	-0.135195	167.275479	0.001247	21.2
814	-0.275316	167.165766	0.001478	21.2
815	-0.518228	167.056245	0.004663	21.1
816	-0.009318	166.946915	0.000217	27.7
817	-0.013221	166.837776	0.000932	21.2
818	-0.000000	166.728826	0.000000	20.8
819	-0.000000	166.620067	0.000000	20.6
820	-0.055346	166.511496	0.000899	20.8
821	-0.392860	166.403113	0.004747	26.8
822	-0.000000	166.294919	0.000000	25.9
823	-0.119067	166.186912	0.001481	26.9
824	-0.197014	166.079091	0.001667	26.1
825	-0.000000	165.971458	0.000000	24.4
826	-0.064418	165.864009	0.001562	22.9
827	-0.205111	165.756747	0.001886	20.7
828	-0.253649	165.649669	0.002615	20.8
829	-0.000000	165.542775	0.000000	22.7
830	-0.373533	165.436065	0.002895	23.0
831	-0.001520	165.329538	0.000267	20.5
832	-0.412875	165.223194	0.001337	20.6
833	-0.227334	165.117032	0.001186	20.3
834	-0.677620	165.011052	0.004631	27.1
835	-0.305970	164.905253	0.003586	32.8
836	-0.250830	164.799635	0.001819	24.7
837	-0.000000	164.694197	0.000001	25.0
838	-0.207910	164.588939	0.001628	26.8
839	-0.277960	164.483859	0.002554	27.3
840	-0.000000	164.378959	0.000000	25.4
841	-0.349049	164.274237	0.001317	33.6
842	-0.000000	164.169692	0.000000	25.6
843	-0.661366	164.065325	0.005802	24.4
844	-0.550499	163.961135	0.002308	26.4
845	-0.000000	163.857120	0.000000	26.5
846	-0.000000	163.753282	0.000000	27.5
847	-0.209781	163.649619	0.002470	23.9
848	-0.000000	163.546130	0.000000	23.5
849	-0.298097	163.442816	0.004857	27.6
850	-0.106065	163.339676	0.001530	26.3
851	-0.392989	163.236709	0.001905	26.6
852	-0.474971	163.133915	0.002269	32.5
853	-0.000000	163.031294	0.000000	23.4
854	-0.414628	162.928844	0.002409	21.1
855	-0.136311	162.826566	0.002327	20.3
856	-0.661498	162.724459	0.003611	24.6
857	-0.195926	162.622523	0.002162	25.1
858	-0.587071	162.520757	0.006471	22.2
859	-0.013066	162.419160	0.000210	20.5
860	-0.000000	162.317733	0.000000	20.5
861	-0.496704	162.216474	0.001742	20.7
862	-0.099353	162.115383	0.000680	22.3
863	-0.732550	162.014461	0.004346	22.8
864	-0.000000	161.913705	0.000000	22.2
865	-0.009504	161.813117	0.000218	20.5
866	-0.649369	161.712695	0.004654	27.6
867	-0.270815	161.612439	0.001636	22.6
868	-0.659859	161.512349	0.005714	20.9
869	-0.265637	161.412424	0.002996	20.7
870	-0.112479	161.312663	0.000939	20.7
871	-0.104251	161.213067	0.001015	27.4
872	-0.000000	161.113635	0.000000	19.8
873	-0.528418	161.014366	0.003286	20.7
874	-0.000000	160.915260	0.000000	21.4
875	-0.729417	160.816316	0.004353	25.3
876	-0.640933	160.717535	0.002546	23.5
877	-0.606838	160.618915	0.002667	23.2
878	-0.461253	160.520456	0.003156	20.6
879	-0.037004	160.422158	0.000748	21.6
880	-0.000000	160.324021	0.000000	22.6
881	-0.000000	160.226043	0.000000	22.7
882	-0.000000	160.128225	0.000000	24.9
883	-0.294174	160.030566	0.002001	20.4
884	-0.000000	159.933066	0.000000	30.4
885	-0.367214	159.835723	0.004390	18.6
886	-0.244302	159.738539	0.001306	20.6
887	-0.000000	159.641512	0.000000	21.3
888	-0.456426	159.544642	0.004366	20.6
889	-0.111603	159.447929	0.002262	22.2
890	-0.567554	159.351372	0.006456	23.2
891	-0.030352	159.254971	0.000730	20.6
892	-0.616929	159.158725	0.003571	25.3
893	-0.088370	159.062634	0.000862	22.0
894	-0.155266	158.966697	0.002453	22.6
895	-0.000000	158.870915	0.000000	22.1
896	-0.433322	158.775286	0.003000	20.6
897	-0.000000	158.679811	0.000000	21.0
898	-0.019312	158.584489	0.000509	22.5
899	-0.091989	158.489319	0.002837	23.2
900	-0.063820	158.394302	0.000885	20.7
901	-0.196587	158.299436	0.003323	22.2
902	-0.141910	158.204721	0.003219	22.2
903	-0.225329	158.110158	0.002104	22.7
904	-0.169332	158.015745	0.000844	23.3
905	-0.121058	157.921482	0.000933	20.5
906	-0.124156	157.827369	0.000622	21.0
907	-0.078702	157.733406	0.001317	20.9
908	-0.000000	157.639591	0.000000	26.7
909	-0.000000	157.545925	0.000000	20.7
910	-0.308479	157.452408	0.003078	20.8
911	-0.241156	157.359038	0.002652	26.7
912	-0.634716	157.265816	0.003619	20.3
913	-0.000000	157.172741	0.000000	22.6
914	-0.000000	157.079813	0.000000	20.9
915	-0.026120	156.987031	0.000537	23.3
916	-0.000000	156.894395	0.000000	20.6
917	-0.000000	156.801904	0.000000	22.1
918	-0.278096	156.709559	0.003729	20.9
919	-0.208925	156.617359	0.001720	20.9
920	-0.170723	156.525304	0.000599	22.9
921	-0.000000	156.433392	0.000000	20.9
922	-0.037408	156.341624	0.000928	23.0
923	-0.129522	156.250000	0.001325	23.3
924	-0.061672	156.158519	0.000416	21.3
925	-0.162500	156.067180	0.001388	21.0
926	-0.422744	155.975984	0.003445	20.9
927	-0.419970	155.884930	0.002202	23.5
928	-0.626449	155.794017	0.003310	25.3
929	-0.388917	155.703246	0.001681	23.6
930	-0.596392	155.612615	0.003210	24.5
931	-0.601207	155.522125	0.002929	23.5
932	-0.350559	155.431775	0.000965	20.6
933	-0.000000	155.341565	0.000000	21.0
934	-0.285505	155.251495	0.004190	21.2
935	-0.000000	155.161563	0.000000	20.7
936	-0.000000	155.071771	0.000000	25.6
937	-0.598902	154.982117	0.002448	20.8
938	-0.150397	154.892601	0.001755	25.0
939	-0.000000	154.803222	0.000000	19.6
940	-0.000000	154.713981	0.000000	20.5
941	-0.117106	154.624878	0.002440	25.0
942	-0.506530	154.535910	0.006428	20.5
943	-0.000000	154.447080	0.000000	20.7
944	-0.565677	154.358385	0.002709	20.6
945	-0.000000	154.269826	0.000000	18.6
946	-0.385855	154.181402	0.002360	22.1
947	-0.000000	154.093114	0.000000	23.6
948	-0.422360	154.004960	0.003338	27.6
949	-0.000000	153.916940	0.000000	21.1
950	-0.223809	153.829054	0.001985	20.8
951	-0.766314	153.741303	0.003067	23.1
952	-0.000003	153.653684	0.000006	21.7
953	-0.493071	153.566198	0.003029	20.8
954	-0.369726	153.478846	0.006523	21.1
955	-0.748973	153.391625	0.005674	20.6
956	-0.077695	153.304537	0.000784	21.1
957	-0.262951	153.217580	0.002779	26.4
958	-0.461711	153.130755	0.000708	20.6
959	-0.274651	153.044061	0.004641	21.0
960	-0.000000	152.957498	0.000000	22.5
961	-0.687767	152.871065	0.004545	22.3
962	-0.763447	152.784762	0.005308	20.7
963	-0.600884	152.698589	0.005913	20.6
964	-0.516096	152.612545	0.002691	20.9
965	-0.043564	152.526631	0.000705	27.4
966	-0.251142	152.440845	0.002733	26.7
967	-0.642077	152.355188	0.003303	20.9
968	-0.325501	152.269660	0.002820	20.8
969	-0.536570	152.184259	0.003302	22.3
970	-0.000000	152.098986	0.000000	23.7
971	-0.000000	152.013840	0.000000	19.8
972	-0.214351	151.928821	0.003660	20.8
973	-0.470971	151.843928	0.005294	20.5
974	-0.336782	151.759163	0.002582	27.6
975	-0.000000	151.674523	0.000000	20.3
976	-0.085423	151.590009	0.001989	20.8
977	-0.168355	151.505620	0.002797	21.2
978	-0.783303	151.421357	0.003302	21.2
979	-0.289793	151.337218	0.002422	23.7
980	-0.577228	151.253204	0.004240	20.5
981	-0.464097	151.169314	0.003129	20.5
982	-0.491401	151.085549	0.003835	20.6
983	-0.247880	151.001907	0.002979	26.3
984	-0.000000	150.918388	0.000000	28.9
985	-0.716450	150.834992	0.003418	20.4
986	-0.604696	150.751719	0.003814	21.3
987	-0.108381	150.668569	0.002313	22.2
988	-0.222494	150.585541	0.002908	24.7
989	-0.329887	150.502634	0.002290	20.6
990	-0.000000	150.419849	0.000000	20.8
991	-0.000000	150.337186	0.000000	22.4
992	-0.160924	150.254644	0.001228	25.6
993	-0.000000	150.172222	0.000000	23.0
994	-0.074527	150.089921	0.001011	20.8
995	-0.213007	150.007740	0.006350	20.6
996	-0.117951	149.925679	0.003093	22.1
997	-0.220025	149.843737	0.005877	23.4
998	-0.733093	149.761915	0.004045	20.8
999	-0.548654	149.680212	0.004982	20.6
1000	-0.236876	149.598627	0.000819	20.9
1001	-0.443249	149.517161	0.002372	25.1
1002	-0.355002	149.435814	0.002382	23.0
1003	-0.226788	149.354584	0.001945	28.9
1004	-0.643793	149.273472	0.003638	20.3
1005	-0.000000	149.192477	0.000000	26.8
1006	-0.239247	149.111599	0.001527	19.5
1007	-0.225765	149.030838	0.003786	21.1
1008	-0.000000	148.950194	0.000000	21.0
1009	-0.203217	148.869666	0.001249	21.1
1010	-0.586226	148.789253	0.005077	24.1
1011	-0.000000	148.708957	0.000000	24.4
1012	-0.291325	148.628776	0.002934	20.8
1013	-0.276403	148.548710	0.002842	21.2
1014	-0.000001	148.468759	0.000004	20.6
1015	-0.122075	148.388923	0.001157	22.8
1016	-0.046497	148.309201	0.000827	21.1
1017	-0.000000	148.229594	0.000000	21.0
1018	-0.647829	148.150100	0.004509	21.0
1019	-0.672805	148.070719	0.002531	22.5
1020	-0.000000	147.991452	0.000000	24.7
1021	-0.000000	147.912298	0.000000	22.0
1022	-0.194350	147.833257	0.000844	20.9
1023	-0.000599	147.754329	0.000057	22.1
1024	-0.062337	147.675512	0.002146	24.8
1025	-0.691751	147.596808	0.003964	26.0
1026	-0.027934	147.518216	0.000290	20.4
1027	-0.655254	147.439735	0.004715	21.1
1028	-0.555815	147.361365	0.003449	24.0
1029	-0.000000	147.283106	0.000000	25.0
1030	-0.205609	147.204958	0.002193	20.7
1031	-0.293123	147.126920	0.000867	21.8
1032	-0.247257	147.048993	0.000592	21.3
1033	-0.000000	146.971175	0.000000	21.6
1034	-0.000000	146.893468	0.000000	22.0
1035	-0.379433	146.815869	0.003685	23.0
1036	-0.029877	146.738380	0.000689	21.2
1037	-0.174218	146.661000	0.002784	23.9
1038	-0.053331	146.583729	0.000458	22.7
1039	-0.021580	146.506566	0.001846	20.6
1040	-0.000000	146.429511	0.000000	20.9
1041	-0.199276	146.352565	0.002798	20.7
1042	-0.233976	146.275726	0.002330	23.5
1043	-0.000000	146.198994	0.000000	20.8
1044	-0.000000	146.122370	0.000000	21.2
1045	-0.404126	146.045853	0.001886	20.7
1046	-0.741917	145.969442	0.004945	27.8
1047	-0.297673	145.893139	0.003271	23.5
1048	-0.644565	145.816941	0.004893	21.5
1049	-0.305985	145.740849	0.003297	28.8
1050	-0.353514	145.664863	0.001406	21.5
1051	-0.000000	145.588983	0.000000	23.9
1052	-0.708465	145.513208	0.003256	21.2
1053	-0.293506	145.437538	0.002267	26.1
1054	-0.614517	145.361973	0.003310	28.2
1055	-0.040402	145.286513	0.000442	30.1
1056	-0.322283	145.211157	0.001553	22.3
1057	-0.000000	145.135905	0.000000	20.4
1058	-0.063295	145.060757	0.000860	25.6
1059	-0.268684	144.985712	0.002596	21.5
1060	-0.046638	144.910771	0.000350	20.6
1061	-0.337962	144.835934	0.001873	21.0
1062	-0.373044	144.761199	0.001548	21.0
1063	-0.000000	144.686567	0.000000	24.6
1064	-0.000000	144.612037	0.000000	24.0
1065	-0.207005	144.537610	0.001074	20.6
1066	-0.556612	144.463285	0.006278	21.0
1067	-0.000000	144.389062	0.000000	22.0
1068	-0.253402	144.314940	0.001586	23.5
1069	-0.253081	144.240920	0.001817	23.1
1070	-0.084964	144.167001	0.001395	20.5
1071	-0.248637	144.093182	0.002094	21.0
1072	-0.000000	144.019465	0.000000	23.9
1073	-0.694564	143.945848	0.003649	21.1
1074	-0.528048	143.872331	0.003088	21.0
1075	-0.252605	143.798914	0.001403	21.1
1076	-0.000000	143.725597	0.000000	20.6
1077	-0.661383	143.652380	0.004277	24.1
1078	-0.196295	143.579262	0.002182	20.3
1079	-0.000000	143.506243	0.000000	20.6
1080	-0.094813	143.433323	0.002057	21.8
1081	-0.404370	143.360502	0.002901	21.7
1082	-0.583280	143.287780	0.006403	21.7
1083	-0.000000	143.215155	0.000000	22.6
1084	-0.246310	143.142629	0.002430	21.3
1085	-0.000000	143.070201	0.000000	21.2
1086	-0.552507	142.997870	0.002448	26.1
1087	-0.000000	142.925637	0.000000	21.2
1088	-0.355876	142.853501	0.002596	20.6
1089	-0.258873	142.781462	0.002227	20.7
1090	-0.532716	142.709519	0.004592	21.9
1091	-0.532367	142.637674	0.002860	25.0
1092	-0.243799	142.565924	0.002016	20.8
1093	-0.411557	142.494271	0.003467	21.3
1094	-0.000000	142.422714	0.000000	21.0
1095	-0.068222	142.351252	0.000792	28.7
1096	-0.015482	142.279886	0.000281	19.6
1097	-0.000000	142.208616	0.000000	20.2
1098	-0.000000	142.137440	0.000000	21.1
1099	-0.000000	142.066360	0.000000	21.8
1100	-0.314711	141.995374	0.002085	26.2
1101	-0.250087	141.924483	0.001633	20.5
1102	-0.000000	141.853685	0.000000	24.4
1103	-0.156178	141.782983	0.006448	20.8
1104	-0.000000	141.712373	0.000000	27.1
1105	-0.000000	141.641858	0.000000	20.0
1106	-0.267683	141.571436	0.004385	20.5
1107	-0.075847	141.501108	0.001296	20.8
1108	-0.607506	141.430872	0.005124	27.0
1109	-0.610370	141.360730	0.002808	24.9
1110	-0.000000	141.290680	0.000000	22.6
1111	-0.546530	141.220722	0.004879	20.7
1112	-0.000000	141.150857	0.000000	22.7
1113	-0.743446	141.081084	0.004494	23.2
1114	-0.530314	141.011403	0.003593	23.4
1115	-0.089033	140.941813	0.001068	25.9
1116	-0.000000	140.872315	0.000000	23.0
1117	-0.000000	140.802909	0.000000	25.3
1118	-0.068134	140.733593	0.001318	20.8
1119	-0.000000	140.664369	0.000000	20.8
1120	-0.363303	140.595235	0.002618	20.8
1121	-0.000000	140.526192	0.000000	30.5
1122	-0.396601	140.457239	0.001433	17.9
1123	-0.650222	140.388376	0.006693	20.7
1124	-0.188069	140.319603	0.001660	26.2
1125	-0.166151	140.250920	0.002911	27.6
1126	-0.454090	140.182326	0.005230	24.7
1127	-0.274950	140.113822	0.002181	20.6
1128	-0.446683	140.045407	0.003327	20.6
1129	-0.406371	139.977081	0.002419	20.8
1130	-0.585141	139.908844	0.005810	23.0
1131	-0.563844	139.840696	0.005483	23.2
1132	-0.501660	139.772635	0.001165	21.2
1133	-0.416686	139.704664	0.002865	21.3
1134	-0.672579	139.636780	0.002808	24.1
1135	-0.226874	139.568984	0.001822	24.1
1136	-0.000000	139.501276	0.000000	20.8
1137	-0.000000	139.433655	0.000000	20.7
1138	-0.000000	139.366122	0.000000	20.9
1139	-0.000000	139.298676	0.000000	26.2
1140	-0.274784	139.231317	0.002475	20.5
1141	-0.041448	139.164045	0.000837	20.8
1142	-0.591758	139.096859	0.003838	20.9
1143	-0.219348	139.029760	0.001375	26.2
1144	-0.356155	138.962747	0.002799	23.6
1145	-0.429026	138.895820	0.002629	20.5
1146	-0.419367	138.828978	0.001994	21.2
1147	-0.000000	138.762223	0.000000	21.1
1148	-0.465284	138.695553	0.003624	22.2
1149	-0.000000	138.628969	0.000000	27.5
1150	-0.000000	138.562469	0.000000	22.0
1151	-0.071289	138.496055	0.000635	20.9
1152	-0.231193	138.429725	0.003961	22.2
1153	-0.121025	138.363481	0.000718	23.9
1154	-0.229609	138.297320	0.002451	20.8
1155	-0.585783	138.231244	0.003213	20.9
1156	-0.067639	138.165252	0.000617	20.7
1157	-0.582042	138.099344	0.005274	22.1
1158	-0.019494	138.033520	0.000686	21.1
1159	-0.223199	137.967779	0.002340	23.2
1160	-0.600780	137.902122	0.004068	21.1
1161	-0.431330	137.836548	0.004289	22.6
1162	-0.000000	137.771057	0.000000	23.4
1163	-0.662948	137.705649	0.004154	23.1
1164	-0.478841	137.640324	0.004842	21.0
1165	-0.511778	137.575081	0.001400	20.7
1166	-0.380985	137.509921	0.003865	22.5
1167	-0.622261	137.444842	0.005334	21.1
1168	-0.309967	137.379846	0.002318	20.5
1169	-0.357511	137.314932	0.003225	23.2
1170	-0.785285	137.250100	0.003601	27.7
1171	-0.639175	137.185349	0.003053	24.3
1172	-0.307248	137.120680	0.002347	23.5
1173	-0.044522	137.056092	0.000658	20.7
1174	-0.224933	136.991585	0.002037	22.3
1175	-0.000000	136.927158	0.000000	22.5
1176	-0.170758	136.862813	0.002055	20.9
1177	-0.587534	136.798548	0.003288	21.2
1178	-0.362461	136.734363	0.004080	20.9
1179	-0.736386	136.670259	0.003943	24.4
1180	-0.114366	136.606235	0.001158	22.4
1181	-0.000000	136.542291	0.000000	24.1
1182	-0.392827	136.478426	0.002115	20.5
1183	-0.712032	136.414641	0.004159	23.7
1184	-0.273433	136.350936	0.001335	22.8
1185	-0.184202	136.287310	0.002006	20.9
1186	-0.078195	136.223763	0.001349	20.8
1187	-0.000000	136.160295	0.000000	21.0
1188	-0.000000	136.096905	0.000000	26.3
1189	-0.695070	136.033594	0.005156	23.4
1190	-0.688847	135.970362	0.004253	22.7
1191	-0.000000	135.907208	0.000000	21.3
1192	-0.000000	135.844133	0.000000	20.8
1193	-0.092577	135.781135	0.000787	22.5
1194	-0.000000	135.718215	0.000000	20.5
1195	-0.756314	135.655373	0.003954	20.8
1196	-0.445133	135.592608	0.003436	21.0
1197	-0.404380	135.529921	0.002897	21.4
1198	-0.000000	135.467311	0.000000	27.5
1199	-0.082013	135.404778	0.002109	22.0
1200	-0.000000	135.342322	0.000000	22.3
1201	-0.197637	135.279942	0.001894	20.3
1202	-0.746863	135.217640	0.004263	22.2
1203	-0.473068	135.155413	0.002676	26.2
1204	-0.353537	135.093263	0.001812	18.7
1205	-0.137889	135.031190	0.000857	28.9
1206	-0.193943	134.969192	0.001832	26.8
1207	-0.433704	134.907270	0.004439	26.1
1208	-0.486952	134.845424	0.003308	34.0
1209	-0.750676	134.783653	0.003199	19.8
1210	-0.000000	134.721958	0.000000	31.8
1211	-0.664737	134.660338	0.004641	20.1
1212	-0.761451	134.598793	0.003510	26.1
1213	-0.720979	134.537323	0.002322	26.6
1214	-0.099028	134.475927	0.003295	26.2
1215	-0.000000	134.414607	0.000000	29.8
1216	-0.000000	134.353361	0.000000	29.8
1217	-0.000000	134.292189	0.000000	24.2
1218	-0.491237	134.231092	0.002726	25.0
1219	-0.137201	134.170068	0.004874	27.0
1220	-0.000000	134.109119	0.000000	20.7
1221	-0.708966	134.048243	0.008276	24.0
1222	-0.272342	133.987441	0.002961	23.5
1223	-0.737034	133.926713	0.004237	24.1
1224	-0.000000	133.866057	0.000000	26.3
1225	-0.294718	133.805475	0.002505	20.3
1226	-0.243309	133.744966	0.001689	21.8
1227	-0.000000	133.684530	0.000000	24.0
1228	-0.653150	133.624167	0.003855	24.7
1229	-0.630161	133.563877	0.004610	29.0
1230	-0.367432	133.503658	0.004860	19.8
1231	-0.000000	133.443513	0.000000	24.9
1232	-0.490393	133.383439	0.003858	25.4
1233	-0.028157	133.323437	0.000357	31.2
1234	-0.480889	133.263508	0.002741	19.5
1235	-0.142160	133.203650	0.001138	24.0
1236	-0.112938	133.143864	0.002888	29.3
1237	-0.280557	133.084149	0.004922	33.3
1238	-0.096930	133.024506	0.003254	24.1
1239	-0.413880	132.964934	0.005191	34.4
1240	-0.764560	132.905433	0.003394	29.9
1241	-0.000000	132.846003	0.000000	20.5
1242	-0.275407	132.786643	0.006193	34.7
1243	-0.073760	132.727355	0.000818	30.0
1244	-0.021674	132.668137	0.001539	34.1
1245	-0.686474	132.608989	0.004008	25.0
1246	-0.000000	132.549912	0.000000	27.7
1247	-0.181172	132.490904	0.003883	31.9
1248	-0.763426	132.431967	0.003575	28.9
1249	-0.736071	132.373100	0.003409	27.3
1250	-0.131757	132.314302	0.001489	27.9
1251	-0.377249	132.255574	0.007060	28.1
1252	-0.170470	132.196916	0.001276	32.5
1253	-0.000000	132.138326	0.000000	22.7
1254	-0.708784	132.079806	0.003175	23.8
1255	-0.160242	132.021355	0.001857	24.7
1256	-0.000000	131.962973	0.000000	26.7
1257	-0.038308	131.904660	0.000313	26.6
1258	-0.366209	131.846415	0.003356	21.9
1259	-0.345115	131.788239	0.003526	24.0
1260	-0.126822	131.730131	0.002275	24.1
1261	-0.301875	131.672092	0.001291	25.3
1262	-0.000000	131.614121	0.000000	31.7
1263	-0.711471	131.556217	0.002477	29.3
1264	-0.756624	131.498382	0.005817	25.1
1265	-0.000000	131.440614	0.000000	36.3
1266	-0.047052	131.382914	0.001089	29.9
1267	-0.368255	131.325282	0.002689	21.0
1268	-0.000000	131.267717	0.000000	29.1
1269	-0.074251	131.210219	0.000680	31.4
1270	-0.185276	131.152788	0.001924	19.1
1271	-0.197949	131.095424	0.002563	27.4
1272	-0.563119	131.038127	0.002626	25.8
1273	-0.489260	130.980897	0.002870	26.0
1274	-0.000000	130.923733	0.000000	26.3
1275	-0.198399	130.866636	0.002367	28.9
1276	-0.762449	130.809605	0.004407	25.4
1277	-0.000000	130.752641	0.000000	20.9
1278	-0.105004	130.695742	0.001992	21.4
1279	-0.102872	130.638910	0.003261	22.7
1280	-0.518348	130.582143	0.003126	22.4
1281	-0.000000	130.525442	0.000000	23.8
1282	-0.000000	130.468807	0.000000	22.5
1283	-0.573141	130.412237	0.003814	21.3
1284	-0.025300	130.355733	0.000283	23.6
1285	-0.022321	130.299294	0.000526	20.7
1286	-0.000000	130.242920	0.000000	20.3
1287	-0.666642	130.186611	0.002902	21.5
1288	-0.113844	130.130366	0.001617	22.7
1289	-0.000000	130.074187	0.000000	21.4
1290	-0.000000	130.018072	0.000000	25.5
1291	-0.192575	129.962022	0.002480	20.9
1292	-0.000000	129.906036	0.000000	22.6
1293	-0.359321	129.850114	0.002629	23.5
1294	-0.000000	129.794257	0.000000	20.3
1295	-0.000000	129.738463	0.000000	18.8
1296	-0.612131	129.682734	0.003813	22.2
1297	-0.432516	129.627068	0.005909	23.9
1298	-0.293924	129.571466	0.000771	28.6
1299	-0.000000	129.515927	0.000000	19.4
1300	-0.126231	129.460452	0.004666	21.1
1301	-0.000000	129.405040	0.000000	22.7
1302	-0.000000	129.349692	0.000000	22.4
1303	-0.675604	129.294406	0.003666	20.8
1304	-0.684395	129.239183	0.004478	22.4
1305	-0.000000	129.184024	0.000000	20.0
1306	-0.284612	129.128927	0.001637	23.4
1307	-0.583857	129.073892	0.002738	30.2
1308	-0.000000	129.018921	0.000000	20.1
1309	-0.232206	128.964011	0.003282	21.1
1310	-0.069351	128.909164	0.001038	22.6
1311	-0.193780	128.854379	0.002871	23.7
1312	-0.731580	128.799656	0.003858	21.0
1313	-0.000000	128.744995	0.000000	20.9
1314	-0.093855	128.690396	0.001321	20.9
1315	-0.091991	128.635858	0.001306	21.9
1316	-0.458147	128.581382	0.002284	28.5
1317	-0.246508	128.526968	0.002628	19.8
1318	-0.276961	128.472615	0.006900	20.9
1319	-0.402978	128.418323	0.001675	21.2
1320	-0.000000	128.364092	0.000000	21.7
1321	-0.000217	128.309922	0.000039	23.4
1322	-0.006355	128.255814	0.000072	21.5
1323	-0.415833	128.201766	0.002307	21.2
1324	-0.316789	128.147778	0.003701	22.3
1325	-0.083760	128.093852	0.001913	23.6
1326	-0.000000	128.039985	0.000000	23.2
1327	-0.000000	127.986180	0.000000	21.2
1328	-0.599626	127.932434	0.004147	20.4
1329	-0.124977	127.878749	0.002961	21.8
1330	-0.274575	127.825123	0.003481	23.2
1331	-0.491401	127.771558	0.002573	20.7
1332	-0.556877	127.718052	0.003490	21.6
1333	-0.320780	127.664606	0.002567	20.7
1334	-0.214408	127.611220	0.001052	24.4
1335	-0.000000	127.557893	0.000000	21.9
1336	-0.111381	127.504625	0.001058	18.8
1337	-0.496348	127.451417	0.002951	20.4
1338	-0.159818	127.398268	0.001520	23.6
1339	-0.053912	127.345178	0.000823	20.4
1340	-0.074688	127.292147	0.001091	22.7
1341	-0.239128	127.239175	0.002156	20.5
1342	-0.173364	127.186261	0.006237	21.0
1343	-0.637362	127.133407	0.004065	27.1
1344	-0.000000	127.080610	0.000000	22.1
1345	-0.000000	127.027872	0.000000	20.8
1346	-0.414047	126.975193	0.003305	20.4
1347	-0.000000	126.922572	0.000000	21.2
1348	-0.212204	126.870008	0.001947	22.9
1349	-0.031799	126.817503	0.000784	20.8
1350	-0.000839	126.765056	0.000358	20.0
1351	-0.264031	126.712667	0.000745	20.9
1352	-0.120423	126.660335	0.001029	28.2
1353	-0.086120	126.608061	0.001182	22.3
1354	-0.000000	126.555844	0.000000	21.1
1355	-0.322750	126.503685	0.001898	21.6
1356	-0.116719	126.451583	0.002576	20.3
1357	-0.000000	126.399538	0.000000	22.2
1358	-0.206457	126.347550	0.001791	24.0
1359	-0.000000	126.295619	0.000000	20.0
1360	-0.187423	126.243745	0.001000	20.8
1361	-0.372540	126.191928	0.003574	21.5
1362	-0.000000	126.140168	0.000000	23.7
1363	-0.646385	126.088464	0.004800	20.6
1364	-0.513151	126.036817	0.003608	22.9
1365	-0.604077	125.985226	0.005953	19.0
1366	-0.106556	125.933691	0.000811	20.6
1367	-0.587843	125.882212	0.003272	22.3
1368	-0.364784	125.830790	0.004601	21.3
1369	-0.219673	125.779423	0.002923	21.9
1370	-0.092735	125.728113	0.001762	24.3
1371	-0.388382	125.676858	0.001721	25.1
1372	-0.519778	125.625659	0.003815	20.7
1373	-0.551132	125.574515	0.002311	21.9
1374	-0.042453	125.523427	0.000730	23.0
1375	-0.228186	125.472394	0.003090	22.3
1376	-0.486857	125.421417	0.003036	19.3
1377	-0.214132	125.370495	0.002445	25.5
1378	-0.000000	125.319628	0.000000	19.9
1379	-0.548285	125.268815	0.002788	26.3
1380	-0.158092	125.218058	0.001845	21.1
1381	-0.513828	125.167356	0.003668	20.9
1382	-0.740517	125.116708	0.003666	22.5
1383	-0.000000	125.066115	0.000000	22.7
1384	-0.454976	125.015576	0.003468	21.1
1385	-0.149940	124.965092	0.003525	21.3
1386	-0.000000	124.914662	0.000000	21.5
1387	-0.067399	124.864287	0.000592	25.8
1388	-0.166121	124.813965	0.001004	21.2
1389	-0.000000	124.763698	0.000000	21.9
1390	-0.137747	124.713485	0.001532	20.9
1391	-0.185285	124.663325	0.001194	25.0
1392	-0.650204	124.613219	0.003550	20.8
1393	-0.000000	124.563167	0.000000	21.1
1394	-0.692062	124.513168	0.004137	20.9
1395	-0.628044	124.463223	0.006295	25.0
1396	-0.341497	124.413332	0.002146	21.7
1397	-0.000000	124.363493	0.000000	29.2
1398	-0.169179	124.313708	0.001578	20.8
1399	-0.000000	124.263976	0.000000	22.0
1400	-0.017177	124.214297	0.000507	23.2
1401	-0.283404	124.164671	0.001053	20.9
1402	-0.000000	124.115097	0.000000	20.6
1403	-0.000000	124.065577	0.000000	20.6
1404	-0.000000	124.016109	0.000000	23.1
1405	-0.720398	123.966693	0.004053	20.8
1406	-0.045248	123.917330	0.000984	27.4
1407	-0.000000	123.868020	0.000000	19.9
1408	-0.654119	123.818762	0.003742	20.9
1409	-0.292632	123.769556	0.002765	25.6
1410	-0.000000	123.720402	0.000000	20.5
1411	-0.000000	123.671300	0.000000	20.3
1412	-0.000000	123.622250	0.000000	20.9
1413	-0.000000	123.573252	0.000000	20.9
1414	-0.673554	123.524305	0.004109	21.9
1415	-0.192144	123.475411	0.001398	26.0
1416	-0.000000	123.426568	0.000000	21.7
1417	-0.078759	123.377776	0.001995	20.4
1418	-0.000000	123.329036	0.000000	23.8
1419	-0.513972	123.280347	0.004007	20.4
1420	-0.741309	123.231709	0.004264	21.2
1421	-0.634038	123.183122	0.004232	20.8
1422	-0.000000	123.134587	0.000000	23.8
1423	-0.157918	123.086102	0.001469	21.2
1424	-0.458795	123.037669	0.003897	27.2
1425	-0.005455	122.989286	0.000044	24.9
1426	-0.152906	122.940954	0.001553	22.1
1427	-0.119579	122.892672	0.000380	24.1
1428	-0.455233	122.844441	0.002909	20.6
1429	-0.000000	122.796261	0.000000	23.3
1430	-0.116880	122.748130	0.001949	23.2
1431	-0.105946	122.700050	0.001896	27.9
1432	-0.371194	122.652021	0.002161	25.8
1433	-0.025699	122.604041	0.000311	26.1
1434	-0.385121	122.556111	0.003063	22.7
1435	-0.727079	122.508232	0.003008	25.2
1436	-0.248755	122.460402	0.001083	21.3
1437	-0.000000	122.412622	0.000000	26.0
1438	-0.000000	122.364891	0.000000	25.2
1439	-0.087509	122.317210	0.003082	26.0
1440	-0.228794	122.269579	0.002791	24.0
1441	-0.519682	122.221997	0.005123	27.7
1442	-0.262819	122.174465	0.001111	28.8
1443	-0.063690	122.126981	0.002444	23.5
1444	-0.000000	122.079547	0.000000	22.5
1445	-0.254850	122.032162	0.002316	26.7
1446	-0.673593	121.984826	0.003058	22.5
1447	-0.743503	121.937539	0.003357	29.3
1448	-0.255338	121.890301	0.002172	31.3
1449	-0.135372	121.843112	0.001501	23.7
1450	-0.279941	121.795971	0.002781	27.1
1451	-0.124834	121.748879	0.000779	25.5
1452	-0.418178	121.701835	0.003573	26.0
1453	-0.000000	121.654840	0.000000	25.9
1454	-0.324438	121.607893	0.002587	26.7
1455	-0.228987	121.560994	0.001447	26.1
1456	-0.333541	121.514144	0.002497	25.8
1457	-0.743951	121.467342	0.003647	26.5
1458	-0.398979	121.420588	0.004513	23.9
1459	-0.000000	121.373882	0.000000	20.6
1460	-0.000000	121.327223	0.000000	22.6
1461	-0.297637	121.280613	0.002433	20.8
1462	-0.706872	121.234050	0.006093	21.2
1463	-0.000000	121.187535	0.000000	26.6
1464	-0.580523	121.141067	0.002326	20.9
1465	-0.250918	121.094647	0.003241	27.5
1466	-0.533734	121.048274	0.002118	20.7
1467	-0.755511	121.001949	0.006698	26.8
1468	-0.659348	120.955671	0.005309	20.1
1469	-0.000000	120.909440	0.000000	21.3
1470	-0.695932	120.863256	0.003415	20.9
1471	-0.450361	120.817119	0.000984	22.5
1472	-0.000000	120.771029	0.000000	21.8
1473	-0.213556	120.724986	0.003050	22.0
1474	-0.000000	120.678990	0.000000	25.8
1475	-0.000000	120.633040	0.000000	22.6
1476	-0.597075	120.587137	0.005111	21.6
1477	-0.000000	120.541281	0.000000	20.5
1478	-0.777203	120.495471	0.004009	21.0
1479	-0.020712	120.449707	0.000632	20.6
1480	-0.000000	120.403990	0.000000	21.2
1481	-0.724295	120.358319	0.005149	24.9
1482	-0.000000	120.312694	0.000000	21.6
1483	-0.043021	120.267115	0.000757	22.3
1484	-0.152431	120.221582	0.002584	20.8
1485	-0.215356	120.176096	0.001515	21.3
1486	-0.250754	120.130655	0.002001	21.9
1487	-0.000000	120.085260	0.000000	21.3
1488	-0.587615	120.039910	0.004742	25.9
1489	-0.206336	119.994606	0.007776	20.8
1490	-0.441321	119.949348	0.006836	21.8
1491	-0.000000	119.904135	0.000000	21.3
1492	-0.532091	119.858968	0.003033	25.0
1493	-0.687621	119.813846	0.003562	25.3
1494	-0.655161	119.768769	0.006503	24.9
1495	-0.165968	119.723738	0.001032	19.9
1496	-0.423625	119.678752	0.002798	21.3
1497	-0.556649	119.633810	0.004753	21.1
1498	-0.000000	119.588914	0.000000	21.1
1499	-0.000000	119.544062	0.000000	20.9
1500	-0.000000	119.499256	0.000000	22.2
1501	-0.616798	119.454494	0.005607	24.0
1502	-0.000000	119.409777	0.000000	21.1
1503	-0.478892	119.365104	0.004071	21.3
1504	-0.180174	119.320476	0.004082	22.0
1505	-0.107131	119.275893	0.002064	21.2
1506	-0.000000	119.231353	0.000000	22.0
1507	-0.176506	119.186859	0.001987	20.9
1508	-0.000000	119.142408	0.000000	23.0
1509	-0.000000	119.098002	0.000000	20.5
1510	-0.000000	119.053639	0.000000	25.5
1511	-0.196049	119.009321	0.002386	20.3
1512	-0.175747	118.965047	0.001533	21.3
1513	-0.236844	118.920816	0.002620	23.3
1514	-0.009443	118.876630	0.000032	25.0
1515	-0.000000	118.832487	0.000000	20.3
1516	-0.165611	118.788388	0.001828	20.7
1517	-0.074718	118.744332	0.000938	21.1
1518	-0.686155	118.700320	0.004532	21.8
1519	-0.000000	118.656352	0.000000	23.2
1520	-0.234722	118.612427	0.004006	24.9
1521	-0.060501	118.568545	0.000832	23.2
1522	-0.005670	118.524706	0.000292	20.7
1523	-0.091851	118.480911	0.001633	23.5
1524	-0.000000	118.437159	0.000000	20.9
1525	-0.432061	118.393450	0.002679	21.0
1526	-0.705026	118.349784	0.007172	22.4
1527	-0.052496	118.306160	0.000537	21.4
1528	-0.350862	118.262580	0.002908	22.3
1529	-0.762098	118.219042	0.004500	26.4
1530	-0.000000	118.175548	0.000000	20.5
1531	-0.756179	118.132095	0.003453	20.5
1532	-0.688203	118.088686	0.003535	21.0
1533	-0.219487	118.045319	0.003002	25.4
1534	-0.000000	118.001994	0.000000	20.7
1535	-0.604345	117.958712	0.004393	20.6
1536	-0.229042	117.915472	0.002410	21.3
1537	-0.660090	117.872274	0.004968	24.5
1538	-0.258230	117.829118	0.002249	22.9
1539	-0.000000	117.786005	0.000000	22.2
1540	-0.009877	117.742933	0.000341	20.7
1541	-0.507853	117.699904	0.003425	20.7
1542	-0.020164	117.656916	0.000535	21.7
1543	-0.362101	117.613971	0.002552	22.0
1544	-0.000000	117.571067	0.000000	21.1
1545	-0.000000	117.528205	0.000000	20.5
1546	-0.000000	117.485384	0.000000	24.4
1547	-0.183314	117.442605	0.003304	23.3
1548	-0.059897	117.399867	0.001345	23.9
1549	-0.586261	117.357171	0.002664	20.8
1550	-0.133287	117.314517	0.003106	20.5
1551	-0.000010	117.271903	0.000017	20.5
1552	-0.000000	117.229331	0.000000	22.8
1553	-0.125723	117.186800	0.001234	20.8
1554	-0.000000	117.144311	0.000000	21.5
1555	-0.298775	117.101862	0.001352	21.5
1556	-0.180488	117.059454	0.001069	24.0
1557	-0.526773	117.017087	0.003350	23.5
1558	-0.464440	116.974762	0.005722	20.6
1559	-0.280487	116.932476	0.002585	21.1
1560	-0.237105	116.890232	0.006798	20.6
1561	-0.711496	116.848028	0.003618	21.7
1562	-0.508381	116.805865	0.003332	23.6
1563	-0.019000	116.763743	0.000258	20.5
1564	-0.000000	116.721661	0.000000	26.5
1565	-0.015262	116.679619	0.000574	19.9
1566	-0.204016	116.637618	0.002644	21.7
1567	-0.228057	116.595657	0.001613	23.3
1568	-0.065614	116.553736	0.001498	23.8
1569	-0.547904	116.511855	0.002666	20.7
1570	-0.273050	116.470015	0.002252	23.5
1571	-0.257513	116.428214	0.006159	28.1
1572	-0.000000	116.386454	0.000000	20.2
1573	-0.000000	116.344733	0.000000	26.3
1574	-0.501071	116.303052	0.002044	22.3
1575	-0.070560	116.261412	0.000636	23.1
1576	-0.695610	116.219810	0.004279	20.8
1577	-0.110923	116.178249	0.001030	21.1
1578	-0.506446	116.136727	0.002780	20.7
1579	-0.000000	116.095245	0.000000	25.8
1580	-0.000000	116.053802	0.000000	19.2
1581	-0.035531	116.012398	0.001421	20.5
1582	-0.198635	115.971034	0.003067	27.2
1583	-0.280773	115.929710	0.003412	20.0
1584	-0.525211	115.888424	0.003919	22.8
1585	-0.000000	115.847178	0.000000	19.1
1586	-0.423681	115.805970	0.003936	20.8
1587	-0.323794	115.764802	0.002615	20.9
1588	-0.614416	115.723673	0.003350	25.7
1589	-0.683986	115.682583	0.004394	20.6
1590	-0.246666	115.641532	0.002950	20.7
1591	-0.612384	115.600519	0.004017	23.1
1592	-0.505894	115.559546	0.001935	21.9
1593	-0.000000	115.518610	0.000000	22.1
1594	-0.714139	115.477714	0.006603	22.4
1595	-0.391638	115.436856	0.004146	20.9
1596	-0.552397	115.396037	0.003104	21.0
1597	-0.000000	115.355256	0.000000	27.5
1598	-0.194375	115.314514	0.001459	20.1
1599	-0.025284	115.273810	0.000546	20.7
1600	-0.000000	115.233144	0.000000	22.0
1601	-0.719789	115.192517	0.003421	24.0
1602	-0.732836	115.151927	0.003752	21.5
1603	-0.656762	115.111376	0.003377	21.3
1604	-0.165535	115.070863	0.002574	20.6
1605	-0.132127	115.030388	0.002653	20.7
1606	-0.689448	114.989951	0.004194	22.3
1607	-0.357894	114.949551	0.002559	23.0
1608	-0.218921	114.909190	0.002623	20.9
1609	-0.579248	114.868866	0.003480	26.2
1610	-0.396435	114.828580	0.003418	23.5
1611	-0.117746	114.788332	0.001346	23.4
1612	-0.221858	114.748121	0.002060	20.4
1613	-0.719842	114.707948	0.002830	20.7
1614	-0.386489	114.667812	0.001948	20.8
1615	-0.259286	114.627714	0.002652	21.2
1616	-0.212447	114.587653	0.002523	26.6
1617	-0.228337	114.547629	0.003813	19.7
1618	-0.052325	114.507643	0.001352	25.9
1619	-0.274441	114.467693	0.004432	20.6
1620	-0.483751	114.427781	0.005388	23.0
1621	-0.538883	114.387907	0.002484	21.9
1622	-0.365852	114.348069	0.002774	20.5
1623	-0.000000	114.308268	0.000000	20.4
1624	-0.000000	114.268504	0.000000	22.2
1625	-0.522616	114.228777	0.004235	23.6
1626	-0.069077	114.189086	0.001800	20.7
1627	-0.351846	114.149433	0.001841	25.8
1628	-0.314350	114.109816	0.002168	21.5
1629	-0.196364	114.070235	0.002187	22.7
1630	-0.017579	114.030692	0.000407	23.0
1631	-0.721108	113.991185	0.003615	20.9
1632	-0.598142	113.951714	0.004297	21.1
1633	-0.665512	113.912280	0.003667	21.8
1634	-0.423303	113.872882	0.002814	23.3
1635	-0.000000	113.833521	0.000000	20.9
1636	-0.514324	113.794195	0.006406	21.7
1637	-0.576321	113.754906	0.003267	28.2
1638	-0.249767	113.715653	0.002140	21.9
1639	-0.525380	113.676437	0.002604	25.8
1640	-0.000000	113.637256	0.000000	22.5
1641	-0.670052	113.598111	0.002962	23.9
1642	-0.000000	113.559002	0.000000	21.1
1643	-0.000000	113.519929	0.000000	23.6
1644	-0.318723	113.480892	0.002410	21.9
1645	-0.090985	113.441891	0.001102	26.8
1646	-0.000000	113.402925	0.000000	24.4
1647	-0.156864	113.363995	0.002972	20.8
1648	-0.000000	113.325101	0.000000	20.9
1649	-0.146481	113.286242	0.001937	21.1
1650	-0.715732	113.247419	0.003384	20.7
1651	-0.000000	113.208631	0.000000	23.7
1652	-0.286822	113.169879	0.002155	23.0
1653	-0.000000	113.131162	0.000000	20.5
1654	-0.129791	113.092480	0.007450	26.6
1655	-0.141026	113.053833	0.001914	21.2
1656	-0.000000	113.015222	0.000000	22.3
1657	-0.182279	112.976646	0.002014	22.0
1658	-0.755114	112.938105	0.004578	20.6
1659	-0.000000	112.899599	0.000000	20.9
1660	-0.236797	112.861128	0.001994	22.5
1661	-0.309504	112.822692	0.000945	23.8
1662	-0.496696	112.784291	0.003588	19.9
1663	-0.569371	112.745924	0.003519	28.5
1664	-0.665007	112.707593	0.004350	19.4
1665	-0.422097	112.669296	0.001761	20.8
1666	-0.699474	112.631034	0.002760	23.5
1667	-0.006836	112.592806	0.000079	20.6
1668	-0.041187	112.554613	0.000364	20.7
1669	-0.686302	112.516455	0.003142	21.3
1670	-0.076327	112.478331	0.001942	20.8
1671	-0.000000	112.440241	0.000000	22.3
1672	-0.061287	112.402186	0.000869	21.2
1673	-0.280663	112.364165	0.003229	22.9
1674	-0.395817	112.326179	0.002412	20.4
1675	-0.000000	112.288227	0.000000	20.8
1676	-0.012954	112.250309	0.000563	22.1
1677	-0.069154	112.212425	0.000639	20.3
1678	-0.315253	112.174575	0.002838	20.6
1679	-0.336107	112.136759	0.000790	20.9
1680	-0.310284	112.098977	0.002541	20.6
1681	-0.000000	112.061229	0.000000	23.8
1682	-0.694159	112.023515	0.004500	26.8
1683	-0.469598	111.985834	0.002686	21.1
1684	-0.054173	111.948188	0.000676	21.1
1685	-0.000000	111.910575	0.000000	21.0
1686	-0.388209	111.872996	0.002241	25.9
1687	-0.000000	111.835450	0.000000	21.0
1688	-0.700923	111.797939	0.003680	21.0
1689	-0.014321	111.760460	0.001710	20.2
1690	-0.190992	111.723015	0.002255	21.5
1691	-0.605829	111.685604	0.004509	23.2
1692	-0.430548	111.648226	0.003558	21.1
1693	-0.000362	111.610881	0.000037	20.7
1694	-0.078501	111.573570	0.001476	20.8
1695	-0.169558	111.536292	0.002314	24.2
1696	-0.000000	111.499047	0.000000	21.4
1697	-0.000000	111.461835	0.000000	21.0
1698	-0.314363	111.424656	0.001949	20.4
1699	-0.187973	111.387510	0.002269	20.3
1700	-0.000000	111.350398	0.000000	27.4
1701	-0.000000	111.313318	0.000000	22.4
1702	-0.773071	111.276271	0.003718	20.9
1703	-0.305654	111.239257	0.003380	20.5
1704	-0.000000	111.202276	0.000000	21.2
1705	-0.515353	111.165328	0.004832	26.9
1706	-0.456451	111.128412	0.004505	23.4
1707	-0.041592	111.091529	0.000636	20.8
1708	-0.722620	111.054679	0.004070	26.6
1709	-0.000000	111.017861	0.000000	23.6
1710	-0.427195	110.981076	0.002979	21.1
1711	-0.706482	110.944323	0.006064	20.9
1712	-0.000000	110.907603	0.000000	20.8
1713	-0.524512	110.870915	0.002042	22.9
1714	-0.000000	110.834259	0.000000	20.8
1715	-0.615948	110.797636	0.003938	20.8
1716	-0.240260	110.761045	0.002281	20.6
1717	-0.000530	110.724486	0.000131	22.3
1718	-0.710992	110.687959	0.003495	22.7
1719	-0.311561	110.651465	0.002816	21.6
1720	-0.720069	110.615002	0.004096	20.7
1721	-0.467509	110.578572	0.002367	21.0
1722	-0.141550	110.542173	0.002354	23.2
1723	-0.546012	110.505807	0.006029	21.9
1724	-0.000000	110.469472	0.000000	21.0
1725	-0.126491	110.433169	0.002215	20.9
1726	-0.381609	110.396898	0.002900	25.8
1727	-0.297478	110.360659	0.002196	29.2
1728	-0.557789	110.324451	0.003677	21.1
1729	-0.347886	110.288276	0.003052	21.0
1730	-0.449954	110.252131	0.002927	21.0
1731	-0.455258	110.216019	0.004264	25.7
1732	-0.376049	110.179937	0.003178	23.7
1733	-0.377405	110.143888	0.004020	21.1
1734	-0.367481	110.107869	0.002433	21.3
1735	-0.000000	110.071882	0.000000	23.3
1736	-0.000000	110.035927	0.000000	22.9
1737	-0.000000	110.000003	0.000000	20.5
1738	-0.318164	109.964110	0.003215	20.8
1739	-0.000000	109.928248	0.000000	21.2
1740	-0.025597	109.892417	0.000409	21.6
1741	-0.183276	109.856618	0.002620	22.1
1742	-0.159976	109.820850	0.003543	20.4
1743	-0.000000	109.785112	0.000000	20.7
1744	-0.271818	109.749406	0.003208	25.9
1745	-0.051950	109.713730	0.000912	26.1
1746	-0.000001	109.678086	0.000000	20.0
1747	-0.096260	109.642472	0.001757	23.7
1748	-0.739405	109.606890	0.004846	23.9
1749	-0.098860	109.571337	0.000934	23.5
1750	-0.357766	109.535816	0.002355	21.6
1751	-0.034852	109.500326	0.000509	21.0
1752	-0.354203	109.464866	0.003477	20.6
1753	-0.000002	109.429436	0.000001	21.4
1754	-0.660899	109.394038	0.005672	23.7
1755	-0.503903	109.358669	0.006560	20.4
1756	-0.000000	109.323331	0.000000	20.4
1757	-0.552697	109.288024	0.003451	21.1
1758	-0.456813	109.252747	0.003149	21.6
1759	-0.738623	109.217501	0.003212	22.3
1760	-0.160212	109.182284	0.001704	21.3
1761	-0.264377	109.147098	0.001781	20.5
1762	-0.000000	109.111942	0.000000	20.9
1763	-0.144942	109.076817	0.001014	26.7
1764	-0.544257	109.041721	0.003393	19.9
1765	-0.402875	109.006656	0.001733	21.1
1766	-0.060380	108.971620	0.000901	20.8
1767	-0.236249	108.936615	0.001853	21.9
1768	-0.000000	108.901640	0.000000	22.6
1769	-0.132918	108.866694	0.002051	20.6
1770	-0.726084	108.831779	0.003434	20.7
1771	-0.229842	108.796893	0.003175	20.7
1772	-0.138624	108.762037	0.002180	26.4
1773	-0.026558	108.727211	0.000521	20.5
1774	-0.000000	108.692415	0.000000	20.9
1775	-0.785052	108.657648	0.003450	20.8
1776	-0.548161	108.622911	0.004922	21.5
1777	-0.502826	108.588203	0.003500	23.9
1778	-0.667374	108.553525	0.005020	20.8
1779	-0.000000	108.518877	0.000000	20.6
1780	-0.112135	108.484258	0.001098	20.7
1781	-0.000000	108.449668	0.000000	21.8
1782	-0.745928	108.415108	0.006365	26.8
1783	-0.055124	108.380578	0.000612	20.9
1784	-0.733491	108.346076	0.003330	20.6
1785	-0.000000	108.311604	0.000000	20.7
1786	-0.000000	108.277161	0.000000	22.8
1787	-0.308407	108.242747	0.001794	21.8
1788	-0.162677	108.208363	0.001423	21.0
1789	-0.246350	108.174007	0.002170	20.9
1790	-0.000000	108.139681	0.000000	20.9
1791	-0.000000	108.105383	0.000000	24.0
1792	-0.724632	108.071115	0.004960	22.6
1793	-0.000000	108.036875	0.000000	20.7
1794	-0.723183	108.002665	0.003532	20.7
1795	-0.271833	107.968483	0.001221	22.9
1796	-0.308317	107.934330	0.001776	24.2
1797	-0.229334	107.900206	0.002888	20.9
1798	-0.000000	107.866111	0.000000	21.2
1799	-0.744817	107.832044	0.004047	21.5
1800	-0.000000	107.798007	0.000000	22.7
1801	-0.000000	107.763997	0.000000	24.6
1802	-0.048355	107.730017	0.000430	20.7
1803	-0.160674	107.696065	0.001189	20.7
1804	-0.000000	107.662141	0.000000	24.5
1805	-0.175658	107.628246	0.004994	27.5
1806	-0.067287	107.594379	0.000950	22.9
1807	-0.708162	107.560541	0.005333	27.5
1808	-0.438296	107.526731	0.004649	25.3
1809	-0.196865	107.492949	0.009763	29.5
1810	-0.237791	107.459196	0.002515	23.6
1811	-0.411070	107.425471	0.003241	28.4
1812	-0.138190	107.391774	0.002313	23.3
1813	-0.000163	107.358106	0.000062	26.5
1814	-0.018314	107.324465	0.000205	27.8
1815	-0.168094	107.290853	0.002645	23.7
1816	-0.354148	107.257268	0.001860	21.7
1817	-0.666723	107.223712	0.002748	26.7
1818	-0.000000	107.190184	0.000000	21.6
1819	-0.070746	107.156683	0.001503	21.8
1820	-0.443846	107.123211	0.002682	22.0
1821	-0.212821	107.089766	0.003278	24.2
1822	-0.231496	107.056349	0.003279	26.0
1823	-0.066613	107.022960	0.001053	20.5
1824	-0.509497	106.989599	0.003101	20.9
1825	-0.501558	106.956265	0.002551	24.0
1826	-0.142466	106.922960	0.003549	26.2
1827	-0.161637	106.889681	0.003347	19.1
1828	-0.141289	106.856431	0.001614	21.1
1829	-0.065271	106.823208	0.001318	21.2
1830	-0.339899	106.790012	0.002893	24.0
1831	-0.251563	106.756844	0.001890	20.8
1832	-0.499903	106.723703	0.002469	21.0
1833	-0.593300	106.690590	0.004174	21.1
1834	-0.703436	106.657505	0.005719	24.8
1835	-0.157013	106.624446	0.002425	29.5
1836	-0.064802	106.591415	0.001818	23.1
1837	-0.000000	106.558411	0.000000	20.7
1838	-0.067771	106.525435	0.000995	27.7
1839	-0.595453	106.492485	0.003442	19.7
1840	-0.023089	106.459563	0.000428	20.8
1841	-0.073338	106.426668	0.001550	24.0
1842	-0.286874	106.393800	0.004793	24.0
1843	-0.251523	106.360959	0.001686	26.8
1844	-0.263975	106.328145	0.001220	24.9
1845	-0.266388	106.295358	0.001649	21.2
1846	-0.362202	106.262598	0.004952	21.4
1847	-0.482313	106.229865	0.002368	21.2
1848	-0.002350	106.197158	0.000434	21.7
1849	-0.484732	106.164479	0.004628	22.7
1850	-0.659295	106.131826	0.004231	21.3
1851	-0.218125	106.099201	0.000915	31.9
1852	-0.000000	106.066602	0.000000	21.1
1853	-0.000000	106.034029	0.000000	22.5
1854	-0.000000	106.001483	0.000000	21.3
1855	-0.000000	105.968964	0.000000	20.4
1856	-0.000000	105.936472	0.000000	20.5
1857	-0.000000	105.904006	0.000000	25.2
1858	-0.575020	105.871566	0.004304	25.3
1859	-0.294230	105.839153	0.001201	27.5
1860	-0.735670	105.806767	0.003633	32.3
1861	-0.021352	105.774407	0.000047	31.4
1862	-0.428664	105.742073	0.002943	29.7
1863	-0.062211	105.709766	0.000905	27.5
1864	-0.000000	105.677485	0.000000	36.7
1865	-0.000000	105.645230	0.000000	34.1
1866	-0.000000	105.613001	0.000000	28.1
1867	-0.000000	105.580799	0.000000	27.2
1868	-0.134819	105.548623	0.001128	22.4
1869	-0.416417	105.516473	0.007184	28.5
1870	-0.549145	105.484349	0.002129	22.9
1871	-0.472267	105.452251	0.002804	21.0
1872	-0.480687	105.420179	0.002797	20.8
1873	-0.258045	105.388133	0.003203	23.4
1874	-0.221904	105.356113	0.001841	27.0
1875	-0.270093	105.324119	0.001773	20.4
1876	-0.440111	105.292151	0.003707	20.8
1877	-0.000000	105.260209	0.000000	23.5
1878	-0.332324	105.228293	0.002636	31.4
1879	-0.000000	105.196402	0.000000	20.1
1880	-0.482760	105.164537	0.004345	20.6
1881	-0.344817	105.132698	0.004607	27.2
1882	-0.537696	105.100885	0.003481	23.7
1883	-0.088190	105.069097	0.001545	22.1
1884	-0.007999	105.037335	0.000077	20.8
1885	-0.098489	105.005598	0.001678	20.7
1886	-0.302493	104.973887	0.000739	21.7
1887	-0.330158	104.942202	0.002072	23.7
1888	-0.234212	104.910542	0.002671	21.9
1889	-0.084101	104.878907	0.000660	23.1
1890	-0.268400	104.847298	0.002724	22.6
1891	-0.712708	104.815715	0.003566	22.1
1892	-0.611677	104.784156	0.006170	22.3
1893	-0.371230	104.752623	0.003164	21.1
1894	-0.332041	104.721116	0.003375	20.6
1895	-0.315629	104.689633	0.002092	22.7
1896	-0.305383	104.658176	0.003148	22.3
1897	-0.616338	104.626744	0.005799	25.7
1898	-0.000000	104.595337	0.000000	28.9
1899	-0.008661	104.563955	0.000125	24.0
1900	-0.000000	104.532599	0.000000	27.2
1901	-0.000000	104.501267	0.000000	28.2
1902	-0.000000	104.469960	0.000000	23.1
1903	-0.000198	104.438679	0.000048	27.2
1904	-0.103929	104.407422	0.002470	28.1
1905	-0.145299	104.376191	0.002490	32.5
1906	-0.505948	104.344984	0.002168	25.7
1907	-0.000000	104.313802	0.000000	36.0
1908	-0.012098	104.282645	0.000405	30.8
1909	-0.399013	104.251513	0.001858	26.4
1910	-0.000000	104.220405	0.000000	24.8
1911	-0.188605	104.189323	0.002366	27.8
1912	-0.744800	104.158265	0.003203	26.9
1913	-0.382025	104.127231	0.002635	23.8
1914	-0.213950	104.096222	0.002683	28.3
1915	-0.308059	104.065238	0.001969	30.7
1916	-0.000000	104.034279	0.000000	19.6
1917	-0.518996	104.003344	0.003232	26.4
1918	-0.000000	103.972433	0.000000	30.3
1919	-0.193565	103.941547	0.002251	29.0
1920	-0.421804	103.910686	0.003026	25.6
1921	-0.148888	103.879849	0.000714	21.0
1922	-0.000000	103.849036	0.000000	24.0
1923	-0.000000	103.818248	0.000000	21.9
1924	-0.000000	103.787484	0.000000	23.5
1925	-0.636560	103.756744	0.003316	21.9
1926	-0.532984	103.726029	0.002377	24.1
1927	-0.206036	103.695338	0.002363	28.4
1928	-0.000000	103.664671	0.000000	26.1
1929	-0.635235	103.634028	0.002380	24.2
1930	-0.578834	103.603409	0.003717	28.8
1931	-0.152646	103.572814	0.001491	25.8
1932	-0.000000	103.542244	0.000000	27.1
1933	-0.748327	103.511698	0.003257	24.9
1934	-0.000000	103.481175	0.000000	20.9
1935	-0.245717	103.450677	0.002461	26.0
1936	-0.000000	103.420202	0.000000	21.6
1937	-0.057655	103.389752	0.001687	23.1
1938	-0.124728	103.359325	0.002649	29.2
1939	-0.684308	103.328922	0.004549	25.1
1940	-0.719848	103.298543	0.003616	23.2
1941	-0.695464	103.268188	0.003603	22.3
1942	-0.014126	103.237857	0.000320	26.1
1943	-0.000000	103.207549	0.000000	26.5
1944	-0.190814	103.177265	0.001854	22.6
1945	-0.000000	103.147005	0.000000	33.2
1946	-0.304196	103.116768	0.002543	23.1
1947	-0.240772	103.086556	0.002067	24.0
1948	-0.486564	103.056366	0.006124	23.9
1949	-0.082927	103.026200	0.001699	27.1
1950	-0.000000	102.996058	0.000000	25.7
1951	-0.244841	102.965939	0.002935	21.5
1952	-0.302172	102.935844	0.002920	20.7
1953	-0.502261	102.905772	0.002361	32.9
1954	-0.000000	102.875724	0.000000	20.6
1955	-0.584449	102.845699	0.003449	24.1
1956	-0.353117	102.815697	0.002534	27.8
1957	-0.000000	102.785719	0.000000	24.9
1958	-0.235083	102.755764	0.002237	28.1
1959	-0.000000	102.725832	0.000000	28.0
1960	-0.000000	102.695924	0.000000	25.3
1961	-0.244216	102.666038	0.003077	28.1
1962	-0.142046	102.636176	0.004811	26.0
1963	-0.272687	102.606337	0.002887	21.6
1964	-0.553410	102.576521	0.003557	21.9
1965	-0.470908	102.546728	0.001747	25.1
1966	-0.000000	102.516959	0.000000	25.6
1967	-0.628025	102.487212	0.002704	33.1
1968	-0.000000	102.457488	0.000000	23.7
1969	-0.000000	102.427788	0.000000	29.0
1970	-0.226018	102.398110	0.004763	22.9
1971	-0.276506	102.368455	0.002967	27.1
1972	-0.124409	102.338823	0.002082	28.9
1973	-0.000000	102.309214	0.000000	29.5
1974	-0.148519	102.279628	0.001422	27.6
1975	-0.256028	102.250064	0.002182	27.5
1976	-0.378790	102.220524	0.003258	25.6
1977	-0.000000	102.191006	0.000000	26.3
1978	-0.000000	102.161511	0.000000	28.8
1979	-0.000000	102.132038	0.000000	24.1
1980	-0.502010	102.102588	0.002645	25.3
1981	-0.265484	102.073161	0.003649	25.1
1982	-0.317960	102.043757	0.002891	24.4
1983	-0.032305	102.014375	0.000811	22.8
1984	-0.044798	101.985015	0.000343	23.7
1985	-0.100472	101.955678	0.002421	22.0
1986	-0.000098	101.926364	0.000033	30.3
1987	-0.719390	101.897072	0.003714	24.2
1988	-0.000000	101.867802	0.000000	31.7
1989	-0.317500	101.838555	0.003924	23.2
1990	-0.000000	101.809330	0.000000	24.7
1991	-0.777702	101.780128	0.003872	21.3
1992	-0.000000	101.750948	0.000000	26.3
1993	-0.000000	101.721790	0.000000	23.7
1994	-0.413700	101.692654	0.001607	22.3
1995	-0.371342	101.663541	0.002200	20.9
1996	-0.484569	101.634450	0.003837	21.1
1997	-0.000000	101.605381	0.000000	25.5
1998	-0.430978	101.576335	0.002969	24.8
1999	-0.000000	101.547310	0.000000	24.0
