1:ItNr	2:Metric	3:StepSize	4:||Gradient||	Time[ms]
0	-1.381611	627.201626	0.019762	1534.1
1	-0.944176	623.504937	0.003791	2.0
2	-1.719045	619.865785	0.006692	2.0
3	-1.203201	616.282728	0.026790	1.9
4	-0.531457	612.754375	0.006002	1.9
5	-1.289013	609.279381	0.002308	2.3
6	-1.253265	605.856447	0.004374	1.9
7	-1.398283	602.484317	0.003723	2.0
8	-1.708273	599.161779	0.007603	2.0
9	-0.000000	595.887656	0.000000	2.0
10	-0.828915	592.660813	0.012102	1.8
11	-1.739176	589.480151	0.007944	1.9
12	-1.490979	586.344606	0.008428	2.0
13	-1.674096	583.253145	0.012985	2.1
14	-1.282207	580.204771	0.069809	2.2
15	-0.169666	577.198517	0.005142	1.9
16	-1.335278	574.233444	0.035975	2.1
17	-1.794138	571.308645	0.014723	1.8
18	-0.635174	568.423237	0.008532	1.7
19	-1.496486	565.576365	0.014594	2.0
20	-0.000000	562.767201	0.000000	2.2
21	-1.383205	559.994938	0.004011	2.2
22	-1.233963	557.258797	0.015290	2.5
23	-1.281959	554.558018	0.029442	1.9
24	-1.203170	551.891865	0.011266	2.3
25	-1.042837	549.259621	0.005521	2.1
26	-1.758205	546.660592	0.022108	2.2
27	-0.447926	544.094102	0.025019	1.7
28	-0.825226	541.559494	0.005830	2.1
29	-0.366110	539.056129	0.006856	2.4
30	-1.465139	536.583387	0.025205	2.5
31	-0.938554	534.140663	0.007742	1.9
32	-1.188246	531.727370	0.004000	1.9
33	-1.199431	529.342935	0.006024	1.8
34	-0.173241	526.986802	0.004969	2.0
35	-0.409605	524.658430	0.008922	1.8
36	-1.705109	522.357290	0.012083	2.1
37	-1.274019	520.082868	0.023134	1.8
38	-0.878808	517.834665	0.015805	2.7
39	-0.000000	515.612193	0.000000	1.9
40	-0.019592	513.414976	0.001164	1.7
41	-0.000000	511.242551	0.000000	1.7
42	-1.146864	509.094468	0.011934	1.8
43	-1.494769	506.970285	0.055339	2.4
44	-1.618151	504.869574	0.025339	2.4
45	-1.173081	502.791916	0.029484	2.3
46	-0.188410	500.736903	0.002887	2.4
47	-1.711058	498.704137	0.034688	3.5
48	-0.000000	496.693228	0.000000	2.2
49	-0.867490	494.703798	0.026981	2.2
50	-1.599190	492.735476	0.021822	2.1
51	-0.901935	490.787900	0.015590	2.0
52	-0.923785	488.860718	0.010125	1.8
53	-0.471779	486.953585	0.007209	2.2
54	-1.963873	485.066164	0.032206	1.9
55	-1.221949	483.198126	0.036555	2.1
56	-1.662967	481.349149	0.019231	2.5
57	-1.285101	479.518920	0.003222	1.9
58	-1.796009	477.707132	0.061439	1.9
59	-1.142687	475.913485	0.041795	2.0
60	-0.777455	474.137684	0.019536	1.8
61	-1.079630	472.379445	0.009219	2.0
62	-1.147341	470.638485	0.027752	2.0
63	-1.493973	468.914531	0.029512	2.0
64	-0.514456	467.207315	0.008410	1.6
65	-0.928774	465.516573	0.016626	2.4
66	-0.000000	463.842050	0.000000	1.7
67	-1.213330	462.183494	0.031596	2.2
68	-1.143410	460.540658	0.053135	2.4
69	-0.235706	458.913303	0.004293	2.3
70	-1.640775	457.301192	0.021647	2.2
71	-1.449325	455.704096	0.054617	1.9
72	-0.275707	454.121787	0.004075	1.9
73	-0.170700	452.554045	0.003215	1.7
74	-0.180351	451.000653	0.004291	1.7
75	-1.653936	449.461399	0.036686	1.7
76	-0.163870	447.936075	0.002891	1.8
77	-1.583481	446.424477	0.006044	2.1
78	-1.773784	444.926406	0.019815	1.8
79	-1.135988	443.441666	0.051006	5.1
80	-1.216244	441.970065	0.026580	2.0
81	-0.054634	440.511415	0.001503	1.8
82	-1.338831	439.065533	0.045657	2.0
83	-1.544463	437.632238	0.081258	2.0
84	-1.292048	436.211351	0.007285	1.7
85	-1.727978	434.802701	0.028805	2.1
86	-0.593873	433.406117	0.007834	1.7
87	-1.196086	432.021430	0.012010	1.7
88	-1.467380	430.648479	0.044713	1.7
89	-0.915630	429.287101	0.011840	1.6
90	-1.603596	427.937140	0.024940	1.8
91	-1.517594	426.598440	0.015257	1.7
92	-0.942917	425.270849	0.010994	1.7
93	-1.528617	423.954220	0.040594	2.4
94	-1.148131	422.648404	0.036200	2.1
95	-0.839085	421.353259	0.059713	1.6
96	-1.606685	420.068643	0.010840	1.8
97	-1.652532	418.794419	0.013754	1.6
98	-1.436237	417.530451	0.019616	1.7
99	-0.619232	416.276604	0.005555	1.7
100	-1.167607	415.032748	0.026435	1.7
101	-0.000000	413.798754	0.000000	1.7
102	-1.198229	412.574495	0.045968	1.9
103	-1.759478	411.359849	0.042058	2.2
104	-1.081733	410.154691	0.027423	1.7
105	-1.049303	408.958904	0.007539	1.6
106	-1.534792	407.772368	0.032796	1.7
107	-1.103790	406.594968	0.050900	1.7
108	-1.642694	405.426590	0.040359	1.8
109	-0.035610	404.267122	0.002247	1.8
110	-0.033881	403.116456	0.001862	1.6
111	-1.639340	401.974481	0.030212	1.9
112	-0.000000	400.841093	0.000000	2.4
113	-1.682928	399.716187	0.024497	1.9
114	-1.228739	398.599660	0.009821	1.6
115	-1.202524	397.491411	0.006530	1.7
116	-1.303536	396.391342	0.034591	1.6
117	-1.039024	395.299353	0.003213	1.6
118	-1.652580	394.215350	0.054400	1.7
119	-1.032308	393.139238	0.059743	1.9
120	-1.261775	392.070924	0.055433	2.3
121	-1.758661	391.010316	0.024347	1.7
122	-1.535779	389.957325	0.061237	1.7
123	-0.487481	388.911862	0.009560	1.7
124	-0.272423	387.873839	0.005158	1.6
125	-1.315925	386.843173	0.016701	1.9
126	-1.405037	385.819777	0.023253	1.6
127	-1.156903	384.803569	0.034221	1.7
128	-1.197084	383.794468	0.052953	1.8
129	-1.017945	382.792393	0.054693	2.0
130	-0.506310	381.797264	0.010433	1.7
131	-0.651783	380.809005	0.016937	2.0
132	-1.202351	379.827537	0.016344	2.1
133	-0.000000	378.852786	0.000000	1.7
134	-1.374756	377.884678	0.010193	3.4
135	-0.002007	376.923138	0.000412	2.2
136	-0.149560	375.968095	0.009051	2.4
137	-0.045941	375.019479	0.001673	2.1
138	-0.000002	374.077218	0.000000	1.8
139	-1.494601	373.141244	0.086910	2.0
140	-1.570708	372.211489	0.028315	2.0
141	-0.000000	371.287887	0.000000	1.9
142	-0.464274	370.370370	0.004349	1.9
143	-1.496336	369.458876	0.014235	1.7
144	-0.984326	368.553338	0.014746	1.7
145	-1.502202	367.653696	0.036801	1.9
146	-0.004629	366.759885	0.000430	1.9
147	-0.000000	365.871846	0.000000	1.8
148	-0.953600	364.989518	0.011545	2.1
149	-1.611994	364.112841	0.039232	1.8
150	-1.008482	363.241757	0.016094	1.7
151	-1.044521	362.376208	0.038060	1.7
152	-0.671900	361.516137	0.034893	1.7
153	-1.028633	360.661488	0.009921	1.7
154	-1.448036	359.812206	0.008320	2.1
155	-1.073940	358.968236	0.017332	2.0
156	-1.350071	358.129524	0.047843	1.7
157	-0.681985	357.296018	0.006659	1.7
158	-0.982360	356.467665	0.003543	1.7
159	-0.618148	355.644414	0.006639	1.7
160	-0.876874	354.826213	0.011538	1.7
161	-1.380307	354.013012	0.002362	1.6
162	-1.249398	353.204763	0.012410	1.6
163	-0.002206	352.401415	0.000457	1.8
164	-1.380061	351.602922	0.035450	1.9
165	-1.228480	350.809235	0.010183	1.7
166	-1.397780	350.020308	0.039887	1.9
167	-1.378365	349.236095	0.054790	1.8
168	-0.205657	348.456550	0.003675	1.8
169	-1.550527	347.681627	0.031054	1.7
170	-0.380876	346.911283	0.004101	1.7
171	-0.000000	346.145474	0.000000	1.7
172	-1.122430	345.384157	0.033595	1.7
173	-1.513883	344.627288	0.041600	1.7
174	-1.361445	343.874826	0.015982	1.6
175	-1.334352	343.126729	0.013056	1.7
176	-1.292258	342.382957	0.017440	1.6
177	-0.746104	341.643469	0.008392	1.6
178	-1.459963	340.908224	0.019296	1.7
179	-1.137479	340.177184	0.022629	1.6
180	-0.000010	339.450309	0.000000	1.9
181	-0.027135	338.727561	0.002424	1.7
182	-0.955800	338.008902	0.052182	1.7
183	-0.000000	337.294295	0.000000	1.7
184	-1.770025	336.583703	0.009194	1.7
185	-1.597743	335.877089	0.029868	1.7
186	-1.636624	335.174416	0.011654	1.8
187	-0.940065	334.475651	0.047385	1.7
188	-1.489374	333.780756	0.028354	1.8
189	-1.032579	333.089698	0.040018	2.2
190	-1.591093	332.402443	0.010410	2.0
191	-0.000000	331.718955	0.000000	1.8
192	-1.349311	331.039203	0.025641	1.7
193	-0.000000	330.363153	0.000000	1.9
194	-0.000000	329.690771	0.000000	1.7
195	-1.186249	329.022027	0.018904	1.7
196	-1.580338	328.356888	0.003432	1.8
197	-0.000000	327.695322	0.000000	1.7
198	-1.442631	327.037299	0.011870	1.7
199	-1.176947	326.382787	0.010343	2.9
200	-1.461360	325.731758	0.021592	1.7
201	-1.215801	325.084179	0.015413	1.7
202	-1.236088	324.440023	0.032590	2.0
203	-1.289646	323.799258	0.056571	2.0
204	-1.556062	323.161858	0.034535	2.1
205	-0.699675	322.527792	0.005253	1.9
206	-0.540116	321.897034	0.007927	2.0
207	-0.180716	321.269554	0.004791	2.0
208	-1.061305	320.645325	0.028948	1.7
209	-1.631382	320.024320	0.030389	1.9
210	-0.603964	319.406512	0.006410	1.9
211	-1.397554	318.791875	0.028217	1.8
212	-0.461435	318.180381	0.008500	2.2
213	-1.032293	317.572005	0.017450	2.1
214	-0.000000	316.966721	0.000000	1.8
215	-0.000000	316.364504	0.000000	1.9
216	-0.000000	315.765329	0.000000	1.8
217	-0.072329	315.169170	0.001427	1.8
218	-0.000000	314.576003	0.000000	1.8
219	-0.914985	313.985804	0.004589	1.7
220	-0.225794	313.398548	0.002682	1.8
221	-0.718321	312.814213	0.005552	1.8
222	-0.861793	312.232773	0.005236	1.8
223	-1.377000	311.654207	0.030585	1.9
224	-1.088827	311.078491	0.037657	2.1
225	-1.451971	310.505602	0.021941	1.7
226	-0.000230	309.935518	0.000081	1.7
227	-0.073769	309.368217	0.001840	2.1
228	-0.967168	308.803676	0.033893	2.1
229	-1.492865	308.241874	0.045604	1.9
230	-0.730591	307.682789	0.004135	2.4
231	-0.724249	307.126400	0.012284	2.0
232	-1.357888	306.572687	0.021652	2.3
233	-0.873101	306.021627	0.028311	2.2
234	-0.000989	305.473201	0.000312	1.9
235	-1.276406	304.927388	0.021338	4.9
236	-1.061970	304.384168	0.023450	2.3
237	-1.108375	303.843521	0.002143	2.5
238	-0.683099	303.305427	0.033945	2.2
239	-0.597613	302.769867	0.004623	1.9
240	-0.000004	302.236821	0.000000	2.0
241	-0.587574	301.706270	0.007536	1.7
242	-0.911590	301.178196	0.008212	1.8
243	-1.467017	300.652580	0.004245	1.8
244	-1.510272	300.129402	0.039520	1.8
245	-1.276918	299.608645	0.032768	1.7
246	-0.919605	299.090291	0.045113	1.8
247	-1.317571	298.574321	0.036894	2.0
248	-0.812589	298.060718	0.073942	1.9
249	-1.347512	297.549465	0.022843	2.0
250	-0.813222	297.040543	0.034735	1.9
251	-1.294069	296.533936	0.044379	1.7
252	-0.000000	296.029626	0.000000	1.8
253	-1.507106	295.527597	0.001541	1.8
254	-0.000000	295.027832	0.000000	1.9
255	-0.575300	294.530315	0.012058	1.7
256	-1.069949	294.035028	0.013879	1.7
257	-1.460144	293.541956	0.005480	1.9
258	-1.403602	293.051083	0.020124	1.9
259	-1.608242	292.562393	0.025889	1.7
260	-0.026076	292.075870	0.001203	1.7
261	-1.800927	291.591498	0.014990	1.8
262	-0.806536	291.109263	0.010054	1.9
263	-1.136523	290.629149	0.010660	1.8
264	-1.233919	290.151140	0.006764	1.8
265	-0.957234	289.675222	0.026405	1.7
266	-0.947026	289.201380	0.035952	2.0
267	-0.362801	288.729600	0.015842	1.8
268	-0.341072	288.259866	0.003768	2.0
269	-1.032962	287.792165	0.013189	2.0
270	-1.670795	287.326481	0.029405	1.7
271	-0.886686	286.862802	0.020335	1.7
272	-0.708888	286.401113	0.008545	1.7
273	-1.240775	285.941400	0.033978	1.9
274	-1.347945	285.483649	0.039323	1.7
275	-0.879671	285.027847	0.009859	2.0
276	-1.190203	284.573981	0.018198	1.8
277	-1.125704	284.122037	0.050283	1.7
278	-1.281415	283.672002	0.049103	1.7
279	-0.575307	283.223863	0.012323	1.7
280	-1.364492	282.777607	0.042171	1.7
281	-1.282542	282.333221	0.014859	1.7
282	-0.187888	281.890692	0.004483	1.7
283	-1.014018	281.450008	0.065991	1.6
284	-1.548016	281.011157	0.013932	1.9
285	-0.812417	280.574125	0.049904	1.7
286	-0.890072	280.138901	0.016397	1.7
287	-1.225057	279.705473	0.042620	1.7
288	-1.371367	279.273829	0.034097	1.8
289	-1.510610	278.843956	0.044213	1.8
290	-0.834252	278.415844	0.009434	1.7
291	-0.012156	277.989479	0.001339	1.9
292	-1.520337	277.564851	0.003905	2.1
293	-1.342524	277.141949	0.014699	2.0
294	-1.139234	276.720761	0.021347	2.1
295	-1.573210	276.301275	0.034958	2.1
296	-0.445790	275.883480	0.008214	1.8
297	-1.300364	275.467366	0.037619	1.7
298	-0.915053	275.052922	0.017778	1.7
299	-0.809175	274.640136	0.043811	1.7
300	-1.471756	274.228998	0.013361	1.7
301	-1.517336	273.819497	0.027676	1.8
302	-1.379628	273.411623	0.061637	1.8
303	-0.000000	273.005365	0.000000	1.7
304	-0.000016	272.600712	0.000000	1.8
305	-0.000000	272.197655	0.000000	1.8
306	-1.099508	271.796184	0.003322	1.8
307	-1.345717	271.396287	0.027230	1.8
308	-0.000000	270.997956	0.000000	1.8
309	-0.000000	270.601180	0.000000	1.8
310	-0.885536	270.205949	0.059946	1.9
311	-1.453789	269.812254	0.039971	1.9
312	-1.452333	269.420085	0.016570	1.9
313	-1.402023	269.029432	0.028790	1.8
314	-1.161104	268.640287	0.032850	1.7
315	-1.418370	268.252638	0.019862	1.7
316	-0.000000	267.866478	0.000000	1.7
317	-1.189528	267.481796	0.036191	1.7
318	-1.611519	267.098584	0.005796	1.7
319	-0.888230	266.716833	0.010852	1.7
320	-0.000000	266.336533	0.000000	1.9
321	-1.066576	265.957676	0.003361	1.7
322	-1.238642	265.580253	0.004582	1.7
323	-0.000000	265.204254	0.000000	1.7
324	-1.302713	264.829672	0.044568	1.7
325	-1.370492	264.456497	0.035945	1.7
326	-0.417907	264.084721	0.011276	1.8
327	-1.019732	263.714335	0.060664	1.7
328	-0.454627	263.345332	0.009579	2.1
329	-1.705272	262.977702	0.024146	1.8
330	-1.568610	262.611438	0.021221	2.1
331	-1.605389	262.246531	0.035635	1.8
332	-1.101129	261.882973	0.016021	2.1
333	-1.214434	261.520756	0.032184	1.7
334	-1.333505	261.159871	0.040823	1.7
335	-0.000000	260.800312	0.000000	1.7
336	-1.579610	260.442070	0.068845	1.9
337	-1.186011	260.085137	0.043375	1.7
338	-0.766103	259.729505	0.009832	1.7
339	-0.902379	259.375167	0.011796	1.7
340	-0.115000	259.022116	0.007030	1.8
341	-1.045839	258.670343	0.072321	1.7
342	-1.583922	258.319841	0.022014	1.7
343	-1.328053	257.970602	0.057246	1.7
344	-0.297071	257.622620	0.006786	1.9
345	-1.773265	257.275887	0.026443	2.1
346	-1.222807	256.930396	0.027199	2.0
347	-1.129403	256.586139	0.033462	1.7
348	-0.006040	256.243109	0.000328	1.6
349	-1.656674	255.901300	0.056146	1.7
350	-1.424558	255.560703	0.006419	1.8
351	-1.436719	255.221313	0.049613	1.7
352	-1.233667	254.883122	0.011233	1.7
353	-1.127806	254.546124	0.010839	1.7
354	-1.743749	254.210311	0.033909	1.7
355	-1.048086	253.875677	0.016571	1.8
356	-1.686338	253.542215	0.016896	1.7
357	-1.434236	253.209918	0.020658	1.7
358	-0.000000	252.878781	0.000000	1.8
359	-1.527756	252.548795	0.037383	1.8
360	-1.034676	252.219956	0.006080	1.8
361	-1.570305	251.892255	0.031289	2.0
362	-1.066786	251.565688	0.011108	1.9
363	-1.255300	251.240247	0.008092	1.8
364	-0.019061	250.915926	0.001592	1.9
365	-1.283663	250.592720	0.015130	1.8
366	-1.006994	250.270621	0.021889	1.7
367	-1.142613	249.949624	0.037956	1.7
368	-0.895857	249.629723	0.009707	1.7
369	-1.567246	249.310911	0.042520	1.7
370	-1.597876	248.993182	0.035838	1.7
371	-1.075698	248.676531	0.048133	1.7
372	-0.002504	248.360952	0.000568	1.8
373	-0.072268	248.046438	0.001670	1.9
374	-1.292543	247.732984	0.045289	1.9
375	-0.994797	247.420584	0.019521	1.9
376	-1.109832	247.109233	0.046817	1.7
377	-0.655819	246.798924	0.006862	1.8
378	-0.115739	246.489652	0.005062	1.7
379	-0.000000	246.181412	0.000000	1.7
380	-1.636196	245.874197	0.045809	1.6
381	-1.321591	245.568002	0.031421	1.7
382	-0.997021	245.262822	0.007049	1.7
383	-0.443300	244.958652	0.006007	1.7
384	-1.384390	244.655485	0.020692	1.7
385	-1.095492	244.353317	0.016679	3.2
386	-1.128011	244.052142	0.018798	2.6
387	-0.000000	243.751955	0.000000	1.9
388	-1.322019	243.452750	0.018560	1.7
389	-1.570526	243.154523	0.022327	1.7
390	-1.463052	242.857268	0.023557	1.9
391	-1.275029	242.560980	0.002714	1.9
392	-0.935760	242.265654	0.006056	1.9
393	-1.028078	241.971285	0.008200	1.8
394	-1.662329	241.677868	0.042117	1.7
395	-1.730924	241.385397	0.017781	1.9
396	-0.971660	241.093869	0.007660	1.9
397	-1.275333	240.803278	0.006500	1.7
398	-1.272808	240.513619	0.014727	1.9
399	-1.453771	240.224887	0.021936	2.0
400	-1.230860	239.937077	0.019647	1.9
401	-0.941417	239.650186	0.043112	1.7
402	-0.972177	239.364207	0.009245	1.9
403	-1.776711	239.079136	0.043485	1.8
404	-1.163288	238.794969	0.013886	2.1
405	-1.504956	238.511701	0.067753	2.0
406	-0.310009	238.229327	0.004401	1.7
407	-0.000000	237.947843	0.000000	1.8
408	-0.585227	237.667244	0.004288	1.9
409	-0.000000	237.387526	0.000000	2.1
410	-1.517642	237.108684	0.021223	1.7
411	-1.287716	236.830714	0.029972	1.7
412	-0.596736	236.553610	0.004743	1.7
413	-0.899060	236.277370	0.003151	1.7
414	-0.863495	236.001989	0.056222	2.5
415	-1.283970	235.727461	0.020217	1.9
416	-1.061109	235.453784	0.045392	1.9
417	-1.021278	235.180952	0.013032	1.8
418	-0.000000	234.908962	0.000000	2.0
419	-1.361972	234.637809	0.005810	1.8
420	-1.282971	234.367488	0.034937	1.7
421	-1.216128	234.097997	0.015428	1.8
422	-1.364591	233.829331	0.007203	1.9
423	-0.357819	233.561485	0.006304	1.9
424	-0.237782	233.294456	0.004996	1.9
425	-1.562511	233.028239	0.024822	1.8
426	-1.156299	232.762831	0.005383	2.0
427	-1.143150	232.498228	0.018984	2.0
428	-1.394642	232.234425	0.006569	2.0
429	-0.000000	231.971419	0.000000	2.1
430	-1.454528	231.709205	0.025627	2.0
431	-0.667214	231.447781	0.004679	1.9
432	-0.815998	231.187141	0.003408	1.8
433	-0.000000	230.927283	0.000000	1.8
434	-1.128287	230.668202	0.005351	1.9
435	-0.962173	230.409895	0.036916	2.3
436	-1.229210	230.152358	0.024712	2.1
437	-1.288893	229.895587	0.070126	1.8
438	-1.309637	229.639578	0.016329	1.7
439	-1.587864	229.384329	0.053256	1.7
440	-1.281896	229.129834	0.014030	1.7
441	-1.001716	228.876091	0.012500	1.9
442	-1.227398	228.623096	0.011780	2.3
443	-1.729192	228.370846	0.029192	2.1
444	-1.472428	228.119336	0.037070	1.8
445	-0.000000	227.868563	0.000000	1.9
446	-1.492836	227.618525	0.020822	1.8
447	-1.585674	227.369216	0.025910	2.1
448	-0.000000	227.120635	0.000000	2.0
449	-1.095208	226.872777	0.018625	1.9
450	-0.000000	226.625638	0.000000	1.8
451	-0.941429	226.379217	0.015679	2.5
452	-1.166094	226.133509	0.015665	2.0
453	-0.005736	225.888510	0.000452	1.9
454	-1.270071	225.644218	0.024722	2.3
455	-1.521182	225.400630	0.018484	2.1
456	-1.384670	225.157741	0.010096	1.9
457	-1.174791	224.915549	0.049862	1.8
458	-1.059620	224.674051	0.018922	2.5
459	-1.312106	224.433242	0.003623	2.2
460	-0.000000	224.193121	0.000000	2.4
461	-0.914140	223.953684	0.010693	2.1
462	-1.485885	223.714927	0.045155	2.4
463	-0.000000	223.476848	0.000000	1.9
464	-0.098805	223.239444	0.003686	2.3
465	-1.273969	223.002710	0.051984	1.8
466	-1.427284	222.766645	0.081310	2.3
467	-0.397625	222.531245	0.005887	2.2
468	-1.045032	222.296508	0.021295	2.4
469	-0.971928	222.062429	0.012692	1.7
470	-1.656865	221.829007	0.042496	2.1
471	-0.928611	221.596238	0.004180	1.8
472	-1.280310	221.364119	0.048031	1.8
473	-0.725295	221.132647	0.008583	2.0
474	-1.059668	220.901820	0.026481	2.1
475	-1.370863	220.671634	0.016271	2.3
476	-1.235395	220.442086	0.009759	1.8
477	-1.513008	220.213174	0.057697	1.8
478	-1.522457	219.984895	0.019194	1.9
479	-0.310589	219.757246	0.007070	1.9
480	-1.081610	219.530224	0.008745	1.9
481	-1.454138	219.303826	0.013039	2.1
482	-1.400297	219.078050	0.064632	2.1
483	-1.429514	218.852893	0.038294	2.5
484	-0.001789	218.628352	0.000331	2.0
485	-0.914049	218.404424	0.063113	1.9
486	-1.059787	218.181106	0.006269	2.5
487	-1.320312	217.958397	0.016995	2.2
488	-1.575553	217.736292	0.042861	1.8
489	-0.378022	217.514790	0.004371	1.8
490	-0.000000	217.293888	0.000000	3.5
491	-1.474711	217.073584	0.005810	1.8
492	-1.299434	216.853873	0.019580	1.8
493	-1.422839	216.634755	0.010762	1.8
494	-0.602143	216.416227	0.007977	1.8
495	-1.434753	216.198285	0.029514	2.1
496	-1.072974	215.980927	0.014526	1.9
497	-1.230403	215.764151	0.014713	2.0
498	-0.000000	215.547955	0.000000	1.9
499	-1.714598	215.332335	0.014649	1.9
500	-1.281695	215.117289	0.056432	1.8
501	-0.000000	214.902815	0.000000	1.7
502	-0.000000	214.688911	0.000000	1.9
503	-1.385862	214.475573	0.022264	1.9
504	-1.406451	214.262800	0.046372	1.8
505	-1.416286	214.050588	0.011894	1.7
506	-1.404236	213.838936	0.041329	2.4
507	-1.709177	213.627842	0.018622	2.1
508	-0.932975	213.417302	0.013460	1.9
509	-1.511503	213.207314	0.054379	1.7
510	-1.229286	212.997877	0.021000	1.7
511	-1.165067	212.788987	0.013844	1.7
512	-1.659854	212.580642	0.048664	1.8
513	-1.204582	212.372841	0.044225	1.9
514	-0.415701	212.165581	0.006089	1.9
515	-0.008421	211.958859	0.000650	1.9
516	-1.512864	211.752673	0.015546	1.8
517	-1.372294	211.547021	0.013933	1.9
518	-1.296847	211.341902	0.065041	1.9
519	-1.160079	211.137311	0.014203	1.8
520	-0.000013	210.933248	0.000000	1.8
521	-1.292608	210.729710	0.012317	2.0
522	-1.052987	210.526695	0.010801	2.1
523	-1.395828	210.324200	0.012982	2.0
524	-1.064035	210.122224	0.007888	2.0
525	-0.073042	209.920765	0.002160	1.7
526	-1.271629	209.719820	0.059805	2.0
527	-1.572055	209.519387	0.033227	1.8
528	-0.954467	209.319463	0.019006	1.9
529	-1.012718	209.120048	0.007797	1.7
530	-1.609406	208.921139	0.009669	1.8
531	-1.608362	208.722733	0.047349	2.0
532	-0.000000	208.524829	0.000000	2.3
533	-0.889195	208.327425	0.008347	1.9
534	-0.000000	208.130518	0.000000	2.0
535	-1.382574	207.934107	0.057109	2.1
536	-1.455921	207.738189	0.004487	2.0
537	-0.818136	207.542762	0.013415	1.7
538	-0.012188	207.347825	0.000578	1.7
539	-1.488636	207.153376	0.033096	1.7
540	-0.000000	206.959412	0.000000	2.1
541	-1.500545	206.765932	0.041518	1.8
542	-1.471923	206.572933	0.017529	1.9
543	-0.000000	206.380414	0.000000	2.0
544	-0.000030	206.188373	0.000013	1.9
545	-0.000000	205.996807	0.000000	1.8
546	-1.032105	205.805716	0.007429	2.1
547	-1.245778	205.615096	0.018920	2.1
548	-1.164102	205.424946	0.017144	2.3
549	-1.564947	205.235265	0.037057	1.9
550	-1.527373	205.046050	0.020620	1.7
551	-0.167952	204.857299	0.002669	1.7
552	-1.335954	204.669011	0.023445	1.8
553	-1.331464	204.481184	0.016277	1.8
554	-0.000000	204.293816	0.000000	1.7
555	-1.360659	204.106905	0.057868	1.9
556	-1.675865	203.920449	0.062586	2.0
557	-1.170455	203.734447	0.067479	1.7
558	-1.694259	203.548896	0.034843	2.2
559	-0.000000	203.363795	0.000000	1.9
560	-1.866399	203.179143	0.028721	1.9
561	-1.285775	202.994937	0.059402	1.8
562	-1.014279	202.811176	0.007972	1.9
563	-1.393041	202.627857	0.006822	2.1
564	-0.022459	202.444980	0.001330	1.7
565	-1.138673	202.262543	0.013074	2.0
566	-1.008639	202.080543	0.005582	2.1
567	-1.353216	201.898979	0.009017	1.9
568	-1.164335	201.717849	0.003540	1.8
569	-0.000000	201.537153	0.000000	1.7
570	-1.168928	201.356887	0.017775	1.7
571	-0.783157	201.177050	0.004780	1.7
572	-1.235731	200.997642	0.008425	2.0
573	-0.012190	200.818659	0.000707	2.0
574	-1.001268	200.640100	0.006728	2.7
575	-1.519594	200.461965	0.030714	1.9
576	-1.378491	200.284250	0.016811	2.0
577	-0.000000	200.106955	0.000000	1.8
578	-0.410351	199.930078	0.003445	1.9
579	-1.912377	199.753617	0.019607	1.9
580	-0.950309	199.577571	0.010920	1.9
581	-0.928410	199.401938	0.028200	1.9
582	-1.509278	199.226717	0.059721	2.1
583	-1.287027	199.051905	0.022579	2.2
584	-0.000000	198.877502	0.000000	2.0
585	-0.218423	198.703506	0.003882	1.8
586	-0.422032	198.529916	0.008415	1.8
587	-1.328171	198.356729	0.002720	1.9
588	-1.110188	198.183944	0.006565	1.8
589	-1.454832	198.011560	0.015795	2.0
590	-1.677274	197.839576	0.025520	1.7
591	-1.720346	197.667989	0.045913	2.0
592	-1.236261	197.496798	0.017055	1.9
593	-1.357878	197.326002	0.038612	1.7
594	-1.088272	197.155600	0.054524	2.0
595	-0.000000	196.985589	0.000000	1.9
596	-0.972310	196.815969	0.011972	1.8
597	-0.000000	196.646738	0.000000	1.8
598	-1.643157	196.477894	0.031532	1.9
599	-1.054179	196.309436	0.021614	1.9
600	-1.335204	196.141363	0.026604	2.2
601	-0.029088	195.973673	0.001639	1.8
602	-1.602051	195.806365	0.050863	1.7
603	-0.914717	195.639437	0.008190	1.8
604	-1.661082	195.472888	0.013832	1.8
605	-1.158204	195.306717	0.008222	1.9
606	-1.086253	195.140922	0.015719	2.0
607	-0.906267	194.975501	0.005600	1.7
608	-1.463036	194.810454	0.027140	2.0
609	-1.661523	194.645779	0.030632	2.0
610	-1.682853	194.481475	0.025424	2.0
611	-1.261937	194.317540	0.012188	1.8
612	-0.776100	194.153973	0.015910	1.9
613	-1.185245	193.990773	0.025531	1.9
614	-1.317873	193.827938	0.018870	1.9
615	-1.492370	193.665467	0.036015	2.1
616	-0.000000	193.503358	0.000000	2.5
617	-1.290970	193.341611	0.034124	2.0
618	-1.425028	193.180224	0.025881	1.8
619	-0.939505	193.019196	0.008234	1.8
620	-1.136403	192.858525	0.008409	2.2
621	-1.570583	192.698210	0.018292	1.9
622	-1.132106	192.538251	0.021486	1.8
623	-1.704143	192.378644	0.017191	1.8
624	-1.141397	192.219391	0.004920	1.8
625	-1.353562	192.060488	0.017426	2.6
626	-1.689782	191.901935	0.048187	2.1
627	-1.817086	191.743730	0.034557	2.0
628	-0.654318	191.585873	0.017797	2.2
629	-1.656102	191.428362	0.083859	1.7
630	-1.746893	191.271196	0.045758	1.8
631	-1.193107	191.114374	0.020333	1.8
632	-1.396661	190.957893	0.004248	1.7
633	-1.217397	190.801755	0.047712	2.3
634	-1.452648	190.645956	0.017020	2.0
635	-1.661556	190.490495	0.053346	2.1
636	-0.962828	190.335373	0.008207	1.9
637	-0.908056	190.180587	0.006529	1.8
638	-0.708129	190.026136	0.006172	1.8
639	-1.422065	189.872019	0.022403	2.0
640	-1.451344	189.718235	0.043956	1.7
641	-0.000000	189.564782	0.000000	1.9
642	-0.587857	189.411661	0.002828	1.8
643	-1.279391	189.258868	0.083853	1.9
644	-0.586928	189.106404	0.011777	2.0
645	-0.000000	188.954267	0.000000	1.8
646	-0.178306	188.802456	0.003909	1.8
647	-0.972377	188.650969	0.010530	2.0
648	-0.000000	188.499807	0.000000	2.5
649	-0.000000	188.348967	0.000000	2.1
650	-1.350735	188.198448	0.016413	2.0
651	-1.404509	188.048250	0.016954	2.0
652	-1.711319	187.898371	0.006948	1.8
653	-1.388260	187.748810	0.045126	2.0
654	-0.000000	187.599566	0.000000	2.2
655	-0.000000	187.450638	0.000000	2.3
656	-0.608297	187.302025	0.011146	1.7
657	-1.547701	187.153725	0.050256	2.4
658	-1.518193	187.005739	0.036183	2.0
659	-0.906865	186.858064	0.002864	1.8
660	-1.496351	186.710699	0.063150	1.9
661	-0.972130	186.563645	0.011446	2.1
662	-0.820563	186.416898	0.006184	2.1
663	-1.152616	186.270459	0.078050	2.1
664	-0.000000	186.124326	0.000000	2.0
665	-0.907216	185.978499	0.016939	2.1
666	-0.058614	185.832976	0.002016	2.2
667	-0.654663	185.687756	0.002507	1.8
668	-1.544937	185.542838	0.029925	2.2
669	-1.658102	185.398222	0.036233	2.2
670	-1.451224	185.253906	0.006283	1.7
671	-1.373480	185.109889	0.064144	2.0
672	-1.653262	184.966170	0.026341	2.0
673	-0.000000	184.822748	0.000000	2.3
674	-1.078487	184.679623	0.034113	2.5
675	-0.086680	184.536792	0.003410	1.9
676	-0.000000	184.394256	0.000000	1.9
677	-0.983424	184.252013	0.006242	1.9
678	-1.525069	184.110062	0.023150	1.7
679	-1.575080	183.968403	0.028318	1.9
680	-1.177019	183.827034	0.048185	2.0
681	-1.378548	183.685954	0.032591	2.2
682	-0.114734	183.545163	0.001783	2.4
683	-1.259757	183.404658	0.036300	1.9
684	-1.227419	183.264441	0.059020	1.9
685	-1.461264	183.124509	0.028162	2.0
686	-1.803253	182.984861	0.023490	1.9
687	-1.491622	182.845497	0.020095	2.0
688	-1.541204	182.706416	0.041689	2.0
689	-1.317814	182.567616	0.026769	2.3
690	-1.523670	182.429098	0.068779	1.9
691	-1.049098	182.290859	0.010938	1.8
692	-1.459756	182.152899	0.042155	1.7
693	-0.785155	182.015217	0.014265	1.8
694	-1.485702	181.877813	0.004392	2.2
695	-0.404936	181.740684	0.003749	2.2
696	-0.000000	181.603832	0.000000	1.9
697	-0.552472	181.467253	0.003673	2.1
698	-0.492103	181.330948	0.005261	2.1
699	-1.300597	181.194916	0.023479	1.8
700	-0.463927	181.059155	0.016426	1.7
701	-0.000000	180.923666	0.000000	1.9
702	-0.000000	180.788446	0.000000	1.9
703	-1.622428	180.653496	0.016711	1.8
704	-1.367328	180.518814	0.056579	1.8
705	-0.012327	180.384399	0.000631	2.4
706	-1.693200	180.250251	0.039026	2.7
707	-0.952852	180.116369	0.004923	2.4
708	-0.094735	179.982752	0.001800	2.4
709	-1.588563	179.849398	0.048661	1.7
710	-0.043225	179.716308	0.002433	1.9
711	-0.212138	179.583480	0.003536	2.1
712	-1.541239	179.450913	0.064154	2.4
713	-0.000000	179.318607	0.000000	2.2
714	-0.017995	179.186561	0.000837	1.8
715	-1.129019	179.054774	0.004538	1.8
716	-1.608068	178.923245	0.031184	1.9
717	-0.849317	178.791973	0.004429	1.9
718	-1.058127	178.660958	0.001686	1.8
719	-0.707730	178.530199	0.013168	2.0
720	-1.472067	178.399694	0.015875	2.0
721	-0.982660	178.269444	0.008489	1.9
722	-1.173115	178.139447	0.027681	2.4
723	-0.000295	178.009702	0.000118	2.1
724	-0.008703	177.880209	0.001240	2.0
725	-1.495816	177.750967	0.015672	1.8
726	-1.527337	177.621975	0.042813	1.7
727	-0.000000	177.493232	0.000000	1.8
728	-1.605643	177.364738	0.018340	1.9
729	-0.259820	177.236492	0.003224	1.8
730	-1.466944	177.108492	0.028499	1.9
731	-1.559543	176.980739	0.017253	2.1
732	-1.592022	176.853231	0.014953	2.0
733	-0.000000	176.725968	0.000000	2.2
734	-1.712336	176.598949	0.027312	1.8
735	-1.391661	176.472173	0.026927	1.8
736	-1.247076	176.345639	0.036367	2.0
737	-0.162791	176.219348	0.003698	1.9
738	-1.669324	176.093296	0.024315	2.0
739	-0.010700	175.967486	0.001764	2.2
740	-1.610712	175.841914	0.006291	2.1
741	-0.927758	175.716581	0.021107	2.0
742	-1.446631	175.591486	0.008114	1.8
743	-1.754641	175.466629	0.006161	1.8
744	-1.301254	175.342008	0.074890	2.5
745	-1.000382	175.217622	0.004182	2.0
746	-0.017008	175.093472	0.001069	2.0
747	-1.354869	174.969556	0.010901	1.9
748	-1.446795	174.845873	0.018213	2.2
749	-1.297237	174.722423	0.027641	2.0
750	-1.611362	174.599206	0.038654	1.9
751	-0.000005	174.476220	0.000002	1.9
752	-1.240941	174.353464	0.038385	1.9
753	-1.348440	174.230939	0.054232	1.7
754	-1.222121	174.108643	0.030054	1.9
755	-1.736509	173.986576	0.006603	2.1
756	-0.000000	173.864737	0.000000	1.7
757	-1.189222	173.743124	0.010137	1.8
758	-1.480375	173.621739	0.029285	2.0
759	-0.969423	173.500579	0.007279	2.2
760	-0.918937	173.379645	0.066703	1.7
761	-1.817713	173.258935	0.019311	1.7
762	-0.979157	173.138449	0.002461	1.7
763	-0.000000	173.018186	0.000000	2.3
764	-1.628255	172.898146	0.010097	1.8
765	-1.490667	172.778327	0.011798	1.7
766	-0.855995	172.658730	0.016518	1.7
767	-0.880981	172.539353	0.008592	1.7
768	-0.615240	172.420196	0.008228	1.7
769	-1.353608	172.301258	0.008484	1.8
770	-1.194104	172.182539	0.022118	1.9
771	-0.882996	172.064037	0.003166	1.8
772	-0.000000	171.945753	0.000000	2.0
773	-0.011468	171.827686	0.001062	1.8
774	-1.133748	171.709834	0.033412	1.8
775	-1.095674	171.592198	0.009575	1.7
776	-1.345621	171.474776	0.048852	2.0
777	-0.650263	171.357568	0.007591	1.8
778	-1.558206	171.240574	0.043693	1.9
779	-0.000000	171.123793	0.000000	2.0
780	-1.619874	171.007223	0.023395	2.2
781	-1.313320	170.890865	0.047447	1.9
782	-1.726519	170.774718	0.014457	2.0
783	-1.383606	170.658782	0.008104	2.2
784	-1.273919	170.543055	0.003747	1.9
785	-1.438538	170.427537	0.050842	1.9
786	-1.583014	170.312227	0.032435	2.0
787	-1.032368	170.197125	0.010567	1.9
788	-0.000000	170.082231	0.000000	2.0
789	-1.602910	169.967543	0.011149	2.1
790	-1.529228	169.853061	0.003460	1.7
791	-1.462193	169.738784	0.067210	1.7
792	-0.027208	169.624713	0.001227	1.9
793	-1.468807	169.510845	0.061138	1.8
794	-1.313386	169.397181	0.053164	2.0
795	-1.548947	169.283720	0.020904	2.0
796	-1.535824	169.170462	0.007604	2.4
797	-0.000000	169.057405	0.000000	2.4
798	-0.081957	168.944549	0.002547	2.7
799	-1.325535	168.831895	0.018006	2.1
800	-1.693640	168.719440	0.003179	2.0
801	-0.994709	168.607185	0.009653	1.8
802	-1.062641	168.495129	0.010824	1.9
803	-1.585228	168.383271	0.035746	2.0
804	-0.308809	168.271611	0.004651	2.4
805	-0.000000	168.160148	0.000000	2.0
806	-1.387456	168.048882	0.009942	1.9
807	-1.311773	167.937812	0.018590	1.8
808	-1.324221	167.826938	0.007469	1.9
809	-1.560293	167.716258	0.020178	1.8
810	-1.037820	167.605773	0.005366	1.8
811	-1.092218	167.495482	0.014409	2.4
812	-0.902808	167.385384	0.016626	2.1
813	-1.042432	167.275479	0.011266	2.1
814	-1.558595	167.165766	0.005120	2.3
815	-0.157862	167.056245	0.004283	2.0
816	-1.682655	166.946915	0.038837	2.1
817	-1.339461	166.837776	0.067130	1.8
818	-1.342753	166.728826	0.016694	2.0
819	-1.642573	166.620067	0.044394	2.3
820	-1.246680	166.511496	0.070569	2.1
821	-0.133097	166.403113	0.002600	2.1
822	-0.000000	166.294919	0.000000	2.1
823	-1.127659	166.186912	0.018913	1.9
824	-0.964458	166.079091	0.011881	1.9
825	-0.757295	165.971458	0.004818	1.8
826	-1.118107	165.864009	0.003254	2.0
827	-1.258996	165.756747	0.061720	1.7
828	-0.241142	165.649669	0.004083	2.1
829	-1.655403	165.542775	0.013263	1.9
830	-0.000330	165.436065	0.000140	1.7
831	-0.016338	165.329538	0.001404	2.0
832	-0.000000	165.223194	0.000000	1.7
833	-1.388513	165.117032	0.034141	1.8
834	-1.643926	165.011052	0.038743	2.2
835	-1.000382	164.905253	0.015730	1.7
836	-1.712825	164.799635	0.032395	1.7
837	-1.379771	164.694197	0.007972	2.1
838	-1.468013	164.588939	0.001919	2.1
839	-1.288835	164.483859	0.017134	1.9
840	-1.029374	164.378959	0.035531	1.9
841	-1.204009	164.274237	0.022785	2.0
842	-0.635571	164.169692	0.007407	2.3
843	-0.000000	164.065325	0.000000	2.2
844	-0.000000	163.961135	0.000000	1.8
845	-1.366140	163.857120	0.013532	2.9
846	-1.398756	163.753282	0.010203	1.9
847	-1.526311	163.649619	0.016318	1.9
848	-0.000003	163.546130	0.000000	1.9
849	-0.000000	163.442816	0.000000	2.0
850	-0.552799	163.339676	0.006178	1.8
851	-1.038666	163.236709	0.007133	1.8
852	-1.642855	163.133915	0.024683	1.9
853	-0.000000	163.031294	0.000000	1.9
854	-1.469926	162.928844	0.010328	2.0
855	-1.495547	162.826566	0.041690	1.9
856	-1.529840	162.724459	0.026429	2.2
857	-1.646242	162.622523	0.025982	1.8
858	-0.976003	162.520757	0.007629	1.9
859	-1.521066	162.419160	0.061369	1.9
860	-0.010442	162.317733	0.001360	1.8
861	-0.543289	162.216474	0.004928	2.1
862	-1.367719	162.115383	0.021665	1.9
863	-1.141090	162.014461	0.008960	1.9
864	-1.260819	161.913705	0.003562	2.0
865	-0.000000	161.813117	0.000000	1.9
866	-1.720253	161.712695	0.016127	1.9
867	-1.632858	161.612439	0.036376	1.8
868	-1.601456	161.512349	0.044117	1.8
869	-1.128815	161.412424	0.012329	1.9
870	-1.390448	161.312663	0.075772	1.9
871	-1.663820	161.213067	0.012424	2.1
872	-1.237067	161.113635	0.065166	1.8
873	-0.000000	161.014366	0.000000	2.0
874	-1.477469	160.915260	0.028743	1.8
875	-0.398828	160.816316	0.005846	1.9
876	-1.330992	160.717535	0.009343	2.1
877	-1.553389	160.618915	0.044088	2.0
878	-1.460016	160.520456	0.019334	2.1
879	-0.000010	160.422158	0.000000	1.8
880	-1.705041	160.324021	0.049229	1.8
881	-1.510300	160.226043	0.009755	2.1
882	-1.655793	160.128225	0.015224	1.8
883	-1.336053	160.030566	0.036855	2.0
884	-0.084696	159.933066	0.003241	1.9
885	-0.990786	159.835723	0.011169	1.9
886	-1.104167	159.738539	0.003541	2.4
887	-1.055242	159.641512	0.019622	1.8
888	-1.740799	159.544642	0.009233	2.0
889	-0.098639	159.447929	0.002681	2.0
890	-1.321029	159.351372	0.006615	1.8
891	-0.000000	159.254971	0.000000	1.7
892	-0.959131	159.158725	0.002564	1.9
893	-1.452921	159.062634	0.011955	1.9
894	-1.654805	158.966697	0.033221	2.2
895	-1.051876	158.870915	0.030975	2.7
896	-0.130420	158.775286	0.003459	1.9
897	-0.717934	158.679811	0.004843	1.8
898	-1.699742	158.584489	0.018564	2.0
899	-1.489736	158.489319	0.043042	1.8
900	-1.465635	158.394302	0.008636	1.9
901	-0.370248	158.299436	0.007112	1.9
902	-0.000155	158.204721	0.000070	2.0
903	-0.000000	158.110158	0.000000	2.5
904	-0.032849	158.015745	0.001707	1.9
905	-1.389989	157.921482	0.035783	1.9
906	-1.579652	157.827369	0.006254	1.9
907	-1.761619	157.733406	0.032775	1.7
908	-1.499756	157.639591	0.075513	1.9
909	-1.494517	157.545925	0.009361	2.1
910	-0.854771	157.452408	0.010175	2.0
911	-1.276663	157.359038	0.017597	2.1
912	-1.380486	157.265816	0.027032	2.2
913	-0.004171	157.172741	0.000862	1.9
914	-1.519959	157.079813	0.019899	1.9
915	-0.000028	156.987031	0.000015	1.8
916	-1.606772	156.894395	0.014455	1.9
917	-1.262577	156.801904	0.005823	1.8
918	-0.352486	156.709559	0.006296	2.1
919	-1.634292	156.617359	0.067745	2.1
920	-1.521203	156.525304	0.002533	1.8
921	-1.420752	156.433392	0.044135	1.7
922	-0.000000	156.341624	0.000000	1.7
923	-0.000000	156.250000	0.000000	1.8
924	-1.533803	156.158519	0.015564	2.1
925	-1.249859	156.067180	0.010678	1.9
926	-1.604001	155.975984	0.019033	2.0
927	-1.241112	155.884930	0.009034	1.8
928	-1.778931	155.794017	0.008451	2.2
929	-1.310825	155.703246	0.016967	1.9
930	-1.554419	155.612615	0.015416	2.0
931	-0.796197	155.522125	0.013241	2.0
932	-0.000000	155.431775	0.000000	1.9
933	-1.140406	155.341565	0.010668	2.0
934	-0.809505	155.251495	0.007429	1.9
935	-1.375403	155.161563	0.012951	1.7
936	-1.041228	155.071771	0.003914	1.9
937	-0.993551	154.982117	0.013038	2.0
938	-1.217468	154.892601	0.008287	1.8
939	-0.003016	154.803222	0.000438	1.8
940	-1.855597	154.713981	0.009942	1.8
941	-0.000009	154.624878	0.000000	2.2
942	-0.000000	154.535910	0.000000	1.9
943	-1.449793	154.447080	0.016822	2.4
944	-1.123151	154.358385	0.002038	2.0
945	-0.000000	154.269826	0.000000	2.1
946	-1.275369	154.181402	0.005482	2.0
947	-1.775951	154.093114	0.032209	2.0
948	-1.631473	154.004960	0.019580	1.8
949	-1.068530	153.916940	0.054117	2.1
950	-1.346375	153.829054	0.011352	1.9
951	-0.000000	153.741303	0.000000	2.1
952	-1.561475	153.653684	0.026056	2.2
953	-1.127107	153.566198	0.028055	2.3
954	-0.195111	153.478846	0.003758	2.0
955	-1.569565	153.391625	0.010453	1.8
956	-0.097221	153.304537	0.004198	1.9
957	-1.518935	153.217580	0.013680	1.9
958	-0.000020	153.130755	0.000011	1.7
959	-1.018360	153.044061	0.008801	1.8
960	-0.251075	152.957498	0.005306	1.7
961	-1.588676	152.871065	0.016044	2.0
962	-0.000000	152.784762	0.000000	2.5
963	-1.605528	152.698589	0.029417	2.7
964	-1.688757	152.612545	0.005193	2.6
965	-0.002826	152.526631	0.000517	2.0
966	-1.277305	152.440845	0.011081	1.7
967	-0.139285	152.355188	0.004097	1.8
968	-0.402529	152.269660	0.007526	1.8
969	-1.727152	152.184259	0.016854	1.9
970	-1.460226	152.098986	0.043626	1.8
971	-1.157649	152.013840	0.064278	1.9
972	-1.601365	151.928821	0.015616	1.8
973	-1.418177	151.843928	0.072770	1.9
974	-1.149927	151.759163	0.008161	1.9
975	-1.405991	151.674523	0.005757	1.9
976	-1.703913	151.590009	0.014825	1.9
977	-1.516765	151.505620	0.033534	1.8
978	-1.070616	151.421357	0.020065	1.7
979	-1.526633	151.337218	0.068727	1.8
980	-0.000000	151.253204	0.000000	1.9
981	-1.314667	151.169314	0.023989	1.9
982	-1.339780	151.085549	0.013881	1.7
983	-1.851103	151.001907	0.009437	1.7
984	-1.253092	150.918388	0.015515	1.8
985	-1.698075	150.834992	0.016002	1.8
986	-1.181794	150.751719	0.005339	2.2
987	-1.323450	150.668569	0.009482	1.9
988	-0.113101	150.585541	0.002907	1.8
989	-0.807509	150.502634	0.008556	1.8
990	-0.546149	150.419849	0.006332	1.7
991	-1.371381	150.337186	0.071722	1.9
992	-1.465033	150.254644	0.079737	1.8
993	-0.140471	150.172222	0.002135	2.0
994	-1.296531	150.089921	0.031708	2.1
995	-0.902235	150.007740	0.016322	2.4
996	-1.349142	149.925679	0.014625	2.4
997	-0.580301	149.843737	0.003431	2.2
998	-0.134512	149.761915	0.004868	1.7
999	-1.148608	149.680212	0.010386	1.9
1000	-0.000040	149.598627	0.000018	1.7
1001	-1.232928	149.517161	0.008904	2.3
1002	-1.802310	149.435814	0.043236	2.0
1003	-1.265336	149.354584	0.009141	1.8
1004	-1.144860	149.273472	0.004156	1.8
1005	-0.062919	149.192477	0.002646	1.7
1006	-1.181730	149.111599	0.013531	1.9
1007	-1.354458	149.030838	0.003479	2.0
1008	-0.842437	148.950194	0.004829	2.0
1009	-1.482829	148.869666	0.005628	1.7
1010	-0.195083	148.789253	0.003962	2.4
1011	-0.889551	148.708957	0.003226	2.4
1012	-1.288971	148.628776	0.014789	2.1
1013	-1.584108	148.548710	0.013522	2.1
1014	-0.000000	148.468759	0.000000	2.3
1015	-0.022204	148.388923	0.000982	1.7
1016	-1.427606	148.309201	0.013572	1.7
1017	-1.622521	148.229594	0.012431	1.7
1018	-0.000000	148.150100	0.000000	1.7
1019	-1.535819	148.070719	0.010812	2.0
1020	-1.643341	147.991452	0.055056	2.3
1021	-0.240866	147.912298	0.003515	1.9
1022	-1.095779	147.833257	0.072235	1.7
1023	-1.126830	147.754329	0.007918	1.7
1024	-0.000000	147.675512	0.000000	1.8
1025	-0.000000	147.596808	0.000000	2.0
1026	-1.789189	147.518216	0.049434	1.8
1027	-1.127494	147.439735	0.015014	1.9
1028	-0.959073	147.361365	0.003957	2.1
1029	-1.578812	147.283106	0.035083	2.2
1030	-1.130363	147.204958	0.007374	2.1
1031	-1.141958	147.126920	0.014426	2.1
1032	-1.567530	147.048993	0.022635	2.1
1033	-1.611649	146.971175	0.046402	1.8
1034	-0.911236	146.893468	0.011852	1.8
1035	-1.471761	146.815869	0.011285	1.8
1036	-0.859462	146.738380	0.013156	2.2
1037	-1.522891	146.661000	0.030401	5.7
1038	-1.182113	146.583729	0.002770	2.9
1039	-1.568324	146.506566	0.079823	2.1
1040	-0.163242	146.429511	0.002573	1.8
1041	-1.826633	146.352565	0.043679	2.2
1042	-1.073134	146.275726	0.001922	2.0
1043	-1.329188	146.198994	0.029596	2.2
1044	-0.079837	146.122370	0.002383	2.1
1045	-1.600889	146.045853	0.044837	1.7
1046	-1.495214	145.969442	0.014346	1.7
1047	-1.584457	145.893139	0.011743	2.0
1048	-0.000000	145.816941	0.000000	2.1
1049	-1.466239	145.740849	0.082087	1.9
1050	-1.182403	145.664863	0.034339	1.9
1051	-0.926340	145.588983	0.003275	2.0
1052	-1.552835	145.513208	0.010823	1.7
1053	-1.868946	145.437538	0.022250	1.7
1054	-0.000000	145.361973	0.000000	2.1
1055	-1.755309	145.286513	0.013682	2.1
1056	-0.733692	145.211157	0.010860	1.7
1057	-0.000000	145.135905	0.000000	1.8
1058	-0.266031	145.060757	0.004532	1.9
1059	-0.000000	144.985712	0.000000	2.0
1060	-0.000004	144.910771	0.000002	1.8
1061	-1.446994	144.835934	0.004642	2.3
1062	-1.200370	144.761199	0.002845	2.0
1063	-0.574226	144.686567	0.006778	2.0
1064	-1.452064	144.612037	0.015835	1.9
1065	-1.734591	144.537610	0.025968	2.3
1066	-0.000001	144.463285	0.000000	2.1
1067	-1.065127	144.389062	0.010719	1.9
1068	-1.498801	144.314940	0.006596	2.0
1069	-1.351390	144.240920	0.007598	1.8
1070	-1.278489	144.167001	0.016373	1.9
1071	-1.316374	144.093182	0.064850	2.1
1072	-0.218686	144.019465	0.004257	2.1
1073	-0.000000	143.945848	0.000000	2.0
1074	-1.803746	143.872331	0.058468	2.0
1075	-1.667400	143.798914	0.017764	1.9
1076	-1.112737	143.725597	0.004788	1.8
1077	-1.258302	143.652380	0.035271	2.2
1078	-1.617185	143.579262	0.016909	1.9
1079	-1.789673	143.506243	0.016615	2.1
1080	-0.012851	143.433323	0.000978	1.7
1081	-0.000012	143.360502	0.000000	1.7
1082	-1.511735	143.287780	0.019279	1.8
1083	-1.604583	143.215155	0.030989	2.0
1084	-1.190352	143.142629	0.016852	6.3
1085	-1.347353	143.070201	0.049824	2.7
1086	-0.757515	142.997870	0.009255	2.0
1087	-1.226579	142.925637	0.011866	1.8
1088	-1.149586	142.853501	0.005463	2.4
1089	-1.388351	142.781462	0.004953	2.0
1090	-1.232822	142.709519	0.079082	2.3
1091	-0.586648	142.637674	0.004657	1.7
1092	-1.569794	142.565924	0.039164	1.9
1093	-1.063064	142.494271	0.041611	1.8
1094	-1.522621	142.422714	0.011725	1.8
1095	-1.499686	142.351252	0.044880	1.7
1096	-1.387745	142.279886	0.021623	2.2
1097	-1.331620	142.208616	0.024199	2.0
1098	-1.180489	142.137440	0.005742	1.9
1099	-0.961482	142.066360	0.009296	1.6
1100	-0.000000	141.995374	0.000000	1.9
1101	-1.482620	141.924483	0.005924	2.1
1102	-1.538204	141.853685	0.011376	2.0
1103	-0.198560	141.782983	0.006280	1.8
1104	-0.553843	141.712373	0.005274	1.8
1105	-1.297089	141.641858	0.005276	1.9
1106	-1.517731	141.571436	0.044525	2.2
1107	-1.695275	141.501108	0.029404	2.0
1108	-1.439698	141.430872	0.033936	1.8
1109	-1.502370	141.360730	0.037666	1.9
1110	-1.304686	141.290680	0.007925	4.3
1111	-1.300673	141.220722	0.018528	1.7
1112	-1.789703	141.150857	0.023197	2.0
1113	-0.153278	141.081084	0.003669	1.8
1114	-1.243761	141.011403	0.031242	1.9
1115	-1.109987	140.941813	0.011165	2.2
1116	-1.340830	140.872315	0.004056	2.0
1117	-0.000000	140.802909	0.000000	1.8
1118	-0.912954	140.733593	0.003571	1.7
1119	-1.235368	140.664369	0.006262	1.8
1120	-0.848151	140.595235	0.028960	2.0
1121	-1.284654	140.526192	0.008665	1.8
1122	-1.404151	140.457239	0.060189	1.7
1123	-1.442060	140.388376	0.008887	1.7
1124	-0.907282	140.319603	0.025159	1.7
1125	-1.749746	140.250920	0.023843	1.8
1126	-0.527007	140.182326	0.007804	1.8
1127	-0.740248	140.113822	0.002578	1.7
1128	-1.516781	140.045407	0.013646	1.8
1129	-0.000014	139.977081	0.000000	2.0
1130	-1.693826	139.908844	0.095538	1.8
1131	-1.468230	139.840696	0.077134	1.7
1132	-1.834746	139.772635	0.029380	2.1
1133	-0.000000	139.704664	0.000000	2.1
1134	-1.552125	139.636780	0.050069	2.3
1135	-0.000009	139.568984	0.000005	2.1
1136	-1.516491	139.501276	0.030048	1.7
1137	-1.830632	139.433655	0.013609	1.9
1138	-1.455836	139.366122	0.020837	2.0
1139	-1.428518	139.298676	0.007022	2.0
1140	-1.684740	139.231317	0.020260	2.1
1141	-1.617454	139.164045	0.022428	2.0
1142	-0.000001	139.096859	0.000000	1.9
1143	-1.355349	139.029760	0.005094	1.8
1144	-0.301435	138.962747	0.008219	2.0
1145	-1.316620	138.895820	0.003129	1.9
1146	-0.268573	138.828978	0.003964	2.1
1147	-1.424241	138.762223	0.004612	1.7
1148	-0.000000	138.695553	0.000000	2.1
1149	-0.404112	138.628969	0.004049	2.1
1150	-0.434000	138.562469	0.006041	2.1
1151	-0.129686	138.496055	0.001874	2.2
1152	-1.493183	138.429725	0.009408	1.8
1153	-0.000000	138.363481	0.000000	1.7
1154	-1.387002	138.297320	0.004856	1.8
1155	-0.894983	138.231244	0.003830	1.8
1156	-1.507535	138.165252	0.017366	1.7
1157	-0.000021	138.099344	0.000011	2.1
1158	-0.555884	138.033520	0.005653	2.1
1159	-1.316747	137.967779	0.018485	1.9
1160	-1.345590	137.902122	0.008748	1.9
1161	-1.276320	137.836548	0.004385	1.8
1162	-0.000000	137.771057	0.000000	2.1
1163	-1.410110	137.705649	0.027394	2.1
1164	-1.427304	137.640324	0.017924	1.8
1165	-1.503708	137.575081	0.033579	2.1
1166	-1.526984	137.509921	0.032794	1.7
1167	-1.300204	137.444842	0.023600	1.7
1168	-1.038277	137.379846	0.011617	2.1
1169	-1.640536	137.314932	0.005441	1.7
1170	-0.985138	137.250100	0.006994	2.1
1171	-0.000000	137.185349	0.000000	1.8
1172	-0.000000	137.120680	0.000000	1.8
1173	-0.000000	137.056092	0.000000	1.8
1174	-1.391873	136.991585	0.009481	3.2
1175	-1.096190	136.927158	0.008824	2.3
1176	-1.523687	136.862813	0.071002	1.8
1177	-0.937129	136.798548	0.015389	1.7
1178	-1.120749	136.734363	0.010701	1.7
1179	-1.221318	136.670259	0.024744	1.7
1180	-0.000000	136.606235	0.000000	2.1
1181	-0.975414	136.542291	0.005814	2.1
1182	-1.215364	136.478426	0.044465	5.0
1183	-1.405616	136.414641	0.015170	1.9
1184	-1.686311	136.350936	0.039604	1.9
1185	-0.673670	136.287310	0.006233	2.1
1186	-1.338164	136.223763	0.019265	2.1
1187	-1.433969	136.160295	0.036096	1.8
1188	-1.049066	136.096905	0.009832	1.7
1189	-0.738448	136.033594	0.015308	1.8
1190	-1.055728	135.970362	0.005402	1.8
1191	-1.339633	135.907208	0.039201	2.2
1192	-1.476924	135.844133	0.050865	2.0
1193	-0.000007	135.781135	0.000004	1.7
1194	-1.427383	135.718215	0.090830	1.9
1195	-0.856341	135.655373	0.005842	2.1
1196	-0.000012	135.592608	0.000000	2.3
1197	-1.254810	135.529921	0.006372	2.2
1198	-0.035376	135.467311	0.002202	2.1
1199	-1.222546	135.404778	0.008316	2.1
1200	-1.824000	135.342322	0.037058	1.9
1201	-0.003481	135.279942	0.000227	2.3
1202	-1.440632	135.217640	0.037935	1.8
1203	-1.870229	135.155413	0.013217	2.1
1204	-0.855245	135.093263	0.010511	2.1
1205	-1.434512	135.031190	0.025840	1.7
1206	-1.439111	134.969192	0.025948	1.7
1207	-1.121219	134.907270	0.003392	1.8
1208	-1.404795	134.845424	0.004670	2.0
1209	-1.641192	134.783653	0.007508	2.1
1210	-1.547672	134.721958	0.023669	2.3
1211	-1.562778	134.660338	0.035250	1.7
1212	-1.330740	134.598793	0.019155	2.1
1213	-1.495220	134.537323	0.003283	1.8
1214	-1.612072	134.475927	0.044772	2.1
1215	-1.182297	134.414607	0.009986	2.0
1216	-1.242955	134.353361	0.002539	1.9
1217	-1.635932	134.292189	0.015626	1.7
1218	-1.280086	134.231092	0.026279	1.7
1219	-0.000000	134.170068	0.000000	1.7
1220	-1.396740	134.109119	0.016385	2.1
1221	-1.451847	134.048243	0.060589	1.7
1222	-0.795599	133.987441	0.002587	2.1
1223	-1.618022	133.926713	0.036843	2.1
1224	-0.205541	133.866057	0.003618	2.1
1225	-1.752667	133.805475	0.017366	2.0
1226	-0.000000	133.744966	0.000000	2.1
1227	-1.047336	133.684530	0.012657	1.7
1228	-1.465561	133.624167	0.055309	2.1
1229	-0.213186	133.563877	0.004974	5.7
1230	-0.000000	133.503658	0.000000	3.0
1231	-1.555752	133.443513	0.063119	2.4
1232	-1.427777	133.383439	0.008160	2.6
1233	-1.493339	133.323437	0.046567	2.0
1234	-1.140217	133.263508	0.005248	1.8
1235	-1.665785	133.203650	0.021878	1.7
1236	-0.000000	133.143864	0.000000	2.2
1237	-0.000006	133.084149	0.000000	2.1
1238	-1.444503	133.024506	0.012995	2.1
1239	-0.689043	132.964934	0.004093	2.0
1240	-1.935036	132.905433	0.017047	2.0
1241	-0.549062	132.846003	0.005813	2.0
1242	-0.542169	132.786643	0.005333	1.9
1243	-0.567386	132.727355	0.006398	3.3
1244	-1.632226	132.668137	0.031656	2.0
1245	-0.844631	132.608989	0.004573	1.8
1246	-1.555745	132.549912	0.017492	1.8
1247	-1.368843	132.490904	0.014202	1.7
1248	-0.748491	132.431967	0.005998	1.9
1249	-1.792362	132.373100	0.028633	2.1
1250	-0.000000	132.314302	0.000000	2.2
1251	-1.781620	132.255574	0.007905	2.1
1252	-1.396945	132.196916	0.022903	2.1
1253	-1.440733	132.138326	0.030938	2.5
1254	-1.285287	132.079806	0.076817	2.1
1255	-1.104860	132.021355	0.003815	1.9
1256	-1.285324	131.962973	0.020976	2.1
1257	-0.964521	131.904660	0.007066	2.1
1258	-1.434398	131.846415	0.008685	2.1
1259	-0.000000	131.788239	0.000000	2.1
1260	-1.008807	131.730131	0.009058	2.2
1261	-0.000000	131.672092	0.000000	2.1
1262	-0.000013	131.614121	0.000000	2.1
1263	-1.614728	131.556217	0.044167	1.9
1264	-0.103987	131.498382	0.002855	2.1
1265	-1.779799	131.440614	0.011336	2.1
1266	-0.359888	131.382914	0.009725	2.1
1267	-1.076608	131.325282	0.005216	1.7
1268	-1.282970	131.267717	0.006495	1.7
1269	-1.572489	131.210219	0.045935	1.9
1270	-1.767304	131.152788	0.023336	2.1
1271	-1.439533	131.095424	0.018040	2.1
1272	-1.240492	131.038127	0.014619	2.1
1273	-1.375418	130.980897	0.013258	2.1
1274	-1.541790	130.923733	0.005533	2.2
1275	-1.175412	130.866636	0.007209	1.7
1276	-1.085525	130.809605	0.021325	1.8
1277	-0.191940	130.752641	0.003539	1.8
1278	-1.615975	130.695742	0.019818	1.8
1279	-1.538835	130.638910	0.010339	1.8
1280	-1.797368	130.582143	0.006909	2.6
1281	-0.974660	130.525442	0.006350	2.6
1282	-1.537397	130.468807	0.007603	2.8
1283	-0.854203	130.412237	0.014194	2.3
1284	-0.000000	130.355733	0.000000	1.8
1285	-0.958993	130.299294	0.005789	2.0
1286	-1.634621	130.242920	0.006133	2.2
1287	-1.448059	130.186611	0.029271	2.0
1288	-0.000000	130.130366	0.000000	2.3
1289	-1.224803	130.074187	0.004432	2.2
1290	-1.356642	130.018072	0.012812	2.2
1291	-0.000000	129.962022	0.000000	2.0
1292	-1.378421	129.906036	0.005457	2.0
1293	-1.772084	129.850114	0.013538	2.1
1294	-1.331587	129.794257	0.033743	1.7
1295	-0.858598	129.738463	0.006022	2.1
1296	-1.447760	129.682734	0.058389	2.2
1297	-0.000000	129.627068	0.000000	2.1
1298	-1.094827	129.571466	0.002784	1.9
1299	-1.090167	129.515927	0.006305	2.2
1300	-1.307963	129.460452	0.005721	2.1
1301	-1.413613	129.405040	0.031616	2.2
1302	-1.291941	129.349692	0.005125	2.0
1303	-1.217729	129.294406	0.011591	2.0
1304	-1.572279	129.239183	0.008440	1.8
1305	-0.000008	129.184024	0.000000	2.1
1306	-1.567940	129.128927	0.019886	2.1
1307	-0.090460	129.073892	0.002101	2.1
1308	-0.913992	129.018921	0.027876	2.1
1309	-0.000000	128.964011	0.000000	2.2
1310	-1.524559	128.909164	0.024900	2.3
1311	-1.591310	128.854379	0.012745	1.7
1312	-0.203656	128.799656	0.003308	2.2
1313	-0.741462	128.744995	0.004343	1.9
1314	-1.364472	128.690396	0.016692	2.1
1315	-0.702506	128.635858	0.007744	2.1
1316	-1.499413	128.581382	0.019084	2.2
1317	-1.223364	128.526968	0.005692	2.2
1318	-1.525384	128.472615	0.015837	2.1
1319	-1.071098	128.418323	0.012643	2.0
1320	-1.803680	128.364092	0.085382	2.1
1321	-1.603378	128.309922	0.017239	1.8
1322	-0.000000	128.255814	0.000000	1.7
1323	-1.346905	128.201766	0.005431	1.8
1324	-1.070995	128.147778	0.004193	2.0
1325	-0.000004	128.093852	0.000000	1.8
1326	-1.065132	128.039985	0.006535	1.8
1327	-1.662454	127.986180	0.015544	1.8
1328	-0.655748	127.932434	0.005233	2.0
1329	-1.589084	127.878749	0.007290	1.9
1330	-0.000000	127.825123	0.000000	2.1
1331	-1.182596	127.771558	0.006725	2.2
1332	-1.310831	127.718052	0.011356	2.2
1333	-0.921703	127.664606	0.006742	1.9
1334	-1.144692	127.611220	0.003681	2.2
1335	-0.613192	127.557893	0.007757	2.5
1336	-1.814088	127.504625	0.016813	1.7
1337	-1.158154	127.451417	0.015196	2.2
1338	-1.229511	127.398268	0.006262	2.2
1339	-0.000015	127.345178	0.000000	2.2
1340	-0.000000	127.292147	0.000000	2.2
1341	-0.000001	127.239175	0.000000	1.7
1342	-1.214549	127.186261	0.049564	1.8
1343	-0.000001	127.133407	0.000000	2.3
1344	-1.721514	127.080610	0.025763	2.1
1345	-1.821390	127.027872	0.006862	2.1
1346	-1.235723	126.975193	0.005089	2.0
1347	-1.637086	126.922572	0.009598	2.1
1348	-0.000007	126.870008	0.000000	1.8
1349	-0.467734	126.817503	0.004953	2.2
1350	-0.000000	126.765056	0.000000	2.0
1351	-0.954102	126.712667	0.005908	2.1
1352	-1.705344	126.660335	0.049381	2.2
1353	-1.859729	126.608061	0.016335	2.1
1354	-1.573065	126.555844	0.010691	2.0
1355	-0.000000	126.503685	0.000000	1.8
1356	-0.383620	126.451583	0.003488	1.8
1357	-1.310246	126.399538	0.006390	1.7
1358	-1.435043	126.347550	0.015370	2.1
1359	-0.958023	126.295619	0.009516	2.1
1360	-1.319480	126.243745	0.008873	2.0
1361	-1.454154	126.191928	0.014301	2.2
1362	-0.641327	126.140168	0.006295	2.1
1363	-0.000000	126.088464	0.000000	2.0
1364	-0.829621	126.036817	0.003977	1.9
1365	-1.544301	125.985226	0.003080	1.8
1366	-1.557532	125.933691	0.011356	1.9
1367	-0.000000	125.882212	0.000000	1.8
1368	-1.006355	125.830790	0.009256	2.1
1369	-0.000006	125.779423	0.000000	2.1
1370	-0.000000	125.728113	0.000000	4.7
1371	-1.772104	125.676858	0.006193	2.0
1372	-1.384407	125.625659	0.035785	2.5
1373	-1.658320	125.574515	0.032144	2.3
1374	-1.373307	125.523427	0.004329	1.8
1375	-1.620569	125.472394	0.005739	1.7
1376	-0.000000	125.421417	0.000000	2.2
1377	-1.436311	125.370495	0.047283	1.9
1378	-1.650230	125.319628	0.015741	1.7
1379	-0.000132	125.268815	0.000054	2.1
1380	-1.649605	125.218058	0.034933	2.1
1381	-1.341958	125.167356	0.004990	2.2
1382	-1.406242	125.116708	0.027301	1.7
1383	-1.702608	125.066115	0.009155	1.8
1384	-1.460420	125.015576	0.019351	2.0
1385	-1.774998	124.965092	0.021842	2.1
1386	-1.710659	124.914662	0.043373	1.7
1387	-0.821314	124.864287	0.003365	2.2
1388	-0.564140	124.813965	0.005944	2.1
1389	-1.614402	124.763698	0.042579	2.3
1390	-1.362362	124.713485	0.004821	1.8
1391	-0.524237	124.663325	0.004801	2.1
1392	-1.421055	124.613219	0.015743	2.1
1393	-1.175638	124.563167	0.004511	2.1
1394	-1.551930	124.513168	0.007122	2.1
1395	-1.659396	124.463223	0.071284	2.2
1396	-1.360605	124.413332	0.039971	2.1
1397	-0.000000	124.363493	0.000000	1.9
1398	-1.599446	124.313708	0.026644	2.2
1399	-0.000007	124.263976	0.000004	2.2
1400	-0.192136	124.214297	0.004733	1.6
1401	-1.319795	124.164671	0.005980	1.8
1402	-0.576313	124.115097	0.010455	1.7
1403	-1.224224	124.065577	0.008920	1.8
1404	-1.392125	124.016109	0.008358	2.1
1405	-1.590608	123.966693	0.004971	1.7
1406	-1.833737	123.917330	0.013038	1.7
1407	-1.429922	123.868020	0.048657	1.8
1408	-1.192650	123.818762	0.006850	2.0
1409	-0.000000	123.769556	0.000000	2.2
1410	-1.745442	123.720402	0.026977	2.2
1411	-1.468484	123.671300	0.046982	1.7
1412	-1.254298	123.622250	0.014711	1.7
1413	-1.125402	123.573252	0.009870	2.2
1414	-0.000000	123.524305	0.000000	2.0
1415	-1.096349	123.475411	0.009447	1.8
1416	-1.390337	123.426568	0.020921	1.7
1417	-1.503134	123.377776	0.009505	1.7
1418	-0.215432	123.329036	0.003675	4.7
1419	-1.216939	123.280347	0.012457	1.8
1420	-1.015739	123.231709	0.004233	1.8
1421	-1.385436	123.183122	0.009667	1.8
1422	-1.354649	123.134587	0.046585	2.3
1423	-1.151380	123.086102	0.006146	1.8
1424	-1.193354	123.037669	0.004240	1.8
1425	-0.000000	122.989286	0.000000	2.1
1426	-0.790698	122.940954	0.002273	2.1
1427	-1.140439	122.892672	0.011917	1.7
1428	-1.578130	122.844441	0.010003	2.5
1429	-0.000000	122.796261	0.000000	2.2
1430	-1.813632	122.748130	0.038457	2.0
1431	-1.544209	122.700050	0.026290	2.2
1432	-0.190776	122.652021	0.003470	2.2
1433	-0.873934	122.604041	0.007861	2.2
1434	-1.630107	122.556111	0.008136	2.1
1435	-1.353676	122.508232	0.003773	2.0
1436	-1.413270	122.460402	0.006275	1.7
1437	-1.506001	122.412622	0.069168	1.7
1438	-1.439714	122.364891	0.040201	1.7
1439	-0.925676	122.317210	0.006816	1.8
1440	-1.279901	122.269579	0.024300	1.7
1441	-0.889495	122.221997	0.011502	1.8
1442	-1.258031	122.174465	0.008191	1.8
1443	-1.489993	122.126981	0.015134	1.8
1444	-1.454504	122.079547	0.013040	2.0
1445	-1.479685	122.032162	0.015559	2.2
1446	-0.232290	121.984826	0.004178	2.1
1447	-1.277668	121.937539	0.009596	2.3
1448	-0.000000	121.890301	0.000000	2.1
1449	-1.182180	121.843112	0.009960	1.7
1450	-0.000000	121.795971	0.000000	2.0
1451	-1.647904	121.748879	0.056881	2.2
1452	-0.254729	121.701835	0.004972	1.8
1453	-1.569167	121.654840	0.016242	1.7
1454	-1.640108	121.607893	0.018337	1.8
1455	-1.508831	121.560994	0.020063	1.7
1456	-1.378471	121.514144	0.076116	1.7
1457	-0.531539	121.467342	0.009337	1.7
1458	-1.420226	121.420588	0.013787	2.1
1459	-1.043110	121.373882	0.001770	2.2
1460	-1.135010	121.327223	0.003524	2.1
1461	-1.244164	121.280613	0.022849	1.8
1462	-1.692018	121.234050	0.017427	1.7
1463	-1.004732	121.187535	0.002405	2.2
1464	-1.567016	121.141067	0.028611	2.2
1465	-1.712993	121.094647	0.078893	1.7
1466	-0.960277	121.048274	0.014745	1.7
1467	-1.349112	121.001949	0.018679	1.8
1468	-1.597507	120.955671	0.060683	1.8
1469	-1.764649	120.909440	0.017605	1.9
1470	-1.648621	120.863256	0.004684	1.8
1471	-1.468338	120.817119	0.047262	1.8
1472	-1.275229	120.771029	0.016923	1.8
1473	-1.435597	120.724986	0.033377	1.8
1474	-1.062033	120.678990	0.003962	1.9
1475	-0.826760	120.633040	0.008080	2.1
1476	-1.068898	120.587137	0.003803	2.3
1477	-1.229295	120.541281	0.006439	2.0
1478	-1.692167	120.495471	0.052758	1.8
1479	-1.209875	120.449707	0.092159	1.7
1480	-1.330657	120.403990	0.004819	2.5
1481	-0.000000	120.358319	0.000000	2.1
1482	-0.160754	120.312694	0.005144	1.8
1483	-1.291116	120.267115	0.013414	2.3
1484	-1.192126	120.221582	0.006451	2.1
1485	-1.182588	120.176096	0.024959	1.8
1486	-0.138231	120.130655	0.006072	2.1
1487	-1.497951	120.085260	0.014999	2.1
1488	-1.401539	120.039910	0.065423	2.4
1489	-1.611351	119.994606	0.038399	2.4
1490	-1.840247	119.949348	0.012921	2.1
1491	-0.000000	119.904135	0.000000	1.7
1492	-1.649761	119.858968	0.037716	1.7
1493	-0.782475	119.813846	0.009657	2.1
1494	-1.352960	119.768769	0.005959	1.9
1495	-1.603591	119.723738	0.012097	1.9
1496	-1.429294	119.678752	0.007326	2.4
1497	-0.000000	119.633810	0.000000	2.5
1498	-0.000000	119.588914	0.000000	1.9
1499	-0.992979	119.544062	0.004580	1.9
1500	-0.000000	119.499256	0.000000	2.2
1501	-1.266151	119.454494	0.040842	2.1
1502	-1.436311	119.409777	0.027214	1.8
1503	-1.573058	119.365104	0.071010	2.1
1504	-1.411725	119.320476	0.005178	2.1
1505	-0.035339	119.275893	0.001575	2.2
1506	-1.164900	119.231353	0.007620	1.8
1507	-0.000003	119.186859	0.000000	1.9
1508	-1.118247	119.142408	0.003154	1.8
1509	-1.651886	119.098002	0.003447	2.2
1510	-1.471156	119.053639	0.048576	1.9
1511	-0.684482	119.009321	0.007290	1.7
1512	-0.000000	118.965047	0.000000	1.7
1513	-1.680154	118.920816	0.024496	1.8
1514	-1.568296	118.876630	0.032229	1.7
1515	-0.853077	118.832487	0.005958	2.3
1516	-0.000000	118.788388	0.000000	1.8
1517	-0.199311	118.744332	0.003973	1.7
1518	-1.754315	118.700320	0.022616	1.8
1519	-1.436072	118.656352	0.016950	1.8
1520	-0.066002	118.612427	0.001555	2.4
1521	-1.452330	118.568545	0.016688	2.1
1522	-1.133234	118.524706	0.048717	2.8
1523	-0.000000	118.480911	0.000000	2.2
1524	-0.296499	118.437159	0.004323	2.0
1525	-1.866328	118.393450	0.029836	1.8
1526	-1.345254	118.349784	0.009494	1.7
1527	-1.620207	118.306160	0.013856	2.1
1528	-0.777413	118.262580	0.003730	2.0
1529	-0.934366	118.219042	0.005646	1.8
1530	-1.797638	118.175548	0.017284	1.9
1531	-1.268882	118.132095	0.041424	2.1
1532	-1.043421	118.088686	0.013736	1.7
1533	-0.000000	118.045319	0.000000	1.8
1534	-1.654836	118.001994	0.034240	2.0
1535	-1.574490	117.958712	0.022013	1.7
1536	-0.879083	117.915472	0.009461	2.2
1537	-1.456489	117.872274	0.007124	2.3
1538	-1.376970	117.829118	0.021542	2.0
1539	-0.000000	117.786005	0.000000	1.9
1540	-1.747131	117.742933	0.013707	1.7
1541	-1.058168	117.699904	0.006575	1.7
1542	-0.649116	117.656916	0.005943	1.7
1543	-1.865566	117.613971	0.006710	1.7
1544	-1.273775	117.571067	0.009980	2.2
1545	-0.883986	117.528205	0.009117	2.2
1546	-0.000003	117.485384	0.000000	2.2
1547	-1.173779	117.442605	0.004525	2.1
1548	-0.981117	117.399867	0.013724	2.1
1549	-0.000000	117.357171	0.000000	2.1
1550	-1.653239	117.314517	0.020578	2.0
1551	-1.422826	117.271903	0.067804	2.1
1552	-1.455825	117.229331	0.043193	2.1
1553	-0.000017	117.186800	0.000000	2.1
1554	-0.597179	117.144311	0.005159	2.1
1555	-1.353767	117.101862	0.019536	1.7
1556	-1.589961	117.059454	0.022720	2.0
1557	-1.168518	117.017087	0.003611	2.5
1558	-1.630500	116.974762	0.067862	2.2
1559	-1.014227	116.932476	0.005979	2.0
1560	-1.426161	116.890232	0.006579	1.9
1561	-1.209856	116.848028	0.034516	1.7
1562	-0.006411	116.805865	0.000411	2.1
1563	-1.443339	116.763743	0.003565	2.1
1564	-1.593513	116.721661	0.054348	2.2
1565	-1.327526	116.679619	0.002158	1.8
1566	-1.539848	116.637618	0.007906	1.8
1567	-1.060082	116.595657	0.005687	1.8
1568	-1.439453	116.553736	0.009164	1.8
1569	-1.757170	116.511855	0.004468	1.7
1570	-1.552739	116.470015	0.013791	2.0
1571	-1.711924	116.428214	0.048876	2.0
1572	-1.539002	116.386454	0.027428	2.1
1573	-0.000004	116.344733	0.000000	2.1
1574	-1.209414	116.303052	0.009801	2.1
1575	-1.351314	116.261412	0.004561	2.1
1576	-1.835059	116.219810	0.067744	2.1
1577	-1.280309	116.178249	0.004531	1.7
1578	-1.402461	116.136727	0.050083	1.8
1579	-1.556115	116.095245	0.010603	1.8
1580	-1.148371	116.053802	0.005769	1.7
1581	-0.019772	116.012398	0.001129	1.7
1582	-1.478315	115.971034	0.029681	1.7
1583	-1.333859	115.929710	0.007541	1.7
1584	-1.339778	115.888424	0.017266	1.7
1585	-1.261216	115.847178	0.005333	2.2
1586	-1.098721	115.805970	0.003769	1.8
1587	-1.053203	115.764802	0.018869	2.1
1588	-0.000000	115.723673	0.000000	2.1
1589	-1.563485	115.682583	0.012599	2.1
1590	-0.000001	115.641532	0.000000	1.7
1591	-1.569201	115.600519	0.101747	1.7
1592	-0.000000	115.559546	0.000000	2.1
1593	-1.528871	115.518610	0.085559	1.7
1594	-1.150389	115.477714	0.002503	1.8
1595	-1.124136	115.436856	0.010298	1.8
1596	-0.000000	115.396037	0.000000	1.7
1597	-0.433522	115.355256	0.006818	1.7
1598	-1.443558	115.314514	0.003582	1.7
1599	-0.000000	115.273810	0.000000	1.7
1600	-0.567617	115.233144	0.008871	1.7
1601	-1.700870	115.192517	0.008456	1.7
1602	-1.271180	115.151927	0.006182	1.7
1603	-0.000000	115.111376	0.000000	1.8
1604	-1.640319	115.070863	0.011708	1.7
1605	-1.715188	115.030388	0.020738	1.7
1606	-0.158564	114.989951	0.003928	2.0
1607	-1.134416	114.949551	0.001490	1.7
1608	-0.649987	114.909190	0.008087	1.7
1609	-1.447449	114.868866	0.007988	2.1
1610	-1.534848	114.828580	0.019367	1.7
1611	-1.490682	114.788332	0.048926	1.8
1612	-1.396776	114.748121	0.005804	1.7
1613	-0.349875	114.707948	0.005398	1.7
1614	-0.000015	114.667812	0.000000	2.1
1615	-1.549376	114.627714	0.014282	1.7
1616	-1.382430	114.587653	0.008045	1.7
1617	-0.000000	114.547629	0.000000	1.7
1618	-1.707303	114.507643	0.039136	1.8
1619	-1.583173	114.467693	0.039208	1.8
1620	-1.315964	114.427781	0.004299	1.8
1621	-1.787785	114.387907	0.019173	1.8
1622	-1.471743	114.348069	0.008288	1.9
1623	-1.463810	114.308268	0.011792	2.0
1624	-0.838760	114.268504	0.009942	1.8
1625	-1.004487	114.228777	0.018115	1.9
1626	-1.754110	114.189086	0.021693	2.0
1627	-1.062004	114.149433	0.005654	2.1
1628	-0.772889	114.109816	0.008042	2.1
1629	-1.689512	114.070235	0.106827	2.1
1630	-1.617921	114.030692	0.008271	2.1
1631	-1.700963	113.991185	0.014169	2.2
1632	-0.842944	113.951714	0.002872	2.0
1633	-0.302614	113.912280	0.005499	2.7
1634	-0.011737	113.872882	0.001601	2.3
1635	-1.587421	113.833521	0.003291	2.1
1636	-1.630270	113.794195	0.010352	1.8
1637	-1.370706	113.754906	0.035421	1.8
1638	-1.800273	113.715653	0.013386	2.2
1639	-0.921354	113.676437	0.005305	2.1
1640	-1.597469	113.637256	0.011364	1.8
1641	-0.420902	113.598111	0.007369	1.7
1642	-0.000000	113.559002	0.000000	1.8
1643	-1.270188	113.519929	0.009342	2.0
1644	-0.000000	113.480892	0.000000	1.9
1645	-1.185228	113.441891	0.002276	2.1
1646	-1.290398	113.402925	0.007832	1.7
1647	-1.171909	113.363995	0.015214	2.0
1648	-1.281435	113.325101	0.002735	1.9
1649	-1.767330	113.286242	0.023278	2.5
1650	-0.000000	113.247419	0.000000	1.9
1651	-1.687296	113.208631	0.064956	1.9
1652	-1.403864	113.169879	0.020541	2.1
1653	-1.362021	113.131162	0.010846	1.8
1654	-1.164508	113.092480	0.043745	1.9
1655	-1.137510	113.053833	0.007056	2.0
1656	-1.704124	113.015222	0.059636	1.8
1657	-1.495824	112.976646	0.007246	1.7
1658	-1.128875	112.938105	0.008687	1.7
1659	-1.751332	112.899599	0.040605	1.9
1660	-1.670339	112.861128	0.035431	1.8
1661	-0.000002	112.822692	0.000000	1.7
1662	-1.333539	112.784291	0.026716	1.9
1663	-0.000000	112.745924	0.000000	1.8
1664	-1.517281	112.707593	0.053040	2.1
1665	-0.000000	112.669296	0.000000	1.9
1666	-1.162418	112.631034	0.001602	2.3
1667	-1.459653	112.592806	0.063211	1.8
1668	-0.160552	112.554613	0.002057	1.7
1669	-0.798029	112.516455	0.002090	2.1
1670	-1.053843	112.478331	0.015608	2.1
1671	-1.425802	112.440241	0.078976	1.8
1672	-1.094554	112.402186	0.005409	2.0
1673	-1.219404	112.364165	0.004223	2.1
1674	-0.354266	112.326179	0.007724	1.9
1675	-1.201526	112.288227	0.004829	1.8
1676	-1.521456	112.250309	0.015180	1.7
1677	-1.535872	112.212425	0.011052	1.7
1678	-1.799247	112.174575	0.008387	1.9
1679	-1.382022	112.136759	0.026305	1.8
1680	-1.382698	112.098977	0.008530	2.0
1681	-1.372460	112.061229	0.006155	2.1
1682	-1.083550	112.023515	0.005968	1.7
1683	-0.000000	111.985834	0.000000	1.7
1684	-0.965059	111.948188	0.004626	1.8
1685	-1.380035	111.910575	0.008299	2.1
1686	-0.175463	111.872996	0.003797	2.2
1687	-0.000000	111.835450	0.000000	2.4
1688	-1.412671	111.797939	0.004558	2.7
1689	-0.427088	111.760460	0.005768	1.9
1690	-1.601266	111.723015	0.008335	1.7
1691	-1.850285	111.685604	0.011851	1.7
1692	-0.000014	111.648226	0.000000	1.7
1693	-0.111414	111.610881	0.004014	2.1
1694	-0.269673	111.573570	0.005059	2.1
1695	-1.598321	111.536292	0.021464	2.2
1696	-0.000000	111.499047	0.000000	1.9
1697	-0.560648	111.461835	0.005017	2.0
1698	-0.016434	111.424656	0.001101	1.9
1699	-0.545109	111.387510	0.005173	1.7
1700	-0.157640	111.350398	0.004468	1.8
1701	-1.531992	111.313318	0.017343	1.7
1702	-0.000000	111.276271	0.000000	1.8
1703	-0.960503	111.239257	0.006073	1.8
1704	-0.948958	111.202276	0.006940	1.9
1705	-1.674362	111.165328	0.030455	1.7
1706	-0.660946	111.128412	0.003438	2.0
1707	-1.454574	111.091529	0.005655	1.7
1708	-0.000019	111.054679	0.000006	1.8
1709	-1.577770	111.017861	0.016424	2.0
1710	-1.632589	110.981076	0.011501	1.9
1711	-0.770822	110.944323	0.003867	1.8
1712	-0.987675	110.907603	0.011782	2.0
1713	-1.817303	110.870915	0.038443	1.9
1714	-0.456194	110.834259	0.006077	2.1
1715	-1.503875	110.797636	0.047928	2.1
1716	-0.000000	110.761045	0.000000	2.8
1717	-1.422306	110.724486	0.021362	2.6
1718	-0.013376	110.687959	0.000783	1.8
1719	-1.364824	110.651465	0.046061	2.1
1720	-1.769062	110.615002	0.017421	1.9
1721	-1.276808	110.578572	0.005471	1.9
1722	-0.027468	110.542173	0.001840	2.1
1723	-1.292665	110.505807	0.030989	1.8
1724	-1.337897	110.469472	0.002862	2.3
1725	-1.101995	110.433169	0.008013	2.2
1726	-1.228389	110.396898	0.055223	1.7
1727	-0.094846	110.360659	0.002839	1.8
1728	-1.645576	110.324451	0.093871	1.7
1729	-1.222751	110.288276	0.007901	2.1
1730	-1.843906	110.252131	0.037635	2.8
1731	-1.612966	110.216019	0.022899	2.3
1732	-1.610810	110.179937	0.010450	1.8
1733	-1.303402	110.143888	0.007728	2.0
1734	-1.633690	110.107869	0.047256	1.9
1735	-1.221805	110.071882	0.034611	2.0
1736	-0.948367	110.035927	0.010896	2.0
1737	-1.212008	110.000003	0.009434	1.7
1738	-0.000000	109.964110	0.000000	2.0
1739	-1.793605	109.928248	0.006826	2.0
1740	-1.309027	109.892417	0.020429	1.9
1741	-1.247465	109.856618	0.022940	1.8
1742	-0.000002	109.820850	0.000000	1.9
1743	-0.000000	109.785112	0.000000	1.9
1744	-1.500435	109.749406	0.008471	1.7
1745	-1.437574	109.713730	0.006343	2.1
1746	-1.435703	109.678086	0.012115	2.2
1747	-0.914580	109.642472	0.004050	2.1
1748	-0.000004	109.606890	0.000003	1.7
1749	-1.444321	109.571337	0.004363	2.1
1750	-1.244067	109.535816	0.005307	2.2
1751	-0.000000	109.500326	0.000000	2.0
1752	-0.000000	109.464866	0.000000	1.9
1753	-0.884967	109.429436	0.013342	1.7
1754	-1.801730	109.394038	0.081127	2.0
1755	-1.336564	109.358669	0.003151	1.9
1756	-0.000000	109.323331	0.000000	2.1
1757	-0.722165	109.288024	0.003927	2.1
1758	-0.947754	109.252747	0.005327	2.3
1759	-1.495788	109.217501	0.024889	2.0
1760	-1.417009	109.182284	0.019519	1.7
1761	-1.571389	109.147098	0.017855	1.7
1762	-1.294023	109.111942	0.007200	2.5
1763	-1.719335	109.076817	0.010550	2.2
1764	-1.557855	109.041721	0.003696	2.2
1765	-0.000000	109.006656	0.000000	1.8
1766	-1.523675	108.971620	0.012297	1.9
1767	-1.282448	108.936615	0.001626	1.8
1768	-1.504327	108.901640	0.014180	2.0
1769	-0.000000	108.866694	0.000000	1.9
1770	-1.344029	108.831779	0.001933	2.7
1771	-1.726589	108.796893	0.008119	2.3
1772	-0.000000	108.762037	0.000000	2.7
1773	-1.353551	108.727211	0.005642	1.9
1774	-1.173436	108.692415	0.006788	1.6
1775	-0.086101	108.657648	0.001732	1.9
1776	-1.629230	108.622911	0.022647	1.9
1777	-0.129098	108.588203	0.005676	1.7
1778	-0.000000	108.553525	0.000000	1.8
1779	-1.454968	108.518877	0.084845	2.2
1780	-1.815792	108.484258	0.024863	1.8
1781	-1.217076	108.449668	0.014923	1.9
1782	-1.038835	108.415108	0.011693	1.8
1783	-0.558613	108.380578	0.008240	1.8
1784	-1.618029	108.346076	0.009253	1.7
1785	-1.392880	108.311604	0.003930	1.6
1786	-0.000000	108.277161	0.000000	2.0
1787	-1.744359	108.242747	0.028385	2.0
1788	-1.243071	108.208363	0.012651	1.9
1789	-1.156827	108.174007	0.011370	1.7
1790	-1.864294	108.139681	0.016823	1.9
1791	-1.286390	108.105383	0.006019	1.7
1792	-1.445523	108.071115	0.013724	2.3
1793	-1.604943	108.036875	0.045130	2.0
1794	-1.767050	108.002665	0.008565	2.0
1795	-0.000016	107.968483	0.000008	2.0
1796	-1.318987	107.934330	0.027692	1.9
1797	-1.140335	107.900206	0.003882	2.2
1798	-0.571848	107.866111	0.011365	1.9
1799	-1.521684	107.832044	0.070951	1.8
1800	-1.576471	107.798007	0.009263	1.7
1801	-1.425409	107.763997	0.007188	1.7
1802	-0.198824	107.730017	0.003879	1.7
1803	-1.583841	107.696065	0.029544	1.8
1804	-1.513522	107.662141	0.044813	2.0
1805	-0.968507	107.628246	0.007102	2.2
1806	-1.772162	107.594379	0.005575	1.8
1807	-1.623498	107.560541	0.043889	1.8
1808	-1.649397	107.526731	0.021781	1.9
1809	-0.717255	107.492949	0.005094	2.2
1810	-0.434346	107.459196	0.009036	1.7
1811	-1.467331	107.425471	0.007468	1.7
1812	-1.363848	107.391774	0.001899	1.9
1813	-0.496136	107.358106	0.005985	2.1
1814	-0.933820	107.324465	0.009412	1.8
1815	-0.225791	107.290853	0.004677	4.9
1816	-1.776641	107.257268	0.026154	1.9
1817	-1.581904	107.223712	0.006003	1.9
1818	-1.497728	107.190184	0.033160	1.9
1819	-1.113926	107.156683	0.003941	2.1
1820	-0.846374	107.123211	0.007762	1.9
1821	-1.607875	107.089766	0.096688	1.8
1822	-1.669737	107.056349	0.027100	2.3
1823	-1.525800	107.022960	0.009468	1.7
1824	-1.321751	106.989599	0.002648	1.8
1825	-0.000000	106.956265	0.000000	2.0
1826	-1.591186	106.922960	0.006249	1.7
1827	-1.551297	106.889681	0.006268	1.8
1828	-1.063734	106.856431	0.002691	1.8
1829	-0.791824	106.823208	0.003820	1.8
1830	-0.000000	106.790012	0.000000	1.7
1831	-1.406508	106.756844	0.003904	1.7
1832	-0.000000	106.723703	0.000000	1.6
1833	-0.874521	106.690590	0.004689	1.9
1834	-1.026580	106.657505	0.003323	1.7
1835	-0.000000	106.624446	0.000000	2.0
1836	-1.441350	106.591415	0.045264	1.9
1837	-1.284567	106.558411	0.013449	1.8
1838	-1.713558	106.525435	0.007926	2.2
1839	-1.529546	106.492485	0.067139	1.8
1840	-1.140369	106.459563	0.005040	1.7
1841	-0.478076	106.426668	0.006306	1.8
1842	-0.227967	106.393800	0.005946	1.7
1843	-1.666760	106.360959	0.015070	1.7
1844	-1.468061	106.328145	0.003955	1.8
1845	-0.043752	106.295358	0.001302	1.9
1846	-0.814877	106.262598	0.002301	2.1
1847	-1.589266	106.229865	0.093682	1.9
1848	-1.208355	106.197158	0.005242	1.8
1849	-0.000000	106.164479	0.000000	1.7
1850	-1.381998	106.131826	0.003876	1.7
1851	-1.636277	106.099201	0.032278	1.7
1852	-1.011171	106.066602	0.009919	2.1
1853	-1.364975	106.034029	0.005751	1.8
1854	-1.233385	106.001483	0.001784	2.2
1855	-0.788048	105.968964	0.004842	2.2
1856	-1.672517	105.936472	0.008945	1.9
1857	-1.265524	105.904006	0.011026	1.8
1858	-1.380243	105.871566	0.004871	1.7
1859	-1.358091	105.839153	0.022469	1.7
1860	-0.790649	105.806767	0.004936	1.9
1861	-1.300150	105.774407	0.013792	2.0
1862	-1.655488	105.742073	0.003779	1.7
1863	-1.400074	105.709766	0.067384	2.6
1864	-1.377300	105.677485	0.010130	2.0
1865	-0.000017	105.645230	0.000000	1.8
1866	-0.000000	105.613001	0.000000	1.7
1867	-0.000000	105.580799	0.000000	1.8
1868	-0.537061	105.548623	0.005455	2.4
1869	-1.162290	105.516473	0.002826	1.9
1870	-1.230031	105.484349	0.009471	2.0
1871	-1.877885	105.452251	0.021114	2.2
1872	-1.387639	105.420179	0.006064	1.9
1873	-0.713569	105.388133	0.006753	1.6
1874	-0.000000	105.356113	0.000000	1.7
1875	-1.427894	105.324119	0.009380	1.7
1876	-0.661775	105.292151	0.009810	1.7
1877	-1.560831	105.260209	0.011440	2.0
1878	-1.133786	105.228293	0.007469	1.7
1879	-1.767547	105.196402	0.010482	2.5
1880	-0.866140	105.164537	0.002511	1.9
1881	-1.138546	105.132698	0.015924	1.9
1882	-0.757220	105.100885	0.003625	1.9
1883	-1.580312	105.069097	0.046191	1.7
1884	-1.398761	105.037335	0.017138	1.8
1885	-1.095525	105.005598	0.002203	2.0
1886	-0.951215	104.973887	0.004031	1.6
1887	-0.909828	104.942202	0.006692	1.7
1888	-1.211830	104.910542	0.005413	1.9
1889	-1.404520	104.878907	0.009307	1.7
1890	-0.000000	104.847298	0.000000	1.7
1891	-1.439583	104.815715	0.009171	1.7
1892	-0.000000	104.784156	0.000000	1.9
1893	-0.000000	104.752623	0.000000	1.7
1894	-0.003449	104.721116	0.000116	1.7
1895	-1.345467	104.689633	0.004395	1.9
1896	-1.188710	104.658176	0.006445	1.9
1897	-1.630881	104.626744	0.015648	2.1
1898	-0.275177	104.595337	0.006883	2.1
1899	-0.000003	104.563955	0.000000	1.9
1900	-1.607489	104.532599	0.044367	1.8
1901	-0.000000	104.501267	0.000000	1.8
1902	-1.850348	104.469960	0.013496	2.0
1903	-1.364854	104.438679	0.007869	1.9
1904	-1.691000	104.407422	0.045195	1.7
1905	-0.961760	104.376191	0.003960	1.7
1906	-0.000000	104.344984	0.000000	1.9
1907	-1.504214	104.313802	0.016548	1.7
1908	-1.556856	104.282645	0.006801	1.7
1909	-1.588949	104.251513	0.002740	1.8
1910	-0.000009	104.220405	0.000003	1.7
1911	-1.103260	104.189323	0.003689	1.7
1912	-0.000000	104.158265	0.000000	2.4
1913	-1.565448	104.127231	0.033282	2.2
1914	-1.445799	104.096222	0.008510	2.2
1915	-1.477278	104.065238	0.058369	2.2
1916	-1.779128	104.034279	0.007477	1.8
1917	-0.467064	104.003344	0.010075	1.8
1918	-1.629519	103.972433	0.018229	1.8
1919	-0.021713	103.941547	0.001735	1.7
1920	-1.438003	103.910686	0.004344	1.9
1921	-1.697230	103.879849	0.006368	1.7
1922	-1.445902	103.849036	0.003713	1.8
1923	-0.000001	103.818248	0.000000	1.9
1924	-0.000000	103.787484	0.000000	1.8
1925	-0.000000	103.756744	0.000000	1.7
1926	-1.464941	103.726029	0.096587	1.7
1927	-1.632792	103.695338	0.068838	1.7
1928	-1.163185	103.664671	0.002826	1.7
1929	-0.789804	103.634028	0.009669	1.8
1930	-0.000000	103.603409	0.000000	1.9
1931	-1.868600	103.572814	0.016184	1.7
1932	-1.389252	103.542244	0.001775	2.0
1933	-1.307450	103.511698	0.004913	1.9
1934	-1.300253	103.481175	0.027643	2.1
1935	-0.518145	103.450677	0.003317	2.1
1936	-0.500123	103.420202	0.008216	2.3
1937	-1.483979	103.389752	0.006694	2.3
1938	-0.832983	103.359325	0.003012	2.2
1939	-0.000000	103.328922	0.000000	2.0
1940	-1.150852	103.298543	0.001846	2.6
1941	-1.776133	103.268188	0.046219	1.9
1942	-1.441610	103.237857	0.011565	1.8
1943	-1.059815	103.207549	0.002256	2.1
1944	-0.000482	103.177265	0.000145	1.9
1945	-0.000001	103.147005	0.000000	2.0
1946	-1.499099	103.116768	0.007771	1.7
1947	-1.581825	103.086556	0.029588	2.1
1948	-0.000000	103.056366	0.000000	2.4
1949	-1.086026	103.026200	0.004037	2.1
1950	-0.215952	102.996058	0.003957	2.2
1951	-1.535253	102.965939	0.021436	2.0
1952	-1.313535	102.935844	0.006843	1.9
1953	-0.960372	102.905772	0.018013	2.1
1954	-1.680801	102.875724	0.007620	1.7
1955	-1.509276	102.845699	0.009531	2.1
1956	-1.352601	102.815697	0.008526	1.9
1957	-1.342405	102.785719	0.008247	1.8
1958	-0.429568	102.755764	0.005904	1.8
1959	-0.914204	102.725832	0.002556	1.7
1960	-1.191521	102.695924	0.005510	1.9
1961	-1.545956	102.666038	0.046752	1.8
1962	-1.671360	102.636176	0.036498	1.7
1963	-1.602964	102.606337	0.030047	1.7
1964	-0.785070	102.576521	0.003923	1.6
1965	-0.958366	102.546728	0.003482	2.1
1966	-1.493048	102.516959	0.007655	2.0
1967	-0.062628	102.487212	0.003724	1.7
1968	-1.086435	102.457488	0.009812	1.9
1969	-1.415153	102.427788	0.007856	1.8
1970	-1.560465	102.398110	0.059685	1.7
1971	-0.126370	102.368455	0.005789	1.8
1972	-0.000000	102.338823	0.000000	1.8
1973	-1.779202	102.309214	0.026535	1.8
1974	-0.497815	102.279628	0.004962	2.0
1975	-0.380207	102.250064	0.005018	1.7
1976	-1.484048	102.220524	0.002301	1.7
1977	-0.729026	102.191006	0.002547	1.7
1978	-0.000000	102.161511	0.000000	1.8
1979	-1.025010	102.132038	0.004878	1.6
1980	-1.637147	102.102588	0.024138	1.8
1981	-1.009296	102.073161	0.014212	1.7
1982	-0.483680	102.043757	0.005342	1.7
1983	-1.241863	102.014375	0.018596	1.9
1984	-1.732055	101.985015	0.008046	2.0
1985	-1.651688	101.955678	0.056424	1.8
1986	-1.394648	101.926364	0.005346	1.9
1987	-1.513648	101.897072	0.018657	1.8
1988	-1.317228	101.867802	0.003174	1.8
1989	-1.380900	101.838555	0.021488	1.9
1990	-0.000001	101.809330	0.000000	2.3
1991	-1.656112	101.780128	0.007739	2.3
1992	-0.728659	101.750948	0.007181	2.4
1993	-1.462699	101.721790	0.012854	2.2
1994	-1.850369	101.692654	0.010085	2.2
1995	-1.390537	101.663541	0.003498	1.9
1996	-0.681506	101.634450	0.002771	1.9
1997	-1.094167	101.605381	0.003541	1.8
1998	-0.284193	101.576335	0.007443	1.8
1999	-1.473987	101.547310	0.019326	2.4
