1:ItNr	2:Metric	3:StepSize	4:||Gradient||	Time[ms]
0	-1.437348	627.201626	0.030283	1563.9
1	-0.479619	623.504937	0.005908	3.0
2	-0.958209	619.865785	0.007967	3.3
3	-1.170413	616.282728	0.009407	3.3
4	-0.233779	612.754375	0.003934	3.0
5	-1.127824	609.279381	0.009929	3.1
6	-1.279349	605.856447	0.030550	3.4
7	-0.023687	602.484317	0.000295	3.5
8	-1.198749	599.161779	0.009066	3.3
9	-1.017888	595.887656	0.010195	3.0
10	-0.730445	592.660813	0.008402	3.1
11	-0.969739	589.480151	0.006267	3.1
12	-1.282889	586.344606	0.011576	3.0
13	-0.127974	583.253145	0.002446	3.1
14	-1.457814	580.204771	0.046302	3.0
15	-0.976928	577.198517	0.004337	3.1
16	-1.347874	574.233444	0.021467	3.1
17	-1.039400	571.308645	0.005625	3.0
18	-1.188962	568.423237	0.028937	3.3
19	-1.432663	565.576365	0.015780	3.0
20	-0.000000	562.767201	0.000000	3.1
21	-0.557576	559.994938	0.004244	3.0
22	-1.208662	557.258797	0.017002	3.1
23	-1.253885	554.558018	0.019670	3.3
24	-0.878917	551.891865	0.010377	3.7
25	-1.195123	549.259621	0.003971	3.3
26	-1.244764	546.660592	0.008163	3.7
27	-1.083538	544.094102	0.002932	3.7
28	-0.266642	541.559494	0.001272	3.1
29	-1.524991	539.056129	0.017650	3.0
30	-0.009993	536.583387	0.001083	3.3
31	-1.461405	534.140663	0.033228	3.6
32	-0.334469	531.727370	0.005975	3.3
33	-0.854768	529.342935	0.006254	3.0
34	-1.204790	526.986802	0.034895	3.1
35	-0.503436	524.658430	0.001588	3.2
36	-0.000000	522.357290	0.000000	3.2
37	-0.185990	520.082868	0.003849	3.3
38	-1.327600	517.834665	0.016551	3.2
39	-1.427932	515.612193	0.016506	3.1
40	-1.208777	513.414976	0.021112	3.0
41	-0.000000	511.242551	0.000000	3.0
42	-0.918774	509.094468	0.002427	3.4
43	-1.326827	506.970285	0.006473	3.0
44	-0.408855	504.869574	0.003062	3.5
45	-0.184216	502.791916	0.003613	3.0
46	-0.000094	500.736903	0.000079	3.1
47	-0.921195	498.704137	0.030507	3.1
48	-0.609046	496.693228	0.003031	3.4
49	-0.347394	494.703798	0.003377	3.0
50	-0.588778	492.735476	0.011178	3.0
51	-0.000000	490.787900	0.000000	3.1
52	-1.085276	488.860718	0.035366	3.2
53	-0.961254	486.953585	0.003787	3.3
54	-0.411301	485.066164	0.007840	3.3
55	-1.533741	483.198126	0.061460	3.7
56	-0.000000	481.349149	0.000000	3.0
57	-1.189046	479.518920	0.003870	3.0
58	-1.146460	477.707132	0.032922	3.0
59	-0.830613	475.913485	0.004482	3.1
60	-0.023881	474.137684	0.001621	3.1
61	-1.249809	472.379445	0.003160	3.0
62	-0.000005	470.638485	0.000000	3.1
63	-0.612265	468.914531	0.004642	3.0
64	-1.132205	467.207315	0.008222	3.1
65	-0.999104	465.516573	0.051229	3.0
66	-0.067138	463.842050	0.001707	3.1
67	-0.891420	462.183494	0.002368	3.1
68	-0.868547	460.540658	0.004229	3.2
69	-0.465090	458.913303	0.009501	3.7
70	-1.327192	457.301192	0.015268	3.0
71	-1.344512	455.704096	0.012434	3.4
72	-1.115757	454.121787	0.005015	3.4
73	-1.243780	452.554045	0.035555	3.0
74	-1.117786	451.000653	0.030234	3.0
75	-1.110254	449.461399	0.006367	3.4
76	-0.000000	447.936075	0.000000	3.4
77	-0.386148	446.424477	0.002134	3.2
78	-0.360186	444.926406	0.009695	3.1
79	-1.394994	443.441666	0.010034	3.0
80	-1.393460	441.970065	0.036468	3.1
81	-1.552893	440.511415	0.014328	3.6
82	-1.243233	439.065533	0.013018	3.5
83	-0.963640	437.632238	0.002835	3.1
84	-1.063146	436.211351	0.011294	3.3
85	-1.025727	434.802701	0.039123	3.0
86	-1.484310	433.406117	0.019905	3.7
87	-1.147119	432.021430	0.010818	3.2
88	-1.035563	430.648479	0.003626	3.0
89	-1.502407	429.287101	0.054162	3.1
90	-0.000002	427.937140	0.000000	3.1
91	-0.000001	426.598440	0.000000	3.6
92	-1.238442	425.270849	0.043324	3.0
93	-0.000000	423.954220	0.000000	3.1
94	-1.269846	422.648404	0.019856	3.1
95	-0.000000	421.353259	0.000000	3.4
96	-0.000000	420.068643	0.000000	3.3
97	-0.000000	418.794419	0.000000	2.9
98	-1.410689	417.530451	0.065395	3.1
99	-1.471692	416.276604	0.006551	3.0
100	-1.150692	415.032748	0.005019	3.0
101	-1.310358	413.798754	0.043658	3.5
102	-1.186320	412.574495	0.016286	3.4
103	-0.000000	411.359849	0.000000	3.1
104	-1.379229	410.154691	0.022267	3.0
105	-1.072261	408.958904	0.013245	3.2
106	-1.218007	407.772368	0.003236	3.4
107	-1.204216	406.594968	0.023151	3.0
108	-0.869808	405.426590	0.035644	3.2
109	-1.169514	404.267122	0.029219	3.1
110	-1.215394	403.116456	0.027978	3.3
111	-1.362533	401.974481	0.013088	3.0
112	-1.302545	400.841093	0.008007	3.3
113	-1.216205	399.716187	0.023732	3.6
114	-0.853787	398.599660	0.006616	3.3
115	-1.320301	397.491411	0.015148	3.2
116	-0.542526	396.391342	0.001542	3.6
117	-0.323545	395.299353	0.009369	3.0
118	-1.146364	394.215350	0.030086	3.1
119	-1.627797	393.139238	0.037544	3.1
120	-1.487955	392.070924	0.038513	3.0
121	-0.581287	391.010316	0.018361	3.1
122	-0.015757	389.957325	0.000618	3.1
123	-1.351084	388.911862	0.012520	3.0
124	-0.997694	387.873839	0.003669	3.1
125	-1.225129	386.843173	0.005421	3.0
126	-0.392248	385.819777	0.010313	3.0
127	-1.035239	384.803569	0.034848	3.1
128	-0.044470	383.794468	0.001752	3.0
129	-1.198435	382.792393	0.020281	3.1
130	-1.005184	381.797264	0.040448	3.2
131	-1.635083	380.809005	0.021696	3.2
132	-1.004589	379.827537	0.034778	3.1
133	-0.523995	378.852786	0.004780	3.6
134	-1.311816	377.884678	0.010016	3.5
135	-0.691350	376.923138	0.003248	3.7
136	-0.952394	375.968095	0.004315	3.1
137	-1.191643	375.019479	0.009421	3.3
138	-1.217917	374.077218	0.035613	3.7
139	-1.303756	373.141244	0.024433	4.0
140	-0.994267	372.211489	0.007249	4.0
141	-1.324378	371.287887	0.002139	3.3
142	-1.047605	370.370370	0.031363	3.6
143	-0.822765	369.458876	0.013562	3.5
144	-1.111835	368.553338	0.034700	3.8
145	-1.344936	367.653696	0.020804	3.3
146	-0.704880	366.759885	0.005298	4.0
147	-0.000000	365.871846	0.000000	3.1
148	-1.089010	364.989518	0.015029	3.3
149	-1.381201	364.112841	0.029913	3.1
150	-0.242339	363.241757	0.003262	3.9
151	-0.000000	362.376208	0.000000	4.2
152	-0.871857	361.516137	0.008903	3.3
153	-0.545628	360.661488	0.002943	3.4
154	-1.447117	359.812206	0.033689	3.0
155	-1.369221	358.968236	0.013458	3.3
156	-1.325344	358.129524	0.058419	3.4
157	-0.758362	357.296018	0.038174	3.0
158	-0.038491	356.467665	0.002353	3.0
159	-1.217066	355.644414	0.005396	3.2
160	-1.125559	354.826213	0.035431	3.1
161	-0.801246	354.013012	0.005921	3.7
162	-0.000000	353.204763	0.000000	3.0
163	-0.707119	352.401415	0.004291	3.1
164	-1.167281	351.602922	0.019270	3.4
165	-1.003561	350.809235	0.004544	3.1
166	-1.141859	350.020308	0.005905	3.4
167	-1.441766	349.236095	0.026531	3.0
168	-1.256750	348.456550	0.035961	3.5
169	-1.175440	347.681627	0.008229	3.3
170	-1.047989	346.911283	0.008288	3.4
171	-1.103205	346.145474	0.014877	3.2
172	-0.246445	345.384157	0.005538	3.2
173	-1.079748	344.627288	0.039542	3.9
174	-1.131479	343.874826	0.012487	3.7
175	-0.922442	343.126729	0.009021	3.7
176	-0.958317	342.382957	0.013782	3.6
177	-1.602352	341.643469	0.025771	3.2
178	-1.259776	340.908224	0.016587	3.0
179	-1.397228	340.177184	0.008715	3.5
180	-1.545466	339.450309	0.050083	3.4
181	-0.941168	338.727561	0.003665	3.0
182	-1.454107	338.008902	0.020159	3.1
183	-0.046732	337.294295	0.001579	3.0
184	-1.077105	336.583703	0.003711	3.1
185	-0.579366	335.877089	0.002267	3.8
186	-1.310083	335.174416	0.028628	3.3
187	-0.958508	334.475651	0.003892	3.2
188	-0.000000	333.780756	0.000000	3.2
189	-0.075523	333.089698	0.002741	3.6
190	-0.000000	332.402443	0.000000	6.2
191	-0.962734	331.718955	0.004644	4.0
192	-0.993913	331.039203	0.006780	3.4
193	-0.000000	330.363153	0.000000	3.0
194	-0.600421	329.690771	0.003723	3.4
195	-1.395820	329.022027	0.016040	3.5
196	-1.140498	328.356888	0.033264	3.0
197	-1.115772	327.695322	0.004427	3.0
198	-0.894931	327.037299	0.005997	3.1
199	-0.336057	326.382787	0.003731	3.3
200	-0.831030	325.731758	0.014914	3.3
201	-0.000000	325.084179	0.000000	3.2
202	-0.141846	324.440023	0.003713	3.1
203	-1.245179	323.799258	0.040430	3.2
204	-0.839702	323.161858	0.041169	3.8
205	-0.000000	322.527792	0.000000	3.2
206	-1.196473	321.897034	0.026427	2.9
207	-1.049468	321.269554	0.004511	3.0
208	-1.199468	320.645325	0.035004	3.0
209	-1.420672	320.024320	0.011490	3.6
210	-1.194684	319.406512	0.007995	3.1
211	-1.555620	318.791875	0.020363	3.6
212	-0.861660	318.180381	0.020796	3.1
213	-0.012980	317.572005	0.001488	3.5
214	-1.207744	316.966721	0.020256	3.8
215	-0.210456	316.364504	0.003240	3.4
216	-0.902122	315.765329	0.002771	3.1
217	-1.248194	315.169170	0.008895	3.3
218	-1.420975	314.576003	0.005604	3.1
219	-1.127673	313.985804	0.030786	3.6
220	-1.083132	313.398548	0.033467	3.0
221	-0.043759	312.814213	0.000827	3.0
222	-0.722876	312.232773	0.003083	3.0
223	-0.952649	311.654207	0.027703	3.1
224	-1.325152	311.078491	0.006297	3.6
225	-0.000000	310.505602	0.000000	3.1
226	-0.930652	309.935518	0.010892	3.1
227	-1.239148	309.368217	0.020548	3.6
228	-1.247831	308.803676	0.011924	3.6
229	-1.024008	308.241874	0.004695	3.3
230	-1.029574	307.682789	0.006575	3.1
231	-0.778657	307.126400	0.004915	3.2
232	-0.836547	306.572687	0.011249	3.2
233	-0.927089	306.021627	0.034490	3.5
234	-1.166908	305.473201	0.052343	3.5
235	-0.000000	304.927388	0.000000	3.4
236	-1.303487	304.384168	0.008645	3.0
237	-0.359309	303.843521	0.005845	3.0
238	-1.063717	303.305427	0.009110	3.2
239	-1.045700	302.769867	0.016668	3.5
240	-0.990729	302.236821	0.003768	3.4
241	-1.497450	301.706270	0.021431	3.5
242	-0.926799	301.178196	0.025638	3.8
243	-0.336957	300.652580	0.004639	3.2
244	-1.151952	300.129402	0.002419	4.1
245	-1.325477	299.608645	0.002568	3.5
246	-0.000004	299.090291	0.000000	3.0
247	-1.327915	298.574321	0.035921	3.3
248	-1.294018	298.060718	0.036635	3.0
249	-1.023796	297.549465	0.041576	3.4
250	-1.150028	297.040543	0.005144	3.2
251	-1.089174	296.533936	0.013818	3.3
252	-0.000000	296.029626	0.000000	3.3
253	-0.637157	295.527597	0.026639	3.2
254	-0.809213	295.027832	0.004024	3.4
255	-0.000000	294.530315	0.000000	3.3
256	-0.000000	294.035028	0.000000	3.1
257	-1.269960	293.541956	0.038387	3.2
258	-0.000341	293.051083	0.000015	3.4
259	-1.267949	292.562393	0.004914	3.2
260	-0.382777	292.075870	0.002483	3.5
261	-0.899659	291.591498	0.011174	3.8
262	-1.393950	291.109263	0.039523	3.5
263	-0.766170	290.629149	0.008005	3.6
264	-0.862213	290.151140	0.001467	3.1
265	-0.684944	289.675222	0.003204	3.1
266	-0.974893	289.201380	0.008881	3.0
267	-0.000000	288.729600	0.000000	3.6
268	-1.195639	288.259866	0.010123	3.8
269	-1.225743	287.792165	0.008594	4.2
270	-0.874621	287.326481	0.007364	3.2
271	-0.999722	286.862802	0.045145	3.2
272	-1.047994	286.401113	0.007206	3.4
273	-1.588451	285.941400	0.007495	3.1
274	-1.543847	285.483649	0.047251	3.4
275	-0.000000	285.027847	0.000000	3.5
276	-1.354883	284.573981	0.017116	3.1
277	-0.119366	284.122037	0.003523	3.9
278	-1.384906	283.672002	0.020882	3.0
279	-0.449383	283.223863	0.003889	3.5
280	-0.653218	282.777607	0.007205	3.1
281	-0.413570	282.333221	0.002750	3.3
282	-1.292144	281.890692	0.021911	3.5
283	-1.298610	281.450008	0.013274	3.5
284	-1.104653	281.011157	0.023350	3.1
285	-1.161583	280.574125	0.043499	3.5
286	-1.164274	280.138901	0.022419	3.5
287	-1.056312	279.705473	0.007354	3.6
288	-1.273926	279.273829	0.011776	3.3
289	-0.000000	278.843956	0.000000	3.9
290	-1.254084	278.415844	0.011825	3.3
291	-1.351341	277.989479	0.030530	3.5
292	-1.051045	277.564851	0.006431	3.6
293	-0.000000	277.141949	0.000000	3.7
294	-0.032873	276.720761	0.001869	3.4
295	-1.323278	276.301275	0.052025	3.1
296	-1.064622	275.883480	0.036057	3.3
297	-0.985844	275.467366	0.002279	3.9
298	-0.687386	275.052922	0.011296	3.3
299	-0.000001	274.640136	0.000000	3.1
300	-0.939083	274.228998	0.034311	3.2
301	-0.549924	273.819497	0.010596	3.2
302	-0.000000	273.411623	0.000000	3.6
303	-1.617157	273.005365	0.030706	3.0
304	-0.187342	272.600712	0.001881	3.1
305	-1.470629	272.197655	0.047508	3.1
306	-0.000000	271.796184	0.000000	3.3
307	-1.506373	271.396287	0.009701	3.9
308	-0.000000	270.997956	0.000000	3.0
309	-1.140272	270.601180	0.013946	3.0
310	-0.696764	270.205949	0.005155	3.2
311	-1.344390	269.812254	0.015331	3.4
312	-1.012391	269.420085	0.020694	3.6
313	-0.673313	269.029432	0.018598	3.7
314	-1.268045	268.640287	0.018786	3.2
315	-0.850845	268.252638	0.004187	3.5
316	-1.250849	267.866478	0.009440	3.5
317	-0.086953	267.481796	0.001714	5.8
318	-0.000000	267.098584	0.000000	3.7
319	-0.252251	266.716833	0.002822	3.6
320	-0.818615	266.336533	0.003742	3.8
321	-1.389198	265.957676	0.018757	3.5
322	-0.239667	265.580253	0.002533	3.4
323	-1.345574	265.204254	0.013463	3.6
324	-1.166795	264.829672	0.046115	3.4
325	-0.435123	264.456497	0.008997	3.5
326	-0.971735	264.084721	0.008372	3.5
327	-0.839028	263.714335	0.009015	3.7
328	-1.070671	263.345332	0.004136	3.3
329	-1.421878	262.977702	0.010322	3.7
330	-0.886649	262.611438	0.004007	3.3
331	-0.840735	262.246531	0.006483	3.5
332	-1.144500	261.882973	0.004611	3.2
333	-1.436871	261.520756	0.021539	3.2
334	-0.905335	261.159871	0.009812	3.6
335	-1.302551	260.800312	0.017774	3.1
336	-1.539515	260.442070	0.038120	3.4
337	-1.037295	260.085137	0.040080	3.4
338	-1.135309	259.729505	0.011758	3.3
339	-0.080778	259.375167	0.001186	3.8
340	-0.000003	259.022116	0.000000	3.2
341	-1.160148	258.670343	0.033472	3.6
342	-0.000000	258.319841	0.000000	3.6
343	-1.289205	257.970602	0.015582	3.7
344	-1.251642	257.622620	0.036664	4.0
345	-0.000000	257.275887	0.000000	5.4
346	-1.093346	256.930396	0.008064	4.1
347	-0.194115	256.586139	0.002357	3.3
348	-0.963637	256.243109	0.004814	3.6
349	-1.139398	255.901300	0.035561	3.8
350	-0.000000	255.560703	0.000000	3.0
351	-1.345440	255.221313	0.018439	3.0
352	-1.066747	254.883122	0.033829	3.3
353	-1.221322	254.546124	0.006614	3.5
354	-0.000017	254.210311	0.000020	3.1
355	-1.204150	253.875677	0.002872	3.6
356	-0.775054	253.542215	0.013242	3.1
357	-1.442500	253.209918	0.011895	4.0
358	-0.000000	252.878781	0.000000	3.7
359	-1.331577	252.548795	0.033903	3.2
360	-1.383096	252.219956	0.007565	3.2
361	-1.344376	251.892255	0.042779	3.4
362	-1.324034	251.565688	0.045493	3.9
363	-0.262719	251.240247	0.004096	3.0
364	-0.000003	250.915926	0.000000	3.4
365	-0.221439	250.592720	0.002718	3.0
366	-1.264741	250.270621	0.002652	3.5
367	-1.299171	249.949624	0.007266	3.4
368	-0.000004	249.629723	0.000003	3.5
369	-1.073634	249.310911	0.003098	3.2
370	-0.031491	248.993182	0.001907	3.0
371	-0.399498	248.676531	0.003912	3.0
372	-0.961081	248.360952	0.006041	3.1
373	-1.100219	248.046438	0.074993	3.1
374	-0.644048	247.732984	0.003555	3.1
375	-1.278516	247.420584	0.008404	3.2
376	-1.608820	247.109233	0.014028	3.2
377	-0.000000	246.798924	0.000000	4.0
378	-1.352540	246.489652	0.019334	3.7
379	-0.000000	246.181412	0.000000	3.6
380	-0.837390	245.874197	0.006585	3.6
381	-0.866746	245.568002	0.011842	3.4
382	-0.680228	245.262822	0.013690	3.7
383	-1.065361	244.958652	0.004764	3.3
384	-0.447534	244.655485	0.007954	3.6
385	-0.000000	244.353317	0.000000	3.3
386	-1.032791	244.052142	0.002961	3.8
387	-1.115213	243.751955	0.011120	4.0
388	-0.769826	243.452750	0.008405	3.1
389	-1.153274	243.154523	0.013371	3.6
390	-0.805936	242.857268	0.036570	3.7
391	-1.269195	242.560980	0.028573	4.0
392	-0.725340	242.265654	0.005497	3.5
393	-0.000000	241.971285	0.000000	3.4
394	-0.845209	241.677868	0.007170	3.1
395	-1.413346	241.385397	0.023679	3.3
396	-1.496773	241.093869	0.036858	3.7
397	-1.127411	240.803278	0.033693	3.3
398	-1.133239	240.513619	0.013524	3.2
399	-1.464723	240.224887	0.034936	3.1
400	-0.000000	239.937077	0.000000	3.6
401	-0.000002	239.650186	0.000000	3.6
402	-0.346065	239.364207	0.003115	3.2
403	-0.159197	239.079136	0.003771	3.2
404	-1.321661	238.794969	0.013296	3.2
405	-0.000000	238.511701	0.000000	3.5
406	-1.403405	238.229327	0.017314	3.0
407	-1.293081	237.947843	0.035653	3.0
408	-1.191829	237.667244	0.020265	3.0
409	-0.000000	237.387526	0.000000	3.4
410	-0.857933	237.108684	0.006040	3.2
411	-0.000004	236.830714	0.000002	3.1
412	-0.921188	236.553610	0.006988	3.2
413	-0.063659	236.277370	0.000655	2.9
414	-0.717026	236.001989	0.007192	3.1
415	-0.443300	235.727461	0.003072	3.5
416	-1.647414	235.453784	0.011410	3.3
417	-1.323436	235.180952	0.019835	3.1
418	-1.538048	234.908962	0.029280	3.0
419	-1.267645	234.637809	0.007674	3.4
420	-1.018121	234.367488	0.006762	3.0
421	-1.345094	234.097997	0.012729	3.5
422	-0.628715	233.829331	0.007343	3.3
423	-1.467270	233.561485	0.019284	3.6
424	-0.000000	233.294456	0.000000	3.4
425	-0.000000	233.028239	0.000000	3.4
426	-0.994500	232.762831	0.010371	3.3
427	-1.367681	232.498228	0.006603	3.1
428	-1.315706	232.234425	0.035741	3.5
429	-0.000000	231.971419	0.000000	3.2
430	-1.148508	231.709205	0.047218	3.4
431	-1.384504	231.447781	0.021018	3.2
432	-1.064829	231.187141	0.040831	6.9
433	-0.000004	230.927283	0.000000	3.7
434	-0.745044	230.668202	0.005364	4.0
435	-0.743990	230.409895	0.014804	3.3
436	-0.005531	230.152358	0.000617	3.0
437	-0.000000	229.895587	0.000000	3.3
438	-0.000000	229.639578	0.000000	3.1
439	-1.438122	229.384329	0.037843	3.3
440	-0.000000	229.129834	0.000000	3.1
441	-1.103733	228.876091	0.004544	3.1
442	-1.149469	228.623096	0.009464	3.3
443	-0.211889	228.370846	0.002925	3.1
444	-0.731668	228.119336	0.003630	3.4
445	-0.827707	227.868563	0.003111	3.1
446	-0.000000	227.618525	0.000000	3.1
447	-1.437471	227.369216	0.018422	3.2
448	-0.901151	227.120635	0.003010	3.4
449	-0.297620	226.872777	0.006091	3.2
450	-0.918243	226.625638	0.002203	3.6
451	-1.075917	226.379217	0.019321	3.4
452	-1.171103	226.133509	0.025927	3.4
453	-0.000000	225.888510	0.000000	3.5
454	-1.264584	225.644218	0.005073	3.8
455	-1.158161	225.400630	0.041636	3.5
456	-1.330763	225.157741	0.006242	3.0
457	-1.295738	224.915549	0.011122	4.1
458	-0.255712	224.674051	0.005637	3.8
459	-0.372365	224.433242	0.002882	3.1
460	-1.330442	224.193121	0.030223	3.6
461	-0.000000	223.953684	0.000000	3.2
462	-1.079124	223.714927	0.006617	3.1
463	-0.000000	223.476848	0.000000	3.3
464	-0.000184	223.239444	0.000010	3.1
465	-0.451604	223.002710	0.006257	3.9
466	-1.139079	222.766645	0.005361	3.0
467	-0.852445	222.531245	0.028788	3.0
468	-0.000000	222.296508	0.000000	3.4
469	-0.011137	222.062429	0.000119	3.2
470	-0.589607	221.829007	0.002774	3.4
471	-0.000000	221.596238	0.000000	3.5
472	-0.778684	221.364119	0.002662	3.3
473	-1.364681	221.132647	0.031706	3.5
474	-1.425534	220.901820	0.028491	3.4
475	-1.363055	220.671634	0.007021	3.6
476	-1.251117	220.442086	0.002925	3.8
477	-1.556277	220.213174	0.021085	3.5
478	-0.498171	219.984895	0.006003	3.8
479	-0.000000	219.757246	0.000000	3.6
480	-1.630278	219.530224	0.013611	3.6
481	-0.408615	219.303826	0.005847	3.5
482	-1.420572	219.078050	0.044075	4.2
483	-0.767909	218.852893	0.011933	3.3
484	-0.273784	218.628352	0.003243	3.2
485	-0.465800	218.404424	0.004440	3.7
486	-0.544110	218.181106	0.006269	3.4
487	-1.405756	217.958397	0.012794	4.0
488	-0.695779	217.736292	0.003254	6.0
489	-0.736645	217.514790	0.008572	3.4
490	-0.000000	217.293888	0.000000	3.5
491	-0.920497	217.073584	0.002364	3.9
492	-0.000000	216.853873	0.000000	3.5
493	-1.217010	216.634755	0.005054	3.7
494	-1.410852	216.416227	0.013014	3.8
495	-0.643669	216.198285	0.003280	3.8
496	-0.700360	215.980927	0.003555	3.9
497	-1.084887	215.764151	0.008565	3.0
498	-1.343848	215.547955	0.004928	3.6
499	-1.373226	215.332335	0.031599	3.8
500	-1.281123	215.117289	0.034113	3.8
501	-0.762123	214.902815	0.002778	3.7
502	-1.340947	214.688911	0.007874	3.4
503	-1.420286	214.475573	0.021138	3.6
504	-1.345820	214.262800	0.035314	3.6
505	-1.197002	214.050588	0.046144	3.4
506	-0.196899	213.838936	0.003618	3.3
507	-0.872436	213.627842	0.022990	3.2
508	-1.124703	213.417302	0.004278	3.3
509	-0.011889	213.207314	0.000499	3.3
510	-0.984766	212.997877	0.019553	3.2
511	-0.755218	212.788987	0.005791	3.2
512	-1.172747	212.580642	0.014103	3.5
513	-0.000005	212.372841	0.000000	3.5
514	-0.768639	212.165581	0.002117	3.9
515	-0.000000	211.958859	0.000000	6.1
516	-0.084935	211.752673	0.002524	4.3
517	-1.069087	211.547021	0.046147	3.5
518	-1.409708	211.341902	0.003078	3.6
519	-1.329225	211.137311	0.026689	3.4
520	-0.455512	210.933248	0.008520	3.6
521	-1.214298	210.729710	0.031677	3.2
522	-1.033849	210.526695	0.004239	3.3
523	-0.660908	210.324200	0.016656	3.7
524	-0.776419	210.122224	0.003386	3.8
525	-0.888090	209.920765	0.023745	3.5
526	-1.100693	209.719820	0.005080	3.8
527	-1.002757	209.519387	0.009843	4.2
528	-1.465469	209.319463	0.011608	3.4
529	-0.825396	209.120048	0.002939	3.7
530	-1.388986	208.921139	0.005350	3.7
531	-0.047374	208.722733	0.001547	4.1
532	-1.392579	208.524829	0.013976	3.6
533	-1.508956	208.327425	0.010571	3.6
534	-0.000000	208.130518	0.000000	3.5
535	-1.278915	207.934107	0.028455	3.5
536	-0.000000	207.738189	0.000000	3.7
537	-1.427385	207.542762	0.018052	3.5
538	-1.229125	207.347825	0.001653	3.4
539	-1.441485	207.153376	0.009222	3.4
540	-0.000000	206.959412	0.000000	4.2
541	-0.951788	206.765932	0.011347	6.5
542	-1.499958	206.572933	0.016109	4.3
543	-0.965660	206.380414	0.013325	3.4
544	-0.860157	206.188373	0.022964	3.9
545	-0.755249	205.996807	0.007181	3.4
546	-0.799272	205.805716	0.007890	3.3
547	-1.270315	205.615096	0.025026	3.4
548	-1.027755	205.424946	0.006103	3.6
549	-1.023174	205.235265	0.003644	3.6
550	-0.294525	205.046050	0.004108	3.3
551	-1.060505	204.857299	0.010853	3.4
552	-1.174500	204.669011	0.033157	3.5
553	-0.835336	204.481184	0.021051	3.8
554	-0.448400	204.293816	0.006190	3.5
555	-1.066670	204.106905	0.005062	3.5
556	-0.874075	203.920449	0.022021	3.1
557	-1.163025	203.734447	0.032694	3.7
558	-1.125246	203.548896	0.026721	3.8
559	-1.334712	203.363795	0.018675	3.7
560	-0.000000	203.179143	0.000000	3.6
561	-1.197086	202.994937	0.050617	3.3
562	-1.198466	202.811176	0.029952	3.2
563	-0.000000	202.627857	0.000000	3.3
564	-0.000003	202.444980	0.000000	3.3
565	-1.495241	202.262543	0.047711	3.2
566	-0.000000	202.080543	0.000000	3.1
567	-1.221108	201.898979	0.011772	3.0
568	-0.000000	201.717849	0.000000	3.5
569	-1.297213	201.537153	0.017623	3.3
570	-1.193513	201.356887	0.020261	3.9
571	-0.491605	201.177050	0.003562	3.7
572	-0.014520	200.997642	0.002144	4.3
573	-0.991223	200.818659	0.004833	3.7
574	-1.258509	200.640100	0.014501	3.4
575	-0.041228	200.461965	0.001346	3.2
576	-1.418556	200.284250	0.009210	3.0
577	-0.724572	200.106955	0.002295	3.6
578	-1.475000	199.930078	0.015428	3.1
579	-1.350704	199.753617	0.012073	3.1
580	-1.240743	199.577571	0.005536	3.3
581	-1.412399	199.401938	0.026850	3.0
582	-1.252414	199.226717	0.011820	3.3
583	-1.319960	199.051905	0.014762	3.4
584	-1.405841	198.877502	0.014867	3.4
585	-1.092209	198.703506	0.005912	3.2
586	-1.201569	198.529916	0.054346	3.3
587	-0.000000	198.356729	0.000000	3.7
588	-1.316224	198.183944	0.030035	3.5
589	-0.000000	198.011560	0.000000	3.0
590	-0.511447	197.839576	0.003633	3.6
591	-1.427634	197.667989	0.020972	3.2
592	-1.117791	197.496798	0.012486	3.6
593	-0.000000	197.326002	0.000000	3.3
594	-0.006154	197.155600	0.000669	3.4
595	-1.406690	196.985589	0.042536	3.3
596	-0.800543	196.815969	0.005259	3.9
597	-0.814163	196.646738	0.009714	6.0
598	-0.855807	196.477894	0.002301	3.9
599	-1.077396	196.309436	0.003747	3.8
600	-0.434760	196.141363	0.003067	3.5
601	-0.115672	195.973673	0.001136	3.3
602	-1.072610	195.806365	0.013642	3.1
603	-1.076819	195.639437	0.007548	3.1
604	-0.000000	195.472888	0.000000	3.1
605	-1.241826	195.306717	0.016762	3.7
606	-0.000000	195.140922	0.000000	3.5
607	-0.208099	194.975501	0.005106	3.3
608	-0.108038	194.810454	0.002768	3.7
609	-0.974024	194.645779	0.012376	3.6
610	-1.041927	194.481475	0.013048	3.9
611	-1.084508	194.317540	0.073558	3.3
612	-1.240478	194.153973	0.031840	3.0
613	-0.080591	193.990773	0.003492	3.1
614	-0.000000	193.827938	0.000000	3.3
615	-0.820597	193.665467	0.004825	3.9
616	-0.414124	193.503358	0.001827	3.1
617	-1.273054	193.341611	0.001973	3.2
618	-1.273533	193.180224	0.008583	3.7
619	-0.000000	193.019196	0.000000	3.6
620	-1.374560	192.858525	0.011377	3.5
621	-0.264822	192.698210	0.004201	3.4
622	-0.989920	192.538251	0.006537	3.5
623	-1.171713	192.378644	0.005149	3.5
624	-1.324676	192.219391	0.006097	3.7
625	-0.939763	192.060488	0.002498	5.9
626	-1.478994	191.901935	0.033377	3.4
627	-1.105737	191.743730	0.002803	3.6
628	-1.288533	191.585873	0.032439	3.5
629	-1.383142	191.428362	0.006943	3.4
630	-1.459488	191.271196	0.043574	3.4
631	-1.156698	191.114374	0.027406	3.5
632	-0.914837	190.957893	0.005497	3.9
633	-0.965337	190.801755	0.003066	3.9
634	-1.130349	190.645956	0.039141	3.6
635	-1.210530	190.490495	0.008353	3.5
636	-1.070802	190.335373	0.005269	3.3
637	-0.000000	190.180587	0.000000	3.3
638	-1.296682	190.026136	0.037322	3.7
639	-1.401003	189.872019	0.016453	3.0
640	-0.898617	189.718235	0.011598	3.6
641	-1.230170	189.564782	0.024286	3.4
642	-0.942722	189.411661	0.002108	3.9
643	-1.080150	189.258868	0.008880	3.3
644	-1.334317	189.106404	0.029656	3.4
645	-1.199998	188.954267	0.005666	3.7
646	-1.372764	188.802456	0.037773	3.0
647	-1.207978	188.650969	0.006049	3.6
648	-0.523001	188.499807	0.004187	3.1
649	-1.232831	188.348967	0.030440	3.5
650	-1.534456	188.198448	0.035465	3.5
651	-0.000000	188.048250	0.000000	4.1
652	-0.795800	187.898371	0.006910	3.4
653	-0.000000	187.748810	0.000000	3.3
654	-1.307906	187.599566	0.045940	3.7
655	-0.000000	187.450638	0.000000	3.9
656	-1.528156	187.302025	0.027831	3.8
657	-1.378240	187.153725	0.016712	3.2
658	-1.504267	187.005739	0.057697	3.7
659	-0.980540	186.858064	0.008067	3.5
660	-0.401383	186.710699	0.005042	3.4
661	-0.878996	186.563645	0.004940	3.6
662	-0.408441	186.416898	0.004658	3.0
663	-1.193129	186.270459	0.014058	3.3
664	-0.887256	186.124326	0.003333	3.4
665	-0.000005	185.978499	0.000000	4.2
666	-0.937912	185.832976	0.007667	3.7
667	-0.000000	185.687756	0.000000	3.2
668	-1.374371	185.542838	0.019081	3.8
669	-1.370721	185.398222	0.010364	3.1
670	-1.340713	185.253906	0.009606	3.7
671	-1.172337	185.109889	0.014580	3.1
672	-1.178540	184.966170	0.006000	3.5
673	-1.115458	184.822748	0.007989	3.9
674	-1.396654	184.679623	0.022398	3.3
675	-1.306762	184.536792	0.014828	3.6
676	-1.528747	184.394256	0.011375	3.2
677	-1.341090	184.252013	0.006336	3.5
678	-0.859222	184.110062	0.005458	4.9
679	-1.104243	183.968403	0.007306	3.4
680	-0.000005	183.827034	0.000005	4.1
681	-1.129690	183.685954	0.010919	3.2
682	-0.028891	183.545163	0.001055	3.7
683	-0.993670	183.404658	0.005592	4.3
684	-1.123231	183.264441	0.024339	3.4
685	-0.112417	183.124509	0.001795	3.3
686	-1.298019	182.984861	0.020812	3.2
687	-0.815540	182.845497	0.011456	3.5
688	-0.923502	182.706416	0.001750	3.8
689	-0.778733	182.567616	0.004739	3.7
690	-0.000000	182.429098	0.000000	3.6
691	-0.000002	182.290859	0.000001	3.4
692	-0.965971	182.152899	0.012075	3.2
693	-1.289692	182.015217	0.011483	3.4
694	-0.729584	181.877813	0.004009	3.1
695	-1.315636	181.740684	0.034993	3.3
696	-1.259981	181.603832	0.022379	3.6
697	-1.350065	181.467253	0.031395	3.5
698	-1.424530	181.330948	0.020284	4.4
699	-1.122062	181.194916	0.006547	3.5
700	-0.000000	181.059155	0.000000	3.2
701	-0.026792	180.923666	0.001960	4.0
702	-1.464544	180.788446	0.010371	3.8
703	-0.142545	180.653496	0.002097	3.3
704	-1.350494	180.518814	0.030650	3.0
705	-1.085082	180.384399	0.015722	3.5
706	-1.325799	180.250251	0.019368	3.7
707	-1.145634	180.116369	0.006872	3.6
708	-0.804795	179.982752	0.004928	6.1
709	-1.377308	179.849398	0.020294	3.4
710	-0.000000	179.716308	0.000000	3.1
711	-1.327312	179.583480	0.009103	4.6
712	-0.000000	179.450913	0.000000	3.4
713	-1.388169	179.318607	0.005797	3.6
714	-0.000000	179.186561	0.000000	3.6
715	-0.996100	179.054774	0.003269	4.1
716	-1.026632	178.923245	0.009644	4.0
717	-1.230677	178.791973	0.006947	3.5
718	-1.351153	178.660958	0.040620	3.9
719	-1.368222	178.530199	0.036810	3.8
720	-1.026882	178.399694	0.005672	3.7
721	-1.463037	178.269444	0.021119	3.3
722	-0.000000	178.139447	0.000000	3.5
723	-0.027100	178.009702	0.001978	3.9
724	-1.203853	177.880209	0.015904	3.5
725	-0.893000	177.750967	0.003129	3.1
726	-1.553615	177.621975	0.008353	3.8
727	-1.201705	177.493232	0.040058	3.1
728	-1.214239	177.364738	0.026931	3.0
729	-1.247296	177.236492	0.005200	3.5
730	-1.415115	177.108492	0.024401	3.3
731	-1.394097	176.980739	0.010198	3.0
732	-1.481458	176.853231	0.007179	3.3
733	-0.000000	176.725968	0.000000	3.0
734	-0.448511	176.598949	0.008229	3.4
735	-1.303480	176.472173	0.009529	3.0
736	-0.773364	176.345639	0.008807	3.9
737	-1.389999	176.219348	0.019590	3.3
738	-0.703306	176.093296	0.002191	3.3
739	-1.029468	175.967486	0.015773	3.9
740	-1.586754	175.841914	0.014176	3.1
741	-1.475450	175.716581	0.023924	3.0
742	-0.776083	175.591486	0.010213	5.6
743	-1.417479	175.466629	0.034412	3.9
744	-0.422235	175.342008	0.004505	3.4
745	-0.512793	175.217622	0.005425	3.6
746	-1.155313	175.093472	0.009326	3.6
747	-0.000003	174.969556	0.000000	4.0
748	-0.548226	174.845873	0.005239	3.1
749	-1.389649	174.722423	0.006548	3.5
750	-0.976426	174.599206	0.001091	3.6
751	-0.000000	174.476220	0.000000	3.8
752	-0.824819	174.353464	0.010699	3.7
753	-1.585764	174.230939	0.029333	3.7
754	-0.864404	174.108643	0.005472	3.5
755	-0.000000	173.986576	0.000000	3.5
756	-1.266155	173.864737	0.014607	3.5
757	-0.000001	173.743124	0.000000	3.7
758	-1.229877	173.621739	0.031241	3.6
759	-1.479845	173.500579	0.026683	3.4
760	-0.749669	173.379645	0.023014	3.4
761	-0.000000	173.258935	0.000000	3.4
762	-0.621378	173.138449	0.013699	5.9
763	-1.146626	173.018186	0.036408	4.2
764	-1.371525	172.898146	0.005512	3.2
765	-0.000000	172.778327	0.000000	3.6
766	-0.963215	172.658730	0.057320	3.2
767	-1.459321	172.539353	0.033903	3.5
768	-1.297958	172.420196	0.007698	3.5
769	-1.077582	172.301258	0.007254	3.1
770	-0.000003	172.182539	0.000000	3.6
771	-0.188403	172.064037	0.002859	3.0
772	-1.125501	171.945753	0.040204	3.5
773	-1.114198	171.827686	0.010327	3.1
774	-1.192891	171.709834	0.015199	3.1
775	-1.458783	171.592198	0.072598	3.4
776	-0.000000	171.474776	0.000000	3.4
777	-1.329241	171.357568	0.003052	3.4
778	-1.201862	171.240574	0.036541	3.3
779	-0.049880	171.123793	0.002482	3.1
780	-1.390807	171.007223	0.033271	3.1
781	-0.000000	170.890865	0.000000	3.1
782	-1.248280	170.774718	0.006344	3.2
783	-0.000005	170.658782	0.000000	3.2
784	-0.915044	170.543055	0.008649	3.1
785	-1.480224	170.427537	0.019750	3.1
786	-1.294917	170.312227	0.065286	3.4
787	-1.515220	170.197125	0.043889	3.1
788	-1.015622	170.082231	0.015131	3.3
789	-0.000000	169.967543	0.000000	3.3
790	-0.988159	169.853061	0.005603	3.1
791	-1.468233	169.738784	0.028042	3.1
792	-0.742778	169.624713	0.018241	3.6
793	-0.148025	169.510845	0.002866	3.3
794	-1.283294	169.397181	0.010471	4.1
795	-1.332896	169.283720	0.041695	3.8
796	-0.841786	169.170462	0.003443	3.6
797	-1.064155	169.057405	0.007510	3.3
798	-1.172905	168.944549	0.056439	3.2
799	-1.035933	168.831895	0.001565	4.3
800	-1.359026	168.719440	0.037776	3.9
801	-0.000000	168.607185	0.000000	3.5
802	-0.785867	168.495129	0.003266	3.1
803	-1.117415	168.383271	0.015668	3.4
804	-1.343230	168.271611	0.012231	3.8
805	-0.972957	168.160148	0.004531	3.2
806	-0.973164	168.048882	0.004639	3.7
807	-0.709705	167.937812	0.015420	3.3
808	-1.007476	167.826938	0.026248	3.0
809	-1.262320	167.716258	0.010224	3.4
810	-0.345175	167.605773	0.003507	3.2
811	-1.369849	167.495482	0.014633	3.2
812	-1.240648	167.385384	0.026620	3.6
813	-1.502609	167.275479	0.049287	3.3
814	-1.393574	167.165766	0.009605	3.5
815	-1.411800	167.056245	0.018988	3.2
816	-1.263844	166.946915	0.010013	3.9
817	-0.952160	166.837776	0.002139	3.1
818	-0.794302	166.728826	0.001658	3.1
819	-0.474816	166.620067	0.005463	3.2
820	-0.000000	166.511496	0.000000	3.7
821	-0.954257	166.403113	0.002133	3.3
822	-0.374364	166.294919	0.002707	3.3
823	-1.316579	166.186912	0.048493	3.5
824	-1.321902	166.079091	0.021993	3.9
825	-1.551888	165.971458	0.016899	3.3
826	-1.523663	165.864009	0.021197	3.0
827	-0.000000	165.756747	0.000000	3.3
828	-0.780137	165.649669	0.002329	3.8
829	-0.000000	165.542775	0.000000	3.1
830	-0.000000	165.436065	0.000000	3.0
831	-1.142573	165.329538	0.040067	3.4
832	-1.001850	165.223194	0.003981	3.3
833	-1.010628	165.117032	0.022119	3.6
834	-1.276776	165.011052	0.005946	3.2
835	-0.723817	164.905253	0.002197	3.8
836	-1.008898	164.799635	0.003638	3.7
837	-0.013411	164.694197	0.001238	3.6
838	-0.906219	164.588939	0.003027	3.7
839	-0.930958	164.483859	0.005478	3.2
840	-0.782206	164.378959	0.001565	3.1
841	-0.860149	164.274237	0.046963	3.3
842	-0.958607	164.169692	0.002385	3.3
843	-1.188333	164.065325	0.005026	3.6
844	-1.334313	163.961135	0.015350	3.6
845	-0.388507	163.857120	0.005430	3.1
846	-0.298169	163.753282	0.002276	3.2
847	-1.374681	163.649619	0.045333	3.1
848	-0.976449	163.546130	0.001441	3.4
849	-0.097108	163.442816	0.002021	3.5
850	-0.947161	163.339676	0.003861	3.4
851	-1.081765	163.236709	0.027542	3.7
852	-0.517208	163.133915	0.005406	4.0
853	-0.867847	163.031294	0.002965	3.7
854	-0.000000	162.928844	0.000000	3.4
855	-1.124431	162.826566	0.022437	3.1
856	-1.075689	162.724459	0.008180	3.3
857	-1.109821	162.622523	0.007865	3.4
858	-0.000012	162.520757	0.000008	3.4
859	-0.625885	162.419160	0.003371	3.6
860	-1.376225	162.317733	0.008833	3.4
861	-1.514007	162.216474	0.006762	3.3
862	-1.342250	162.115383	0.011576	3.9
863	-1.264031	162.014461	0.014292	6.0
864	-0.000000	161.913705	0.000000	3.6
865	-1.253463	161.813117	0.008905	3.7
866	-0.006597	161.712695	0.000928	3.0
867	-0.919015	161.612439	0.004021	3.0
868	-1.481866	161.512349	0.011439	3.6
869	-1.453661	161.412424	0.034782	3.4
870	-1.211166	161.312663	0.020124	4.3
871	-0.000000	161.213067	0.000000	3.2
872	-1.256363	161.113635	0.015891	3.6
873	-0.287352	161.014366	0.004161	3.2
874	-0.420071	160.915260	0.005581	3.4
875	-0.746586	160.816316	0.006000	3.9
876	-0.941891	160.717535	0.018703	5.5
877	-1.094807	160.618915	0.002557	3.7
878	-1.137302	160.520456	0.006630	3.0
879	-0.061497	160.422158	0.002526	3.6
880	-0.822745	160.324021	0.002030	3.1
881	-1.390410	160.226043	0.054874	3.0
882	-0.000000	160.128225	0.000000	3.0
883	-1.123789	160.030566	0.002928	3.0
884	-1.227303	159.933066	0.059301	3.7
885	-1.415611	159.835723	0.039842	3.3
886	-1.027533	159.738539	0.002529	3.4
887	-1.161730	159.641512	0.022830	3.2
888	-1.158164	159.544642	0.003247	3.1
889	-1.236810	159.447929	0.010306	3.9
890	-1.421100	159.351372	0.009057	3.5
891	-0.000002	159.254971	0.000000	3.9
892	-0.853618	159.158725	0.002055	3.1
893	-0.000000	159.062634	0.000000	3.2
894	-1.024853	158.966697	0.003571	4.1
895	-1.298392	158.870915	0.008414	3.8
896	-1.295655	158.775286	0.023311	3.6
897	-1.156440	158.679811	0.004528	3.6
898	-1.183294	158.584489	0.004984	3.8
899	-1.175632	158.489319	0.008939	3.4
900	-0.000000	158.394302	0.000000	3.5
901	-1.138945	158.299436	0.035641	3.0
902	-0.842172	158.204721	0.002780	3.2
903	-0.031064	158.110158	0.000816	3.7
904	-0.017675	158.015745	0.001097	3.3
905	-0.801771	157.921482	0.007903	3.3
906	-0.229106	157.827369	0.003522	3.7
907	-0.088113	157.733406	0.002180	3.1
908	-0.005517	157.639591	0.000607	3.9
909	-1.178315	157.545925	0.023117	3.7
910	-1.283258	157.452408	0.015604	3.2
911	-1.440086	157.359038	0.009898	3.5
912	-1.238850	157.265816	0.002753	3.4
913	-0.861878	157.172741	0.004030	3.4
914	-0.123713	157.079813	0.002594	3.4
915	-0.922061	156.987031	0.004097	3.9
916	-0.000000	156.894395	0.000000	3.5
917	-1.291298	156.801904	0.006832	3.7
918	-1.289942	156.709559	0.004362	3.6
919	-1.468273	156.617359	0.022421	3.4
920	-0.621280	156.525304	0.002599	3.1
921	-1.315870	156.433392	0.003575	3.1
922	-1.317680	156.341624	0.035594	3.3
923	-0.689928	156.250000	0.002491	3.0
924	-0.582368	156.158519	0.005504	3.3
925	-0.000000	156.067180	0.000000	3.4
926	-1.406723	155.975984	0.028564	3.2
927	-1.360122	155.884930	0.013034	3.4
928	-0.000000	155.794017	0.000000	3.7
929	-1.135333	155.703246	0.044406	3.5
930	-0.000000	155.612615	0.000000	3.7
931	-0.000000	155.522125	0.000000	3.8
932	-0.952309	155.431775	0.005520	6.2
933	-1.371038	155.341565	0.004994	3.6
934	-1.162399	155.251495	0.009605	3.2
935	-1.311422	155.161563	0.007344	3.6
936	-0.278744	155.071771	0.002674	3.5
937	-1.064492	154.982117	0.005897	3.7
938	-0.495268	154.892601	0.003590	3.6
939	-1.106493	154.803222	0.006457	3.5
940	-0.210068	154.713981	0.002217	3.7
941	-1.442814	154.624878	0.005494	3.9
942	-1.259222	154.535910	0.003531	3.8
943	-1.022079	154.447080	0.003984	3.5
944	-1.329717	154.358385	0.015906	3.5
945	-0.000000	154.269826	0.000000	3.3
946	-0.110633	154.181402	0.001842	3.3
947	-1.272431	154.093114	0.026659	3.2
948	-1.336836	154.004960	0.012730	3.5
949	-0.928483	153.916940	0.014592	3.6
950	-0.873023	153.829054	0.002769	3.6
951	-1.153869	153.741303	0.041094	3.4
952	-1.097334	153.653684	0.005682	3.5
953	-1.232127	153.566198	0.007087	3.6
954	-0.000000	153.478846	0.000000	3.5
955	-0.000000	153.391625	0.000000	3.4
956	-0.953142	153.304537	0.004241	3.6
957	-1.306820	153.217580	0.006088	3.4
958	-1.392633	153.130755	0.053681	3.7
959	-0.142449	153.044061	0.005101	3.4
960	-1.062618	152.957498	0.010502	3.2
961	-0.943999	152.871065	0.004521	3.3
962	-1.269238	152.784762	0.022345	3.1
963	-0.950189	152.698589	0.004718	4.1
964	-0.553412	152.612545	0.003835	3.7
965	-1.190335	152.526631	0.017924	2.9
966	-0.974751	152.440845	0.003139	3.1
967	-1.012991	152.355188	0.005826	3.2
968	-1.394742	152.269660	0.022065	3.7
969	-1.419631	152.184259	0.012465	3.6
970	-0.695347	152.098986	0.007699	3.0
971	-1.440944	152.013840	0.014428	3.1
972	-0.734617	151.928821	0.007240	3.1
973	-1.347201	151.843928	0.009586	3.5
974	-0.166061	151.759163	0.005729	3.2
975	-1.179829	151.674523	0.005102	3.7
976	-1.341253	151.590009	0.008821	3.1
977	-0.014919	151.505620	0.000851	3.1
978	-1.509417	151.421357	0.005535	3.9
979	-0.209302	151.337218	0.002128	3.2
980	-1.321582	151.253204	0.013099	3.0
981	-0.408288	151.169314	0.002945	3.1
982	-1.367226	151.085549	0.010821	3.5
983	-1.127532	151.001907	0.014179	3.3
984	-1.162945	150.918388	0.008976	3.5
985	-1.735897	150.834992	0.007040	3.6
986	-1.611140	150.751719	0.036348	3.8
987	-0.930361	150.668569	0.040650	3.6
988	-1.221269	150.585541	0.033882	3.2
989	-1.268236	150.502634	0.005287	6.3
990	-1.256559	150.419849	0.002705	3.2
991	-0.982755	150.337186	0.032529	3.4
992	-1.102603	150.254644	0.004828	3.4
993	-0.004672	150.172222	0.000526	3.0
994	-1.233542	150.089921	0.018016	3.1
995	-0.000000	150.007740	0.000000	3.2
996	-1.443139	149.925679	0.010538	3.6
997	-0.255666	149.843737	0.003774	3.3
998	-1.473484	149.761915	0.008467	3.4
999	-0.880865	149.680212	0.006021	3.5
1000	-1.316065	149.598627	0.024207	3.5
1001	-0.714719	149.517161	0.005747	3.8
1002	-1.076421	149.435814	0.007830	3.8
1003	-1.083649	149.354584	0.022960	3.5
1004	-1.268145	149.273472	0.005488	3.2
1005	-1.549644	149.192477	0.018767	3.5
1006	-1.332709	149.111599	0.033317	3.6
1007	-0.958204	149.030838	0.002698	3.3
1008	-0.885712	148.950194	0.005465	3.1
1009	-1.401332	148.869666	0.074422	3.7
1010	-1.143411	148.789253	0.007446	3.5
1011	-0.064051	148.708957	0.002437	3.4
1012	-0.997659	148.628776	0.004673	3.3
1013	-1.321073	148.548710	0.009286	3.0
1014	-1.012356	148.468759	0.002388	3.2
1015	-0.000005	148.388923	0.000004	3.5
1016	-1.445301	148.309201	0.016969	3.6
1017	-1.361053	148.229594	0.013203	6.3
1018	-0.893461	148.150100	0.002335	3.6
1019	-0.000000	148.070719	0.000000	3.7
1020	-1.077645	147.991452	0.008369	3.6
1021	-0.914084	147.912298	0.006320	3.2
1022	-1.627203	147.833257	0.037713	3.4
1023	-0.564522	147.754329	0.003440	3.9
1024	-1.472945	147.675512	0.010773	3.5
1025	-1.424820	147.596808	0.032792	3.5
1026	-1.321823	147.518216	0.009971	3.2
1027	-0.020711	147.439735	0.001537	3.1
1028	-0.857107	147.361365	0.006359	3.2
1029	-1.328580	147.283106	0.031325	3.7
1030	-0.793135	147.204958	0.003097	3.7
1031	-0.783091	147.126920	0.003876	3.0
1032	-1.174226	147.048993	0.010678	3.6
1033	-0.832822	146.971175	0.001727	3.6
1034	-1.016580	146.893468	0.003524	3.4
1035	-1.348576	146.815869	0.002833	3.6
1036	-0.366216	146.738380	0.006716	3.3
1037	-1.137153	146.661000	0.010508	3.4
1038	-1.424314	146.583729	0.006014	3.0
1039	-0.832069	146.506566	0.002987	3.2
1040	-0.806386	146.429511	0.001901	3.1
1041	-1.155028	146.352565	0.009166	3.2
1042	-0.225003	146.275726	0.004117	3.2
1043	-0.795424	146.198994	0.004083	3.1
1044	-0.000000	146.122370	0.000000	3.3
1045	-0.000000	146.045853	0.000000	7.8
1046	-0.000000	145.969442	0.000000	3.5
1047	-1.107942	145.893139	0.002497	3.6
1048	-0.820700	145.816941	0.006883	3.6
1049	-1.103399	145.740849	0.048228	3.2
1050	-0.000000	145.664863	0.000000	3.4
1051	-0.846032	145.588983	0.002075	3.3
1052	-1.403850	145.513208	0.002768	3.4
1053	-1.037614	145.437538	0.007470	3.1
1054	-1.260252	145.361973	0.004277	3.3
1055	-0.886183	145.286513	0.001975	3.1
1056	-0.643615	145.211157	0.002893	3.5
1057	-0.897384	145.135905	0.001922	3.7
1058	-0.000000	145.060757	0.000000	3.5
1059	-0.000000	144.985712	0.000000	3.3
1060	-0.006482	144.910771	0.001678	3.1
1061	-1.043415	144.835934	0.005847	3.4
1062	-0.000000	144.761199	0.000000	3.3
1063	-0.399471	144.686567	0.002172	3.1
1064	-0.178517	144.612037	0.003925	3.1
1065	-0.193373	144.537610	0.001709	3.2
1066	-1.232091	144.463285	0.038714	3.3
1067	-1.345786	144.389062	0.016673	3.3
1068	-0.574703	144.314940	0.010124	3.1
1069	-0.000000	144.240920	0.000000	3.6
1070	-1.322386	144.167001	0.006937	3.2
1071	-1.203528	144.093182	0.017797	3.6
1072	-1.110697	144.019465	0.004740	3.8
1073	-1.215531	143.945848	0.012157	3.5
1074	-0.942897	143.872331	0.002207	3.2
1075	-0.393666	143.798914	0.007835	3.1
1076	-0.929951	143.725597	0.018085	3.2
1077	-0.994544	143.652380	0.005735	3.5
1078	-1.122598	143.579262	0.008617	3.1
1079	-1.131633	143.506243	0.037910	3.1
1080	-0.045970	143.433323	0.003531	3.3
1081	-1.143179	143.360502	0.002387	3.0
1082	-1.161934	143.287780	0.003615	3.8
1083	-0.000000	143.215155	0.000000	3.5
1084	-0.000000	143.142629	0.000000	3.4
1085	-0.968445	143.070201	0.005370	4.0
1086	-0.000000	142.997870	0.000000	3.6
1087	-1.237499	142.925637	0.007429	3.3
1088	-1.097408	142.853501	0.006964	3.2
1089	-1.322669	142.781462	0.039028	3.3
1090	-1.050595	142.709519	0.012567	3.1
1091	-1.391253	142.637674	0.009180	3.8
1092	-1.213705	142.565924	0.026943	3.1
1093	-1.255609	142.494271	0.016679	3.5
1094	-0.000000	142.422714	0.000000	3.4
1095	-0.016368	142.351252	0.000485	3.6
1096	-1.297803	142.279886	0.006490	3.4
1097	-1.379174	142.208616	0.042959	3.3
1098	-0.000068	142.137440	0.000054	3.1
1099	-0.010975	142.066360	0.001299	3.0
1100	-0.637301	141.995374	0.002645	3.5
1101	-0.043116	141.924483	0.004353	3.9
1102	-0.891268	141.853685	0.002196	4.1
1103	-1.006195	141.782983	0.033507	3.5
1104	-0.467479	141.712373	0.003299	4.1
1105	-0.608096	141.641858	0.002099	3.4
1106	-1.535534	141.571436	0.004230	3.1
1107	-1.366192	141.501108	0.002500	3.5
1108	-1.375559	141.430872	0.013264	3.4
1109	-1.049587	141.360730	0.004601	3.4
1110	-0.000000	141.290680	0.000000	3.6
1111	-0.984424	141.220722	0.010713	3.5
1112	-0.124305	141.150857	0.002695	3.0
1113	-1.481783	141.081084	0.008797	3.0
1114	-1.096792	141.011403	0.011971	3.5
1115	-0.000000	140.941813	0.000000	3.4
1116	-0.000003	140.872315	0.000000	3.8
1117	-1.539145	140.802909	0.007237	4.1
1118	-1.088800	140.733593	0.004696	3.1
1119	-1.360832	140.664369	0.079367	4.1
1120	-0.068592	140.595235	0.001126	3.2
1121	-0.323195	140.526192	0.002691	3.0
1122	-0.569440	140.457239	0.004582	3.4
1123	-1.402714	140.388376	0.012379	3.0
1124	-0.010631	140.319603	0.000575	3.4
1125	-1.325249	140.250920	0.051810	3.3
1126	-1.045587	140.182326	0.012361	3.3
1127	-0.004306	140.113822	0.000006	3.3
1128	-0.770884	140.045407	0.010241	3.2
1129	-1.484098	139.977081	0.015997	3.8
1130	-0.324239	139.908844	0.002898	3.8
1131	-0.484998	139.840696	0.003757	3.8
1132	-0.274575	139.772635	0.003777	3.4
1133	-0.988110	139.704664	0.007855	3.5
1134	-1.415946	139.636780	0.003608	3.7
1135	-0.000000	139.568984	0.000000	3.6
1136	-0.837638	139.501276	0.002002	3.4
1137	-0.334017	139.433655	0.002315	3.8
1138	-0.809694	139.366122	0.007459	3.5
1139	-1.239725	139.298676	0.064679	3.0
1140	-1.131007	139.231317	0.004776	3.9
1141	-0.000000	139.164045	0.000000	3.3
1142	-1.124136	139.096859	0.004443	3.5
1143	-0.898615	139.029760	0.003906	3.5
1144	-0.000000	138.962747	0.000000	3.0
1145	-1.300893	138.895820	0.052643	3.4
1146	-1.616579	138.828978	0.040616	3.3
1147	-1.228995	138.762223	0.008470	3.2
1148	-0.569101	138.695553	0.006607	3.6
1149	-0.926656	138.628969	0.011650	3.4
1150	-0.872843	138.562469	0.002321	3.2
1151	-0.846856	138.496055	0.002088	3.7
1152	-1.259893	138.429725	0.015435	2.9
1153	-1.187406	138.363481	0.021975	3.3
1154	-0.000000	138.297320	0.000000	3.1
1155	-0.758912	138.231244	0.003123	3.5
1156	-1.276868	138.165252	0.014327	3.2
1157	-1.558044	138.099344	0.054589	3.2
1158	-0.751666	138.033520	0.020315	3.6
1159	-1.229817	137.967779	0.005069	6.4
1160	-1.027930	137.902122	0.004372	3.9
1161	-0.944507	137.836548	0.004728	3.0
1162	-1.630690	137.771057	0.043639	3.4
1163	-0.000000	137.705649	0.000000	3.7
1164	-1.448657	137.640324	0.002205	3.1
1165	-0.000000	137.575081	0.000000	3.0
1166	-1.262759	137.509921	0.018760	3.3
1167	-1.141343	137.444842	0.006647	3.4
1168	-1.180641	137.379846	0.027632	3.3
1169	-0.880020	137.314932	0.006610	3.2
1170	-0.911133	137.250100	0.001423	3.4
1171	-0.663361	137.185349	0.008255	3.8
1172	-1.213082	137.120680	0.014165	3.1
1173	-0.000002	137.056092	0.000000	3.2
1174	-1.052433	136.991585	0.004184	3.3
1175	-0.912350	136.927158	0.003446	3.2
1176	-1.132068	136.862813	0.021854	3.4
1177	-1.464390	136.798548	0.009807	3.4
1178	-1.321766	136.734363	0.005133	3.1
1179	-1.406971	136.670259	0.061628	5.0
1180	-1.136438	136.606235	0.005941	3.0
1181	-0.115103	136.542291	0.003636	3.9
1182	-1.488147	136.478426	0.009050	3.2
1183	-0.995515	136.414641	0.003326	3.7
1184	-1.109820	136.350936	0.021858	3.2
1185	-1.326353	136.287310	0.046410	3.7
1186	-1.160845	136.223763	0.003128	3.5
1187	-0.000000	136.160295	0.000000	3.3
1188	-1.187462	136.096905	0.058869	3.5
1189	-0.980715	136.033594	0.001668	4.0
1190	-0.945903	135.970362	0.014430	3.7
1191	-0.000000	135.907208	0.000000	3.3
1192	-1.439758	135.844133	0.004471	3.2
1193	-0.766314	135.781135	0.022984	3.7
1194	-0.000000	135.718215	0.000000	3.3
1195	-0.000000	135.655373	0.000000	3.9
1196	-1.528803	135.592608	0.027336	3.3
1197	-0.000000	135.529921	0.000000	3.4
1198	-1.232240	135.467311	0.050571	3.3
1199	-1.414279	135.404778	0.002225	3.3
1200	-1.276982	135.342322	0.003955	3.5
1201	-1.262957	135.279942	0.012772	3.1
1202	-0.000233	135.217640	0.000193	3.1
1203	-1.280111	135.155413	0.010364	3.4
1204	-0.934321	135.093263	0.011892	3.5
1205	-0.626095	135.031190	0.008224	3.3
1206	-1.104765	134.969192	0.003121	3.6
1207	-0.000000	134.907270	0.000000	3.8
1208	-0.000000	134.845424	0.000000	3.5
1209	-0.054135	134.783653	0.001528	3.5
1210	-0.734634	134.721958	0.002022	3.6
1211	-1.292678	134.660338	0.017049	3.7
1212	-1.294407	134.598793	0.006365	3.6
1213	-1.369629	134.537323	0.019410	3.0
1214	-0.000004	134.475927	0.000004	3.5
1215	-1.269291	134.414607	0.010211	6.2
1216	-0.000074	134.353361	0.000060	3.8
1217	-0.027755	134.292189	0.000727	3.2
1218	-1.182921	134.231092	0.044521	3.6
1219	-1.189248	134.170068	0.002610	3.4
1220	-0.152481	134.109119	0.002096	3.1
1221	-1.558102	134.048243	0.036674	3.2
1222	-0.851311	133.987441	0.003481	3.3
1223	-1.147187	133.926713	0.003372	3.6
1224	-1.160641	133.866057	0.025259	3.3
1225	-0.000000	133.805475	0.000000	3.6
1226	-0.693074	133.744966	0.003752	3.3
1227	-0.000448	133.684530	0.000103	3.1
1228	-1.439064	133.624167	0.025320	3.3
1229	-1.012427	133.563877	0.002558	3.4
1230	-1.174595	133.503658	0.055387	3.3
1231	-1.370759	133.443513	0.005121	3.4
1232	-0.426411	133.383439	0.003866	3.9
1233	-0.997811	133.323437	0.001942	3.8
1234	-0.019472	133.263508	0.000784	3.3
1235	-1.403866	133.203650	0.007894	3.0
1236	-1.210704	133.143864	0.004336	3.3
1237	-0.070333	133.084149	0.003272	3.8
1238	-0.982047	133.024506	0.013811	3.4
1239	-1.458557	132.964934	0.012775	3.3
1240	-1.551943	132.905433	0.009491	3.5
1241	-0.314458	132.846003	0.003405	3.5
1242	-0.000000	132.786643	0.000000	3.4
1243	-0.451315	132.727355	0.004436	3.5
1244	-1.199310	132.668137	0.006209	3.3
1245	-1.324022	132.608989	0.002742	3.3
1246	-1.082486	132.549912	0.003789	3.2
1247	-0.926220	132.490904	0.002655	3.3
1248	-1.086846	132.431967	0.002928	3.2
1249	-1.554520	132.373100	0.008356	3.5
1250	-0.740540	132.314302	0.006183	3.3
1251	-1.113107	132.255574	0.003239	3.0
1252	-0.733916	132.196916	0.006050	3.7
1253	-1.068589	132.138326	0.007147	3.2
1254	-1.054639	132.079806	0.008937	3.1
1255	-0.000000	132.021355	0.000000	3.1
1256	-0.187111	131.962973	0.002110	3.6
1257	-0.519699	131.904660	0.002823	3.4
1258	-0.000004	131.846415	0.000000	3.1
1259	-0.000000	131.788239	0.000000	3.3
1260	-1.197927	131.730131	0.008532	3.0
1261	-0.117746	131.672092	0.002652	3.1
1262	-1.230949	131.614121	0.003295	3.3
1263	-1.205815	131.556217	0.046472	3.1
1264	-0.954945	131.498382	0.003289	3.4
1265	-0.696042	131.440614	0.002685	3.0
1266	-0.034402	131.382914	0.002549	3.0
1267	-1.005172	131.325282	0.006067	3.3
1268	-0.000000	131.267717	0.000000	3.6
1269	-1.544619	131.210219	0.044422	3.1
1270	-1.248891	131.152788	0.002613	3.2
1271	-1.341682	131.095424	0.007756	3.7
1272	-1.574200	131.038127	0.009452	3.3
1273	-0.012068	130.980897	0.001399	6.3
1274	-0.000000	130.923733	0.000000	3.5
1275	-1.390737	130.866636	0.015487	3.0
1276	-1.425586	130.809605	0.016130	3.6
1277	-1.268496	130.752641	0.005872	3.7
1278	-1.184886	130.695742	0.010354	3.2
1279	-0.952826	130.638910	0.005216	3.0
1280	-0.553663	130.582143	0.003267	3.3
1281	-0.000000	130.525442	0.000000	3.9
1282	-0.000000	130.468807	0.000000	3.0
1283	-0.114556	130.412237	0.002670	3.0
1284	-1.111982	130.355733	0.018690	3.1
1285	-1.154376	130.299294	0.003744	3.4
1286	-0.251321	130.242920	0.003255	3.5
1287	-1.517498	130.186611	0.070378	3.0
1288	-1.251264	130.130366	0.026097	3.7
1289	-1.048637	130.074187	0.002367	3.4
1290	-0.969126	130.018072	0.002442	3.2
1291	-1.069723	129.962022	0.002403	3.5
1292	-0.000000	129.906036	0.000000	3.3
1293	-1.378507	129.850114	0.004134	3.7
1294	-0.049871	129.794257	0.002264	3.1
1295	-1.490989	129.738463	0.002360	3.4
1296	-0.055141	129.682734	0.001436	3.6
1297	-0.126690	129.627068	0.003080	3.5
1298	-0.851836	129.571466	0.013741	3.5
1299	-0.992087	129.515927	0.002038	3.0
1300	-0.532200	129.460452	0.004725	3.8
1301	-1.322969	129.405040	0.063764	3.6
1302	-1.539126	129.349692	0.005827	4.1
1303	-0.000000	129.294406	0.000000	3.6
1304	-1.666061	129.239183	0.014691	3.3
1305	-1.010902	129.184024	0.002966	3.7
1306	-0.814796	129.128927	0.004034	3.5
1307	-1.276823	129.073892	0.003745	3.0
1308	-1.242584	129.018921	0.008017	3.7
1309	-0.000000	128.964011	0.000000	3.9
1310	-0.794202	128.909164	0.004828	3.7
1311	-0.537922	128.854379	0.004362	3.1
1312	-1.179882	128.799656	0.007056	3.2
1313	-0.068458	128.744995	0.001743	3.6
1314	-1.381032	128.690396	0.022179	3.7
1315	-1.301718	128.635858	0.002253	3.2
1316	-1.435800	128.581382	0.005016	3.6
1317	-0.840082	128.526968	0.001957	3.4
1318	-1.252275	128.472615	0.016077	3.5
1319	-0.069057	128.418323	0.003676	3.8
1320	-1.167926	128.364092	0.006617	3.3
1321	-0.838202	128.309922	0.005080	5.2
1322	-1.500622	128.255814	0.022998	3.3
1323	-0.384628	128.201766	0.004580	3.8
1324	-1.187196	128.147778	0.007844	3.4
1325	-1.026023	128.093852	0.007406	3.5
1326	-1.206612	128.039985	0.016550	3.2
1327	-1.079713	127.986180	0.001887	4.0
1328	-1.523311	127.932434	0.010097	5.2
1329	-1.282911	127.878749	0.043662	3.9
1330	-0.000001	127.825123	0.000000	3.4
1331	-0.037097	127.771558	0.000792	3.7
1332	-1.458024	127.718052	0.025988	3.1
1333	-1.540340	127.664606	0.009914	3.8
1334	-1.123461	127.611220	0.004574	3.3
1335	-1.310940	127.557893	0.024220	3.3
1336	-1.013949	127.504625	0.005393	3.8
1337	-1.290126	127.451417	0.002171	3.2
1338	-0.679489	127.398268	0.004965	3.1
1339	-1.315370	127.345178	0.009159	3.4
1340	-0.000001	127.292147	0.000000	3.3
1341	-1.068990	127.239175	0.004656	3.5
1342	-1.662162	127.186261	0.055987	3.3
1343	-0.413719	127.133407	0.004273	3.1
1344	-1.405150	127.080610	0.011730	3.3
1345	-0.818744	127.027872	0.004176	3.2
1346	-0.989169	126.975193	0.004180	3.7
1347	-0.861811	126.922572	0.002022	3.3
1348	-0.606069	126.870008	0.003378	3.9
1349	-0.000000	126.817503	0.000000	3.3
1350	-1.253198	126.765056	0.003109	3.4
1351	-1.078707	126.712667	0.003487	3.9
1352	-1.555495	126.660335	0.020484	3.9
1353	-0.278795	126.608061	0.004026	3.1
1354	-0.000195	126.555844	0.000057	3.3
1355	-0.094554	126.503685	0.002005	3.9
1356	-1.015724	126.451583	0.002214	6.4
1357	-1.558166	126.399538	0.020894	3.7
1358	-0.867537	126.347550	0.005428	3.6
1359	-0.000000	126.295619	0.000000	4.1
1360	-0.947337	126.243745	0.006140	3.3
1361	-1.168068	126.191928	0.004276	3.3
1362	-0.868661	126.140168	0.006975	3.3
1363	-0.263846	126.088464	0.001876	4.0
1364	-0.161592	126.036817	0.002559	3.7
1365	-0.227956	125.985226	0.001682	3.4
1366	-1.454504	125.933691	0.040300	3.6
1367	-1.523377	125.882212	0.027676	3.4
1368	-1.407458	125.830790	0.018275	3.6
1369	-1.351698	125.779423	0.003758	3.6
1370	-1.151149	125.728113	0.009675	3.5
1371	-1.067710	125.676858	0.004847	3.3
1372	-0.820847	125.625659	0.005219	3.3
1373	-1.447115	125.574515	0.009567	3.9
1374	-0.000000	125.523427	0.000000	3.3
1375	-1.493379	125.472394	0.018109	3.6
1376	-1.409745	125.421417	0.047013	3.2
1377	-1.612986	125.370495	0.048820	3.4
1378	-1.405114	125.319628	0.016618	3.6
1379	-1.069265	125.268815	0.006298	3.8
1380	-1.326729	125.218058	0.014519	3.6
1381	-1.248204	125.167356	0.026330	3.4
1382	-0.000000	125.116708	0.000000	3.7
1383	-1.315490	125.066115	0.004103	3.6
1384	-1.534270	125.015576	0.041163	3.3
1385	-1.460045	124.965092	0.051861	3.4
1386	-0.000000	124.914662	0.000000	3.2
1387	-0.914309	124.864287	0.002788	3.7
1388	-1.367397	124.813965	0.004443	3.5
1389	-1.238412	124.763698	0.007631	3.3
1390	-1.424684	124.713485	0.024356	3.1
1391	-1.224636	124.663325	0.001778	3.1
1392	-1.299966	124.613219	0.007047	3.2
1393	-0.295722	124.563167	0.006160	3.0
1394	-0.607491	124.513168	0.002658	3.6
1395	-1.372195	124.463223	0.003590	3.5
1396	-0.516561	124.413332	0.004328	3.6
1397	-1.479681	124.363493	0.035745	3.3
1398	-1.344033	124.313708	0.015813	3.2
1399	-0.119443	124.263976	0.003199	3.1
1400	-1.057020	124.214297	0.046244	3.1
1401	-0.145651	124.164671	0.002128	3.2
1402	-0.535055	124.115097	0.004312	3.3
1403	-0.816130	124.065577	0.002924	3.3
1404	-1.235093	124.016109	0.005521	3.8
1405	-1.398911	123.966693	0.008989	3.2
1406	-1.338060	123.917330	0.010201	3.6
1407	-0.671266	123.868020	0.004516	3.6
1408	-1.317387	123.818762	0.004423	3.5
1409	-1.146427	123.769556	0.014740	3.0
1410	-1.237748	123.720402	0.003868	3.1
1411	-1.297316	123.671300	0.004567	4.9
1412	-1.051518	123.622250	0.004012	5.9
1413	-0.891899	123.573252	0.008727	3.9
1414	-1.471712	123.524305	0.007204	3.0
1415	-1.345984	123.475411	0.023541	3.6
1416	-1.343972	123.426568	0.014901	3.6
1417	-0.836568	123.377776	0.001970	3.7
1418	-1.243378	123.329036	0.011250	3.6
1419	-0.000000	123.280347	0.000000	4.1
1420	-1.052671	123.231709	0.005533	3.3
1421	-1.304819	123.183122	0.004136	2.9
1422	-1.698470	123.134587	0.052377	3.1
1423	-1.525149	123.086102	0.007724	3.0
1424	-1.211131	123.037669	0.008960	3.3
1425	-1.370719	122.989286	0.006382	3.2
1426	-0.623530	122.940954	0.008020	3.1
1427	-0.000000	122.892672	0.000000	3.1
1428	-1.095685	122.844441	0.002836	3.0
1429	-1.244491	122.796261	0.021293	3.2
1430	-0.442061	122.748130	0.005445	3.6
1431	-0.754080	122.700050	0.003549	3.0
1432	-1.346157	122.652021	0.001949	3.2
1433	-0.981827	122.604041	0.002818	3.1
1434	-1.297963	122.556111	0.014458	3.1
1435	-0.000000	122.508232	0.000000	3.1
1436	-0.685377	122.460402	0.004697	3.0
1437	-1.187075	122.412622	0.001790	3.0
1438	-1.380866	122.364891	0.002731	3.4
1439	-0.977356	122.317210	0.013681	3.2
1440	-1.094901	122.269579	0.001807	3.4
1441	-0.937303	122.221997	0.003456	3.1
1442	-0.000000	122.174465	0.000000	3.1
1443	-0.000000	122.126981	0.000000	3.0
1444	-1.467167	122.079547	0.007423	3.8
1445	-0.793060	122.032162	0.006280	3.4
1446	-0.929662	121.984826	0.008657	3.1
1447	-1.125563	121.937539	0.006014	3.5
1448	-0.863661	121.890301	0.004837	3.4
1449	-1.080920	121.843112	0.009603	3.6
1450	-0.056847	121.795971	0.003075	3.6
1451	-1.343705	121.748879	0.007787	3.4
1452	-1.241099	121.701835	0.005919	3.0
1453	-0.960710	121.654840	0.003346	3.3
1454	-0.000000	121.607893	0.000000	3.7
1455	-0.911659	121.560994	0.002455	3.5
1456	-0.214038	121.514144	0.002738	3.3
1457	-1.141035	121.467342	0.002018	3.3
1458	-0.409417	121.420588	0.002520	3.2
1459	-1.495663	121.373882	0.014299	3.5
1460	-1.508147	121.327223	0.015062	4.0
1461	-1.376232	121.280613	0.004877	3.4
1462	-0.000000	121.234050	0.000000	3.0
1463	-0.054508	121.187535	0.002479	3.5
1464	-1.453465	121.141067	0.005046	3.7
1465	-1.306612	121.094647	0.033208	3.6
1466	-0.351295	121.048274	0.004691	3.9
1467	-1.273482	121.001949	0.002249	4.0
1468	-0.000000	120.955671	0.000000	4.2
1469	-0.942563	120.909440	0.002771	6.1
1470	-0.000079	120.863256	0.000058	3.7
1471	-0.903521	120.817119	0.003971	3.4
1472	-0.832113	120.771029	0.003012	3.9
1473	-1.185791	120.724986	0.006509	4.1
1474	-0.000000	120.678990	0.000000	3.7
1475	-1.530657	120.633040	0.032917	3.8
1476	-1.341556	120.587137	0.012345	4.2
1477	-0.390142	120.541281	0.002624	3.9
1478	-1.279909	120.495471	0.008806	3.5
1479	-1.330286	120.449707	0.012028	3.4
1480	-0.905246	120.403990	0.012714	3.2
1481	-0.392322	120.358319	0.003978	3.3
1482	-1.165100	120.312694	0.001892	3.1
1483	-0.000000	120.267115	0.000000	3.3
1484	-0.000000	120.221582	0.000000	3.1
1485	-1.317515	120.176096	0.005851	3.4
1486	-1.202568	120.130655	0.003861	3.5
1487	-1.643348	120.085260	0.023807	3.1
1488	-1.677640	120.039910	0.018505	3.6
1489	-1.049496	119.994606	0.009817	3.2
1490	-1.234592	119.949348	0.002355	3.3
1491	-0.828958	119.904135	0.002517	3.5
1492	-0.546239	119.858968	0.012368	3.6
1493	-1.427077	119.813846	0.005659	3.6
1494	-0.707020	119.768769	0.001740	3.4
1495	-0.000000	119.723738	0.000000	4.3
1496	-1.318885	119.678752	0.003699	5.9
1497	-1.573344	119.633810	0.011785	3.9
1498	-1.362868	119.588914	0.027853	3.6
1499	-0.962077	119.544062	0.005208	3.5
1500	-1.357375	119.499256	0.002110	3.8
1501	-1.356182	119.454494	0.006540	3.5
1502	-0.000000	119.409777	0.000000	3.5
1503	-1.221072	119.365104	0.010198	3.3
1504	-1.461160	119.320476	0.014260	4.0
1505	-1.408287	119.275893	0.011102	3.4
1506	-0.000000	119.231353	0.000000	3.8
1507	-1.474778	119.186859	0.006947	3.6
1508	-1.401609	119.142408	0.019786	4.0
1509	-0.924042	119.098002	0.042238	3.4
1510	-1.436877	119.053639	0.012386	3.6
1511	-1.228393	119.009321	0.029303	3.2
1512	-1.509205	118.965047	0.007824	3.2
1513	-0.000001	118.920816	0.000000	3.8
1514	-0.000000	118.876630	0.000000	3.4
1515	-0.002528	118.832487	0.000381	3.1
1516	-1.094083	118.788388	0.009359	3.6
1517	-1.381794	118.744332	0.007648	3.7
1518	-0.284597	118.700320	0.003910	3.8
1519	-0.444644	118.656352	0.005954	3.5
1520	-0.900228	118.612427	0.003616	3.7
1521	-0.701217	118.568545	0.001985	3.7
1522	-0.577233	118.524706	0.001775	3.6
1523	-0.902232	118.480911	0.004267	3.8
1524	-0.000001	118.437159	0.000000	3.5
1525	-1.443037	118.393450	0.004185	3.8
1526	-1.448127	118.349784	0.015983	3.3
1527	-1.410585	118.306160	0.005701	3.8
1528	-0.541794	118.262580	0.002652	3.6
1529	-0.794084	118.219042	0.012147	3.8
1530	-0.880237	118.175548	0.007652	3.8
1531	-1.433855	118.132095	0.004971	4.3
1532	-0.827468	118.088686	0.002530	3.8
1533	-0.972646	118.045319	0.002751	3.5
1534	-0.978400	118.001994	0.010450	3.7
1535	-0.028050	117.958712	0.000954	4.2
1536	-0.707993	117.915472	0.006277	3.7
1537	-0.000000	117.872274	0.000000	3.9
1538	-1.264813	117.829118	0.003422	3.6
1539	-1.569754	117.786005	0.015904	3.3
1540	-0.981212	117.742933	0.006517	3.5
1541	-1.371208	117.699904	0.018821	3.1
1542	-1.104399	117.656916	0.006013	3.5
1543	-0.000000	117.613971	0.000000	3.3
1544	-1.497126	117.571067	0.074138	3.4
1545	-1.353046	117.528205	0.011326	3.7
1546	-1.148624	117.485384	0.008931	3.8
1547	-0.000004	117.442605	0.000004	3.6
1548	-1.325151	117.399867	0.007547	3.7
1549	-1.053797	117.357171	0.080106	3.5
1550	-0.388187	117.314517	0.001863	3.8
1551	-0.090427	117.271903	0.002468	3.4
1552	-1.172445	117.229331	0.006173	3.7
1553	-0.683782	117.186800	0.006930	3.7
1554	-1.059898	117.144311	0.003870	3.3
1555	-0.614931	117.101862	0.006427	3.2
1556	-1.389833	117.059454	0.014086	3.5
1557	-1.091354	117.017087	0.053309	3.3
1558	-0.874357	116.974762	0.004033	3.7
1559	-1.180853	116.932476	0.002627	3.1
1560	-0.000000	116.890232	0.000000	3.8
1561	-0.975527	116.848028	0.004809	3.6
1562	-0.954789	116.805865	0.001285	4.1
1563	-0.029917	116.763743	0.001168	4.2
1564	-1.509131	116.721661	0.008439	3.6
1565	-1.231641	116.679619	0.003575	3.2
1566	-1.302112	116.637618	0.043466	3.7
1567	-1.243562	116.595657	0.007083	4.1
1568	-0.833399	116.553736	0.003946	4.0
1569	-0.252146	116.511855	0.002979	4.0
1570	-1.287375	116.470015	0.015661	3.3
1571	-1.183806	116.428214	0.002349	4.3
1572	-1.328295	116.386454	0.006642	4.0
1573	-1.182724	116.344733	0.006793	3.5
1574	-1.148515	116.303052	0.001831	3.8
1575	-1.656625	116.261412	0.008099	3.5
1576	-0.789200	116.219810	0.007536	4.3
1577	-1.269777	116.178249	0.005990	5.7
1578	-1.081234	116.136727	0.006253	3.8
1579	-0.925049	116.095245	0.003613	3.3
1580	-1.071708	116.053802	0.006869	3.5
1581	-0.843123	116.012398	0.004272	3.0
1582	-0.294881	115.971034	0.005726	3.2
1583	-1.383776	115.929710	0.006158	3.1
1584	-1.274162	115.888424	0.009725	3.0
1585	-1.317909	115.847178	0.004435	3.9
1586	-0.920596	115.805970	0.002103	3.4
1587	-1.172459	115.764802	0.003444	3.8
1588	-0.851005	115.723673	0.013768	3.8
1589	-1.111760	115.682583	0.003958	4.2
1590	-1.494748	115.641532	0.006898	3.7
1591	-1.211688	115.600519	0.004241	3.2
1592	-1.436894	115.559546	0.003652	3.5
1593	-1.460810	115.518610	0.010478	3.3
1594	-1.575124	115.477714	0.016727	4.1
1595	-1.230326	115.436856	0.020676	3.8
1596	-0.004318	115.396037	0.000211	3.6
1597	-1.329889	115.355256	0.002370	3.4
1598	-1.003180	115.314514	0.004561	3.7
1599	-0.876263	115.273810	0.004511	3.7
1600	-1.044193	115.233144	0.002198	3.3
1601	-1.473306	115.192517	0.005515	3.7
1602	-1.138972	115.151927	0.003879	3.7
1603	-1.270405	115.111376	0.004434	3.8
1604	-0.964495	115.070863	0.006660	3.3
1605	-0.000000	115.030388	0.000000	3.3
1606	-0.820017	114.989951	0.002771	3.9
1607	-1.012183	114.949551	0.001833	3.7
1608	-0.991163	114.909190	0.011524	3.4
1609	-1.143528	114.868866	0.043166	3.0
1610	-0.938515	114.828580	0.003168	3.3
1611	-1.514481	114.788332	0.007313	3.0
1612	-1.187219	114.748121	0.019181	3.8
1613	-0.042629	114.707948	0.001753	3.4
1614	-1.526068	114.667812	0.005865	4.7
1615	-0.969469	114.627714	0.002262	3.2
1616	-1.126326	114.587653	0.001878	3.7
1617	-1.430684	114.547629	0.026985	3.6
1618	-0.902718	114.507643	0.004755	3.0
1619	-1.118514	114.467693	0.044217	3.6
1620	-0.000000	114.427781	0.000000	3.5
1621	-0.074404	114.387907	0.002411	3.8
1622	-1.073046	114.348069	0.023052	3.0
1623	-0.000000	114.308268	0.000000	3.0
1624	-1.275959	114.268504	0.005265	3.0
1625	-1.530166	114.228777	0.005970	3.0
1626	-0.000000	114.189086	0.000000	3.1
1627	-1.361626	114.149433	0.026663	3.0
1628	-1.289275	114.109816	0.033148	3.0
1629	-0.000000	114.070235	0.000000	3.4
1630	-1.338849	114.030692	0.004409	3.5
1631	-0.738553	113.991185	0.002854	3.5
1632	-0.845896	113.951714	0.004617	3.4
1633	-0.850375	113.912280	0.001970	5.4
1634	-1.109521	113.872882	0.004994	3.2
1635	-0.714685	113.833521	0.002054	3.5
1636	-1.456130	113.794195	0.003708	3.0
1637	-1.013963	113.754906	0.002863	3.2
1638	-1.226077	113.715653	0.005619	3.3
1639	-1.325194	113.676437	0.009015	3.1
1640	-1.515372	113.637256	0.027224	3.0
1641	-1.449128	113.598111	0.013767	3.0
1642	-0.206606	113.559002	0.003190	3.5
1643	-1.136128	113.519929	0.002753	3.2
1644	-1.305548	113.480892	0.003999	3.0
1645	-1.375552	113.441891	0.005985	3.8
1646	-1.324027	113.402925	0.003611	3.0
1647	-0.850208	113.363995	0.004454	3.3
1648	-1.451768	113.325101	0.001888	3.1
1649	-1.085277	113.286242	0.005084	3.0
1650	-1.442948	113.247419	0.010044	3.0
1651	-0.009217	113.208631	0.000379	3.0
1652	-1.430861	113.169879	0.021430	2.9
1653	-0.000000	113.131162	0.000000	3.0
1654	-0.664383	113.092480	0.003697	3.1
1655	-1.304500	113.053833	0.003708	3.2
1656	-0.348618	113.015222	0.003911	3.5
1657	-1.045849	112.976646	0.005025	3.5
1658	-0.406347	112.938105	0.006031	3.4
1659	-1.295254	112.899599	0.003835	3.4
1660	-1.400920	112.861128	0.023860	3.3
1661	-0.058411	112.822692	0.000469	3.4
1662	-1.024786	112.784291	0.012764	4.1
1663	-0.000000	112.745924	0.000000	3.2
1664	-0.007551	112.707593	0.000277	3.1
1665	-0.148148	112.669296	0.003175	3.3
1666	-1.373991	112.631034	0.007319	3.7
1667	-0.000000	112.592806	0.000000	3.2
1668	-1.343906	112.554613	0.004454	3.5
1669	-0.749744	112.516455	0.003297	3.4
1670	-0.549502	112.478331	0.006581	3.4
1671	-1.270351	112.440241	0.002524	3.4
1672	-0.871846	112.402186	0.006269	3.5
1673	-0.000000	112.364165	0.000000	3.4
1674	-1.073589	112.326179	0.013384	3.0
1675	-1.364928	112.288227	0.005125	3.3
1676	-0.000022	112.250309	0.000023	3.0
1677	-1.448384	112.212425	0.035013	3.1
1678	-1.160413	112.174575	0.004358	3.5
1679	-1.349079	112.136759	0.031151	3.1
1680	-1.182443	112.098977	0.040148	3.0
1681	-0.000000	112.061229	0.000000	3.5
1682	-0.000000	112.023515	0.000000	3.5
1683	-1.089712	111.985834	0.004737	3.1
1684	-1.042640	111.948188	0.006129	3.4
1685	-0.759306	111.910575	0.004998	3.0
1686	-0.775086	111.872996	0.001589	3.1
1687	-0.968639	111.835450	0.008264	3.5
1688	-0.000000	111.797939	0.000000	3.2
1689	-0.688709	111.760460	0.002687	3.2
1690	-1.188204	111.723015	0.004715	3.1
1691	-1.500684	111.685604	0.005464	3.2
1692	-0.074912	111.648226	0.001908	3.5
1693	-1.219310	111.610881	0.009373	3.2
1694	-1.036365	111.573570	0.021059	3.4
1695	-0.748119	111.536292	0.002838	3.5
1696	-1.705449	111.499047	0.010944	4.2
1697	-1.468817	111.461835	0.005650	3.9
1698	-1.324804	111.424656	0.017598	3.8
1699	-1.408747	111.387510	0.003575	2.9
1700	-1.535545	111.350398	0.013419	3.7
1701	-1.601558	111.313318	0.042007	3.0
1702	-0.000000	111.276271	0.000000	3.4
1703	-1.373796	111.239257	0.006478	3.4
1704	-0.882380	111.202276	0.007796	3.3
1705	-1.131251	111.165328	0.013134	3.1
1706	-0.780447	111.128412	0.002496	3.3
1707	-0.000000	111.091529	0.000000	3.1
1708	-0.921788	111.054679	0.003296	3.5
1709	-1.234241	111.017861	0.003826	3.4
1710	-0.762542	110.981076	0.003326	3.4
1711	-0.118841	110.944323	0.001483	3.4
1712	-1.305518	110.907603	0.004918	3.3
1713	-0.000000	110.870915	0.000000	3.4
1714	-0.000000	110.834259	0.000000	3.4
1715	-0.007927	110.797636	0.001495	3.0
1716	-1.535174	110.761045	0.014291	3.5
1717	-1.394356	110.724486	0.006098	3.6
1718	-0.949410	110.687959	0.004680	3.5
1719	-0.000000	110.651465	0.000000	3.5
1720	-1.655996	110.615002	0.058665	3.5
1721	-0.000000	110.578572	0.000000	5.3
1722	-0.911515	110.542173	0.002827	5.5
1723	-1.190568	110.505807	0.021669	3.1
1724	-0.802779	110.469472	0.002775	3.1
1725	-1.086680	110.433169	0.006225	3.4
1726	-0.778992	110.396898	0.004132	3.1
1727	-0.220306	110.360659	0.001710	3.2
1728	-1.494607	110.324451	0.002578	3.4
1729	-1.002662	110.288276	0.001529	3.2
1730	-0.936914	110.252131	0.002053	3.5
1731	-0.002104	110.216019	0.000379	3.0
1732	-1.145891	110.179937	0.002436	3.2
1733	-0.969612	110.143888	0.012401	3.1
1734	-0.000000	110.107869	0.000000	3.9
1735	-1.521659	110.071882	0.004293	3.6
1736	-0.351994	110.035927	0.001904	3.6
1737	-0.934498	110.000003	0.003129	3.6
1738	-1.119641	109.964110	0.001584	3.3
1739	-0.718450	109.928248	0.001840	3.5
1740	-1.673996	109.892417	0.036349	3.6
1741	-1.168023	109.856618	0.039740	3.2
1742	-1.229426	109.820850	0.002082	3.2
1743	-1.319807	109.785112	0.002131	3.1
1744	-1.043918	109.749406	0.002666	3.6
1745	-1.672458	109.713730	0.020936	3.2
1746	-1.576535	109.678086	0.013037	3.2
1747	-1.542284	109.642472	0.022191	3.6
1748	-1.030249	109.606890	0.004619	3.6
1749	-1.065759	109.571337	0.003966	3.2
1750	-1.237867	109.535816	0.003978	3.3
1751	-0.000000	109.500326	0.000000	3.4
1752	-0.000000	109.464866	0.000000	3.8
1753	-1.099096	109.429436	0.004458	3.2
1754	-0.324718	109.394038	0.003477	3.1
1755	-1.248491	109.358669	0.002713	3.2
1756	-1.664027	109.323331	0.035003	3.3
1757	-0.073185	109.288024	0.000812	3.2
1758	-0.000000	109.252747	0.000000	3.3
1759	-0.000001	109.217501	0.000000	3.2
1760	-1.702648	109.182284	0.020998	3.3
1761	-0.332191	109.147098	0.005256	3.3
1762	-0.911723	109.111942	0.005132	3.4
1763	-0.188328	109.076817	0.003458	3.5
1764	-1.479729	109.041721	0.005396	3.1
1765	-1.709793	109.006656	0.050513	3.0
1766	-1.321641	108.971620	0.009458	3.7
1767	-0.000000	108.936615	0.000000	3.9
1768	-0.883354	108.901640	0.002402	3.3
1769	-1.671998	108.866694	0.013759	3.3
1770	-0.272643	108.831779	0.004353	3.1
1771	-0.994799	108.796893	0.004528	3.4
1772	-1.057371	108.762037	0.002259	4.5
1773	-1.647155	108.727211	0.028455	3.7
1774	-1.241734	108.692415	0.008135	3.3
1775	-1.178356	108.657648	0.002362	4.3
1776	-0.000000	108.622911	0.000000	3.9
1777	-1.313880	108.588203	0.009465	3.5
1778	-1.209462	108.553525	0.003569	3.2
1779	-1.263795	108.518877	0.011650	4.0
1780	-1.062394	108.484258	0.005236	3.5
1781	-1.237359	108.449668	0.036049	3.3
1782	-0.000000	108.415108	0.000000	3.7
1783	-1.284035	108.380578	0.002710	3.7
1784	-1.211602	108.346076	0.002861	3.4
1785	-1.128538	108.311604	0.003843	6.9
1786	-0.042986	108.277161	0.002707	3.2
1787	-1.372522	108.242747	0.005448	4.1
1788	-0.252144	108.208363	0.005262	4.1
1789	-1.561511	108.174007	0.026162	3.3
1790	-1.391739	108.139681	0.005931	3.6
1791	-1.316990	108.105383	0.008637	4.9
1792	-0.116373	108.071115	0.002383	3.3
1793	-1.542099	108.036875	0.008426	3.2
1794	-0.879625	108.002665	0.002289	4.9
1795	-1.306299	107.968483	0.005643	3.3
1796	-0.955792	107.934330	0.006498	3.1
1797	-1.297131	107.900206	0.021670	3.1
1798	-1.392956	107.866111	0.001934	3.9
1799	-1.379857	107.832044	0.003997	3.6
1800	-0.747737	107.798007	0.001880	3.2
1801	-0.000000	107.763997	0.000000	3.3
1802	-1.178430	107.730017	0.005037	3.6
1803	-1.119429	107.696065	0.001913	4.2
1804	-1.524817	107.662141	0.002993	3.2
1805	-1.196357	107.628246	0.006275	3.2
1806	-1.171439	107.594379	0.007034	3.3
1807	-0.886444	107.560541	0.002344	3.2
1808	-1.261770	107.526731	0.004617	3.2
1809	-0.743396	107.492949	0.002025	3.2
1810	-1.088275	107.459196	0.002980	3.1
1811	-1.532761	107.425471	0.057222	3.2
1812	-1.540921	107.391774	0.004831	3.6
1813	-0.000000	107.358106	0.000000	3.1
1814	-1.356706	107.324465	0.012753	3.0
1815	-1.148355	107.290853	0.005296	3.5
1816	-1.123315	107.257268	0.007126	3.0
1817	-0.067383	107.223712	0.003279	3.0
1818	-1.356225	107.190184	0.003680	3.1
1819	-0.000000	107.156683	0.000000	3.1
1820	-1.111921	107.123211	0.075043	3.5
1821	-1.106615	107.089766	0.003673	3.4
1822	-0.361761	107.056349	0.003970	3.5
1823	-1.566012	107.022960	0.007168	3.5
1824	-0.918934	106.989599	0.002499	3.0
1825	-1.294589	106.956265	0.006827	3.0
1826	-0.021946	106.922960	0.001304	3.0
1827	-0.236982	106.889681	0.004299	3.1
1828	-0.393969	106.856431	0.003921	3.1
1829	-0.928239	106.823208	0.002607	4.2
1830	-1.470178	106.790012	0.015081	4.0
1831	-1.430298	106.756844	0.004672	3.6
1832	-1.321059	106.723703	0.006800	3.7
1833	-0.033036	106.690590	0.000319	3.5
1834	-0.195541	106.657505	0.005040	3.6
1835	-1.330866	106.624446	0.004428	3.6
1836	-1.451183	106.591415	0.017416	3.5
1837	-1.651277	106.558411	0.023929	4.9
1838	-1.254103	106.525435	0.016064	4.3
1839	-0.403803	106.492485	0.001623	4.3
1840	-1.345565	106.459563	0.005823	3.2
1841	-0.000476	106.426668	0.000246	3.3
1842	-0.016893	106.393800	0.001595	3.2
1843	-1.080128	106.360959	0.001696	4.3
1844	-0.946551	106.328145	0.002366	3.5
1845	-1.037534	106.295358	0.003927	3.6
1846	-1.188940	106.262598	0.025219	3.3
1847	-1.492217	106.229865	0.004773	3.4
1848	-0.923303	106.197158	0.004908	3.3
1849	-0.655715	106.164479	0.003294	3.4
1850	-1.231006	106.131826	0.004423	3.5
1851	-1.256218	106.099201	0.023541	3.2
1852	-1.031611	106.066602	0.006336	3.1
1853	-1.125991	106.034029	0.017320	3.8
1854	-1.413934	106.001483	0.007922	4.0
1855	-1.408361	105.968964	0.007101	3.2
1856	-1.338252	105.936472	0.005051	3.6
1857	-0.212845	105.904006	0.003527	3.3
1858	-1.411672	105.871566	0.021867	3.1
1859	-1.403369	105.839153	0.001869	3.2
1860	-1.585479	105.806767	0.013267	4.8
1861	-0.148854	105.774407	0.003809	3.2
1862	-0.000000	105.742073	0.000000	3.9
1863	-1.109408	105.709766	0.002412	4.0
1864	-1.272846	105.677485	0.012871	4.3
1865	-1.304760	105.645230	0.005059	3.5
1866	-0.000000	105.613001	0.000000	3.7
1867	-0.000000	105.580799	0.000000	3.3
1868	-1.092576	105.548623	0.004869	3.3
1869	-0.998911	105.516473	0.002795	3.0
1870	-0.289567	105.484349	0.002319	3.1
1871	-0.854617	105.452251	0.006224	3.1
1872	-0.018034	105.420179	0.000497	3.3
1873	-1.375247	105.388133	0.005748	3.1
1874	-0.000004	105.356113	0.000000	3.1
1875	-0.239171	105.324119	0.002158	3.0
1876	-0.816595	105.292151	0.002427	3.0
1877	-1.212547	105.260209	0.005416	3.0
1878	-0.930836	105.228293	0.003274	3.1
1879	-1.058379	105.196402	0.007059	3.0
1880	-1.150766	105.164537	0.004045	3.2
1881	-1.197839	105.132698	0.005197	3.0
1882	-1.220808	105.100885	0.002428	3.0
1883	-1.057172	105.069097	0.005340	3.1
1884	-1.040624	105.037335	0.001232	3.1
1885	-1.252174	105.005598	0.003163	3.1
1886	-0.000000	104.973887	0.000000	3.2
1887	-0.847233	104.942202	0.003179	3.3
1888	-0.915942	104.910542	0.001989	3.5
1889	-1.053647	104.878907	0.006109	3.5
1890	-1.267374	104.847298	0.001428	3.6
1891	-0.000000	104.815715	0.000000	3.6
1892	-0.580138	104.784156	0.006916	3.6
1893	-1.041553	104.752623	0.007642	3.6
1894	-1.320104	104.721116	0.002550	3.1
1895	-0.765497	104.689633	0.003056	3.5
1896	-0.000000	104.658176	0.000000	3.2
1897	-0.000000	104.626744	0.000000	3.2
1898	-0.017439	104.595337	0.000449	3.5
1899	-1.132000	104.563955	0.007530	3.4
1900	-1.137436	104.532599	0.003180	3.5
1901	-1.283869	104.501267	0.003664	3.7
1902	-1.358320	104.469960	0.009154	3.3
1903	-0.835684	104.438679	0.003305	3.5
1904	-1.396776	104.407422	0.002717	3.1
1905	-1.008301	104.376191	0.007497	3.0
1906	-0.922309	104.344984	0.001953	3.5
1907	-1.494274	104.313802	0.022394	3.0
1908	-1.171017	104.282645	0.006304	4.0
1909	-0.960863	104.251513	0.005961	3.5
1910	-1.153485	104.220405	0.005489	3.1
1911	-1.156003	104.189323	0.003719	3.6
1912	-1.480037	104.158265	0.010391	3.5
1913	-1.407271	104.127231	0.006521	3.2
1914	-0.145225	104.096222	0.001609	3.7
1915	-1.617063	104.065238	0.003312	4.1
1916	-0.000000	104.034279	0.000000	3.3
1917	-1.485689	104.003344	0.005068	4.4
1918	-1.379011	103.972433	0.005097	4.0
1919	-0.960661	103.941547	0.002500	3.4
1920	-0.742782	103.910686	0.004617	4.2
1921	-1.182542	103.879849	0.003889	3.4
1922	-0.000960	103.849036	0.000385	3.4
1923	-1.270240	103.818248	0.003015	3.2
1924	-0.827502	103.787484	0.005199	3.1
1925	-1.508529	103.756744	0.007743	3.3
1926	-1.442669	103.726029	0.016623	4.6
1927	-1.027415	103.695338	0.003309	3.4
1928	-0.000000	103.664671	0.000000	3.4
1929	-0.005192	103.634028	0.000619	3.5
1930	-0.869089	103.603409	0.002406	4.3
1931	-0.941238	103.572814	0.006652	3.3
1932	-1.574335	103.542244	0.032627	3.3
1933	-1.602372	103.511698	0.023406	4.6
1934	-1.473100	103.481175	0.003918	3.4
1935	-1.526337	103.450677	0.004417	3.3
1936	-1.391211	103.420202	0.002357	3.3
1937	-0.812646	103.389752	0.004424	4.3
1938	-0.732618	103.359325	0.005828	3.4
1939	-0.141734	103.328922	0.002250	3.2
1940	-0.140870	103.298543	0.004095	3.7
1941	-1.218761	103.268188	0.002208	3.3
1942	-1.616532	103.237857	0.038443	4.0
1943	-0.458891	103.207549	0.005111	3.8
1944	-0.861247	103.177265	0.004276	3.5
1945	-0.420800	103.147005	0.002246	4.0
1946	-0.000000	103.116768	0.000000	4.2
1947	-0.693975	103.086556	0.003809	4.5
1948	-1.515523	103.056366	0.003902	3.4
1949	-0.810452	103.026200	0.006062	4.0
1950	-1.459145	102.996058	0.006824	3.4
1951	-0.000000	102.965939	0.000000	4.1
1952	-0.592171	102.935844	0.003186	3.2
1953	-1.145402	102.905772	0.002257	3.2
1954	-0.289629	102.875724	0.003536	3.1
1955	-0.000000	102.845699	0.000000	4.4
1956	-0.000000	102.815697	0.000000	4.2
1957	-1.458789	102.785719	0.005493	3.3
1958	-1.002731	102.755764	0.007764	4.2
1959	-0.807446	102.725832	0.002350	3.3
1960	-0.665409	102.695924	0.005688	3.3
1961	-0.623904	102.666038	0.008523	4.0
1962	-1.422252	102.636176	0.028352	4.3
1963	-0.900163	102.606337	0.006176	3.2
1964	-0.015100	102.576521	0.002088	4.9
1965	-0.011728	102.546728	0.001869	3.2
1966	-1.115406	102.516959	0.004273	3.0
1967	-1.273346	102.487212	0.018176	3.3
1968	-1.531954	102.457488	0.009905	4.5
1969	-0.884958	102.427788	0.001986	3.8
1970	-0.000000	102.398110	0.000000	3.2
1971	-0.078546	102.368455	0.002145	3.3
1972	-0.702477	102.338823	0.002870	3.6
1973	-0.000000	102.309214	0.000000	3.5
1974	-1.296399	102.279628	0.007667	3.0
1975	-0.029745	102.250064	0.002305	3.0
1976	-0.489492	102.220524	0.004546	3.9
1977	-0.258184	102.191006	0.001866	5.6
1978	-1.123538	102.161511	0.006623	3.1
1979	-1.361243	102.132038	0.006753	3.2
1980	-1.572407	102.102588	0.006384	3.6
1981	-0.792144	102.073161	0.003583	3.1
1982	-1.253404	102.043757	0.005442	3.5
1983	-1.350815	102.014375	0.079518	3.2
1984	-1.467986	101.985015	0.015636	3.1
1985	-0.000000	101.955678	0.000000	3.2
1986	-1.332717	101.926364	0.005686	3.3
1987	-1.300043	101.897072	0.002328	3.3
1988	-1.227512	101.867802	0.001943	3.2
1989	-1.580512	101.838555	0.010395	5.9
1990	-0.869712	101.809330	0.003097	3.1
1991	-0.162112	101.780128	0.002490	3.1
1992	-0.000000	101.750948	0.000000	3.1
1993	-1.218750	101.721790	0.006201	3.2
1994	-0.794518	101.692654	0.004455	3.2
1995	-1.560877	101.663541	0.011833	3.1
1996	-1.477958	101.634450	0.005748	3.4
1997	-0.632362	101.605381	0.003163	3.0
1998	-1.215224	101.576335	0.002685	3.1
1999	-0.881532	101.547310	0.002227	3.5
