1:ItNr	2:Metric	3:StepSize	4:||Gradient||	Time[ms]
0	-1.635555	627.201626	0.013680	1791.1
1	-1.411985	623.504937	0.006474	70.0
2	-0.927859	619.865785	0.002216	72.0
3	-1.217435	616.282728	0.005167	71.3
4	-1.316594	612.754375	0.000774	70.8
5	-1.607228	609.279381	0.010827	71.3
6	-0.000000	605.856447	0.000000	72.3
7	-0.174584	602.484317	0.002134	74.0
8	-0.000000	599.161779	0.000000	69.8
9	-0.648226	595.887656	0.001141	72.1
10	-1.323530	592.660813	0.003165	70.9
11	-0.044416	589.480151	0.000590	72.2
12	-0.000000	586.344606	0.000000	71.2
13	-0.000000	583.253145	0.000000	73.1
14	-1.399552	580.204771	0.001628	72.4
15	-0.000000	577.198517	0.000000	70.6
16	-1.090495	574.233444	0.002016	72.0
17	-0.865554	571.308645	0.003204	71.7
18	-0.821632	568.423237	0.002333	69.9
19	-0.000002	565.576365	0.000000	71.0
20	-0.360581	562.767201	0.002127	71.5
21	-1.308734	559.994938	0.003123	72.5
22	-1.180116	557.258797	0.002428	70.1
23	-0.782614	554.558018	0.002038	71.9
24	-1.421538	551.891865	0.001504	72.7
25	-1.283102	549.259621	0.003443	72.3
26	-0.912858	546.660592	0.002209	70.6
27	-0.632830	544.094102	0.001386	72.7
28	-1.388993	541.559494	0.005939	71.3
29	-0.323859	539.056129	0.004796	70.3
30	-0.000000	536.583387	0.000000	71.3
31	-0.876746	534.140663	0.003487	72.4
32	-0.131593	531.727370	0.002151	71.4
33	-0.000002	529.342935	0.000000	70.5
34	-1.331625	526.986802	0.002765	72.9
35	-0.000000	524.658430	0.000000	73.4
36	-1.319710	522.357290	0.002818	71.4
37	-0.000000	520.082868	0.000000	71.3
38	-1.207236	517.834665	0.005240	72.1
39	-1.260238	515.612193	0.001846	71.5
40	-1.180289	513.414976	0.002615	70.1
41	-0.870357	511.242551	0.001787	71.7
42	-1.049006	509.094468	0.001293	71.3
43	-0.803666	506.970285	0.003012	70.5
44	-0.662990	504.869574	0.001707	71.5
45	-1.293455	502.791916	0.003757	71.5
46	-1.018151	500.736903	0.008271	71.4
47	-1.081308	498.704137	0.003230	69.8
48	-1.014486	496.693228	0.001695	72.0
49	-0.865844	494.703798	0.002778	74.1
50	-0.532726	492.735476	0.001319	71.0
51	-0.675293	490.787900	0.002130	71.2
52	-0.000000	488.860718	0.000000	71.2
53	-0.904046	486.953585	0.019322	70.2
54	-1.232153	485.066164	0.008045	71.9
55	-1.358458	483.198126	0.001491	74.1
56	-0.000000	481.349149	0.000000	72.1
57	-0.723114	479.518920	0.001108	70.1
58	-0.005401	477.707132	0.000748	70.9
59	-1.199825	475.913485	0.002137	71.7
60	-1.389243	474.137684	0.011284	69.9
61	-0.000000	472.379445	0.000000	71.6
62	-1.117556	470.638485	0.001206	71.8
63	-0.894201	468.914531	0.002331	74.5
64	-0.562319	467.207315	0.001129	76.9
65	-1.225688	465.516573	0.004898	71.5
66	-1.191778	463.842050	0.006421	72.1
67	-1.446091	462.183494	0.006131	71.8
68	-1.244469	460.540658	0.002433	69.3
69	-0.000000	458.913303	0.000000	73.8
70	-1.098827	457.301192	0.005721	71.4
71	-0.820726	455.704096	0.003116	70.6
72	-0.013431	454.121787	0.001170	70.5
73	-0.000000	452.554045	0.000000	71.4
74	-1.262784	451.000653	0.002627	71.2
75	-1.403862	449.461399	0.002056	70.1
76	-0.769811	447.936075	0.002704	72.2
77	-1.065101	446.424477	0.001745	73.3
78	-0.000000	444.926406	0.000000	71.4
79	-0.937730	443.441666	0.004265	69.8
80	-0.817379	441.970065	0.005295	72.2
81	-0.268850	440.511415	0.001766	71.3
82	-0.290159	439.065533	0.002415	70.7
83	-1.561737	437.632238	0.002437	72.3
84	-1.251479	436.211351	0.003439	73.1
85	-0.122445	434.802701	0.001532	72.2
86	-0.000000	433.406117	0.000000	70.5
87	-1.121921	432.021430	0.007199	71.6
88	-0.353006	430.648479	0.000638	72.1
89	-0.278881	429.287101	0.003333	70.9
90	-1.422085	427.937140	0.018586	72.2
91	-0.909247	426.598440	0.002839	73.3
92	-0.000000	425.270849	0.000000	71.0
93	-0.938293	423.954220	0.002018	73.8
94	-0.000000	422.648404	0.000000	72.3
95	-0.882440	421.353259	0.001252	72.8
96	-0.000000	420.068643	0.000000	69.9
97	-0.000000	418.794419	0.000000	72.1
98	-0.680774	417.530451	0.001369	70.9
99	-1.076401	416.276604	0.003943	71.2
100	-0.163557	415.032748	0.001684	70.9
101	-0.765448	413.798754	0.001793	72.5
102	-0.958919	412.574495	0.001887	72.6
103	-1.308603	411.359849	0.003035	69.5
104	-0.000000	410.154691	0.000000	70.7
105	-1.299536	408.958904	0.003439	72.8
106	-1.482779	407.772368	0.011905	71.1
107	-1.038045	406.594968	0.001363	70.1
108	-0.885733	405.426590	0.001837	73.0
109	-1.107101	404.267122	0.001779	72.7
110	-1.163468	403.116456	0.002647	71.1
111	-0.765932	401.974481	0.002387	73.5
112	-1.241928	400.841093	0.001013	71.5
113	-0.000000	399.716187	0.000000	72.0
114	-0.899113	398.599660	0.003759	69.8
115	-0.974982	397.491411	0.003465	70.8
116	-0.180014	396.391342	0.001143	71.3
117	-1.028397	395.299353	0.002066	69.9
118	-0.989752	394.215350	0.001784	71.1
119	-0.408992	393.139238	0.002919	72.8
120	-0.000000	392.070924	0.000000	72.6
121	-0.555990	391.010316	0.002532	70.3
122	-1.377236	389.957325	0.014498	73.0
123	-0.410959	388.911862	0.001653	71.6
124	-0.375356	387.873839	0.002494	71.6
125	-0.486965	386.843173	0.002884	73.7
126	-0.000000	385.819777	0.000000	72.0
127	-0.000000	384.803569	0.000000	72.7
128	-0.894916	383.794468	0.001528	70.8
129	-1.238924	382.792393	0.001550	72.4
130	-0.995570	381.797264	0.002689	73.4
131	-0.600394	380.809005	0.001761	71.4
132	-0.715516	379.827537	0.001596	71.3
133	-0.000000	378.852786	0.000000	72.3
134	-0.831270	377.884678	0.008243	71.7
135	-1.480484	376.923138	0.003172	71.4
136	-0.688412	375.968095	0.002458	71.8
137	-1.437304	375.019479	0.001852	71.6
138	-1.165552	374.077218	0.001523	71.3
139	-0.777394	373.141244	0.004843	71.9
140	-1.356992	372.211489	0.005520	71.4
141	-0.000000	371.287887	0.000000	72.0
142	-1.186168	370.370370	0.010113	70.2
143	-0.000000	369.458876	0.000000	70.5
144	-0.000000	368.553338	0.000000	71.4
145	-1.115702	367.653696	0.001070	71.2
146	-1.334024	366.759885	0.002372	71.3
147	-1.007863	365.871846	0.002962	73.4
148	-1.379150	364.989518	0.003487	72.1
149	-1.179471	364.112841	0.001188	70.4
150	-1.262240	363.241757	0.002158	70.8
151	-1.367013	362.376208	0.004533	71.7
152	-1.439452	361.516137	0.001984	72.4
153	-1.083717	360.661488	0.004430	70.8
154	-0.371697	359.812206	0.003306	71.0
155	-0.667975	358.968236	0.003284	71.8
156	-0.758128	358.129524	0.002455	70.2
157	-0.000000	357.296018	0.000000	71.2
158	-0.863783	356.467665	0.003086	70.4
159	-0.847340	355.644414	0.001526	70.4
160	-0.495271	354.826213	0.003536	71.4
161	-0.000000	354.013012	0.000000	71.9
162	-1.524228	353.204763	0.008032	72.2
163	-0.310991	352.401415	0.002921	70.2
164	-0.000000	351.602922	0.000000	72.1
165	-0.000001	350.809235	0.000000	71.9
166	-0.693739	350.020308	0.001565	71.1
167	-1.535363	349.236095	0.005243	72.7
168	-0.054093	348.456550	0.002123	72.4
169	-1.060016	347.681627	0.002348	72.3
170	-0.989476	346.911283	0.003538	70.8
171	-0.000000	346.145474	0.000000	70.3
172	-0.427569	345.384157	0.002235	71.3
173	-0.000000	344.627288	0.000000	71.9
174	-0.795089	343.874826	0.001235	71.3
175	-0.000000	343.126729	0.000000	86.9
176	-0.000000	342.382957	0.000000	81.1
177	-0.923607	341.643469	0.002987	72.2
178	-1.398987	340.908224	0.012641	70.5
179	-1.489378	340.177184	0.004123	72.0
180	-0.154381	339.450309	0.001413	73.0
181	-0.800075	338.727561	0.001642	71.6
182	-1.439903	338.008902	0.002146	70.9
183	-1.199290	337.294295	0.004269	71.3
184	-1.234151	336.583703	0.001402	71.3
185	-0.201538	335.877089	0.002402	69.6
186	-0.000000	335.174416	0.000000	70.6
187	-0.932701	334.475651	0.001996	71.9
188	-0.953359	333.780756	0.001891	72.1
189	-1.081105	333.089698	0.002025	71.0
190	-0.342855	332.402443	0.001394	69.9
191	-0.879988	331.718955	0.006172	72.4
192	-0.000000	331.039203	0.000000	71.9
193	-1.262424	330.363153	0.001775	72.8
194	-1.150595	329.690771	0.002970	72.0
195	-0.921297	329.022027	0.001020	71.0
196	-1.120625	328.356888	0.001671	71.3
197	-0.000000	327.695322	0.000000	70.0
198	-1.337736	327.037299	0.006788	71.6
199	-0.575119	326.382787	0.001516	71.0
200	-1.038874	325.731758	0.003349	72.0
201	-0.384454	325.084179	0.002866	71.0
202	-0.000000	324.440023	0.000000	72.2
203	-0.793875	323.799258	0.001807	70.9
204	-0.198634	323.161858	0.002142	69.8
205	-1.254039	322.527792	0.003278	73.1
206	-1.113923	321.897034	0.003333	72.2
207	-0.832941	321.269554	0.003227	72.0
208	-1.015608	320.645325	0.002930	72.1
209	-1.351919	320.024320	0.001716	71.6
210	-0.733418	319.406512	0.001201	72.2
211	-1.099100	318.791875	0.003294	71.3
212	-1.243782	318.180381	0.004235	71.2
213	-0.000000	317.572005	0.000000	71.7
214	-0.135255	316.966721	0.002351	71.0
215	-0.003629	316.364504	0.001024	70.9
216	-0.040949	315.765329	0.001590	72.9
217	-1.098704	315.169170	0.003299	71.0
218	-1.420769	314.576003	0.002332	70.9
219	-1.186476	313.985804	0.001143	72.6
220	-0.917081	313.398548	0.002764	72.4
221	-1.246612	312.814213	0.005703	72.1
222	-1.042095	312.232773	0.006524	72.6
223	-1.037909	311.654207	0.001615	71.2
224	-1.464656	311.078491	0.007219	73.2
225	-0.382280	310.505602	0.001581	72.4
226	-0.000000	309.935518	0.000000	71.7
227	-0.000000	309.368217	0.000000	72.5
228	-0.000002	308.803676	0.000000	72.6
229	-0.526542	308.241874	0.003179	74.4
230	-0.526815	307.682789	0.001444	74.4
231	-1.088097	307.126400	0.001888	72.5
232	-1.217010	306.572687	0.007542	73.4
233	-1.248478	306.021627	0.003317	74.9
234	-1.365558	305.473201	0.001901	73.9
235	-1.067091	304.927388	0.003002	73.7
236	-1.273989	304.384168	0.006917	72.7
237	-0.354265	303.843521	0.004238	72.1
238	-1.254130	303.305427	0.015449	71.1
239	-1.053841	302.769867	0.001158	71.1
240	-0.675826	302.236821	0.001662	72.1
241	-1.254847	301.706270	0.003516	71.7
242	-1.303388	301.178196	0.005957	71.4
243	-1.151641	300.652580	0.001542	73.9
244	-0.000000	300.129402	0.000000	69.8
245	-0.948724	299.608645	0.001997	78.4
246	-0.694691	299.090291	0.002491	76.9
247	-0.689913	298.574321	0.001975	75.8
248	-1.314167	298.060718	0.001455	72.8
249	-0.707874	297.549465	0.001615	73.7
250	-0.979728	297.040543	0.004305	72.6
251	-0.998808	296.533936	0.002164	71.9
252	-0.026521	296.029626	0.000714	69.8
253	-0.634637	295.527597	0.001753	72.0
254	-0.791009	295.027832	0.001880	72.6
255	-0.000000	294.530315	0.000000	71.2
256	-0.126264	294.035028	0.001107	71.6
257	-1.365757	293.541956	0.002276	73.3
258	-0.000000	293.051083	0.000000	71.2
259	-1.125174	292.562393	0.002474	69.3
260	-0.997768	292.075870	0.001764	72.3
261	-0.842557	291.591498	0.001248	72.5
262	-0.980375	291.109263	0.004543	71.8
263	-0.790149	290.629149	0.003000	72.8
264	-0.989908	290.151140	0.001559	72.5
265	-0.000000	289.675222	0.000000	70.9
266	-1.370572	289.201380	0.003533	71.2
267	-0.916188	288.729600	0.001634	69.5
268	-1.155480	288.259866	0.001475	71.3
269	-0.021272	287.792165	0.001181	71.5
270	-0.847758	287.326481	0.002047	72.9
271	-0.000000	286.862802	0.000000	71.6
272	-0.874997	286.401113	0.015132	70.7
273	-0.567974	285.941400	0.003425	70.1
274	-0.524436	285.483649	0.001838	71.0
275	-1.548374	285.027847	0.004090	72.1
276	-0.000000	284.573981	0.000000	73.3
277	-0.877324	284.122037	0.006383	72.2
278	-0.863156	283.672002	0.001696	70.6
279	-0.830208	283.223863	0.004607	71.8
280	-0.424440	282.777607	0.002376	71.4
281	-0.000000	282.333221	0.000000	76.8
282	-1.149984	281.890692	0.003801	78.3
283	-1.206011	281.450008	0.003223	76.7
284	-0.808611	281.011157	0.008072	76.9
285	-1.124824	280.574125	0.005727	70.5
286	-1.011185	280.138901	0.002580	71.1
287	-0.037579	279.705473	0.000634	71.7
288	-0.000001	279.273829	0.000000	73.4
289	-0.587867	278.843956	0.001820	73.6
290	-0.000000	278.415844	0.000000	74.2
291	-0.545835	277.989479	0.001827	73.4
292	-1.295155	277.564851	0.002198	69.5
293	-1.206202	277.141949	0.010518	71.2
294	-1.509840	276.720761	0.009786	71.0
295	-0.215673	276.301275	0.000734	71.3
296	-0.000001	275.883480	0.000000	70.6
297	-1.007095	275.467366	0.003162	72.4
298	-0.965905	275.052922	0.006630	75.1
299	-1.317634	274.640136	0.002021	71.4
300	-0.000000	274.228998	0.000000	70.3
301	-0.000000	273.819497	0.000000	71.0
302	-0.237565	273.411623	0.003074	71.5
303	-0.000000	273.005365	0.000000	70.0
304	-1.166950	272.600712	0.001594	73.0
305	-1.017073	272.197655	0.002179	71.9
306	-0.748174	271.796184	0.001778	70.1
307	-1.160253	271.396287	0.003932	71.4
308	-0.874521	270.997956	0.001098	71.0
309	-1.239013	270.601180	0.003684	74.5
310	-1.214730	270.205949	0.004678	71.2
311	-1.028939	269.812254	0.003814	70.0
312	-0.065283	269.420085	0.001222	73.6
313	-0.945610	269.029432	0.003678	70.9
314	-0.170359	268.640287	0.001715	69.9
315	-1.202282	268.252638	0.003182	72.1
316	-1.177903	267.866478	0.001492	71.5
317	-0.000000	267.481796	0.000000	71.1
318	-0.878738	267.098584	0.007040	73.5
319	-1.207381	266.716833	0.005628	73.6
320	-1.144042	266.336533	0.004621	74.2
321	-1.255820	265.957676	0.002520	72.7
322	-1.062115	265.580253	0.002946	72.2
323	-1.289730	265.204254	0.031178	72.7
324	-1.093312	264.829672	0.001854	71.5
325	-0.125034	264.456497	0.001499	72.6
326	-1.540496	264.084721	0.014256	73.1
327	-0.000000	263.714335	0.000000	71.9
328	-1.137451	263.345332	0.006870	71.2
329	-0.211886	262.977702	0.001818	72.5
330	-1.231974	262.611438	0.001620	81.8
331	-0.914502	262.246531	0.004163	81.8
332	-0.624495	261.882973	0.001808	83.3
333	-0.000000	261.520756	0.000000	74.9
334	-1.284909	261.159871	0.005920	74.4
335	-1.135220	260.800312	0.004201	72.7
336	-0.811895	260.442070	0.006209	70.4
337	-1.023537	260.085137	0.003227	71.2
338	-1.217885	259.729505	0.003147	71.8
339	-1.079235	259.375167	0.004049	72.8
340	-1.169154	259.022116	0.003118	71.8
341	-0.137223	258.670343	0.004078	76.0
342	-0.037288	258.319841	0.002045	73.0
343	-1.104376	257.970602	0.001219	73.2
344	-1.292785	257.622620	0.005707	71.5
345	-0.000000	257.275887	0.000000	73.9
346	-0.077334	256.930396	0.001309	73.6
347	-0.000002	256.586139	0.000000	75.0
348	-1.083320	256.243109	0.002901	73.4
349	-1.467901	255.901300	0.001755	74.0
350	-1.185665	255.560703	0.001009	73.9
351	-0.000000	255.221313	0.000000	71.9
352	-1.447988	254.883122	0.004368	72.0
353	-0.030665	254.546124	0.000986	73.4
354	-1.355727	254.210311	0.002813	71.4
355	-0.461378	253.875677	0.002354	73.5
356	-1.108179	253.542215	0.002879	71.8
357	-1.314146	253.209918	0.001727	72.2
358	-0.822840	252.878781	0.001413	72.2
359	-0.026530	252.548795	0.000968	72.3
360	-0.960944	252.219956	0.001697	72.1
361	-0.000000	251.892255	0.000000	71.6
362	-0.000000	251.565688	0.000000	70.0
363	-0.000000	251.240247	0.000000	71.2
364	-1.155627	250.915926	0.004612	71.8
365	-1.047812	250.592720	0.003482	70.4
366	-0.271942	250.270621	0.005223	71.1
367	-0.888515	249.949624	0.001243	72.8
368	-1.182648	249.629723	0.002866	71.5
369	-0.000000	249.310911	0.000000	69.5
370	-1.193780	248.993182	0.001348	71.4
371	-0.000000	248.676531	0.000000	73.7
372	-1.241422	248.360952	0.004507	73.4
373	-1.374771	248.046438	0.004175	71.2
374	-0.142295	247.732984	0.004024	70.3
375	-1.320251	247.420584	0.002711	71.7
376	-1.317227	247.109233	0.008456	71.6
377	-1.584085	246.798924	0.009086	70.9
378	-1.359547	246.489652	0.001119	71.8
379	-1.595094	246.181412	0.004037	73.5
380	-1.381852	245.874197	0.001003	71.4
381	-1.115629	245.568002	0.004141	72.3
382	-0.699707	245.262822	0.000800	72.0
383	-0.827637	244.958652	0.001077	70.6
384	-0.000000	244.655485	0.000000	70.9
385	-0.000000	244.353317	0.000000	71.8
386	-1.040887	244.052142	0.002434	71.7
387	-0.660950	243.751955	0.001001	72.4
388	-1.243907	243.452750	0.005935	73.4
389	-0.477541	243.154523	0.001985	71.6
390	-1.174521	242.857268	0.003130	72.5
391	-0.000000	242.560980	0.000000	70.2
392	-0.342931	242.265654	0.004224	71.8
393	-1.297104	241.971285	0.017099	71.8
394	-1.336507	241.677868	0.009431	72.5
395	-0.814368	241.385397	0.001705	72.6
396	-0.786530	241.093869	0.003813	71.2
397	-0.943920	240.803278	0.001808	71.3
398	-1.506169	240.513619	0.001783	70.7
399	-0.845528	240.224887	0.001147	72.5
400	-1.234010	239.937077	0.002441	71.0
401	-0.841928	239.650186	0.001598	72.4
402	-1.147098	239.364207	0.001803	72.0
403	-0.000000	239.079136	0.000000	70.9
404	-0.554948	238.794969	0.001493	71.5
405	-0.095473	238.511701	0.001380	70.0
406	-0.975030	238.229327	0.001528	71.3
407	-1.277616	237.947843	0.005110	71.2
408	-0.620368	237.667244	0.001163	72.2
409	-0.921968	237.387526	0.003016	71.0
410	-0.000000	237.108684	0.000000	70.9
411	-1.163789	236.830714	0.005450	71.6
412	-0.221723	236.553610	0.000713	70.5
413	-1.278946	236.277370	0.001663	71.2
414	-0.000000	236.001989	0.000000	72.0
415	-0.176896	235.727461	0.001785	73.2
416	-1.406850	235.453784	0.002937	74.3
417	-1.483802	235.180952	0.011502	72.1
418	-1.253788	234.908962	0.001675	72.4
419	-1.304303	234.637809	0.002275	71.7
420	-0.362606	234.367488	0.003363	72.6
421	-0.080566	234.097997	0.002025	71.5
422	-0.680173	233.829331	0.001135	73.3
423	-0.194628	233.561485	0.001140	71.0
424	-1.345587	233.294456	0.011768	70.8
425	-1.159551	233.028239	0.001610	71.4
426	-1.132723	232.762831	0.004853	70.4
427	-1.325365	232.498228	0.008565	72.2
428	-0.000000	232.234425	0.000000	71.6
429	-1.058344	231.971419	0.001611	72.4
430	-0.966459	231.709205	0.003141	70.1
431	-1.025273	231.447781	0.001509	70.9
432	-0.000000	231.187141	0.000000	72.1
433	-0.000000	230.927283	0.000000	69.8
434	-0.155250	230.668202	0.002098	72.2
435	-1.181382	230.409895	0.002469	72.2
436	-1.016502	230.152358	0.001958	73.0
437	-0.786945	229.895587	0.003137	70.6
438	-0.000000	229.639578	0.000000	71.2
439	-1.170520	229.384329	0.003278	70.5
440	-1.416502	229.129834	0.002357	71.4
441	-1.217710	228.876091	0.005233	71.6
442	-1.373614	228.623096	0.013669	70.8
443	-1.490488	228.370846	0.010143	72.8
444	-1.520333	228.119336	0.002578	69.7
445	-0.864282	227.868563	0.005819	72.3
446	-1.289262	227.618525	0.001673	72.2
447	-0.848517	227.369216	0.001152	70.9
448	-1.132113	227.120635	0.001795	71.2
449	-1.240693	226.872777	0.003186	71.8
450	-0.175627	226.625638	0.001860	73.0
451	-0.000000	226.379217	0.000000	71.4
452	-1.172143	226.133509	0.006136	71.3
453	-0.000000	225.888510	0.000000	71.6
454	-1.190305	225.644218	0.001490	74.4
455	-0.355075	225.400630	0.003043	73.7
456	-0.715402	225.157741	0.001312	71.4
457	-1.137839	224.915549	0.004736	71.8
458	-0.000000	224.674051	0.000000	70.2
459	-1.242104	224.433242	0.001370	72.3
460	-1.246724	224.193121	0.003253	71.4
461	-1.487643	223.953684	0.016225	69.3
462	-1.561454	223.714927	0.005032	70.7
463	-1.275793	223.476848	0.002218	72.2
464	-1.151038	223.239444	0.003928	72.6
465	-1.280117	223.002710	0.001784	70.4
466	-1.343843	222.766645	0.023193	71.8
467	-1.218850	222.531245	0.002944	72.2
468	-0.916108	222.296508	0.001642	71.5
469	-1.063024	222.062429	0.001336	70.2
470	-1.034313	221.829007	0.002806	73.1
471	-0.947586	221.596238	0.004912	72.7
472	-0.819407	221.364119	0.002075	71.1
473	-0.720127	221.132647	0.001468	70.9
474	-1.409075	220.901820	0.009929	71.0
475	-0.059399	220.671634	0.000618	70.6
476	-0.738804	220.442086	0.001471	70.7
477	-1.027072	220.213174	0.002232	71.6
478	-1.243705	219.984895	0.001365	74.1
479	-0.987487	219.757246	0.002571	71.0
480	-1.030337	219.530224	0.001630	71.6
481	-1.278506	219.303826	0.002160	72.3
482	-1.120626	219.078050	0.003843	71.0
483	-0.000000	218.852893	0.000000	73.6
484	-0.729400	218.628352	0.001406	82.4
485	-0.776647	218.404424	0.003472	80.0
486	-1.151286	218.181106	0.003479	79.8
487	-0.579437	217.958397	0.003241	76.2
488	-1.099559	217.736292	0.001172	73.4
489	-0.923405	217.514790	0.001337	71.8
490	-1.200729	217.293888	0.001776	71.2
491	-1.225048	217.073584	0.010543	73.4
492	-0.274576	216.853873	0.002062	72.8
493	-0.000000	216.634755	0.000000	70.7
494	-0.636778	216.416227	0.006134	72.5
495	-0.928800	216.198285	0.002018	71.4
496	-0.848901	215.980927	0.001284	71.5
497	-1.165313	215.764151	0.003524	70.5
498	-0.000000	215.547955	0.000000	72.1
499	-1.246881	215.332335	0.023067	71.7
500	-1.340742	215.117289	0.009201	73.3
501	-1.093646	214.902815	0.003792	71.7
502	-0.000000	214.688911	0.000000	70.7
503	-0.595745	214.475573	0.000960	71.7
504	-0.974985	214.262800	0.001394	74.0
505	-0.634072	214.050588	0.001596	73.2
506	-1.120310	213.838936	0.004930	71.6
507	-0.935322	213.627842	0.002954	71.7
508	-0.222288	213.417302	0.002362	71.3
509	-1.119010	213.207314	0.001108	70.8
510	-0.896318	212.997877	0.001476	71.9
511	-0.945806	212.788987	0.001881	72.3
512	-0.767978	212.580642	0.004335	71.1
513	-0.000000	212.372841	0.000000	71.3
514	-1.361294	212.165581	0.002519	71.3
515	-0.909072	211.958859	0.002603	70.6
516	-1.103075	211.752673	0.004120	70.6
517	-1.457580	211.547021	0.004478	70.8
518	-0.263009	211.341902	0.003041	72.2
519	-0.546463	211.137311	0.003168	73.2
520	-0.764339	210.933248	0.001431	72.1
521	-1.181984	210.729710	0.001357	72.1
522	-1.181781	210.526695	0.008495	72.6
523	-1.405052	210.324200	0.002047	73.3
524	-1.560410	210.122224	0.007981	73.2
525	-0.000000	209.920765	0.000000	74.1
526	-1.167583	209.719820	0.004689	73.1
527	-0.917255	209.519387	0.002152	70.6
528	-0.000000	209.319463	0.000000	71.8
529	-1.387243	209.120048	0.002479	71.4
530	-0.000000	208.921139	0.000000	70.3
531	-1.215768	208.722733	0.001149	72.3
532	-1.349910	208.524829	0.001343	72.8
533	-0.326336	208.327425	0.001562	73.7
534	-0.000000	208.130518	0.000000	70.6
535	-0.845778	207.934107	0.001422	71.1
536	-0.957006	207.738189	0.001252	71.1
537	-0.000000	207.542762	0.000000	71.0
538	-1.624132	207.347825	0.008257	71.2
539	-0.201031	207.153376	0.001324	71.3
540	-0.556934	206.959412	0.001513	73.5
541	-1.655393	206.765932	0.017123	71.2
542	-0.492611	206.572933	0.001475	71.1
543	-0.660423	206.380414	0.001669	72.0
544	-0.000000	206.188373	0.000000	70.8
545	-1.458863	205.996807	0.006726	72.1
546	-0.572356	205.805716	0.001737	71.8
547	-0.985095	205.615096	0.005169	73.0
548	-0.055273	205.424946	0.001538	69.8
549	-1.188559	205.235265	0.001084	72.1
550	-1.183271	205.046050	0.003547	72.5
551	-0.979558	204.857299	0.001297	71.8
552	-0.718956	204.669011	0.003229	71.3
553	-1.308706	204.481184	0.003370	72.3
554	-0.891858	204.293816	0.003159	72.1
555	-1.203764	204.106905	0.002071	69.2
556	-1.333398	203.920449	0.004324	71.6
557	-1.593526	203.734447	0.003545	70.6
558	-0.855775	203.548896	0.001592	70.7
559	-1.252305	203.363795	0.028146	70.5
560	-0.000927	203.179143	0.000520	71.1
561	-1.165496	202.994937	0.005834	72.5
562	-0.652956	202.811176	0.001655	69.8
563	-1.176689	202.627857	0.001812	71.6
564	-0.336525	202.444980	0.004101	72.5
565	-1.322214	202.262543	0.002764	75.9
566	-1.016696	202.080543	0.005988	72.0
567	-1.402726	201.898979	0.016114	72.8
568	-0.941159	201.717849	0.002517	72.5
569	-0.000000	201.537153	0.000000	71.0
570	-1.164991	201.356887	0.002033	71.6
571	-0.791441	201.177050	0.004781	71.9
572	-0.000000	200.997642	0.000000	71.9
573	-1.410714	200.818659	0.028195	70.6
574	-1.136654	200.640100	0.004349	71.3
575	-0.993864	200.461965	0.003307	73.2
576	-0.474404	200.284250	0.001063	70.5
577	-0.903897	200.106955	0.002027	70.8
578	-1.381111	199.930078	0.001884	72.3
579	-0.801598	199.753617	0.002197	72.9
580	-0.916335	199.577571	0.004698	71.2
581	-0.574850	199.401938	0.002374	73.1
582	-1.297156	199.226717	0.001729	71.3
583	-1.096855	199.051905	0.001710	71.3
584	-0.973771	198.877502	0.002955	71.6
585	-0.000000	198.703506	0.000000	71.3
586	-1.379873	198.529916	0.002032	71.9
587	-0.821365	198.356729	0.001548	71.1
588	-1.045585	198.183944	0.001614	71.4
589	-0.149937	198.011560	0.001288	73.9
590	-0.101323	197.839576	0.001561	69.9
591	-0.000000	197.667989	0.000000	69.7
592	-0.245334	197.496798	0.001480	71.7
593	-0.864403	197.326002	0.001651	70.8
594	-0.000001	197.155600	0.000000	74.1
595	-0.708802	196.985589	0.000930	75.0
596	-1.120787	196.815969	0.002870	74.4
597	-1.459300	196.646738	0.010277	73.4
598	-1.023387	196.477894	0.003561	72.3
599	-0.495757	196.309436	0.002202	73.7
600	-0.726881	196.141363	0.001911	75.3
601	-1.081760	195.973673	0.001549	74.6
602	-1.224330	195.806365	0.004001	72.8
603	-0.595150	195.639437	0.002244	73.6
604	-0.785127	195.472888	0.003693	71.9
605	-0.000648	195.306717	0.000478	74.7
606	-0.000000	195.140922	0.000000	74.0
607	-0.000000	194.975501	0.000000	75.4
608	-0.613250	194.810454	0.003114	73.6
609	-1.158104	194.645779	0.013806	75.3
610	-0.858665	194.481475	0.001934	74.6
611	-1.139874	194.317540	0.001649	73.3
612	-1.139263	194.153973	0.001919	74.5
613	-0.000000	193.990773	0.000000	73.0
614	-0.295099	193.827938	0.000925	73.1
615	-0.004646	193.665467	0.000127	74.1
616	-1.060408	193.503358	0.002242	77.7
617	-0.887297	193.341611	0.002505	73.3
618	-0.000000	193.180224	0.000000	75.4
619	-1.323767	193.019196	0.003768	75.0
620	-0.902722	192.858525	0.002932	75.0
621	-1.549176	192.698210	0.001421	73.3
622	-1.268248	192.538251	0.012801	72.0
623	-0.919880	192.378644	0.004872	70.8
624	-1.376050	192.219391	0.001890	70.9
625	-0.833108	192.060488	0.001549	71.3
626	-1.149603	191.901935	0.002961	71.5
627	-0.816522	191.743730	0.003680	71.4
628	-0.000000	191.585873	0.000000	70.1
629	-1.317279	191.428362	0.018401	74.3
630	-0.592938	191.271196	0.001598	73.4
631	-0.062335	191.114374	0.000991	71.5
632	-1.224426	190.957893	0.003284	69.6
633	-1.308683	190.801755	0.016056	71.9
634	-0.982913	190.645956	0.002316	72.2
635	-1.050918	190.490495	0.003983	70.7
636	-0.693905	190.335373	0.003715	72.7
637	-1.159202	190.180587	0.002321	71.8
638	-1.164861	190.026136	0.014747	71.7
639	-1.178106	189.872019	0.001809	70.0
640	-0.000000	189.718235	0.000000	71.8
641	-0.357153	189.564782	0.001607	70.4
642	-0.250554	189.411661	0.001258	71.2
643	-0.804638	189.258868	0.001824	71.8
644	-0.041301	189.106404	0.001996	72.7
645	-1.387273	188.954267	0.002765	71.0
646	-1.089584	188.802456	0.003359	70.6
647	-1.242798	188.650969	0.003317	72.5
648	-1.336450	188.499807	0.000969	71.9
649	-0.140461	188.348967	0.001123	70.2
650	-1.562724	188.198448	0.003522	72.7
651	-0.000000	188.048250	0.000000	71.8
652	-0.056607	187.898371	0.000706	71.2
653	-1.059019	187.748810	0.002712	70.4
654	-1.325443	187.599566	0.016548	72.5
655	-0.615116	187.450638	0.001862	71.4
656	-0.000000	187.302025	0.000000	70.2
657	-0.710022	187.153725	0.002070	71.0
658	-1.473702	187.005739	0.014847	72.1
659	-0.000002	186.858064	0.000005	71.7
660	-1.258520	186.710699	0.001699	70.5
661	-1.000917	186.563645	0.003859	72.1
662	-0.000000	186.416898	0.000000	71.6
663	-0.000000	186.270459	0.000000	71.4
664	-0.974789	186.124326	0.001895	72.6
665	-0.951991	185.978499	0.001604	71.9
666	-0.000000	185.832976	0.000000	71.5
667	-1.431414	185.687756	0.014427	71.2
668	-1.347969	185.542838	0.022490	71.6
669	-1.330193	185.398222	0.003452	71.6
670	-0.849610	185.253906	0.002326	70.9
671	-1.563993	185.109889	0.016983	71.2
672	-0.549496	184.966170	0.001635	72.1
673	-0.000000	184.822748	0.000000	71.4
674	-1.442259	184.679623	0.002474	70.7
675	-0.897650	184.536792	0.001640	74.4
676	-0.748120	184.394256	0.001420	72.1
677	-0.788653	184.252013	0.004075	72.3
678	-0.019695	184.110062	0.000240	72.9
679	-0.034386	183.968403	0.000955	73.0
680	-1.094488	183.827034	0.004002	71.3
681	-0.338577	183.685954	0.005138	71.9
682	-0.301989	183.545163	0.004499	70.4
683	-0.754200	183.404658	0.002498	73.7
684	-0.000000	183.264441	0.000000	71.3
685	-0.985381	183.124509	0.001292	72.4
686	-0.996564	182.984861	0.005390	71.1
687	-1.126809	182.845497	0.001956	72.4
688	-0.248164	182.706416	0.001055	70.6
689	-0.180232	182.567616	0.002077	70.6
690	-0.078563	182.429098	0.001171	72.6
691	-1.237604	182.290859	0.005792	70.8
692	-1.196337	182.152899	0.002077	72.6
693	-0.778905	182.015217	0.002889	71.8
694	-1.109877	181.877813	0.002288	70.8
695	-0.000012	181.740684	0.000009	73.0
696	-1.229006	181.603832	0.002249	71.0
697	-0.011327	181.467253	0.001833	71.6
698	-0.282541	181.330948	0.002035	72.9
699	-0.939659	181.194916	0.006539	73.9
700	-0.000002	181.059155	0.000000	70.9
701	-0.297885	180.923666	0.001081	71.2
702	-0.133250	180.788446	0.001876	71.4
703	-1.418749	180.653496	0.006920	71.5
704	-0.912930	180.518814	0.001229	71.5
705	-1.088264	180.384399	0.004746	71.1
706	-0.000000	180.250251	0.000000	71.9
707	-0.564243	180.116369	0.003542	70.8
708	-0.734729	179.982752	0.003369	70.9
709	-1.494087	179.849398	0.023726	70.9
710	-1.005239	179.716308	0.002946	70.2
711	-0.973129	179.583480	0.003925	71.3
712	-1.014635	179.450913	0.001175	71.4
713	-1.111492	179.318607	0.011782	74.0
714	-1.245226	179.186561	0.003974	71.4
715	-0.937111	179.054774	0.004325	71.7
716	-0.000000	178.923245	0.000000	70.5
717	-0.731896	178.791973	0.001406	71.5
718	-1.137216	178.660958	0.004677	71.1
719	-0.000000	178.530199	0.000000	71.8
720	-1.032067	178.399694	0.002689	71.8
721	-1.597099	178.269444	0.008661	72.9
722	-0.863270	178.139447	0.003034	72.2
723	-1.125179	178.009702	0.003255	71.4
724	-0.781228	177.880209	0.001126	70.3
725	-1.207047	177.750967	0.001080	71.7
726	-0.826769	177.621975	0.002326	71.8
727	-0.000000	177.493232	0.000000	73.3
728	-1.477730	177.364738	0.003436	70.6
729	-1.009093	177.236492	0.001267	71.8
730	-0.679411	177.108492	0.001732	72.1
731	-1.144861	176.980739	0.006077	71.7
732	-1.388113	176.853231	0.001899	71.1
733	-1.208825	176.725968	0.002045	70.6
734	-1.210140	176.598949	0.001572	73.0
735	-1.109956	176.472173	0.002177	70.6
736	-0.960784	176.345639	0.001449	73.0
737	-0.756665	176.219348	0.004057	71.6
738	-1.095102	176.093296	0.002948	70.7
739	-1.209552	175.967486	0.001513	71.4
740	-1.179475	175.841914	0.002386	72.4
741	-1.193099	175.716581	0.001706	72.5
742	-0.031734	175.591486	0.000407	70.7
743	-0.652289	175.466629	0.001433	71.1
744	-1.138441	175.342008	0.005771	70.5
745	-1.514695	175.217622	0.005064	70.0
746	-1.048635	175.093472	0.001775	82.6
747	-1.343044	174.969556	0.001796	73.6
748	-0.875888	174.845873	0.002150	77.2
749	-0.516739	174.722423	0.003094	77.8
750	-1.423761	174.599206	0.023945	75.0
751	-0.828018	174.476220	0.002048	74.4
752	-1.240346	174.353464	0.003365	73.2
753	-1.103868	174.230939	0.002402	69.8
754	-0.363656	174.108643	0.003518	72.7
755	-1.238511	173.986576	0.002617	74.4
756	-1.324825	173.864737	0.003754	71.6
757	-0.000000	173.743124	0.000000	70.1
758	-0.627367	173.621739	0.001442	72.0
759	-0.994371	173.500579	0.003426	75.7
760	-1.263097	173.379645	0.002434	70.3
761	-0.567481	173.258935	0.001522	72.7
762	-0.988383	173.138449	0.001749	71.5
763	-0.906764	173.018186	0.004087	71.2
764	-1.007858	172.898146	0.001327	70.5
765	-0.000000	172.778327	0.000000	70.2
766	-1.079419	172.658730	0.002425	72.1
767	-0.000000	172.539353	0.000000	70.7
768	-0.000002	172.420196	0.000000	73.0
769	-0.000000	172.301258	0.000000	74.6
770	-1.141222	172.182539	0.002918	71.7
771	-1.021201	172.064037	0.001030	71.2
772	-1.237767	171.945753	0.003470	72.1
773	-1.162726	171.827686	0.004318	71.2
774	-0.026801	171.709834	0.000380	72.6
775	-0.000000	171.592198	0.000000	71.4
776	-0.000000	171.474776	0.000000	71.8
777	-0.970756	171.357568	0.004394	71.4
778	-1.160515	171.240574	0.002709	72.2
779	-0.839421	171.123793	0.001591	71.7
780	-1.051768	171.007223	0.001114	71.7
781	-1.026421	170.890865	0.005505	70.6
782	-0.016813	170.774718	0.000665	72.3
783	-1.489279	170.658782	0.008555	70.5
784	-1.445432	170.543055	0.019949	73.0
785	-1.126465	170.427537	0.001682	70.3
786	-0.000000	170.312227	0.000000	71.8
787	-1.022328	170.197125	0.001215	71.4
788	-0.643838	170.082231	0.002734	72.0
789	-1.095625	169.967543	0.004955	71.5
790	-1.150176	169.853061	0.003535	71.6
791	-1.078098	169.738784	0.002292	72.2
792	-1.365635	169.624713	0.003145	70.9
793	-0.866975	169.510845	0.001391	71.7
794	-1.344546	169.397181	0.001653	71.8
795	-0.000000	169.283720	0.000000	72.2
796	-1.028103	169.170462	0.001375	72.0
797	-1.364411	169.057405	0.002813	72.4
798	-1.277526	168.944549	0.001672	70.8
799	-0.000000	168.831895	0.000000	69.9
800	-0.923224	168.719440	0.001350	73.4
801	-0.452783	168.607185	0.001999	72.6
802	-0.897753	168.495129	0.002213	71.2
803	-1.310030	168.383271	0.002869	72.1
804	-0.000000	168.271611	0.000000	71.4
805	-1.329602	168.160148	0.004106	71.6
806	-1.395823	168.048882	0.002626	69.9
807	-0.000000	167.937812	0.000000	71.6
808	-1.299105	167.826938	0.001253	71.5
809	-0.944578	167.716258	0.001793	71.5
810	-0.000003	167.605773	0.000000	71.4
811	-0.909465	167.495482	0.001396	73.1
812	-0.989768	167.385384	0.002750	71.6
813	-0.004775	167.275479	0.000461	69.7
814	-0.005032	167.165766	0.000200	72.5
815	-1.142466	167.056245	0.006074	72.1
816	-0.000000	166.946915	0.000000	73.3
817	-0.000000	166.837776	0.000000	74.5
818	-1.051221	166.728826	0.002204	71.8
819	-1.252697	166.620067	0.002632	71.1
820	-1.176606	166.511496	0.007494	70.7
821	-0.674762	166.403113	0.003400	70.8
822	-0.729846	166.294919	0.004649	71.3
823	-0.000000	166.186912	0.000000	72.1
824	-0.687788	166.079091	0.001535	72.2
825	-1.091777	165.971458	0.000911	73.1
826	-1.052590	165.864009	0.007269	71.8
827	-1.006174	165.756747	0.003923	71.1
828	-1.075023	165.649669	0.002241	71.6
829	-0.000000	165.542775	0.000000	71.9
830	-0.000000	165.436065	0.000000	71.6
831	-0.732756	165.329538	0.001628	71.7
832	-1.271387	165.223194	0.003655	72.0
833	-0.715674	165.117032	0.003857	72.0
834	-0.741991	165.011052	0.001601	71.4
835	-0.648806	164.905253	0.003173	69.9
836	-0.000000	164.799635	0.000000	71.3
837	-1.025985	164.694197	0.001871	71.6
838	-0.973090	164.588939	0.001506	72.6
839	-1.471167	164.483859	0.004268	71.0
840	-0.002615	164.378959	0.000445	72.2
841	-1.088569	164.274237	0.001762	70.7
842	-0.249702	164.169692	0.001194	70.8
843	-1.226716	164.065325	0.000841	71.5
844	-0.738196	163.961135	0.001621	71.6
845	-1.194145	163.857120	0.014026	72.0
846	-1.178568	163.753282	0.002441	72.0
847	-0.872070	163.649619	0.001412	72.4
848	-0.821485	163.546130	0.002032	71.5
849	-0.626064	163.442816	0.002345	70.1
850	-1.358449	163.339676	0.001789	72.0
851	-0.000000	163.236709	0.000000	70.4
852	-1.083767	163.133915	0.001749	72.7
853	-0.000000	163.031294	0.000000	71.4
854	-1.544823	162.928844	0.014776	71.1
855	-1.547258	162.826566	0.002954	71.5
856	-0.203046	162.724459	0.000868	71.7
857	-0.004771	162.622523	0.000222	71.1
858	-0.556162	162.520757	0.001484	71.6
859	-0.000000	162.419160	0.000000	73.1
860	-1.087619	162.317733	0.002940	70.6
861	-1.389677	162.216474	0.002176	71.3
862	-1.546853	162.115383	0.002783	71.1
863	-1.275314	162.014461	0.001149	70.6
864	-0.255991	161.913705	0.001938	72.7
865	-1.433460	161.813117	0.002443	72.0
866	-0.948209	161.712695	0.005971	72.3
867	-1.359321	161.612439	0.001996	70.5
868	-0.846922	161.512349	0.001180	73.3
869	-1.118296	161.412424	0.034391	71.8
870	-0.965904	161.312663	0.001887	71.3
871	-0.740253	161.213067	0.006234	70.9
872	-1.390622	161.113635	0.001410	71.2
873	-0.777760	161.014366	0.002198	72.1
874	-1.201909	160.915260	0.001447	70.3
875	-0.126894	160.816316	0.000612	71.9
876	-0.173799	160.717535	0.001981	71.6
877	-0.799427	160.618915	0.002278	71.2
878	-1.415388	160.520456	0.003876	73.2
879	-1.026847	160.422158	0.008234	72.1
880	-1.105551	160.324021	0.003278	73.3
881	-0.257309	160.226043	0.001590	70.7
882	-0.947547	160.128225	0.001859	71.1
883	-0.000000	160.030566	0.000000	70.8
884	-1.464900	159.933066	0.003823	71.2
885	-0.000000	159.835723	0.000000	72.5
886	-1.122431	159.738539	0.003112	72.5
887	-1.265321	159.641512	0.002203	73.4
888	-1.081796	159.544642	0.001098	70.7
889	-1.047133	159.447929	0.007330	70.5
890	-0.423187	159.351372	0.003006	71.4
891	-0.000000	159.254971	0.000000	70.5
892	-0.000000	159.158725	0.000000	70.9
893	-0.000000	159.062634	0.000000	71.9
894	-0.972191	158.966697	0.001974	74.8
895	-0.617567	158.870915	0.004487	71.3
896	-1.096505	158.775286	0.007466	71.0
897	-0.424470	158.679811	0.002590	75.0
898	-0.113037	158.584489	0.002673	71.6
899	-0.876168	158.489319	0.002549	70.7
900	-1.226813	158.394302	0.002268	72.7
901	-1.315959	158.299436	0.002512	71.5
902	-0.996183	158.204721	0.008715	71.4
903	-1.077091	158.110158	0.005014	72.2
904	-0.603615	158.015745	0.001699	71.8
905	-0.948241	157.921482	0.001464	70.8
906	-0.000000	157.827369	0.000000	70.5
907	-1.120252	157.733406	0.003507	72.1
908	-0.000002	157.639591	0.000000	72.6
909	-0.910506	157.545925	0.004419	70.7
910	-0.695692	157.452408	0.003643	72.1
911	-0.823057	157.359038	0.001841	71.6
912	-1.090903	157.265816	0.001392	72.3
913	-0.609722	157.172741	0.002255	70.4
914	-1.364218	157.079813	0.001679	72.1
915	-0.961213	156.987031	0.003263	72.4
916	-0.970295	156.894395	0.002264	71.5
917	-0.971633	156.801904	0.001156	71.2
918	-0.590639	156.709559	0.002964	71.3
919	-0.000002	156.617359	0.000000	71.5
920	-0.000000	156.525304	0.000000	70.6
921	-1.181425	156.433392	0.002409	71.2
922	-1.439073	156.341624	0.002906	74.0
923	-1.219651	156.250000	0.003509	70.9
924	-0.023131	156.158519	0.000248	72.8
925	-0.000000	156.067180	0.000000	74.0
926	-0.945716	155.975984	0.002653	74.8
927	-0.240517	155.884930	0.001696	73.8
928	-0.000000	155.794017	0.000000	73.8
929	-1.016893	155.703246	0.004210	71.7
930	-0.529596	155.612615	0.001475	70.3
931	-0.774822	155.522125	0.001171	71.3
932	-0.000000	155.431775	0.000000	70.8
933	-1.160481	155.341565	0.001507	71.4
934	-0.485380	155.251495	0.003368	74.4
935	-0.821452	155.161563	0.000984	73.5
936	-0.717150	155.071771	0.005795	73.8
937	-1.013706	154.982117	0.002948	71.1
938	-1.207343	154.892601	0.001599	69.0
939	-1.023001	154.803222	0.005333	71.7
940	-1.151232	154.713981	0.001685	70.7
941	-1.536300	154.624878	0.002723	72.9
942	-1.110133	154.535910	0.001268	76.0
943	-1.054667	154.447080	0.002521	71.7
944	-0.000000	154.358385	0.000000	70.8
945	-1.444005	154.269826	0.006365	70.0
946	-0.000000	154.181402	0.000000	71.6
947	-0.000000	154.093114	0.000000	71.3
948	-1.320360	154.004960	0.003762	70.0
949	-0.647564	153.916940	0.002512	71.2
950	-0.039329	153.829054	0.000625	73.3
951	-0.000003	153.741303	0.000000	71.7
952	-0.414747	153.653684	0.002722	71.3
953	-0.877711	153.566198	0.021650	71.3
954	-0.000000	153.478846	0.000000	72.4
955	-1.205264	153.391625	0.001806	70.1
956	-0.355475	153.304537	0.002234	73.6
957	-0.518458	153.217580	0.003358	71.5
958	-0.000000	153.130755	0.000000	72.1
959	-0.930965	153.044061	0.001628	70.6
960	-0.004198	152.957498	0.000187	73.5
961	-0.816790	152.871065	0.001803	71.2
962	-1.241935	152.784762	0.003366	73.2
963	-0.115587	152.698589	0.001626	70.9
964	-1.052426	152.612545	0.001596	71.5
965	-1.420532	152.526631	0.016810	72.5
966	-1.198567	152.440845	0.003642	70.0
967	-1.101425	152.355188	0.002780	73.2
968	-1.501376	152.269660	0.001766	71.3
969	-1.264696	152.184259	0.001191	69.5
970	-0.760329	152.098986	0.003259	72.9
971	-0.000000	152.013840	0.000000	71.1
972	-0.881806	151.928821	0.002836	71.5
973	-1.201602	151.843928	0.006059	71.2
974	-1.193521	151.759163	0.032091	71.5
975	-1.502490	151.674523	0.004569	71.6
976	-0.982277	151.590009	0.001677	71.2
977	-1.132884	151.505620	0.002505	70.3
978	-1.399413	151.421357	0.002222	72.3
979	-0.862865	151.337218	0.001341	71.4
980	-1.133684	151.253204	0.002925	70.5
981	-0.000000	151.169314	0.000000	72.7
982	-0.199102	151.085549	0.001411	71.5
983	-0.933436	151.001907	0.004116	70.6
984	-1.285427	150.918388	0.005674	71.9
985	-0.956334	150.834992	0.001632	71.8
986	-0.007957	150.751719	0.000226	71.9
987	-1.042503	150.668569	0.001988	70.1
988	-1.186481	150.585541	0.004023	71.5
989	-1.059174	150.502634	0.003109	71.4
990	-0.895608	150.419849	0.001604	69.6
991	-0.616877	150.337186	0.001771	71.5
992	-0.731382	150.254644	0.001160	73.0
993	-1.578472	150.172222	0.008214	72.0
994	-1.222753	150.089921	0.001470	70.1
995	-0.000000	150.007740	0.000000	72.1
996	-0.758531	149.925679	0.002604	71.0
997	-1.300654	149.843737	0.002731	71.1
998	-0.963459	149.761915	0.002595	72.2
999	-0.606036	149.680212	0.002176	71.9
1000	-1.066832	149.598627	0.001738	71.9
1001	-0.073362	149.517161	0.002595	71.0
1002	-0.135584	149.435814	0.002204	72.1
1003	-1.320438	149.354584	0.002234	73.7
1004	-0.000000	149.273472	0.000000	71.6
1005	-0.350600	149.192477	0.000778	71.7
1006	-1.396835	149.111599	0.010695	73.1
1007	-1.144257	149.030838	0.001755	71.3
1008	-1.342161	148.950194	0.009345	69.7
1009	-1.432418	148.869666	0.003141	72.6
1010	-1.502054	148.789253	0.012661	71.5
1011	-1.005762	148.708957	0.001174	71.8
1012	-1.294542	148.628776	0.002460	72.3
1013	-0.946873	148.548710	0.001369	71.6
1014	-1.015638	148.468759	0.001966	72.3
1015	-1.352793	148.388923	0.010148	70.9
1016	-0.000000	148.309201	0.000000	70.7
1017	-1.038060	148.229594	0.001557	72.1
1018	-1.292700	148.150100	0.001820	71.5
1019	-0.000000	148.070719	0.000000	71.5
1020	-0.782717	147.991452	0.001156	70.9
1021	-1.029211	147.912298	0.002390	71.0
1022	-0.000000	147.833257	0.000000	71.7
1023	-1.198006	147.754329	0.002653	70.1
1024	-1.098254	147.675512	0.006714	71.7
1025	-0.849376	147.596808	0.003679	70.9
1026	-0.592403	147.518216	0.001605	73.2
1027	-0.984395	147.439735	0.001468	71.8
1028	-0.000000	147.361365	0.000000	71.7
1029	-1.199567	147.283106	0.001929	71.9
1030	-1.300675	147.204958	0.002621	70.5
1031	-0.000000	147.126920	0.000000	72.0
1032	-0.800364	147.048993	0.002785	73.4
1033	-1.021234	146.971175	0.002302	72.7
1034	-0.823432	146.893468	0.001542	71.0
1035	-0.974582	146.815869	0.000957	71.5
1036	-0.980756	146.738380	0.002281	70.5
1037	-0.000000	146.661000	0.000000	70.7
1038	-0.780160	146.583729	0.004052	71.7
1039	-1.308030	146.506566	0.001359	71.4
1040	-0.000000	146.429511	0.000000	72.1
1041	-0.558838	146.352565	0.001660	71.5
1042	-1.079802	146.275726	0.001157	71.6
1043	-1.065333	146.198994	0.001043	71.0
1044	-0.317660	146.122370	0.003996	70.3
1045	-0.000000	146.045853	0.000000	70.9
1046	-1.172484	145.969442	0.001613	71.5
1047	-0.588569	145.893139	0.003323	73.2
1048	-0.941044	145.816941	0.002623	71.1
1049	-0.307109	145.740849	0.002717	70.5
1050	-0.676753	145.664863	0.004940	70.8
1051	-0.000003	145.588983	0.000000	70.4
1052	-1.186424	145.513208	0.003958	71.0
1053	-1.246082	145.437538	0.001394	72.7
1054	-0.194244	145.361973	0.001795	72.7
1055	-0.000000	145.286513	0.000000	70.6
1056	-1.452867	145.211157	0.002727	70.8
1057	-1.205653	145.135905	0.006470	71.2
1058	-1.303103	145.060757	0.001677	69.7
1059	-1.160607	144.985712	0.002311	71.8
1060	-1.520982	144.910771	0.002535	71.2
1061	-1.386112	144.835934	0.001396	72.9
1062	-0.487254	144.761199	0.001697	72.0
1063	-0.516269	144.686567	0.002136	71.4
1064	-1.403206	144.612037	0.001882	71.2
1065	-1.132079	144.537610	0.003853	71.7
1066	-1.193367	144.463285	0.002297	72.5
1067	-0.488829	144.389062	0.001682	72.5
1068	-0.000000	144.314940	0.000000	73.7
1069	-0.738855	144.240920	0.001484	73.1
1070	-1.432622	144.167001	0.002052	76.7
1071	-0.518664	144.093182	0.002215	72.3
1072	-1.161090	144.019465	0.001532	71.9
1073	-1.380557	143.945848	0.001847	73.5
1074	-0.000000	143.872331	0.000000	72.2
1075	-0.000002	143.798914	0.000000	73.1
1076	-0.922036	143.725597	0.002697	72.6
1077	-1.270736	143.652380	0.003078	79.7
1078	-0.316337	143.579262	0.003754	84.2
1079	-0.924647	143.506243	0.001467	77.4
1080	-1.014025	143.433323	0.001137	73.8
1081	-1.345185	143.360502	0.002229	76.0
1082	-1.369268	143.287780	0.001787	75.8
1083	-0.000000	143.215155	0.000000	73.5
1084	-1.197013	143.142629	0.009731	72.4
1085	-1.057967	143.070201	0.003976	71.8
1086	-1.214161	142.997870	0.001458	72.3
1087	-0.139957	142.925637	0.000745	72.9
1088	-1.084304	142.853501	0.003664	70.9
1089	-1.071951	142.781462	0.001586	72.6
1090	-0.000000	142.709519	0.000000	72.6
1091	-0.895984	142.637674	0.004804	71.8
1092	-0.668158	142.565924	0.001552	80.2
1093	-1.614755	142.494271	0.006674	83.1
1094	-0.032432	142.422714	0.001795	77.9
1095	-1.612116	142.351252	0.002454	76.5
1096	-0.000000	142.279886	0.000000	76.3
1097	-1.541019	142.208616	0.004830	73.7
1098	-0.141613	142.137440	0.002400	72.7
1099	-1.426901	142.066360	0.001341	70.9
1100	-1.412354	141.995374	0.001230	71.1
1101	-1.087318	141.924483	0.002677	71.5
1102	-1.138595	141.853685	0.001747	70.5
1103	-0.502214	141.782983	0.001604	71.9
1104	-0.920279	141.712373	0.003383	72.1
1105	-0.000000	141.641858	0.000000	71.5
1106	-0.681160	141.571436	0.001624	71.0
1107	-0.520606	141.501108	0.002133	71.2
1108	-0.318399	141.430872	0.002304	72.6
1109	-0.000000	141.360730	0.000000	72.2
1110	-0.072564	141.290680	0.001280	73.7
1111	-1.257499	141.220722	0.009119	75.3
1112	-0.880911	141.150857	0.002863	75.6
1113	-0.000000	141.081084	0.000000	74.3
1114	-0.809297	141.011403	0.015392	70.7
1115	-0.767993	140.941813	0.001921	72.4
1116	-0.000000	140.872315	0.000000	71.6
1117	-1.198180	140.802909	0.001636	71.6
1118	-0.987476	140.733593	0.001616	79.5
1119	-1.051655	140.664369	0.002240	78.7
1120	-1.529536	140.595235	0.007548	78.2
1121	-0.430184	140.526192	0.001621	77.9
1122	-1.656479	140.457239	0.004476	76.3
1123	-0.173784	140.388376	0.002339	75.2
1124	-1.190983	140.319603	0.004803	71.9
1125	-0.913875	140.250920	0.002752	70.3
1126	-0.503585	140.182326	0.002901	71.6
1127	-0.578471	140.113822	0.001739	71.2
1128	-0.137219	140.045407	0.002282	76.4
1129	-0.720813	139.977081	0.001461	75.6
1130	-0.000000	139.908844	0.000000	71.0
1131	-0.994592	139.840696	0.003701	70.1
1132	-0.000000	139.772635	0.000000	76.0
1133	-1.238743	139.704664	0.001538	73.7
1134	-1.646880	139.636780	0.005412	71.6
1135	-0.590620	139.568984	0.001729	72.9
1136	-1.226420	139.501276	0.003557	71.7
1137	-1.164682	139.433655	0.003970	73.6
1138	-1.301030	139.366122	0.004430	70.1
1139	-0.703340	139.298676	0.001681	70.2
1140	-1.209266	139.231317	0.001120	70.7
1141	-1.270719	139.164045	0.001754	70.5
1142	-1.206268	139.096859	0.005895	70.6
1143	-1.398886	139.029760	0.001100	70.7
1144	-1.158502	138.962747	0.001317	71.0
1145	-0.924173	138.895820	0.005491	74.2
1146	-0.978813	138.828978	0.001560	73.0
1147	-0.000000	138.762223	0.000000	71.7
1148	-0.381674	138.695553	0.001632	69.8
1149	-0.189234	138.628969	0.001209	70.9
1150	-0.043262	138.562469	0.001549	71.2
1151	-1.106220	138.496055	0.001644	72.7
1152	-0.838334	138.429725	0.001179	71.3
1153	-1.254788	138.363481	0.001939	70.4
1154	-0.345283	138.297320	0.003124	70.9
1155	-1.298481	138.231244	0.002098	70.5
1156	-1.220875	138.165252	0.001822	69.9
1157	-0.706723	138.099344	0.002776	70.3
1158	-0.000000	138.033520	0.000000	70.8
1159	-1.189339	137.967779	0.001484	71.3
1160	-0.830960	137.902122	0.002555	71.1
1161	-0.000000	137.836548	0.000000	70.9
1162	-1.066607	137.771057	0.002385	70.0
1163	-0.971433	137.705649	0.001593	70.5
1164	-1.132340	137.640324	0.000961	71.3
1165	-1.500404	137.575081	0.002041	71.6
1166	-1.156188	137.509921	0.002791	70.9
1167	-0.912826	137.444842	0.001629	70.5
1168	-1.183653	137.379846	0.018344	70.8
1169	-0.810667	137.314932	0.003362	71.2
1170	-1.111223	137.250100	0.001699	70.8
1171	-1.229290	137.185349	0.009388	70.5
1172	-1.167042	137.120680	0.002223	70.8
1173	-0.381791	137.056092	0.003485	70.9
1174	-1.044892	136.991585	0.003894	70.2
1175	-1.218602	136.927158	0.003676	72.2
1176	-1.348785	136.862813	0.001028	71.5
1177	-1.060256	136.798548	0.001859	72.1
1178	-0.842071	136.734363	0.002751	72.0
1179	-1.182052	136.670259	0.001868	73.3
1180	-1.068150	136.606235	0.001578	71.9
1181	-1.240053	136.542291	0.003350	70.3
1182	-1.349369	136.478426	0.002664	69.4
1183	-0.981779	136.414641	0.001526	70.5
1184	-0.501955	136.350936	0.002832	70.1
1185	-0.167701	136.287310	0.002317	70.4
1186	-0.000000	136.223763	0.000000	70.7
1187	-1.229361	136.160295	0.001633	70.7
1188	-1.038632	136.096905	0.002637	73.3
1189	-1.369045	136.033594	0.001603	71.4
1190	-1.557375	135.970362	0.003356	69.8
1191	-0.547073	135.907208	0.002110	70.5
1192	-0.000000	135.844133	0.000000	71.6
1193	-1.245491	135.781135	0.001922	72.2
1194	-0.878868	135.718215	0.003038	71.0
1195	-1.016672	135.655373	0.002314	70.8
1196	-0.652288	135.592608	0.008074	70.4
1197	-0.680363	135.529921	0.003305	69.6
1198	-0.031022	135.467311	0.002043	70.7
1199	-0.292070	135.404778	0.001231	71.1
1200	-1.298015	135.342322	0.025497	71.1
1201	-1.261580	135.279942	0.002904	70.5
1202	-0.000000	135.217640	0.000000	69.7
1203	-0.000000	135.155413	0.000000	70.9
1204	-0.959171	135.093263	0.003717	70.8
1205	-0.000000	135.031190	0.000000	70.5
1206	-1.185385	134.969192	0.003110	73.1
1207	-0.877817	134.907270	0.002043	71.0
1208	-1.281097	134.845424	0.005622	71.6
1209	-0.000000	134.783653	0.000000	70.6
1210	-1.053018	134.721958	0.001996	71.0
1211	-0.372893	134.660338	0.003974	71.4
1212	-1.195785	134.598793	0.001405	72.0
1213	-1.227369	134.537323	0.002186	71.5
1214	-0.664180	134.475927	0.002655	71.4
1215	-1.208233	134.414607	0.000970	72.2
1216	-1.246182	134.353361	0.000745	71.1
1217	-1.319247	134.292189	0.004234	71.1
1218	-1.213248	134.231092	0.001761	70.0
1219	-1.032172	134.170068	0.005247	72.3
1220	-1.147564	134.109119	0.003191	71.4
1221	-0.012557	134.048243	0.000524	72.7
1222	-1.082956	133.987441	0.002603	72.0
1223	-1.145499	133.926713	0.003254	70.6
1224	-0.982046	133.866057	0.002018	70.1
1225	-0.906501	133.805475	0.003006	70.3
1226	-0.000000	133.744966	0.000000	70.0
1227	-0.000000	133.684530	0.000000	70.4
1228	-0.000000	133.624167	0.000000	71.9
1229	-1.444555	133.563877	0.002981	73.0
1230	-1.287602	133.503658	0.012246	71.3
1231	-0.000000	133.443513	0.000000	69.8
1232	-1.342979	133.383439	0.020249	71.0
1233	-1.252223	133.323437	0.001449	70.2
1234	-1.109627	133.263508	0.003172	72.3
1235	-0.171335	133.203650	0.002403	72.0
1236	-1.126999	133.143864	0.003058	70.7
1237	-1.185574	133.084149	0.002575	71.3
1238	-0.316585	133.024506	0.002433	69.9
1239	-1.253221	132.964934	0.004178	71.9
1240	-0.966591	132.905433	0.001621	70.1
1241	-1.297914	132.846003	0.003229	69.5
1242	-0.461125	132.786643	0.002015	70.2
1243	-1.238338	132.727355	0.001622	71.1
1244	-0.609361	132.668137	0.004773	71.5
1245	-1.310216	132.608989	0.002421	71.4
1246	-0.869954	132.549912	0.001950	71.3
1247	-0.296140	132.490904	0.002623	70.7
1248	-1.441914	132.431967	0.006091	71.9
1249	-1.511607	132.373100	0.005167	69.9
1250	-1.259679	132.314302	0.005169	72.2
1251	-1.175854	132.255574	0.003625	70.8
1252	-0.000000	132.196916	0.000000	70.8
1253	-1.169493	132.138326	0.004112	70.8
1254	-0.779208	132.079806	0.002038	71.5
1255	-0.535416	132.021355	0.002281	70.2
1256	-1.218634	131.962973	0.006168	70.5
1257	-0.000000	131.904660	0.000000	71.5
1258	-0.921564	131.846415	0.003555	70.5
1259	-1.088456	131.788239	0.004273	71.1
1260	-1.012865	131.730131	0.003665	71.2
1261	-0.670543	131.672092	0.001887	71.1
1262	-1.589600	131.614121	0.028435	70.1
1263	-0.979344	131.556217	0.001627	70.8
1264	-0.000000	131.498382	0.000000	71.9
1265	-1.302480	131.440614	0.002633	71.0
1266	-1.402811	131.382914	0.001993	69.5
1267	-0.100176	131.325282	0.001723	70.7
1268	-0.666522	131.267717	0.002954	71.0
1269	-1.083574	131.210219	0.001464	70.5
1270	-0.963884	131.152788	0.002385	70.6
1271	-0.762199	131.095424	0.001017	70.2
1272	-1.253055	131.038127	0.002001	70.3
1273	-0.000000	130.980897	0.000000	70.5
1274	-1.383399	130.923733	0.002715	71.3
1275	-1.098867	130.866636	0.004154	70.9
1276	-0.118552	130.809605	0.001122	71.4
1277	-0.752392	130.752641	0.003054	70.5
1278	-1.615595	130.695742	0.004601	72.5
1279	-0.000000	130.638910	0.000000	71.0
1280	-0.553491	130.582143	0.001061	71.5
1281	-0.973175	130.525442	0.001636	70.3
1282	-1.583983	130.468807	0.002147	70.3
1283	-1.138241	130.412237	0.000936	70.5
1284	-1.530116	130.355733	0.005229	70.8
1285	-0.000000	130.299294	0.000000	70.4
1286	-0.991833	130.242920	0.002537	71.2
1287	-1.131266	130.186611	0.002774	72.0
1288	-0.000001	130.130366	0.000000	70.3
1289	-1.527183	130.074187	0.005600	70.4
1290	-1.433973	130.018072	0.013964	71.6
1291	-0.807496	129.962022	0.002851	71.8
1292	-0.000000	129.906036	0.000000	73.1
1293	-0.332975	129.850114	0.003393	69.7
1294	-1.357500	129.794257	0.002798	72.0
1295	-0.193428	129.738463	0.001774	70.8
1296	-0.895904	129.682734	0.001523	70.9
1297	-0.000000	129.627068	0.000000	70.6
1298	-0.956409	129.571466	0.002351	71.0
1299	-0.649374	129.515927	0.001636	71.4
1300	-0.000001	129.460452	0.000000	70.5
1301	-0.000000	129.405040	0.000000	71.3
1302	-1.235362	129.349692	0.002556	72.9
1303	-0.000000	129.294406	0.000000	69.5
1304	-1.162235	129.239183	0.001780	71.2
1305	-0.000000	129.184024	0.000000	70.7
1306	-0.000000	129.128927	0.000000	73.7
1307	-1.048476	129.073892	0.002550	70.0
1308	-1.038600	129.018921	0.001520	70.0
1309	-0.982958	128.964011	0.001031	69.8
1310	-0.176076	128.909164	0.001379	69.7
1311	-1.289930	128.854379	0.002104	69.8
1312	-0.000000	128.799656	0.000000	70.8
1313	-0.321814	128.744995	0.004030	71.8
1314	-1.590567	128.690396	0.003811	69.7
1315	-0.967800	128.635858	0.002610	71.3
1316	-0.000000	128.581382	0.000000	70.8
1317	-1.177077	128.526968	0.001932	70.2
1318	-1.273145	128.472615	0.002179	71.9
1319	-0.000133	128.418323	0.000023	70.9
1320	-1.224010	128.364092	0.003146	72.0
1321	-1.098033	128.309922	0.001602	70.4
1322	-0.971504	128.255814	0.004587	70.4
1323	-0.915249	128.201766	0.003360	72.9
1324	-0.064943	128.147778	0.001832	71.6
1325	-0.503763	128.093852	0.001374	70.2
1326	-0.798139	128.039985	0.001580	71.1
1327	-0.864343	127.986180	0.001711	71.2
1328	-1.443126	127.932434	0.002786	70.1
1329	-1.269090	127.878749	0.019103	71.1
1330	-0.736290	127.825123	0.001547	70.4
1331	-0.684737	127.771558	0.001567	71.1
1332	-0.427707	127.718052	0.001844	72.9
1333	-0.876172	127.664606	0.001542	70.6
1334	-0.764394	127.611220	0.001791	72.8
1335	-1.152686	127.557893	0.001248	70.6
1336	-0.749594	127.504625	0.001673	72.3
1337	-0.000000	127.451417	0.000000	70.8
1338	-0.000000	127.398268	0.000000	70.3
1339	-1.097998	127.345178	0.001971	71.2
1340	-0.918370	127.292147	0.002556	70.5
1341	-1.308629	127.239175	0.001806	72.6
1342	-1.240524	127.186261	0.004006	73.6
1343	-1.279242	127.133407	0.001758	72.6
1344	-0.758082	127.080610	0.001570	73.2
1345	-0.924482	127.027872	0.001025	73.7
1346	-0.000000	126.975193	0.000000	75.7
1347	-0.905648	126.922572	0.001639	72.9
1348	-0.854439	126.870008	0.002055	72.9
1349	-0.098186	126.817503	0.002552	70.6
1350	-0.426128	126.765056	0.003268	70.4
1351	-1.297102	126.712667	0.002357	70.7
1352	-1.491373	126.660335	0.002236	70.2
1353	-1.360285	126.608061	0.015212	69.9
1354	-0.627171	126.555844	0.002498	70.4
1355	-0.000000	126.503685	0.000000	72.2
1356	-0.000000	126.451583	0.000000	71.5
1357	-1.036041	126.399538	0.001662	71.4
1358	-0.000002	126.347550	0.000000	70.0
1359	-1.347300	126.295619	0.002323	69.8
1360	-0.601302	126.243745	0.001726	71.2
1361	-0.700261	126.191928	0.001611	70.3
1362	-1.236328	126.140168	0.002275	73.3
1363	-0.970149	126.088464	0.001638	70.7
1364	-1.063216	126.036817	0.001447	70.2
1365	-0.024701	125.985226	0.000821	69.9
1366	-1.116773	125.933691	0.002592	69.5
1367	-0.956457	125.882212	0.003622	70.2
1368	-0.001074	125.830790	0.000164	70.1
1369	-0.900007	125.779423	0.001509	70.8
1370	-0.000000	125.728113	0.000000	72.3
1371	-1.063736	125.676858	0.001624	71.6
1372	-0.921004	125.625659	0.001735	71.7
1373	-0.000000	125.574515	0.000000	70.2
1374	-0.796784	125.523427	0.002055	70.2
1375	-1.213227	125.472394	0.002405	71.1
1376	-1.306987	125.421417	0.015454	72.2
1377	-1.081592	125.370495	0.000998	69.5
1378	-0.981135	125.319628	0.001267	72.0
1379	-1.058779	125.268815	0.002922	70.1
1380	-1.375664	125.218058	0.001525	69.9
1381	-1.309644	125.167356	0.001420	70.1
1382	-0.429423	125.116708	0.001552	71.4
1383	-0.807845	125.066115	0.003254	70.9
1384	-1.172041	125.015576	0.003868	70.9
1385	-0.083879	124.965092	0.001866	72.2
1386	-1.367654	124.914662	0.001370	72.1
1387	-0.987957	124.864287	0.001751	71.5
1388	-1.630339	124.813965	0.002048	69.4
1389	-0.612417	124.763698	0.004700	71.6
1390	-1.054202	124.713485	0.003067	73.3
1391	-0.980205	124.663325	0.001157	70.8
1392	-0.685750	124.613219	0.001418	71.0
1393	-1.309752	124.563167	0.002653	70.2
1394	-0.000000	124.513168	0.000000	71.1
1395	-1.184187	124.463223	0.001536	69.8
1396	-1.186530	124.413332	0.003503	70.5
1397	-0.011156	124.363493	0.001921	71.7
1398	-1.072739	124.313708	0.002314	70.5
1399	-0.288648	124.263976	0.002796	71.0
1400	-0.000000	124.214297	0.000000	71.4
1401	-1.070247	124.164671	0.002651	74.9
1402	-0.851762	124.115097	0.001388	70.6
1403	-0.615717	124.065577	0.001874	70.8
1404	-0.000000	124.016109	0.000000	73.0
1405	-0.678912	123.966693	0.002642	70.4
1406	-1.123752	123.917330	0.018195	70.5
1407	-0.804599	123.868020	0.003762	71.2
1408	-0.005409	123.818762	0.000140	71.1
1409	-1.221574	123.769556	0.002188	70.1
1410	-0.000000	123.720402	0.000000	70.0
1411	-0.922810	123.671300	0.002016	70.3
1412	-1.095156	123.622250	0.001903	70.6
1413	-0.468801	123.573252	0.001455	71.3
1414	-0.000000	123.524305	0.000000	71.5
1415	-0.587619	123.475411	0.004702	69.5
1416	-1.137021	123.426568	0.002871	70.8
1417	-0.681788	123.377776	0.001426	72.6
1418	-0.000001	123.329036	0.000000	74.8
1419	-1.001635	123.280347	0.002106	71.7
1420	-1.244909	123.231709	0.001896	70.2
1421	-0.001709	123.183122	0.001529	69.8
1422	-0.025767	123.134587	0.000975	70.6
1423	-0.766182	123.086102	0.001253	70.1
1424	-0.000000	123.037669	0.000000	71.1
1425	-0.979538	122.989286	0.004574	70.9
1426	-1.109328	122.940954	0.001100	71.3
1427	-0.123615	122.892672	0.001912	70.9
1428	-0.579787	122.844441	0.001715	71.5
1429	-0.000000	122.796261	0.000000	71.1
1430	-1.106561	122.748130	0.001387	71.0
1431	-1.194513	122.700050	0.004006	72.8
1432	-0.896643	122.652021	0.002814	73.5
1433	-0.027806	122.604041	0.002173	72.1
1434	-0.419831	122.556111	0.002644	74.1
1435	-1.225155	122.508232	0.001890	72.3
1436	-0.000000	122.460402	0.000000	74.1
1437	-0.900686	122.412622	0.006936	76.0
1438	-1.101556	122.364891	0.002523	74.4
1439	-1.245323	122.317210	0.002313	72.5
1440	-0.012981	122.269579	0.002040	73.0
1441	-0.780689	122.221997	0.001703	72.8
1442	-0.798266	122.174465	0.000947	73.4
1443	-1.122842	122.126981	0.002562	72.8
1444	-0.561396	122.079547	0.001344	76.9
1445	-1.138402	122.032162	0.001286	77.8
1446	-1.424300	121.984826	0.002068	75.9
1447	-1.320717	121.937539	0.002045	74.0
1448	-0.382329	121.890301	0.001610	73.3
1449	-0.714539	121.843112	0.003572	72.9
1450	-1.072746	121.795971	0.003509	73.3
1451	-1.555420	121.748879	0.003419	72.8
1452	-0.976274	121.701835	0.001333	73.4
1453	-1.352356	121.654840	0.004190	73.5
1454	-0.923453	121.607893	0.003200	72.8
1455	-0.000000	121.560994	0.000000	73.9
1456	-0.918993	121.514144	0.002112	74.4
1457	-1.531614	121.467342	0.002870	72.4
1458	-1.305272	121.420588	0.003589	75.3
1459	-1.427629	121.373882	0.003138	80.5
1460	-0.666374	121.327223	0.002949	77.7
1461	-1.214170	121.280613	0.001529	73.4
1462	-0.885734	121.234050	0.002783	72.9
1463	-1.173220	121.187535	0.001429	70.3
1464	-0.116355	121.141067	0.000614	71.8
1465	-0.953067	121.094647	0.001483	70.9
1466	-1.417166	121.048274	0.002118	72.1
1467	-1.125475	121.001949	0.001177	72.6
1468	-1.187267	120.955671	0.002594	70.9
1469	-0.907500	120.909440	0.001804	72.8
1470	-0.183854	120.863256	0.001375	70.9
1471	-0.721320	120.817119	0.001004	73.7
1472	-1.440632	120.771029	0.001174	73.3
1473	-1.405202	120.724986	0.021359	72.2
1474	-0.004167	120.678990	0.000185	70.6
1475	-1.542780	120.633040	0.002942	74.0
1476	-1.441193	120.587137	0.001905	73.2
1477	-0.596560	120.541281	0.001310	70.6
1478	-1.303688	120.495471	0.006891	70.8
1479	-1.221878	120.449707	0.002391	70.1
1480	-0.000000	120.403990	0.000000	71.7
1481	-0.989581	120.358319	0.001622	70.4
1482	-1.246784	120.312694	0.001094	71.4
1483	-0.214712	120.267115	0.002599	71.1
1484	-1.564081	120.221582	0.014878	70.6
1485	-0.000001	120.176096	0.000000	73.1
1486	-0.330946	120.130655	0.002226	70.8
1487	-1.107730	120.085260	0.004020	72.3
1488	-0.000000	120.039910	0.000000	70.1
1489	-1.143321	119.994606	0.002746	70.5
1490	-0.652514	119.949348	0.002430	69.9
1491	-0.000001	119.904135	0.000000	70.7
1492	-1.302261	119.858968	0.006091	71.0
1493	-0.000000	119.813846	0.000000	71.7
1494	-0.614008	119.768769	0.003747	71.2
1495	-1.366726	119.723738	0.001652	71.8
1496	-0.477841	119.678752	0.000940	71.0
1497	-1.351003	119.633810	0.002712	70.3
1498	-0.000000	119.588914	0.000000	70.8
1499	-0.933143	119.544062	0.002571	70.4
1500	-0.785544	119.499256	0.018280	70.1
1501	-1.292758	119.454494	0.012022	72.4
1502	-0.000000	119.409777	0.000000	70.1
1503	-1.249868	119.365104	0.001303	69.6
1504	-1.320439	119.320476	0.002640	70.9
1505	-1.058398	119.275893	0.002187	70.7
1506	-0.968880	119.231353	0.001182	70.2
1507	-0.906177	119.186859	0.002513	71.7
1508	-1.219540	119.142408	0.001622	70.8
1509	-0.000000	119.098002	0.000000	69.7
1510	-0.069325	119.053639	0.001595	70.3
1511	-0.000000	119.009321	0.000000	71.1
1512	-1.403788	118.965047	0.015031	70.6
1513	-0.000000	118.920816	0.000000	71.3
1514	-1.318115	118.876630	0.002610	73.6
1515	-1.032079	118.832487	0.001750	73.3
1516	-1.264071	118.788388	0.002463	70.8
1517	-0.000000	118.744332	0.000000	75.3
1518	-1.353597	118.700320	0.012089	73.6
1519	-0.291217	118.656352	0.001741	86.2
1520	-0.000000	118.612427	0.000000	72.5
1521	-0.000000	118.568545	0.000000	79.8
1522	-0.900408	118.524706	0.002743	72.0
1523	-1.108402	118.480911	0.002957	70.2
1524	-1.093471	118.437159	0.001360	71.5
1525	-0.399615	118.393450	0.002028	70.8
1526	-0.489764	118.349784	0.002616	69.8
1527	-1.322158	118.306160	0.001734	71.6
1528	-1.017584	118.262580	0.004407	72.2
1529	-1.137809	118.219042	0.003474	72.6
1530	-0.046996	118.175548	0.001122	70.5
1531	-1.285637	118.132095	0.008998	71.5
1532	-0.939310	118.088686	0.002024	72.7
1533	-0.607879	118.045319	0.001184	69.9
1534	-0.778319	118.001994	0.001906	69.9
1535	-0.000000	117.958712	0.000000	70.6
1536	-0.975140	117.915472	0.001284	72.5
1537	-1.157739	117.872274	0.003174	70.5
1538	-0.648192	117.829118	0.001400	71.4
1539	-1.618880	117.786005	0.005729	71.1
1540	-1.072435	117.742933	0.002982	70.3
1541	-0.000000	117.699904	0.000000	72.0
1542	-1.197552	117.656916	0.002992	70.3
1543	-1.015730	117.613971	0.002974	72.5
1544	-0.958821	117.571067	0.003427	71.3
1545	-0.000000	117.528205	0.000000	71.9
1546	-0.902971	117.485384	0.001573	71.5
1547	-0.627964	117.442605	0.001287	71.2
1548	-0.883579	117.399867	0.002956	71.6
1549	-1.418388	117.357171	0.002514	73.5
1550	-0.378492	117.314517	0.002016	69.8
1551	-0.917239	117.271903	0.002078	71.4
1552	-1.147577	117.229331	0.002964	71.5
1553	-0.989556	117.186800	0.002729	70.8
1554	-1.263286	117.144311	0.002423	70.8
1555	-0.000000	117.101862	0.000000	71.8
1556	-0.000000	117.059454	0.000000	69.9
1557	-0.027055	117.017087	0.001779	73.4
1558	-1.049044	116.974762	0.002259	71.0
1559	-0.978621	116.932476	0.001868	71.0
1560	-0.896268	116.890232	0.002015	70.7
1561	-0.791450	116.848028	0.001732	72.0
1562	-0.006434	116.805865	0.001969	70.6
1563	-0.854651	116.763743	0.002504	70.7
1564	-0.759660	116.721661	0.005119	70.9
1565	-0.000000	116.679619	0.000000	70.2
1566	-1.038560	116.637618	0.001179	70.9
1567	-0.096065	116.595657	0.000970	71.2
1568	-1.456671	116.553736	0.002628	70.4
1569	-0.888067	116.511855	0.007345	71.1
1570	-1.211382	116.470015	0.001889	71.4
1571	-1.315988	116.428214	0.006052	73.0
1572	-1.306359	116.386454	0.011169	71.7
1573	-0.909750	116.344733	0.002121	72.7
1574	-0.583048	116.303052	0.001817	70.8
1575	-0.000000	116.261412	0.000000	70.4
1576	-0.609641	116.219810	0.001263	70.9
1577	-0.858547	116.178249	0.003440	70.6
1578	-1.189172	116.136727	0.004776	71.0
1579	-0.616698	116.095245	0.001238	70.0
1580	-1.255841	116.053802	0.001895	71.8
1581	-1.426000	116.012398	0.001510	77.2
1582	-0.969687	115.971034	0.001136	76.0
1583	-0.000000	115.929710	0.000000	83.6
1584	-0.000000	115.888424	0.000000	77.7
1585	-0.562892	115.847178	0.001492	79.1
1586	-1.162729	115.805970	0.003023	74.2
1587	-0.558932	115.764802	0.003059	70.7
1588	-0.954862	115.723673	0.001531	69.7
1589	-1.328115	115.682583	0.002149	70.5
1590	-0.000000	115.641532	0.000000	70.7
1591	-0.000000	115.600519	0.000000	70.7
1592	-0.874185	115.559546	0.000963	70.0
1593	-0.944045	115.518610	0.001796	70.2
1594	-1.438003	115.477714	0.010591	70.9
1595	-1.125055	115.436856	0.001562	70.7
1596	-0.000000	115.396037	0.000000	70.8
1597	-1.154822	115.355256	0.001601	71.2
1598	-1.076489	115.314514	0.001790	72.5
1599	-1.152575	115.273810	0.002662	72.4
1600	-0.697655	115.233144	0.002643	70.5
1601	-1.401364	115.192517	0.002100	72.1
1602	-1.162328	115.151927	0.001488	70.4
1603	-0.666520	115.111376	0.002189	71.0
1604	-0.000000	115.070863	0.000000	70.6
1605	-1.262291	115.030388	0.009658	71.7
1606	-1.462979	114.989951	0.015421	70.5
1607	-1.332494	114.949551	0.003224	70.2
1608	-0.000000	114.909190	0.000000	71.3
1609	-1.322817	114.868866	0.001971	71.4
1610	-0.952821	114.828580	0.001240	70.9
1611	-0.000000	114.788332	0.000000	72.8
1612	-0.903742	114.748121	0.004041	71.8
1613	-1.283312	114.707948	0.002631	72.4
1614	-1.101827	114.667812	0.001329	71.4
1615	-1.192692	114.627714	0.002874	71.1
1616	-0.800770	114.587653	0.006135	70.8
1617	-0.941784	114.547629	0.001395	70.8
1618	-0.849712	114.507643	0.002695	70.5
1619	-1.445954	114.467693	0.002480	70.7
1620	-1.404932	114.427781	0.003836	70.8
1621	-1.024539	114.387907	0.004108	70.1
1622	-1.156687	114.348069	0.001772	71.2
1623	-1.246080	114.308268	0.003086	70.6
1624	-1.531574	114.268504	0.002790	69.6
1625	-1.091968	114.228777	0.003194	72.3
1626	-0.852644	114.189086	0.001710	71.5
1627	-0.927909	114.149433	0.001809	71.7
1628	-0.934097	114.109816	0.003678	70.0
1629	-0.949469	114.070235	0.002048	71.4
1630	-0.928753	114.030692	0.020016	72.5
1631	-1.262980	113.991185	0.002686	71.6
1632	-0.918172	113.951714	0.001526	70.9
1633	-1.056139	113.912280	0.001899	70.9
1634	-0.000000	113.872882	0.000000	71.1
1635	-0.000000	113.833521	0.000000	71.3
1636	-0.878482	113.794195	0.002459	71.9
1637	-1.225806	113.754906	0.001389	71.5
1638	-1.114164	113.715653	0.002641	71.5
1639	-0.691834	113.676437	0.002076	71.1
1640	-1.335181	113.637256	0.002269	71.8
1641	-1.080985	113.598111	0.002124	71.4
1642	-1.166996	113.559002	0.003238	70.3
1643	-1.092721	113.519929	0.001967	70.5
1644	-0.947109	113.480892	0.002866	71.2
1645	-1.572010	113.441891	0.002774	70.3
1646	-0.000000	113.402925	0.000000	70.2
1647	-0.842828	113.363995	0.011853	70.9
1648	-1.036740	113.325101	0.002870	69.3
1649	-1.492302	113.286242	0.011519	72.1
1650	-1.055896	113.247419	0.001261	71.6
1651	-0.000000	113.208631	0.000000	71.3
1652	-1.221365	113.169879	0.003292	71.0
1653	-0.031829	113.131162	0.000277	71.3
1654	-0.000000	113.092480	0.000000	70.4
1655	-1.299319	113.053833	0.001725	71.1
1656	-0.980063	113.015222	0.001842	71.4
1657	-0.000000	112.976646	0.000000	69.5
1658	-1.402777	112.938105	0.001542	70.5
1659	-0.596064	112.899599	0.005240	70.3
1660	-0.155585	112.861128	0.002384	70.5
1661	-0.824200	112.822692	0.002471	70.4
1662	-0.021524	112.784291	0.000837	70.0
1663	-1.192247	112.745924	0.001301	70.9
1664	-0.000001	112.707593	0.000000	71.6
1665	-1.330610	112.669296	0.011973	70.8
1666	-0.729406	112.631034	0.001371	70.9
1667	-0.000000	112.592806	0.000000	72.0
1668	-0.902135	112.554613	0.001286	72.0
1669	-1.198195	112.516455	0.004460	75.4
1670	-0.443559	112.478331	0.003997	71.7
1671	-0.868179	112.440241	0.001569	70.7
1672	-1.314503	112.402186	0.001552	71.9
1673	-1.246170	112.364165	0.002280	72.8
1674	-0.991998	112.326179	0.002142	72.2
1675	-0.743255	112.288227	0.002854	72.4
1676	-1.274057	112.250309	0.000802	72.8
1677	-1.132657	112.212425	0.001950	74.0
1678	-0.090632	112.174575	0.001825	73.8
1679	-0.000001	112.136759	0.000002	72.5
1680	-1.551447	112.098977	0.002073	70.5
1681	-1.314653	112.061229	0.001528	71.4
1682	-0.000000	112.023515	0.000000	73.7
1683	-0.780693	111.985834	0.001415	73.4
1684	-1.235349	111.948188	0.001609	79.0
1685	-0.900223	111.910575	0.003268	79.9
1686	-0.000000	111.872996	0.000000	76.3
1687	-0.983279	111.835450	0.001121	74.3
1688	-1.160078	111.797939	0.002128	72.6
1689	-0.786545	111.760460	0.002364	74.1
1690	-1.274772	111.723015	0.016927	69.9
1691	-0.945698	111.685604	0.002510	72.2
1692	-0.755214	111.648226	0.002037	71.2
1693	-1.296403	111.610881	0.004193	69.6
1694	-1.125268	111.573570	0.001496	71.7
1695	-0.661805	111.536292	0.001517	71.2
1696	-0.000000	111.499047	0.000000	83.2
1697	-1.088971	111.461835	0.002999	79.1
1698	-0.000000	111.424656	0.000000	81.8
1699	-1.433545	111.387510	0.001771	77.6
1700	-0.523058	111.350398	0.003763	73.1
1701	-1.284383	111.313318	0.001792	74.8
1702	-1.598254	111.276271	0.003171	74.3
1703	-1.512362	111.239257	0.007077	78.5
1704	-0.138281	111.202276	0.002501	74.6
1705	-1.196773	111.165328	0.001257	76.3
1706	-0.908439	111.128412	0.005065	71.9
1707	-0.000000	111.091529	0.000000	73.5
1708	-0.086316	111.054679	0.001640	73.6
1709	-1.206863	111.017861	0.000866	74.8
1710	-0.823363	110.981076	0.001496	71.4
1711	-0.000000	110.944323	0.000000	72.8
1712	-0.465762	110.907603	0.003428	72.1
1713	-1.124271	110.870915	0.003235	73.0
1714	-1.318852	110.834259	0.001273	71.8
1715	-0.172615	110.797636	0.001817	72.6
1716	-1.266389	110.761045	0.014251	73.0
1717	-1.126002	110.724486	0.004255	75.5
1718	-0.800441	110.687959	0.001856	75.8
1719	-1.197163	110.651465	0.003183	74.9
1720	-0.000000	110.615002	0.000000	75.3
1721	-0.904893	110.578572	0.002664	74.6
1722	-1.260282	110.542173	0.003020	77.5
1723	-0.113664	110.505807	0.000622	80.5
1724	-0.445058	110.469472	0.001876	83.9
1725	-0.000000	110.433169	0.000000	86.0
1726	-0.822873	110.396898	0.002382	82.6
1727	-1.414925	110.360659	0.001251	78.8
1728	-0.376333	110.324451	0.000981	77.3
1729	-0.954041	110.288276	0.001177	78.5
1730	-0.691453	110.252131	0.001549	78.3
1731	-0.968861	110.216019	0.001762	84.0
1732	-1.105331	110.179937	0.002443	83.4
1733	-1.249139	110.143888	0.001857	76.3
1734	-1.259267	110.107869	0.003627	78.1
1735	-0.000000	110.071882	0.000000	77.4
1736	-0.893773	110.035927	0.001733	81.7
1737	-0.971159	110.000003	0.002514	87.9
1738	-0.683115	109.964110	0.003889	79.9
1739	-1.159045	109.928248	0.001950	76.4
1740	-1.132986	109.892417	0.001419	86.6
1741	-0.883209	109.856618	0.001294	80.8
1742	-1.372402	109.820850	0.002875	81.9
1743	-1.195870	109.785112	0.001755	79.8
1744	-1.680625	109.749406	0.009814	79.3
1745	-1.555216	109.713730	0.001894	78.1
1746	-0.881427	109.678086	0.004368	79.7
1747	-0.000000	109.642472	0.000000	92.6
1748	-0.000000	109.606890	0.000000	92.5
1749	-1.184083	109.571337	0.001606	88.7
1750	-0.000001	109.535816	0.000001	86.5
1751	-0.122654	109.500326	0.002324	81.6
1752	-1.160045	109.464866	0.002222	91.6
1753	-1.565777	109.429436	0.011135	89.0
1754	-0.814664	109.394038	0.003519	81.9
1755	-1.203911	109.358669	0.002481	79.7
1756	-1.268258	109.323331	0.001095	81.1
1757	-0.375886	109.288024	0.002378	81.7
1758	-0.788052	109.252747	0.000975	87.2
1759	-0.945919	109.217501	0.004417	85.6
1760	-0.917764	109.182284	0.001101	84.6
1761	-1.538438	109.147098	0.001763	86.1
1762	-0.614485	109.111942	0.001181	76.3
1763	-1.344966	109.076817	0.002737	78.5
1764	-0.000000	109.041721	0.000000	77.4
1765	-1.267045	109.006656	0.004230	76.3
1766	-1.388828	108.971620	0.014553	75.9
1767	-0.000000	108.936615	0.000000	77.6
1768	-1.252530	108.901640	0.002386	73.7
1769	-1.140756	108.866694	0.001199	76.5
1770	-0.875114	108.831779	0.003296	75.5
1771	-1.169624	108.796893	0.002410	71.0
1772	-1.051266	108.762037	0.003703	75.8
1773	-0.429849	108.727211	0.002935	77.1
1774	-0.503051	108.692415	0.002084	73.5
1775	-0.742866	108.657648	0.003482	70.4
1776	-1.127008	108.622911	0.001026	70.2
1777	-0.764299	108.588203	0.001323	72.3
1778	-0.996994	108.553525	0.004715	70.7
1779	-0.000000	108.518877	0.000000	70.8
1780	-0.922063	108.484258	0.003051	71.5
1781	-1.341016	108.449668	0.001941	73.1
1782	-1.183392	108.415108	0.003509	74.3
1783	-1.543233	108.380578	0.002450	72.5
1784	-0.924965	108.346076	0.001688	71.9
1785	-0.000000	108.311604	0.000000	71.5
1786	-1.269141	108.277161	0.002882	71.8
1787	-1.048987	108.242747	0.003461	70.8
1788	-0.845071	108.208363	0.003814	72.5
1789	-1.156578	108.174007	0.001370	78.0
1790	-0.000000	108.139681	0.000000	78.7
1791	-0.778569	108.105383	0.001524	76.8
1792	-0.300227	108.071115	0.003610	77.1
1793	-1.399584	108.036875	0.033226	76.9
1794	-0.594097	108.002665	0.001226	73.6
1795	-1.407624	107.968483	0.003490	71.5
1796	-0.000000	107.934330	0.000000	72.5
1797	-0.000349	107.900206	0.000073	79.5
1798	-1.431458	107.866111	0.001597	76.9
1799	-0.767325	107.832044	0.001403	79.2
1800	-0.606355	107.798007	0.003329	75.1
1801	-0.000000	107.763997	0.000000	78.5
1802	-0.000000	107.730017	0.000000	75.1
1803	-1.199354	107.696065	0.003645	75.9
1804	-0.130712	107.662141	0.002100	77.7
1805	-1.172167	107.628246	0.010960	77.4
1806	-1.432190	107.594379	0.002047	77.1
1807	-0.260431	107.560541	0.002706	74.3
1808	-1.416611	107.526731	0.001326	73.0
1809	-0.036853	107.492949	0.000882	71.8
1810	-1.504687	107.459196	0.002075	71.8
1811	-0.000000	107.425471	0.000000	74.1
1812	-0.747434	107.391774	0.003303	74.0
1813	-0.052418	107.358106	0.001752	71.5
1814	-0.962154	107.324465	0.006159	72.6
1815	-0.076530	107.290853	0.001621	76.5
1816	-1.313202	107.257268	0.016584	79.8
1817	-1.217258	107.223712	0.001332	84.6
1818	-0.982044	107.190184	0.002500	81.8
1819	-1.666632	107.156683	0.005714	81.7
1820	-0.776906	107.123211	0.018284	81.5
1821	-1.529673	107.089766	0.001824	80.3
1822	-1.112382	107.056349	0.003183	76.8
1823	-1.104229	107.022960	0.002895	83.8
1824	-0.496242	106.989599	0.009350	84.4
1825	-0.593704	106.956265	0.002719	85.7
1826	-1.244722	106.922960	0.003204	79.4
1827	-1.172550	106.889681	0.001056	85.9
1828	-1.351299	106.856431	0.003991	78.1
1829	-0.507123	106.823208	0.002078	84.1
1830	-0.721385	106.790012	0.001569	86.7
1831	-1.311320	106.756844	0.001673	87.2
1832	-1.445360	106.723703	0.001892	81.5
1833	-1.107045	106.690590	0.003341	84.6
1834	-0.399950	106.657505	0.002552	83.2
1835	-1.234278	106.624446	0.007351	80.0
1836	-1.243363	106.591415	0.001194	76.7
1837	-0.770221	106.558411	0.002200	80.6
1838	-0.968429	106.525435	0.002694	74.5
1839	-0.909581	106.492485	0.003402	75.8
1840	-1.140911	106.459563	0.002092	80.5
1841	-1.446920	106.426668	0.001549	78.8
1842	-1.384320	106.393800	0.001924	73.3
1843	-1.011753	106.360959	0.003405	73.9
1844	-1.188631	106.328145	0.002170	74.3
1845	-1.091768	106.295358	0.001856	74.7
1846	-0.995560	106.262598	0.001746	74.1
1847	-0.850909	106.229865	0.001261	76.3
1848	-0.000000	106.197158	0.000000	80.0
1849	-0.913343	106.164479	0.003815	76.6
1850	-1.361639	106.131826	0.001941	72.4
1851	-0.632761	106.099201	0.004290	71.3
1852	-0.641433	106.066602	0.001685	71.2
1853	-1.415743	106.034029	0.004229	70.9
1854	-1.076970	106.001483	0.001016	70.5
1855	-1.007915	105.968964	0.001307	70.9
1856	-0.863956	105.936472	0.003068	71.1
1857	-1.183160	105.904006	0.001808	71.2
1858	-1.282862	105.871566	0.001939	71.7
1859	-0.809008	105.839153	0.003173	71.4
1860	-1.611842	105.806767	0.008974	72.5
1861	-0.767098	105.774407	0.002019	71.4
1862	-1.069146	105.742073	0.001405	75.0
1863	-0.268059	105.709766	0.002346	74.8
1864	-0.000001	105.677485	0.000000	76.5
1865	-0.000000	105.645230	0.000000	73.2
1866	-0.000000	105.613001	0.000000	74.6
1867	-0.000000	105.580799	0.000000	73.8
1868	-0.651724	105.548623	0.002927	76.9
1869	-1.116398	105.516473	0.005133	70.9
1870	-1.463858	105.484349	0.002359	71.5
1871	-1.020929	105.452251	0.003010	71.0
1872	-0.058217	105.420179	0.002632	71.4
1873	-0.497643	105.388133	0.002631	71.1
1874	-0.978911	105.356113	0.001185	70.8
1875	-0.000000	105.324119	0.000000	71.5
1876	-0.000000	105.292151	0.000000	71.7
1877	-0.182444	105.260209	0.002015	71.0
1878	-0.000000	105.228293	0.000000	71.7
1879	-1.386981	105.196402	0.002085	70.0
1880	-1.110940	105.164537	0.002699	72.8
1881	-1.334998	105.132698	0.003696	70.4
1882	-1.151447	105.100885	0.001338	71.1
1883	-1.029494	105.069097	0.003713	70.4
1884	-0.879746	105.037335	0.002912	70.9
1885	-1.236641	105.005598	0.001730	70.2
1886	-1.195029	104.973887	0.004794	71.0
1887	-1.156533	104.942202	0.017240	72.5
1888	-0.001380	104.910542	0.000343	72.4
1889	-1.394494	104.878907	0.002195	71.1
1890	-0.190545	104.847298	0.000973	71.7
1891	-1.178471	104.815715	0.002264	71.3
1892	-1.172352	104.784156	0.003429	70.7
1893	-0.774873	104.752623	0.002481	69.7
1894	-0.970907	104.721116	0.003177	70.7
1895	-0.856995	104.689633	0.003371	73.1
1896	-1.211512	104.658176	0.001405	73.3
1897	-1.162131	104.626744	0.001693	70.7
1898	-0.965040	104.595337	0.001611	71.3
1899	-0.986351	104.563955	0.001340	70.4
1900	-0.917524	104.532599	0.001409	70.3
1901	-1.193262	104.501267	0.001465	72.6
1902	-1.143801	104.469960	0.003324	70.7
1903	-1.158054	104.438679	0.002719	71.4
1904	-1.180420	104.407422	0.002992	72.1
1905	-0.801515	104.376191	0.003117	72.1
1906	-1.360648	104.344984	0.001664	71.9
1907	-0.988031	104.313802	0.003436	71.0
1908	-1.196317	104.282645	0.004967	71.7
1909	-0.000000	104.251513	0.000000	71.1
1910	-1.064151	104.220405	0.002321	71.5
1911	-0.032468	104.189323	0.000475	71.1
1912	-0.000000	104.158265	0.000000	73.1
1913	-0.000000	104.127231	0.000000	70.3
1914	-0.864801	104.096222	0.001537	70.0
1915	-0.813396	104.065238	0.001591	73.4
1916	-0.869426	104.034279	0.002335	77.1
1917	-0.992913	104.003344	0.001574	75.7
1918	-0.216493	103.972433	0.003247	76.8
1919	-0.513105	103.941547	0.001536	76.1
1920	-1.378982	103.910686	0.002555	74.3
1921	-0.133145	103.879849	0.001755	73.7
1922	-1.210542	103.849036	0.002287	71.3
1923	-1.017631	103.818248	0.002968	72.5
1924	-0.964550	103.787484	0.002126	79.3
1925	-1.274749	103.756744	0.002049	81.8
1926	-0.816285	103.726029	0.001639	77.7
1927	-0.201784	103.695338	0.001650	72.1
1928	-1.325593	103.664671	0.001482	76.4
1929	-0.000000	103.634028	0.000000	83.4
1930	-0.737887	103.603409	0.004748	87.6
1931	-1.331411	103.572814	0.002015	78.9
1932	-0.970131	103.542244	0.002218	72.7
1933	-0.000000	103.511698	0.000000	71.6
1934	-0.000000	103.481175	0.000000	71.2
1935	-0.000000	103.450677	0.000000	71.5
1936	-0.759561	103.420202	0.001894	70.9
1937	-1.480372	103.389752	0.002151	69.6
1938	-1.144646	103.359325	0.001505	70.4
1939	-0.006162	103.328922	0.000589	74.8
1940	-1.513173	103.298543	0.002977	78.3
1941	-0.850689	103.268188	0.002510	80.1
1942	-0.664088	103.237857	0.001591	80.8
1943	-0.000000	103.207549	0.000000	78.0
1944	-1.196078	103.177265	0.004707	78.1
1945	-0.000001	103.147005	0.000000	80.9
1946	-1.155980	103.116768	0.002192	80.6
1947	-0.705038	103.086556	0.003016	74.2
1948	-0.937470	103.056366	0.004306	82.6
1949	-0.836938	103.026200	0.001214	80.3
1950	-1.256483	102.996058	0.003839	71.8
1951	-0.859223	102.965939	0.002592	72.6
1952	-1.059739	102.935844	0.003314	72.1
1953	-1.051507	102.905772	0.001933	71.7
1954	-0.000002	102.875724	0.000000	76.1
1955	-0.754347	102.845699	0.002799	82.5
1956	-0.000000	102.815697	0.000000	84.4
1957	-1.356616	102.785719	0.003281	83.0
1958	-1.244076	102.755764	0.001625	79.0
1959	-1.656929	102.725832	0.005737	73.4
1960	-0.735960	102.695924	0.001867	75.1
1961	-0.010661	102.666038	0.000562	72.3
1962	-1.368384	102.636176	0.003191	71.1
1963	-1.563282	102.606337	0.001529	74.1
1964	-1.235072	102.576521	0.002784	74.6
1965	-0.000000	102.546728	0.000000	71.6
1966	-1.499726	102.516959	0.002082	71.1
1967	-1.212463	102.487212	0.001635	70.0
1968	-0.343187	102.457488	0.002834	70.6
1969	-0.875025	102.427788	0.010180	70.0
1970	-0.000000	102.398110	0.000000	70.6
1971	-0.000000	102.368455	0.000000	71.9
1972	-1.298054	102.338823	0.001283	79.6
1973	-0.901022	102.309214	0.009531	77.0
1974	-1.046979	102.279628	0.005708	87.2
1975	-1.209067	102.250064	0.002177	80.6
1976	-1.406293	102.220524	0.001106	90.6
1977	-0.000000	102.191006	0.000000	89.0
1978	-1.260886	102.161511	0.001124	76.3
1979	-0.003755	102.132038	0.000093	72.8
1980	-0.000000	102.102588	0.000000	73.2
1981	-1.444016	102.073161	0.021985	72.8
1982	-0.991846	102.043757	0.001254	74.3
1983	-1.190998	102.014375	0.001288	74.0
1984	-0.045521	101.985015	0.001496	72.9
1985	-0.987557	101.955678	0.002395	73.4
1986	-1.041930	101.926364	0.002256	74.0
1987	-0.771555	101.897072	0.000898	75.6
1988	-0.000000	101.867802	0.000000	82.3
1989	-0.000000	101.838555	0.000000	74.8
1990	-0.144115	101.809330	0.002547	71.5
1991	-1.198597	101.780128	0.002127	70.2
1992	-1.205987	101.750948	0.003106	70.6
1993	-1.638430	101.721790	0.009270	71.7
1994	-0.463769	101.692654	0.002473	72.2
1995	-0.128862	101.663541	0.001923	70.7
1996	-1.032160	101.634450	0.001951	72.3
1997	-0.638680	101.605381	0.001709	76.1
1998	-1.245254	101.576335	0.003619	78.9
1999	-0.285805	101.547310	0.004461	79.4
