1:ItNr	2:Metric	3a:Time	3b:StepSize	4:||Gradient||	Time[ms]
0	-1.241168	0.000000	117.520366	0.003980	1708.9
1	-1.189132	0.000000	117.520366	0.064870	1.4
2	-0.780591	1.000000	112.178531	0.043833	1.3
3	-1.060335	2.000000	107.301204	0.079678	1.3
4	-0.793045	1.963604	107.471271	0.038883	1.3
5	-1.049290	2.963604	102.986500	0.081476	1.4
6	-0.817478	2.927208	103.143154	0.050643	1.4
7	-1.144691	3.927208	99.005380	0.074593	1.4
8	-0.821591	3.890812	99.150149	0.041013	1.5
9	-1.057286	4.890812	95.320599	0.081931	1.3
10	-0.813313	4.854416	95.454785	0.054593	1.3
11	-1.134964	5.854416	91.900257	0.086326	1.3
12	-0.831965	5.818019	92.024979	0.035356	1.3
13	-0.995671	6.818019	88.716872	0.064816	1.5
14	-1.032521	6.781623	88.833099	0.075616	1.4
15	-0.914432	7.781623	85.746647	0.060042	1.3
16	-1.095310	8.781623	82.867467	0.090078	1.4
17	-0.779713	9.781623	80.175358	0.057814	1.4
18	-1.086573	10.781623	77.652663	0.100018	1.8
19	-0.788167	10.745227	77.741692	0.048780	2.0
20	-0.970418	11.745227	75.367554	0.078572	1.2
21	-0.976931	11.708831	75.451418	0.074716	1.4
22	-0.978263	12.708831	73.213090	0.085182	1.3
23	-0.913300	13.708831	71.103739	0.081723	1.3
24	-1.049646	14.708831	69.112531	0.097116	1.2
25	-0.864436	15.708831	67.229808	0.053771	1.3
26	-1.146654	16.708831	65.446942	0.097295	1.3
27	-0.785337	16.672435	65.510172	0.055278	1.3
28	-1.066885	17.672435	63.816196	0.098880	1.5
29	-0.857020	17.636039	63.876312	0.066236	1.4
30	-1.211738	18.636039	62.264741	0.075983	1.4
31	-0.941040	18.599643	62.321968	0.062542	1.3
32	-1.172520	19.599643	60.786931	0.086515	1.3
33	-0.907202	20.599643	59.325694	0.061032	1.3
34	-1.106230	21.599643	57.933060	0.092003	1.3
35	-0.969923	21.563247	57.982599	0.075667	1.3
36	-1.188634	22.563247	56.651601	0.101371	1.3
37	-0.860584	23.563247	55.380338	0.052509	1.3
38	-1.048704	24.563247	54.164878	0.091496	1.4
39	-0.958994	24.526851	54.208179	0.075095	1.3
40	-1.124674	25.526851	53.043085	0.105554	1.4
41	-0.896569	26.526851	51.927019	0.058668	1.4
42	-1.083642	27.526851	50.856951	0.085817	1.4
43	-0.984654	27.490455	50.895124	0.074671	1.5
44	-1.177355	28.490455	49.866741	0.088118	1.4
45	-0.931854	29.490455	48.879094	0.067091	1.4
46	-1.229461	30.490455	47.929810	0.050211	1.3
47	-1.059705	30.454058	47.963713	0.090662	1.5
48	-1.015721	31.454058	47.049318	0.094583	1.6
49	-1.039363	32.454058	46.169136	0.085816	1.5
50	-1.075170	33.454058	45.321281	0.096705	1.6
51	-0.999601	34.454058	44.504005	0.083214	1.4
52	-1.170423	35.454058	43.715682	0.108555	1.6
53	-0.914419	36.454058	42.954802	0.068676	1.5
54	-1.178688	37.454058	42.219954	0.084770	1.4
55	-0.980067	37.417662	42.246259	0.085040	1.5
56	-1.147701	38.417662	41.535254	0.094794	1.3
57	-0.931500	39.417662	40.847785	0.084288	1.2
58	-1.194042	40.417662	40.182703	0.073372	2.2
59	-1.006345	41.417662	39.538932	0.095535	2.1
60	-1.158207	42.417662	38.915463	0.102839	1.6
61	-0.998124	43.417662	38.311351	0.087197	1.9
62	-1.215001	44.417662	37.725709	0.084626	2.4
63	-1.037279	45.417662	37.157702	0.090865	4.9
64	-1.116954	46.417662	36.606545	0.110578	3.2
65	-0.976768	47.417662	36.071500	0.075195	1.5
66	-1.184172	48.417662	35.551870	0.054219	1.4
67	-1.085931	48.381266	35.570520	0.098108	1.3
68	-1.050886	49.381266	35.065122	0.094195	1.3
69	-1.112312	50.381266	34.573885	0.100360	1.6
70	-1.066887	51.381266	34.096222	0.090254	1.3
71	-1.141821	52.381266	33.631577	0.095144	1.4
72	-1.036605	53.381266	33.179426	0.094680	1.7
73	-1.135736	54.381266	32.739271	0.108509	1.6
74	-1.024544	55.381266	32.310641	0.083922	1.5
75	-1.211732	56.381266	31.893090	0.056355	1.4
76	-1.131893	57.381266	31.486193	0.088903	1.4
77	-1.126660	58.381266	31.089548	0.098713	1.3
78	-1.073489	59.381266	30.702772	0.079730	1.4
79	-1.176914	60.381266	30.325501	0.080682	1.5
80	-1.071651	61.381266	29.957390	0.095023	1.3
81	-1.117752	62.381266	29.598108	0.106632	1.3
82	-1.068020	63.381266	29.247341	0.094286	1.3
83	-1.232475	64.381266	28.904791	0.085016	1.7
84	-1.097505	65.381266	28.570173	0.103108	1.3
85	-1.089953	66.381266	28.243213	0.104862	1.3
86	-1.082367	67.381266	27.923652	0.100164	1.6
87	-1.152072	68.381266	27.611241	0.096091	1.6
88	-1.100835	69.381266	27.305744	0.100804	1.5
89	-1.130613	70.381266	27.006932	0.111337	1.4
90	-1.107696	71.381266	26.714590	0.096004	1.7
91	-1.149076	72.381266	26.428510	0.101972	1.4
92	-1.052826	73.381266	26.148491	0.106630	1.3
93	-1.130733	74.381266	25.874344	0.091959	1.3
94	-1.098064	75.381266	25.605886	0.105255	2.0
95	-1.147366	76.381266	25.342941	0.109012	1.5
96	-1.125376	77.381266	25.085342	0.098441	1.4
97	-1.133840	78.381266	24.832927	0.095036	1.4
98	-1.120650	79.381266	24.585540	0.100780	1.4
99	-1.154060	80.381266	24.343035	0.103415	1.4
100	-1.086282	81.381266	24.105266	0.101941	13.4
101	-1.145787	82.381266	23.872098	0.098618	1.5
102	-1.099447	83.381266	23.643397	0.101374	2.4
103	-1.143715	84.381266	23.419036	0.083545	1.5
104	-1.173667	85.381266	23.198894	0.085972	1.4
105	-1.155029	86.381266	22.982851	0.099726	1.3
106	-1.141758	87.381266	22.770796	0.098344	1.3
107	-1.154180	88.381266	22.562618	0.098431	1.7
108	-1.142778	89.381266	22.358211	0.111399	1.4
109	-1.100086	90.381266	22.157476	0.102580	1.5
110	-1.172474	91.381266	21.960312	0.097050	1.3
111	-1.102656	92.381266	21.766627	0.098027	1.3
112	-1.174897	93.381266	21.576328	0.086828	1.6
113	-1.154788	94.381266	21.389327	0.114254	1.5
114	-1.127076	95.381266	21.205541	0.089989	1.3
115	-1.213733	96.381266	21.024886	0.066886	4.6
116	-1.166590	97.381266	20.847282	0.088878	1.8
117	-1.162877	98.381266	20.672655	0.103059	1.9
118	-1.155971	99.381266	20.500928	0.107617	1.8
119	-1.162639	100.381266	20.332031	0.093124	1.7
120	-1.172674	101.381266	20.165894	0.081759	1.5
121	-1.186629	102.381266	20.002451	0.085004	1.4
122	-1.141768	103.381266	19.841635	0.097712	1.3
123	-1.131599	104.381266	19.683385	0.106204	1.6
124	-1.130576	105.381266	19.527639	0.096330	1.8
125	-1.143960	106.381266	19.374338	0.101007	1.7
126	-1.159791	107.381266	19.223425	0.119726	1.8
127	-1.109939	108.381266	19.074846	0.107047	1.5
128	-1.155431	109.381266	18.928545	0.077795	1.3
129	-1.204644	110.381266	18.784472	0.080333	1.2
130	-1.186391	111.381266	18.642575	0.084753	1.3
131	-1.195736	112.381266	18.502806	0.098869	1.3
132	-1.163026	113.381266	18.365117	0.101928	1.5
133	-1.221963	114.381266	18.229462	0.111426	1.7
134	-1.104992	115.381266	18.095797	0.094070	1.3
135	-1.192628	116.381266	17.964077	0.066503	1.3
136	-1.191820	117.381266	17.834261	0.084406	2.0
137	-1.178510	118.381266	17.706308	0.098035	1.7
138	-1.160941	119.381266	17.580178	0.108164	1.7
139	-1.156542	120.381266	17.455832	0.097511	1.5
140	-1.173935	121.381266	17.333233	0.070048	1.4
141	-1.207777	122.381266	17.212344	0.067742	1.6
142	-1.168602	123.381266	17.093130	0.088109	1.5
143	-1.168291	124.381266	16.975555	0.084135	1.4
144	-1.230805	125.381266	16.859587	0.086773	1.4
145	-1.164341	126.381266	16.745193	0.078939	1.9
146	-1.208748	127.381266	16.632340	0.054499	1.3
147	-1.179618	128.381266	16.520999	0.065697	1.9
148	-1.190605	129.381266	16.411138	0.096927	1.5
149	-1.191014	130.381266	16.302729	0.090411	1.3
150	-1.166597	131.381266	16.195742	0.077690	1.3
151	-1.176212	132.381266	16.090151	0.086473	1.3
152	-1.182706	133.381266	15.985927	0.104486	1.7
153	-1.167505	134.381266	15.883045	0.107873	1.5
154	-1.207914	135.381266	15.781479	0.099769	1.4
155	-1.160094	136.381266	15.681204	0.087042	1.4
156	-1.216858	137.381266	15.582194	0.075379	1.7
157	-1.177889	138.381266	15.484428	0.079945	1.4
158	-1.229806	139.381266	15.387880	0.097376	1.6
159	-1.151546	140.381266	15.292529	0.091507	1.6
160	-1.186333	141.381266	15.198352	0.070635	2.0
161	-1.228939	142.381266	15.105328	0.077380	1.7
162	-1.188148	143.381266	15.013436	0.093385	1.3
163	-1.151923	144.381266	14.922656	0.097524	1.4
164	-1.184177	145.381266	14.832966	0.088187	1.4
165	-1.187908	146.381266	14.744348	0.098165	1.4
166	-1.154924	147.381266	14.656783	0.090452	1.7
167	-1.200436	148.381266	14.570252	0.072979	1.5
168	-1.197104	149.381266	14.484736	0.062492	1.8
169	-1.214701	150.381266	14.400219	0.058812	1.8
170	-1.234762	151.381266	14.316682	0.076828	1.4
171	-1.199041	152.381266	14.234108	0.087521	1.3
172	-1.176954	153.381266	14.152482	0.098849	1.4
173	-1.157270	154.381266	14.071786	0.085219	1.3
174	-1.178125	155.381266	13.992006	0.084656	1.3
175	-1.185846	156.381266	13.913125	0.098200	1.3
176	-1.156408	157.381266	13.835128	0.089597	1.3
177	-1.194916	158.381266	13.758001	0.083501	1.4
178	-1.190562	159.381266	13.681729	0.094241	1.5
179	-1.173566	160.381266	13.606299	0.087159	1.5
180	-1.174284	161.381266	13.531695	0.065849	3.1
181	-1.181719	162.381266	13.457905	0.064586	1.6
182	-1.208842	163.381266	13.384916	0.057364	1.3
183	-1.186666	164.381266	13.312714	0.044895	1.8
184	-1.242483	165.381266	13.241286	0.059261	1.4
185	-1.154938	166.381266	13.170621	0.066800	1.4
186	-1.199190	167.381266	13.100707	0.055018	1.3
187	-1.239548	168.381266	13.031530	0.060115	1.3
188	-1.199033	169.381266	12.963081	0.080374	1.3
189	-1.188047	170.381266	12.895346	0.093263	2.1
190	-1.186640	171.381266	12.828316	0.083148	1.4
191	-1.179939	172.381266	12.761979	0.077412	1.5
192	-1.209702	173.381266	12.696325	0.092346	1.3
193	-1.160689	174.381266	12.631342	0.087416	1.3
194	-1.200327	175.381266	12.567022	0.063056	1.3
195	-1.185918	176.381266	12.503353	0.058977	1.3
196	-1.240810	177.381266	12.440326	0.063936	1.3
197	-1.192327	178.381266	12.377932	0.059356	2.2
198	-1.209005	179.381266	12.316160	0.044612	1.3
199	-1.217777	180.381266	12.255001	0.038093	1.3
200	-1.211262	181.381266	12.194447	0.048277	1.8
201	-1.233624	182.381266	12.134489	0.039002	1.5
202	-1.230015	183.381266	12.075117	0.026179	1.4
203	-1.173454	184.381266	12.016323	0.034766	1.8
204	-1.228167	185.381266	11.958099	0.034206	1.3
205	-1.214547	186.381266	11.900437	0.032134	1.4
206	-1.238503	187.381266	11.843328	0.031309	2.1
207	-1.211125	188.381266	11.786765	0.024762	1.6
208	-1.211957	189.381266	11.730739	0.020281	1.4
209	-1.285914	190.381266	11.675243	0.028233	1.3
210	-1.192196	191.381266	11.620270	0.031196	1.8
211	-1.169663	192.381266	11.565812	0.024477	2.0
212	-1.248275	193.381266	11.511863	0.014350	1.7
213	-1.201562	194.381266	11.458414	0.004557	1.5
214	-1.238691	195.381071	11.405469	0.010357	1.5
215	-1.202957	196.366961	11.353739	0.011284	1.3
216	-1.196286	197.366961	11.301745	0.014627	1.5
217	-1.220400	198.366961	11.250225	0.013115	1.9
218	-1.200756	199.366961	11.199173	0.010707	1.4
219	-1.235703	200.366961	11.148582	0.015354	1.3
220	-1.217707	201.366961	11.098446	0.015909	1.8
221	-1.227257	202.366961	11.048759	0.017683	1.6
222	-1.187516	203.366961	10.999515	0.020187	1.5
223	-1.230092	204.366961	10.950708	0.018045	1.7
224	-1.226724	205.366961	10.902332	0.014601	1.3
225	-1.208046	206.366961	10.854381	0.013340	1.5
226	-1.194317	207.366961	10.806851	0.011672	1.4
227	-1.220717	208.366961	10.759735	0.008867	1.4
228	-1.213523	209.366961	10.713028	0.006397	1.5
229	-1.245472	210.366959	10.666725	0.004674	1.5
230	-1.219826	211.354701	10.621380	0.003731	1.3
231	-1.243716	211.699921	10.605623	0.006096	1.5
232	-1.236583	212.579941	10.565666	0.004994	1.4
233	-1.226787	213.577148	10.520751	0.003981	1.5
234	-1.215904	213.580405	10.520605	0.006475	1.3
235	-1.218896	214.561198	10.476801	0.006760	1.4
236	-1.175851	215.560907	10.432525	0.009715	1.4
237	-1.209336	216.560905	10.388610	0.011692	1.3
238	-1.208956	217.560905	10.345063	0.016336	1.7
239	-1.227851	218.560905	10.301880	0.012565	1.6
240	-1.237542	219.560905	10.259056	0.004585	1.4
241	-1.249237	220.450408	10.221261	0.007678	1.3
242	-1.221452	221.431982	10.179877	0.010439	1.7
243	-1.275313	222.431982	10.138059	0.012732	1.7
244	-1.226800	223.431982	10.096583	0.013933	1.5
245	-1.227843	224.431982	10.055445	0.016770	1.5
246	-1.211052	225.431982	10.014640	0.014533	1.6
247	-1.203291	226.431982	9.974166	0.013481	1.9
248	-1.222832	227.431982	9.934018	0.010387	1.6
249	-1.205281	228.431982	9.894191	0.011123	1.5
250	-1.251387	229.431982	9.854683	0.013457	1.7
251	-1.200397	230.431982	9.815488	0.017969	1.4
252	-1.235800	231.431982	9.776605	0.020091	1.7
253	-1.218648	232.431982	9.738028	0.013028	1.6
254	-1.190885	233.431982	9.699754	0.007425	1.3
255	-1.217335	234.431661	9.661792	0.005948	1.8
256	-1.227128	235.431298	9.624128	0.006936	1.3
257	-1.213561	236.430274	9.586781	0.006162	1.3
258	-1.234865	237.430095	9.549692	0.006930	1.4
259	-1.198111	238.425574	9.513047	0.009352	1.4
260	-1.204495	239.425569	9.476518	0.007296	1.7
261	-1.213210	240.425551	9.440270	0.004594	1.6
262	-1.211984	241.242772	9.410851	0.005558	2.2
263	-1.194381	241.439857	9.403784	0.003555	1.4
264	-1.215473	242.292241	9.373340	0.007314	1.3
265	-1.209061	242.788787	9.355696	0.007323	1.4
266	-1.222500	243.788771	9.320364	0.005501	1.9
267	-1.248613	244.787641	9.285337	0.007181	2.1
268	-1.194915	245.787420	9.250540	0.007792	1.4
269	-1.232433	246.787418	9.215996	0.007112	1.4
270	-1.221456	247.787413	9.181709	0.003771	1.3
271	-1.220822	248.702520	9.150555	0.002627	1.7
272	-1.242215	248.777754	9.148003	0.002645	1.4
273	-1.210795	248.770479	9.148250	0.006326	2.5
274	-1.174028	248.917566	9.143264	0.008549	1.4
275	-1.208925	249.917528	9.109516	0.013075	1.3
276	-1.243037	250.917528	9.076015	0.016032	1.4
277	-1.220471	251.917528	9.042760	0.011682	1.6
278	-1.194915	252.917528	9.009747	0.006043	1.6
279	-1.215343	253.917527	8.976975	0.005555	1.3
280	-1.204423	254.912197	8.944613	0.004770	1.8
281	-1.205632	255.730759	8.918155	0.002801	1.3
282	-1.213108	255.710329	8.918813	0.005691	1.8
283	-1.208650	255.802094	8.915856	0.007415	2.0
284	-1.234610	256.801574	8.883779	0.005110	1.8
285	-1.220253	257.801004	8.851933	0.002686	1.5
286	-1.197839	257.787487	8.852362	0.002526	1.4
287	-1.215806	257.797290	8.852050	0.005349	1.6
288	-1.202490	257.785918	8.852412	0.007808	1.3
289	-1.255849	258.785277	8.820792	0.004084	1.3
290	-1.184899	259.772054	8.789791	0.005591	1.3
291	-1.223791	259.835709	8.787799	0.004936	1.5
292	-1.211963	260.790895	8.758011	0.005410	1.5
293	-1.209554	261.741848	8.728555	0.009703	1.8
294	-1.227598	262.741841	8.697793	0.009754	1.8
295	-1.222495	263.741841	8.667246	0.008756	1.5
296	-1.241865	264.741841	8.636914	0.003429	1.5
297	-1.225291	265.708368	8.607798	0.005016	1.7
298	-1.233414	265.949808	8.600555	0.005731	1.7
299	-1.233313	266.928543	8.571320	0.005408	1.7
300	-1.233498	267.923882	8.541792	0.005214	1.3
301	-1.219049	268.918855	8.512477	0.003668	1.3
302	-1.195414	269.683933	8.490073	0.005243	1.8
303	-1.217786	270.492601	8.466519	0.005370	1.8
304	-1.233962	271.284636	8.443577	0.005603	1.6
305	-1.208261	272.278933	8.414950	0.006170	1.6
306	-1.228759	273.246298	8.387285	0.004366	2.0
307	-1.231918	273.978767	8.366459	0.008567	1.3
308	-1.211891	274.977149	8.338237	0.004795	1.6
309	-1.193269	275.976833	8.310169	0.004379	1.8
310	-1.206682	276.056663	8.307936	0.006579	1.9
311	-1.225889	277.042238	8.280463	0.003994	1.6
312	-1.219702	277.612712	8.264644	0.002892	1.6
313	-1.213939	277.695620	8.262350	0.003442	1.6
314	-1.221754	277.793447	8.259645	0.003185	1.4
315	-1.232859	277.938727	8.255631	0.003938	1.5
316	-1.226965	278.161472	8.249484	0.005082	1.3
317	-1.242691	278.989967	8.226701	0.005058	1.4
318	-1.180004	279.963390	8.200093	0.002326	1.5
319	-1.214759	280.158380	8.194783	0.004673	1.4
320	-1.220047	280.475013	8.186177	0.003148	1.3
321	-1.207939	281.007434	8.171745	0.003578	1.3
322	-1.230244	280.981292	8.172452	0.006447	1.5
323	-1.227942	281.787008	8.150705	0.002164	1.7
324	-1.227974	282.014752	8.144579	0.004821	1.6
325	-1.210162	282.005263	8.144834	0.003672	1.6
326	-1.242836	282.787290	8.123867	0.003711	1.5
327	-1.224933	282.821979	8.122940	0.003408	1.5
328	-1.219258	282.855911	8.122033	0.005944	1.6
329	-1.210064	283.718901	8.099031	0.005096	1.9
330	-1.193981	284.329552	8.082833	0.006930	1.9
331	-1.227024	285.314585	8.056840	0.010346	1.5
332	-1.218021	286.314585	8.030623	0.010188	1.7
333	-1.212074	287.314585	8.004577	0.005669	1.5
334	-1.215535	288.314584	7.978698	0.003437	1.8
335	-1.204201	288.408594	7.976274	0.006309	1.7
336	-1.232724	289.287009	7.953693	0.005308	1.7
337	-1.262406	290.265753	7.928684	0.003558	1.5
338	-1.206927	291.059555	7.908515	0.003631	1.8
339	-1.223929	291.160183	7.905966	0.003870	1.6
340	-1.224357	291.315873	7.902025	0.002762	2.1
341	-1.211162	291.304378	7.902315	0.007909	1.8
342	-1.199273	292.060295	7.883234	0.010291	1.7
343	-1.249841	293.060295	7.858133	0.009528	1.8
344	-1.224998	294.060295	7.833192	0.004911	1.7
345	-1.251497	295.060260	7.808409	0.005523	1.6
346	-1.214783	296.041618	7.784239	0.006884	1.5
347	-1.186134	297.041179	7.759774	0.005499	1.4
348	-1.240902	297.931990	7.738100	0.006566	1.4
349	-1.204057	298.930680	7.713945	0.004696	1.5
350	-1.205712	299.624656	7.697249	0.003175	1.6
351	-1.234769	300.324430	7.680486	0.001927	1.6
352	-1.212348	300.378138	7.679202	0.004259	1.4
353	-1.219896	300.433172	7.677887	0.006927	2.0
354	-1.224254	301.375364	7.655448	0.005039	1.6
355	-1.211466	302.372110	7.631851	0.002444	1.8
356	-1.196159	302.422403	7.630664	0.003836	1.6
357	-1.202793	302.419865	7.630724	0.006918	1.7
358	-1.231161	303.377144	7.608205	0.007527	2.0
359	-1.232070	304.377136	7.584822	0.008295	2.5
360	-1.187733	305.377136	7.561583	0.005728	1.7
361	-1.192513	306.377063	7.538487	0.002593	1.5
362	-1.234431	306.463247	7.536503	0.003994	2.0
363	-1.210855	306.437574	7.537094	0.004641	1.6
364	-1.232071	307.342548	7.516320	0.005337	1.9
365	-1.222331	307.539538	7.511813	0.007532	1.7
366	-1.206463	308.538824	7.489035	0.005744	1.7
367	-1.220558	309.508768	7.467057	0.003930	1.9
368	-1.197497	309.910981	7.457981	0.004555	1.7
369	-1.213428	310.328152	7.448590	0.002529	1.8
370	-1.196241	310.470065	7.445401	0.002747	1.8
371	-1.226655	310.455718	7.445724	0.002612	2.0
372	-1.212987	310.449405	7.445865	0.004570	1.8
373	-1.251408	310.450816	7.445834	0.004220	1.6
374	-1.201480	311.250246	7.427918	0.005778	1.6
375	-1.180494	311.379050	7.425040	0.004222	1.6
376	-1.229280	312.358460	7.403225	0.004345	1.7
377	-1.223659	312.376030	7.402835	0.002472	1.5
378	-1.190935	312.663790	7.396450	0.006954	1.5
379	-1.235509	312.883824	7.391576	0.005633	1.6
380	-1.172937	313.883448	7.369512	0.005497	1.8
381	-1.185234	313.847507	7.370303	0.005939	1.8
382	-1.216657	314.838006	7.348566	0.004202	1.6
383	-1.209340	315.729477	7.329111	0.004956	1.8
384	-1.218032	316.203015	7.318819	0.004508	1.5
385	-1.211218	316.291309	7.316903	0.003284	1.4
386	-1.221087	316.692887	7.308202	0.003773	1.5
387	-1.232416	316.795163	7.305989	0.006345	1.3
388	-1.216100	317.725165	7.285930	0.003903	1.4
389	-1.241504	318.500624	7.269288	0.004574	1.5
390	-1.226489	319.181147	7.254746	0.002632	1.7
391	-1.196803	319.199698	7.254350	0.004222	1.8
392	-1.221717	319.294036	7.252339	0.003688	1.7
393	-1.200500	319.605083	7.245716	0.007571	1.7
394	-1.216646	320.523097	7.226239	0.008877	1.6
395	-1.236428	321.523097	7.205142	0.005890	1.5
396	-1.199516	322.523038	7.184169	0.005485	2.3
397	-1.218921	323.520688	7.163366	0.007784	1.4
398	-1.251921	324.518959	7.142669	0.005081	1.3
399	-1.212270	325.517297	7.122091	0.003064	1.3
400	-1.197355	325.639146	7.119587	0.005289	1.3
401	-1.226387	325.647808	7.119409	0.008521	1.5
402	-1.204949	326.647784	7.098931	0.004251	1.9
403	-1.219350	327.646415	7.078598	0.004804	1.6
404	-1.224062	327.665124	7.078218	0.004272	1.3
405	-1.204077	327.783554	7.075814	0.003569	1.9
406	-1.209731	328.219173	7.066988	0.006296	1.5
407	-1.204213	328.309576	7.065159	0.007154	1.4
408	-1.215281	329.309521	7.044992	0.005484	1.6
409	-1.176103	330.304915	7.025030	0.004119	1.6
410	-1.224336	330.304358	7.025041	0.006718	1.5
411	-1.258596	331.278774	7.005610	0.003844	1.6
412	-1.160218	331.901894	6.993240	0.002622	1.8
413	-1.204925	331.956175	6.992165	0.003058	1.3
414	-1.242839	331.940131	6.992482	0.004726	1.5
415	-1.215371	332.116686	6.988986	0.003412	1.4
416	-1.206623	332.151544	6.988296	0.002181	1.3
417	-1.206650	332.182139	6.987691	0.002283	1.3
418	-1.225493	332.165196	6.988026	0.003084	1.9
419	-1.230813	332.200824	6.987321	0.004429	1.4
420	-1.206833	332.199300	6.987352	0.010678	1.3
421	-1.224220	333.199239	6.967626	0.007847	1.3
422	-1.221161	334.199239	6.948010	0.004909	1.3
423	-1.179846	335.198711	6.928514	0.005408	1.7
424	-1.201811	335.893637	6.915023	0.001623	1.6
425	-1.156334	335.947189	6.913986	0.002582	1.4
426	-1.204852	335.951452	6.913903	0.005313	1.4
427	-1.209925	336.250062	6.908124	0.008063	1.5
428	-1.217740	337.249165	6.888858	0.005576	1.4
429	-1.237594	338.248855	6.869688	0.005548	1.8
430	-1.264107	339.239293	6.850801	0.007651	1.3
431	-1.197741	339.600351	6.843941	0.008411	1.3
432	-1.212095	340.600348	6.825015	0.006590	1.3
433	-1.245377	341.600338	6.806192	0.003225	1.7
434	-1.203283	342.364115	6.791886	0.006149	1.7
435	-1.183998	342.350011	6.792150	0.004348	1.3
436	-1.220262	343.323255	6.774005	0.004471	1.3
437	-1.205824	343.966497	6.762066	0.006790	1.6
438	-1.220218	344.940745	6.744064	0.007046	1.3
439	-1.233615	345.923030	6.726009	0.007331	1.3
440	-1.220636	346.923021	6.707728	0.003970	1.3
441	-1.224844	347.915957	6.689675	0.002285	1.5
442	-1.171164	348.067345	6.686930	0.003905	1.3
443	-1.214013	348.057797	6.687103	0.005491	1.3
444	-1.223417	349.009886	6.669897	0.004880	1.3
445	-1.228181	349.226707	6.665990	0.009533	1.5
446	-1.241241	350.226686	6.648034	0.005211	1.3
447	-1.230014	351.226679	6.630174	0.005366	1.3
448	-1.232622	351.192255	6.630787	0.007173	1.3
449	-1.221690	352.191736	6.613029	0.004802	1.3
450	-1.202535	353.178695	6.595586	0.005847	1.3
451	-1.200222	353.506801	6.589807	0.003789	1.2
452	-1.240068	354.313917	6.575636	0.002040	1.2
453	-1.217337	354.292170	6.576017	0.004285	1.3
454	-1.232599	354.322605	6.575484	0.005227	1.2
455	-1.232631	354.927572	6.564902	0.004900	1.3
456	-1.196157	355.611383	6.552982	0.002237	1.2
457	-1.215492	355.654815	6.552227	0.004310	1.4
458	-1.236648	355.693351	6.551556	0.003095	1.4
459	-1.232172	355.825984	6.549250	0.006492	1.5
460	-1.233701	355.825409	6.549260	0.004515	1.3
461	-1.220544	356.715784	6.533822	0.002402	1.4
462	-1.203204	356.697875	6.534132	0.001569	1.3
463	-1.218037	356.686245	6.534333	0.003286	1.4
464	-1.251277	356.689922	6.534269	0.002428	1.4
465	-1.247715	356.792029	6.532503	0.002062	1.3
466	-1.191083	356.771584	6.532857	0.004800	1.4
467	-1.248375	356.884340	6.530908	0.003424	1.3
468	-1.244653	357.002642	6.528864	0.002475	1.3
469	-1.239099	357.001085	6.528890	0.004324	1.5
470	-1.210034	357.062843	6.527824	0.005913	1.5
471	-1.227623	357.959025	6.512387	0.004849	1.3
472	-1.204344	358.699057	6.499694	0.002838	1.3
473	-1.209026	359.199061	6.491146	0.003914	1.3
474	-1.211575	359.401308	6.487695	0.003884	1.7
475	-1.218680	359.373066	6.488177	0.007793	1.4
476	-1.238899	360.239757	6.473427	0.004966	1.4
477	-1.219771	361.217498	6.456867	0.005396	1.3
478	-1.218965	362.173914	6.440751	0.002787	1.5
479	-1.243433	362.196172	6.440377	0.002713	1.3
480	-1.185681	362.232876	6.439760	0.003095	1.3
481	-1.225270	362.248836	6.439492	0.003050	1.3
482	-1.234167	362.252369	6.439432	0.005477	1.4
483	-1.223971	362.389100	6.437136	0.002178	1.4
484	-1.218190	362.393232	6.437066	0.003693	1.3
485	-1.212941	362.528215	6.434801	0.005661	1.4
486	-1.238658	362.497252	6.435320	0.002807	1.5
487	-1.208592	363.249890	6.422715	0.004675	1.6
488	-1.217122	363.219654	6.423221	0.002828	1.3
489	-1.226412	363.585442	6.417112	0.004131	1.3
490	-1.212947	363.674829	6.415620	0.003326	1.3
491	-1.208831	364.092635	6.408660	0.005166	1.3
492	-1.174612	364.091977	6.408671	0.007309	1.3
493	-1.216008	365.091279	6.392083	0.002427	1.3
494	-1.222385	365.154618	6.391035	0.005267	1.3
495	-1.205288	365.426447	6.386539	0.005476	1.3
496	-1.201731	366.037335	6.376459	0.004671	3.4
497	-1.208965	366.757866	6.364610	0.003911	2.0
498	-1.232749	366.742844	6.364857	0.005438	1.6
499	-1.225736	367.692332	6.349309	0.003308	1.4
500	-1.187991	368.103059	6.342607	0.001872	1.3
501	-1.252600	368.116536	6.342387	0.005242	1.3
502	-1.170997	368.102634	6.342614	0.006792	1.4
503	-1.232238	369.092411	6.326521	0.005009	1.4
504	-1.234686	370.086000	6.310448	0.003536	1.3
505	-1.238057	370.160127	6.309252	0.002794	1.4
506	-1.184468	370.180068	6.308930	0.002305	1.6
507	-1.197594	370.171826	6.309063	0.004760	1.4
508	-1.235100	370.175423	6.309005	0.007570	1.6
509	-1.282069	371.173255	6.292953	0.006827	1.5
510	-1.177405	372.173211	6.276948	0.007422	1.3
511	-1.211285	373.171850	6.261045	0.006411	1.3
512	-1.225209	374.164989	6.245310	0.004816	1.3
513	-1.210940	375.136258	6.229997	0.004497	1.3
514	-1.185530	375.270975	6.227879	0.006478	1.3
515	-1.199580	376.244189	6.212621	0.004237	1.3
516	-1.213931	377.120670	6.198944	0.002258	1.3
517	-1.226282	377.249978	6.196931	0.003660	1.4
518	-1.208010	377.223813	6.197338	0.003365	1.2
519	-1.241811	377.195193	6.197784	0.006388	1.3
520	-1.234053	378.007048	6.185173	0.003931	1.3
521	-1.223108	378.334130	6.180107	0.005290	1.4
522	-1.219829	378.919756	6.171057	0.003805	1.4
523	-1.176036	379.190647	6.166880	0.005090	1.2
524	-1.226000	379.831321	6.157023	0.003365	1.3
525	-1.207820	380.620539	6.144924	0.003385	1.3
526	-1.182928	380.616411	6.144987	0.005341	1.3
527	-1.214704	381.033619	6.138610	0.002982	1.3
528	-1.180185	381.377020	6.133371	0.002065	1.3
529	-1.175486	381.459342	6.132117	0.004067	1.6
530	-1.217174	381.431182	6.132546	0.004376	1.3
531	-1.203834	381.488910	6.131666	0.002750	1.3
532	-1.195702	381.728519	6.128018	0.001145	1.3
533	-1.223768	381.727820	6.128029	0.004066	1.3
534	-1.217508	381.710899	6.128286	0.006006	1.3
535	-1.241780	382.636273	6.114237	0.003415	1.3
536	-1.209544	382.674993	6.113650	0.005289	1.3
537	-1.275124	382.812743	6.111565	0.006106	1.2
538	-1.236962	383.806196	6.096566	0.006378	1.3
539	-1.201008	384.805522	6.081553	0.004520	1.3
540	-1.209307	384.877659	6.080472	0.003291	1.3
541	-1.243284	384.910657	6.079978	0.002048	1.7
542	-1.256523	384.951643	6.079364	0.004157	1.3
543	-1.234010	384.923919	6.079779	0.003172	1.3
544	-1.219599	384.901032	6.080122	0.004013	1.3
545	-1.192019	385.063309	6.077692	0.005087	1.3
546	-1.217676	385.031297	6.078171	0.004351	1.4
547	-1.224228	385.474386	6.071545	0.003851	1.4
548	-1.202093	385.886043	6.065403	0.002795	1.3
549	-1.239689	385.940214	6.064595	0.006593	1.3
550	-1.225064	386.082606	6.062474	0.004492	1.3
551	-1.224542	387.031279	6.048379	0.005192	1.3
552	-1.196257	387.570371	6.040398	0.005880	1.3
553	-1.235653	388.295842	6.029692	0.005996	1.3
554	-1.229471	389.288260	6.015107	0.006421	1.3
555	-1.224698	389.750273	6.008341	0.006964	1.3
556	-1.210263	390.750115	5.993751	0.007329	1.3
557	-1.223057	391.749858	5.979233	0.002286	1.2
558	-1.217003	392.085898	5.974369	0.004370	1.4
559	-1.188633	392.053996	5.974831	0.004397	1.3
560	-1.250148	392.080302	5.974450	0.003482	1.3
561	-1.217979	392.057688	5.974777	0.003802	1.3
562	-1.228264	392.030683	5.975168	0.003877	1.3
563	-1.214042	392.138375	5.973610	0.004490	1.3
564	-1.179639	392.112891	5.973979	0.006786	1.3
565	-1.233931	393.108194	5.959621	0.004130	1.4
566	-1.214901	393.073020	5.960127	0.003556	2.5
567	-1.212250	393.491692	5.954107	0.003634	1.5
568	-1.203049	393.466174	5.954473	0.004085	1.9
569	-1.205882	393.453453	5.954656	0.005889	1.4
570	-1.217526	394.057928	5.945984	0.002934	1.5
571	-1.222993	394.095564	5.945445	0.004576	1.3
572	-1.218453	394.540655	5.939076	0.003670	1.2
573	-1.229154	394.616170	5.937997	0.004419	1.5
574	-1.225499	394.608772	5.938103	0.005253	1.3
575	-1.233606	395.294654	5.928319	0.004756	1.4
576	-1.210033	395.745112	5.921912	0.002858	1.3
577	-1.235578	395.744992	5.921913	0.001889	1.3
578	-1.207141	395.739262	5.921995	0.006422	1.4
579	-1.242313	396.014216	5.918090	0.003180	1.3
580	-1.235063	396.278668	5.914339	0.004002	1.4
581	-1.242388	396.244814	5.914819	0.003249	1.5
582	-1.259597	396.272757	5.914423	0.006728	1.4
583	-1.195583	396.779080	5.907255	0.003577	1.3
584	-1.204471	397.624526	5.895325	0.002886	1.3
585	-1.203734	397.603194	5.895626	0.003313	1.4
586	-1.212231	397.691238	5.894386	0.004077	1.3
587	-1.192421	397.682213	5.894513	0.003315	1.2
588	-1.242460	397.654175	5.894908	0.005378	1.3
589	-1.198260	398.343701	5.885215	0.004388	1.4
590	-1.188599	399.226207	5.872855	0.002877	1.3
591	-1.205978	399.624473	5.867295	0.002288	1.5
592	-1.249631	399.676652	5.866567	0.003523	1.3
593	-1.169894	399.693320	5.866334	0.002238	1.3
594	-1.206926	399.764718	5.865339	0.002713	1.2
595	-1.213686	399.761484	5.865384	0.002213	1.3
596	-1.190461	399.860435	5.864005	0.003122	1.3
597	-1.235159	399.872091	5.863843	0.005928	1.3
598	-1.228893	400.712258	5.852160	0.004056	1.3
599	-1.233205	401.638799	5.839331	0.001656	1.7
600	-1.193334	401.717217	5.838247	0.003590	1.4
601	-1.207211	401.704657	5.838421	0.004143	2.0
602	-1.211918	402.073839	5.833326	0.006411	1.3
603	-1.194657	403.051692	5.819875	0.006536	1.3
604	-1.225854	404.050693	5.806196	0.005083	1.3
605	-1.231011	404.954627	5.793875	0.004594	1.2
606	-1.238785	405.195480	5.790600	0.005891	1.3
607	-1.202277	406.165200	5.777455	0.002812	1.3
608	-1.237449	406.129518	5.777938	0.006286	1.4
609	-1.261797	406.762740	5.769384	0.004410	1.5
610	-1.237764	407.215248	5.763288	0.005486	1.3
611	-1.219817	408.003669	5.752696	0.004311	1.3
612	-1.232157	408.330095	5.748322	0.003089	1.3
613	-1.237494	408.468094	5.746475	0.003021	1.3
614	-1.177388	408.440363	5.746846	0.004943	1.3
615	-1.195801	408.680152	5.743639	0.004081	1.3
616	-1.194772	409.473367	5.733055	0.005803	1.3
617	-1.217781	410.433564	5.720296	0.001657	1.3
618	-1.193637	410.502334	5.719384	0.005839	1.6
619	-1.225778	410.484816	5.719617	0.005718	1.4
620	-1.203316	411.480793	5.706445	0.003549	1.5
621	-1.215214	411.525346	5.705857	0.005201	1.4
622	-1.239312	411.802848	5.702198	0.002033	1.5
623	-1.237640	411.932404	5.700492	0.001775	1.3
624	-1.230376	411.927257	5.700560	0.002456	1.3
625	-1.215247	411.959764	5.700132	0.003065	1.5
626	-1.206630	411.988377	5.699755	0.004110	1.3
627	-1.189277	412.068827	5.698696	0.001984	1.3
628	-1.214944	412.119245	5.698033	0.003899	1.4
629	-1.214340	412.194530	5.697043	0.002366	1.4
630	-1.240046	412.217344	5.696743	0.008110	1.4
631	-1.209045	412.253277	5.696270	0.006240	1.4
632	-1.228228	413.253253	5.683153	0.003587	1.4
633	-1.216448	413.254183	5.683141	0.004030	1.4
634	-1.218269	413.337052	5.682057	0.001852	1.3
635	-1.231514	413.457707	5.680479	0.003682	1.4
636	-1.209909	413.437187	5.680747	0.003598	1.4
637	-1.215139	413.646985	5.678005	0.003559	1.4
638	-1.214560	413.676882	5.677614	0.005065	1.6
639	-1.236228	414.419346	5.667933	0.003627	2.0
640	-1.219593	414.452005	5.667508	0.004345	2.1
641	-1.201529	414.631977	5.665167	0.005381	1.3
642	-1.194786	414.618601	5.665340	0.004946	1.4
643	-1.200939	415.594860	5.652672	0.001971	1.3
644	-1.202975	415.593006	5.652696	0.005148	1.4
645	-1.208069	415.590777	5.652725	0.005853	1.4
646	-1.231242	416.581366	5.639929	0.006455	1.3
647	-1.227004	417.137277	5.632773	0.004624	1.3
648	-1.203713	418.127892	5.620066	0.002526	1.3
649	-1.216676	418.608415	5.613923	0.004017	1.5
650	-1.209155	418.741944	5.612218	0.004835	2.0
651	-1.236498	419.200995	5.606366	0.007274	1.7
652	-1.227288	420.197718	5.593700	0.004738	1.8
653	-1.231300	421.173880	5.581351	0.006723	1.5
654	-1.206998	421.711955	5.574568	0.005645	1.6
655	-1.233734	422.690434	5.562274	0.004591	1.5
656	-1.254231	422.680232	5.562402	0.009883	1.7
657	-1.196978	423.653387	5.550228	0.008371	1.5
658	-1.206821	424.653387	5.537774	0.005935	1.7
659	-1.223937	425.173919	5.531313	0.004164	1.4
660	-1.242453	426.122332	5.519580	0.003395	1.4
661	-1.211649	426.721375	5.512195	0.003272	1.7
662	-1.191295	426.872380	5.510337	0.002998	1.3
663	-1.215187	426.916506	5.509794	0.004479	1.4
664	-1.213442	427.403666	5.503808	0.004266	1.5
665	-1.218033	428.005120	5.496436	0.004369	1.6
666	-1.248075	428.867142	5.485903	0.002374	1.3
667	-1.213234	428.853554	5.486069	0.006784	1.5
668	-1.265227	428.896462	5.485546	0.005785	1.8
669	-1.222393	429.894777	5.473400	0.004047	1.4
670	-1.204055	430.225742	5.469386	0.003059	1.3
671	-1.234207	430.227214	5.469368	0.005235	1.3
672	-1.192015	430.203023	5.469661	0.008072	1.4
673	-1.232423	431.145797	5.458256	0.004588	1.3
674	-1.210468	432.145192	5.446218	0.001948	1.7
675	-1.204262	432.318725	5.444134	0.002523	1.4
676	-1.202596	432.312300	5.444211	0.003539	1.4
677	-1.192874	432.392891	5.443243	0.002146	1.5
678	-1.215050	432.414041	5.442989	0.003904	1.4
679	-1.183497	432.441608	5.442658	0.004352	1.4
680	-1.264581	432.433111	5.442760	0.003861	1.5
681	-1.213787	433.063795	5.435200	0.004413	1.2
682	-1.220863	433.384014	5.431370	0.006287	1.4
683	-1.240036	433.347758	5.431803	0.006961	1.4
684	-1.223420	434.347522	5.419877	0.004649	1.3
685	-1.190320	434.314713	5.420268	0.006493	1.3
686	-1.247188	435.309255	5.408454	0.006374	1.6
687	-1.257245	436.308020	5.396642	0.005081	1.4
688	-1.209230	437.282364	5.385168	0.005494	2.3
689	-1.179732	438.085016	5.375753	0.002187	1.6
690	-1.205883	438.264130	5.373657	0.004108	1.7
691	-1.228430	438.249410	5.373829	0.002967	1.6
692	-1.230009	438.390551	5.372178	0.003769	1.6
693	-1.240648	438.515842	5.370713	0.008306	1.8
694	-1.251551	439.491526	5.359334	0.009079	1.7
695	-1.203818	440.491525	5.347720	0.006295	1.6
696	-1.192414	441.489235	5.336184	0.005538	1.7
697	-1.215348	441.489821	5.336177	0.005789	1.4
698	-1.195201	441.789822	5.332718	0.003809	1.3
699	-1.273636	442.733264	5.321869	0.004294	1.4
700	-1.233367	443.410836	5.314104	0.004452	1.4
701	-1.260946	444.097887	5.306254	0.004779	1.5
702	-1.218989	444.297673	5.303976	0.004383	1.4
703	-1.218738	444.423433	5.302543	0.003886	2.1
704	-1.232927	445.192007	5.293801	0.004208	1.8
705	-1.214252	445.578134	5.289420	0.005599	1.7
706	-1.220010	445.547263	5.289770	0.003487	1.6
707	-1.263163	446.260967	5.281690	0.002240	2.3
708	-1.225790	446.431501	5.279763	0.004866	1.5
709	-1.213634	446.624780	5.277581	0.006288	1.4
710	-1.244350	447.617577	5.266400	0.007436	1.6
711	-1.245747	448.587887	5.255518	0.008730	1.4
712	-1.222276	449.587887	5.244350	0.006557	1.4
713	-1.222136	450.587872	5.233230	0.001736	1.4
714	-1.227987	450.770688	5.231202	0.003788	1.6
715	-1.213966	450.754138	5.231385	0.004177	1.3
716	-1.242139	451.293426	5.225412	0.002819	1.3
717	-1.193590	451.609532	5.221917	0.004009	1.4
718	-1.249156	451.677969	5.221161	0.002409	1.5
719	-1.212627	451.766733	5.220181	0.003989	1.2
720	-1.235220	451.770489	5.220139	0.003073	1.3
721	-1.230478	451.804642	5.219762	0.006403	1.6
722	-1.235585	452.239305	5.214968	0.005683	1.3
723	-1.192368	453.237223	5.203994	0.003487	1.3
724	-1.215927	453.643240	5.199542	0.004874	1.3
725	-1.230567	453.613128	5.199872	0.004897	1.3
726	-1.217236	454.536175	5.189779	0.001869	1.3
727	-1.248296	454.527050	5.189879	0.003705	1.4
728	-1.202731	454.542790	5.189707	0.006087	1.4
729	-1.246868	454.778114	5.187140	0.006232	1.4
730	-1.178795	455.777429	5.176268	0.004001	1.3
731	-1.176356	456.734765	5.165895	0.004341	1.4
732	-1.207634	456.706550	5.166200	0.004657	1.3
733	-1.215796	457.218147	5.160673	0.004223	1.5
734	-1.249379	457.281338	5.159992	0.005773	4.9
735	-1.253618	457.255333	5.160272	0.006887	1.8
736	-1.180631	458.254396	5.149515	0.003818	1.5
737	-1.194287	458.218079	5.149905	0.006887	1.3
738	-1.225654	459.192163	5.139458	0.005264	1.3
739	-1.214335	460.097857	5.129783	0.003721	1.4
740	-1.234479	460.647303	5.123931	0.007020	1.4
741	-1.242421	461.523701	5.114625	0.004286	1.3
742	-1.242323	462.478207	5.104527	0.004464	1.4
743	-1.235304	462.454796	5.104774	0.002371	1.3
744	-1.207517	462.516306	5.104125	0.003611	1.3
745	-1.212657	462.582504	5.103426	0.003189	1.5
746	-1.200486	462.766007	5.101490	0.004516	1.3
747	-1.224228	462.750604	5.101653	0.003852	1.3
748	-1.223350	462.894266	5.100138	0.005068	1.3
749	-1.237582	462.883294	5.100254	0.005952	1.4
750	-1.214311	463.356596	5.095270	0.004039	1.4
751	-1.210361	463.408133	5.094728	0.003943	1.4
752	-1.243602	463.394721	5.094869	0.003649	1.3
753	-1.196902	463.376045	5.095066	0.004205	1.7
754	-1.209323	463.427484	5.094524	0.002013	1.7
755	-1.204080	463.408409	5.094725	0.004521	1.4
756	-1.228696	463.450937	5.094278	0.005612	1.6
757	-1.249794	463.680686	5.091863	0.005745	1.6
758	-1.205464	464.653013	5.081669	0.003075	1.6
759	-1.189673	464.786685	5.080270	0.004130	1.7
760	-1.244193	464.812356	5.080002	0.004637	1.4
761	-1.246660	465.052540	5.077492	0.002905	1.5
762	-1.204446	465.569611	5.072096	0.004151	1.3
763	-1.190530	465.579754	5.071990	0.005133	1.4
764	-1.207702	465.550724	5.072293	0.008189	1.4
765	-1.243020	466.550330	5.061893	0.002888	1.4
766	-1.210746	466.514073	5.062270	0.003560	1.3
767	-1.194617	466.656768	5.060788	0.004273	1.4
768	-1.252039	466.626436	5.061103	0.002910	1.4
769	-1.222634	466.973095	5.057508	0.003895	2.0
770	-1.220902	467.325192	5.053861	0.005886	1.4
771	-1.210510	468.145247	5.045388	0.003777	1.5
772	-1.263175	468.811904	5.038521	0.001587	1.5
773	-1.221230	468.899641	5.037619	0.002851	1.8
774	-1.232359	468.896122	5.037655	0.004153	1.3
775	-1.232989	468.862454	5.038001	0.004453	1.3
776	-1.253015	468.996439	5.036624	0.005603	1.3
777	-1.233245	468.974168	5.036853	0.003297	1.3
778	-1.206979	468.973635	5.036858	0.002899	1.3
779	-1.240093	469.024655	5.036334	0.003958	1.5
780	-1.223525	469.329754	5.033200	0.005382	1.3
781	-1.226012	470.023938	5.026084	0.002497	1.3
782	-1.206894	469.998620	5.026343	0.004891	1.4
783	-1.214807	469.986436	5.026468	0.002781	1.4
784	-1.228392	470.329724	5.022956	0.001811	1.4
785	-1.229122	470.323756	5.023017	0.003982	1.5
786	-1.217274	470.298237	5.023278	0.006013	1.4
787	-1.201881	471.067728	5.015423	0.002028	1.4
788	-1.224093	471.044977	5.015655	0.004247	1.4
789	-1.221315	471.208412	5.013989	0.006802	1.4
790	-1.211136	471.172162	5.014359	0.004023	1.5
791	-1.237591	471.711918	5.008865	0.002562	1.5
792	-1.186300	471.839605	5.007568	0.003667	1.3
793	-1.237064	471.820070	5.007766	0.001685	1.4
794	-1.249160	471.884295	5.007114	0.004262	1.5
795	-1.225705	471.996155	5.005978	0.002541	1.4
796	-1.253867	471.997331	5.005966	0.005768	1.4
797	-1.186872	471.992244	5.006017	0.005830	1.4
798	-1.232021	472.904089	4.996775	0.004624	1.4
799	-1.194865	473.857511	4.987148	0.005226	1.5
800	-1.224895	474.094535	4.984761	0.003436	1.4
801	-1.233648	474.100934	4.984696	0.004427	1.3
802	-1.209245	474.179714	4.983903	0.006160	1.3
803	-1.166406	475.096207	4.974696	0.003786	1.3
804	-1.229960	476.034174	4.965308	0.005265	1.5
805	-1.220439	475.999961	4.965650	0.006978	1.8
806	-1.248620	476.998261	4.955695	0.003955	1.3
807	-1.213811	477.963251	4.946111	0.006345	1.5
808	-1.232315	478.855634	4.937281	0.004239	1.6
809	-1.174371	478.820983	4.937623	0.005288	1.3
810	-1.201074	479.208263	4.933800	0.006000	1.3
811	-1.242810	479.229094	4.933595	0.003211	1.3
812	-1.257869	479.199716	4.933885	0.003913	1.4
813	-1.227108	479.526771	4.930661	0.004720	1.3
814	-1.209232	479.508790	4.930838	0.002149	1.3
815	-1.206256	479.792836	4.928041	0.004605	1.4
816	-1.213351	479.773862	4.928228	0.006484	1.3
817	-1.237663	480.769840	4.918446	0.002618	1.3
818	-1.212878	480.734157	4.918795	0.002622	1.5
819	-1.209348	480.831338	4.917843	0.003401	1.6
820	-1.180661	480.821569	4.917939	0.004344	1.6
821	-1.192136	481.010412	4.916089	0.005955	1.3
822	-1.223388	481.641414	4.909917	0.009348	1.3
823	-1.210901	482.599042	4.900581	0.006330	1.6
824	-1.218175	483.599040	4.890869	0.003675	1.3
825	-1.246313	483.577082	4.891082	0.002602	1.7
826	-1.219756	483.594020	4.890917	0.002537	1.4
827	-1.214971	483.598929	4.890870	0.002751	1.3
828	-1.201602	483.600851	4.890851	0.004386	1.5
829	-1.253570	483.586321	4.890992	0.007018	1.3
830	-1.190587	484.574616	4.881431	0.005026	3.2
831	-1.188759	485.556871	4.871966	0.005159	1.5
832	-1.200984	486.445641	4.863433	0.005088	1.4
833	-1.206064	486.925370	4.858839	0.005271	1.4
834	-1.240460	487.135276	4.856832	0.005314	1.6
835	-1.176187	487.410545	4.854202	0.004293	1.6
836	-1.209025	487.773973	4.850735	0.003700	2.0
837	-1.231256	488.423245	4.844553	0.004785	1.9
838	-1.192256	488.388351	4.844884	0.005851	1.5
839	-1.194606	489.330732	4.835938	0.002972	1.4
840	-1.230591	489.504960	4.834287	0.002994	1.8
841	-1.213772	489.557915	4.833786	0.004815	1.8
842	-1.236793	489.698565	4.832455	0.002360	1.5
843	-1.232620	489.943297	4.830140	0.004319	1.6
844	-1.187402	489.912288	4.830433	0.002159	1.4
845	-1.254442	490.102116	4.828639	0.004143	1.3
846	-1.251291	490.115289	4.828515	0.003700	1.3
847	-1.220546	490.296470	4.826804	0.001642	1.4
848	-1.221163	490.367952	4.826129	0.003444	1.5
849	-1.238935	490.368028	4.826128	0.006315	1.3
850	-1.220194	490.373435	4.826077	0.006538	1.5
851	-1.208966	491.373133	4.816661	0.004395	1.4
852	-1.223761	492.177149	4.809115	0.002831	1.3
853	-1.216642	492.165982	4.809219	0.003844	1.6
854	-1.254154	492.274417	4.808203	0.004960	1.5
855	-1.216801	492.340635	4.807583	0.002788	1.8
856	-1.222804	492.500823	4.806083	0.003322	1.3
857	-1.231541	492.471261	4.806360	0.008310	1.4
858	-1.207471	492.440822	4.806645	0.004114	1.6
859	-1.234490	493.438680	4.797321	0.003039	1.4
860	-1.254222	493.404399	4.797641	0.005287	1.3
861	-1.241087	493.428516	4.797416	0.005902	1.5
862	-1.216667	493.483876	4.796900	0.004224	1.4
863	-1.206065	494.420710	4.788181	0.002986	1.3
864	-1.227838	494.388788	4.788478	0.003991	1.3
865	-1.166800	494.536194	4.787108	0.003088	1.4
866	-1.219523	494.937637	4.783384	0.004851	1.4
867	-1.223943	495.427385	4.778847	0.004732	1.3
868	-1.230009	496.370275	4.770138	0.001673	1.3
869	-1.272555	496.350175	4.770323	0.004662	1.4
870	-1.199744	496.343644	4.770384	0.001673	1.4
871	-1.205914	496.353188	4.770296	0.002954	1.4
872	-1.206236	496.341684	4.770402	0.006000	1.4
873	-1.222806	496.467108	4.769246	0.004461	1.4
874	-1.188079	497.112786	4.763302	0.003404	1.3
875	-1.199696	497.804359	4.756952	0.003176	1.3
876	-1.226524	497.772674	4.757243	0.004005	1.8
877	-1.227233	497.759479	4.757364	0.004697	1.3
878	-1.218478	497.725031	4.757680	0.004725	1.2
879	-1.246289	498.564607	4.749992	0.005094	1.4
880	-1.221449	498.585357	4.749802	0.003862	1.6
881	-1.245092	499.463089	4.741792	0.002063	1.3
882	-1.235977	499.479633	4.741641	0.002104	1.3
883	-1.219214	499.478739	4.741649	0.002876	1.4
884	-1.178821	499.477098	4.741664	0.004035	1.3
885	-1.197072	499.539935	4.741092	0.003605	1.3
886	-1.197268	499.993759	4.736962	0.003386	1.4
887	-1.219110	500.359237	4.733641	0.003973	1.3
888	-1.188465	500.369144	4.733551	0.003423	1.3
889	-1.230007	500.514830	4.732229	0.004033	1.3
890	-1.206232	500.482325	4.732524	0.005294	1.6
891	-1.205174	500.959931	4.728194	0.003409	1.3
892	-1.186236	500.957125	4.728219	0.003584	1.4
893	-1.196806	500.979635	4.728015	0.005394	1.5
894	-1.249479	501.656217	4.721895	0.003348	1.5
895	-1.214904	501.621944	4.722204	0.006289	1.4
896	-1.225634	502.534086	4.713977	0.001726	1.3
897	-1.238557	502.513601	4.714162	0.004452	1.3
898	-1.250403	502.516299	4.714137	0.007361	1.2
899	-1.191715	503.504019	4.705260	0.004211	1.3
900	-1.226604	504.487730	4.696452	0.005457	1.4
901	-1.241076	504.461504	4.696686	0.004028	1.4
902	-1.204316	505.111316	4.690885	0.003600	1.3
903	-1.234870	505.246207	4.689683	0.003080	1.4
904	-1.274823	505.341786	4.688831	0.002879	1.9
905	-1.228982	505.355323	4.688710	0.002961	1.4
906	-1.221643	505.345267	4.688800	0.008167	1.5
907	-1.223304	506.290393	4.680396	0.004211	1.5
908	-1.218185	506.946058	4.674583	0.006675	1.5
909	-1.247528	507.089782	4.673311	0.002772	1.4
910	-1.215316	507.849466	4.666598	0.003389	1.3
911	-1.221927	507.863790	4.666471	0.003105	1.6
912	-1.230938	507.916111	4.666010	0.003562	1.4
913	-1.260419	508.069122	4.664660	0.004521	1.3
914	-1.199515	508.346317	4.662218	0.003400	1.4
915	-1.231937	508.671829	4.659352	0.003190	1.6
916	-1.213715	508.782161	4.658382	0.003059	1.5
917	-1.235213	508.774755	4.658447	0.002498	1.3
918	-1.243497	508.752605	4.658642	0.005603	1.3
919	-1.222299	508.785168	4.658356	0.005719	1.4
920	-1.240897	509.766639	4.649742	0.002919	1.4
921	-1.230808	509.776714	4.649653	0.002122	1.4
922	-1.208892	509.804594	4.649409	0.003647	1.3
923	-1.236195	509.999002	4.647707	0.006330	1.4
924	-1.225456	509.962665	4.648025	0.004915	1.4
925	-1.214654	510.959452	4.639315	0.003788	1.3
926	-1.211061	510.923703	4.639627	0.004290	1.5
927	-1.226857	510.895179	4.639876	0.002334	1.7
928	-1.203902	510.874034	4.640060	0.005439	1.9
929	-1.228233	510.849025	4.640279	0.005437	1.3
930	-1.203179	511.756087	4.632378	0.003217	1.4
931	-1.213089	511.914531	4.631001	0.001240	1.6
932	-1.225765	511.912903	4.631015	0.004196	1.3
933	-1.214443	511.905590	4.631079	0.004615	1.3
934	-1.217430	512.637052	4.624731	0.004378	1.3
935	-1.196378	513.275758	4.619202	0.004380	1.3
936	-1.203542	513.302435	4.618971	0.002419	1.5
937	-1.204082	513.406271	4.618074	0.004919	1.3
938	-1.210065	513.400509	4.618124	0.004822	1.5
939	-1.222421	514.354880	4.609891	0.001834	1.3
940	-1.205134	514.340684	4.610013	0.002800	1.3
941	-1.212870	514.325971	4.610140	0.002121	1.5
942	-1.220564	514.307211	4.610302	0.003561	1.5
943	-1.237903	514.309896	4.610278	0.005779	1.6
944	-1.212705	514.367579	4.609782	0.005651	1.6
945	-1.238408	514.332124	4.610087	0.005512	1.6
946	-1.220534	514.794002	4.606113	0.003606	1.3
947	-1.259453	514.867119	4.605484	0.006898	1.4
948	-1.237862	514.884269	4.605337	0.005482	1.4
949	-1.206408	515.883569	4.596765	0.002652	1.5
950	-1.182622	515.850172	4.597051	0.002975	1.4
951	-1.207637	515.824854	4.597268	0.002323	2.0
952	-1.210609	515.815065	4.597352	0.006605	1.3
953	-1.222631	516.071374	4.595158	0.003957	1.4
954	-1.246419	516.659997	4.590127	0.004459	1.3
955	-1.181820	516.628741	4.590394	0.003303	1.4
956	-1.218566	517.135734	4.586069	0.002458	1.4
957	-1.219622	517.129773	4.586120	0.004444	1.4
958	-1.217974	517.253502	4.585066	0.005992	1.4
959	-1.213179	518.193470	4.577073	0.004106	1.3
960	-1.235589	518.267946	4.576441	0.003439	1.4
961	-1.204202	518.473923	4.574693	0.004223	1.3
962	-1.207877	518.440238	4.574979	0.003420	1.4
963	-1.239700	518.521351	4.574291	0.007166	1.3
964	-1.231807	519.338079	4.567377	0.001655	1.3
965	-1.242051	519.521876	4.565824	0.002603	1.2
966	-1.220569	519.524132	4.565805	0.004660	1.4
967	-1.234046	519.789250	4.563566	0.005755	1.3
968	-1.206802	519.832153	4.563204	0.002488	1.3
969	-1.189916	519.796939	4.563502	0.003528	1.3
970	-1.205572	520.021292	4.561609	0.003894	1.4
971	-1.192627	519.988818	4.561883	0.006036	1.4
972	-1.213004	520.623910	4.556534	0.004088	1.4
973	-1.229349	521.570989	4.548580	0.005174	1.4
974	-1.234053	522.272187	4.542709	0.002817	1.5
975	-1.206921	522.302999	4.542452	0.003828	1.6
976	-1.239203	522.465686	4.541092	0.002685	1.3
977	-1.225649	522.439608	4.541310	0.008614	1.3
978	-1.240387	523.088470	4.535894	0.006330	1.3
979	-1.246737	524.075831	4.527678	0.004532	1.3
980	-1.235034	524.189521	4.526734	0.003567	1.3
981	-1.266333	524.161565	4.526966	0.002755	1.4
982	-1.226907	524.355202	4.525358	0.003320	1.5
983	-1.178636	524.336786	4.525511	0.003409	1.3
984	-1.226649	524.306801	4.525760	0.008378	1.3
985	-1.220168	525.242967	4.518004	0.003085	1.3
986	-1.243372	525.251673	4.517932	0.006198	1.3
987	-1.209542	525.279935	4.517698	0.004335	1.3
988	-1.219791	525.483342	4.516016	0.005547	1.3
989	-1.211466	525.859633	4.512909	0.002553	1.3
990	-1.228817	525.944241	4.512211	0.004691	1.4
991	-1.245917	525.957629	4.512100	0.006300	1.4
992	-1.258190	526.037971	4.511438	0.002638	1.4
993	-1.196530	526.057982	4.511273	0.003091	1.4
994	-1.201188	526.057369	4.511278	0.005549	1.3
995	-1.176995	526.103622	4.510896	0.006821	1.4
996	-1.207049	527.017403	4.503375	0.002496	1.3
997	-1.171945	527.003351	4.503490	0.003743	1.4
998	-1.232691	526.975044	4.503723	0.007785	1.4
999	-1.226051	527.952470	4.495704	0.006258	1.3
1000	-1.255061	528.951917	4.487534	0.004113	1.3
1001	-1.205551	529.697907	4.481455	0.002703	1.3
1002	-1.206565	529.983482	4.479132	0.003030	1.3
1003	-1.223027	529.953543	4.479375	0.004129	1.5
1004	-1.248490	529.969841	4.479243	0.004322	1.3
1005	-1.233808	530.134670	4.477903	0.001567	1.4
1006	-1.225417	530.197375	4.477394	0.003436	1.3
1007	-1.221695	530.213227	4.477265	0.003028	1.3
1008	-1.234690	530.241823	4.477033	0.002336	1.3
1009	-1.172189	530.263932	4.476853	0.005373	1.5
1010	-1.202214	530.258307	4.476899	0.004626	1.3
1011	-1.243461	531.057830	4.470415	0.002437	1.3
1012	-1.235038	531.069929	4.470317	0.002720	1.4
1013	-1.240039	531.042137	4.470542	0.003037	1.3
1014	-1.215263	531.076825	4.470261	0.003302	1.3
1015	-1.224546	531.079298	4.470241	0.003041	1.3
1016	-1.222108	531.150647	4.469664	0.003438	1.4
1017	-1.204953	531.148637	4.469680	0.003707	1.4
1018	-1.223601	531.389588	4.467730	0.002372	1.4
1019	-1.207606	531.620062	4.465867	0.004156	1.7
1020	-1.236239	531.593446	4.466082	0.003616	1.4
1021	-1.215942	531.910299	4.463523	0.003373	1.7
1022	-1.207083	531.929080	4.463371	0.004306	1.5
1023	-1.211883	532.101484	4.461980	0.003599	1.6
1024	-1.206990	532.154497	4.461552	0.005243	1.5
1025	-1.194784	532.298554	4.460391	0.003916	1.5
1026	-1.245724	533.014910	4.454623	0.005075	1.3
1027	-1.243347	533.271059	4.452565	0.002753	1.3
1028	-1.212115	533.288603	4.452424	0.002621	2.0
1029	-1.246016	533.271490	4.452561	0.003258	1.6
1030	-1.223698	533.277945	4.452509	0.004751	1.4
1031	-1.199865	533.245367	4.452771	0.004394	1.6
1032	-1.219740	533.312850	4.452229	0.003372	2.4
1033	-1.195469	533.352472	4.451911	0.005798	1.3
1034	-1.236922	533.636849	4.449628	0.003274	1.2
1035	-1.177733	533.825577	4.448114	0.006270	1.3
1036	-1.227453	533.886988	4.447622	0.007584	1.3
1037	-1.254143	534.803784	4.440286	0.004623	1.4
1038	-1.223378	534.967064	4.438982	0.002708	1.4
1039	-1.204624	535.151391	4.437511	0.004169	1.3
1040	-1.205237	535.291219	4.436395	0.003527	1.5
1041	-1.197989	535.305094	4.436285	0.004890	1.6
1042	-1.226597	535.349165	4.435933	0.004289	2.0
1043	-1.227879	536.251648	4.428749	0.005776	1.5
1044	-1.216592	536.216591	4.429028	0.005914	1.3
1045	-1.221675	537.207113	4.421168	0.005813	1.3
1046	-1.227568	537.171417	4.421451	0.003999	1.4
1047	-1.205129	537.417203	4.419505	0.004978	1.4
1048	-1.208987	537.406399	4.419591	0.003979	1.3
1049	-1.219388	537.595037	4.418098	0.002716	1.6
1050	-1.215351	537.570337	4.418293	0.002352	1.6
1051	-1.248870	537.561096	4.418367	0.005602	1.6
1052	-1.236215	537.632085	4.417805	0.005525	1.2
1053	-1.230117	538.035987	4.414613	0.003004	1.3
1054	-1.234330	538.029458	4.414665	0.006326	1.4
1055	-1.237253	538.422907	4.411560	0.005002	1.7
1056	-1.240321	539.419483	4.403715	0.003958	1.4
1057	-1.235332	539.905529	4.399899	0.004477	1.3
1058	-1.234075	539.927608	4.399726	0.003751	1.3
1059	-1.214820	540.352141	4.396398	0.004369	1.5
1060	-1.239008	540.316770	4.396675	0.002592	1.7
1061	-1.233610	540.299341	4.396812	0.002124	1.7
1062	-1.230465	540.363312	4.396311	0.003073	1.4
1063	-1.233795	540.412959	4.395922	0.004104	1.4
1064	-1.231166	540.643064	4.394121	0.004361	1.5
1065	-1.195978	540.616450	4.394329	0.005822	1.5
1066	-1.211641	541.576100	4.386834	0.003579	1.4
1067	-1.232316	542.473547	4.379847	0.002564	1.6
1068	-1.248410	542.458410	4.379964	0.005262	1.4
1069	-1.174326	542.634077	4.378599	0.002472	1.4
1070	-1.250991	542.766733	4.377569	0.005250	1.4
1071	-1.199998	542.750564	4.377694	0.002318	1.4
1072	-1.213040	542.738828	4.377786	0.004774	1.4
1073	-1.198190	542.748139	4.377713	0.007083	1.4
1074	-1.217333	543.736573	4.370051	0.005833	1.4
1075	-1.203275	544.689999	4.362686	0.005095	1.4
1076	-1.190498	545.685362	4.355023	0.003668	1.4
1077	-1.205351	546.056240	4.352174	0.003679	1.4
1078	-1.242914	546.036610	4.352325	0.002584	1.4
1079	-1.245674	546.071553	4.352057	0.003373	1.3
1080	-1.183664	546.043081	4.352275	0.002698	1.3
1081	-1.259329	546.027075	4.352398	0.004594	1.4
1082	-1.227751	546.288963	4.350389	0.003775	1.3
1083	-1.221890	546.702640	4.347219	0.002178	1.4
1084	-1.224539	546.675609	4.347426	0.005925	1.6
1085	-1.214070	546.643933	4.347669	0.002910	1.4
1086	-1.218526	546.769384	4.346708	0.002896	1.3
1087	-1.213082	546.930907	4.345472	0.004360	1.4
1088	-1.178934	547.137541	4.343891	0.003726	1.4
1089	-1.208292	547.110568	4.344097	0.005643	1.6
1090	-1.235442	547.126442	4.343976	0.002717	1.4
1091	-1.239422	547.094289	4.344222	0.003682	1.4
1092	-1.226719	547.113956	4.344072	0.005504	1.3
1093	-1.249901	547.806467	4.338783	0.004296	1.3
1094	-1.232227	547.770352	4.339058	0.008113	1.5
1095	-1.213904	548.673456	4.332180	0.007448	1.4
1096	-1.212249	549.673451	4.324588	0.005549	1.4
1097	-1.222810	549.641136	4.324833	0.004956	1.7
1098	-1.204332	550.579139	4.317736	0.002735	1.4
1099	-1.179056	550.547434	4.317975	0.003646	1.5
1100	-1.226965	550.772065	4.316279	0.004535	1.5
1101	-1.184923	551.263659	4.312571	0.007065	1.9
1102	-1.225568	552.259439	4.305080	0.004961	1.3
1103	-1.208657	553.156288	4.298355	0.003469	1.5
1104	-1.197687	553.596448	4.295063	0.004828	1.4
1105	-1.206321	553.570277	4.295258	0.004363	1.4
1106	-1.192546	554.279757	4.289961	0.002565	1.5
1107	-1.211311	554.289375	4.289889	0.003757	1.4
1108	-1.225185	554.540348	4.288019	0.002797	1.6
1109	-1.198051	554.607525	4.287518	0.002044	1.6
1110	-1.193825	554.632985	4.287328	0.004203	1.5
1111	-1.215440	554.637603	4.287294	0.004172	1.8
1112	-1.239357	554.626596	4.287376	0.004995	2.2
1113	-1.221735	554.905777	4.285298	0.002995	1.6
1114	-1.214025	555.652378	4.279749	0.003163	1.4
1115	-1.244553	555.625297	4.279950	0.004047	1.3
1116	-1.197435	555.652952	4.279745	0.004446	1.3
1117	-1.209294	555.915676	4.277796	0.002273	1.3
1118	-1.221307	555.920370	4.277761	0.006436	1.3
1119	-1.254727	555.995602	4.277204	0.003072	1.7
1120	-1.238018	556.258037	4.275259	0.004713	1.4
1121	-1.224712	556.235896	4.275423	0.005795	1.4
1122	-1.226948	556.439006	4.273919	0.002202	1.3
1123	-1.247528	556.828259	4.271040	0.003877	1.3
1124	-1.217419	556.803295	4.271225	0.002658	1.3
1125	-1.210272	556.917258	4.270382	0.006904	1.3
1126	-1.217713	557.062409	4.269310	0.005717	1.3
1127	-1.210383	558.056650	4.261980	0.003139	1.3
1128	-1.171836	558.073983	4.261852	0.003470	1.6
1129	-1.211149	558.413292	4.259356	0.002647	1.9
1130	-1.238880	558.387427	4.259547	0.003298	1.5
1131	-1.201775	558.412827	4.259360	0.006330	1.6
1132	-1.220006	558.428327	4.259246	0.006807	1.3
1133	-1.205549	559.073399	4.254509	0.005715	1.4
1134	-1.216091	559.239440	4.253292	0.004481	1.3
1135	-1.197420	559.453760	4.251721	0.005685	1.4
1136	-1.230929	559.421801	4.251956	0.004059	1.5
1137	-1.233987	560.349810	4.245168	0.002164	1.3
1138	-1.204699	560.331904	4.245299	0.004931	1.3
1139	-1.233384	560.314781	4.245424	0.003178	1.6
1140	-1.210726	560.796144	4.241911	0.004873	1.4
1141	-1.218354	560.779160	4.242035	0.002557	1.4
1142	-1.203190	560.754068	4.242218	0.002917	1.3
1143	-1.222311	560.765202	4.242137	0.005103	1.3
1144	-1.198042	561.066209	4.239943	0.004397	1.4
1145	-1.218307	561.624130	4.235883	0.005829	1.4
1146	-1.230397	562.379110	4.230401	0.005075	1.3
1147	-1.201128	562.906669	4.226579	0.006290	1.3
1148	-1.215520	563.648273	4.221218	0.003800	1.3
1149	-1.232779	563.657712	4.221150	0.003981	1.3
1150	-1.237866	563.889350	4.219478	0.001774	1.3
1151	-1.222326	563.879328	4.219550	0.004666	1.4
1152	-1.236203	563.884766	4.219511	0.004004	1.3
1153	-1.206488	564.495748	4.215108	0.004033	1.4
1154	-1.195441	565.162063	4.210316	0.007574	1.3
1155	-1.268084	566.157500	4.203178	0.006852	1.3
1156	-1.200558	567.157487	4.196032	0.002899	1.3
1157	-1.190224	567.218436	4.195597	0.003398	1.3
1158	-1.224128	567.225148	4.195549	0.003077	1.4
1159	-1.223259	567.224295	4.195556	0.004827	1.4
1160	-1.239299	567.205763	4.195688	0.002775	1.4
1161	-1.234313	567.236057	4.195472	0.003988	1.3
1162	-1.236815	567.248933	4.195380	0.003054	1.4
1163	-1.228682	567.525469	4.193408	0.003626	1.4
1164	-1.199764	567.495116	4.193625	0.002067	1.4
1165	-1.246182	567.485697	4.193692	0.002685	1.3
1166	-1.230257	567.588301	4.192961	0.003617	1.4
1167	-1.202391	567.579957	4.193020	0.002910	1.4
1168	-1.194491	567.891971	4.190799	0.001980	1.4
1169	-1.251662	567.879231	4.190889	0.004260	1.3
1170	-1.224128	568.096846	4.189341	0.003189	1.3
1171	-1.211450	568.240053	4.188323	0.001793	1.3
1172	-1.220793	568.301239	4.187888	0.003054	1.3
1173	-1.243962	568.292298	4.187952	0.003610	1.3
1174	-1.262770	568.268521	4.188121	0.004781	1.4
1175	-1.199152	568.285299	4.188001	0.004197	1.4
1176	-1.197167	568.960344	4.183209	0.003372	1.4
1177	-1.184851	568.935820	4.183383	0.003408	2.2
1178	-1.218632	568.905320	4.183600	0.004707	1.4
1179	-1.226847	568.956657	4.183236	0.002671	1.5
1180	-1.209742	568.943342	4.183330	0.002390	1.4
1181	-1.210498	568.958276	4.183224	0.002362	1.3
1182	-1.238497	568.958016	4.183226	0.006034	1.5
1183	-1.201104	569.152353	4.181848	0.003283	1.7
1184	-1.193869	569.540187	4.179102	0.003457	1.3
1185	-1.214761	569.669231	4.178189	0.002888	1.3
1186	-1.222511	569.795510	4.177296	0.005950	1.3
1187	-1.231080	570.167884	4.174665	0.004082	1.3
1188	-1.144297	570.209421	4.174371	0.002558	1.5
1189	-1.229372	570.238979	4.174163	0.002249	1.4
1190	-1.211774	570.327354	4.173539	0.007097	1.3
1191	-1.190249	570.294388	4.173772	0.004613	1.4
1192	-1.219336	570.258115	4.174028	0.005061	1.3
1193	-1.205668	571.126732	4.167905	0.003637	1.3
1194	-1.199139	571.106504	4.168047	0.003611	1.3
1195	-1.236377	571.274370	4.166866	0.002852	1.3
1196	-1.237402	571.249443	4.167041	0.006701	1.3
1197	-1.220908	571.815087	4.163065	0.002649	1.4
1198	-1.192066	571.780343	4.163309	0.002121	1.3
1199	-1.257366	571.757983	4.163466	0.006209	1.3
1200	-1.184341	572.251104	4.160005	0.003639	1.3
1201	-1.223460	572.225494	4.160185	0.003488	1.4
1202	-1.192263	572.501054	4.158253	0.002812	1.4
1203	-1.226471	572.471277	4.158462	0.004238	1.4
1204	-1.263207	572.522788	4.158101	0.002657	1.4
1205	-1.210654	572.495390	4.158293	0.004346	1.3
1206	-1.197023	572.546696	4.157933	0.002217	1.4
1207	-1.191858	572.524352	4.158090	0.002157	1.4
1208	-1.231458	572.582478	4.157683	0.004676	1.3
1209	-1.207354	572.644346	4.157250	0.002783	1.3
1210	-1.169890	573.154541	4.153680	0.002547	1.3
1211	-1.189730	573.227423	4.153170	0.004071	1.4
1212	-1.231644	573.271397	4.152863	0.005701	1.3
1213	-1.228237	573.271347	4.152863	0.003533	1.4
1214	-1.199604	573.935566	4.148227	0.004747	1.4
1215	-1.190217	573.901319	4.148466	0.006455	1.3
1216	-1.214511	574.853670	4.141835	0.004488	1.3
1217	-1.247856	575.665817	4.136198	0.002946	1.5
1218	-1.216617	575.685186	4.136063	0.007949	1.3
1219	-1.218848	575.846245	4.134947	0.005340	1.4
1220	-1.213254	576.535921	4.130175	0.003963	1.4
1221	-1.227601	577.054654	4.126592	0.002805	1.5
1222	-1.238406	577.021705	4.126820	0.001477	1.3
1223	-1.266086	577.030602	4.126758	0.003336	1.3
1224	-1.200725	577.015024	4.126866	0.002999	1.3
1225	-1.206384	577.105170	4.126244	0.006216	1.4
1226	-1.182734	577.691925	4.122200	0.004024	1.3
1227	-1.213958	578.513781	4.116549	0.006594	1.4
1228	-1.206408	578.540927	4.116362	0.004206	1.4
1229	-1.198274	579.110255	4.112457	0.006598	1.3
1230	-1.227111	579.613354	4.109012	0.002890	1.5
1231	-1.217770	579.606233	4.109061	0.005916	1.3
1232	-1.171115	579.580293	4.109239	0.004744	1.4
1233	-1.187853	580.474940	4.103126	0.005104	1.4
1234	-1.229280	580.440111	4.103364	0.002652	1.4
1235	-1.200366	580.772542	4.101097	0.002720	1.4
1236	-1.228313	580.751156	4.101243	0.002254	1.4
1237	-1.233731	580.755683	4.101212	0.004197	1.4
1238	-1.222848	580.782676	4.101028	0.004380	1.3
1239	-1.228180	580.765730	4.101144	0.006100	1.3
1240	-1.229790	581.752482	4.094430	0.002590	1.4
1241	-1.196039	581.759085	4.094385	0.003330	1.4
1242	-1.233505	581.754571	4.094416	0.002939	1.4
1243	-1.225114	581.737092	4.094534	0.004280	3.6
1244	-1.233530	582.191865	4.091447	0.002341	1.6
1245	-1.235127	582.355707	4.090336	0.002533	1.4
1246	-1.226583	582.339448	4.090446	0.004171	1.4
1247	-1.196576	582.385468	4.090134	0.002921	1.6
1248	-1.245704	582.547675	4.089035	0.002265	1.5
1249	-1.224765	582.579617	4.088819	0.003143	1.4
1250	-1.241581	582.601994	4.088667	0.004026	1.5
1251	-1.205393	582.587479	4.088766	0.006116	1.6
1252	-1.216914	583.448784	4.082939	0.003795	1.4
1253	-1.234816	584.385416	4.076622	0.003368	1.4
1254	-1.208529	584.717687	4.074386	0.003682	1.5
1255	-1.230788	584.827363	4.073648	0.002988	1.4
1256	-1.212355	584.889495	4.073231	0.005937	1.3
1257	-1.182764	585.231687	4.070932	0.004262	1.3
1258	-1.188324	586.094986	4.065143	0.004537	1.3
1259	-1.228286	586.060082	4.065376	0.003348	1.3
1260	-1.173728	586.403805	4.063076	0.005513	1.4
1261	-1.225725	586.389121	4.063174	0.002457	1.4
1262	-1.250027	586.379238	4.063240	0.002520	1.6
1263	-1.238603	586.391369	4.063159	0.004488	1.3
1264	-1.197990	586.543888	4.062139	0.002276	1.4
1265	-1.230369	586.524155	4.062271	0.002850	1.4
1266	-1.184991	586.544036	4.062138	0.003058	1.3
1267	-1.216376	586.749545	4.060764	0.004178	1.5
1268	-1.220137	586.830246	4.060225	0.004885	1.4
1269	-1.276959	586.973641	4.059268	0.005670	1.3
1270	-1.204723	587.622247	4.054942	0.002116	1.3
1271	-1.195762	587.756555	4.054047	0.004452	1.3
1272	-1.193729	587.835995	4.053518	0.004555	1.3
1273	-1.242687	588.595134	4.048470	0.006021	1.3
1274	-1.231571	589.577702	4.041955	0.003525	1.4
1275	-1.192933	589.623924	4.041649	0.002992	1.4
1276	-1.220590	589.708712	4.041088	0.004212	1.3
1277	-1.240519	589.684392	4.041249	0.002460	1.5
1278	-1.208029	589.671233	4.041336	0.002660	1.3
1279	-1.195154	589.752073	4.040801	0.002990	1.3
1280	-1.198333	589.790754	4.040545	0.003046	1.3
1281	-1.225840	589.829477	4.040289	0.004445	1.6
1282	-1.219556	589.824275	4.040324	0.001603	1.4
1283	-1.208404	589.804975	4.040451	0.003527	1.3
1284	-1.216182	589.883892	4.039929	0.002431	1.3
1285	-1.203949	589.876333	4.039979	0.002637	1.3
1286	-1.242773	589.925896	4.039651	0.004302	1.3
1287	-1.230451	589.898864	4.039830	0.004331	1.3
1288	-1.226391	590.639772	4.034937	0.003723	1.3
1289	-1.197645	590.661868	4.034791	0.004059	1.4
1290	-1.219960	590.802372	4.033864	0.002571	1.3
1291	-1.198999	590.864099	4.033457	0.005666	1.3
1292	-1.201055	591.138910	4.031646	0.005885	1.3
1293	-1.216903	591.239324	4.030985	0.004154	1.5
1294	-1.229006	591.312879	4.030501	0.003098	1.3
1295	-1.213648	591.361029	4.030184	0.002834	1.3
1296	-1.202134	591.560189	4.028874	0.001900	1.4
1297	-1.211867	591.570088	4.028809	0.002189	1.4
1298	-1.191527	591.568478	4.028819	0.005738	1.3
1299	-1.181676	591.975850	4.026142	0.005451	1.3
1300	-1.192883	592.919414	4.019954	0.002868	1.3
1301	-1.217014	592.895724	4.020109	0.005613	1.3
1302	-1.208745	592.924240	4.019922	0.002404	1.4
1303	-1.231348	592.981157	4.019550	0.007787	1.3
1304	-1.232553	592.945532	4.019783	0.003494	1.3
1305	-1.213751	593.660130	4.015109	0.003631	1.4
1306	-1.225352	593.783261	4.014305	0.004697	1.2
1307	-1.196017	593.750484	4.014519	0.004473	1.4
1308	-1.218859	594.633219	4.008763	0.002059	1.4
1309	-1.245806	594.741255	4.008060	0.003189	1.4
1310	-1.200983	594.726352	4.008157	0.002640	1.4
1311	-1.243551	594.708589	4.008272	0.004556	1.4
1312	-1.180258	594.955184	4.006668	0.002368	1.3
1313	-1.228562	594.939923	4.006767	0.002431	1.4
1314	-1.239130	594.922975	4.006877	0.003230	1.3
1315	-1.227249	594.897260	4.007044	0.002494	1.2
1316	-1.236624	595.032560	4.006164	0.002853	2.2
1317	-1.242574	595.004296	4.006348	0.004532	1.5
1318	-1.210508	595.418447	4.003656	0.002630	2.3
1319	-1.184411	595.634757	4.002252	0.002876	1.7
1320	-1.197127	595.622988	4.002328	0.004915	1.9
1321	-1.243237	595.620559	4.002344	0.006740	1.6
1322	-1.219457	596.588156	3.996074	0.003958	1.4
1323	-1.222590	596.857114	3.994334	0.003714	1.3
1324	-1.217691	597.011613	3.993335	0.002935	1.4
1325	-1.236472	596.999499	3.993414	0.003023	1.4
1326	-1.192900	596.977295	3.993557	0.005441	1.3
1327	-1.212651	597.467245	3.990394	0.002721	1.3
1328	-1.208464	597.786250	3.988336	0.004247	1.3
1329	-1.192530	598.072539	3.986492	0.005855	1.3
1330	-1.183478	598.043797	3.986677	0.004258	1.4
1331	-1.225597	598.984895	3.980626	0.004134	1.3
1332	-1.212672	598.959957	3.980786	0.002449	1.4
1333	-1.205542	599.200158	3.979244	0.002337	1.2
1334	-1.224638	599.173547	3.979415	0.002754	1.4
1335	-1.253064	599.264074	3.978834	0.002228	1.4
1336	-1.231398	599.305064	3.978571	0.003233	1.3
1337	-1.215387	599.328569	3.978420	0.004559	1.3
1338	-1.261595	599.462055	3.977564	0.003589	1.4
1339	-1.211125	599.901888	3.974747	0.001981	1.5
1340	-1.210356	599.891323	3.974814	0.007216	1.3
1341	-1.238731	600.267404	3.972408	0.002906	1.3
1342	-1.245306	600.571904	3.970462	0.003377	1.4
1343	-1.230347	600.644404	3.969999	0.002844	1.3
1344	-1.216424	600.631007	3.970085	0.002242	1.3
1345	-1.202428	600.762890	3.969242	0.004352	1.3
1346	-1.227378	600.902661	3.968350	0.004684	1.3
1347	-1.197410	601.771788	3.962812	0.002964	1.3
1348	-1.199238	601.762920	3.962869	0.004598	1.3
1349	-1.247685	601.751984	3.962938	0.003783	1.3
1350	-1.214207	601.752629	3.962934	0.003713	1.3
1351	-1.210870	601.772544	3.962807	0.002507	1.3
1352	-1.219102	601.876484	3.962146	0.004500	1.3
1353	-1.195257	601.871821	3.962176	0.004267	1.4
1354	-1.231407	602.062705	3.960962	0.001118	1.3
1355	-1.208448	602.067729	3.960930	0.003362	1.4
1356	-1.190703	602.090658	3.960784	0.006710	1.3
1357	-1.215599	602.894975	3.955678	0.005563	1.3
1358	-1.205700	603.894657	3.949350	0.004896	1.3
1359	-1.210247	603.864739	3.949539	0.005486	1.4
1360	-1.218345	604.713496	3.944182	0.002185	1.3
1361	-1.200611	604.686641	3.944351	0.002404	1.3
1362	-1.236897	604.741160	3.944007	0.002997	1.3
1363	-1.215871	604.715454	3.944169	0.002055	1.4
1364	-1.215870	604.746700	3.943972	0.003513	1.3
1365	-1.198042	604.761722	3.943878	0.004437	1.4
1366	-1.236537	604.831105	3.943440	0.005967	1.8
1367	-1.231995	605.019958	3.942251	0.003245	1.4
1368	-1.235830	605.267607	3.940692	0.006287	1.3
1369	-1.228410	605.231379	3.940920	0.003429	1.3
1370	-1.228830	606.062266	3.935698	0.003736	1.3
1371	-1.226440	606.043468	3.935816	0.003158	1.5
1372	-1.244807	606.012452	3.936011	0.006676	1.7
1373	-1.220968	606.394175	3.933616	0.004201	1.3
1374	-1.211477	606.365637	3.933795	0.002115	1.3
1375	-1.203326	606.364895	3.933799	0.003554	1.3
1376	-1.200483	606.346990	3.933912	0.003060	1.4
1377	-1.233883	606.545711	3.932666	0.004421	1.3
1378	-1.222546	606.514691	3.932860	0.006328	1.4
1379	-1.196577	606.507816	3.932904	0.004205	1.3
1380	-1.253783	607.487037	3.926776	0.004455	1.2
1381	-1.188251	607.453937	3.926983	0.004592	1.3
1382	-1.212094	608.386939	3.921161	0.003936	1.3
1383	-1.216834	609.112813	3.916644	0.001429	1.2
1384	-1.221382	609.088532	3.916795	0.005240	1.2
1385	-1.221668	609.212247	3.916026	0.004282	2.0
1386	-1.242622	609.182346	3.916212	0.004966	2.1
1387	-1.193776	610.045439	3.910856	0.002107	1.7
1388	-1.192483	610.020611	3.911010	0.004401	1.4
1389	-1.226626	610.047443	3.910843	0.003304	1.7
1390	-1.199278	610.040733	3.910885	0.001549	1.5
1391	-1.216339	610.049879	3.910828	0.002006	1.6
1392	-1.231715	610.053866	3.910804	0.002327	1.5
1393	-1.225737	610.038093	3.910901	0.005676	1.4
1394	-1.254944	610.136282	3.910293	0.004216	1.6
1395	-1.194884	611.014585	3.904859	0.007072	1.4
1396	-1.194440	611.436768	3.902252	0.002320	1.4
1397	-1.197401	612.064242	3.898384	0.004082	1.3
1398	-1.191259	612.109023	3.898109	0.001365	1.3
1399	-1.262181	612.087851	3.898239	0.003144	1.3
1400	-1.235048	612.092871	3.898208	0.003164	1.3
1401	-1.216165	612.223587	3.897403	0.004238	1.3
1402	-1.228587	612.226879	3.897383	0.003748	1.3
1403	-1.240844	612.325584	3.896776	0.002613	1.3
1404	-1.237321	612.385030	3.896410	0.002866	1.3
1405	-1.238225	612.381760	3.896430	0.005546	1.3
1406	-1.204424	612.596457	3.895110	0.003389	1.4
1407	-1.193119	612.684553	3.894568	0.004378	1.3
1408	-1.219510	612.669582	3.894660	0.006663	1.3
1409	-1.205667	612.982438	3.892738	0.005637	1.3
1410	-1.210693	613.959313	3.886749	0.003819	1.3
1411	-1.249901	613.943657	3.886845	0.003751	1.3
1412	-1.235497	613.927684	3.886943	0.005765	1.3
1413	-1.219258	614.726757	3.882057	0.004125	1.3
1414	-1.218837	615.634193	3.876524	0.002674	1.3
1415	-1.258188	615.600961	3.876726	0.003944	1.3
1416	-1.185074	615.858204	3.875160	0.003524	1.3
1417	-1.208429	615.873526	3.875067	0.005298	1.3
1418	-1.211385	616.234965	3.872869	0.002544	1.3
1419	-1.210015	616.539972	3.871016	0.003056	1.4
1420	-1.233589	616.520364	3.871135	0.002049	1.4
1421	-1.207565	616.517450	3.871153	0.003320	1.4
1422	-1.223752	616.510065	3.871198	0.003551	1.4
1423	-1.246805	616.607678	3.870605	0.005343	1.4
1424	-1.221749	616.573977	3.870810	0.004645	1.3
1425	-1.204360	617.270515	3.866586	0.004287	1.4
1426	-1.221716	617.238166	3.866782	0.003056	1.4
1427	-1.229058	617.322175	3.866273	0.003457	1.4
1428	-1.228814	617.313105	3.866328	0.006323	1.3
1429	-1.205136	617.278249	3.866539	0.002786	1.3
1430	-1.222201	618.062727	3.861793	0.002233	1.3
1431	-1.223947	618.039832	3.861931	0.005214	1.4
1432	-1.211347	618.030286	3.861989	0.003806	1.3
1433	-1.203622	618.022563	3.862035	0.003059	1.4
1434	-1.189431	618.095481	3.861595	0.002932	1.4
1435	-1.230396	618.110205	3.861506	0.006427	1.6
1436	-1.243074	618.087613	3.861642	0.004598	1.4
1437	-1.180439	618.940134	3.856498	0.003678	1.6
1438	-1.169395	619.111391	3.855466	0.003539	1.7
1439	-1.226219	619.254007	3.854607	0.003577	1.3
1440	-1.201764	619.491834	3.853176	0.002921	1.8
1441	-1.209454	619.697099	3.851941	0.002704	1.4
1442	-1.221178	619.811335	3.851255	0.003167	1.3
1443	-1.185454	619.801374	3.851315	0.003251	1.3
1444	-1.224936	619.937036	3.850499	0.006438	1.3
1445	-1.216681	620.077973	3.849653	0.006261	1.3
1446	-1.213767	621.075342	3.843673	0.004788	1.5
1447	-1.189460	621.535788	3.840919	0.002862	1.5
1448	-1.229043	621.500893	3.841127	0.002918	1.3
1449	-1.222326	621.499833	3.841134	0.002617	1.3
1450	-1.211504	621.494267	3.841167	0.003828	1.3
1451	-1.212178	621.522592	3.840998	0.004392	1.3
1452	-1.193534	621.617968	3.840427	0.004441	1.3
1453	-1.189756	621.947593	3.838459	0.004357	1.3
1454	-1.211205	622.218285	3.836843	0.003179	1.4
1455	-1.186723	622.365092	3.835968	0.003610	1.4
1456	-1.239078	622.541636	3.834915	0.003444	1.4
1457	-1.224814	622.647750	3.834283	0.005746	1.4
1458	-1.222508	623.455853	3.829475	0.004088	1.3
1459	-1.202721	623.423986	3.829665	0.002834	1.3
1460	-1.240494	623.410993	3.829742	0.003271	1.5
1461	-1.227869	623.438115	3.829581	0.002193	1.7
1462	-1.241892	623.420478	3.829685	0.003090	1.4
1463	-1.249424	623.422366	3.829674	0.003460	1.4
1464	-1.219300	623.444752	3.829541	0.004140	1.4
1465	-1.263975	623.428841	3.829636	0.006822	1.4
1466	-1.227022	624.015491	3.826153	0.005154	1.6
1467	-1.228472	624.660105	3.822333	0.003136	1.3
1468	-1.220682	624.840672	3.821264	0.003040	1.3
1469	-1.215900	624.820206	3.821385	0.001740	1.3
1470	-1.220060	624.812364	3.821431	0.003641	1.5
1471	-1.202974	624.800061	3.821504	0.003329	1.4
1472	-1.229550	624.810336	3.821443	0.004289	1.4
1473	-1.195629	625.057946	3.819979	0.002376	1.3
1474	-1.226782	625.040740	3.820081	0.003032	1.5
1475	-1.233773	625.018065	3.820215	0.002418	1.7
1476	-1.212447	625.129692	3.819555	0.003030	1.4
1477	-1.214927	625.101742	3.819720	0.005145	2.5
1478	-1.237928	625.115318	3.819640	0.003851	2.2
1479	-1.233724	625.791393	3.815647	0.006535	2.2
1480	-1.225430	625.755128	3.815861	0.002856	1.8
1481	-1.195489	626.407668	3.812015	0.003242	1.7
1482	-1.218617	626.391718	3.812109	0.002339	1.4
1483	-1.213186	626.381967	3.812166	0.004705	1.4
1484	-1.213333	626.404794	3.812032	0.004227	1.3
1485	-1.200196	626.379250	3.812182	0.005732	1.3
1486	-1.215594	627.236349	3.807142	0.002995	1.3
1487	-1.226199	627.392498	3.806225	0.004540	1.4
1488	-1.199624	627.593192	3.805047	0.004066	1.4
1489	-1.228796	627.574209	3.805159	0.004595	1.4
1490	-1.242983	627.638740	3.804780	0.004445	1.7
1491	-1.215693	627.968962	3.802844	0.003391	1.4
1492	-1.217391	627.933202	3.803054	0.003391	1.4
1493	-1.221963	628.076687	3.802213	0.003943	1.3
1494	-1.222775	628.044639	3.802401	0.002972	1.4
1495	-1.189523	628.444925	3.800057	0.005539	1.3
1496	-1.243819	628.409303	3.800265	0.002765	1.3
1497	-1.220713	628.678656	3.798690	0.004549	1.3
1498	-1.235568	628.656292	3.798821	0.004460	1.4
1499	-1.190919	629.554552	3.793575	0.002866	1.4
1500	-1.212702	629.525736	3.793743	0.004204	1.4
1501	-1.236658	629.876339	3.791700	0.003420	1.3
1502	-1.227528	629.905240	3.791531	0.002792	1.4
1503	-1.225125	629.903295	3.791543	0.005394	1.4
1504	-1.225604	630.207254	3.789773	0.003010	1.3
1505	-1.217415	630.177998	3.789943	0.005531	1.5
1506	-1.188631	630.606306	3.787452	0.006332	1.4
1507	-1.224042	631.600101	3.781684	0.005955	1.3
1508	-1.221418	632.599055	3.775905	0.001704	1.4
1509	-1.243139	632.808898	3.774693	0.003243	1.3
1510	-1.248100	632.800913	3.774739	0.004292	1.4
1511	-1.184835	633.208098	3.772389	0.004306	1.3
1512	-1.203995	633.230258	3.772262	0.002981	1.3
1513	-1.221171	633.332467	3.771672	0.008378	1.3
1514	-1.234012	633.593669	3.770167	0.004023	1.4
1515	-1.214678	634.575142	3.764523	0.005348	1.4
1516	-1.202618	634.747580	3.763533	0.004194	1.5
1517	-1.194744	634.988321	3.762152	0.003657	1.4
1518	-1.226692	634.954131	3.762348	0.006102	1.4
1519	-1.214780	635.905865	3.756897	0.002901	1.4
1520	-1.193521	635.991330	3.756408	0.002214	1.3
1521	-1.217003	635.963943	3.756565	0.004360	1.7
1522	-1.190671	636.061106	3.756009	0.006246	1.4
1523	-1.228135	637.042547	3.750407	0.006328	1.3
1524	-1.208807	638.041080	3.744725	0.002305	1.3
1525	-1.205425	638.019764	3.744846	0.003670	1.4
1526	-1.237170	638.170966	3.743987	0.003979	1.5
1527	-1.208550	638.165910	3.744016	0.005447	1.3
1528	-1.204901	638.566302	3.741743	0.003109	1.7
1529	-1.220468	638.540205	3.741891	0.003631	1.8
1530	-1.208339	638.709629	3.740930	0.005369	1.5
1531	-1.236458	639.256434	3.737832	0.005662	1.3
1532	-1.207240	640.230563	3.732325	0.003268	1.4
1533	-1.252171	640.199394	3.732501	0.005618	1.3
1534	-1.231851	640.216160	3.732407	0.004215	1.3
1535	-1.224791	640.242461	3.732258	0.001856	1.4
1536	-1.186885	640.218850	3.732392	0.003622	1.3
1537	-1.227480	640.196319	3.732519	0.002969	1.5
1538	-1.226423	640.200727	3.732494	0.004195	1.3
1539	-1.231667	640.379210	3.731487	0.005434	1.4
1540	-1.240396	640.370722	3.731535	0.003813	1.3
1541	-1.215669	640.360718	3.731591	0.004399	1.4
1542	-1.236246	640.348825	3.731658	0.004313	1.4
1543	-1.205291	640.322322	3.731808	0.003734	1.3
1544	-1.214088	640.286295	3.732011	0.004689	1.3
1545	-1.235709	641.045784	3.727730	0.002690	1.3
1546	-1.222208	641.113338	3.727349	0.001951	1.3
1547	-1.185620	641.094690	3.727454	0.002073	1.3
1548	-1.254814	641.083363	3.727518	0.004037	1.4
1549	-1.216467	641.186200	3.726939	0.002964	1.7
1550	-1.205985	641.493827	3.725209	0.003626	1.4
1551	-1.208358	641.465332	3.725369	0.004213	1.3
1552	-1.178985	641.486968	3.725247	0.006204	1.4
1553	-1.196297	642.438742	3.719903	0.004108	1.3
1554	-1.227768	643.390139	3.714576	0.003360	1.3
1555	-1.219934	643.769912	3.712454	0.004596	1.4
1556	-1.207115	644.269878	3.709664	0.005314	1.3
1557	-1.243908	644.918967	3.706048	0.003594	1.4
1558	-1.203899	645.784395	3.701238	0.003163	1.3
1559	-1.209598	645.766143	3.701339	0.002840	1.2
1560	-1.222382	645.748650	3.701436	0.001929	1.3
1561	-1.234962	645.797920	3.701163	0.001952	1.3
1562	-1.197834	645.794011	3.701185	0.005039	1.3
1563	-1.215692	645.845847	3.700897	0.002485	1.4
1564	-1.234379	645.869572	3.700765	0.002085	1.4
1565	-1.208247	645.870451	3.700760	0.003352	1.3
1566	-1.233525	645.927536	3.700444	0.007305	1.4
1567	-1.247455	645.920980	3.700480	0.004880	1.6
1568	-1.199446	645.887586	3.700665	0.009939	1.4
1569	-1.210578	646.504440	3.697245	0.002343	1.3
1570	-1.230741	646.867157	3.695237	0.003112	1.3
1571	-1.215492	646.899672	3.695057	0.003596	1.3
1572	-1.187526	647.055303	3.694197	0.003916	1.3
1573	-1.229304	647.022899	3.694376	0.002031	1.5
1574	-1.206541	647.107894	3.693906	0.003852	1.5
1575	-1.210733	647.113973	3.693872	0.001980	4.9
1576	-1.200412	647.179064	3.693512	0.003019	2.0
1577	-1.211229	647.217006	3.693303	0.005150	2.0
1578	-1.249637	647.467121	3.691921	0.002784	1.6
1579	-1.213454	647.582681	3.691283	0.002082	1.7
1580	-1.180503	647.598603	3.691195	0.002712	1.6
1581	-1.234185	647.584082	3.691275	0.003158	1.3
1582	-1.213363	647.642264	3.690954	0.005397	1.5
1583	-1.199411	648.094403	3.688460	0.004761	1.4
1584	-1.233487	648.594814	3.685703	0.003173	1.3
1585	-1.199159	648.745705	3.684873	0.001715	1.4
1586	-1.205471	648.728990	3.684965	0.001611	1.3
1587	-1.240214	648.713186	3.685052	0.003711	1.5
1588	-1.224424	648.686592	3.685198	0.005867	1.5
1589	-1.217706	648.788582	3.684637	0.003972	1.3
1590	-1.186389	649.724365	3.679496	0.005715	1.7
1591	-1.234834	649.732571	3.679451	0.002888	2.0
1592	-1.198593	649.701885	3.679619	0.006021	1.8
1593	-1.233609	650.228580	3.676732	0.004977	1.7
1594	-1.224562	650.195953	3.676911	0.001890	1.6
1595	-1.210985	650.423770	3.675663	0.006791	1.4
1596	-1.217088	650.417764	3.675696	0.002975	1.4
1597	-1.251656	650.896928	3.673075	0.005157	1.5
1598	-1.218933	650.870650	3.673218	0.002465	1.7
1599	-1.216726	650.921705	3.672939	0.004103	1.4
1600	-1.211224	650.900251	3.673057	0.004097	1.3
1601	-1.247953	651.505018	3.669754	0.003348	1.6
1602	-1.200572	651.538065	3.669573	0.005193	1.7
1603	-1.198414	652.121615	3.666392	0.002629	1.9
1604	-1.186570	652.441720	3.664649	0.002687	1.6
1605	-1.228178	652.516920	3.664240	0.003574	1.3
1606	-1.210935	652.503140	3.664315	0.003237	1.5
1607	-1.191150	652.475956	3.664463	0.003085	1.6
1608	-1.213751	652.452945	3.664588	0.004746	1.4
1609	-1.240926	652.451458	3.664596	0.003204	1.3
1610	-1.203178	652.694220	3.663276	0.003273	1.4
1611	-1.237167	652.663679	3.663442	0.003599	1.6
1612	-1.230456	652.805647	3.662670	0.003319	1.5
1613	-1.225866	652.847389	3.662443	0.002012	1.4
1614	-1.210957	652.872992	3.662304	0.004639	1.3
1615	-1.209558	653.041311	3.661389	0.003298	1.4
1616	-1.215977	653.532402	3.658724	0.003841	1.4
1617	-1.209084	653.519689	3.658793	0.003088	1.3
1618	-1.213922	653.609884	3.658303	0.006228	1.3
1619	-1.228224	654.257791	3.654793	0.002983	1.7
1620	-1.217119	654.777956	3.651980	0.004557	1.5
1621	-1.231449	654.746276	3.652151	0.004850	1.4
1622	-1.212727	655.552697	3.647798	0.005307	1.4
1623	-1.213067	655.533590	3.647901	0.004108	1.7
1624	-1.227565	655.616087	3.647456	0.003026	1.3
1625	-1.238932	655.628500	3.647390	0.004817	1.6
1626	-1.198225	655.597466	3.647557	0.001294	1.5
1627	-1.232227	655.600888	3.647538	0.006052	1.4
1628	-1.247471	655.594072	3.647575	0.003809	1.3
1629	-1.196416	655.599966	3.647543	0.005466	1.5
1630	-1.248153	656.351578	3.643496	0.004282	1.8
1631	-1.213136	656.319089	3.643671	0.003448	1.5
1632	-1.235971	656.364858	3.643424	0.002470	1.3
1633	-1.217816	656.352761	3.643490	0.003300	2.0
1634	-1.220849	656.363900	3.643430	0.002648	1.6
1635	-1.201881	656.332578	3.643598	0.001551	1.5
1636	-1.225061	656.353548	3.643485	0.003647	1.7
1637	-1.203377	656.453129	3.642950	0.003760	2.2
1638	-1.250869	656.623493	3.642034	0.005566	1.6
1639	-1.211206	656.732448	3.641448	0.004800	1.3
1640	-1.221905	657.488793	3.637389	0.004902	1.3
1641	-1.202560	657.468866	3.637496	0.005154	1.4
1642	-1.237108	658.409959	3.632457	0.003819	1.3
1643	-1.202411	658.395686	3.632534	0.004559	1.4
1644	-1.175983	659.040227	3.629091	0.002617	1.9
1645	-1.212845	659.019424	3.629202	0.003285	2.1
1646	-1.201431	659.082023	3.628868	0.003384	1.4
1647	-1.211569	659.106677	3.628736	0.005799	1.6
1648	-1.209275	660.000973	3.623971	0.006181	1.4
1649	-1.210762	660.999871	3.618663	0.002954	1.4
1650	-1.204935	661.667706	3.615123	0.003205	1.4
1651	-1.212918	661.811495	3.614362	0.004226	1.5
1652	-1.221925	661.991915	3.613407	0.003275	1.5
1653	-1.180175	662.012537	3.613298	0.005391	1.6
1654	-1.207642	662.242070	3.612084	0.003947	1.7
1655	-1.183342	663.026376	3.607942	0.003431	1.6
1656	-1.220766	662.992616	3.608120	0.002708	2.5
1657	-1.212485	663.219501	3.606924	0.004728	1.8
1658	-1.193117	663.243310	3.606798	0.002796	1.4
1659	-1.232886	663.311197	3.606441	0.003030	1.3
1660	-1.246752	663.360592	3.606180	0.002549	1.4
1661	-1.276781	663.345140	3.606262	0.004280	1.6
1662	-1.232614	663.405647	3.605943	0.003016	1.3
1663	-1.214016	663.746872	3.604146	0.003351	1.7
1664	-1.231837	663.715324	3.604312	0.004342	1.6
1665	-1.231566	663.978535	3.602927	0.002186	1.5
1666	-1.215670	664.038230	3.602613	0.004337	1.4
1667	-1.223509	664.006064	3.602782	0.003844	1.5
1668	-1.257524	663.980927	3.602914	0.003836	1.8
1669	-1.202920	664.154916	3.602000	0.001396	1.5
1670	-1.215162	664.145169	3.602051	0.002627	1.4
1671	-1.262141	664.145414	3.602049	0.002558	1.3
1672	-1.226297	664.176751	3.601885	0.002798	1.5
1673	-1.186397	664.166137	3.601941	0.002305	1.3
1674	-1.196805	664.149716	3.602027	0.002011	1.5
1675	-1.254012	664.152128	3.602014	0.003541	1.6
1676	-1.206535	664.170007	3.601920	0.004364	1.5
1677	-1.222399	664.181060	3.601862	0.003419	1.4
1678	-1.236306	664.366380	3.600888	0.002476	1.4
1679	-1.200908	664.338076	3.601037	0.004421	1.4
1680	-1.224428	664.465588	3.600367	0.005476	1.5
1681	-1.246195	665.420828	3.595357	0.002257	1.7
1682	-1.199904	665.495736	3.594964	0.002312	1.3
1683	-1.231402	665.549203	3.594684	0.004987	1.3
1684	-1.249136	665.545147	3.594706	0.004080	1.3
1685	-1.186059	666.287407	3.590823	0.006251	1.5
1686	-1.194520	666.274605	3.590890	0.002417	1.6
1687	-1.213470	666.448268	3.589983	0.007718	1.4
1688	-1.227441	667.060237	3.586790	0.006711	1.5
1689	-1.197091	668.060222	3.581585	0.004536	1.4
1690	-1.244035	668.023936	3.581774	0.002741	1.8
1691	-1.217141	668.112032	3.581316	0.003380	1.3
1692	-1.233957	668.095289	3.581403	0.003669	1.6
1693	-1.222127	668.098385	3.581387	0.007713	1.4
1694	-1.238052	669.085681	3.576263	0.003511	1.2
1695	-1.231246	669.660499	3.573286	0.002945	1.4
1696	-1.223939	669.676425	3.573204	0.003591	1.9
1697	-1.228314	669.653093	3.573325	0.004438	1.3
1698	-1.248884	669.631020	3.573439	0.006360	1.3
1699	-1.174729	670.585862	3.568505	0.006696	1.5
1700	-1.223907	671.585221	3.563356	0.003971	1.4
1701	-1.190412	672.574351	3.558274	0.003793	1.5
1702	-1.228687	672.558222	3.558357	0.007257	1.3
1703	-1.229863	673.525318	3.553402	0.001519	1.4
1704	-1.224368	673.495968	3.553552	0.003334	1.5
1705	-1.248430	673.515637	3.553452	0.001993	1.8
1706	-1.218869	673.491638	3.553574	0.003943	1.9
1707	-1.179975	673.548756	3.553282	0.002588	1.5
1708	-1.235944	673.732468	3.552343	0.003414	1.5
1709	-1.211672	673.716409	3.552425	0.003305	1.5
1710	-1.249382	674.019787	3.550874	0.002446	1.5
1711	-1.212145	674.069226	3.550621	0.003716	1.4
1712	-1.229293	674.105269	3.550437	0.002962	1.4
1713	-1.203281	674.093956	3.550495	0.004328	1.4
1714	-1.260046	674.450422	3.548675	0.002998	1.5
1715	-1.234207	674.883424	3.546467	0.005703	1.6
1716	-1.196188	675.222751	3.544739	0.004224	1.5
1717	-1.226431	675.766694	3.541971	0.003379	1.4
1718	-1.199457	675.736044	3.542127	0.003273	2.1
1719	-1.247903	675.709812	3.542261	0.004100	1.7
1720	-1.193061	675.697583	3.542323	0.003560	1.6
1721	-1.219812	675.761535	3.541998	0.003350	2.5
1722	-1.204079	675.793722	3.541834	0.003682	1.6
1723	-1.220358	675.881893	3.541386	0.004722	1.7
1724	-1.227308	676.188401	3.539829	0.003414	1.6
1725	-1.204591	676.448502	3.538509	0.003095	1.5
1726	-1.201741	676.659718	3.537438	0.003088	1.4
1727	-1.240916	676.644744	3.537513	0.002637	1.7
1728	-1.212911	676.614693	3.537666	0.005115	1.9
1729	-1.207115	676.821195	3.536619	0.004270	1.4
1730	-1.207462	677.539588	3.532982	0.002564	1.4
1731	-1.252593	677.593709	3.532708	0.004636	1.5
1732	-1.220776	677.563559	3.532861	0.004049	1.7
1733	-1.207593	677.628229	3.532534	0.003938	1.5
1734	-1.220219	677.598614	3.532683	0.003243	1.5
1735	-1.213467	678.071719	3.530293	0.003211	1.5
1736	-1.238031	678.061106	3.530346	0.003197	1.5
1737	-1.267178	678.027169	3.530518	0.002521	1.6
1738	-1.207500	678.062353	3.530340	0.002421	1.4
1739	-1.287592	678.040464	3.530450	0.003076	1.4
1740	-1.217280	678.104354	3.530128	0.005328	1.3
1741	-1.172982	678.402732	3.528622	0.003557	1.6
1742	-1.221822	678.730802	3.526967	0.002677	1.6
1743	-1.216003	678.832505	3.526455	0.007872	1.4
1744	-1.205039	679.460030	3.523296	0.003599	1.5
1745	-1.215273	679.745135	3.521862	0.005385	1.4
1746	-1.182915	679.721111	3.521983	0.003763	1.6
1747	-1.212983	679.917218	3.520997	0.003727	1.4
1748	-1.200709	679.888175	3.521143	0.003835	1.7
1749	-1.186662	680.325558	3.518947	0.002684	1.4
1750	-1.230038	680.298117	3.519085	0.006157	1.4
1751	-1.236643	680.263554	3.519258	0.003394	1.4
1752	-1.259894	680.520334	3.517970	0.005190	1.4
1753	-1.253119	680.486574	3.518140	0.004388	1.5
1754	-1.206503	681.060790	3.515262	0.002496	1.4
1755	-1.228218	681.106713	3.515032	0.005340	1.5
1756	-1.216038	681.185069	3.514640	0.002418	1.5
1757	-1.208316	681.202695	3.514552	0.004342	1.4
1758	-1.235054	681.176219	3.514684	0.001471	1.2
1759	-1.220750	681.158756	3.514772	0.003821	1.5
1760	-1.238207	681.196329	3.514584	0.005338	1.4
1761	-1.200610	681.998883	3.510571	0.003606	1.4
1762	-1.234954	682.791855	3.506616	0.003988	1.7
1763	-1.214518	683.328939	3.503942	0.005531	1.3
1764	-1.188435	683.540512	3.502890	0.003486	1.4
1765	-1.213457	683.514189	3.503021	0.004909	1.5
1766	-1.197568	683.865269	3.501276	0.002749	2.0
1767	-1.211575	683.968222	3.500764	0.002896	1.4
1768	-1.224662	684.004665	3.500583	0.002954	1.3
1769	-1.242960	684.185367	3.499686	0.005246	1.5
1770	-1.231219	684.542611	3.497914	0.003691	1.5
1771	-1.209875	685.354764	3.493893	0.003655	1.4
1772	-1.206750	685.319713	3.494066	0.005517	1.4
1773	-1.231707	685.442065	3.493461	0.002975	1.3
1774	-1.202462	685.579574	3.492781	0.002151	1.3
1775	-1.241079	685.594462	3.492707	0.004833	1.3
1776	-1.221897	685.850870	3.491440	0.003377	1.5
1777	-1.223422	686.383388	3.488812	0.004056	1.4
1778	-1.217054	686.397529	3.488742	0.002828	1.3
1779	-1.182395	686.507970	3.488198	0.004306	1.3
1780	-1.236484	686.836444	3.486579	0.002609	1.4
1781	-1.211353	687.065563	3.485451	0.005529	1.3
1782	-1.199662	687.605556	3.482795	0.005949	1.5
1783	-1.268305	688.589873	3.477964	0.004967	1.6
1784	-1.227753	689.576920	3.473132	0.003758	1.4
1785	-1.210241	690.415962	3.469036	0.003145	1.7
1786	-1.179067	690.386200	3.469181	0.002719	1.4
1787	-1.249081	690.459819	3.468822	0.002923	1.9
1788	-1.202860	690.547419	3.468395	0.004144	1.6
1789	-1.232113	690.682684	3.467736	0.005123	1.5
1790	-1.217711	691.467993	3.463914	0.004274	1.4
1791	-1.219331	691.720601	3.462686	0.004600	1.3
1792	-1.227218	692.461221	3.459092	0.003409	1.6
1793	-1.213738	692.426638	3.459259	0.003067	1.6
1794	-1.212039	692.411759	3.459331	0.004012	1.4
1795	-1.236224	692.632366	3.458262	0.004555	1.3
1796	-1.213232	692.754381	3.457671	0.003233	1.5
1797	-1.208752	692.943264	3.456756	0.004280	1.5
1798	-1.199526	692.914319	3.456896	0.002988	1.4
1799	-1.222939	693.318400	3.454941	0.002863	1.6
1800	-1.214349	693.330500	3.454882	0.003286	1.7
1801	-1.238836	693.336662	3.454852	0.003283	1.7
1802	-1.243564	693.527364	3.453930	0.002651	1.4
1803	-1.197640	693.523820	3.453947	0.004231	1.8
1804	-1.213455	693.634422	3.453413	0.003341	1.6
1805	-1.217033	693.768366	3.452766	0.001920	1.5
1806	-1.191898	693.854511	3.452350	0.004479	1.4
1807	-1.220139	693.888910	3.452183	0.002371	1.4
1808	-1.214768	694.217965	3.450595	0.003853	1.3
1809	-1.217596	694.204141	3.450662	0.004267	1.3
1810	-1.265056	694.353057	3.449944	0.004934	1.3
1811	-1.223175	694.384851	3.449790	0.004219	1.6
1812	-1.198670	695.085109	3.446417	0.002219	1.5
1813	-1.246433	695.272522	3.445515	0.003285	1.4
1814	-1.234447	695.362109	3.445084	0.002493	1.6
1815	-1.220229	695.410219	3.444853	0.002705	1.6
1816	-1.227791	695.406595	3.444870	0.002774	1.6
1817	-1.206719	695.559750	3.444134	0.002326	1.7
1818	-1.239555	695.533288	3.444261	0.003076	1.8
1819	-1.206685	695.516062	3.444344	0.002289	1.5
1820	-1.240729	695.586401	3.444006	0.002162	1.5
1821	-1.185081	695.563565	3.444116	0.004408	1.5
1822	-1.246322	695.556334	3.444150	0.006734	1.5
1823	-1.177413	696.491414	3.439662	0.005087	1.5
1824	-1.183453	697.461577	3.435017	0.003426	1.6
1825	-1.211069	697.454295	3.435052	0.002725	1.5
1826	-1.262280	697.443231	3.435105	0.003831	1.3
1827	-1.216660	697.506327	3.434803	0.004676	1.4
1828	-1.236137	698.110613	3.431917	0.003601	1.4
1829	-1.239254	698.585120	3.429654	0.003729	1.6
1830	-1.230384	698.851503	3.428384	0.002747	1.6
1831	-1.233915	698.820432	3.428532	0.003649	2.0
1832	-1.221691	698.805112	3.428605	0.004870	1.7
1833	-1.182704	699.064091	3.427372	0.002605	1.6
1834	-1.230293	699.159849	3.426917	0.004412	1.5
1835	-1.211729	699.201907	3.426716	0.003976	1.9
1836	-1.218866	699.300972	3.426245	0.002641	1.4
1837	-1.203984	699.598218	3.424832	0.003606	1.5
1838	-1.235341	699.777765	3.423979	0.005565	1.5
1839	-1.233791	700.292858	3.421534	0.001828	1.7
1840	-1.222218	700.368717	3.421174	0.004144	1.3
1841	-1.233608	700.344977	3.421286	0.002689	1.5
1842	-1.244220	700.614963	3.420006	0.002519	1.9
1843	-1.213017	700.637532	3.419899	0.005845	1.5
1844	-1.218740	701.130433	3.417565	0.003237	1.5
1845	-1.201434	701.321290	3.416662	0.004566	1.3
1846	-1.211916	701.376772	3.416400	0.004563	1.5
1847	-1.201225	701.655466	3.415082	0.003062	1.5
1848	-1.196600	701.715205	3.414800	0.002846	1.5
1849	-1.197091	701.776630	3.414510	0.001957	1.6
1850	-1.198312	701.759735	3.414589	0.005943	1.6
1851	-1.213040	701.937562	3.413749	0.004953	1.4
1852	-1.219767	702.913944	3.409145	0.005477	1.5
1853	-1.204818	703.014385	3.408672	0.002610	1.4
1854	-1.200068	702.987051	3.408801	0.003614	1.5
1855	-1.208336	702.959010	3.408933	0.007047	1.9
1856	-1.231896	703.354568	3.407071	0.002806	1.7
1857	-1.204045	704.023138	3.403930	0.004036	1.4
1858	-1.235750	704.059651	3.403758	0.003855	1.4
1859	-1.250200	704.171285	3.403234	0.002426	1.4
1860	-1.216634	704.290430	3.402675	0.004021	1.4
1861	-1.193579	704.310309	3.402582	0.004403	1.5
1862	-1.237386	704.743026	3.400553	0.002179	1.4
1863	-1.189978	704.722289	3.400650	0.002229	1.4
1864	-1.204401	704.715284	3.400683	0.002844	1.6
1865	-1.216637	704.707126	3.400721	0.003876	2.3
1866	-1.227414	705.010148	3.399302	0.003967	1.5
1867	-1.214978	705.152186	3.398637	0.004181	1.6
1868	-1.234288	705.771510	3.395741	0.004074	1.6
1869	-1.203569	705.735831	3.395908	0.004004	1.8
1870	-1.222185	706.183183	3.393818	0.005017	1.5
1871	-1.196966	706.541349	3.392148	0.004089	1.4
1872	-1.236407	706.595149	3.391897	0.001837	1.5
1873	-1.208590	706.581937	3.391958	0.001734	1.7
1874	-1.230434	706.582611	3.391955	0.003226	1.6
1875	-1.240378	706.587564	3.391932	0.002606	1.8
1876	-1.193349	706.564800	3.392038	0.003494	1.8
1877	-1.231346	706.667365	3.391560	0.005727	1.3
1878	-1.203547	706.674451	3.391527	0.002706	1.5
1879	-1.216401	707.032713	3.389858	0.004554	1.6
1880	-1.194078	707.017351	3.389930	0.002826	1.9
1881	-1.230842	707.154160	3.389293	0.004449	1.6
1882	-1.213791	707.526707	3.387560	0.001876	1.5
1883	-1.218341	707.500213	3.387683	0.003390	1.6
1884	-1.179011	707.581926	3.387303	0.003061	1.7
1885	-1.212510	707.604756	3.387197	0.003287	1.6
1886	-1.219192	707.643833	3.387015	0.002730	1.4
1887	-1.199166	707.656055	3.386958	0.004666	1.4
1888	-1.227567	707.784790	3.386360	0.004882	1.3
1889	-1.219560	708.140599	3.384708	0.004566	1.4
1890	-1.221087	709.064647	3.380423	0.002725	1.3
1891	-1.245815	709.242407	3.379601	0.004304	1.3
1892	-1.203986	709.492721	3.378443	0.001061	1.4
1893	-1.215096	709.485033	3.378478	0.004142	1.6
1894	-1.210308	709.476062	3.378520	0.002231	1.3
1895	-1.200441	709.496650	3.378424	0.004496	1.3
1896	-1.172073	709.473140	3.378533	0.004282	1.8
1897	-1.177163	710.052988	3.375853	0.003063	1.8
1898	-1.248276	710.018469	3.376013	0.002381	1.5
1899	-1.194688	710.064503	3.375800	0.002972	1.3
1900	-1.186645	710.136204	3.375469	0.003087	1.3
1901	-1.234582	710.121526	3.375537	0.006355	1.6
1902	-1.218450	710.933745	3.371791	0.004933	1.5
1903	-1.234665	711.722374	3.368162	0.002829	1.4
1904	-1.229918	711.874088	3.367465	0.003953	1.9
1905	-1.238755	711.877814	3.367448	0.004259	1.5
1906	-1.240998	711.860866	3.367526	0.005289	1.4
1907	-1.222801	712.313007	3.365449	0.003045	1.6
1908	-1.201498	712.854678	3.362965	0.004340	1.5
1909	-1.233412	713.020138	3.362207	0.002258	1.6
1910	-1.200143	713.066130	3.361996	0.004949	1.6
1911	-1.206348	713.128311	3.361712	0.006668	1.5
1912	-1.204023	714.058532	3.357457	0.004095	1.4
1913	-1.202091	715.030067	3.353026	0.003018	1.4
1914	-1.235182	715.006929	3.353131	0.003278	1.3
1915	-1.236127	715.107623	3.352672	0.004631	1.5
1916	-1.238323	715.155043	3.352456	0.002167	1.6
1917	-1.233795	715.582708	3.350510	0.002275	1.7
1918	-1.226278	715.587882	3.350486	0.002222	1.7
1919	-1.217766	715.568805	3.350573	0.004091	2.0
1920	-1.213914	715.623617	3.350324	0.003596	1.5
1921	-1.159890	716.195856	3.347723	0.003772	1.4
1922	-1.215622	716.236786	3.347537	0.005312	1.5
1923	-1.251105	716.318243	3.347168	0.003156	1.5
1924	-1.235429	716.290513	3.347293	0.002834	1.4
1925	-1.251966	716.282248	3.347331	0.006048	1.4
1926	-1.221401	716.679458	3.345529	0.002476	1.4
1927	-1.263678	716.688418	3.345488	0.003953	1.4
1928	-1.210964	716.679890	3.345527	0.003997	2.2
1929	-1.226431	717.304828	3.342695	0.003550	1.4
1930	-1.192500	717.420041	3.342173	0.004599	1.4
1931	-1.223494	717.857015	3.340197	0.003478	1.4
1932	-1.180124	717.848197	3.340236	0.002798	1.6
1933	-1.217861	717.894298	3.340028	0.001873	1.7
1934	-1.202415	717.903763	3.339985	0.003040	1.8
1935	-1.196683	717.965855	3.339705	0.002232	1.4
1936	-1.241965	717.962799	3.339718	0.002241	1.5
1937	-1.243375	717.972895	3.339673	0.003340	1.5
1938	-1.214851	717.961428	3.339725	0.006972	1.6
1939	-1.229736	718.808473	3.335901	0.003666	2.0
1940	-1.223547	718.838150	3.335767	0.002861	1.6
1941	-1.252003	718.810232	3.335893	0.003854	1.6
1942	-1.213281	719.051046	3.334807	0.005523	1.5
1943	-1.217807	719.078730	3.334683	0.003283	1.5
1944	-1.234987	719.681871	3.331967	0.002419	1.6
1945	-1.218586	719.697165	3.331898	0.002713	1.5
1946	-1.266060	719.687518	3.331942	0.004064	1.6
1947	-1.218320	719.662620	3.332054	0.005421	1.4
1948	-1.197475	720.417266	3.328662	0.006089	1.9
1949	-1.216499	720.380973	3.328825	0.006075	1.4
1950	-1.215742	721.380481	3.324343	0.007609	1.5
1951	-1.228031	721.380171	3.324345	0.005434	1.7
1952	-1.215071	722.328542	3.320103	0.004141	1.8
1953	-1.218258	722.503208	3.319324	0.003744	1.3
1954	-1.199389	722.500989	3.319333	0.004500	1.3
1955	-1.220960	722.596968	3.318905	0.004443	1.3
1956	-1.216470	722.573333	3.319010	0.006520	1.3
1957	-1.228548	723.505133	3.314857	0.003550	1.3
1958	-1.236065	723.469907	3.315013	0.004084	1.3
1959	-1.195574	723.577999	3.314532	0.003283	1.4
1960	-1.212305	723.714332	3.313925	0.004021	1.5
1961	-1.227422	723.776802	3.313647	0.004624	1.4
1962	-1.184536	723.799326	3.313547	0.008194	1.4
1963	-1.179761	723.764402	3.313703	0.004163	1.4
1964	-1.199949	724.703741	3.309528	0.005939	1.7
1965	-1.213338	724.808381	3.309064	0.003221	1.5
1966	-1.259867	725.070145	3.307903	0.008068	1.3
1967	-1.195500	725.034290	3.308062	0.008641	1.9
1968	-1.191413	726.034289	3.303634	0.005710	1.3
1969	-1.248376	727.034261	3.299217	0.002313	1.5
1970	-1.196314	727.009202	3.299328	0.006882	2.2
1971	-1.218707	727.286766	3.298104	0.001954	1.5
1972	-1.200161	727.255148	3.298244	0.004077	1.3
1973	-1.185519	727.333456	3.297898	0.005169	1.3
1974	-1.211520	727.300338	3.298044	0.004879	1.3
1975	-1.212550	727.265305	3.298199	0.003455	1.7
1976	-1.225312	727.767146	3.295988	0.005721	1.3
1977	-1.217636	727.737107	3.296120	0.005468	1.3
1978	-1.236625	727.966752	3.295110	0.004134	1.2
1979	-1.219646	728.856782	3.291199	0.004891	1.3
1980	-1.201728	728.827547	3.291327	0.001626	1.5
1981	-1.203015	728.798975	3.291452	0.004647	1.6
1982	-1.241382	728.960866	3.290742	0.003549	1.4
1983	-1.203339	729.638520	3.287771	0.002270	1.4
1984	-1.247243	729.776391	3.287167	0.003759	1.5
1985	-1.229525	729.979666	3.286278	0.004076	1.5
1986	-1.246207	730.151460	3.285526	0.003147	1.6
1987	-1.222504	730.353498	3.284643	0.002468	2.6
1988	-1.225094	730.362648	3.284603	0.005205	2.0
1989	-1.255916	730.394814	3.284462	0.005914	1.4
1990	-1.205085	731.384117	3.280143	0.003442	1.6
1991	-1.210229	732.135120	3.276872	0.003074	2.0
1992	-1.199969	732.188283	3.276641	0.003677	1.3
1993	-1.265939	732.411071	3.275672	0.004706	1.5
1994	-1.212253	732.394696	3.275743	0.002499	1.3
1995	-1.241848	732.366775	3.275865	0.005188	1.7
1996	-1.264703	732.404134	3.275702	0.002489	1.4
1997	-1.213315	732.457114	3.275472	0.005542	1.3
1998	-1.219846	732.451016	3.275499	0.004443	1.4
1999	-1.242230	732.429106	3.275594	0.003770	1.7
