1:ItNr	2:Metric	3:StepSize	4:||Gradient||	Time[ms]
0	-0.778333	627.201626	0.005484	1591.9
1	-1.341094	623.504937	0.005513	12.3
2	-0.000001	619.865785	0.000000	13.6
3	-0.352845	616.282728	0.002152	14.6
4	-0.751520	612.754375	0.002545	14.3
5	-0.524551	609.279381	0.001619	14.1
6	-1.198835	605.856447	0.004013	13.6
7	-0.000002	602.484317	0.000000	14.1
8	-0.004300	599.161779	0.000000	14.4
9	-1.154769	595.887656	0.010445	13.5
10	-0.441063	592.660813	0.002097	12.9
11	-0.000000	589.480151	0.000000	12.7
12	-1.403412	586.344606	0.013008	12.3
13	-0.000000	583.253145	0.000000	12.2
14	-0.621553	580.204771	0.005902	12.3
15	-0.799583	577.198517	0.002275	12.4
16	-0.903153	574.233444	0.004398	11.8
17	-0.964508	571.308645	0.007340	14.1
18	-1.206494	568.423237	0.001862	12.7
19	-0.935093	565.576365	0.002776	13.9
20	-0.000000	562.767201	0.000000	14.5
21	-0.351291	559.994938	0.001252	12.9
22	-0.933824	557.258797	0.005455	11.7
23	-0.123937	554.558018	0.000659	12.6
24	-0.000000	551.891865	0.000000	11.9
25	-0.649405	549.259621	0.002669	11.5
26	-1.237735	546.660592	0.002048	12.3
27	-1.076994	544.094102	0.002577	12.0
28	-0.944947	541.559494	0.009629	12.4
29	-1.171528	539.056129	0.002289	11.4
30	-0.764113	536.583387	0.006034	11.4
31	-1.297687	534.140663	0.006659	11.5
32	-1.222689	531.727370	0.002770	12.2
33	-0.854253	529.342935	0.002752	11.6
34	-1.058931	526.986802	0.007556	11.5
35	-1.088203	524.658430	0.008237	11.6
36	-0.693094	522.357290	0.002321	12.9
37	-1.301214	520.082868	0.011086	13.8
38	-1.219073	517.834665	0.017036	13.2
39	-0.807050	515.612193	0.002193	13.5
40	-0.655409	513.414976	0.008821	12.5
41	-1.191683	511.242551	0.001995	12.8
42	-0.865820	509.094468	0.001746	11.9
43	-1.482065	506.970285	0.033949	11.8
44	-0.964642	504.869574	0.005062	11.8
45	-1.287962	502.791916	0.011223	12.6
46	-0.789953	500.736903	0.004555	12.4
47	-0.622183	498.704137	0.001518	12.0
48	-1.176931	496.693228	0.003055	12.2
49	-1.397004	494.703798	0.006669	11.9
50	-0.000000	492.735476	0.000000	11.9
51	-0.919959	490.787900	0.001586	12.3
52	-1.139892	488.860718	0.006208	11.5
53	-0.000000	486.953585	0.000000	12.2
54	-1.324481	485.066164	0.032278	12.7
55	-0.795587	483.198126	0.001507	13.2
56	-1.081106	481.349149	0.018547	12.3
57	-1.054533	479.518920	0.002534	11.5
58	-1.498531	477.707132	0.043835	12.3
59	-0.000000	475.913485	0.000000	11.7
60	-1.178586	474.137684	0.002353	11.6
61	-1.486638	472.379445	0.040670	11.8
62	-1.145631	470.638485	0.001796	11.7
63	-1.290269	468.914531	0.024221	12.8
64	-0.734971	467.207315	0.003270	11.7
65	-0.914467	465.516573	0.004774	12.1
66	-0.313038	463.842050	0.004458	12.3
67	-0.000000	462.183494	0.000000	11.7
68	-0.722467	460.540658	0.002379	11.8
69	-0.969810	458.913303	0.004303	11.5
70	-1.236349	457.301192	0.001902	14.0
71	-0.959282	455.704096	0.001346	15.8
72	-0.000001	454.121787	0.000000	13.6
73	-1.204231	452.554045	0.002555	14.0
74	-0.723233	451.000653	0.002219	13.5
75	-0.265958	449.461399	0.001331	13.2
76	-1.352860	447.936075	0.005078	13.9
77	-1.051412	446.424477	0.003659	12.0
78	-1.204991	444.926406	0.004056	11.8
79	-0.517531	443.441666	0.001583	13.0
80	-0.894496	441.970065	0.002263	12.2
81	-1.102858	440.511415	0.003119	11.7
82	-0.000000	439.065533	0.000000	12.5
83	-1.009435	437.632238	0.002451	12.2
84	-0.117540	436.211351	0.001701	12.3
85	-1.182083	434.802701	0.032146	12.8
86	-0.002775	433.406117	0.000878	12.1
87	-0.000002	432.021430	0.000000	12.3
88	-1.322423	430.648479	0.033006	12.4
89	-0.751972	429.287101	0.001982	12.0
90	-0.792779	427.937140	0.002193	12.3
91	-1.419500	426.598440	0.008086	12.7
92	-0.587029	425.270849	0.002063	12.6
93	-1.104720	423.954220	0.008371	11.7
94	-0.722357	422.648404	0.003408	12.7
95	-0.000000	421.353259	0.000000	12.3
96	-1.154332	420.068643	0.002675	12.3
97	-1.217778	418.794419	0.019330	12.0
98	-1.112527	417.530451	0.003397	12.3
99	-0.814348	416.276604	0.008338	12.1
100	-0.000000	415.032748	0.000000	11.6
101	-0.004301	413.798754	0.000001	11.6
102	-0.000000	412.574495	0.000000	11.7
103	-0.617669	411.359849	0.001626	12.6
104	-1.406742	410.154691	0.047767	12.7
105	-1.084127	408.958904	0.011328	11.7
106	-0.929192	407.772368	0.002053	12.1
107	-0.000000	406.594968	0.000000	11.9
108	-1.271331	405.426590	0.004112	11.6
109	-0.743826	404.267122	0.004494	11.7
110	-1.173198	403.116456	0.007917	12.0
111	-1.258139	401.974481	0.016913	12.5
112	-0.860361	400.841093	0.001450	11.7
113	-1.220538	399.716187	0.009370	12.7
114	-0.000000	398.599660	0.000000	11.8
115	-0.938267	397.491411	0.002823	11.7
116	-0.000000	396.391342	0.000000	12.0
117	-0.352088	395.299353	0.002665	11.5
118	-0.741777	394.215350	0.002119	12.0
119	-0.652258	393.139238	0.005348	12.6
120	-1.137578	392.070924	0.006029	12.7
121	-0.000000	391.010316	0.000000	14.0
122	-0.697566	389.957325	0.003494	16.2
123	-0.000000	388.911862	0.000000	13.9
124	-0.785459	387.873839	0.005429	12.0
125	-0.000000	386.843173	0.000000	12.9
126	-0.000000	385.819777	0.000000	13.1
127	-0.012643	384.803569	0.001359	13.1
128	-1.097801	383.794468	0.005340	12.9
129	-1.373860	382.792393	0.005867	12.3
130	-0.000483	381.797264	0.000173	12.3
131	-0.627246	380.809005	0.005992	11.9
132	-0.000000	379.827537	0.000000	11.5
133	-1.208147	378.852786	0.003578	11.6
134	-0.985590	377.884678	0.003342	11.9
135	-0.708595	376.923138	0.004420	15.3
136	-1.124294	375.968095	0.006314	12.5
137	-0.991576	375.019479	0.003962	12.2
138	-1.070550	374.077218	0.003228	11.7
139	-1.030397	373.141244	0.006647	11.6
140	-1.165123	372.211489	0.006254	11.7
141	-1.195732	371.287887	0.029594	11.6
142	-0.000000	370.370370	0.000000	11.8
143	-0.000000	369.458876	0.000000	12.2
144	-0.805303	368.553338	0.003922	12.1
145	-1.408739	367.653696	0.038917	11.7
146	-0.978268	366.759885	0.001108	11.7
147	-0.818446	365.871846	0.004680	11.7
148	-1.131443	364.989518	0.002833	11.7
149	-0.982869	364.112841	0.001535	11.6
150	-1.394100	363.241757	0.004689	12.1
151	-1.169176	362.376208	0.005080	12.3
152	-0.690854	361.516137	0.005960	12.9
153	-0.917911	360.661488	0.002799	13.0
154	-0.936881	359.812206	0.006721	12.4
155	-0.949070	358.968236	0.017980	12.0
156	-1.167839	358.129524	0.025317	11.4
157	-1.443817	357.296018	0.004323	11.7
158	-0.000000	356.467665	0.000000	11.8
159	-0.824286	355.644414	0.001896	12.3
160	-0.921931	354.826213	0.008634	13.3
161	-1.368704	354.013012	0.010659	12.7
162	-0.675505	353.204763	0.004214	11.8
163	-1.411548	352.401415	0.005336	11.8
164	-0.000000	351.602922	0.000000	12.7
165	-0.949480	350.809235	0.004698	11.8
166	-0.810639	350.020308	0.008273	11.4
167	-0.832629	349.236095	0.002087	11.7
168	-1.037131	348.456550	0.005179	12.3
169	-1.180933	347.681627	0.002283	11.4
170	-1.278614	346.911283	0.008012	11.9
171	-1.373982	346.145474	0.007738	12.6
172	-0.436441	345.384157	0.003040	11.4
173	-0.692518	344.627288	0.002621	12.2
174	-1.072121	343.874826	0.012801	12.3
175	-0.537734	343.126729	0.001810	12.4
176	-0.118246	342.382957	0.001968	14.2
177	-0.715369	341.643469	0.002052	12.2
178	-1.366969	340.908224	0.003210	11.8
179	-0.897201	340.177184	0.001793	11.5
180	-0.685463	339.450309	0.011644	11.9
181	-1.481027	338.727561	0.024789	12.0
182	-1.126244	338.008902	0.003788	11.8
183	-1.027533	337.294295	0.001116	12.0
184	-1.251789	336.583703	0.004918	13.5
185	-1.239441	335.877089	0.030819	12.9
186	-0.000000	335.174416	0.000000	12.0
187	-1.032261	334.475651	0.010759	12.8
188	-1.076488	333.780756	0.001379	16.1
189	-1.009552	333.089698	0.011919	17.5
190	-0.007170	332.402443	0.000750	17.7
191	-0.119230	331.718955	0.001922	15.4
192	-1.019662	331.039203	0.010775	13.5
193	-0.000397	330.363153	0.000386	15.3
194	-1.187732	329.690771	0.008235	13.5
195	-1.052308	329.022027	0.001608	14.1
196	-0.000000	328.356888	0.000000	12.9
197	-0.000001	327.695322	0.000000	11.5
198	-0.000000	327.037299	0.000000	12.4
199	-1.358382	326.382787	0.014151	13.0
200	-1.096617	325.731758	0.002049	12.5
201	-0.065874	325.084179	0.002347	12.3
202	-1.214314	324.440023	0.002183	12.4
203	-0.000000	323.799258	0.000000	12.6
204	-0.980713	323.161858	0.002547	11.7
205	-1.054820	322.527792	0.003398	11.9
206	-1.333905	321.897034	0.006744	13.5
207	-0.880722	321.269554	0.001950	13.4
208	-0.956051	320.645325	0.003065	12.8
209	-0.000000	320.024320	0.000000	12.4
210	-1.219598	319.406512	0.002962	12.2
211	-0.386174	318.791875	0.002715	12.7
212	-0.236785	318.180381	0.001636	11.7
213	-0.835510	317.572005	0.006001	12.8
214	-1.239498	316.966721	0.003172	15.0
215	-0.920134	316.364504	0.001043	15.5
216	-0.035575	315.765329	0.001996	13.0
217	-1.042947	315.169170	0.002802	12.5
218	-0.209164	314.576003	0.001427	12.0
219	-0.000000	313.985804	0.000000	11.8
220	-0.971287	313.398548	0.012897	12.4
221	-1.234282	312.814213	0.003058	12.5
222	-0.861635	312.232773	0.010446	12.8
223	-0.772350	311.654207	0.002748	13.8
224	-0.000000	311.078491	0.000000	13.6
225	-0.000000	310.505602	0.000000	12.2
226	-0.947347	309.935518	0.001994	12.3
227	-0.988457	309.368217	0.004824	12.0
228	-1.205469	308.803676	0.003065	12.1
229	-0.038218	308.241874	0.003438	12.2
230	-1.400652	307.682789	0.019271	12.3
231	-0.877635	307.126400	0.001885	11.8
232	-1.241605	306.572687	0.030149	13.0
233	-1.039775	306.021627	0.021603	13.1
234	-0.063663	305.473201	0.001008	12.8
235	-0.301971	304.927388	0.003583	12.1
236	-0.195079	304.384168	0.001476	11.7
237	-0.891515	303.843521	0.011766	12.6
238	-1.362124	303.305427	0.002206	12.3
239	-1.266175	302.769867	0.001390	12.0
240	-0.798230	302.236821	0.005406	12.5
241	-1.103500	301.706270	0.006365	12.1
242	-0.757667	301.178196	0.001816	11.8
243	-0.989294	300.652580	0.004866	11.6
244	-0.910760	300.129402	0.005638	11.4
245	-0.907029	299.608645	0.005135	11.6
246	-1.176699	299.090291	0.003293	11.7
247	-0.926495	298.574321	0.002114	12.5
248	-0.903850	298.060718	0.002700	12.9
249	-0.744131	297.549465	0.002308	12.5
250	-0.000000	297.040543	0.000000	11.6
251	-1.200086	296.533936	0.001471	11.5
252	-0.734502	296.029626	0.006690	11.8
253	-1.278891	295.527597	0.011016	11.8
254	-0.632238	295.027832	0.001963	11.8
255	-1.255259	294.530315	0.005689	11.5
256	-0.046132	294.035028	0.003191	12.8
257	-0.918364	293.541956	0.001668	11.6
258	-1.254627	293.051083	0.022640	11.7
259	-0.000000	292.562393	0.000000	11.7
260	-0.385730	292.075870	0.008227	11.5
261	-1.133494	291.591498	0.017008	12.0
262	-0.923968	291.109263	0.003871	11.5
263	-0.441166	290.629149	0.007416	13.0
264	-0.024448	290.151140	0.002472	14.4
265	-0.000000	289.675222	0.000000	11.8
266	-1.232605	289.201380	0.002024	11.7
267	-0.000000	288.729600	0.000000	11.7
268	-0.833677	288.259866	0.001521	11.9
269	-1.504556	287.792165	0.020874	12.4
270	-0.000000	287.326481	0.000000	12.0
271	-0.490277	286.862802	0.003883	11.5
272	-1.214776	286.401113	0.002450	11.9
273	-0.017435	285.941400	0.000768	12.8
274	-0.924251	285.483649	0.003887	12.2
275	-0.912889	285.027847	0.009020	12.7
276	-0.768959	284.573981	0.024289	12.4
277	-0.000000	284.122037	0.000000	11.9
278	-0.848143	283.672002	0.004891	12.0
279	-1.290042	283.223863	0.020245	11.6
280	-1.229058	282.777607	0.005832	12.7
281	-0.413569	282.333221	0.003029	12.1
282	-1.404316	281.890692	0.016620	12.0
283	-1.195655	281.450008	0.003611	13.2
284	-0.160787	281.011157	0.003091	13.4
285	-0.000000	280.574125	0.000000	11.9
286	-1.066117	280.138901	0.015015	12.0
287	-0.923541	279.705473	0.001849	11.8
288	-0.579242	279.273829	0.002203	12.6
289	-1.095566	278.843956	0.007726	12.5
290	-0.888794	278.415844	0.002173	12.2
291	-1.027659	277.989479	0.006166	11.7
292	-0.929874	277.564851	0.008941	12.2
293	-1.037079	277.141949	0.002194	12.0
294	-0.699764	276.720761	0.001422	12.2
295	-0.000000	276.301275	0.000000	12.2
296	-0.639524	275.883480	0.002432	14.1
297	-0.296839	275.467366	0.002549	12.1
298	-1.201528	275.052922	0.037665	12.2
299	-1.039222	274.640136	0.002353	11.6
300	-1.396023	274.228998	0.045686	11.7
301	-0.000000	273.819497	0.000000	12.0
302	-0.871428	273.411623	0.003124	11.8
303	-1.274769	273.005365	0.005410	11.6
304	-0.497441	272.600712	0.003492	12.7
305	-0.878382	272.197655	0.002156	13.8
306	-1.005711	271.796184	0.009644	11.5
307	-1.055471	271.396287	0.017642	12.0
308	-0.463607	270.997956	0.001455	12.0
309	-0.000000	270.601180	0.000000	11.9
310	-1.384794	270.205949	0.005963	11.8
311	-1.154347	269.812254	0.015376	11.6
312	-1.163821	269.420085	0.003261	12.2
313	-1.212775	269.029432	0.006745	12.9
314	-0.686577	268.640287	0.001881	11.4
315	-0.538071	268.252638	0.003068	11.6
316	-0.000000	267.866478	0.000000	11.9
317	-1.176053	267.481796	0.004246	11.6
318	-1.201593	267.098584	0.001625	11.8
319	-1.250454	266.716833	0.002283	12.2
320	-0.000000	266.336533	0.000000	12.2
321	-1.137249	265.957676	0.002436	12.2
322	-0.016043	265.580253	0.000711	11.4
323	-0.000000	265.204254	0.000000	12.1
324	-1.231208	264.829672	0.001874	13.3
325	-1.343453	264.456497	0.005562	14.2
326	-1.364051	264.084721	0.015023	12.9
327	-0.191498	263.714335	0.002780	14.8
328	-0.000003	263.345332	0.000000	12.9
329	-0.000000	262.977702	0.000000	12.9
330	-1.337509	262.611438	0.003106	13.1
331	-1.185301	262.246531	0.004895	12.4
332	-1.537761	261.882973	0.012923	12.1
333	-0.000000	261.520756	0.000000	12.1
334	-0.922761	261.159871	0.007210	12.1
335	-0.026091	260.800312	0.001153	12.5
336	-1.065711	260.442070	0.011228	12.3
337	-0.373325	260.085137	0.004044	12.1
338	-0.694079	259.729505	0.017051	11.7
339	-0.918754	259.375167	0.002444	12.0
340	-1.164328	259.022116	0.004786	11.9
341	-1.040247	258.670343	0.005947	11.7
342	-0.000000	258.319841	0.000000	11.8
343	-1.182557	257.970602	0.009741	12.1
344	-0.000000	257.622620	0.000000	14.2
345	-0.101921	257.275887	0.000959	12.2
346	-1.088311	256.930396	0.003928	11.6
347	-1.435501	256.586139	0.009696	11.7
348	-0.884007	256.243109	0.001958	11.5
349	-0.585420	255.901300	0.001866	12.2
350	-0.996570	255.560703	0.002074	11.3
351	-0.160192	255.221313	0.003703	12.6
352	-0.759038	254.883122	0.001587	12.0
353	-1.256302	254.546124	0.002184	11.9
354	-1.239497	254.210311	0.010356	11.9
355	-1.118287	253.875677	0.034109	11.6
356	-0.000000	253.542215	0.000000	11.6
357	-1.408014	253.209918	0.004312	11.8
358	-0.230350	252.878781	0.002692	11.6
359	-0.151697	252.548795	0.001466	11.5
360	-0.875074	252.219956	0.001988	11.8
361	-0.000000	251.892255	0.000000	12.3
362	-1.295422	251.565688	0.008826	11.8
363	-1.024661	251.240247	0.002399	11.9
364	-1.295279	250.915926	0.004183	11.8
365	-1.025187	250.592720	0.005183	12.0
366	-0.001665	250.270621	0.000829	11.8
367	-1.039722	249.949624	0.001764	11.5
368	-1.215382	249.629723	0.007216	11.7
369	-0.057122	249.310911	0.002813	12.2
370	-1.236972	248.993182	0.008624	11.6
371	-1.213799	248.676531	0.009263	11.4
372	-1.162682	248.360952	0.005545	11.6
373	-1.182294	248.046438	0.009969	12.4
374	-1.051094	247.732984	0.009948	11.5
375	-0.987449	247.420584	0.002332	11.5
376	-0.854845	247.109233	0.004932	11.5
377	-1.186665	246.798924	0.003947	11.9
378	-0.000002	246.489652	0.000000	11.7
379	-1.237691	246.181412	0.006788	12.0
380	-0.825676	245.874197	0.008496	11.4
381	-0.008906	245.568002	0.000486	11.6
382	-0.000000	245.262822	0.000000	11.8
383	-0.000003	244.958652	0.000000	11.9
384	-0.969392	244.655485	0.009404	11.9
385	-1.276817	244.353317	0.015035	13.1
386	-0.437451	244.052142	0.003400	12.8
387	-0.842521	243.751955	0.002483	12.2
388	-0.000000	243.452750	0.000000	12.4
389	-1.191450	243.154523	0.008532	11.8
390	-1.300701	242.857268	0.002951	11.9
391	-0.754907	242.560980	0.004112	11.7
392	-0.554334	242.265654	0.001372	11.7
393	-0.946574	241.971285	0.022657	11.7
394	-0.004299	241.677868	0.000001	12.8
395	-0.780696	241.385397	0.004190	11.6
396	-1.166253	241.093869	0.015506	11.6
397	-0.891577	240.803278	0.001700	11.9
398	-0.000000	240.513619	0.000000	11.5
399	-1.245897	240.224887	0.016301	11.8
400	-0.000000	239.937077	0.000000	12.0
401	-1.172633	239.650186	0.007933	11.8
402	-1.116325	239.364207	0.009562	12.5
403	-0.933322	239.079136	0.002019	11.9
404	-1.182253	238.794969	0.002408	12.0
405	-0.154633	238.511701	0.001431	13.2
406	-1.114073	238.229327	0.004147	13.0
407	-0.740308	237.947843	0.001742	12.9
408	-1.008639	237.667244	0.035637	13.4
409	-1.087494	237.387526	0.006555	14.0
410	-0.000000	237.108684	0.000000	12.0
411	-0.000000	236.830714	0.000000	11.6
412	-0.746363	236.553610	0.002014	11.8
413	-0.000000	236.277370	0.000000	12.7
414	-0.115661	236.001989	0.002479	14.9
415	-0.000000	235.727461	0.000000	12.0
416	-1.252546	235.453784	0.001361	11.9
417	-0.528173	235.180952	0.001762	12.5
418	-0.867916	234.908962	0.003557	12.5
419	-1.209375	234.637809	0.003332	12.2
420	-1.375118	234.367488	0.002318	11.6
421	-1.209982	234.097997	0.006961	11.4
422	-1.101035	233.829331	0.002485	11.6
423	-1.351296	233.561485	0.002371	11.6
424	-0.000000	233.294456	0.000000	12.0
425	-1.085170	233.028239	0.002964	11.6
426	-0.000000	232.762831	0.000000	12.6
427	-1.144468	232.498228	0.006350	13.0
428	-1.186100	232.234425	0.012531	13.0
429	-1.056186	231.971419	0.005218	11.9
430	-0.000000	231.709205	0.000000	12.2
431	-1.338539	231.447781	0.003523	11.8
432	-1.183312	231.187141	0.016950	11.7
433	-0.005191	230.927283	0.000313	12.8
434	-1.120716	230.668202	0.012457	14.3
435	-1.045073	230.409895	0.027295	12.4
436	-0.490975	230.152358	0.009385	11.8
437	-0.995740	229.895587	0.003415	12.4
438	-1.251566	229.639578	0.004363	11.7
439	-1.167880	229.384329	0.004879	12.8
440	-1.159444	229.129834	0.002868	12.0
441	-1.238635	228.876091	0.002577	11.8
442	-1.073017	228.623096	0.004575	12.7
443	-1.232209	228.370846	0.006836	12.3
444	-0.770273	228.119336	0.002110	11.8
445	-1.375056	227.868563	0.003421	12.2
446	-1.259962	227.618525	0.006183	12.4
447	-1.159011	227.369216	0.027419	12.1
448	-0.000000	227.120635	0.000000	11.6
449	-0.241805	226.872777	0.003111	11.8
450	-0.000000	226.625638	0.000000	12.0
451	-0.751977	226.379217	0.001241	12.4
452	-0.122295	226.133509	0.000962	11.9
453	-0.032322	225.888510	0.000563	11.9
454	-1.151169	225.644218	0.002568	11.8
455	-0.383674	225.400630	0.008310	12.1
456	-1.195917	225.157741	0.002537	12.0
457	-0.780106	224.915549	0.003304	12.5
458	-0.863486	224.674051	0.001594	11.9
459	-1.166473	224.433242	0.018570	12.4
460	-0.791033	224.193121	0.003651	11.8
461	-1.329865	223.953684	0.005291	12.2
462	-0.547676	223.714927	0.001821	11.5
463	-0.843633	223.476848	0.003544	11.8
464	-1.325134	223.239444	0.015547	11.8
465	-0.013996	223.002710	0.000534	11.7
466	-0.378947	222.766645	0.004206	11.8
467	-1.338273	222.531245	0.021155	12.5
468	-1.183790	222.296508	0.005805	12.3
469	-0.677897	222.062429	0.001568	13.4
470	-0.141083	221.829007	0.000656	11.8
471	-0.721927	221.596238	0.002153	11.8
472	-1.530302	221.364119	0.023703	12.3
473	-0.956910	221.132647	0.013164	12.1
474	-1.002048	220.901820	0.011235	12.2
475	-0.759019	220.671634	0.008833	12.4
476	-1.550125	220.442086	0.025597	12.3
477	-0.000000	220.213174	0.000000	11.5
478	-1.276587	219.984895	0.007658	11.4
479	-1.159827	219.757246	0.013086	12.3
480	-0.911447	219.530224	0.002083	12.4
481	-1.232037	219.303826	0.018376	12.3
482	-1.315421	219.078050	0.042527	11.8
483	-0.000000	218.852893	0.000000	12.1
484	-1.065144	218.628352	0.001460	12.1
485	-0.398351	218.404424	0.004309	11.9
486	-0.029160	218.181106	0.000271	11.9
487	-1.153606	217.958397	0.012664	11.7
488	-0.744102	217.736292	0.001581	11.8
489	-0.893767	217.514790	0.002215	11.8
490	-0.590370	217.293888	0.008057	11.6
491	-1.273377	217.073584	0.035623	11.8
492	-1.217675	216.853873	0.002221	12.5
493	-1.006691	216.634755	0.005071	11.3
494	-1.136004	216.416227	0.005985	12.1
495	-0.525901	216.198285	0.001802	12.7
496	-0.000000	215.980927	0.000000	11.5
497	-1.200418	215.764151	0.001514	11.7
498	-0.125437	215.547955	0.001916	12.2
499	-1.092631	215.332335	0.017040	11.8
500	-0.466453	215.117289	0.004587	12.7
501	-0.486030	214.902815	0.003484	11.9
502	-0.786961	214.688911	0.001346	11.8
503	-1.330394	214.475573	0.004559	11.7
504	-1.120312	214.262800	0.001771	12.0
505	-0.672067	214.050588	0.002449	11.9
506	-1.242125	213.838936	0.021292	11.6
507	-0.915131	213.627842	0.002496	12.0
508	-1.143054	213.417302	0.015852	12.3
509	-0.000000	213.207314	0.000000	12.7
510	-1.303309	212.997877	0.002301	12.2
511	-0.000000	212.788987	0.000000	11.7
512	-0.998468	212.580642	0.002483	11.6
513	-0.758669	212.372841	0.002247	11.7
514	-0.978185	212.165581	0.007385	11.8
515	-1.198804	211.958859	0.002600	12.6
516	-1.362144	211.752673	0.004117	13.1
517	-1.447102	211.547021	0.004932	13.0
518	-1.025214	211.341902	0.001440	11.6
519	-0.000000	211.137311	0.000000	12.4
520	-0.583636	210.933248	0.002174	12.2
521	-0.059536	210.729710	0.002542	11.9
522	-0.000000	210.526695	0.000000	11.7
523	-1.313310	210.324200	0.008674	11.8
524	-1.114175	210.122224	0.002826	11.9
525	-0.338861	209.920765	0.002379	12.7
526	-1.382840	209.719820	0.031106	11.9
527	-0.155866	209.519387	0.004973	11.7
528	-0.000001	209.319463	0.000000	11.9
529	-1.038017	209.120048	0.001873	11.9
530	-1.083627	208.921139	0.001577	12.1
531	-1.019196	208.722733	0.004347	11.9
532	-0.000001	208.524829	0.000000	11.6
533	-1.089000	208.327425	0.003993	12.4
534	-1.422076	208.130518	0.004924	12.0
535	-0.997101	207.934107	0.004627	11.8
536	-1.027597	207.738189	0.002812	11.6
537	-0.601065	207.542762	0.000884	11.4
538	-0.000000	207.347825	0.000000	11.8
539	-1.060162	207.153376	0.016946	11.7
540	-1.066618	206.959412	0.002367	11.7
541	-0.813001	206.765932	0.007865	12.1
542	-1.354743	206.572933	0.030767	12.5
543	-1.154682	206.380414	0.005076	12.1
544	-0.386866	206.188373	0.005038	11.9
545	-1.170712	205.996807	0.005950	12.0
546	-0.810021	205.805716	0.001945	11.8
547	-1.286749	205.615096	0.031954	12.7
548	-0.846643	205.424946	0.007348	11.6
549	-1.063799	205.235265	0.003407	11.4
550	-1.194303	205.046050	0.007328	13.0
551	-0.000000	204.857299	0.000000	12.9
552	-0.615130	204.669011	0.002312	12.8
553	-1.177358	204.481184	0.005349	11.6
554	-0.777858	204.293816	0.003378	11.7
555	-1.254539	204.106905	0.005015	11.9
556	-1.306041	203.920449	0.021203	12.3
557	-0.863156	203.734447	0.005580	12.0
558	-0.002887	203.548896	0.000725	12.6
559	-1.034691	203.363795	0.017337	12.4
560	-1.183047	203.179143	0.003379	11.7
561	-0.726393	202.994937	0.001703	11.8
562	-1.117091	202.811176	0.002428	11.9
563	-0.975586	202.627857	0.004850	11.5
564	-0.767557	202.444980	0.003451	11.3
565	-1.268200	202.262543	0.031214	11.7
566	-1.230098	202.080543	0.017630	12.0
567	-0.949778	201.898979	0.003662	12.2
568	-0.688993	201.717849	0.003129	11.4
569	-0.949173	201.537153	0.002267	11.6
570	-1.185402	201.356887	0.002990	12.0
571	-0.410162	201.177050	0.002628	12.0
572	-0.000000	200.997642	0.000000	11.8
573	-0.937757	200.818659	0.003052	12.2
574	-0.944919	200.640100	0.002657	14.1
575	-1.332145	200.461965	0.032052	13.5
576	-1.217701	200.284250	0.002939	12.4
577	-1.135598	200.106955	0.021309	12.8
578	-0.541310	199.930078	0.002643	12.2
579	-1.019405	199.753617	0.004247	11.4
580	-0.845953	199.577571	0.001416	12.5
581	-1.263552	199.401938	0.002047	11.8
582	-0.000000	199.226717	0.000000	11.8
583	-0.918102	199.051905	0.006908	12.2
584	-0.628801	198.877502	0.002281	11.4
585	-1.315153	198.703506	0.005010	11.5
586	-0.015103	198.529916	0.000942	12.2
587	-1.312163	198.356729	0.018333	11.7
588	-0.836974	198.183944	0.002021	11.9
589	-1.026529	198.011560	0.006739	11.6
590	-1.359609	197.839576	0.003423	12.0
591	-0.000000	197.667989	0.000000	13.9
592	-0.000000	197.496798	0.000000	12.3
593	-1.246415	197.326002	0.005117	12.1
594	-0.698366	197.155600	0.002102	11.7
595	-1.206855	196.985589	0.008513	11.9
596	-1.147789	196.815969	0.001477	11.6
597	-1.406812	196.646738	0.010179	11.7
598	-1.159215	196.477894	0.008093	11.6
599	-1.355582	196.309436	0.020187	12.1
600	-1.272669	196.141363	0.002912	11.7
601	-1.060004	195.973673	0.003943	11.9
602	-1.137161	195.806365	0.001927	11.8
603	-0.577966	195.639437	0.002557	11.6
604	-1.080279	195.472888	0.002462	11.4
605	-1.239910	195.306717	0.006166	11.6
606	-0.000300	195.140922	0.000251	11.7
607	-1.078146	194.975501	0.001532	12.1
608	-0.927789	194.810454	0.002330	12.6
609	-0.000000	194.645779	0.000000	11.6
610	-0.876223	194.481475	0.001706	11.8
611	-1.069857	194.317540	0.001732	11.7
612	-1.095271	194.153973	0.002017	11.5
613	-0.891434	193.990773	0.007346	11.4
614	-1.248425	193.827938	0.002095	11.5
615	-0.029669	193.665467	0.000073	11.8
616	-0.753446	193.503358	0.001949	12.4
617	-1.160531	193.341611	0.002559	12.0
618	-0.997172	193.180224	0.005445	11.7
619	-0.000000	193.019196	0.000000	11.7
620	-1.014276	192.858525	0.001825	11.9
621	-1.270789	192.698210	0.001121	11.9
622	-1.082029	192.538251	0.001625	12.1
623	-0.000000	192.378644	0.000000	11.8
624	-1.158665	192.219391	0.026630	12.6
625	-1.302027	192.060488	0.002636	12.5
626	-0.022570	191.901935	0.001964	11.8
627	-0.962338	191.743730	0.004907	11.4
628	-0.738464	191.585873	0.003785	11.6
629	-1.225841	191.428362	0.001613	11.6
630	-0.418035	191.271196	0.002059	11.5
631	-0.963682	191.114374	0.004901	11.6
632	-1.443620	190.957893	0.003573	11.7
633	-0.749916	190.801755	0.004385	12.8
634	-1.221582	190.645956	0.001362	12.4
635	-0.000000	190.490495	0.000000	12.9
636	-0.000000	190.335373	0.000000	13.2
637	-1.273931	190.180587	0.002939	11.5
638	-0.000000	190.026136	0.000000	12.0
639	-0.030476	189.872019	0.001539	11.6
640	-1.358383	189.718235	0.007258	11.4
641	-0.273299	189.564782	0.001712	12.3
642	-0.940066	189.411661	0.007777	12.0
643	-0.066929	189.258868	0.002670	11.6
644	-0.528981	189.106404	0.008134	11.8
645	-1.195941	188.954267	0.003336	11.9
646	-0.000000	188.802456	0.000000	12.3
647	-0.909065	188.650969	0.011506	11.7
648	-0.995230	188.499807	0.027058	11.9
649	-0.000000	188.348967	0.000000	12.2
650	-1.097830	188.198448	0.006559	12.8
651	-0.968516	188.048250	0.001324	11.7
652	-1.206830	187.898371	0.004328	11.6
653	-0.960999	187.748810	0.002754	11.7
654	-0.303348	187.599566	0.005716	11.6
655	-1.315967	187.450638	0.010049	11.6
656	-0.234535	187.302025	0.002446	11.9
657	-0.011558	187.153725	0.000317	12.0
658	-0.490986	187.005739	0.001885	12.7
659	-0.761553	186.858064	0.001951	11.9
660	-0.455815	186.710699	0.002644	11.6
661	-1.113295	186.563645	0.001750	12.2
662	-0.933748	186.416898	0.001607	11.7
663	-1.181865	186.270459	0.008888	11.4
664	-1.060936	186.124326	0.001783	11.8
665	-1.253968	185.978499	0.006380	12.4
666	-0.386012	185.832976	0.003653	12.2
667	-1.036941	185.687756	0.021990	12.0
668	-1.195552	185.542838	0.002689	12.7
669	-0.376185	185.398222	0.002844	12.1
670	-0.075965	185.253906	0.000872	11.6
671	-1.271171	185.109889	0.003976	11.9
672	-0.325473	184.966170	0.001920	11.9
673	-0.000000	184.822748	0.000000	11.9
674	-1.521189	184.679623	0.007023	11.9
675	-1.151735	184.536792	0.001883	12.8
676	-0.746009	184.394256	0.004850	12.5
677	-1.154873	184.252013	0.001415	11.6
678	-1.036293	184.110062	0.001821	11.5
679	-1.132942	183.968403	0.002735	11.7
680	-0.000000	183.827034	0.000000	11.8
681	-1.393828	183.685954	0.017969	11.8
682	-0.852647	183.545163	0.011494	12.9
683	-1.242287	183.404658	0.001277	12.2
684	-1.237414	183.264441	0.001912	11.5
685	-0.828035	183.124509	0.002494	11.7
686	-0.000000	182.984861	0.000000	11.7
687	-0.067703	182.845497	0.001757	11.5
688	-0.205401	182.706416	0.003648	11.6
689	-0.958062	182.567616	0.002210	11.8
690	-1.183231	182.429098	0.010244	11.4
691	-0.038545	182.290859	0.000460	12.2
692	-1.377390	182.152899	0.009949	11.8
693	-1.198709	182.015217	0.003183	11.5
694	-1.275916	181.877813	0.005148	11.7
695	-1.087500	181.740684	0.002937	11.9
696	-1.144469	181.603832	0.008922	11.7
697	-1.264483	181.467253	0.006491	11.6
698	-1.048448	181.330948	0.024988	11.8
699	-0.862990	181.194916	0.001693	12.5
700	-0.945523	181.059155	0.003799	12.6
701	-0.000000	180.923666	0.000000	12.1
702	-1.264602	180.788446	0.004893	12.6
703	-0.000000	180.653496	0.000000	12.1
704	-0.927122	180.518814	0.001289	12.1
705	-1.056830	180.384399	0.007085	11.6
706	-1.165665	180.250251	0.002833	11.6
707	-1.070829	180.116369	0.002504	13.6
708	-0.000000	179.982752	0.000000	12.4
709	-1.446401	179.849398	0.007168	12.0
710	-1.344932	179.716308	0.002605	12.0
711	-0.535132	179.583480	0.001901	11.6
712	-0.921709	179.450913	0.001393	11.3
713	-1.181016	179.318607	0.002699	11.6
714	-1.211372	179.186561	0.005082	12.1
715	-1.081117	179.054774	0.003907	12.0
716	-0.269915	178.923245	0.005761	12.6
717	-0.958581	178.791973	0.004154	12.0
718	-1.156655	178.660958	0.001572	14.3
719	-1.008454	178.530199	0.002049	11.9
720	-0.000000	178.399694	0.000000	11.7
721	-0.000000	178.269444	0.000000	11.7
722	-1.215309	178.139447	0.001424	11.6
723	-1.166600	178.009702	0.003405	12.0
724	-0.971284	177.880209	0.007427	12.7
725	-0.764206	177.750967	0.004631	12.0
726	-1.071397	177.621975	0.001636	11.9
727	-0.539389	177.493232	0.002505	12.0
728	-0.798490	177.364738	0.002837	11.7
729	-0.801509	177.236492	0.003955	12.0
730	-0.944620	177.108492	0.003135	11.7
731	-1.012393	176.980739	0.001857	11.7
732	-0.904698	176.853231	0.003839	12.1
733	-1.147802	176.725968	0.019774	12.2
734	-0.815666	176.598949	0.002457	11.8
735	-1.254271	176.472173	0.002701	11.8
736	-1.386979	176.345639	0.004638	11.8
737	-1.203976	176.219348	0.002462	12.1
738	-1.200239	176.093296	0.006596	11.7
739	-0.000000	175.967486	0.000000	11.8
740	-0.835155	175.841914	0.007690	12.2
741	-1.117472	175.716581	0.020754	14.0
742	-0.000000	175.591486	0.000000	11.7
743	-1.088761	175.466629	0.003407	12.4
744	-1.179893	175.342008	0.004021	12.3
745	-1.308090	175.217622	0.007328	11.6
746	-0.625457	175.093472	0.004594	11.8
747	-1.318964	174.969556	0.002759	11.5
748	-0.919416	174.845873	0.019916	11.4
749	-0.804424	174.722423	0.001400	13.2
750	-1.224114	174.599206	0.022170	12.2
751	-1.314715	174.476220	0.010267	11.6
752	-1.185757	174.353464	0.002681	11.6
753	-1.277017	174.230939	0.003163	11.4
754	-1.285554	174.108643	0.003471	11.3
755	-0.000000	173.986576	0.000000	11.4
756	-0.909027	173.864737	0.004835	11.4
757	-0.418857	173.743124	0.001976	11.8
758	-1.040411	173.621739	0.003730	12.4
759	-0.000000	173.500579	0.000000	12.3
760	-1.320035	173.379645	0.020156	12.3
761	-1.185229	173.258935	0.005185	11.9
762	-0.145444	173.138449	0.001676	11.6
763	-1.074957	173.018186	0.003348	11.7
764	-1.452130	172.898146	0.012372	12.3
765	-0.000002	172.778327	0.000001	12.4
766	-1.261144	172.658730	0.004433	14.0
767	-0.662098	172.539353	0.010034	11.9
768	-1.353786	172.420196	0.028429	11.7
769	-0.945667	172.301258	0.001642	11.8
770	-0.918605	172.182539	0.003448	12.4
771	-1.224292	172.064037	0.003549	12.2
772	-1.024432	171.945753	0.011341	11.8
773	-0.000000	171.827686	0.000000	13.6
774	-0.000000	171.709834	0.000000	12.8
775	-0.000000	171.592198	0.000000	12.2
776	-0.000001	171.474776	0.000000	13.3
777	-0.857649	171.357568	0.003895	12.2
778	-0.000002	171.240574	0.000000	12.4
779	-0.000001	171.123793	0.000000	13.0
780	-0.913492	171.007223	0.002084	13.1
781	-0.235830	170.890865	0.003804	13.0
782	-1.035280	170.774718	0.005449	12.7
783	-1.116439	170.658782	0.005622	12.7
784	-1.451309	170.543055	0.004544	11.9
785	-0.880730	170.427537	0.004936	12.0
786	-0.809341	170.312227	0.002370	12.5
787	-0.448254	170.197125	0.003291	12.2
788	-1.592701	170.082231	0.013606	12.5
789	-0.537055	169.967543	0.003791	13.1
790	-1.483113	169.853061	0.013072	12.9
791	-1.263234	169.738784	0.002512	12.1
792	-0.009776	169.624713	0.001938	11.7
793	-0.000000	169.510845	0.000000	12.2
794	-1.311733	169.397181	0.028623	11.9
795	-0.000000	169.283720	0.000000	11.8
796	-0.421345	169.170462	0.003490	11.8
797	-1.188033	169.057405	0.006100	11.6
798	-0.772559	168.944549	0.002834	12.5
799	-0.974458	168.831895	0.001883	12.9
800	-0.162992	168.719440	0.002052	13.0
801	-0.897337	168.607185	0.003042	12.5
802	-0.617928	168.495129	0.002485	12.2
803	-1.171642	168.383271	0.003149	13.1
804	-0.000000	168.271611	0.000000	12.9
805	-1.498136	168.160148	0.017986	12.4
806	-0.831772	168.048882	0.003393	12.9
807	-1.162360	167.937812	0.019703	12.1
808	-1.079319	167.826938	0.001751	11.9
809	-0.890752	167.716258	0.002682	12.7
810	-1.217157	167.605773	0.009055	12.4
811	-0.000000	167.495482	0.000000	12.3
812	-1.141489	167.385384	0.001559	11.7
813	-0.000000	167.275479	0.000000	13.6
814	-0.000000	167.165766	0.000000	13.4
815	-1.072652	167.056245	0.005423	12.3
816	-0.000000	166.946915	0.000000	13.2
817	-1.005629	166.837776	0.007106	12.1
818	-1.116236	166.728826	0.003169	12.1
819	-0.313079	166.620067	0.002042	12.1
820	-1.343616	166.511496	0.016706	13.5
821	-1.532992	166.403113	0.032696	14.1
822	-0.002302	166.294919	0.000847	12.8
823	-0.936577	166.186912	0.001846	12.5
824	-1.116735	166.079091	0.002163	13.4
825	-1.233046	165.971458	0.002254	12.3
826	-0.540418	165.864009	0.006803	12.4
827	-0.638447	165.756747	0.001340	11.8
828	-1.404956	165.649669	0.001930	12.2
829	-0.519689	165.542775	0.010667	12.5
830	-0.828282	165.436065	0.003748	12.4
831	-1.210346	165.329538	0.002592	12.0
832	-1.397901	165.223194	0.010856	12.7
833	-0.068810	165.117032	0.001207	12.1
834	-0.766836	165.011052	0.001794	12.4
835	-0.214785	164.905253	0.001533	12.0
836	-1.245292	164.799635	0.002387	12.3
837	-1.369895	164.694197	0.023943	12.4
838	-1.203025	164.588939	0.006053	13.1
839	-1.164478	164.483859	0.002144	15.6
840	-0.531139	164.378959	0.005369	12.1
841	-0.146624	164.274237	0.001635	12.2
842	-1.078761	164.169692	0.001661	12.1
843	-0.000000	164.065325	0.000000	12.4
844	-1.140841	163.961135	0.001515	13.1
845	-0.841566	163.857120	0.020921	12.9
846	-0.926640	163.753282	0.003242	12.4
847	-0.000000	163.649619	0.000000	12.5
848	-1.163185	163.546130	0.002530	12.2
849	-0.004615	163.442816	0.000563	12.2
850	-1.282559	163.339676	0.002499	12.1
851	-1.078120	163.236709	0.001544	12.3
852	-0.000000	163.133915	0.000000	12.3
853	-0.000000	163.031294	0.000000	12.7
854	-0.001894	162.928844	0.000861	12.5
855	-1.134266	162.826566	0.004219	12.4
856	-1.148357	162.724459	0.003672	12.3
857	-0.772906	162.622523	0.001820	12.2
858	-1.526139	162.520757	0.019128	12.1
859	-0.753598	162.419160	0.002421	12.0
860	-0.023166	162.317733	0.001282	12.0
861	-0.127461	162.216474	0.001682	13.0
862	-0.000000	162.115383	0.000000	13.5
863	-1.233755	162.014461	0.024761	13.7
864	-0.112720	161.913705	0.001239	12.6
865	-1.503529	161.813117	0.007277	12.8
866	-0.844669	161.712695	0.005400	12.5
867	-0.000000	161.612439	0.000000	12.3
868	-0.000000	161.512349	0.000000	13.1
869	-1.313252	161.412424	0.012984	13.7
870	-0.815428	161.312663	0.001054	12.4
871	-1.303593	161.213067	0.016999	12.2
872	-1.059623	161.113635	0.002559	12.9
873	-0.829236	161.014366	0.004100	12.4
874	-0.000001	160.915260	0.000000	12.2
875	-1.243150	160.816316	0.012285	12.2
876	-0.000000	160.717535	0.000000	11.9
877	-0.934752	160.618915	0.003446	13.0
878	-1.173259	160.520456	0.003199	12.5
879	-0.842442	160.422158	0.004935	14.0
880	-0.000000	160.324021	0.000000	13.6
881	-0.798929	160.226043	0.005749	12.1
882	-0.000000	160.128225	0.000000	12.6
883	-1.196586	160.030566	0.009478	12.1
884	-1.455430	159.933066	0.006506	12.7
885	-0.332117	159.835723	0.002843	12.8
886	-1.212042	159.738539	0.027567	12.4
887	-1.159680	159.641512	0.006633	12.3
888	-1.082772	159.544642	0.003438	12.4
889	-0.881722	159.447929	0.003651	12.6
890	-1.455466	159.351372	0.012222	12.2
891	-1.194040	159.254971	0.005172	12.0
892	-0.899651	159.158725	0.002148	12.5
893	-0.532242	159.062634	0.003137	13.3
894	-1.558174	158.966697	0.029181	13.4
895	-0.000000	158.870915	0.000000	12.1
896	-0.000000	158.775286	0.000000	12.4
897	-0.000000	158.679811	0.000000	12.2
898	-0.632907	158.584489	0.004662	13.1
899	-1.072389	158.489319	0.002633	12.6
900	-0.000000	158.394302	0.000000	12.5
901	-1.337239	158.299436	0.001949	12.8
902	-1.098294	158.204721	0.016774	13.1
903	-0.715710	158.110158	0.003497	12.8
904	-1.326081	158.015745	0.050517	12.7
905	-1.086813	157.921482	0.003736	12.5
906	-1.169426	157.827369	0.004651	12.8
907	-1.003785	157.733406	0.002398	12.0
908	-1.330024	157.639591	0.025744	12.6
909	-0.629433	157.545925	0.001644	12.9
910	-0.000000	157.452408	0.000000	13.2
911	-0.858191	157.359038	0.002537	12.8
912	-1.206724	157.265816	0.001892	11.8
913	-0.378194	157.172741	0.002656	12.5
914	-0.000000	157.079813	0.000000	11.4
915	-0.533415	156.987031	0.001966	11.3
916	-0.953244	156.894395	0.001555	11.6
917	-0.000000	156.801904	0.000000	12.8
918	-0.000000	156.709559	0.000000	12.6
919	-0.000000	156.617359	0.000000	11.7
920	-1.014959	156.525304	0.005389	12.1
921	-1.142934	156.433392	0.006825	12.0
922	-1.459098	156.341624	0.003330	11.5
923	-1.387003	156.250000	0.004244	13.0
924	-0.891675	156.158519	0.003522	12.0
925	-1.404005	156.067180	0.009563	12.9
926	-0.812824	155.975984	0.004955	11.8
927	-0.115835	155.884930	0.002629	12.4
928	-0.000000	155.794017	0.000000	12.0
929	-1.035426	155.703246	0.005348	11.3
930	-1.164586	155.612615	0.003876	12.1
931	-1.382188	155.522125	0.015455	12.3
932	-1.487193	155.431775	0.004615	11.8
933	-1.219661	155.341565	0.020739	12.3
934	-1.300260	155.251495	0.002712	12.4
935	-0.000000	155.161563	0.000000	12.0
936	-1.356268	155.071771	0.002407	11.6
937	-0.216122	154.982117	0.002719	11.6
938	-0.682288	154.892601	0.002374	12.1
939	-1.263676	154.803222	0.002900	12.3
940	-0.977781	154.713981	0.004479	11.5
941	-1.408497	154.624878	0.002802	12.8
942	-1.391090	154.535910	0.015604	12.4
943	-1.389083	154.447080	0.003659	12.5
944	-1.032418	154.358385	0.005551	11.6
945	-0.000000	154.269826	0.000000	11.9
946	-0.816557	154.181402	0.001726	11.4
947	-1.011974	154.093114	0.001228	12.3
948	-0.000001	154.004960	0.000000	12.3
949	-0.718302	153.916940	0.003935	14.2
950	-1.156679	153.829054	0.003588	12.1
951	-0.000000	153.741303	0.000000	12.4
952	-0.920434	153.653684	0.002500	12.2
953	-0.237426	153.566198	0.003814	12.4
954	-1.241739	153.478846	0.020241	11.7
955	-1.103204	153.391625	0.029947	12.0
956	-0.925030	153.304537	0.006660	12.1
957	-0.935337	153.217580	0.002094	14.6
958	-1.293301	153.130755	0.003117	12.4
959	-0.266172	153.044061	0.002594	12.7
960	-1.250465	152.957498	0.002754	11.9
961	-0.000000	152.871065	0.000000	13.6
962	-0.815894	152.784762	0.001666	12.6
963	-1.383542	152.698589	0.009693	12.0
964	-0.864637	152.612545	0.003455	11.4
965	-0.827608	152.526631	0.002906	12.9
966	-0.491685	152.440845	0.001732	12.2
967	-1.133489	152.355188	0.008666	12.1
968	-1.200533	152.269660	0.002156	11.6
969	-0.646377	152.184259	0.002448	12.1
970	-0.890102	152.098986	0.002106	12.4
971	-1.274259	152.013840	0.001797	11.8
972	-0.000000	151.928821	0.000000	12.0
973	-0.866425	151.843928	0.002394	12.8
974	-0.879214	151.759163	0.001809	12.4
975	-0.000000	151.674523	0.000000	11.8
976	-1.066813	151.590009	0.001475	12.1
977	-0.817516	151.505620	0.004182	11.9
978	-1.116857	151.421357	0.001981	12.4
979	-1.176268	151.337218	0.002685	11.7
980	-1.247538	151.253204	0.001366	12.5
981	-1.407106	151.169314	0.004176	11.8
982	-1.121708	151.085549	0.020513	12.5
983	-0.000000	151.001907	0.000000	11.6
984	-0.004770	150.918388	0.000382	12.5
985	-1.023493	150.834992	0.018740	12.2
986	-0.000000	150.751719	0.000000	11.6
987	-1.251880	150.668569	0.002824	12.0
988	-1.146018	150.585541	0.001609	12.1
989	-0.885212	150.502634	0.002161	12.6
990	-0.067681	150.419849	0.000613	12.6
991	-1.323085	150.337186	0.007046	12.2
992	-1.095902	150.254644	0.002355	12.7
993	-0.000000	150.172222	0.000000	12.1
994	-0.065573	150.089921	0.004015	11.5
995	-0.000000	150.007740	0.000000	12.3
996	-1.187726	149.925679	0.002462	13.0
997	-1.377187	149.843737	0.029729	12.3
998	-0.963264	149.761915	0.007140	12.4
999	-1.079869	149.680212	0.001932	13.3
1000	-1.089662	149.598627	0.004853	12.3
1001	-1.164147	149.517161	0.001412	12.4
1002	-0.341097	149.435814	0.002078	11.8
1003	-1.420658	149.354584	0.014284	11.6
1004	-1.520957	149.273472	0.007962	11.3
1005	-1.042132	149.192477	0.005180	12.0
1006	-0.055310	149.111599	0.001155	12.3
1007	-0.000000	149.030838	0.000000	11.9
1008	-0.000000	148.950194	0.000000	11.9
1009	-0.000000	148.869666	0.000000	11.7
1010	-0.000000	148.789253	0.000000	11.5
1011	-1.067573	148.708957	0.002576	12.2
1012	-0.000000	148.628776	0.000000	12.4
1013	-1.307404	148.548710	0.014100	11.7
1014	-0.976374	148.468759	0.002999	12.2
1015	-0.015440	148.388923	0.000593	12.1
1016	-0.726318	148.309201	0.003251	12.0
1017	-1.433876	148.229594	0.002986	11.6
1018	-1.348753	148.150100	0.004857	11.6
1019	-1.441502	148.070719	0.021871	12.2
1020	-1.302536	147.991452	0.001755	12.1
1021	-0.000000	147.912298	0.000000	11.8
1022	-0.160890	147.833257	0.002767	12.2
1023	-0.866347	147.754329	0.002010	12.3
1024	-0.050305	147.675512	0.000984	11.9
1025	-1.121898	147.596808	0.006187	12.2
1026	-0.000000	147.518216	0.000000	12.6
1027	-0.608967	147.439735	0.004909	11.7
1028	-1.369172	147.361365	0.005105	11.6
1029	-0.000000	147.283106	0.000000	13.0
1030	-0.000000	147.204958	0.000000	11.8
1031	-1.283419	147.126920	0.005266	12.2
1032	-0.354322	147.048993	0.003384	11.5
1033	-0.977609	146.971175	0.001287	11.6
1034	-1.185474	146.893468	0.012466	12.9
1035	-0.000000	146.815869	0.000000	12.1
1036	-0.728957	146.738380	0.002098	12.1
1037	-1.069691	146.661000	0.004936	11.7
1038	-1.118153	146.583729	0.007321	11.8
1039	-1.264444	146.506566	0.003859	12.5
1040	-0.000000	146.429511	0.000000	12.5
1041	-1.252734	146.352565	0.002563	13.2
1042	-1.315011	146.275726	0.002884	13.2
1043	-0.965190	146.198994	0.003230	12.3
1044	-1.109107	146.122370	0.001930	11.6
1045	-0.874899	146.045853	0.001425	11.9
1046	-1.538193	145.969442	0.003601	12.1
1047	-1.257025	145.893139	0.003346	12.2
1048	-1.253706	145.816941	0.002925	12.0
1049	-1.241728	145.740849	0.010371	11.6
1050	-0.000000	145.664863	0.000000	11.6
1051	-1.048191	145.588983	0.003430	11.8
1052	-1.197439	145.513208	0.001500	11.7
1053	-0.710669	145.437538	0.002218	11.7
1054	-0.000000	145.361973	0.000000	11.6
1055	-0.922757	145.286513	0.003802	12.0
1056	-0.989958	145.211157	0.004675	12.8
1057	-1.311898	145.135905	0.004052	11.8
1058	-0.000000	145.060757	0.000000	11.9
1059	-0.000000	144.985712	0.000000	11.7
1060	-0.556604	144.910771	0.001283	11.7
1061	-0.000000	144.835934	0.000000	11.5
1062	-1.343877	144.761199	0.005519	11.9
1063	-1.017214	144.686567	0.005210	11.8
1064	-0.393642	144.612037	0.002069	12.0
1065	-0.000000	144.537610	0.000000	11.8
1066	-0.000000	144.463285	0.000000	11.7
1067	-0.991464	144.389062	0.002166	12.1
1068	-1.266625	144.314940	0.019132	12.0
1069	-1.085747	144.240920	0.004562	11.8
1070	-1.035888	144.167001	0.006241	11.7
1071	-1.323073	144.093182	0.003670	11.5
1072	-0.943496	144.019465	0.003439	12.8
1073	-1.183417	143.945848	0.005434	12.8
1074	-0.994460	143.872331	0.003755	11.5
1075	-1.236473	143.798914	0.004994	12.1
1076	-1.111399	143.725597	0.001538	12.1
1077	-1.144920	143.652380	0.007427	11.8
1078	-1.211141	143.579262	0.005535	11.5
1079	-1.291467	143.506243	0.004785	11.7
1080	-1.227513	143.433323	0.005651	11.4
1081	-0.000000	143.360502	0.000000	13.9
1082	-1.131554	143.287780	0.009857	12.6
1083	-1.030484	143.215155	0.001827	12.0
1084	-1.440190	143.142629	0.002686	11.2
1085	-1.117643	143.070201	0.002680	11.6
1086	-1.050765	142.997870	0.003485	11.6
1087	-1.588523	142.925637	0.026372	11.6
1088	-0.999637	142.853501	0.001629	11.5
1089	-1.092401	142.781462	0.001548	12.3
1090	-1.253305	142.709519	0.019377	12.0
1091	-0.274860	142.637674	0.002219	11.4
1092	-1.178053	142.565924	0.001327	11.3
1093	-0.514916	142.494271	0.005462	11.5
1094	-1.525027	142.422714	0.003933	11.5
1095	-1.147555	142.351252	0.001750	11.6
1096	-0.613511	142.279886	0.001788	11.9
1097	-0.682782	142.208616	0.005729	11.9
1098	-0.960253	142.137440	0.001883	12.2
1099	-1.019141	142.066360	0.002651	11.9
1100	-1.412485	141.995374	0.003021	11.8
1101	-1.203757	141.924483	0.003412	12.2
1102	-1.075200	141.853685	0.001985	11.4
1103	-1.362589	141.782983	0.002512	11.6
1104	-1.226775	141.712373	0.002611	11.6
1105	-1.371926	141.641858	0.002722	12.1
1106	-0.829641	141.571436	0.002545	12.1
1107	-0.000000	141.501108	0.000000	12.0
1108	-1.357595	141.430872	0.003170	11.8
1109	-1.239330	141.360730	0.003438	12.1
1110	-0.853525	141.290680	0.002116	12.0
1111	-1.270723	141.220722	0.002978	11.4
1112	-1.113070	141.150857	0.003380	11.5
1113	-0.024979	141.081084	0.001239	12.0
1114	-1.055336	141.011403	0.002366	11.9
1115	-1.445851	140.941813	0.006216	12.0
1116	-0.000000	140.872315	0.000000	11.4
1117	-1.231740	140.802909	0.001595	11.5
1118	-1.470435	140.733593	0.002437	11.2
1119	-0.224046	140.664369	0.002286	11.4
1120	-1.078566	140.595235	0.003006	11.7
1121	-0.570898	140.526192	0.001506	11.4
1122	-1.277243	140.457239	0.002623	11.5
1123	-0.509935	140.388376	0.002897	12.1
1124	-1.095327	140.319603	0.001539	12.6
1125	-0.000000	140.250920	0.000000	12.6
1126	-1.396932	140.182326	0.005663	12.7
1127	-1.539127	140.113822	0.026137	12.5
1128	-1.195785	140.045407	0.003671	11.7
1129	-0.007872	139.977081	0.001284	11.7
1130	-0.033568	139.908844	0.001339	11.4
1131	-0.803882	139.840696	0.004696	12.4
1132	-0.889885	139.772635	0.001547	12.1
1133	-0.000002	139.704664	0.000000	11.8
1134	-1.047944	139.636780	0.004411	11.7
1135	-1.010864	139.568984	0.003034	11.8
1136	-0.800133	139.501276	0.002993	11.7
1137	-0.442819	139.433655	0.002166	12.1
1138	-1.063248	139.366122	0.005123	11.7
1139	-1.300765	139.298676	0.008547	11.7
1140	-1.191883	139.231317	0.007664	12.2
1141	-0.996637	139.164045	0.002366	11.3
1142	-0.920131	139.096859	0.001991	11.5
1143	-0.679908	139.029760	0.003915	11.5
1144	-1.457620	138.962747	0.005277	11.6
1145	-1.223927	138.895820	0.002035	11.6
1146	-1.353689	138.828978	0.029201	11.4
1147	-1.384240	138.762223	0.018965	11.5
1148	-0.362364	138.695553	0.002167	12.2
1149	-0.000000	138.628969	0.000000	11.7
1150	-1.078225	138.562469	0.003923	11.5
1151	-0.804884	138.496055	0.001465	12.0
1152	-0.878988	138.429725	0.005025	11.9
1153	-1.310825	138.363481	0.004614	11.9
1154	-0.000000	138.297320	0.000000	11.9
1155	-1.188159	138.231244	0.003984	11.7
1156	-1.104923	138.165252	0.006733	11.8
1157	-1.052549	138.099344	0.001573	12.2
1158	-0.881224	138.033520	0.003604	11.8
1159	-1.444916	137.967779	0.002746	12.6
1160	-1.082266	137.902122	0.004142	12.1
1161	-0.869348	137.836548	0.003424	11.5
1162	-0.006489	137.771057	0.000381	11.6
1163	-1.095584	137.705649	0.001905	11.7
1164	-1.011963	137.640324	0.001666	11.4
1165	-1.039692	137.575081	0.001907	12.3
1166	-0.826869	137.509921	0.003546	12.4
1167	-1.475710	137.444842	0.011156	13.0
1168	-1.409415	137.379846	0.005678	12.4
1169	-0.942268	137.314932	0.004449	12.4
1170	-0.915444	137.250100	0.001928	11.7
1171	-0.568131	137.185349	0.006072	12.0
1172	-1.175246	137.120680	0.001486	11.9
1173	-0.057356	137.056092	0.001716	12.9
1174	-1.185772	136.991585	0.006440	11.8
1175	-0.000000	136.927158	0.000000	11.9
1176	-1.229917	136.862813	0.004244	12.0
1177	-0.005159	136.798548	0.000518	12.0
1178	-0.670215	136.734363	0.004389	11.5
1179	-0.396008	136.670259	0.003522	11.7
1180	-0.605278	136.606235	0.002821	11.9
1181	-0.757754	136.542291	0.001663	11.9
1182	-1.140818	136.478426	0.001772	12.3
1183	-1.109345	136.414641	0.002001	11.6
1184	-0.419106	136.350936	0.002744	11.8
1185	-0.948849	136.287310	0.001521	11.7
1186	-1.187599	136.223763	0.003954	11.5
1187	-0.868688	136.160295	0.001945	11.7
1188	-1.308892	136.096905	0.005524	11.7
1189	-1.132551	136.033594	0.002756	12.1
1190	-0.655582	135.970362	0.001761	13.9
1191	-0.837390	135.907208	0.002987	11.7
1192	-0.634854	135.844133	0.003109	11.5
1193	-0.484448	135.781135	0.001644	13.2
1194	-0.505482	135.718215	0.003948	11.7
1195	-0.678464	135.655373	0.001841	11.5
1196	-0.015934	135.592608	0.001447	11.6
1197	-1.335402	135.529921	0.003038	12.0
1198	-0.374378	135.467311	0.002944	13.7
1199	-1.265672	135.404778	0.004457	13.4
1200	-1.341856	135.342322	0.002699	12.5
1201	-0.040592	135.279942	0.000435	12.1
1202	-0.000000	135.217640	0.000000	12.2
1203	-1.387155	135.155413	0.009018	15.0
1204	-0.672799	135.093263	0.002739	14.0
1205	-0.000000	135.031190	0.000000	13.8
1206	-0.759997	134.969192	0.003882	14.3
1207	-0.000000	134.907270	0.000000	15.1
1208	-0.008832	134.845424	0.001376	14.0
1209	-0.894773	134.783653	0.003505	13.5
1210	-0.000000	134.721958	0.000000	13.2
1211	-0.605391	134.660338	0.003866	14.4
1212	-0.462994	134.598793	0.003288	13.1
1213	-1.310168	134.537323	0.004493	13.8
1214	-0.950058	134.475927	0.001961	12.8
1215	-1.437650	134.414607	0.006521	12.8
1216	-1.351239	134.353361	0.006201	13.3
1217	-0.086610	134.292189	0.002474	13.1
1218	-0.025256	134.231092	0.001007	12.9
1219	-0.583405	134.170068	0.001349	13.5
1220	-0.122329	134.109119	0.001373	14.4
1221	-1.079521	134.048243	0.001982	13.6
1222	-1.163684	133.987441	0.001686	13.0
1223	-0.899898	133.926713	0.003305	12.5
1224	-1.211122	133.866057	0.006690	12.6
1225	-1.002696	133.805475	0.004853	12.4
1226	-0.000000	133.744966	0.000000	15.0
1227	-1.230837	133.684530	0.006971	14.2
1228	-0.273228	133.624167	0.002156	13.4
1229	-1.172436	133.563877	0.002571	11.8
1230	-1.151397	133.503658	0.027624	12.1
1231	-1.024965	133.443513	0.027530	13.2
1232	-1.254249	133.383439	0.002610	12.1
1233	-0.000000	133.323437	0.000000	12.2
1234	-1.276294	133.263508	0.004931	11.6
1235	-0.991359	133.203650	0.003970	12.7
1236	-1.103275	133.143864	0.001973	12.9
1237	-0.888995	133.084149	0.002470	12.2
1238	-0.000000	133.024506	0.000000	12.3
1239	-1.011682	132.964934	0.002978	11.6
1240	-1.054224	132.905433	0.003970	12.1
1241	-1.266336	132.846003	0.015210	12.0
1242	-0.000000	132.786643	0.000000	11.7
1243	-0.000001	132.727355	0.000000	12.0
1244	-1.362363	132.668137	0.003014	12.7
1245	-0.260830	132.608989	0.002141	12.5
1246	-1.253487	132.549912	0.001478	13.2
1247	-1.155167	132.490904	0.001356	11.8
1248	-0.000000	132.431967	0.000000	11.7
1249	-0.039505	132.373100	0.001831	12.8
1250	-0.337656	132.314302	0.003190	11.4
1251	-0.833198	132.255574	0.001624	11.6
1252	-0.831078	132.196916	0.001943	12.8
1253	-0.301954	132.138326	0.001921	12.4
1254	-0.682933	132.079806	0.003066	12.2
1255	-0.000000	132.021355	0.000000	11.7
1256	-1.179590	131.962973	0.005115	11.8
1257	-1.303117	131.904660	0.003455	11.7
1258	-0.479152	131.846415	0.003481	12.1
1259	-1.232078	131.788239	0.001576	12.1
1260	-1.026844	131.730131	0.002643	13.1
1261	-1.370559	131.672092	0.015250	12.4
1262	-1.212800	131.614121	0.004679	12.1
1263	-1.091157	131.556217	0.003155	11.7
1264	-0.938805	131.498382	0.003071	12.2
1265	-0.600106	131.440614	0.001466	12.5
1266	-0.000002	131.382914	0.000000	12.3
1267	-0.194726	131.325282	0.002976	11.5
1268	-0.366815	131.267717	0.003954	12.1
1269	-0.951564	131.210219	0.004262	12.9
1270	-1.257795	131.152788	0.003157	11.8
1271	-0.586487	131.095424	0.002157	11.5
1272	-1.269414	131.038127	0.002556	11.4
1273	-0.000000	130.980897	0.000000	11.8
1274	-1.132891	130.923733	0.004103	12.2
1275	-1.515600	130.866636	0.010279	12.0
1276	-0.225756	130.809605	0.001509	12.4
1277	-0.390109	130.752641	0.003588	12.8
1278	-1.079018	130.695742	0.003931	11.6
1279	-0.723263	130.638910	0.003038	11.8
1280	-1.093914	130.582143	0.003536	12.0
1281	-0.000000	130.525442	0.000000	11.8
1282	-1.564273	130.468807	0.037890	11.7
1283	-0.754482	130.412237	0.001973	11.7
1284	-0.000721	130.355733	0.000370	11.5
1285	-0.116288	130.299294	0.001888	12.6
1286	-1.224779	130.242920	0.005999	12.7
1287	-0.504339	130.186611	0.003482	12.8
1288	-1.105246	130.130366	0.002026	12.5
1289	-0.000000	130.074187	0.000000	11.9
1290	-0.328281	130.018072	0.007000	11.6
1291	-0.842413	129.962022	0.001834	11.9
1292	-1.467898	129.906036	0.002014	12.2
1293	-0.000000	129.850114	0.000000	12.7
1294	-0.000000	129.794257	0.000000	12.1
1295	-1.153425	129.738463	0.003430	11.7
1296	-1.166582	129.682734	0.013479	12.1
1297	-0.687890	129.627068	0.001941	12.1
1298	-1.288717	129.571466	0.001426	12.0
1299	-1.166443	129.515927	0.003690	11.5
1300	-0.324356	129.460452	0.002630	12.2
1301	-0.757386	129.405040	0.003215	13.0
1302	-1.380632	129.349692	0.003212	13.0
1303	-0.257000	129.294406	0.001775	11.6
1304	-0.788077	129.239183	0.001736	12.8
1305	-0.000000	129.184024	0.000000	12.1
1306	-1.588996	129.128927	0.020660	11.9
1307	-0.007750	129.073892	0.000104	12.2
1308	-1.180343	129.018921	0.003707	12.0
1309	-0.004737	128.964011	0.000993	12.5
1310	-0.534810	128.909164	0.001610	12.5
1311	-1.298846	128.854379	0.002959	11.6
1312	-0.361980	128.799656	0.001502	11.9
1313	-1.167324	128.744995	0.001174	12.2
1314	-1.122274	128.690396	0.003044	11.5
1315	-0.155247	128.635858	0.001433	11.5
1316	-1.026594	128.581382	0.010401	12.2
1317	-1.149891	128.526968	0.001982	12.3
1318	-0.000000	128.472615	0.000000	13.3
1319	-1.448787	128.418323	0.005599	11.8
1320	-0.053644	128.364092	0.001371	11.6
1321	-1.227335	128.309922	0.005666	12.3
1322	-0.000336	128.255814	0.000319	11.9
1323	-0.000000	128.201766	0.000000	11.6
1324	-1.522546	128.147778	0.008693	11.5
1325	-1.141678	128.093852	0.002007	12.0
1326	-0.000000	128.039985	0.000000	12.9
1327	-0.680755	127.986180	0.003469	12.3
1328	-1.317661	127.932434	0.001542	13.2
1329	-0.281327	127.878749	0.001920	12.1
1330	-0.288102	127.825123	0.002580	12.1
1331	-0.162095	127.771558	0.001166	11.9
1332	-0.878314	127.718052	0.003458	13.1
1333	-1.338225	127.664606	0.004262	12.1
1334	-0.000000	127.611220	0.000000	12.9
1335	-0.441305	127.557893	0.002259	12.2
1336	-1.557900	127.504625	0.012849	11.9
1337	-0.908477	127.451417	0.004543	11.8
1338	-1.056120	127.398268	0.001446	11.6
1339	-0.865415	127.345178	0.003091	11.8
1340	-0.000000	127.292147	0.000000	11.9
1341	-1.267753	127.239175	0.007246	12.0
1342	-1.053724	127.186261	0.008380	13.7
1343	-1.114346	127.133407	0.001969	12.2
1344	-1.341249	127.080610	0.022674	11.8
1345	-0.523976	127.027872	0.020414	11.7
1346	-1.035528	126.975193	0.001252	12.1
1347	-1.029951	126.922572	0.001968	11.7
1348	-0.753645	126.870008	0.002520	12.0
1349	-1.261732	126.817503	0.005347	11.6
1350	-0.060516	126.765056	0.001068	11.9
1351	-0.931844	126.712667	0.009057	12.0
1352	-0.030610	126.660335	0.003292	11.5
1353	-0.188451	126.608061	0.002657	11.6
1354	-1.121495	126.555844	0.002792	11.7
1355	-1.172402	126.503685	0.001482	11.7
1356	-1.047138	126.451583	0.004514	11.9
1357	-1.236594	126.399538	0.008521	12.0
1358	-0.129708	126.347550	0.002832	12.0
1359	-1.342840	126.295619	0.012834	12.3
1360	-0.908223	126.243745	0.005801	12.4
1361	-0.793598	126.191928	0.002250	12.0
1362	-1.221305	126.140168	0.032960	11.9
1363	-0.952643	126.088464	0.037118	11.7
1364	-0.949288	126.036817	0.001747	11.9
1365	-0.516030	125.985226	0.003004	11.7
1366	-0.679560	125.933691	0.002588	11.9
1367	-0.000000	125.882212	0.000000	12.6
1368	-1.266371	125.830790	0.022394	12.7
1369	-0.000000	125.779423	0.000000	12.5
1370	-0.655656	125.728113	0.001756	12.5
1371	-1.348961	125.676858	0.005297	11.8
1372	-0.000000	125.625659	0.000000	11.8
1373	-0.009191	125.574515	0.002365	12.0
1374	-1.090834	125.523427	0.003824	12.2
1375	-1.318166	125.472394	0.002194	12.3
1376	-0.002009	125.421417	0.000648	12.6
1377	-1.287345	125.370495	0.003281	11.9
1378	-0.539700	125.319628	0.001827	11.9
1379	-1.446736	125.268815	0.001463	11.8
1380	-0.939778	125.218058	0.001631	11.9
1381	-0.158344	125.167356	0.002435	11.8
1382	-1.146687	125.116708	0.006285	12.0
1383	-0.767827	125.066115	0.002843	12.1
1384	-1.319507	125.015576	0.004947	12.4
1385	-1.565650	124.965092	0.003580	11.7
1386	-0.333796	124.914662	0.002077	11.6
1387	-0.905104	124.864287	0.002331	11.7
1388	-1.321416	124.813965	0.014443	11.9
1389	-0.000003	124.763698	0.000000	11.6
1390	-1.544308	124.713485	0.009002	11.6
1391	-1.191186	124.663325	0.001683	11.9
1392	-0.000000	124.613219	0.000000	13.1
1393	-0.588051	124.563167	0.003223	12.3
1394	-0.875319	124.513168	0.001685	11.7
1395	-0.952641	124.463223	0.002443	12.3
1396	-0.839970	124.413332	0.001846	12.2
1397	-0.246905	124.363493	0.001454	11.7
1398	-0.893751	124.313708	0.004288	11.6
1399	-0.398935	124.263976	0.003008	11.6
1400	-1.429744	124.214297	0.023748	12.5
1401	-0.000000	124.164671	0.000000	12.6
1402	-1.364582	124.115097	0.005799	12.1
1403	-1.190791	124.065577	0.010659	11.6
1404	-1.332316	124.016109	0.004467	11.7
1405	-0.401169	123.966693	0.001835	11.5
1406	-1.313296	123.917330	0.001789	11.6
1407	-1.057555	123.868020	0.004840	11.4
1408	-0.939208	123.818762	0.002030	11.7
1409	-0.000049	123.769556	0.000072	12.5
1410	-0.650197	123.720402	0.002637	13.3
1411	-1.255870	123.671300	0.004126	12.8
1412	-1.042678	123.622250	0.002643	12.0
1413	-0.058005	123.573252	0.001297	11.7
1414	-1.048552	123.524305	0.002645	11.9
1415	-0.000001	123.475411	0.000000	11.5
1416	-1.294888	123.426568	0.002048	11.9
1417	-1.001607	123.377776	0.002074	12.9
1418	-0.686444	123.329036	0.002005	12.0
1419	-0.000000	123.280347	0.000000	11.6
1420	-1.033539	123.231709	0.003643	11.9
1421	-1.469174	123.183122	0.002870	11.4
1422	-1.038193	123.134587	0.004992	11.7
1423	-1.177890	123.086102	0.014190	11.9
1424	-0.854165	123.037669	0.006295	11.7
1425	-1.099564	122.989286	0.001805	11.9
1426	-0.262138	122.940954	0.007263	11.8
1427	-0.000000	122.892672	0.000000	11.4
1428	-0.119954	122.844441	0.001365	11.7
1429	-0.768803	122.796261	0.001477	11.9
1430	-1.139542	122.748130	0.013318	11.9
1431	-0.938994	122.700050	0.001849	12.3
1432	-0.616044	122.652021	0.003233	11.8
1433	-0.888247	122.604041	0.001980	11.7
1434	-1.234239	122.556111	0.003192	12.6
1435	-0.807080	122.508232	0.001516	11.8
1436	-0.077801	122.460402	0.001165	11.3
1437	-0.004329	122.412622	0.000055	11.5
1438	-1.293807	122.364891	0.003978	11.7
1439	-1.329278	122.317210	0.001601	12.6
1440	-1.476419	122.269579	0.005516	12.3
1441	-0.276661	122.221997	0.001479	12.1
1442	-1.063452	122.174465	0.020851	12.9
1443	-1.331819	122.126981	0.003336	11.6
1444	-0.188333	122.079547	0.001618	12.0
1445	-1.335459	122.032162	0.003818	11.6
1446	-1.326293	121.984826	0.007282	11.7
1447	-1.282274	121.937539	0.003017	11.9
1448	-1.009973	121.890301	0.004131	12.2
1449	-1.254269	121.843112	0.013018	11.6
1450	-1.080200	121.795971	0.005715	12.4
1451	-0.437150	121.748879	0.002706	12.3
1452	-1.008262	121.701835	0.003190	13.1
1453	-1.330365	121.654840	0.003257	12.8
1454	-1.178513	121.607893	0.001595	12.0
1455	-0.053582	121.560994	0.001198	11.8
1456	-1.163441	121.514144	0.003211	11.8
1457	-1.121214	121.467342	0.001944	11.4
1458	-0.582345	121.420588	0.003626	11.8
1459	-0.382101	121.373882	0.004646	12.3
1460	-1.178114	121.327223	0.005229	11.7
1461	-1.232112	121.280613	0.002412	11.8
1462	-1.224082	121.234050	0.001181	12.1
1463	-1.262447	121.187535	0.002291	12.6
1464	-0.000000	121.141067	0.000000	12.1
1465	-0.000001	121.094647	0.000000	11.9
1466	-0.000000	121.048274	0.000000	11.6
1467	-0.433992	121.001949	0.006361	13.0
1468	-0.778842	120.955671	0.001113	11.8
1469	-1.131351	120.909440	0.002641	13.2
1470	-0.924901	120.863256	0.001568	12.7
1471	-0.747843	120.817119	0.002249	11.9
1472	-1.136366	120.771029	0.020199	11.7
1473	-1.149424	120.724986	0.004346	11.4
1474	-0.029307	120.678990	0.000919	11.7
1475	-1.201266	120.633040	0.001475	12.4
1476	-0.782093	120.587137	0.002583	12.0
1477	-0.912466	120.541281	0.003658	12.0
1478	-1.211673	120.495471	0.002485	12.3
1479	-1.092962	120.449707	0.033450	12.3
1480	-1.331393	120.403990	0.011263	11.8
1481	-0.844017	120.358319	0.001946	11.7
1482	-1.241829	120.312694	0.002657	11.7
1483	-0.000000	120.267115	0.000000	12.1
1484	-1.070242	120.221582	0.003793	12.2
1485	-1.165003	120.176096	0.015768	11.9
1486	-0.000000	120.130655	0.000000	11.5
1487	-0.000000	120.085260	0.000000	11.7
1488	-0.677114	120.039910	0.003462	11.8
1489	-0.028491	119.994606	0.001888	11.6
1490	-0.000000	119.949348	0.000000	11.5
1491	-0.927094	119.904135	0.004661	12.1
1492	-1.634218	119.858968	0.012451	12.7
1493	-1.088739	119.813846	0.002969	12.9
1494	-0.841152	119.768769	0.001271	12.1
1495	-1.206126	119.723738	0.004856	11.5
1496	-1.073893	119.678752	0.002043	11.8
1497	-0.249768	119.633810	0.003696	11.5
1498	-0.000086	119.588914	0.000033	12.2
1499	-1.348658	119.544062	0.002939	11.5
1500	-0.000000	119.499256	0.000000	16.0
1501	-1.117184	119.454494	0.004245	12.0
1502	-0.000002	119.409777	0.000000	12.1
1503	-0.452662	119.365104	0.003598	11.9
1504	-0.000000	119.320476	0.000000	12.1
1505	-1.163066	119.275893	0.001575	11.8
1506	-1.448726	119.231353	0.002382	11.7
1507	-1.113094	119.186859	0.012921	11.5
1508	-1.564370	119.142408	0.025037	12.8
1509	-1.089816	119.098002	0.003854	12.0
1510	-0.265618	119.053639	0.001851	11.5
1511	-0.436010	119.009321	0.002626	11.5
1512	-0.953093	118.965047	0.002193	11.6
1513	-0.959264	118.920816	0.002660	11.6
1514	-1.161056	118.876630	0.003441	11.6
1515	-0.000000	118.832487	0.000000	11.7
1516	-1.548331	118.788388	0.004768	12.5
1517	-1.406145	118.744332	0.006460	12.4
1518	-0.000000	118.700320	0.000000	11.8
1519	-0.648180	118.656352	0.003752	11.6
1520	-0.405006	118.612427	0.008352	11.5
1521	-1.320577	118.568545	0.002414	11.8
1522	-0.000001	118.524706	0.000000	11.7
1523	-0.925098	118.480911	0.002034	12.1
1524	-0.000000	118.437159	0.000000	11.8
1525	-1.491664	118.393450	0.003103	12.3
1526	-1.175312	118.349784	0.001665	11.8
1527	-1.119348	118.306160	0.004654	12.1
1528	-0.975233	118.262580	0.002228	12.1
1529	-1.061451	118.219042	0.003014	11.8
1530	-0.667605	118.175548	0.004377	11.7
1531	-0.040075	118.132095	0.000993	12.3
1532	-1.086338	118.088686	0.001328	12.2
1533	-0.002881	118.045319	0.000857	13.0
1534	-0.923355	118.001994	0.007484	11.8
1535	-1.231770	117.958712	0.003186	12.8
1536	-1.104983	117.915472	0.002695	12.6
1537	-0.917578	117.872274	0.001946	11.5
1538	-0.416487	117.829118	0.001824	11.6
1539	-0.000000	117.786005	0.000000	11.6
1540	-1.330387	117.742933	0.005097	11.8
1541	-0.000001	117.699904	0.000000	11.9
1542	-0.000000	117.656916	0.000000	12.0
1543	-0.765763	117.613971	0.001604	11.5
1544	-0.876056	117.571067	0.003915	12.2
1545	-1.148870	117.528205	0.005611	11.6
1546	-0.068443	117.485384	0.002112	11.8
1547	-1.162615	117.442605	0.016186	11.7
1548	-0.646100	117.399867	0.003624	11.9
1549	-0.395877	117.357171	0.004140	11.8
1550	-1.102612	117.314517	0.002756	13.0
1551	-0.817378	117.271903	0.001614	12.0
1552	-0.732649	117.229331	0.001639	11.7
1553	-0.778826	117.186800	0.002666	11.8
1554	-1.303365	117.144311	0.002488	11.8
1555	-0.615342	117.101862	0.001363	11.7
1556	-0.742800	117.059454	0.001740	11.7
1557	-1.160055	117.017087	0.002073	12.0
1558	-0.528226	116.974762	0.002138	12.3
1559	-0.027953	116.932476	0.000908	11.9
1560	-0.000000	116.890232	0.000000	11.7
1561	-0.900062	116.848028	0.002942	12.4
1562	-0.656381	116.805865	0.001142	11.9
1563	-0.951969	116.763743	0.014124	11.8
1564	-1.254847	116.721661	0.013982	12.0
1565	-0.000001	116.679619	0.000000	11.8
1566	-0.231913	116.637618	0.002425	12.0
1567	-1.263436	116.595657	0.003569	12.0
1568	-1.054724	116.553736	0.001910	11.6
1569	-0.000000	116.511855	0.000000	11.7
1570	-1.171419	116.470015	0.001768	11.9
1571	-0.118108	116.428214	0.000876	12.0
1572	-1.304847	116.386454	0.001810	12.0
1573	-0.877270	116.344733	0.002575	11.7
1574	-1.093538	116.303052	0.033694	11.6
1575	-0.000000	116.261412	0.000000	12.2
1576	-1.184401	116.219810	0.004038	14.1
1577	-1.293616	116.178249	0.005232	12.0
1578	-0.979071	116.136727	0.002247	11.6
1579	-0.993087	116.095245	0.002899	12.2
1580	-1.107714	116.053802	0.001827	11.8
1581	-0.000000	116.012398	0.000000	11.3
1582	-1.577113	115.971034	0.032664	11.2
1583	-0.718796	115.929710	0.001442	12.2
1584	-0.000000	115.888424	0.000000	12.0
1585	-0.000000	115.847178	0.000000	11.5
1586	-0.979277	115.805970	0.002871	11.7
1587	-0.000000	115.764802	0.000000	11.6
1588	-0.626661	115.723673	0.002098	11.6
1589	-0.682921	115.682583	0.001666	12.0
1590	-1.305177	115.641532	0.008480	11.5
1591	-0.260836	115.600519	0.003611	12.2
1592	-0.927770	115.559546	0.006126	12.3
1593	-1.099060	115.518610	0.002571	12.5
1594	-1.277112	115.477714	0.005367	11.8
1595	-0.911174	115.436856	0.004038	11.9
1596	-1.091516	115.396037	0.001987	12.0
1597	-0.898343	115.355256	0.003310	12.1
1598	-0.000000	115.314514	0.000000	11.9
1599	-1.454220	115.273810	0.002346	12.4
1600	-1.476582	115.233144	0.003420	12.9
1601	-1.062252	115.192517	0.005370	12.4
1602	-0.715559	115.151927	0.002292	11.7
1603	-0.000000	115.111376	0.000000	12.3
1604	-0.000002	115.070863	0.000000	11.9
1605	-0.614650	115.030388	0.001476	12.4
1606	-1.359681	114.989951	0.003207	12.2
1607	-1.040379	114.949551	0.004998	11.8
1608	-0.039323	114.909190	0.001632	12.7
1609	-0.278503	114.868866	0.003311	11.4
1610	-1.112532	114.828580	0.004125	13.0
1611	-0.511552	114.788332	0.001717	12.3
1612	-1.368761	114.748121	0.002644	11.8
1613	-0.000000	114.707948	0.000000	12.2
1614	-0.897459	114.667812	0.001108	11.8
1615	-0.422257	114.627714	0.003298	11.6
1616	-1.081939	114.587653	0.003778	13.0
1617	-1.204206	114.547629	0.001967	12.4
1618	-1.159766	114.507643	0.001144	12.5
1619	-1.504028	114.467693	0.001924	13.2
1620	-1.233261	114.427781	0.002136	11.8
1621	-0.000000	114.387907	0.000000	11.8
1622	-0.130536	114.348069	0.001704	11.8
1623	-0.991490	114.308268	0.002513	12.2
1624	-1.447474	114.268504	0.025354	12.4
1625	-0.804711	114.228777	0.001996	11.8
1626	-0.848719	114.189086	0.003949	11.9
1627	-1.160256	114.149433	0.003610	11.7
1628	-0.838158	114.109816	0.002789	11.8
1629	-1.065379	114.070235	0.005839	11.4
1630	-1.308927	114.030692	0.003804	12.1
1631	-0.979970	113.991185	0.001813	12.1
1632	-1.114523	113.951714	0.002425	12.7
1633	-0.528234	113.912280	0.003051	12.4
1634	-1.134924	113.872882	0.002063	12.6
1635	-0.811334	113.833521	0.002630	12.2
1636	-1.128253	113.794195	0.001882	12.2
1637	-0.829884	113.754906	0.003021	11.3
1638	-1.164892	113.715653	0.002482	11.9
1639	-0.105840	113.676437	0.001322	11.9
1640	-0.998543	113.637256	0.002698	12.4
1641	-1.311131	113.598111	0.004316	12.2
1642	-0.000000	113.559002	0.000000	11.4
1643	-1.373811	113.519929	0.002040	11.9
1644	-0.378738	113.480892	0.002649	12.5
1645	-0.027764	113.441891	0.001442	11.6
1646	-1.254794	113.402925	0.012009	11.9
1647	-0.595189	113.363995	0.002280	11.9
1648	-0.978501	113.325101	0.003117	11.9
1649	-0.658272	113.286242	0.007518	16.3
1650	-1.501869	113.247419	0.007938	17.4
1651	-0.874852	113.208631	0.001069	12.9
1652	-0.941826	113.169879	0.005396	11.7
1653	-0.229560	113.131162	0.001913	11.8
1654	-0.831376	113.092480	0.003787	12.0
1655	-1.061030	113.053833	0.002431	11.9
1656	-1.313136	113.015222	0.017828	12.2
1657	-0.000210	112.976646	0.000025	12.5
1658	-1.013223	112.938105	0.006925	12.7
1659	-1.001804	112.899599	0.003360	12.3
1660	-0.672035	112.861128	0.002568	11.6
1661	-1.255182	112.822692	0.002902	12.0
1662	-0.260617	112.784291	0.002512	13.9
1663	-0.594651	112.745924	0.001946	13.7
1664	-0.973343	112.707593	0.024133	12.8
1665	-1.002264	112.669296	0.002741	12.6
1666	-1.074483	112.631034	0.028066	11.7
1667	-0.848951	112.592806	0.008655	12.3
1668	-0.211229	112.554613	0.002155	11.9
1669	-1.202340	112.516455	0.002679	12.4
1670	-1.107623	112.478331	0.004752	12.1
1671	-1.198438	112.440241	0.003562	12.4
1672	-0.607710	112.402186	0.001915	12.1
1673	-1.061663	112.364165	0.002054	13.5
1674	-1.288830	112.326179	0.002440	12.0
1675	-0.000001	112.288227	0.000000	12.1
1676	-1.001203	112.250309	0.023709	12.1
1677	-1.248851	112.212425	0.005187	12.0
1678	-0.000000	112.174575	0.000000	12.3
1679	-0.469196	112.136759	0.001703	13.0
1680	-1.047690	112.098977	0.002590	12.2
1681	-1.161279	112.061229	0.002510	12.5
1682	-1.632932	112.023515	0.013343	11.7
1683	-1.203302	111.985834	0.007045	11.6
1684	-1.075130	111.948188	0.002122	11.8
1685	-0.000000	111.910575	0.000000	11.8
1686	-1.201452	111.872996	0.001523	12.0
1687	-0.121812	111.835450	0.002534	12.0
1688	-0.942873	111.797939	0.001430	11.5
1689	-0.125553	111.760460	0.003473	12.1
1690	-1.378865	111.723015	0.002701	11.9
1691	-1.250291	111.685604	0.002040	11.7
1692	-1.022649	111.648226	0.001649	11.6
1693	-0.141676	111.610881	0.001107	11.6
1694	-0.281351	111.573570	0.002490	11.5
1695	-0.976167	111.536292	0.001515	12.3
1696	-1.300556	111.499047	0.001967	12.0
1697	-0.000000	111.461835	0.000000	12.2
1698	-0.914284	111.424656	0.003574	12.0
1699	-1.304061	111.387510	0.002009	12.2
1700	-1.087121	111.350398	0.003083	12.6
1701	-0.815512	111.313318	0.003475	11.6
1702	-0.911910	111.276271	0.002713	12.3
1703	-0.000000	111.239257	0.000000	11.4
1704	-1.365817	111.202276	0.002495	11.6
1705	-0.004304	111.165328	0.000006	12.0
1706	-1.190593	111.128412	0.004903	13.0
1707	-0.915373	111.091529	0.005994	12.3
1708	-0.000000	111.054679	0.000000	12.2
1709	-1.086608	111.017861	0.001562	13.3
1710	-0.002501	110.981076	0.001664	11.6
1711	-0.266543	110.944323	0.003365	12.0
1712	-1.208683	110.907603	0.001858	11.8
1713	-0.000000	110.870915	0.000000	11.7
1714	-0.837222	110.834259	0.002669	12.7
1715	-0.601716	110.797636	0.002875	11.6
1716	-1.225309	110.761045	0.004162	12.0
1717	-0.000000	110.724486	0.000000	13.0
1718	-1.259900	110.687959	0.038021	11.9
1719	-0.900161	110.651465	0.001988	12.1
1720	-0.000000	110.615002	0.000000	12.0
1721	-1.072366	110.578572	0.003975	12.1
1722	-1.013599	110.542173	0.001984	12.6
1723	-1.087363	110.505807	0.002277	11.6
1724	-0.581773	110.469472	0.002606	11.7
1725	-0.847241	110.433169	0.002564	12.2
1726	-1.197657	110.396898	0.002275	12.1
1727	-0.457672	110.360659	0.004061	11.7
1728	-0.629532	110.324451	0.002579	12.3
1729	-1.244895	110.288276	0.001297	12.0
1730	-0.939406	110.252131	0.006940	13.9
1731	-0.000000	110.216019	0.000000	13.8
1732	-1.119065	110.179937	0.005744	13.1
1733	-0.875727	110.143888	0.003881	11.9
1734	-1.061659	110.107869	0.001664	11.8
1735	-0.126078	110.071882	0.002526	11.6
1736	-1.039440	110.035927	0.001655	11.4
1737	-1.152090	110.000003	0.004199	12.0
1738	-0.000000	109.964110	0.000000	12.4
1739	-1.207817	109.928248	0.001746	12.2
1740	-0.000000	109.892417	0.000000	12.5
1741	-1.376840	109.856618	0.002715	11.6
1742	-1.189847	109.820850	0.002376	11.7
1743	-0.000000	109.785112	0.000000	11.6
1744	-1.370059	109.749406	0.002204	11.8
1745	-0.000000	109.713730	0.000000	12.0
1746	-0.000000	109.678086	0.000000	12.0
1747	-1.089648	109.642472	0.002935	12.2
1748	-0.000000	109.606890	0.000000	12.3
1749	-0.000000	109.571337	0.000000	11.6
1750	-0.000000	109.535816	0.000000	11.7
1751	-0.753219	109.500326	0.001571	11.9
1752	-1.377527	109.464866	0.003305	11.5
1753	-1.310080	109.429436	0.014697	11.5
1754	-1.162411	109.394038	0.002435	11.6
1755	-0.651216	109.358669	0.003378	13.2
1756	-1.064391	109.323331	0.002195	11.7
1757	-0.000000	109.288024	0.000000	11.8
1758	-0.137334	109.252747	0.002222	11.4
1759	-0.002452	109.217501	0.000752	11.6
1760	-0.339852	109.182284	0.001332	11.9
1761	-0.669397	109.147098	0.001720	11.9
1762	-0.000000	109.111942	0.000000	11.7
1763	-0.000000	109.076817	0.000000	12.7
1764	-1.233883	109.041721	0.005140	12.6
1765	-0.842332	109.006656	0.001151	12.0
1766	-0.819525	108.971620	0.004325	11.6
1767	-1.130239	108.936615	0.033193	11.6
1768	-1.189340	108.901640	0.002784	11.9
1769	-1.565827	108.866694	0.005191	11.5
1770	-1.076666	108.831779	0.002680	11.3
1771	-1.209013	108.796893	0.001819	11.9
1772	-0.000000	108.762037	0.000000	12.4
1773	-1.113704	108.727211	0.003881	11.5
1774	-1.210248	108.692415	0.005319	11.6
1775	-1.311350	108.657648	0.002524	11.4
1776	-1.272212	108.622911	0.004127	11.6
1777	-0.017377	108.588203	0.000485	11.6
1778	-0.894082	108.553525	0.001091	11.6
1779	-1.136947	108.518877	0.001673	12.1
1780	-0.994145	108.484258	0.004104	12.7
1781	-0.963542	108.449668	0.002813	12.3
1782	-1.237528	108.415108	0.001685	12.6
1783	-0.505802	108.380578	0.003033	12.2
1784	-0.000000	108.346076	0.000000	11.7
1785	-1.514206	108.311604	0.013970	12.1
1786	-0.784125	108.277161	0.001503	11.5
1787	-0.000000	108.242747	0.000000	11.5
1788	-1.129286	108.208363	0.005186	12.3
1789	-1.315184	108.174007	0.006574	11.9
1790	-0.000000	108.139681	0.000000	12.6
1791	-1.548069	108.105383	0.020818	11.9
1792	-0.000059	108.071115	0.000052	11.3
1793	-0.837128	108.036875	0.002024	11.7
1794	-0.000000	108.002665	0.000000	12.5
1795	-0.407216	107.968483	0.003393	11.9
1796	-1.182555	107.934330	0.004465	12.4
1797	-1.535087	107.900206	0.017700	12.8
1798	-0.269877	107.866111	0.001652	11.7
1799	-1.331937	107.832044	0.003982	12.4
1800	-1.220727	107.798007	0.001805	11.6
1801	-0.414027	107.763997	0.003073	11.5
1802	-0.150104	107.730017	0.000852	12.2
1803	-1.416044	107.696065	0.002347	12.0
1804	-1.150975	107.662141	0.005023	12.4
1805	-1.410084	107.628246	0.003835	13.0
1806	-0.008289	107.594379	0.000308	12.0
1807	-1.195327	107.560541	0.001547	11.7
1808	-1.058633	107.526731	0.005808	12.2
1809	-1.018082	107.492949	0.006413	11.4
1810	-1.333801	107.459196	0.003390	12.5
1811	-0.116440	107.425471	0.002872	12.0
1812	-1.270269	107.391774	0.002914	11.6
1813	-1.011057	107.358106	0.006301	13.2
1814	-1.335140	107.324465	0.001642	12.0
1815	-1.321908	107.290853	0.002456	11.6
1816	-1.066015	107.257268	0.003281	11.5
1817	-1.164508	107.223712	0.005868	12.1
1818	-0.663744	107.190184	0.001436	11.7
1819	-0.957996	107.156683	0.003686	11.7
1820	-0.918738	107.123211	0.003684	12.0
1821	-0.977562	107.089766	0.002957	12.9
1822	-0.810833	107.056349	0.002482	12.1
1823	-0.160765	107.022960	0.002446	12.6
1824	-1.530049	106.989599	0.017621	12.1
1825	-1.012435	106.956265	0.001256	11.6
1826	-0.735375	106.922960	0.001586	11.5
1827	-0.924165	106.889681	0.002897	12.2
1828	-1.074269	106.856431	0.002104	11.8
1829	-0.000000	106.823208	0.000000	11.6
1830	-1.219552	106.790012	0.001422	12.7
1831	-1.279030	106.756844	0.008850	11.4
1832	-1.292214	106.723703	0.001941	11.4
1833	-0.865156	106.690590	0.001848	11.8
1834	-0.295884	106.657505	0.004334	11.3
1835	-1.250908	106.624446	0.001818	11.3
1836	-0.990980	106.591415	0.027533	11.7
1837	-0.759433	106.558411	0.002439	11.7
1838	-0.000000	106.525435	0.000000	12.3
1839	-1.104326	106.492485	0.001039	11.9
1840	-1.008556	106.459563	0.001760	12.3
1841	-0.846691	106.426668	0.001969	11.8
1842	-1.305117	106.393800	0.001686	11.6
1843	-1.187718	106.360959	0.007108	12.1
1844	-0.844449	106.328145	0.001141	11.9
1845	-1.139671	106.295358	0.002406	11.5
1846	-1.017990	106.262598	0.002215	11.8
1847	-0.852918	106.229865	0.001452	12.2
1848	-0.992580	106.197158	0.002488	11.5
1849	-1.290489	106.164479	0.003172	12.2
1850	-0.586062	106.131826	0.003026	11.8
1851	-0.000000	106.099201	0.000000	12.1
1852	-0.000000	106.066602	0.000000	11.6
1853	-1.495927	106.034029	0.003382	11.5
1854	-0.236527	106.001483	0.003063	11.7
1855	-1.070300	105.968964	0.003286	12.7
1856	-1.330527	105.936472	0.001661	11.8
1857	-0.000000	105.904006	0.000000	11.6
1858	-1.626399	105.871566	0.016566	11.6
1859	-1.094636	105.839153	0.004043	11.4
1860	-0.000000	105.806767	0.000000	11.3
1861	-1.401836	105.774407	0.003744	12.2
1862	-0.000000	105.742073	0.000000	11.4
1863	-1.476496	105.709766	0.013442	12.3
1864	-1.054726	105.677485	0.002129	12.7
1865	-0.000000	105.645230	0.000000	12.5
1866	-1.337303	105.613001	0.001455	12.3
1867	-1.024303	105.580799	0.001756	11.7
1868	-1.164465	105.548623	0.008897	11.8
1869	-1.267816	105.516473	0.001330	11.7
1870	-1.106842	105.484349	0.001407	11.4
1871	-0.678569	105.452251	0.001670	11.9
1872	-0.000000	105.420179	0.000001	13.1
1873	-0.661571	105.388133	0.003806	11.8
1874	-0.474578	105.356113	0.002011	11.5
1875	-0.000010	105.324119	0.000002	11.7
1876	-1.151798	105.292151	0.003597	11.6
1877	-1.052432	105.260209	0.001930	11.6
1878	-0.042519	105.228293	0.001235	11.9
1879	-0.666414	105.196402	0.001839	11.8
1880	-1.240040	105.164537	0.001217	12.7
1881	-0.906800	105.132698	0.002955	11.6
1882	-0.000000	105.100885	0.000000	11.5
1883	-0.780899	105.069097	0.003096	11.8
1884	-0.063086	105.037335	0.001343	12.0
1885	-1.047282	105.005598	0.003405	11.7
1886	-1.176161	104.973887	0.001314	11.6
1887	-0.000000	104.942202	0.000000	12.0
1888	-0.000000	104.910542	0.000000	11.9
1889	-0.000001	104.878907	0.000000	12.1
1890	-0.000000	104.847298	0.000000	11.5
1891	-1.452255	104.815715	0.001777	12.0
1892	-0.865669	104.784156	0.001806	11.9
1893	-0.331252	104.752623	0.002752	11.6
1894	-1.001070	104.721116	0.001801	11.7
1895	-0.000000	104.689633	0.000000	11.7
1896	-1.025762	104.658176	0.002734	11.6
1897	-1.242388	104.626744	0.002487	12.2
1898	-0.000000	104.595337	0.000000	12.1
1899	-1.286170	104.563955	0.006911	11.8
1900	-1.228184	104.532599	0.003244	12.0
1901	-1.182012	104.501267	0.006673	11.9
1902	-0.926806	104.469960	0.001759	11.4
1903	-0.000000	104.438679	0.000000	11.6
1904	-0.000000	104.407422	0.000000	11.9
1905	-1.260694	104.376191	0.002798	13.3
1906	-0.000000	104.344984	0.000000	12.0
1907	-0.311396	104.313802	0.003151	12.2
1908	-0.000000	104.282645	0.000000	11.9
1909	-1.098535	104.251513	0.002857	12.0
1910	-0.907142	104.220405	0.002382	11.8
1911	-1.332700	104.189323	0.004734	12.1
1912	-0.000000	104.158265	0.000000	11.8
1913	-1.294558	104.127231	0.003329	11.9
1914	-1.394166	104.096222	0.004214	12.3
1915	-1.160434	104.065238	0.001493	11.9
1916	-0.572908	104.034279	0.002104	12.0
1917	-0.804792	104.003344	0.004785	11.6
1918	-0.304706	103.972433	0.002306	12.3
1919	-1.262687	103.941547	0.002421	11.9
1920	-1.252199	103.910686	0.001535	11.9
1921	-0.000000	103.879849	0.000000	12.4
1922	-0.000105	103.849036	0.000155	12.4
1923	-1.160503	103.818248	0.001439	11.7
1924	-0.612058	103.787484	0.002089	11.7
1925	-0.807970	103.756744	0.000881	11.6
1926	-1.417415	103.726029	0.002634	11.5
1927	-0.843998	103.695338	0.002690	12.4
1928	-0.184980	103.664671	0.001056	13.6
1929	-0.483341	103.634028	0.002466	11.5
1930	-0.038354	103.603409	0.000587	12.5
1931	-1.252593	103.572814	0.003716	11.3
1932	-0.000000	103.542244	0.000000	11.7
1933	-0.988963	103.511698	0.003361	11.5
1934	-1.069753	103.481175	0.004123	11.7
1935	-0.836697	103.450677	0.004020	11.8
1936	-0.969995	103.420202	0.004256	11.8
1937	-1.407004	103.389752	0.004113	11.6
1938	-0.270442	103.359325	0.001439	12.0
1939	-1.168830	103.328922	0.001461	12.6
1940	-0.984526	103.298543	0.003261	11.8
1941	-0.000000	103.268188	0.000000	11.5
1942	-1.084540	103.237857	0.001900	11.7
1943	-1.324883	103.207549	0.002122	11.5
1944	-0.000000	103.177265	0.000000	12.0
1945	-0.762474	103.147005	0.005170	11.6
1946	-1.071477	103.116768	0.003057	13.9
1947	-0.000000	103.086556	0.000000	13.1
1948	-1.567801	103.056366	0.012247	12.9
1949	-0.736073	103.026200	0.001959	13.0
1950	-1.249023	102.996058	0.002478	12.5
1951	-1.309159	102.965939	0.001763	11.7
1952	-0.740567	102.935844	0.002886	11.5
1953	-1.166857	102.905772	0.004800	12.7
1954	-0.850358	102.875724	0.002368	11.8
1955	-0.561558	102.845699	0.002369	12.4
1956	-1.018834	102.815697	0.002231	11.5
1957	-0.007704	102.785719	0.000175	12.0
1958	-0.004279	102.755764	0.000050	11.6
1959	-0.714198	102.725832	0.002120	11.8
1960	-1.192848	102.695924	0.003208	11.6
1961	-1.099712	102.666038	0.002711	12.9
1962	-1.261506	102.636176	0.001477	11.6
1963	-1.366286	102.606337	0.003195	12.2
1964	-0.734308	102.576521	0.002220	11.7
1965	-0.602684	102.546728	0.002157	11.7
1966	-1.186015	102.516959	0.002849	12.2
1967	-0.805785	102.487212	0.003397	12.1
1968	-1.259977	102.457488	0.001980	12.6
1969	-1.474799	102.427788	0.019297	12.6
1970	-0.834300	102.398110	0.001143	11.7
1971	-1.053733	102.368455	0.001367	12.3
1972	-1.273510	102.338823	0.001332	11.9
1973	-1.146209	102.309214	0.001600	11.8
1974	-0.000000	102.279628	0.000000	12.4
1975	-0.573749	102.250064	0.002217	11.4
1976	-0.836765	102.220524	0.001858	11.5
1977	-0.052896	102.191006	0.001607	11.8
1978	-0.969216	102.161511	0.001453	11.4
1979	-0.000219	102.132038	0.000074	12.3
1980	-1.168746	102.102588	0.001740	12.3
1981	-1.182324	102.073161	0.005633	11.9
1982	-0.978329	102.043757	0.004511	11.9
1983	-1.247154	102.014375	0.002584	11.7
1984	-1.064629	101.985015	0.002161	11.6
1985	-0.000000	101.955678	0.000000	12.1
1986	-0.784088	101.926364	0.001808	11.7
1987	-0.000000	101.897072	0.000000	11.5
1988	-0.637356	101.867802	0.009595	12.7
1989	-0.000000	101.838555	0.000000	12.1
1990	-1.432033	101.809330	0.019279	12.9
1991	-0.893719	101.780128	0.001314	12.1
1992	-0.000000	101.750948	0.000000	11.6
1993	-0.943684	101.721790	0.003864	11.7
1994	-0.955874	101.692654	0.001999	11.5
1995	-0.000000	101.663541	0.000000	11.4
1996	-0.964781	101.634450	0.002853	11.9
1997	-0.842857	101.605381	0.003938	12.1
1998	-0.999165	101.576335	0.002265	11.6
1999	-0.964631	101.547310	0.005860	11.5
