1:ItNr	2:Metric	3a:Time	3b:StepSize	4:||Gradient||	Time[ms]
0	-1.455238	0.000000	98.916502	0.086941	1768.7
1	-0.970872	0.000000	98.916502	0.056691	1.5
2	-1.357373	1.000000	94.420297	0.098610	2.3
3	-0.993772	0.974182	94.531232	0.053897	1.7
4	-1.366469	1.974182	90.416560	0.104021	1.6
5	-0.977517	1.948365	90.518281	0.055085	1.2
6	-1.319565	2.948365	86.738554	0.094965	1.2
7	-1.063086	2.922547	86.832164	0.067599	1.2
8	-1.551598	3.922547	83.348083	0.034081	1.4
9	-1.308375	3.896730	83.434514	0.094926	1.4
10	-1.086340	4.896730	80.212697	0.066151	1.2
11	-1.452460	5.896730	77.230450	0.055727	1.2
12	-1.237952	5.870912	77.304653	0.084534	1.2
13	-1.323141	6.870912	74.530985	0.098699	1.2
14	-1.159489	7.870912	71.949460	0.086508	1.2
15	-1.395055	8.870912	69.540781	0.112453	1.3
16	-1.030953	9.870912	67.288149	0.071531	1.3
17	-1.470652	10.870912	65.176878	0.091508	1.5
18	-1.116820	10.845095	65.229718	0.075806	1.6
19	-1.543482	11.845095	63.243738	0.032759	1.3
20	-1.406877	12.845095	61.375114	0.104177	1.2
21	-1.129827	13.845095	59.613744	0.078385	1.5
22	-1.476175	14.845095	57.950650	0.046310	1.4
23	-1.373278	15.845095	56.377832	0.098502	1.2
24	-1.235478	16.845095	54.888132	0.097324	1.2
25	-1.398173	17.845095	53.475132	0.107698	1.2
26	-1.217171	18.845095	52.133056	0.088585	1.4
27	-1.454361	19.845095	50.856696	0.078925	1.6
28	-1.239643	20.845095	49.641339	0.091678	1.5
29	-1.453854	21.845095	48.482716	0.100349	1.4
30	-1.227169	22.845095	47.376943	0.091792	1.2
31	-1.479493	23.845095	46.320485	0.077863	1.6
32	-1.339280	24.845095	45.310116	0.101528	1.2
33	-1.397727	25.845095	44.342883	0.100139	1.6
34	-1.288387	26.845095	43.416082	0.099662	1.6
35	-1.370281	27.845095	42.527229	0.100797	1.2
36	-1.287207	28.845095	41.674042	0.098518	1.2
37	-1.443876	29.845095	40.854414	0.106274	1.6
38	-1.286355	30.845095	40.066405	0.099848	1.2
39	-1.403850	31.845095	39.308219	0.087886	1.4
40	-1.319849	32.845095	38.578195	0.102634	1.2
41	-1.401033	33.845095	37.874792	0.104546	1.2
42	-1.369225	34.845095	37.196580	0.100396	1.2
43	-1.452582	35.845095	36.542230	0.097222	1.2
44	-1.349303	36.845095	35.910505	0.106877	1.2
45	-1.421701	37.845095	35.300250	0.097946	1.3
46	-1.411517	38.845095	34.710390	0.109295	1.2
47	-1.354756	39.845095	34.139918	0.103332	1.2
48	-1.433937	40.845095	33.587895	0.101699	1.5
49	-1.374403	41.845095	33.053440	0.113111	1.2
50	-1.378479	42.845095	32.535727	0.101278	1.2
51	-1.424122	43.845095	32.033981	0.100172	1.2
52	-1.408917	44.845095	31.547476	0.106127	1.2
53	-1.411208	45.845095	31.075527	0.102188	1.2
54	-1.433162	46.845095	30.617491	0.100855	1.2
55	-1.431290	47.845095	30.172760	0.106794	1.2
56	-1.384517	48.845095	29.740765	0.103918	1.2
57	-1.428494	49.845095	29.320965	0.103814	1.2
58	-1.419551	50.845095	28.912851	0.110189	1.2
59	-1.415095	51.845095	28.515943	0.107035	1.2
60	-1.412873	52.845095	28.129784	0.102955	1.4
61	-1.442544	53.845095	27.753944	0.101291	1.3
62	-1.468926	54.845095	27.388014	0.101041	1.2
63	-1.430240	55.845095	27.031609	0.101580	1.6
64	-1.434660	56.845095	26.684360	0.091917	1.3
65	-1.426096	57.845095	26.345920	0.092161	1.2
66	-1.416969	58.845095	26.015957	0.102016	1.2
67	-1.453978	59.845095	25.694157	0.094389	1.3
68	-1.464373	60.845095	25.380220	0.093870	1.3
69	-1.432205	61.845095	25.073863	0.098269	1.2
70	-1.423036	62.845095	24.774813	0.083517	1.2
71	-1.436030	63.845095	24.482813	0.073637	1.5
72	-1.506151	64.845095	24.197615	0.085369	1.2
73	-1.450702	65.845095	23.918985	0.095367	1.2
74	-1.419704	66.845095	23.646699	0.095973	1.2
75	-1.485641	67.845095	23.380543	0.094069	1.2
76	-1.455579	68.845095	23.120311	0.093522	1.9
77	-1.445470	69.845095	22.865809	0.093920	1.4
78	-1.450712	70.845095	22.616848	0.089110	1.2
79	-1.500848	71.845095	22.373250	0.083311	1.2
80	-1.438692	72.845095	22.134844	0.076479	1.2
81	-1.459747	73.845095	21.901465	0.064252	1.2
82	-1.546585	74.845095	21.672956	0.065671	1.3
83	-1.497463	75.845095	21.449166	0.077247	1.2
84	-1.454066	76.845095	21.229951	0.088119	1.4
85	-1.482915	77.845095	21.015171	0.093613	1.4
86	-1.500407	78.845095	20.804693	0.087152	1.3
87	-1.457998	79.845095	20.598390	0.079040	1.2
88	-1.471072	80.845095	20.396137	0.065318	1.4
89	-1.505530	81.845095	20.197818	0.060077	1.2
90	-1.483939	82.845095	20.003319	0.059410	1.2
91	-1.478633	83.845095	19.812530	0.055216	1.2
92	-1.497536	84.845095	19.625345	0.057961	1.2
93	-1.539805	85.845095	19.441665	0.060280	1.3
94	-1.519298	86.845095	19.261391	0.054369	1.2
95	-1.455483	87.845095	19.084430	0.048621	1.2
96	-1.540251	88.845095	18.910690	0.057888	1.3
97	-1.526449	89.845095	18.740085	0.066697	1.2
98	-1.509316	90.845095	18.572532	0.067302	1.2
99	-1.490471	91.845095	18.407947	0.060245	1.3
100	-1.514300	92.845095	18.246254	0.055004	1.3
101	-1.528585	93.845095	18.087377	0.053362	1.2
102	-1.513662	94.845095	17.931243	0.048212	1.3
103	-1.495045	95.845095	17.777781	0.042337	1.3
104	-1.495530	96.845095	17.626924	0.033155	1.3
105	-1.476491	97.845095	17.478606	0.026210	1.4
106	-1.505745	98.845095	17.332762	0.023694	1.7
107	-1.496942	99.845095	17.189333	0.025425	1.3
108	-1.499563	100.845095	17.048257	0.025686	1.3
109	-1.528957	101.845095	16.909479	0.021963	1.3
110	-1.515172	102.845095	16.772942	0.016905	1.2
111	-1.562272	103.845095	16.638592	0.013375	1.2
112	-1.544951	104.845095	16.506377	0.015754	1.3
113	-1.447313	105.845095	16.376247	0.014034	1.3
114	-1.518095	106.845095	16.248152	0.009716	1.2
115	-1.556785	107.845095	16.122046	0.008431	1.2
116	-1.478833	108.845095	15.997882	0.006960	1.3
117	-1.562715	109.845095	15.875617	0.006748	1.3
118	-1.521084	110.845093	15.755206	0.006266	1.2
119	-1.521222	111.845078	15.636609	0.005034	1.2
120	-1.466267	112.843251	15.519995	0.003818	1.2
121	-1.544756	113.769159	15.413367	0.004902	1.4
122	-1.517518	114.684319	15.309408	0.005445	1.5
123	-1.522591	115.681216	15.197747	0.003868	1.4
124	-1.479380	116.657488	15.089964	0.002334	1.3
125	-1.507666	116.646147	15.091207	0.003226	1.2
126	-1.541847	116.751183	15.079700	0.003030	1.3
127	-1.524652	117.025567	15.049723	0.004096	1.7
128	-1.526386	117.283107	15.021694	0.005237	1.5
129	-1.548752	118.268081	14.915453	0.003949	2.1
130	-1.544287	119.166722	14.819827	0.001033	1.3
131	-1.496419	119.199168	14.816397	0.002482	1.2
132	-1.578067	119.186321	14.817755	0.004911	1.3
133	-1.532316	119.471071	14.787718	0.007941	1.2
134	-1.519558	120.470971	14.683200	0.006884	1.2
135	-1.508975	121.470971	14.580139	0.004828	1.4
136	-1.537875	122.470481	14.478564	0.005102	1.2
137	-1.532287	123.461020	14.379287	0.005620	1.2
138	-1.517829	124.459341	14.280599	0.003515	1.4
139	-1.499548	125.413519	14.187532	0.003053	1.2
140	-1.504645	125.885888	14.141907	0.002827	1.2
141	-1.532650	125.981427	14.132714	0.003675	1.4
142	-1.471602	126.077816	14.123453	0.003857	1.2
143	-1.544361	126.676732	14.066174	0.003662	1.2
144	-1.512591	127.180703	14.018334	0.003041	1.6
145	-1.513564	127.318144	14.005343	0.002122	1.2
146	-1.516485	127.317351	14.005418	0.001300	1.3
147	-1.483553	127.348144	14.002511	0.001875	1.4
148	-1.498626	127.355583	14.001809	0.001690	1.2
149	-1.540243	127.350947	14.002247	0.003312	1.3
150	-1.512416	127.438037	13.994031	0.002643	1.3
151	-1.534243	127.651457	13.973940	0.002657	1.4
152	-1.532812	127.801626	13.959838	0.002059	1.3
153	-1.521632	127.853272	13.954994	0.001763	1.2
154	-1.496436	127.859765	13.954385	0.002919	1.3
155	-1.529431	127.893658	13.951209	0.003476	1.2
156	-1.515349	128.065621	13.935115	0.003354	1.5
157	-1.503495	128.461080	13.898244	0.002246	1.3
158	-1.524505	128.529080	13.891924	0.002223	1.3
159	-1.511316	128.537009	13.891187	0.002747	1.2
160	-1.541149	128.572758	13.887867	0.006243	1.4
161	-1.530599	129.316206	13.819179	0.007752	1.2
162	-1.481459	130.316205	13.727853	0.005239	1.2
163	-1.498529	131.316164	13.637729	0.003684	1.3
164	-1.562754	132.278700	13.552089	0.002262	1.5
165	-1.519406	132.337740	13.546871	0.002496	1.3
166	-1.541155	132.337068	13.546930	0.003537	1.2
167	-1.516199	132.538257	13.529179	0.003621	1.3
168	-1.529554	132.965733	13.491616	0.004375	1.2
169	-1.551197	133.748845	13.423341	0.004032	1.4
170	-1.534711	134.376896	13.369083	0.004035	1.5
171	-1.534660	135.253858	13.294050	0.002432	3.4
172	-1.518022	135.274123	13.292326	0.003716	1.5
173	-1.524608	135.264708	13.293127	0.002493	1.4
174	-1.529493	135.463817	13.276210	0.003133	1.3
175	-1.545053	135.542357	13.269549	0.003525	1.2
176	-1.498698	135.620904	13.262895	0.003792	1.2
177	-1.487430	136.292039	13.206304	0.002592	1.4
178	-1.511422	136.341326	13.202168	0.003361	1.5
179	-1.534720	136.470353	13.191350	0.001901	1.3
180	-1.524596	136.511003	13.187946	0.003216	1.7
181	-1.497096	136.496121	13.189192	0.003956	1.5
182	-1.488348	136.812243	13.162772	0.002707	1.9
183	-1.488860	137.254954	13.125950	0.002803	1.3
184	-1.532753	137.370773	13.116350	0.004037	1.3
185	-1.511897	137.822372	13.079055	0.002830	1.3
186	-1.489212	138.184584	13.049295	0.002742	1.3
187	-1.532325	138.280026	13.041475	0.004092	1.4
188	-1.490449	138.673180	13.009364	0.001973	1.3
189	-1.512786	138.798360	12.999173	0.002089	1.3
190	-1.528341	138.817122	12.997647	0.004452	1.2
191	-1.497615	138.955709	12.986386	0.001733	1.4
192	-1.515983	139.006231	12.982285	0.004042	1.5
193	-1.509226	138.986657	12.983874	0.004111	1.5
194	-1.538114	139.840105	12.914979	0.003285	1.2
195	-1.512873	140.470911	12.864525	0.002871	1.5
196	-1.541857	140.732207	12.843741	0.001286	1.3
197	-1.494422	140.764661	12.841164	0.002199	1.3
198	-1.499067	140.756640	12.841801	0.001459	1.7
199	-1.505203	140.783108	12.839700	0.003534	1.3
200	-1.489614	140.792099	12.838986	0.002374	1.3
201	-1.482129	140.874714	12.832434	0.002464	1.4
202	-1.497747	140.870659	12.832755	0.003472	1.3
203	-1.501146	140.874835	12.832424	0.004468	1.8
204	-1.534140	141.575407	12.777127	0.003227	1.4
205	-1.476152	142.133290	12.733431	0.002894	1.3
206	-1.532559	142.257315	12.723758	0.001337	1.5
207	-1.497776	142.271882	12.722623	0.002026	1.9
208	-1.567966	142.264180	12.723223	0.002856	1.5
209	-1.498200	142.356769	12.716011	0.002546	1.5
210	-1.573204	142.465227	12.707574	0.003801	1.6
211	-1.510152	142.664447	12.692106	0.003628	1.3
212	-1.514365	143.005193	12.665736	0.003828	1.9
213	-1.476649	143.016195	12.664887	0.003534	1.3
214	-1.535195	143.651961	12.615984	0.001761	1.3
215	-1.519768	143.727080	12.610231	0.003002	1.3
216	-1.543707	143.761465	12.607599	0.002568	1.4
217	-1.554135	143.857329	12.600268	0.002515	1.3
218	-1.490619	143.909212	12.596304	0.002078	1.3
219	-1.522031	143.950393	12.593159	0.002258	1.9
220	-1.495167	144.020537	12.587806	0.004060	1.3
221	-1.539171	144.356968	12.562195	0.003424	1.3
222	-1.481304	145.135131	12.503355	0.002425	1.3
223	-1.516484	145.166291	12.501010	0.003772	1.3
224	-1.490443	145.522734	12.474252	0.004606	1.3
225	-1.507505	146.403690	12.408607	0.003542	1.3
226	-1.499318	147.247164	12.346399	0.001399	1.3
227	-1.505384	147.249638	12.346217	0.004147	1.3
228	-1.506153	147.327999	12.340470	0.003383	1.3
229	-1.521675	148.052870	12.287556	0.000848	1.4
230	-1.522014	148.046042	12.288052	0.001378	1.3
231	-1.496456	148.047699	12.287931	0.001911	1.2
232	-1.511521	148.048232	12.287893	0.003604	1.3
233	-1.526658	148.176616	12.278568	0.004139	1.4
234	-1.493796	148.910975	12.225500	0.004407	1.3
235	-1.539641	149.855684	12.157901	0.005392	1.4
236	-1.496063	150.838364	12.088375	0.004830	1.3
237	-1.532997	151.826957	12.019228	0.004308	1.6
238	-1.497561	152.717135	11.957638	0.001583	1.3
239	-1.515277	152.792079	11.952481	0.002254	1.3
240	-1.487100	152.781792	11.953189	0.001283	1.4
241	-1.525221	152.795361	11.952255	0.002480	2.2
242	-1.549936	152.784726	11.952987	0.005492	1.5
243	-1.521617	153.525844	11.902229	0.003686	1.4
244	-1.471319	154.457024	11.839062	0.002859	1.6
245	-1.533972	154.502647	11.835984	0.002411	1.7
246	-1.519922	154.616939	11.828281	0.001985	1.4
247	-1.521269	154.625989	11.827672	0.002622	1.7
248	-1.521738	154.632948	11.827203	0.003349	1.5
249	-1.524936	154.870901	11.811201	0.003338	1.4
250	-1.532106	155.003659	11.802292	0.001495	3.3
251	-1.520395	155.012479	11.801700	0.003538	2.8
252	-1.512026	155.039190	11.799910	0.003981	1.7
253	-1.516068	155.766745	11.751342	0.003968	1.7
254	-1.551421	156.478532	11.704213	0.004175	1.9
255	-1.505618	156.852471	11.679605	0.003272	1.8
256	-1.539835	157.279015	11.651660	0.002329	1.6
257	-1.515634	157.318092	11.649107	0.003310	1.4
258	-1.495682	157.339352	11.647718	0.002507	1.3
259	-1.538736	157.432805	11.641618	0.000614	1.4
260	-1.541469	157.427336	11.641975	0.003717	1.4
261	-1.503642	157.423120	11.642250	0.002800	1.3
262	-1.542761	157.594030	11.631109	0.004431	1.3
263	-1.529567	157.642038	11.627983	0.004635	1.5
264	-1.572004	158.495427	11.572699	0.005057	1.4
265	-1.538158	159.473245	11.509997	0.002754	1.3
266	-1.478005	160.061742	11.472587	0.005180	1.3
267	-1.528370	160.219636	11.462591	0.006010	1.4
268	-1.518091	161.218793	11.399738	0.004655	1.3
269	-1.550160	162.215669	11.337712	0.004089	1.3
270	-1.541534	163.152472	11.280036	0.002631	1.3
271	-1.522261	163.496321	11.259013	0.001920	1.3
272	-1.510272	163.547088	11.255916	0.002981	1.3
273	-1.488077	163.672408	11.248278	0.004161	1.3
274	-1.539384	163.994251	11.228709	0.003785	1.4
275	-1.469338	164.790369	11.180593	0.002277	1.2
276	-1.471736	165.045591	11.165255	0.002320	1.4
277	-1.520733	165.079032	11.163249	0.003250	1.4
278	-1.524530	165.302332	11.149869	0.002397	1.3
279	-1.545841	165.309556	11.149436	0.001710	1.3
280	-1.519577	165.334558	11.147940	0.001377	1.5
281	-1.553950	165.350923	11.146961	0.002190	1.4
282	-1.497425	165.371670	11.145721	0.005251	1.3
283	-1.491145	165.720387	11.124905	0.006871	1.3
284	-1.535266	166.720307	11.065646	0.004982	1.7
285	-1.493009	167.720090	11.007024	0.002891	1.8
286	-1.554670	168.081195	10.986003	0.003159	1.3
287	-1.503982	168.150002	10.982006	0.002017	1.3
288	-1.551433	168.223084	10.977765	0.001896	1.5
289	-1.514315	168.233711	10.977149	0.002091	1.3
290	-1.517807	168.271902	10.974934	0.002699	1.2
291	-1.539085	168.330808	10.971519	0.003222	2.4
292	-1.503042	168.419144	10.966402	0.001445	1.2
293	-1.510603	168.475525	10.963139	0.003094	1.3
294	-1.539576	168.468008	10.963574	0.003817	1.3
295	-1.537636	168.935740	10.936575	0.002219	1.2
296	-1.467300	169.064456	10.929169	0.002597	1.4
297	-1.503135	169.076163	10.928496	0.003500	1.2
298	-1.519886	169.146472	10.924455	0.003367	1.3
299	-1.565677	169.534773	10.902191	0.003382	1.3
300	-1.511502	169.901970	10.881221	0.003594	1.4
301	-1.493010	170.422966	10.851606	0.003779	1.2
302	-1.535795	171.094406	10.813675	0.004265	1.6
303	-1.512463	171.937910	10.766399	0.004582	3.2
304	-1.519177	172.876938	10.714253	0.001273	1.5
305	-1.550226	172.862999	10.715023	0.002806	1.2
306	-1.492885	172.872627	10.714491	0.003675	1.3
307	-1.531310	172.865714	10.714873	0.002564	1.3
308	-1.523727	172.957830	10.709784	0.001842	1.4
309	-1.488406	172.961464	10.709584	0.002441	1.6
310	-1.519973	172.976838	10.708735	0.002162	1.5
311	-1.520653	173.067894	10.703710	0.003088	1.6
312	-1.499368	173.088250	10.702588	0.005067	1.6
313	-1.500886	173.289455	10.691504	0.002948	1.3
314	-1.490129	174.102988	10.646923	0.002976	1.6
315	-1.506672	174.088013	10.647741	0.001717	1.2
316	-1.481764	174.099921	10.647091	0.002331	1.2
317	-1.490252	174.122148	10.645878	0.001618	1.4
318	-1.552974	174.151148	10.644296	0.001766	1.4
319	-1.506892	174.175113	10.642989	0.002788	1.2
320	-1.496666	174.204694	10.641376	0.005428	1.6
321	-1.536827	174.937960	10.601552	0.005104	1.3
322	-1.486530	175.933260	10.547972	0.003524	1.2
323	-1.481506	175.909814	10.549228	0.007404	1.2
324	-1.506815	176.894641	10.496730	0.004509	1.5
325	-1.492787	177.891115	10.444139	0.004972	1.2
326	-1.523674	178.551900	10.409555	0.002875	1.2
327	-1.476595	179.240251	10.373771	0.001832	1.3
328	-1.535793	179.219154	10.374864	0.001518	1.6
329	-1.554395	179.228419	10.374384	0.002601	1.2
330	-1.540227	179.264080	10.372537	0.002938	1.3
331	-1.500420	179.285935	10.371405	0.002272	1.2
332	-1.510920	179.408374	10.365069	0.001925	1.2
333	-1.530251	179.389513	10.366044	0.001564	1.3
334	-1.526079	179.408202	10.365077	0.002157	1.3
335	-1.513856	179.437793	10.363547	0.001931	1.6
336	-1.534961	179.475907	10.361577	0.001430	1.4
337	-1.521635	179.471701	10.361794	0.002560	1.3
338	-1.465588	179.470640	10.361849	0.001271	1.2
339	-1.491023	179.480310	10.361349	0.001335	1.2
340	-1.496557	179.498016	10.360434	0.001627	1.3
341	-1.534328	179.508090	10.359914	0.001511	1.2
342	-1.501148	179.527046	10.358935	0.003740	1.3
343	-1.479461	179.632591	10.353485	0.003169	1.3
344	-1.534786	179.999025	10.334610	0.002454	1.2
345	-1.521776	180.153186	10.326690	0.001441	1.2
346	-1.553967	180.158857	10.326399	0.003012	1.2
347	-1.512117	180.213370	10.323601	0.006082	1.2
348	-1.518577	181.091319	10.278752	0.005286	1.2
349	-1.512360	182.090872	10.228163	0.002700	1.2
350	-1.491672	182.716105	10.196771	0.001712	1.2
351	-1.546381	182.712139	10.196970	0.001663	1.2
352	-1.527069	182.709992	10.197077	0.001842	1.7
353	-1.547912	182.724603	10.196346	0.003414	1.2
354	-1.498937	182.728278	10.196162	0.005846	1.3
355	-1.503715	183.661028	10.149693	0.001566	1.2
356	-1.510989	183.950366	10.135364	0.002191	1.6
357	-1.532040	183.933863	10.136180	0.003165	1.6
358	-1.503175	183.933881	10.136179	0.003681	1.2
359	-1.499874	184.034509	10.131204	0.002768	1.2
360	-1.517911	184.427058	10.111845	0.001537	1.3
361	-1.516779	184.413524	10.112511	0.002694	1.2
362	-1.502964	184.402305	10.113063	0.002430	1.3
363	-1.512592	184.517857	10.107377	0.001570	1.2
364	-1.540457	184.546624	10.105963	0.003220	1.3
365	-1.529450	184.589526	10.103854	0.002195	1.2
366	-1.494689	184.707606	10.098054	0.002730	1.4
367	-1.538880	184.704523	10.098206	0.004686	1.4
368	-1.521707	185.236583	10.072154	0.004178	1.2
369	-1.493120	186.175846	10.026490	0.002183	1.4
370	-1.498735	186.399948	10.015656	0.002312	1.3
371	-1.491538	186.441631	10.013644	0.003185	1.2
372	-1.523113	186.563419	10.007768	0.004415	1.2
373	-1.546508	187.248147	9.974862	0.004265	1.5
374	-1.509616	188.085721	9.934904	0.003015	1.2
375	-1.496237	188.616238	9.909760	0.002576	1.2
376	-1.549229	188.619216	9.909619	0.002335	1.2
377	-1.499486	188.601552	9.910454	0.004205	1.2
378	-1.558179	188.937406	9.894599	0.004166	1.3
379	-1.496264	189.603595	9.863300	0.002159	1.3
380	-1.479721	189.608141	9.863088	0.003358	1.2
381	-1.537744	189.658975	9.860708	0.001746	1.2
382	-1.494922	189.698268	9.858869	0.001727	1.3
383	-1.537012	189.702079	9.858690	0.002621	2.2
384	-1.498416	189.692213	9.859152	0.003927	1.4
385	-1.575875	189.835741	9.852440	0.001566	2.1
386	-1.516740	189.830762	9.852673	0.002814	1.4
387	-1.509553	189.828578	9.852775	0.002652	1.8
388	-1.491527	189.861388	9.851242	0.003335	1.2
389	-1.541527	190.033266	9.843218	0.002560	1.2
390	-1.515113	190.063515	9.841808	0.002724	1.2
391	-1.493927	190.071839	9.841420	0.005262	1.2
392	-1.494629	190.327563	9.829511	0.002385	1.2
393	-1.509551	190.676497	9.813307	0.002636	1.2
394	-1.526386	190.696956	9.812359	0.004841	1.2
395	-1.538340	191.224380	9.787973	0.002226	1.2
396	-1.514226	191.353630	9.782016	0.003149	1.2
397	-1.529938	191.397621	9.779990	0.001778	1.2
398	-1.497096	191.383492	9.780640	0.002813	1.2
399	-1.534979	191.434166	9.778307	0.001934	1.4
400	-1.510743	191.435820	9.778231	0.001525	1.8
401	-1.561483	191.461496	9.777049	0.001849	1.2
402	-1.547139	191.476671	9.776351	0.001655	1.3
403	-1.528769	191.480405	9.776179	0.002253	1.2
404	-1.548189	191.485148	9.775961	0.003444	1.2
405	-1.519540	191.645095	9.768608	0.002527	1.2
406	-1.549841	191.739034	9.764294	0.002413	1.2
407	-1.542041	191.772174	9.762773	0.002525	1.2
408	-1.495230	191.782286	9.762310	0.002270	1.3
409	-1.504938	191.868793	9.758342	0.002636	1.3
410	-1.512875	191.961869	9.754077	0.002982	1.2
411	-1.508663	191.947029	9.754757	0.002748	1.5
412	-1.535356	192.174521	9.744347	0.002837	1.2
413	-1.580630	192.151846	9.745384	0.001593	1.2
414	-1.516347	192.213252	9.742577	0.001736	1.3
415	-1.551712	192.218769	9.742325	0.002899	1.3
416	-1.470549	192.233180	9.741667	0.001512	1.2
417	-1.497949	192.266506	9.740144	0.003333	1.2
418	-1.526580	192.258338	9.740517	0.002568	1.3
419	-1.538648	192.302492	9.738501	0.003945	1.2
420	-1.533921	192.367423	9.735537	0.003035	1.2
421	-1.497280	192.473638	9.730694	0.002644	1.2
422	-1.516884	192.468454	9.730930	0.002828	1.3
423	-1.528638	192.474007	9.730677	0.003575	1.2
424	-1.499133	192.816210	9.715103	0.001543	1.2
425	-1.508198	192.815368	9.715141	0.002615	1.2
426	-1.492042	192.872098	9.712564	0.001164	1.2
427	-1.529860	192.887989	9.711843	0.002268	1.2
428	-1.539703	192.888927	9.711800	0.002019	1.2
429	-1.528111	192.898669	9.711358	0.002543	1.6
430	-1.558706	192.949090	9.709069	0.002023	1.3
431	-1.510585	192.963372	9.708421	0.003447	1.5
432	-1.501699	192.995432	9.706967	0.003504	1.3
433	-1.547876	193.330821	9.691777	0.003187	1.2
434	-1.495045	193.613250	9.679023	0.001806	1.2
435	-1.542042	193.648038	9.677454	0.003222	1.2
436	-1.493265	193.642663	9.677696	0.003726	1.2
437	-1.548931	194.264780	9.649728	0.003344	1.2
438	-1.549056	194.475743	9.640280	0.002758	1.3
439	-1.545396	194.540203	9.637397	0.004830	1.3
440	-1.529518	194.938427	9.619624	0.005050	1.2
441	-1.518382	195.932045	9.575563	0.003259	1.4
442	-1.522401	196.241603	9.561919	0.002665	1.3
443	-1.532734	196.450903	9.552715	0.001561	1.3
444	-1.516388	196.496972	9.550692	0.002454	1.2
445	-1.513775	196.536744	9.548946	0.002020	1.2
446	-1.548626	196.558724	9.547981	0.002254	1.5
447	-1.565521	196.618150	9.545374	0.002429	1.2
448	-1.513061	196.611015	9.545687	0.002360	1.2
449	-1.504043	196.611988	9.545644	0.001646	1.2
450	-1.496475	196.638356	9.544487	0.003803	1.4
451	-1.546477	196.621493	9.545227	0.005404	1.3
452	-1.528549	197.585177	9.503145	0.002872	1.2
453	-1.483832	197.840392	9.492062	0.002665	1.2
454	-1.519760	197.829452	9.492536	0.002831	1.2
455	-1.502634	197.864576	9.491013	0.002235	1.3
456	-1.517410	198.003172	9.485007	0.001752	1.2
457	-1.503060	198.011156	9.484661	0.002095	1.3
458	-1.479991	198.009750	9.484722	0.003083	1.2
459	-1.503842	198.014404	9.484520	0.003200	1.3
460	-1.539849	198.396438	9.468005	0.001639	1.2
461	-1.523178	198.404782	9.467645	0.001024	1.3
462	-1.556764	198.408540	9.467483	0.003285	1.2
463	-1.548680	198.419286	9.467019	0.002796	1.3
464	-1.558033	198.666666	9.456358	0.001184	2.7
465	-1.551773	198.663766	9.456482	0.002442	1.8
466	-1.488958	198.672207	9.456119	0.003010	1.5
467	-1.499777	198.835584	9.449091	0.002571	1.6
468	-1.475343	198.844607	9.448704	0.001371	1.5
469	-1.496735	198.852937	9.448346	0.002816	1.6
470	-1.477763	198.843305	9.448760	0.002628	1.4
471	-1.494406	198.888858	9.446802	0.002888	1.3
472	-1.542868	198.928702	9.445091	0.003037	1.4
473	-1.502784	199.104539	9.437545	0.004087	1.5
474	-1.490311	199.177330	9.434425	0.003624	1.4
475	-1.546965	199.744690	9.410177	0.004340	1.3
476	-1.524258	200.414566	9.381707	0.002848	1.3
477	-1.524818	201.006918	9.356675	0.002144	1.2
478	-1.536784	201.027296	9.355816	0.002445	1.3
479	-1.496928	201.049465	9.354882	0.003280	1.2
480	-1.525964	201.225367	9.347477	0.002566	1.2
481	-1.514739	201.430257	9.338867	0.001676	1.3
482	-1.519378	201.467624	9.337298	0.001899	1.2
483	-1.513998	201.455625	9.337802	0.002534	1.2
484	-1.537670	201.494446	9.336173	0.001879	1.4
485	-1.533742	201.522031	9.335015	0.002239	1.3
486	-1.555600	201.524727	9.334902	0.004017	1.5
487	-1.490673	201.587770	9.332258	0.002481	1.2
488	-1.533930	201.667981	9.328896	0.001575	1.4
489	-1.483966	201.683932	9.328228	0.003220	1.2
490	-1.520384	201.732571	9.326191	0.003295	1.3
491	-1.432144	201.951026	9.317053	0.003235	1.2
492	-1.462009	202.267949	9.303828	0.003090	1.2
493	-1.514121	202.333301	9.301105	0.002086	1.9
494	-1.464717	202.369353	9.299604	0.002855	1.4
495	-1.540711	202.447872	9.296336	0.002231	1.3
496	-1.513793	202.489351	9.294611	0.002564	1.3
497	-1.516395	202.558150	9.291750	0.003723	1.2
498	-1.517606	202.813569	9.281147	0.004317	1.2
499	-1.531687	203.646617	9.246730	0.002019	1.2
500	-1.532962	203.869370	9.237570	0.003399	1.4
501	-1.505714	203.870301	9.237532	0.003768	1.2
502	-1.484340	204.434218	9.214424	0.002387	1.6
503	-1.533898	204.427428	9.214702	0.002824	1.3
504	-1.557310	204.550256	9.209684	0.001500	1.6
505	-1.521808	204.601535	9.207590	0.003456	1.5
506	-1.524138	204.625205	9.206625	0.003629	2.1
507	-1.518836	204.946224	9.193544	0.002666	1.3
508	-1.478461	205.221271	9.182366	0.003591	1.3
509	-1.565434	205.531936	9.169774	0.001834	1.5
510	-1.493591	205.521718	9.170187	0.002673	1.8
511	-1.562852	205.518143	9.170332	0.004382	1.9
512	-1.483342	205.558468	9.168700	0.002030	1.5
513	-1.552005	205.838698	9.157373	0.002785	1.6
514	-1.500198	205.821253	9.158077	0.001818	1.8
515	-1.523034	205.875133	9.155902	0.002230	1.6
516	-1.559962	205.897925	9.154983	0.001981	1.4
517	-1.558188	205.883365	9.155570	0.004889	1.3
518	-1.556594	206.141316	9.145173	0.004549	1.2
519	-1.490017	206.999075	9.110767	0.004675	1.5
520	-1.498989	207.908219	9.074583	0.002970	1.3
521	-1.530837	208.606454	9.046987	0.001728	1.3
522	-1.530101	208.599210	9.047272	0.002826	1.3
523	-1.491926	208.638680	9.045717	0.003126	1.4
524	-1.489146	208.820043	9.038579	0.001869	1.2
525	-1.562928	208.832498	9.038089	0.003659	1.6
526	-1.540365	208.842556	9.037693	0.002624	1.7
527	-1.540791	209.029505	9.030348	0.002359	1.5
528	-1.506853	209.038161	9.030008	0.001796	1.5
529	-1.518052	209.049012	9.029583	0.003558	1.6
530	-1.521678	209.165522	9.025012	0.003945	1.6
531	-1.467818	209.610253	9.007607	0.001471	1.4
532	-1.505934	209.672560	9.005174	0.002074	1.7
533	-1.484040	209.661434	9.005608	0.001560	1.3
534	-1.540820	209.679051	9.004921	0.002247	1.3
535	-1.459833	209.667789	9.005360	0.001683	1.3
536	-1.525551	209.678090	9.004958	0.003671	1.4
537	-1.534592	209.675266	9.005068	0.003211	1.4
538	-1.503663	210.026580	8.991375	0.002229	1.3
539	-1.482363	210.088562	8.988963	0.001628	1.3
540	-1.508769	210.102672	8.988414	0.001336	1.3
541	-1.539374	210.113208	8.988004	0.003462	1.4
542	-1.517864	210.116816	8.987864	0.002100	1.3
543	-1.544437	210.248229	8.982757	0.001648	1.2
544	-1.507873	210.233725	8.983320	0.002754	1.8
545	-1.495041	210.274040	8.981754	0.004094	1.3
546	-1.449158	210.724889	8.964279	0.003636	1.3
547	-1.527804	211.377766	8.939093	0.001486	1.3
548	-1.509721	211.375999	8.939161	0.001469	1.4
549	-1.526276	211.381633	8.938945	0.003163	1.3
550	-1.520804	211.437655	8.936790	0.002838	1.2
551	-1.506089	211.635640	8.929184	0.004327	1.3
552	-1.478388	212.082981	8.912047	0.003245	1.4
553	-1.474926	212.471706	8.897209	0.004266	1.7
554	-1.476719	212.539946	8.894609	0.003593	1.2
555	-1.541639	212.524785	8.895187	0.003034	1.3
556	-1.517276	213.018944	8.876403	0.002336	1.7
557	-1.528056	213.015997	8.876515	0.001246	1.4
558	-1.531153	213.004436	8.876954	0.003410	1.3
559	-1.488886	213.055793	8.875006	0.002864	1.3
560	-1.476978	213.258802	8.867315	0.002880	1.3
561	-1.532078	213.296983	8.865870	0.002086	1.7
562	-1.526296	213.295491	8.865926	0.001810	1.6
563	-1.534422	213.308603	8.865430	0.001819	1.3
564	-1.526673	213.317757	8.865084	0.002814	1.3
565	-1.509678	213.361556	8.863427	0.003742	1.2
566	-1.489062	213.691906	8.850951	0.002529	1.4
567	-1.565821	213.678514	8.851456	0.001555	1.5
568	-1.526874	213.692781	8.850918	0.003362	1.5
569	-1.482477	213.730215	8.849506	0.002223	1.3
570	-1.525344	213.751837	8.848691	0.001329	1.2
571	-1.502517	213.743499	8.849006	0.003901	1.4
572	-1.519891	213.815289	8.846300	0.002465	1.4
573	-1.506637	213.981970	8.840025	0.001068	1.2
574	-1.528684	213.977458	8.840195	0.003153	1.4
575	-1.538352	213.999959	8.839349	0.003184	1.2
576	-1.531079	214.210150	8.831449	0.002488	1.2
577	-1.520745	214.403257	8.824205	0.002167	1.5
578	-1.511150	214.437617	8.822917	0.002184	1.3
579	-1.485592	214.420073	8.823574	0.004514	1.3
580	-1.536329	214.533198	8.819337	0.002575	1.3
581	-1.459397	214.832682	8.808137	0.001652	1.2
582	-1.546894	214.876820	8.806489	0.003670	1.2
583	-1.552194	214.930840	8.804472	0.005759	1.3
584	-1.521018	215.724297	8.774961	0.002884	1.2
585	-1.492681	216.437093	8.748618	0.001660	1.2
586	-1.531211	216.442141	8.748433	0.002400	1.3
587	-1.521813	216.429605	8.748894	0.002733	2.8
588	-1.516130	216.506581	8.746059	0.001728	1.3
589	-1.528596	216.544790	8.744652	0.004068	1.2
590	-1.507092	216.645541	8.740945	0.004025	1.3
591	-1.502976	217.470507	8.710706	0.002781	1.3
592	-1.515908	217.885615	8.695570	0.004216	1.3
593	-1.511433	218.370554	8.677954	0.002876	1.3
594	-1.579492	218.478135	8.674055	0.003072	1.3
595	-1.550475	218.543049	8.671705	0.001333	1.3
596	-1.526004	218.569073	8.670763	0.004093	1.2
597	-1.499839	218.616728	8.669038	0.003720	1.6
598	-1.515616	219.439533	8.639372	0.002791	1.4
599	-1.526237	219.725885	8.629095	0.003238	1.3
600	-1.497636	219.773765	8.627379	0.003246	1.5
601	-1.516099	219.779328	8.627180	0.003832	1.4
602	-1.496735	219.942197	8.621348	0.001800	1.3
603	-1.527908	219.993409	8.619516	0.001672	1.3
604	-1.520605	219.999428	8.619301	0.003263	1.2
605	-1.520914	220.009598	8.618937	0.002058	1.2
606	-1.535513	220.193962	8.612349	0.002549	1.3
607	-1.524379	220.185488	8.612651	0.001145	1.8
608	-1.543439	220.183831	8.612711	0.003627	1.7
609	-1.521686	220.173715	8.613072	0.004036	1.4
610	-1.513843	220.697980	8.594389	0.003165	1.2
611	-1.499844	221.038980	8.582281	0.002323	1.2
612	-1.537578	221.099399	8.580139	0.001269	1.4
613	-1.513989	221.111828	8.579699	0.001835	1.2
614	-1.512658	221.104956	8.579942	0.001870	1.2
615	-1.557817	221.128420	8.579111	0.001602	1.4
616	-1.519348	221.143850	8.578564	0.003296	1.3
617	-1.494525	221.233710	8.575382	0.003386	1.3
618	-1.478497	221.775163	8.556256	0.002400	1.2
619	-1.474894	221.869729	8.552925	0.003663	1.3
620	-1.529187	222.006228	8.548121	0.002115	1.5
621	-1.537904	222.160936	8.542682	0.002477	1.4
622	-1.505654	222.142232	8.543339	0.003140	1.2
623	-1.560940	222.308015	8.537518	0.002025	1.5
624	-1.508439	222.335728	8.536546	0.002702	1.3
625	-1.515305	222.363712	8.535564	0.003957	1.2
626	-1.497889	222.746355	8.522165	0.002519	1.4
627	-1.464964	222.839700	8.518902	0.001529	1.3
628	-1.507671	222.840648	8.518869	0.002646	1.7
629	-1.509373	222.848780	8.518585	0.002105	1.2
630	-1.523947	222.916684	8.516213	0.002177	1.2
631	-1.500061	222.940363	8.515387	0.002682	1.3
632	-1.522407	222.971725	8.514292	0.005222	1.3
633	-1.516067	223.117279	8.509216	0.005065	1.2
634	-1.512894	224.110771	8.474726	0.002279	1.3
635	-1.526184	224.393269	8.464970	0.002611	1.3
636	-1.511660	224.399026	8.464771	0.002212	1.2
637	-1.528878	224.431091	8.463665	0.002339	1.6
638	-1.477032	224.425540	8.463856	0.002489	1.2
639	-1.542895	224.545160	8.459733	0.001856	1.9
640	-1.531910	224.551264	8.459523	0.001955	1.2
641	-1.492986	224.539162	8.459940	0.002068	1.2
642	-1.488110	224.570051	8.458876	0.001938	1.3
643	-1.524593	224.567573	8.458961	0.003285	1.4
644	-1.529551	224.715477	8.453869	0.002451	1.3
645	-1.542369	224.785996	8.451444	0.002316	1.2
646	-1.532023	224.885055	8.448039	0.001678	1.6
647	-1.505619	224.946432	8.445931	0.002312	1.2
648	-1.440723	224.933608	8.446371	0.003523	1.2
649	-1.536754	225.054769	8.442212	0.002301	1.3
650	-1.521228	225.196983	8.437335	0.004554	1.2
651	-1.510343	225.181041	8.437882	0.003770	1.5
652	-1.536129	226.059458	8.407881	0.002477	1.3
653	-1.542774	226.215215	8.402584	0.002724	1.4
654	-1.499232	226.229185	8.402109	0.002207	1.2
655	-1.492987	226.215938	8.402559	0.002647	1.2
656	-1.547455	226.268079	8.400787	0.003158	1.7
657	-1.496527	226.250487	8.401385	0.002093	1.3
658	-1.500499	226.252690	8.401310	0.001667	1.3
659	-1.546768	226.257139	8.401159	0.003300	1.2
660	-1.556222	226.253943	8.401268	0.002359	1.2
661	-1.557228	226.300593	8.399683	0.002938	1.3
662	-1.528412	226.288091	8.400107	0.002852	1.7
663	-1.518474	226.426409	8.395412	0.002230	1.3
664	-1.540371	226.515460	8.392391	0.003893	1.4
665	-1.539348	226.503239	8.392805	0.004220	1.2
666	-1.508586	227.362922	8.363755	0.004463	1.2
667	-1.518591	227.701707	8.352361	0.002223	1.3
668	-1.541793	227.877117	8.346475	0.004037	1.2
669	-1.517639	227.980940	8.342994	0.002798	1.3
670	-1.506299	228.124223	8.338196	0.002644	1.3
671	-1.511645	228.186045	8.336127	0.001867	1.3
672	-1.499190	228.171417	8.336616	0.004023	1.3
673	-1.531874	228.271383	8.333273	0.001859	1.2
674	-1.527889	228.260002	8.333654	0.003384	1.3
675	-1.543143	228.241100	8.334286	0.003297	1.7
676	-1.513473	228.678486	8.319686	0.002922	1.6
677	-1.505731	228.750962	8.317271	0.002656	1.4
678	-1.465065	228.765695	8.316781	0.005211	1.3
679	-1.514917	229.078370	8.306382	0.002690	1.2
680	-1.533887	229.084963	8.306163	0.003166	1.3
681	-1.514391	229.250007	8.300685	0.002624	1.3
682	-1.515866	229.227956	8.301417	0.002431	1.3
683	-1.509041	229.382882	8.296280	0.001431	1.3
684	-1.507013	229.392838	8.295950	0.001980	1.3
685	-1.524246	229.382762	8.296284	0.003134	1.2
686	-1.508625	229.468181	8.293455	0.004006	1.3
687	-1.562242	229.828513	8.281541	0.001770	1.3
688	-1.526269	229.835430	8.281312	0.002692	1.3
689	-1.450474	229.837744	8.281236	0.001540	1.5
690	-1.539255	229.824578	8.281671	0.003614	1.2
691	-1.453890	229.852097	8.280762	0.001820	1.3
692	-1.521084	229.852597	8.280746	0.001589	1.3
693	-1.516257	229.873771	8.280047	0.002960	1.2
694	-1.515385	229.861745	8.280444	0.002389	1.7
695	-1.533592	230.033771	8.274769	0.001988	1.3
696	-1.536165	230.018058	8.275287	0.001877	1.4
697	-1.535079	230.032198	8.274821	0.002326	1.2
698	-1.484190	230.082360	8.273168	0.003733	1.3
699	-1.509037	230.280471	8.266645	0.003236	1.4
700	-1.523035	230.929042	8.245364	0.003819	1.2
701	-1.509392	231.430727	8.228977	0.002665	1.3
702	-1.498823	231.717934	8.219625	0.003029	1.3
703	-1.494066	231.857320	8.215094	0.002895	1.4
704	-1.509388	232.051687	8.208784	0.002334	1.2
705	-1.493047	232.038066	8.209225	0.001863	1.7
706	-1.573876	232.092788	8.207451	0.001696	1.5
707	-1.498675	232.090237	8.207533	0.002181	1.6
708	-1.513989	232.081659	8.207811	0.004495	1.4
709	-1.550106	232.417386	8.196938	0.004102	1.8
710	-1.509655	232.452175	8.195813	0.002886	1.5
711	-1.509273	232.596360	8.191153	0.003991	1.3
712	-1.535923	232.573180	8.191902	0.002212	1.3
713	-1.551558	232.821896	8.183875	0.002885	1.6
714	-1.547821	232.805124	8.184415	0.003201	1.3
715	-1.531106	232.904872	8.181200	0.002700	1.3
716	-1.515578	232.900171	8.181351	0.001691	1.3
717	-1.465481	232.942394	8.179991	0.003131	1.2
718	-1.556666	232.926567	8.180501	0.001933	1.2
719	-1.509808	233.016343	8.177610	0.001759	1.2
720	-1.488699	233.012331	8.177739	0.001478	1.3
721	-1.524048	233.018092	8.177554	0.001443	1.2
722	-1.463284	233.015872	8.177625	0.001867	1.4
723	-1.523211	233.038560	8.176895	0.002283	1.4
724	-1.488300	233.074223	8.175747	0.002276	1.4
725	-1.565653	233.154886	8.173152	0.001958	1.3
726	-1.571031	233.150659	8.173288	0.002243	1.2
727	-1.530925	233.146254	8.173430	0.004609	1.2
728	-1.526533	233.399606	8.165290	0.003354	1.2
729	-1.494385	233.978148	8.146763	0.003055	2.1
730	-1.527052	234.359343	8.134602	0.002238	1.3
731	-1.521121	234.405592	8.133129	0.001982	1.6
732	-1.495540	234.427225	8.132440	0.001968	1.9
733	-1.561814	234.427185	8.132441	0.002070	1.3
734	-1.521149	234.476300	8.130878	0.002526	1.5
735	-1.514893	234.521190	8.129449	0.002612	1.6
736	-1.528046	234.571060	8.127863	0.002452	1.4
737	-1.560812	234.587392	8.127344	0.003423	1.3
738	-1.532079	234.695667	8.123902	0.003407	1.2
739	-1.500585	234.975097	8.115034	0.002499	1.2
740	-1.493067	235.126949	8.110222	0.002058	1.3
741	-1.471334	235.113961	8.110634	0.002123	2.8
742	-1.524182	235.137644	8.109884	0.003979	1.5
743	-1.491313	235.265793	8.105828	0.002880	1.4
744	-1.494800	235.505083	8.098267	0.002415	1.4
745	-1.520305	235.562765	8.096446	0.002940	1.4
746	-1.531708	235.607710	8.095028	0.002738	1.4
747	-1.519711	235.783830	8.089476	0.003291	1.4
748	-1.557549	235.843565	8.087594	0.003754	1.7
749	-1.494369	235.938436	8.084608	0.002655	1.4
750	-1.533284	236.024364	8.081905	0.003265	1.3
751	-1.518851	236.139581	8.078284	0.001674	1.2
752	-1.490510	236.119931	8.078901	0.003989	1.2
753	-1.542178	236.116864	8.078998	0.003361	1.2
754	-1.516911	236.435290	8.069005	0.003598	1.2
755	-1.484494	236.456913	8.068327	0.002922	1.2
756	-1.483287	236.500784	8.066952	0.001808	1.3
757	-1.433493	236.558094	8.065157	0.003198	1.3
758	-1.550161	236.540749	8.065700	0.001888	1.2
759	-1.477171	236.519734	8.066359	0.007294	1.3
760	-1.485064	237.204613	8.044963	0.002086	1.3
761	-1.533387	237.947217	8.021892	0.003224	1.2
762	-1.525461	237.930715	8.022403	0.001842	1.6
763	-1.526221	237.939204	8.022140	0.002378	1.2
764	-1.532878	237.944515	8.021975	0.001367	1.2
765	-1.481176	237.939188	8.022140	0.002247	1.4
766	-1.488188	237.950888	8.021778	0.003602	1.2
767	-1.518795	237.929530	8.022440	0.003808	1.2
768	-1.519566	238.225722	8.013273	0.002777	1.2
769	-1.497550	238.417747	8.007342	0.001928	1.4
770	-1.510855	238.460105	8.006034	0.002128	1.2
771	-1.501534	238.461363	8.005996	0.001748	1.2
772	-1.477894	238.485608	8.005248	0.001837	1.4
773	-1.517736	238.511264	8.004456	0.002661	1.4
774	-1.518924	238.542285	8.003499	0.002303	1.3
775	-1.512025	238.572266	8.002575	0.002294	1.2
776	-1.527251	238.571108	8.002611	0.003540	1.2
777	-1.518283	238.573238	8.002545	0.003430	1.3
778	-1.536731	238.680278	7.999246	0.003427	1.6
779	-1.523033	238.748483	7.997146	0.002528	1.2
780	-1.480812	238.855262	7.993860	0.001765	1.4
781	-1.520098	238.848536	7.994067	0.001939	1.4
782	-1.482702	238.867318	7.993489	0.001828	1.3
783	-1.489385	238.887999	7.992853	0.002768	1.2
784	-1.544744	238.922992	7.991777	0.002990	1.4
785	-1.480836	238.933904	7.991441	0.002735	1.2
786	-1.521449	239.076519	7.987059	0.001614	1.2
787	-1.525674	239.067454	7.987338	0.001888	1.4
788	-1.557895	239.083574	7.986843	0.003058	1.2
789	-1.503632	239.074816	7.987111	0.003088	1.3
790	-1.571359	239.111847	7.985974	0.003018	1.2
791	-1.473529	239.176405	7.983993	0.002153	1.3
792	-1.499875	239.157053	7.984587	0.001781	1.2
793	-1.534597	239.206057	7.983083	0.002371	1.2
794	-1.531737	239.231358	7.982307	0.001883	1.3
795	-1.499228	239.258776	7.981466	0.002169	1.3
796	-1.500574	239.255549	7.981565	0.002430	1.2
797	-1.534338	239.338674	7.979016	0.001483	1.2
798	-1.518843	239.338943	7.979008	0.001389	1.3
799	-1.509522	239.359599	7.978375	0.002227	1.2
800	-1.492854	239.373041	7.977963	0.002334	1.2
801	-1.568842	239.419584	7.976537	0.003269	1.3
802	-1.540177	239.435580	7.976047	0.000957	1.2
803	-1.509153	239.448964	7.975638	0.003623	1.3
804	-1.532462	239.447956	7.975668	0.003596	1.3
805	-1.529743	239.476881	7.974783	0.001615	1.2
806	-1.520627	239.530237	7.973150	0.001616	1.2
807	-1.527993	239.526850	7.973253	0.003007	1.3
808	-1.507378	239.546177	7.972662	0.002843	1.3
809	-1.498333	239.522987	7.973371	0.003897	1.2
810	-1.506568	240.042519	7.957503	0.002614	1.5
811	-1.518506	240.017873	7.958254	0.001637	1.3
812	-1.560123	240.011592	7.958446	0.002708	1.2
813	-1.561909	240.035104	7.957729	0.001713	1.2
814	-1.508024	240.034226	7.957755	0.002708	1.2
815	-1.523040	240.067781	7.956733	0.002443	1.2
816	-1.487400	240.178937	7.953346	0.004882	1.2
817	-1.493042	240.338988	7.948475	0.005810	1.2
818	-1.549381	241.335475	7.918283	0.002124	1.2
819	-1.519118	241.476500	7.914029	0.002562	1.4
820	-1.543785	241.551924	7.911755	0.002216	1.2
821	-1.501640	241.590073	7.910606	0.002403	1.2
822	-1.507603	241.663441	7.908396	0.001922	1.2
823	-1.540984	241.723492	7.906589	0.001837	1.4
824	-1.557256	241.722791	7.906610	0.001525	1.5
825	-1.514348	241.733127	7.906299	0.002153	1.3
826	-1.510330	241.737296	7.906173	0.003201	1.3
827	-1.522422	241.833495	7.903279	0.001854	1.4
828	-1.514296	241.901969	7.901221	0.001998	1.4
829	-1.507056	241.894500	7.901445	0.001508	1.2
830	-1.551335	241.925954	7.900500	0.001970	1.2
831	-1.555290	241.927902	7.900442	0.002793	1.4
832	-1.542140	242.002872	7.898190	0.001420	1.3
833	-1.428328	242.034535	7.897239	0.002973	1.4
834	-1.527245	242.055974	7.896595	0.003232	1.5
835	-1.509270	242.037226	7.897158	0.001783	1.3
836	-1.553039	242.115074	7.894822	0.002973	1.2
837	-1.529837	242.101106	7.895241	0.001382	1.3
838	-1.546318	242.102336	7.895204	0.002769	1.2
839	-1.502587	242.119227	7.894697	0.002216	1.2
840	-1.518432	242.115941	7.894795	0.003931	1.5
841	-1.527170	242.451504	7.884740	0.002913	1.4
842	-1.486101	242.534646	7.882252	0.003541	1.2
843	-1.546890	243.028560	7.867507	0.001693	1.2
844	-1.477170	243.034422	7.867332	0.001507	1.2
845	-1.541542	243.035047	7.867314	0.002369	1.2
846	-1.518914	243.054146	7.866745	0.001691	1.4
847	-1.492048	243.068577	7.866315	0.001201	1.5
848	-1.519308	243.077999	7.866034	0.001321	1.3
849	-1.504303	243.083492	7.865870	0.001437	1.2
850	-1.524567	243.090733	7.865655	0.002756	1.2
851	-1.518642	243.128659	7.864525	0.002248	1.5
852	-1.517417	243.146348	7.863999	0.003078	1.2
853	-1.514591	243.185677	7.862828	0.001285	1.3
854	-1.523148	243.221821	7.861752	0.002571	1.2
855	-1.503046	243.245105	7.861060	0.002116	1.2
856	-1.503764	243.343454	7.858135	0.003665	1.2
857	-1.516148	243.321226	7.858796	0.003028	1.2
858	-1.508084	243.754172	7.845945	0.005222	1.4
859	-1.547202	243.751044	7.846037	0.006024	1.2
860	-1.537596	244.748969	7.816574	0.003706	1.5
861	-1.537285	245.736529	7.787634	0.003776	1.2
862	-1.523599	246.272923	7.772005	0.003034	1.2
863	-1.530925	246.375396	7.769027	0.003045	1.6
864	-1.532268	246.353339	7.769667	0.003220	1.2
865	-1.511970	246.492179	7.765635	0.002719	1.2
866	-1.512653	246.528610	7.764577	0.001879	1.2
867	-1.495935	246.522372	7.764758	0.003639	1.2
868	-1.519138	246.556905	7.763756	0.003759	1.3
869	-1.538641	247.089942	7.748320	0.001952	1.3
870	-1.506883	247.170242	7.745999	0.001146	1.2
871	-1.489062	247.168344	7.746054	0.003092	1.2
872	-1.507371	247.159715	7.746304	0.002944	1.2
873	-1.480291	247.279839	7.742835	0.002524	1.4
874	-1.491183	247.292818	7.742460	0.002017	1.2
875	-1.476098	247.338196	7.741151	0.003690	2.8
876	-1.507338	247.526724	7.735716	0.002034	1.4
877	-1.541056	247.660075	7.731877	0.002132	1.4
878	-1.478891	247.704637	7.730594	0.002154	1.3
879	-1.506177	247.721132	7.730120	0.001733	1.4
880	-1.495978	247.758094	7.729057	0.001129	1.4
881	-1.548978	247.761836	7.728949	0.001282	1.2
882	-1.510244	247.767012	7.728800	0.002368	1.2
883	-1.502754	247.794447	7.728011	0.003295	1.4
884	-1.537635	248.033950	7.721132	0.002152	1.2
885	-1.541879	248.124068	7.718546	0.002639	1.3
886	-1.524842	248.197757	7.716433	0.003410	1.2
887	-1.510657	248.174273	7.717107	0.002584	1.3
888	-1.516860	248.447599	7.709278	0.002726	1.2
889	-1.485899	248.428467	7.709826	0.003087	1.2
890	-1.537075	248.589047	7.705233	0.002336	1.3
891	-1.526195	248.779474	7.699795	0.002284	1.2
892	-1.497340	248.804433	7.699082	0.001504	1.2
893	-1.551126	248.790765	7.699472	0.002598	1.2
894	-1.533907	248.840591	7.698051	0.002421	1.2
895	-1.503516	248.823544	7.698537	0.002324	1.3
896	-1.510535	248.855720	7.697619	0.002454	1.6
897	-1.532938	248.890600	7.696624	0.003221	1.3
898	-1.490686	248.902088	7.696297	0.001480	1.5
899	-1.502181	248.963015	7.694560	0.001755	1.7
900	-1.493463	248.955471	7.694775	0.002451	1.3
901	-1.559531	248.966565	7.694459	0.001344	1.2
902	-1.492787	248.979681	7.694085	0.001904	1.3
903	-1.560006	248.985839	7.693909	0.002553	1.3
904	-1.536742	249.019623	7.692947	0.002358	1.2
905	-1.502465	249.078496	7.691270	0.003184	1.2
906	-1.485007	249.136328	7.689623	0.003115	1.2
907	-1.510614	249.460714	7.680400	0.002350	1.3
908	-1.515815	249.484063	7.679737	0.001910	1.2
909	-1.519703	249.497948	7.679343	0.003608	1.2
910	-1.517353	249.546481	7.677965	0.003198	1.2
911	-1.527258	249.607332	7.676239	0.003839	1.3
912	-1.500212	250.065292	7.663270	0.002375	1.2
913	-1.495719	250.054233	7.663583	0.002466	1.2
914	-1.538279	250.079841	7.662859	0.001019	1.2
915	-1.520148	250.084565	7.662725	0.002099	1.4
916	-1.490260	250.084123	7.662738	0.001582	1.3
917	-1.551484	250.074158	7.663019	0.003392	1.2
918	-1.536014	250.080167	7.662850	0.003103	1.2
919	-1.510494	250.547456	7.649663	0.003493	1.2
920	-1.458324	250.785916	7.642951	0.001688	1.2
921	-1.477646	250.818218	7.642043	0.003025	1.3
922	-1.532773	250.822289	7.641929	0.001942	1.2
923	-1.492803	250.876385	7.640408	0.001133	1.2
924	-1.483112	250.893231	7.639935	0.002231	1.3
925	-1.506827	250.897310	7.639820	0.002206	1.2
926	-1.535200	250.952888	7.638259	0.001026	1.3
927	-1.498724	250.945643	7.638462	0.002576	1.3
928	-1.497313	250.958809	7.638093	0.002569	1.2
929	-1.498284	251.151276	7.632691	0.002952	1.2
930	-1.512756	251.403586	7.625621	0.004376	1.2
931	-1.509651	251.737757	7.616278	0.002847	1.2
932	-1.494639	251.728238	7.616544	0.002485	1.3
933	-1.557472	251.748264	7.615984	0.001476	1.2
934	-1.485936	251.755027	7.615796	0.002055	1.4
935	-1.505330	251.753131	7.615849	0.003356	1.5
936	-1.520815	251.875419	7.612436	0.002484	1.4
937	-1.488957	251.955315	7.610207	0.002044	1.2
938	-1.502032	251.961063	7.610047	0.001629	1.3
939	-1.535076	251.976114	7.609627	0.003804	1.4
940	-1.501291	251.964629	7.609948	0.002733	1.2
941	-1.516384	252.317600	7.600120	0.002051	1.7
942	-1.533704	252.305334	7.600461	0.001586	1.4
943	-1.495759	252.310712	7.600311	0.001857	1.3
944	-1.544633	252.340615	7.599480	0.002311	1.9
945	-1.506532	252.338388	7.599542	0.003468	1.5
946	-1.516296	252.377200	7.598463	0.004023	1.5
947	-1.493531	253.049287	7.579828	0.001348	1.2
948	-1.549324	253.037148	7.580164	0.002956	1.4
949	-1.498555	253.043090	7.580000	0.002357	1.2
950	-1.561860	253.128189	7.577647	0.002744	1.3
951	-1.582326	253.136761	7.577410	0.003491	1.7
952	-1.520001	253.181586	7.576171	0.003792	1.3
953	-1.515355	253.606614	7.564445	0.003406	1.3
954	-1.486789	254.065116	7.551836	0.003240	1.9
955	-1.557827	254.118439	7.550372	0.002859	1.6
956	-1.519092	254.143052	7.549697	0.002533	1.3
957	-1.496340	254.172147	7.548898	0.002302	3.1
958	-1.485648	254.153698	7.549404	0.003118	1.6
959	-1.516227	254.252049	7.546707	0.002077	1.2
960	-1.503762	254.240909	7.547012	0.003174	1.2
961	-1.535729	254.263895	7.546382	0.002092	1.2
962	-1.521283	254.242892	7.546958	0.002743	1.3
963	-1.485757	254.264841	7.546356	0.000798	2.0
964	-1.526557	254.258989	7.546517	0.002353	1.3
965	-1.508608	254.263717	7.546387	0.001491	1.2
966	-1.528846	254.287568	7.545733	0.003005	2.3
967	-1.509939	254.281492	7.545900	0.001711	1.5
968	-1.491872	254.332552	7.544500	0.002787	1.2
969	-1.504855	254.398889	7.542683	0.002320	1.2
970	-1.517693	254.424373	7.541985	0.001469	1.2
971	-1.481282	254.418342	7.542150	0.004315	1.2
972	-1.546906	254.451924	7.541231	0.004926	1.2
973	-1.482716	255.425717	7.514665	0.001768	1.4
974	-1.516648	255.448513	7.514045	0.001357	1.2
975	-1.464577	255.460385	7.513722	0.003314	1.2
976	-1.505396	255.452209	7.513944	0.001557	1.2
977	-1.519699	255.538919	7.511588	0.003078	1.2
978	-1.462481	255.523427	7.512009	0.002910	1.3
979	-1.513486	255.730535	7.506387	0.003192	1.4
980	-1.560591	255.775908	7.505157	0.002260	1.3
981	-1.516109	255.903450	7.501700	0.002338	1.4
982	-1.540798	255.967440	7.499967	0.002508	1.2
983	-1.530963	256.017233	7.498618	0.002456	1.2
984	-1.493583	256.064579	7.497337	0.002349	1.2
985	-1.485445	256.051374	7.497694	0.003919	1.2
986	-1.507720	256.264359	7.491935	0.002349	1.3
987	-1.532470	256.393723	7.488441	0.001328	1.4
988	-1.497983	256.392807	7.488466	0.002068	1.4
989	-1.529649	256.411395	7.487964	0.001871	1.2
990	-1.519923	256.407648	7.488065	0.002680	1.2
991	-1.495129	256.433969	7.487355	0.002634	1.2
992	-1.517747	256.559127	7.483979	0.002580	1.3
993	-1.479281	256.539207	7.484516	0.001982	1.3
994	-1.515212	256.592326	7.483083	0.001951	1.2
995	-1.493721	256.633565	7.481972	0.001293	1.2
996	-1.523669	256.630406	7.482057	0.001757	1.2
997	-1.565394	256.639751	7.481805	0.003198	1.2
998	-1.474266	256.720302	7.479635	0.002457	1.4
999	-1.548217	256.721907	7.479592	0.002295	1.4
1000	-1.502898	256.757589	7.478631	0.003804	1.2
1001	-1.492081	256.858921	7.475904	0.002147	1.4
1002	-1.512676	256.907203	7.474605	0.001925	1.2
1003	-1.484319	256.894284	7.474952	0.001619	1.3
1004	-1.473101	256.905022	7.474664	0.002054	1.2
1005	-1.492272	256.922172	7.474202	0.003543	1.3
1006	-1.519162	256.917263	7.474334	0.002262	1.2
1007	-1.496409	257.164905	7.467680	0.002096	1.2
1008	-1.527443	257.147356	7.468151	0.002435	1.4
1009	-1.556118	257.141961	7.468296	0.002922	2.2
1010	-1.523370	257.247063	7.465475	0.002677	1.3
1011	-1.517533	257.309022	7.463813	0.002092	1.2
1012	-1.500881	257.321222	7.463486	0.001863	1.2
1013	-1.513030	257.329434	7.463266	0.001876	1.2
1014	-1.514836	257.330330	7.463242	0.002085	1.3
1015	-1.512586	257.367675	7.462241	0.003021	1.2
1016	-1.537131	257.398422	7.461416	0.002740	1.2
1017	-1.513589	257.482759	7.459157	0.001278	1.2
1018	-1.506585	257.492058	7.458908	0.001153	1.2
1019	-1.554282	257.497515	7.458761	0.002534	1.2
1020	-1.511610	257.504390	7.458577	0.003274	1.2
1021	-1.534379	257.776388	7.451300	0.003018	1.2
1022	-1.480032	257.775623	7.451321	0.002480	1.2
1023	-1.549465	257.892909	7.448187	0.001851	1.3
1024	-1.533431	257.900219	7.447992	0.001951	1.3
1025	-1.533633	257.897846	7.448055	0.003499	1.3
1026	-1.502258	257.914453	7.447612	0.003231	1.4
1027	-1.550666	258.410136	7.434399	0.002489	1.2
1028	-1.507490	258.442201	7.433546	0.001992	1.2
1029	-1.477514	258.511668	7.431699	0.002396	1.3
1030	-1.500223	258.512822	7.431668	0.003498	1.3
1031	-1.521819	258.724692	7.426039	0.002467	1.9
1032	-1.471852	258.867086	7.422261	0.001823	1.3
1033	-1.572541	258.870675	7.422166	0.002417	1.4
1034	-1.508258	258.922093	7.420802	0.001850	1.3
1035	-1.466166	258.955185	7.419925	0.001687	1.3
1036	-1.492302	258.974359	7.419417	0.001968	1.3
1037	-1.470768	258.960938	7.419773	0.001989	1.2
1038	-1.520790	258.947238	7.420136	0.003308	1.3
1039	-1.506172	258.986516	7.419095	0.003566	1.3
1040	-1.462000	259.266075	7.411695	0.003564	1.5
1041	-1.494061	259.676172	7.400865	0.002777	1.6
1042	-1.519558	260.105880	7.389552	0.001916	1.7
1043	-1.511469	260.133641	7.388822	0.001241	1.4
1044	-1.528625	260.139197	7.388676	0.002491	1.5
1045	-1.492268	260.150287	7.388385	0.002887	1.2
1046	-1.534505	260.301969	7.384401	0.002155	1.2
1047	-1.505573	260.292968	7.384637	0.002704	1.2
1048	-1.515614	260.314309	7.384077	0.002478	1.2
1049	-1.494526	260.368198	7.382663	0.002365	1.3
1050	-1.500046	260.368118	7.382665	0.002586	1.2
1051	-1.521168	260.485826	7.379578	0.002007	1.3
1052	-1.505097	260.561630	7.377591	0.003167	1.3
1053	-1.510454	260.557073	7.377710	0.002718	1.4
1054	-1.554162	260.685729	7.374341	0.001317	1.3
1055	-1.515451	260.679987	7.374491	0.001627	1.3
1056	-1.530103	260.698043	7.374018	0.002603	1.2
1057	-1.550148	260.763314	7.372310	0.002399	1.2
1058	-1.536040	260.770393	7.372125	0.001694	1.3
1059	-1.550634	260.781856	7.371825	0.001287	1.2
1060	-1.556892	260.772375	7.372073	0.002268	1.3
1061	-1.548125	260.764273	7.372285	0.002171	1.3
1062	-1.503944	260.790342	7.371603	0.001729	1.4
1063	-1.511145	260.777530	7.371938	0.001911	1.4
1064	-1.545216	260.776290	7.371971	0.004286	1.3
1065	-1.521868	260.841880	7.370255	0.002841	1.3
1066	-1.483754	261.321364	7.357738	0.002222	1.2
1067	-1.499726	261.301393	7.358258	0.001848	1.2
1068	-1.515577	261.314777	7.357909	0.002774	1.2
1069	-1.529418	261.372618	7.356402	0.002490	1.2
1070	-1.490852	261.442095	7.354593	0.001914	1.2
1071	-1.503323	261.428778	7.354939	0.002396	1.3
1072	-1.523711	261.432034	7.354855	0.001988	1.2
1073	-1.507593	261.420090	7.355166	0.002026	1.3
1074	-1.541300	261.439322	7.354665	0.002070	1.3
1075	-1.525408	261.484215	7.353496	0.002085	1.4
1076	-1.492888	261.505415	7.352944	0.002468	1.2
1077	-1.520846	261.504276	7.352974	0.001415	1.2
1078	-1.492872	261.493719	7.353249	0.003868	1.2
1079	-1.527314	261.516620	7.352653	0.002473	1.2
1080	-1.482452	261.755074	7.346452	0.001794	1.2
1081	-1.471704	261.768593	7.346101	0.002454	1.2
1082	-1.510172	261.775217	7.345929	0.002302	1.2
1083	-1.533356	261.814175	7.344917	0.001963	1.2
1084	-1.549224	261.849590	7.343997	0.003017	1.8
1085	-1.545414	261.931563	7.341869	0.002066	1.4
1086	-1.556564	262.038001	7.339108	0.002308	1.2
1087	-1.528649	262.031144	7.339286	0.002692	1.6
1088	-1.523793	262.021377	7.339539	0.003127	1.3
1089	-1.526257	262.219100	7.334415	0.002560	1.2
1090	-1.542649	262.299290	7.332339	0.002006	1.2
1091	-1.531625	262.282840	7.332765	0.002809	1.3
1092	-1.504744	262.300992	7.332295	0.003198	1.2
1093	-1.505159	262.539379	7.326131	0.002094	1.2
1094	-1.534495	262.664293	7.322905	0.003384	1.5
1095	-1.541625	262.721272	7.321434	0.001181	1.2
1096	-1.512804	262.729436	7.321223	0.003279	1.2
1097	-1.529103	262.729297	7.321227	0.002889	1.3
1098	-1.518795	262.791616	7.319619	0.004729	1.4
1099	-1.545864	263.255158	7.307683	0.002082	1.2
1100	-1.511123	263.332668	7.305691	0.002092	1.3
1101	-1.546188	263.321669	7.305973	0.001204	1.2
1102	-1.529855	263.316170	7.306115	0.002519	1.2
1103	-1.493310	263.307925	7.306327	0.002593	1.3
1104	-1.489783	263.380625	7.304459	0.001325	1.3
1105	-1.532156	263.367444	7.304797	0.002724	1.2
1106	-1.531036	263.366243	7.304828	0.003341	1.3
1107	-1.552711	263.485112	7.301776	0.002314	1.2
1108	-1.539669	263.470611	7.302148	0.004245	1.3
1109	-1.539388	263.726287	7.295591	0.002253	1.2
1110	-1.514684	263.991905	7.288791	0.002132	1.2
1111	-1.489891	263.996678	7.288669	0.004417	1.2
1112	-1.499934	264.072044	7.286742	0.004667	1.3
1113	-1.482202	265.022269	7.262534	0.002423	1.2
1114	-1.527537	265.453285	7.251607	0.001480	1.4
1115	-1.486591	265.465223	7.251304	0.002327	1.4
1116	-1.523859	265.489388	7.250693	0.001873	1.3
1117	-1.533973	265.502428	7.250363	0.002188	1.2
1118	-1.510592	265.533346	7.249580	0.002165	1.4
1119	-1.535127	265.530304	7.249657	0.002591	1.2
1120	-1.533343	265.653600	7.246539	0.003196	1.4
1121	-1.504258	265.645400	7.246746	0.002551	1.3
1122	-1.511398	265.642783	7.246813	0.002653	1.2
1123	-1.478326	265.667215	7.246195	0.002763	1.3
1124	-1.538784	265.845876	7.241682	0.002472	1.2
1125	-1.501299	265.991657	7.238003	0.001055	1.3
1126	-1.511273	265.993839	7.237948	0.003165	1.7
1127	-1.497711	265.980303	7.238290	0.002429	1.3
1128	-1.539586	266.177196	7.233327	0.001411	1.3
1129	-1.496172	266.206079	7.232600	0.001553	1.2
1130	-1.473104	266.200282	7.232745	0.000870	1.4
1131	-1.504401	266.200439	7.232742	0.002663	1.3
1132	-1.497316	266.192452	7.232943	0.002748	1.2
1133	-1.525906	266.296503	7.230323	0.003496	1.3
1134	-1.537994	266.367681	7.228532	0.003101	1.4
1135	-1.525544	266.891177	7.215388	0.002506	1.3
1136	-1.504697	267.172124	7.208354	0.003901	1.3
1137	-1.503246	267.360333	7.203649	0.002028	1.3
1138	-1.534905	267.477494	7.200723	0.002642	1.2
1139	-1.546813	267.524393	7.199553	0.002161	1.3
1140	-1.525336	267.566885	7.198492	0.001414	1.3
1141	-1.519733	267.552100	7.198861	0.002564	1.3
1142	-1.541833	267.573088	7.198338	0.002685	1.2
1143	-1.524630	267.638537	7.196705	0.001559	1.3
1144	-1.467661	267.631225	7.196888	0.003463	1.2
1145	-1.496901	267.695840	7.195277	0.001407	1.3
1146	-1.547731	267.685106	7.195545	0.002069	1.3
1147	-1.490920	267.689614	7.195432	0.002594	1.3
1148	-1.537416	267.672327	7.195863	0.002784	2.3
1149	-1.517311	267.833388	7.191850	0.002312	1.4
1150	-1.497749	267.837667	7.191744	0.002179	2.0
1151	-1.520885	267.852556	7.191373	0.001981	1.3
1152	-1.490275	267.894767	7.190323	0.003148	1.4
1153	-1.522726	267.923807	7.189600	0.002373	1.2
1154	-1.513116	268.070264	7.185957	0.001516	1.3
1155	-1.551089	268.059342	7.186229	0.002628	1.4
1156	-1.523883	268.067425	7.186028	0.002260	1.2
1157	-1.573105	268.048971	7.186487	0.003049	1.7
1158	-1.488733	268.144554	7.184111	0.002057	1.3
1159	-1.529794	268.194696	7.182865	0.002594	1.3
1160	-1.554896	268.207997	7.182535	0.001944	1.2
1161	-1.476612	268.220889	7.182215	0.003057	1.3
1162	-1.503142	268.296696	7.180333	0.001556	1.3
1163	-1.518767	268.345513	7.179121	0.001946	1.2
1164	-1.523534	268.349975	7.179011	0.001267	1.3
1165	-1.529533	268.367836	7.178568	0.002990	1.2
1166	-1.544204	268.381543	7.178227	0.002253	1.3
1167	-1.526390	268.404943	7.177647	0.004691	1.3
1168	-1.501845	268.402072	7.177718	0.001712	1.3
1169	-1.504574	268.420672	7.177257	0.004990	1.2
1170	-1.486538	268.409349	7.177538	0.002728	1.8
1171	-1.501846	269.082646	7.160878	0.000960	1.4
1172	-1.526085	269.071626	7.161150	0.001321	1.3
1173	-1.511312	269.074075	7.161090	0.002315	1.2
1174	-1.523207	269.077581	7.161003	0.002274	1.3
1175	-1.479491	269.086999	7.160771	0.003939	1.3
1176	-1.548995	269.259001	7.156528	0.002321	1.5
1177	-1.524885	269.398550	7.153089	0.001182	1.2
1178	-1.494911	269.398708	7.153085	0.001989	1.3
1179	-1.523101	269.399587	7.153063	0.002607	1.2
1180	-1.518769	269.466424	7.151417	0.002845	1.4
1181	-1.517573	269.552504	7.149298	0.001531	1.3
1182	-1.517530	269.549307	7.149377	0.003755	1.3
1183	-1.493667	269.545746	7.149465	0.001638	1.5
1184	-1.547255	269.528888	7.149880	0.003636	1.5
1185	-1.471816	269.661934	7.146607	0.000856	1.5
1186	-1.569350	269.653630	7.146811	0.002173	1.2
1187	-1.503682	269.645425	7.147013	0.002690	1.5
1188	-1.534317	269.740122	7.144685	0.002078	1.3
1189	-1.539131	269.724531	7.145068	0.002109	1.2
1190	-1.571058	269.767034	7.144024	0.001339	1.3
1191	-1.495199	269.786344	7.143549	0.004039	3.7
1192	-1.529455	269.816938	7.142798	0.001028	1.6
1193	-1.524722	269.806716	7.143049	0.003930	1.3
1194	-1.497451	269.833827	7.142383	0.003070	1.3
1195	-1.493329	270.123827	7.135268	0.001386	1.8
1196	-1.508540	270.162411	7.134323	0.002206	1.3
1197	-1.499062	270.159484	7.134394	0.003693	1.3
1198	-1.516926	270.174060	7.134037	0.004885	1.3
1199	-1.521078	271.023005	7.113298	0.003051	1.3
1200	-1.529955	271.621298	7.098754	0.002575	1.8
1201	-1.524397	271.802697	7.094356	0.002408	1.3
1202	-1.505072	271.813525	7.094094	0.002112	1.3
1203	-1.536095	271.851714	7.093168	0.003191	1.3
1204	-1.533983	271.847722	7.093265	0.004287	1.3
1205	-1.492556	272.518718	7.077050	0.002519	1.3
1206	-1.548652	272.957049	7.066497	0.001916	1.4
1207	-1.520911	272.942835	7.066838	0.002630	1.3
1208	-1.492904	272.990155	7.065701	0.002605	1.3
1209	-1.512529	272.970045	7.066184	0.001431	1.3
1210	-1.539711	272.959767	7.066431	0.003795	1.3
1211	-1.455471	273.018907	7.065010	0.000780	1.3
1212	-1.525137	273.037115	7.064573	0.001413	1.4
1213	-1.527854	273.034477	7.064636	0.002220	1.2
1214	-1.507612	273.035583	7.064609	0.001508	1.6
1215	-1.514052	273.038853	7.064531	0.003450	1.3
1216	-1.533008	273.074326	7.063679	0.001553	1.5
1217	-1.551923	273.100876	7.063041	0.001714	1.4
1218	-1.493985	273.118310	7.062622	0.001613	1.2
1219	-1.572968	273.117413	7.062644	0.002521	1.3
1220	-1.535822	273.145900	7.061960	0.002872	1.4
1221	-1.529647	273.229277	7.059959	0.002582	1.3
1222	-1.539686	273.206573	7.060504	0.002802	1.3
1223	-1.520837	273.306026	7.058118	0.001291	1.4
1224	-1.519038	273.303919	7.058168	0.002133	1.2
1225	-1.534658	273.294947	7.058383	0.002643	1.3
1226	-1.498050	273.386725	7.056183	0.002635	1.3
1227	-1.522674	273.393555	7.056019	0.003055	1.2
1228	-1.517069	273.436756	7.054984	0.003744	1.7
1229	-1.523838	273.412363	7.055568	0.002952	1.2
1230	-1.532843	273.666069	7.049494	0.001205	1.4
1231	-1.522634	273.685713	7.049024	0.002850	1.4
1232	-1.500289	273.675938	7.049257	0.002102	1.2
1233	-1.495941	273.736198	7.047816	0.001430	1.2
1234	-1.484713	273.744498	7.047618	0.001097	1.2
1235	-1.481135	273.748396	7.047525	0.002460	1.5
1236	-1.528722	273.762061	7.047198	0.002656	1.2
1237	-1.514564	273.786579	7.046612	0.002792	1.2
1238	-1.532048	273.930796	7.043166	0.002995	1.3
1239	-1.495539	273.909922	7.043664	0.003819	1.5
1240	-1.507704	274.445246	7.030902	0.002322	1.5
1241	-1.538370	274.455978	7.030647	0.002331	1.2
1242	-1.508020	274.445994	7.030884	0.001457	1.2
1243	-1.525511	274.456718	7.030629	0.001659	1.4
1244	-1.520175	274.464889	7.030434	0.004812	1.2
1245	-1.522066	274.509474	7.029374	0.003511	1.2
1246	-1.550147	275.409595	7.008027	0.001969	1.2
1247	-1.489578	275.396952	7.008326	0.002128	1.2
1248	-1.546444	275.448878	7.007099	0.002414	1.4
1249	-1.532331	275.444551	7.007201	0.003796	1.6
1250	-1.548175	275.515112	7.005533	0.001770	1.2
1251	-1.498424	275.496030	7.005984	0.002904	1.3
1252	-1.540873	275.525508	7.005288	0.001758	1.4
1253	-1.479130	275.524790	7.005305	0.002018	1.3
1254	-1.522538	275.511831	7.005611	0.003338	1.3
1255	-1.483015	275.625619	7.002924	0.002620	1.2
1256	-1.525822	275.605942	7.003388	0.002902	1.2
1257	-1.515705	275.699944	7.001169	0.002036	1.2
1258	-1.536262	275.689880	7.001407	0.002294	1.3
1259	-1.521238	275.680122	7.001637	0.001463	1.2
1260	-1.550855	275.709487	7.000944	0.001966	1.2
1261	-1.533090	275.698062	7.001214	0.002325	1.2
1262	-1.524987	275.721759	7.000655	0.001365	1.2
1263	-1.548575	275.705441	7.001040	0.001602	1.3
1264	-1.540172	275.710107	7.000930	0.002873	1.3
1265	-1.499281	275.722852	7.000629	0.001888	1.3
1266	-1.504680	275.712655	7.000869	0.002651	1.3
1267	-1.532660	275.709547	7.000943	0.001979	1.3
1268	-1.525769	275.706000	7.001026	0.002269	1.4
1269	-1.496077	275.710517	7.000920	0.002698	1.4
1270	-1.516556	275.693856	7.001313	0.003560	1.5
1271	-1.551537	275.887481	6.996747	0.001939	1.4
1272	-1.556808	275.924177	6.995882	0.002918	1.3
1273	-1.510363	275.906073	6.996309	0.003242	1.2
1274	-1.507495	276.204404	6.989286	0.002848	1.2
1275	-1.512172	276.438626	6.983782	0.002350	1.2
1276	-1.490191	276.580416	6.980454	0.001636	1.3
1277	-1.509282	276.602521	6.979936	0.002597	1.2
1278	-1.483585	276.609366	6.979775	0.001990	1.2
1279	-1.484251	276.634767	6.979180	0.002645	1.2
1280	-1.501404	276.710157	6.977412	0.003017	1.6
1281	-1.532271	276.729290	6.976964	0.002410	1.2
1282	-1.480059	276.762726	6.976181	0.002012	1.2
1283	-1.520693	276.765628	6.976113	0.003182	1.2
1284	-1.541435	276.840823	6.974351	0.002023	1.2
1285	-1.543248	276.868346	6.973707	0.001713	1.2
1286	-1.491141	276.894594	6.973092	0.002613	1.2
1287	-1.487132	276.931454	6.972230	0.001482	1.2
1288	-1.534972	276.987940	6.970908	0.002682	1.4
1289	-1.523435	276.970252	6.971322	0.002878	1.7
1290	-1.541009	276.967431	6.971388	0.003935	1.4
1291	-1.488796	277.214409	6.965614	0.002312	1.4
1292	-1.503203	277.246574	6.964863	0.001195	1.3
1293	-1.514958	277.272124	6.964266	0.002169	1.2
1294	-1.470098	277.269025	6.964339	0.002346	1.2
1295	-1.565988	277.266961	6.964387	0.001763	1.2
1296	-1.488924	277.301986	6.963569	0.003094	1.3
1297	-1.514549	277.296525	6.963697	0.003094	1.3
1298	-1.519631	277.725385	6.953699	0.002214	1.6
1299	-1.499146	277.882902	6.950035	0.002431	1.2
1300	-1.504496	277.919028	6.949195	0.002279	1.5
1301	-1.496974	277.950531	6.948462	0.001578	5.3
1302	-1.501322	277.993745	6.947458	0.001561	1.7
1303	-1.548919	277.985533	6.947649	0.003054	1.4
1304	-1.497541	277.989851	6.947549	0.001728	1.4
1305	-1.476527	278.054158	6.946055	0.002061	1.3
1306	-1.539381	278.041606	6.946346	0.001339	1.2
1307	-1.517333	278.041204	6.946356	0.002658	1.4
1308	-1.544771	278.071202	6.945659	0.003672	1.3
1309	-1.543760	278.279067	6.940835	0.003007	1.3
1310	-1.523888	278.334748	6.939544	0.002117	1.3
1311	-1.486044	278.398721	6.938061	0.003073	1.5
1312	-1.497736	278.393280	6.938187	0.002921	1.3
1313	-1.541768	278.381241	6.938466	0.003145	1.3
1314	-1.507319	278.401286	6.938001	0.001663	1.3
1315	-1.539412	278.385823	6.938360	0.001943	1.3
1316	-1.513157	278.380546	6.938482	0.003478	1.3
1317	-1.520661	278.468698	6.936440	0.001844	1.2
1318	-1.529468	278.495685	6.935815	0.003277	1.2
1319	-1.521050	278.501950	6.935670	0.002668	1.3
1320	-1.534860	278.543220	6.934714	0.001899	1.3
1321	-1.528160	278.563071	6.934254	0.001995	1.2
1322	-1.515681	278.574117	6.933999	0.001879	1.3
1323	-1.505448	278.605097	6.933282	0.002218	1.3
1324	-1.504028	278.609127	6.933188	0.002359	1.6
1325	-1.520435	278.609513	6.933180	0.002391	1.4
1326	-1.474366	278.686339	6.931402	0.002050	1.3
1327	-1.544455	278.673895	6.931690	0.002650	1.3
1328	-1.551811	278.748734	6.929959	0.002483	1.3
1329	-1.551472	278.850249	6.927613	0.002689	1.2
1330	-1.535878	278.853520	6.927538	0.002042	1.3
1331	-1.512678	278.900689	6.926448	0.001931	1.4
1332	-1.496552	278.882872	6.926860	0.001086	1.3
1333	-1.544016	278.876872	6.926998	0.001854	1.3
1334	-1.525154	278.877434	6.926985	0.002195	1.3
1335	-1.524832	278.898267	6.926504	0.002569	1.4
1336	-1.512084	278.975984	6.924709	0.002961	1.5
1337	-1.525597	278.958098	6.925122	0.002975	1.5
1338	-1.547694	279.066718	6.922616	0.002134	1.8
1339	-1.526056	279.053509	6.922920	0.001904	3.8
1340	-1.503884	279.045337	6.923109	0.003118	1.8
1341	-1.482337	279.148933	6.920719	0.001829	1.3
1342	-1.494524	279.239511	6.918632	0.002700	1.4
1343	-1.519097	279.228057	6.918895	0.002160	1.4
1344	-1.516943	279.224535	6.918977	0.004706	1.5
1345	-1.525191	279.514238	6.912307	0.002763	1.3
1346	-1.492340	279.514671	6.912297	0.002875	1.4
1347	-1.557553	279.686636	6.908343	0.002043	1.5
1348	-1.543671	279.700128	6.908033	0.002525	1.8
1349	-1.531986	279.686063	6.908357	0.003788	1.3
1350	-1.485693	279.826465	6.905132	0.002436	1.3
1351	-1.478628	279.990637	6.901366	0.002758	1.4
1352	-1.516145	279.981860	6.901567	0.002102	1.3
1353	-1.553382	280.060714	6.899760	0.001347	1.3
1354	-1.504633	280.049073	6.900026	0.002089	1.4
1355	-1.506093	280.045066	6.900118	0.002596	1.4
1356	-1.492608	280.074552	6.899442	0.003047	1.4
1357	-1.539983	280.100794	6.898841	0.003119	1.3
1358	-1.531715	280.116667	6.898477	0.002687	1.4
1359	-1.521777	280.097087	6.898926	0.002585	1.4
1360	-1.504628	280.122934	6.898334	0.002423	1.2
1361	-1.551278	280.100554	6.898847	0.003651	1.4
1362	-1.497321	280.338932	6.893389	0.002732	1.5
1363	-1.543291	280.329397	6.893607	0.003396	1.2
1364	-1.520328	280.513932	6.889388	0.002746	1.5
1365	-1.496255	280.799789	6.882863	0.002319	1.4
1366	-1.482364	280.895759	6.880675	0.001792	1.5
1367	-1.513427	280.916407	6.880204	0.002173	1.7
1368	-1.516350	280.910344	6.880342	0.002623	1.3
1369	-1.499441	280.987971	6.878574	0.003374	1.7
1370	-1.544153	281.023691	6.877760	0.005440	1.7
1371	-1.558722	281.428377	6.868557	0.003646	1.7
1372	-1.460575	282.388794	6.846814	0.002082	1.4
1373	-1.507368	282.507369	6.844139	0.001696	1.2
1374	-1.504225	282.505933	6.844171	0.002287	1.3
1375	-1.537421	282.548949	6.843201	0.002555	1.5
1376	-1.509177	282.545600	6.843277	0.002582	1.4
1377	-1.516100	282.652365	6.840871	0.001955	1.4
1378	-1.518395	282.644572	6.841046	0.002556	1.3
1379	-1.480721	282.694859	6.839913	0.002858	1.8
1380	-1.508817	282.716012	6.839437	0.002528	1.4
1381	-1.497463	282.719070	6.839368	0.001108	1.4
1382	-1.534369	282.725163	6.839231	0.002170	1.4
1383	-1.476728	282.725121	6.839232	0.001892	1.4
1384	-1.512380	282.752999	6.838604	0.001030	1.7
1385	-1.514013	282.747180	6.838735	0.001290	1.3
1386	-1.523165	282.746826	6.838743	0.002783	1.3
1387	-1.563767	282.741603	6.838861	0.002809	1.4
1388	-1.539590	282.724941	6.839236	0.003445	1.3
1389	-1.515296	282.819085	6.837117	0.004091	1.3
1390	-1.517729	283.439531	6.823183	0.001925	1.5
1391	-1.522915	283.508816	6.821630	0.001351	1.5
1392	-1.525694	283.502991	6.821761	0.003331	1.5
1393	-1.545440	283.495637	6.821925	0.002637	1.3
1394	-1.477579	283.761615	6.815972	0.001388	1.3
1395	-1.528991	283.780757	6.815544	0.002985	1.3
1396	-1.523359	283.790022	6.815336	0.002702	1.3
1397	-1.541553	283.992965	6.810802	0.003884	1.3
1398	-1.526854	284.025614	6.810072	0.002897	1.5
1399	-1.507188	284.079229	6.808876	0.002769	1.4
1400	-1.507929	284.215759	6.805830	0.003632	1.3
1401	-1.523045	284.214074	6.805867	0.002713	1.4
1402	-1.554761	284.374473	6.802293	0.002753	1.3
1403	-1.563500	284.406884	6.801571	0.003471	1.4
1404	-1.515950	284.433974	6.800968	0.001921	1.4
1405	-1.513267	284.423026	6.801211	0.003461	1.5
1406	-1.509419	284.416158	6.801364	0.002019	1.5
1407	-1.446974	284.526908	6.798899	0.001674	1.4
1408	-1.533558	284.510713	6.799259	0.002439	1.4
1409	-1.551760	284.571732	6.797902	0.002460	1.3
1410	-1.527918	284.597263	6.797334	0.002104	1.6
1411	-1.531171	284.633173	6.796535	0.001463	1.4
1412	-1.541406	284.632192	6.796557	0.001885	1.5
1413	-1.495843	284.637927	6.796429	0.001510	1.4
1414	-1.490935	284.670318	6.795709	0.003239	1.3
1415	-1.511707	284.704037	6.794959	0.002734	1.3
1416	-1.526560	284.850708	6.791701	0.001509	1.4
1417	-1.531897	284.842108	6.791892	0.002492	1.3
1418	-1.529151	284.832577	6.792104	0.001849	1.3
1419	-1.519601	284.815438	6.792484	0.001844	1.4
1420	-1.483082	284.821213	6.792356	0.001060	1.3
1421	-1.551285	284.816497	6.792461	0.003422	1.4
1422	-1.472143	284.805592	6.792703	0.002855	1.3
1423	-1.504775	285.124710	6.785622	0.002660	1.3
1424	-1.502769	285.303930	6.781652	0.002998	1.3
1425	-1.544408	285.431511	6.778828	0.002164	1.3
1426	-1.547001	285.437190	6.778702	0.002433	1.3
1427	-1.530536	285.461239	6.778171	0.001653	1.3
1428	-1.522649	285.478415	6.777791	0.001960	1.3
1429	-1.516357	285.465433	6.778078	0.001745	1.3
1430	-1.519049	285.462778	6.778137	0.003312	1.3
1431	-1.481102	285.479459	6.777768	0.001717	1.3
1432	-1.515782	285.519104	6.776891	0.002235	1.4
1433	-1.525141	285.517808	6.776920	0.002157	1.4
1434	-1.539639	285.579977	6.775545	0.002490	1.4
1435	-1.538585	285.582291	6.775494	0.002878	1.4
1436	-1.490797	285.717132	6.772516	0.002089	1.3
1437	-1.532260	285.772035	6.771303	0.001893	1.9
1438	-1.500330	285.795846	6.770778	0.003076	1.3
1439	-1.545187	285.775040	6.771237	0.003514	1.3
1440	-1.523338	286.077233	6.764574	0.002933	1.4
1441	-1.560071	286.077256	6.764573	0.002948	3.4
1442	-1.553937	286.057901	6.764999	0.002858	1.6
1443	-1.531503	286.147089	6.763035	0.003083	1.5
1444	-1.495697	286.143661	6.763111	0.002561	1.3
1445	-1.505396	286.198388	6.761906	0.001631	1.3
1446	-1.528371	286.233466	6.761134	0.004785	1.3
1447	-1.505579	286.214600	6.761549	0.002903	1.3
1448	-1.494767	286.920059	6.746058	0.001180	1.3
1449	-1.507250	286.929272	6.745856	0.002836	1.3
1450	-1.509317	286.921668	6.746023	0.001575	1.3
1451	-1.522261	286.987835	6.744573	0.001997	1.3
1452	-1.514166	286.986236	6.744608	0.001930	1.3
1453	-1.490650	287.034248	6.743557	0.001921	1.3
1454	-1.545732	287.022306	6.743819	0.002794	1.4
1455	-1.538020	287.090987	6.742315	0.001971	1.2
1456	-1.495925	287.084644	6.742454	0.003455	1.3
1457	-1.551953	287.077224	6.742616	0.003696	1.4
1458	-1.538801	287.682769	6.729389	0.003437	1.3
1459	-1.523271	288.310962	6.715722	0.001871	1.3
1460	-1.524239	288.289916	6.716179	0.002141	1.3
1461	-1.526659	288.310476	6.715733	0.002464	1.4
1462	-1.517603	288.300702	6.715945	0.002827	1.9
1463	-1.508443	288.517514	6.711241	0.001533	1.9
1464	-1.545718	288.540013	6.710753	0.001861	1.5
1465	-1.490027	288.544595	6.710654	0.001960	1.3
1466	-1.581321	288.554146	6.710447	0.002248	1.2
1467	-1.507104	288.583701	6.709806	0.001686	1.3
1468	-1.529199	288.617242	6.709079	0.002360	1.3
1469	-1.568233	288.607587	6.709288	0.002768	1.5
1470	-1.522170	288.715859	6.706943	0.002961	1.3
1471	-1.513815	288.699003	6.707308	0.001344	1.4
1472	-1.528715	288.694703	6.707401	0.004589	1.3
1473	-1.492436	288.791810	6.705298	0.004191	1.9
1474	-1.513483	289.710788	6.685466	0.003642	1.8
1475	-1.537508	290.333044	6.672104	0.001680	1.2
1476	-1.535465	290.374629	6.671213	0.002121	1.4
1477	-1.545623	290.382431	6.671046	0.003495	1.4
1478	-1.521853	290.481747	6.668919	0.001228	1.3
1479	-1.523885	290.525074	6.667991	0.003036	1.3
1480	-1.521979	290.517691	6.668150	0.004404	1.5
1481	-1.493153	290.931659	6.659300	0.002565	1.3
1482	-1.500213	291.378537	6.649774	0.003878	1.3
1483	-1.495050	291.573929	6.645617	0.003545	1.3
1484	-1.532102	292.107881	6.634284	0.002219	1.4
1485	-1.506568	292.126135	6.633897	0.001824	1.3
1486	-1.503079	292.124565	6.633930	0.001998	1.4
1487	-1.514280	292.122384	6.633977	0.002158	1.3
1488	-1.550390	292.117437	6.634081	0.002394	1.4
1489	-1.518294	292.112181	6.634193	0.002992	1.4
1490	-1.528255	292.201698	6.632297	0.003175	1.3
1491	-1.531908	292.313277	6.629935	0.004618	1.4
1492	-1.498908	292.896664	6.617613	0.002921	1.3
1493	-1.492722	292.917440	6.617175	0.001982	1.3
1494	-1.503201	292.902147	6.617497	0.001585	1.6
1495	-1.528252	292.913759	6.617252	0.002076	1.5
1496	-1.498765	292.907612	6.617382	0.003034	1.5
1497	-1.482214	292.930537	6.616899	0.001861	1.3
1498	-1.527393	292.914118	6.617245	0.001704	1.4
1499	-1.534662	292.947215	6.616547	0.002704	1.4
1500	-1.543145	292.946362	6.616565	0.002512	1.3
1501	-1.542471	293.059147	6.614189	0.003442	1.4
1502	-1.495887	293.118950	6.612930	0.002328	1.5
1503	-1.507517	293.280402	6.609533	0.001525	1.4
1504	-1.506038	293.315938	6.608785	0.001757	1.3
1505	-1.508911	293.317289	6.608757	0.002996	1.5
1506	-1.545648	293.387009	6.607291	0.001510	1.4
1507	-1.510781	293.389763	6.607233	0.002159	1.3
1508	-1.530982	293.398349	6.607053	0.003260	1.6
1509	-1.521091	293.375566	6.607532	0.004864	1.4
1510	-1.498899	294.123836	6.591842	0.003042	1.4
1511	-1.517461	294.392311	6.586231	0.001378	1.5
1512	-1.517154	294.404468	6.585977	0.004279	1.8
1513	-1.515780	294.391878	6.586240	0.002477	1.3
1514	-1.505018	294.662607	6.580591	0.002817	1.5
1515	-1.508780	294.641844	6.581024	0.003327	1.5
1516	-1.535598	294.826203	6.577182	0.002310	1.4
1517	-1.550217	294.837598	6.576945	0.002277	1.3
1518	-1.529767	294.818588	6.577341	0.002176	1.4
1519	-1.469019	294.815388	6.577408	0.001816	1.3
1520	-1.521600	294.817684	6.577360	0.001651	1.3
1521	-1.520259	294.819267	6.577327	0.001914	1.3
1522	-1.525726	294.822375	6.577262	0.001635	1.3
1523	-1.513428	294.855242	6.576578	0.002135	1.3
1524	-1.469454	294.851032	6.576665	0.003947	1.7
1525	-1.508233	295.109309	6.571292	0.001856	1.3
1526	-1.524773	295.176971	6.569886	0.001744	1.3
1527	-1.497815	295.181450	6.569793	0.002892	1.4
1528	-1.478416	295.167562	6.570081	0.002178	1.3
1529	-1.521558	295.204121	6.569322	0.001625	1.3
1530	-1.475473	295.214922	6.569097	0.002462	1.3
1531	-1.575740	295.240318	6.568570	0.002189	1.3
1532	-1.530006	295.299939	6.567331	0.002118	1.7
1533	-1.535108	295.286018	6.567621	0.001604	1.2
1534	-1.506929	295.313401	6.567052	0.004542	1.2
1535	-1.519012	295.314878	6.567021	0.003116	1.3
1536	-1.499380	295.987327	6.553090	0.002206	1.2
1537	-1.522269	296.130746	6.550127	0.001590	1.2
1538	-1.537751	296.164541	6.549429	0.002867	1.2
1539	-1.510899	296.151163	6.549705	0.001475	1.5
1540	-1.480182	296.177641	6.549158	0.003245	1.8
1541	-1.515077	296.202809	6.548639	0.001694	1.5
1542	-1.542874	296.200670	6.548683	0.002322	1.5
1543	-1.514381	296.210728	6.548475	0.001701	1.3
1544	-1.489292	296.196800	6.548763	0.003510	1.4
1545	-1.519637	296.239360	6.547884	0.002774	1.4
1546	-1.519746	296.264958	6.547356	0.001730	1.5
1547	-1.542683	296.321726	6.546184	0.003123	1.5
1548	-1.518450	296.318913	6.546242	0.002448	1.3
1549	-1.536050	296.376666	6.545051	0.002365	1.3
1550	-1.516024	296.447391	6.543593	0.003650	1.3
1551	-1.539036	296.460700	6.543319	0.001942	1.2
1552	-1.510925	296.476505	6.542993	0.001764	1.3
1553	-1.508604	296.477021	6.542982	0.003035	1.3
1554	-1.483303	296.473099	6.543063	0.002975	1.3
1555	-1.557175	296.553762	6.541401	0.001965	1.3
1556	-1.509000	296.606893	6.540307	0.001798	1.5
1557	-1.513391	296.615535	6.540129	0.002004	1.3
1558	-1.591275	296.623796	6.539959	0.001705	1.3
1559	-1.503388	296.631834	6.539793	0.003591	1.4
1560	-1.527229	296.655376	6.539309	0.002420	1.2
1561	-1.465993	296.796214	6.536411	0.001384	1.3
1562	-1.522218	296.791206	6.536514	0.002619	1.2
1563	-1.519479	296.818561	6.535951	0.001679	1.3
1564	-1.532708	296.860530	6.535088	0.001861	1.3
1565	-1.485543	296.858177	6.535136	0.002391	1.3
1566	-1.498982	296.839565	6.535519	0.003240	1.3
1567	-1.495628	296.978150	6.532671	0.001245	1.3
1568	-1.513424	296.975709	6.532721	0.002185	1.6
1569	-1.493454	296.964981	6.532941	0.002855	1.4
1570	-1.552006	296.983186	6.532567	0.002311	1.3
1571	-1.490362	296.994946	6.532326	0.001466	1.3
1572	-1.537880	297.039272	6.531415	0.002817	1.2
1573	-1.499870	297.091866	6.530335	0.002269	1.3
1574	-1.515512	297.093187	6.530308	0.002027	1.4
1575	-1.476269	297.140966	6.529327	0.003671	1.3
1576	-1.504534	297.126745	6.529619	0.001602	1.9
1577	-1.503992	297.131526	6.529521	0.001918	1.3
1578	-1.483097	297.129054	6.529572	0.003423	1.3
1579	-1.500554	297.149574	6.529151	0.001071	1.3
1580	-1.533071	297.135573	6.529438	0.002206	1.2
1581	-1.520011	297.125520	6.529644	0.003120	1.7
1582	-1.485140	297.215958	6.527789	0.001818	1.6
1583	-1.505060	297.208781	6.527936	0.002469	1.6
1584	-1.529269	297.221476	6.527676	0.002706	1.4
1585	-1.487692	297.230005	6.527501	0.001727	1.3
1586	-1.532231	297.219287	6.527720	0.002923	1.3
1587	-1.540236	297.293844	6.526191	0.001980	1.3
1588	-1.512669	297.310945	6.525841	0.002240	1.3
1589	-1.505801	297.355939	6.524918	0.001638	1.3
1590	-1.537827	297.347135	6.525099	0.002697	1.3
1591	-1.530402	297.382738	6.524369	0.002637	1.3
1592	-1.496545	297.392914	6.524161	0.001795	1.3
1593	-1.499169	297.422828	6.523548	0.002307	1.3
1594	-1.513936	297.413860	6.523732	0.003210	1.3
1595	-1.507756	297.585699	6.520213	0.002737	1.4
1596	-1.503658	297.711869	6.517632	0.001633	1.3
1597	-1.488802	297.710330	6.517663	0.001996	1.3
1598	-1.488494	297.714309	6.517582	0.002562	1.4
1599	-1.520087	297.730095	6.517259	0.001577	2.3
1600	-1.554634	297.744387	6.516967	0.002588	1.4
1601	-1.531920	297.771508	6.516412	0.001855	1.8
1602	-1.543267	297.777364	6.516292	0.002905	1.3
1603	-1.482396	297.771741	6.516407	0.002035	1.3
1604	-1.522665	297.753145	6.516788	0.002005	1.3
1605	-1.569957	297.786138	6.516113	0.002580	1.4
1606	-1.510634	297.813602	6.515552	0.001828	1.4
1607	-1.521253	297.830584	6.515205	0.002245	1.3
1608	-1.514559	297.815059	6.515522	0.002693	1.4
1609	-1.507462	297.901494	6.513756	0.001686	1.4
1610	-1.542343	297.895035	6.513888	0.003311	1.3
1611	-1.582404	297.956899	6.512625	0.002574	1.3
1612	-1.491541	298.060272	6.510515	0.003094	1.4
1613	-1.525005	298.125408	6.509186	0.002231	1.3
1614	-1.523976	298.256221	6.506519	0.002089	1.3
1615	-1.527789	298.293544	6.505758	0.004545	1.4
1616	-1.494364	298.455982	6.502450	0.002030	1.5
1617	-1.538899	298.735925	6.496757	0.001635	1.3
1618	-1.509836	298.731896	6.496839	0.002281	1.4
1619	-1.516634	298.748668	6.496498	0.002877	1.6
1620	-1.510723	298.786982	6.495720	0.005377	1.3
1621	-1.543079	299.422500	6.482836	0.002003	1.4
1622	-1.507823	299.871862	6.473757	0.002089	1.3
1623	-1.484672	299.867184	6.473852	0.001764	1.3
1624	-1.518907	299.862617	6.473944	0.002061	1.3
1625	-1.516586	299.860986	6.473977	0.003455	1.3
1626	-1.533353	299.907395	6.473040	0.001929	1.4
1627	-1.533406	299.934952	6.472485	0.003082	1.3
1628	-1.511560	299.985074	6.471474	0.002343	1.3
1629	-1.501018	300.047057	6.470225	0.002155	1.3
1630	-1.537652	300.045432	6.470257	0.001582	1.3
1631	-1.526651	300.054914	6.470066	0.001402	1.3
1632	-1.557785	300.054008	6.470084	0.002369	1.3
1633	-1.529671	300.059616	6.469971	0.003763	1.3
1634	-1.504071	300.216068	6.466820	0.002460	1.3
1635	-1.512377	300.213630	6.466869	0.002318	1.3
1636	-1.540059	300.270349	6.465728	0.003163	1.4
1637	-1.468737	300.273527	6.465664	0.002368	1.7
1638	-1.521144	300.401290	6.463093	0.002059	1.4
1639	-1.536391	300.400271	6.463114	0.004001	1.5
1640	-1.512449	300.559837	6.459907	0.001854	1.3
1641	-1.497041	300.616560	6.458767	0.003511	1.3
1642	-1.502769	300.655730	6.457981	0.003923	1.3
1643	-1.493250	301.081039	6.449453	0.002320	1.2
1644	-1.502315	301.394770	6.443177	0.001475	1.3
1645	-1.490925	301.432391	6.442425	0.001999	1.3
1646	-1.533822	301.424765	6.442578	0.002058	1.9
1647	-1.530427	301.414179	6.442789	0.002815	1.3
1648	-1.512705	301.458321	6.441907	0.002337	1.3
1649	-1.519114	301.486523	6.441344	0.003183	1.3
1650	-1.516916	301.670347	6.437674	0.002476	1.3
1651	-1.530698	301.691757	6.437247	0.002723	1.6
1652	-1.502999	301.769285	6.435701	0.001472	1.3
1653	-1.541237	301.802346	6.435042	0.002805	1.3
1654	-1.522665	301.857054	6.433951	0.002701	1.3
1655	-1.528533	301.898684	6.433122	0.003163	1.9
1656	-1.529277	302.057474	6.429960	0.001667	1.7
1657	-1.516730	302.060643	6.429897	0.001586	2.3
1658	-1.481510	302.069708	6.429716	0.001631	1.4
1659	-1.494969	302.067385	6.429762	0.002224	1.5
1660	-1.521288	302.090797	6.429297	0.001479	1.5
1661	-1.540292	302.083494	6.429442	0.002042	1.5
1662	-1.511329	302.073400	6.429643	0.004086	1.6
1663	-1.525779	302.125051	6.428615	0.002385	4.9
1664	-1.522701	302.339893	6.424344	0.002231	2.0
1665	-1.505046	302.323975	6.424660	0.005108	1.5
1666	-1.528151	302.636184	6.418462	0.001842	2.0
1667	-1.546426	303.009887	6.411059	0.002842	1.4
1668	-1.501698	302.991745	6.411418	0.002677	1.3
1669	-1.527652	303.085436	6.409565	0.002981	1.5
1670	-1.516935	303.205876	6.407184	0.002461	1.3
1671	-1.528452	303.216318	6.406977	0.001402	1.4
1672	-1.508093	303.246598	6.406379	0.001328	1.4
1673	-1.525445	303.247682	6.406357	0.001542	1.3
1674	-1.506719	303.240858	6.406492	0.001698	1.3
1675	-1.530717	303.262689	6.406061	0.001738	1.4
1676	-1.507856	303.288118	6.405559	0.002750	1.4
1677	-1.552872	303.334715	6.404638	0.001353	1.5
1678	-1.542686	303.323754	6.404855	0.002776	1.6
1679	-1.493972	303.338730	6.404559	0.001572	1.5
1680	-1.522064	303.328760	6.404756	0.002161	2.9
1681	-1.488239	303.336319	6.404607	0.001698	1.6
1682	-1.479076	303.356403	6.404210	0.001868	1.4
1683	-1.512007	303.358946	6.404160	0.001897	1.3
1684	-1.529493	303.354450	6.404249	0.002056	1.3
1685	-1.533324	303.374961	6.403844	0.002325	1.3
1686	-1.488502	303.394054	6.403467	0.003199	2.6
1687	-1.537464	303.456179	6.402241	0.002453	1.6
1688	-1.515444	303.446560	6.402430	0.002989	1.4
1689	-1.538212	303.495447	6.401466	0.003310	1.4
1690	-1.518692	303.678053	6.397866	0.002732	1.4
1691	-1.525206	303.868692	6.394111	0.001524	1.3
1692	-1.535253	303.854484	6.394391	0.003317	1.4
1693	-1.526021	303.908176	6.393334	0.003738	1.4
1694	-1.516349	304.141178	6.388753	0.001860	1.6
1695	-1.539315	304.150590	6.388568	0.002176	1.5
1696	-1.547114	304.184651	6.387898	0.001335	1.7
1697	-1.535401	304.174968	6.388089	0.001494	1.5
1698	-1.512631	304.182502	6.387941	0.003352	1.4
1699	-1.519962	304.167239	6.388241	0.001887	1.3
1700	-1.516719	304.162376	6.388336	0.001665	1.3
1701	-1.475159	304.173054	6.388126	0.001863	1.2
1702	-1.545987	304.159678	6.388389	0.001435	1.3
1703	-1.513036	304.165832	6.388268	0.002347	1.3
1704	-1.534777	304.171615	6.388155	0.002727	1.3
1705	-1.519690	304.213155	6.387339	0.003406	1.3
1706	-1.542277	304.281628	6.385994	0.004015	1.5
1707	-1.518507	304.718641	6.377426	0.002345	1.3
1708	-1.493488	304.834204	6.375164	0.003479	1.3
1709	-1.531119	305.090039	6.370163	0.002896	1.4
1710	-1.536501	305.303096	6.366003	0.001552	1.4
1711	-1.522374	305.363878	6.364818	0.003245	1.3
1712	-1.489645	305.365926	6.364778	0.002330	1.4
1713	-1.505924	305.384727	6.364411	0.002043	1.3
1714	-1.496291	305.379544	6.364512	0.002135	1.7
1715	-1.484959	305.396861	6.364174	0.002156	1.3
1716	-1.510717	305.390466	6.364299	0.001686	1.2
1717	-1.520982	305.429966	6.363529	0.001634	1.5
1718	-1.521734	305.422089	6.363683	0.001735	1.3
1719	-1.515444	305.417228	6.363777	0.002352	1.3
1720	-1.466551	305.410377	6.363911	0.001558	1.3
1721	-1.533803	305.411358	6.363892	0.001263	1.3
1722	-1.495015	305.425254	6.363621	0.002633	1.3
1723	-1.471342	305.439725	6.363339	0.001756	1.3
1724	-1.502480	305.461065	6.362923	0.001764	1.4
1725	-1.516103	305.465241	6.362841	0.002138	1.4
1726	-1.531976	305.456469	6.363012	0.003248	1.3
1727	-1.531251	305.434216	6.363446	0.004091	1.4
1728	-1.532277	306.060302	6.351265	0.002804	1.6
1729	-1.529477	306.035201	6.351752	0.003009	1.3
1730	-1.507209	306.203916	6.348477	0.001041	1.3
1731	-1.494917	306.198852	6.348575	0.001851	1.5
1732	-1.521919	306.199609	6.348561	0.002128	1.6
1733	-1.523425	306.247955	6.347623	0.002560	1.3
1734	-1.485089	306.336507	6.345906	0.002027	1.4
1735	-1.513013	306.391155	6.344846	0.002233	1.4
1736	-1.547940	306.440595	6.343888	0.003105	1.3
1737	-1.496507	306.490025	6.342931	0.003285	1.5
1738	-1.508837	306.507562	6.342591	0.003110	1.6
1739	-1.528119	306.650304	6.339828	0.001767	1.6
1740	-1.522938	306.673079	6.339387	0.001765	1.6
1741	-1.509564	306.716661	6.338544	0.002076	1.7
1742	-1.508430	306.725686	6.338370	0.000849	1.3
1743	-1.493265	306.726882	6.338347	0.001418	1.3
1744	-1.521338	306.726578	6.338352	0.002692	1.2
1745	-1.537182	306.712217	6.338630	0.003867	1.4
1746	-1.529105	307.057880	6.331951	0.002261	1.4
1747	-1.525625	307.069426	6.331729	0.002316	1.4
1748	-1.506336	307.142347	6.330321	0.002209	1.3
1749	-1.521815	307.251618	6.328214	0.001908	1.3
1750	-1.507407	307.283370	6.327602	0.001581	1.5
1751	-1.453309	307.273383	6.327795	0.001690	1.6
1752	-1.527082	307.298908	6.327303	0.003210	1.3
1753	-1.538180	307.383057	6.325681	0.002798	1.3
1754	-1.535106	307.708979	6.319409	0.002302	1.3
1755	-1.562682	307.806915	6.317527	0.001615	1.3
1756	-1.551354	307.818262	6.317309	0.001609	1.3
1757	-1.536052	307.815621	6.317360	0.003500	1.5
1758	-1.501267	307.799261	6.317674	0.003177	1.4
1759	-1.574638	308.200711	6.309970	0.003053	1.3
1760	-1.531972	308.185282	6.310266	0.002326	1.3
1761	-1.532226	308.370106	6.306725	0.002006	1.3
1762	-1.539179	308.352083	6.307070	0.001912	1.6
1763	-1.516152	308.368772	6.306750	0.002156	1.2
1764	-1.498309	308.403866	6.306078	0.002210	1.3
1765	-1.480036	308.415562	6.305854	0.001689	1.3
1766	-1.544884	308.457951	6.305043	0.002161	1.3
1767	-1.496145	308.443426	6.305321	0.003261	1.3
1768	-1.494700	308.435691	6.305469	0.002782	1.3
1769	-1.507684	308.480294	6.304615	0.005497	1.3
1770	-1.550596	308.665463	6.301074	0.002474	1.2
1771	-1.541400	308.833975	6.297855	0.002559	1.4
1772	-1.520700	308.847258	6.297601	0.002943	1.3
1773	-1.532240	308.905289	6.296494	0.002450	1.3
1774	-1.520774	309.020705	6.294292	0.002533	1.2
1775	-1.530298	308.998342	6.294718	0.003867	1.3
1776	-1.528781	309.223756	6.290421	0.003263	1.3
1777	-1.530333	309.244332	6.290029	0.002402	1.3
1778	-1.518407	309.376761	6.287508	0.002692	1.7
1779	-1.528440	309.359631	6.287834	0.001745	1.3
1780	-1.525031	309.377534	6.287493	0.001724	1.3
1781	-1.548078	309.373404	6.287572	0.003154	1.3
1782	-1.540677	309.368011	6.287675	0.001562	1.3
1783	-1.525368	309.411171	6.286853	0.002315	1.3
1784	-1.537900	309.394417	6.287172	0.001815	1.2
1785	-1.523894	309.422835	6.286631	0.001808	1.3
1786	-1.529393	309.415559	6.286770	0.002116	1.2
1787	-1.495033	309.407628	6.286921	0.001749	1.2
1788	-1.502435	309.418522	6.286713	0.002608	1.3
1789	-1.504894	309.407354	6.286926	0.003821	1.3
1790	-1.502262	309.465503	6.285820	0.003802	1.2
1791	-1.513461	310.038096	6.274947	0.002828	1.3
1792	-1.504836	310.407579	6.267951	0.003732	1.4
1793	-1.526884	310.652797	6.263317	0.001970	1.3
1794	-1.548712	310.753714	6.261412	0.002147	1.3
1795	-1.546525	310.754138	6.261404	0.002752	1.4
1796	-1.507492	310.800466	6.260529	0.002907	1.3
1797	-1.488254	310.893718	6.258770	0.002394	1.3
1798	-1.553164	310.946481	6.257775	0.002872	1.3
1799	-1.513738	310.993030	6.256898	0.001828	1.2
1800	-1.514674	311.058813	6.255659	0.002154	1.4
1801	-1.499060	311.051768	6.255791	0.001687	1.4
1802	-1.496246	311.064861	6.255545	0.002020	1.3
1803	-1.525478	311.080107	6.255257	0.001635	1.3
1804	-1.512695	311.094417	6.254988	0.003836	1.3
1805	-1.547247	311.167223	6.253617	0.002255	1.3
1806	-1.498080	311.199700	6.253005	0.001756	1.3
1807	-1.540488	311.184002	6.253301	0.003668	1.3
1808	-1.519369	311.276639	6.251558	0.000951	1.4
1809	-1.531376	311.269758	6.251687	0.001332	1.7
1810	-1.526061	311.264521	6.251786	0.001867	1.3
1811	-1.495425	311.257458	6.251918	0.002357	1.3
1812	-1.549357	311.263665	6.251802	0.002237	1.3
1813	-1.527099	311.274379	6.251600	0.002654	1.3
1814	-1.488628	311.274283	6.251602	0.002641	1.3
1815	-1.512028	311.279789	6.251498	0.003336	1.3
1816	-1.540194	311.567473	6.246091	0.003430	1.2
1817	-1.515136	311.542341	6.246563	0.003645	1.3
1818	-1.494605	311.967644	6.238584	0.002047	1.4
1819	-1.508517	311.944117	6.239025	0.003029	1.5
1820	-1.503041	311.966204	6.238611	0.002076	1.4
1821	-1.565911	311.988208	6.238199	0.001687	1.3
1822	-1.526951	312.024334	6.237522	0.001975	2.4
1823	-1.475656	312.052571	6.236993	0.001522	1.6
1824	-1.508032	312.044880	6.237137	0.002947	1.5
1825	-1.504576	312.056230	6.236924	0.001942	1.7
1826	-1.516224	312.100193	6.236101	0.001090	1.3
1827	-1.555040	312.103884	6.236032	0.002624	1.4
1828	-1.508423	312.109953	6.235919	0.001414	1.4
1829	-1.524280	312.128137	6.235578	0.002065	1.3
1830	-1.500400	312.123525	6.235665	0.001889	1.3
1831	-1.510439	312.144066	6.235280	0.001485	1.3
1832	-1.519674	312.149916	6.235171	0.002051	1.3
1833	-1.488775	312.156788	6.235042	0.001301	1.3
1834	-1.537734	312.163246	6.234921	0.001824	1.3
1835	-1.516226	312.182409	6.234562	0.002366	1.7
1836	-1.496110	312.229923	6.233674	0.002842	1.4
1837	-1.491758	312.222316	6.233816	0.002791	1.3
1838	-1.543368	312.251473	6.233270	0.001097	1.6
1839	-1.535974	312.262826	6.233058	0.001174	1.4
1840	-1.554420	312.261208	6.233088	0.002480	1.4
1841	-1.466713	312.247863	6.233338	0.003011	1.5
1842	-1.529452	312.236204	6.233556	0.002251	1.4
1843	-1.489686	312.304051	6.232287	0.001820	1.3
1844	-1.517946	312.298599	6.232389	0.001736	1.5
1845	-1.529864	312.315141	6.232080	0.002284	1.3
1846	-1.515602	312.308115	6.232211	0.001977	1.3
1847	-1.492092	312.303509	6.232297	0.002640	1.5
1848	-1.528758	312.327541	6.231848	0.003260	1.3
1849	-1.478231	312.347313	6.231478	0.001978	1.3
1850	-1.518760	312.386476	6.230746	0.002202	1.4
1851	-1.510582	312.435112	6.229837	0.001437	1.2
1852	-1.487148	312.447909	6.229598	0.001907	1.2
1853	-1.496840	312.446150	6.229631	0.002766	1.3
1854	-1.496083	312.474624	6.229099	0.002557	1.4
1855	-1.537208	312.550281	6.227686	0.002449	1.3
1856	-1.512964	312.553800	6.227621	0.002186	1.3
1857	-1.515050	312.586749	6.227006	0.003724	1.3
1858	-1.489048	312.573492	6.227253	0.005513	1.3
1859	-1.508123	313.515637	6.209714	0.003408	1.3
1860	-1.523686	314.158836	6.197797	0.002620	1.3
1861	-1.499017	314.140696	6.198133	0.002347	1.3
1862	-1.500509	314.176717	6.197467	0.003058	1.4
1863	-1.526107	314.177597	6.197450	0.002439	1.3
1864	-1.516128	314.294141	6.195296	0.003024	1.3
1865	-1.492535	314.316393	6.194885	0.002279	1.4
1866	-1.525952	314.383075	6.193653	0.002106	1.4
1867	-1.501439	314.384925	6.193619	0.002170	1.3
1868	-1.516459	314.383755	6.193641	0.002306	1.4
1869	-1.504319	314.401515	6.193313	0.002990	1.3
1870	-1.505469	314.560745	6.190374	0.002319	1.4
1871	-1.487385	314.704304	6.187727	0.001804	1.7
1872	-1.553666	314.694828	6.187902	0.003372	1.4
1873	-1.542631	314.684872	6.188085	0.002826	1.3
1874	-1.512698	314.724735	6.187350	0.003388	1.3
1875	-1.538937	314.703890	6.187735	0.002342	1.6
1876	-1.525568	314.767695	6.186559	0.002143	1.3
1877	-1.505313	314.764762	6.186613	0.002360	1.3
1878	-1.514649	314.778806	6.186354	0.001992	1.3
1879	-1.538796	314.837758	6.185268	0.001210	1.3
1880	-1.559036	314.829718	6.185416	0.002158	1.3
1881	-1.569570	314.831289	6.185387	0.002161	1.3
1882	-1.520586	314.898641	6.184147	0.001500	1.3
1883	-1.528262	314.904320	6.184042	0.001866	1.3
1884	-1.522233	314.892464	6.184261	0.002357	1.3
1885	-1.493440	314.918351	6.183784	0.002435	1.3
1886	-1.497567	314.930259	6.183565	0.001521	1.5
1887	-1.509434	314.926676	6.183631	0.002140	1.5
1888	-1.519068	314.957586	6.183062	0.002514	1.3
1889	-1.503687	315.027652	6.181773	0.002382	1.4
1890	-1.503550	315.058876	6.181198	0.002680	1.4
1891	-1.524127	315.075070	6.180900	0.004008	1.3
1892	-1.548544	315.342044	6.175994	0.002126	1.4
1893	-1.517385	315.454754	6.173925	0.002782	1.5
1894	-1.507646	315.456417	6.173895	0.002713	1.6
1895	-1.560115	315.574743	6.171724	0.002807	1.3
1896	-1.525633	315.631017	6.170693	0.003313	1.4
1897	-1.493011	315.743815	6.168626	0.002633	1.3
1898	-1.504769	316.070963	6.162639	0.002087	1.4
1899	-1.508019	316.055051	6.162930	0.002692	1.4
1900	-1.549909	316.077704	6.162515	0.002200	1.2
1901	-1.550661	316.101123	6.162087	0.002982	1.2
1902	-1.515220	316.094191	6.162214	0.002241	1.3
1903	-1.543192	316.151611	6.161165	0.002268	1.4
1904	-1.492781	316.186123	6.160534	0.001490	1.4
1905	-1.513652	316.204436	6.160199	0.002066	1.3
1906	-1.499139	316.216725	6.159975	0.002405	1.3
1907	-1.510003	316.201298	6.160257	0.003291	1.3
1908	-1.490831	316.350032	6.157541	0.002723	1.4
1909	-1.503456	316.423206	6.156205	0.001349	1.3
1910	-1.515114	316.410774	6.156432	0.001891	1.9
1911	-1.547881	316.414009	6.156373	0.002221	1.4
1912	-1.530404	316.451981	6.155680	0.002130	1.4
1913	-1.524204	316.468715	6.155375	0.003053	1.4
1914	-1.500406	316.570054	6.153527	0.001789	1.4
1915	-1.550613	316.591510	6.153136	0.003201	1.4
1916	-1.463369	316.601100	6.152961	0.002447	1.3
1917	-1.536669	316.602073	6.152944	0.002706	1.3
1918	-1.524503	316.640009	6.152252	0.001618	1.4
1919	-1.526258	316.628187	6.152468	0.002393	1.3
1920	-1.491350	316.644790	6.152165	0.002628	1.3
1921	-1.526294	316.652849	6.152018	0.001748	1.3
1922	-1.533334	316.642692	6.152203	0.001987	1.3
1923	-1.559759	316.676735	6.151583	0.001699	1.6
1924	-1.508421	316.671384	6.151681	0.002930	1.3
1925	-1.482727	316.675085	6.151613	0.003454	1.2
1926	-1.495261	316.998442	6.145728	0.001676	1.3
1927	-1.498595	317.055199	6.144696	0.002181	1.2
1928	-1.508124	317.101631	6.143852	0.002073	1.4
1929	-1.557518	317.108932	6.143720	0.001557	1.3
1930	-1.500348	317.107165	6.143752	0.001896	1.3
1931	-1.520699	317.111349	6.143676	0.003382	1.3
1932	-1.529658	317.098252	6.143914	0.001711	1.4
1933	-1.451339	317.159037	6.142809	0.001029	1.4
1934	-1.532581	317.153651	6.142907	0.001317	1.3
1935	-1.515018	317.160346	6.142786	0.002164	1.3
1936	-1.496817	317.158273	6.142823	0.002386	1.3
1937	-1.525768	317.170058	6.142609	0.001818	1.3
1938	-1.502796	317.194810	6.142160	0.001686	1.6
1939	-1.534988	317.188188	6.142280	0.002562	1.3
1940	-1.509886	317.236666	6.141400	0.002193	1.3
1941	-1.566494	317.249771	6.141162	0.002468	1.3
1942	-1.503470	317.248340	6.141188	0.002309	1.3
1943	-1.537719	317.336906	6.139580	0.002444	1.3
1944	-1.449233	317.358438	6.139189	0.002370	1.4
1945	-1.509084	317.408899	6.138274	0.003428	1.4
1946	-1.500458	317.533213	6.136020	0.002173	1.3
1947	-1.509632	317.570156	6.135350	0.001542	1.4
1948	-1.513773	317.565277	6.135439	0.001903	1.3
1949	-1.499152	317.554798	6.135629	0.002298	1.3
1950	-1.510297	317.609259	6.134642	0.002868	1.2
1951	-1.506318	317.606937	6.134684	0.003346	1.3
1952	-1.502610	317.811936	6.130972	0.002573	1.3
1953	-1.509766	317.945277	6.128560	0.003168	1.3
1954	-1.509936	317.964473	6.128213	0.002172	1.3
1955	-1.499010	318.048829	6.126688	0.002094	1.3
1956	-1.499276	318.040972	6.126830	0.001782	1.2
1957	-1.501018	318.079916	6.126127	0.001984	1.2
1958	-1.557189	318.091192	6.125923	0.001213	1.4
1959	-1.499313	318.084266	6.126048	0.002529	1.4
1960	-1.501345	318.092688	6.125896	0.001411	1.3
1961	-1.519748	318.094738	6.125859	0.003351	1.4
1962	-1.526721	318.092588	6.125898	0.001221	1.3
1963	-1.531265	318.126341	6.125288	0.001477	1.4
1964	-1.531110	318.122617	6.125355	0.003297	1.4
1965	-1.478961	318.156303	6.124747	0.003901	1.4
1966	-1.516362	318.743111	6.114168	0.001985	1.7
1967	-1.530414	318.761735	6.113833	0.001661	1.3
1968	-1.514956	318.761259	6.113842	0.002490	1.4
1969	-1.490942	318.765866	6.113759	0.001810	1.3
1970	-1.509543	318.797461	6.113190	0.003146	1.5
1971	-1.512941	318.806863	6.113021	0.002309	1.3
1972	-1.514645	318.792681	6.113276	0.002831	1.3
1973	-1.494063	318.781794	6.113472	0.001880	1.3
1974	-1.497968	318.781096	6.113485	0.004234	1.3
1975	-1.547678	318.759777	6.113868	0.003561	1.3
1976	-1.498438	319.456420	6.101358	0.001051	1.3
1977	-1.510539	319.448885	6.101493	0.003120	1.3
1978	-1.487320	319.454043	6.101401	0.002965	1.2
1979	-1.572757	319.616172	6.098497	0.001932	1.2
1980	-1.521036	319.616944	6.098483	0.002462	1.3
1981	-1.564856	319.658961	6.097731	0.003412	1.3
1982	-1.499172	319.876014	6.093848	0.002255	1.3
1983	-1.515721	319.898912	6.093438	0.001989	1.3
1984	-1.515398	319.887460	6.093643	0.002346	1.5
1985	-1.529291	319.872290	6.093914	0.002159	1.3
1986	-1.576117	319.946201	6.092593	0.001941	1.3
1987	-1.509863	319.947685	6.092567	0.002570	1.4
1988	-1.516517	319.982420	6.091946	0.002677	1.3
1989	-1.517310	320.000322	6.091626	0.002836	1.3
1990	-1.493527	320.034727	6.091012	0.002674	1.4
1991	-1.509624	320.030732	6.091083	0.001444	1.3
1992	-1.495108	320.016712	6.091334	0.001629	1.3
1993	-1.515718	320.015957	6.091347	0.001847	1.3
1994	-1.507123	320.010112	6.091451	0.002664	1.3
1995	-1.522851	320.057514	6.090605	0.004364	1.3
1996	-1.545554	320.391418	6.084648	0.001697	1.3
1997	-1.483790	320.392660	6.084626	0.002059	1.2
1998	-1.512380	320.384924	6.084764	0.002532	1.3
1999	-1.507345	320.408574	6.084342	0.003524	1.3
