1:ItNr	2:Metric	3:StepSize	4:||Gradient||	Time[ms]
0	-0.000000	627.201626	0.000000	1606.7
1	-1.362027	623.504937	0.005035	1.7
2	-2.010145	619.865785	0.001358	1.7
3	-1.770388	616.282728	0.001577	1.5
4	-0.230661	612.754375	0.005450	1.5
5	-1.602554	609.279381	0.011118	1.5
6	-1.196259	605.856447	0.010488	1.4
7	-1.859260	602.484317	0.005175	1.6
8	-1.944301	599.161779	0.002752	1.5
9	-1.605867	595.887656	0.002476	1.5
10	-0.643448	592.660813	0.008333	1.5
11	-1.621843	589.480151	0.013321	1.5
12	-1.587137	586.344606	0.043422	1.6
13	-1.256631	583.253145	0.005266	1.6
14	-1.571960	580.204771	0.002375	1.5
15	-1.211954	577.198517	0.012681	1.6
16	-1.666143	574.233444	0.004390	1.5
17	-1.932682	571.308645	0.006173	1.5
18	-0.800411	568.423237	0.003088	1.5
19	-1.438082	565.576365	0.007574	1.5
20	-1.492967	562.767201	0.006439	1.5
21	-1.396537	559.994938	0.016258	1.7
22	-1.683175	557.258797	0.005543	1.5
23	-0.000000	554.558018	0.000000	1.5
24	-1.008404	551.891865	0.007225	1.5
25	-0.000004	549.259621	0.000000	1.5
26	-1.080504	546.660592	0.002100	1.7
27	-1.750457	544.094102	0.002900	1.5
28	-0.103434	541.559494	0.003324	1.5
29	-0.000000	539.056129	0.000000	1.5
30	-1.369330	536.583387	0.028473	1.7
31	-1.444290	534.140663	0.010586	1.5
32	-1.023030	531.727370	0.016159	1.6
33	-0.047636	529.342935	0.004233	1.6
34	-0.064470	526.986802	0.004298	1.6
35	-0.741364	524.658430	0.004206	1.5
36	-0.026021	522.357290	0.001178	1.6
37	-1.382277	520.082868	0.006978	1.5
38	-0.803577	517.834665	0.003382	1.5
39	-0.082970	515.612193	0.002780	1.6
40	-1.000528	513.414976	0.002357	1.5
41	-0.000001	511.242551	0.000000	1.5
42	-1.738376	509.094468	0.040801	1.6
43	-0.098636	506.970285	0.004655	1.5
44	-0.962276	504.869574	0.018454	1.5
45	-1.464634	502.791916	0.006196	1.6
46	-1.955881	500.736903	0.009550	1.5
47	-0.000000	498.704137	0.000000	1.5
48	-0.000001	496.693228	0.000000	1.7
49	-1.119959	494.703798	0.007957	1.6
50	-0.838555	492.735476	0.001206	1.7
51	-0.355819	490.787900	0.006920	1.9
52	-0.865696	488.860718	0.001953	1.6
53	-1.441725	486.953585	0.012650	1.7
54	-1.294474	485.066164	0.036306	1.7
55	-1.425661	483.198126	0.020573	1.7
56	-1.587054	481.349149	0.010982	1.9
57	-1.590007	479.518920	0.009152	1.9
58	-1.269312	477.707132	0.013682	1.9
59	-0.208538	475.913485	0.005826	1.9
60	-0.963870	474.137684	0.006412	1.7
61	-1.159118	472.379445	0.016242	1.7
62	-1.513515	470.638485	0.004735	2.1
63	-1.273749	468.914531	0.021495	1.7
64	-1.035249	467.207315	0.038288	1.6
65	-0.000000	465.516573	0.000000	1.5
66	-0.333492	463.842050	0.016006	1.5
67	-1.855080	462.183494	0.025009	1.7
68	-1.026329	460.540658	0.021674	1.7
69	-1.098175	458.913303	0.077003	1.5
70	-0.868680	457.301192	0.008499	1.5
71	-0.283129	455.704096	0.017515	1.5
72	-1.089502	454.121787	0.005722	1.5
73	-1.497310	452.554045	0.006942	1.5
74	-1.069279	451.000653	0.008972	1.6
75	-0.871532	449.461399	0.003890	1.8
76	-1.578508	447.936075	0.005357	1.7
77	-1.357485	446.424477	0.043623	1.9
78	-0.951977	444.926406	0.004797	1.5
79	-1.891558	443.441666	0.021897	1.5
80	-0.447826	441.970065	0.006106	1.5
81	-0.000000	440.511415	0.000000	1.5
82	-1.543259	439.065533	0.028632	1.5
83	-0.903798	437.632238	0.016420	1.6
84	-1.761301	436.211351	0.018244	1.5
85	-1.334081	434.802701	0.010257	1.6
86	-0.943753	433.406117	0.039741	1.7
87	-0.688751	432.021430	0.007776	1.6
88	-1.246617	430.648479	0.039108	1.8
89	-0.000000	429.287101	0.000000	1.5
90	-1.245664	427.937140	0.024402	1.7
91	-1.098822	426.598440	0.017030	1.5
92	-1.033446	425.270849	0.017328	1.7
93	-1.629193	423.954220	0.051557	1.5
94	-1.891247	422.648404	0.030314	1.5
95	-0.719799	421.353259	0.022788	1.5
96	-1.357053	420.068643	0.019333	1.6
97	-1.679757	418.794419	0.001736	1.6
98	-0.783331	417.530451	0.007008	1.5
99	-1.432314	416.276604	0.009032	1.5
100	-1.631142	415.032748	0.022315	1.6
101	-0.000000	413.798754	0.000000	1.6
102	-1.893632	412.574495	0.019592	1.7
103	-0.000003	411.359849	0.000000	1.6
104	-0.524361	410.154691	0.008929	1.8
105	-0.716174	408.958904	0.028191	1.8
106	-1.501467	407.772368	0.073905	1.5
107	-2.031747	406.594968	0.021097	1.6
108	-1.295756	405.426590	0.010783	1.6
109	-1.592293	404.267122	0.026938	1.6
110	-1.188803	403.116456	0.018561	1.6
111	-1.005090	401.974481	0.020227	1.9
112	-1.642509	400.841093	0.004680	1.5
113	-1.554635	399.716187	0.043026	1.5
114	-0.616310	398.599660	0.013527	1.5
115	-0.000000	397.491411	0.000000	1.7
116	-0.049653	396.391342	0.002050	1.5
117	-1.388784	395.299353	0.007561	1.6
118	-0.000000	394.215350	0.000000	1.5
119	-1.233966	393.139238	0.004347	1.5
120	-0.000000	392.070924	0.000000	1.5
121	-1.719181	391.010316	0.020213	1.7
122	-1.547387	389.957325	0.025383	1.7
123	-1.674543	388.911862	0.008792	1.5
124	-1.392098	387.873839	0.017603	1.6
125	-1.008535	386.843173	0.014016	1.6
126	-0.983840	385.819777	0.008806	1.5
127	-0.000042	384.803569	0.000011	1.6
128	-1.695101	383.794468	0.021098	1.5
129	-1.237238	382.792393	0.010031	1.7
130	-1.507314	381.797264	0.004904	1.5
131	-0.259833	380.809005	0.004999	1.7
132	-0.364594	379.827537	0.006874	1.5
133	-1.317694	378.852786	0.025176	1.7
134	-1.612746	377.884678	0.048835	1.7
135	-0.000852	376.923138	0.000138	1.5
136	-1.185367	375.968095	0.002604	1.6
137	-0.003074	375.019479	0.000422	1.7
138	-1.713803	374.077218	0.025707	1.8
139	-1.620314	373.141244	0.024992	1.5
140	-0.000000	372.211489	0.000000	1.7
141	-0.067557	371.287887	0.003031	1.5
142	-1.303621	370.370370	0.041113	1.6
143	-1.451233	369.458876	0.024967	1.6
144	-1.205867	368.553338	0.002558	1.6
145	-0.000000	367.653696	0.000000	1.6
146	-1.043740	366.759885	0.031915	1.6
147	-1.542593	365.871846	0.040684	1.5
148	-0.044570	364.989518	0.002232	1.5
149	-0.000000	364.112841	0.000000	1.5
150	-0.605181	363.241757	0.012158	1.5
151	-1.786859	362.376208	0.024200	1.5
152	-0.832817	361.516137	0.010765	1.6
153	-0.642215	360.661488	0.005563	1.5
154	-1.630530	359.812206	0.029503	1.6
155	-1.208166	358.968236	0.007780	1.5
156	-1.352417	358.129524	0.020267	1.6
157	-1.371601	357.296018	0.012350	1.5
158	-1.181718	356.467665	0.004268	1.5
159	-1.328645	355.644414	0.050183	1.6
160	-1.632951	354.826213	0.014034	1.6
161	-1.061798	354.013012	0.037112	1.6
162	-1.564033	353.204763	0.011752	1.5
163	-0.000009	352.401415	0.000000	1.6
164	-0.728509	351.602922	0.014687	1.5
165	-1.539370	350.809235	0.007889	1.6
166	-0.047787	350.020308	0.002186	1.6
167	-1.741521	349.236095	0.009972	1.5
168	-0.025337	348.456550	0.000695	1.5
169	-1.389767	347.681627	0.014825	1.5
170	-1.160863	346.911283	0.019721	1.5
171	-1.516965	346.145474	0.017662	1.5
172	-0.117715	345.384157	0.003698	1.6
173	-1.006918	344.627288	0.001981	1.5
174	-0.968575	343.874826	0.003650	1.5
175	-0.294483	343.126729	0.004990	1.7
176	-0.000000	342.382957	0.000000	2.1
177	-1.969753	341.643469	0.027934	1.9
178	-1.955097	340.908224	0.015265	2.0
179	-1.541655	340.177184	0.040114	2.1
180	-0.942743	339.450309	0.007645	1.7
181	-1.098376	338.727561	0.045322	1.7
182	-1.787066	338.008902	0.003896	1.9
183	-1.849613	337.294295	0.016369	1.6
184	-1.825473	336.583703	0.035821	2.3
185	-1.067198	335.877089	0.008083	1.6
186	-0.000576	335.174416	0.000110	1.6
187	-0.693784	334.475651	0.007186	1.6
188	-0.256006	333.780756	0.004454	1.5
189	-0.280589	333.089698	0.004602	1.5
190	-1.678541	332.402443	0.028532	1.5
191	-0.000000	331.718955	0.000000	1.5
192	-1.272199	331.039203	0.050833	1.6
193	-1.158117	330.363153	0.027768	1.7
194	-0.122564	329.690771	0.003806	1.9
195	-1.768316	329.022027	0.017977	2.0
196	-0.729235	328.356888	0.007868	1.8
197	-1.538874	327.695322	0.037111	1.6
198	-0.000000	327.037299	0.000000	1.6
199	-1.160557	326.382787	0.057307	1.7
200	-0.000000	325.731758	0.000000	1.6
201	-0.432442	325.084179	0.008594	1.9
202	-1.082864	324.440023	0.008614	2.4
203	-0.000000	323.799258	0.000000	1.7
204	-1.313109	323.161858	0.022686	2.3
205	-1.032967	322.527792	0.008962	1.8
206	-1.604927	321.897034	0.008502	2.2
207	-0.758113	321.269554	0.005295	1.9
208	-0.000000	320.645325	0.000000	1.5
209	-1.940993	320.024320	0.009149	1.8
210	-0.982908	319.406512	0.009148	1.9
211	-1.717309	318.791875	0.048906	1.9
212	-0.061538	318.180381	0.003522	2.2
213	-0.000015	317.572005	0.000000	1.9
214	-0.000859	316.966721	0.000153	1.8
215	-1.839278	316.364504	0.018061	1.8
216	-1.243728	315.765329	0.006937	2.0
217	-0.000851	315.169170	0.000179	2.0
218	-0.208851	314.576003	0.003087	2.1
219	-1.305020	313.985804	0.008671	2.1
220	-1.009933	313.398548	0.009380	2.1
221	-0.497994	312.814213	0.008153	4.1
222	-0.788143	312.232773	0.004793	1.9
223	-1.945247	311.654207	0.012905	2.2
224	-0.002194	311.078491	0.000341	1.7
225	-0.000000	310.505602	0.000000	1.8
226	-0.002810	309.935518	0.000535	1.7
227	-1.561429	309.368217	0.019122	1.8
228	-0.717573	308.803676	0.006127	2.0
229	-1.224899	308.241874	0.013451	1.7
230	-0.930287	307.682789	0.009714	1.7
231	-0.940050	307.126400	0.002314	2.1
232	-1.135308	306.572687	0.001494	1.6
233	-1.575468	306.021627	0.007782	1.6
234	-0.441278	305.473201	0.009648	1.7
235	-0.979221	304.927388	0.005864	1.9
236	-1.103432	304.384168	0.015375	2.5
237	-1.303794	303.843521	0.005084	2.2
238	-1.237296	303.305427	0.005516	2.1
239	-1.596353	302.769867	0.031515	2.0
240	-1.120348	302.236821	0.002956	2.2
241	-1.519447	301.706270	0.007241	2.0
242	-0.004340	301.178196	0.000372	2.1
243	-1.314630	300.652580	0.002999	1.9
244	-1.493186	300.129402	0.016653	2.4
245	-1.705612	299.608645	0.027291	2.2
246	-0.955145	299.090291	0.008005	1.6
247	-1.546709	298.574321	0.039812	1.6
248	-1.022819	298.060718	0.038280	1.7
249	-1.764286	297.549465	0.029184	1.4
250	-1.685446	297.040543	0.052104	1.9
251	-0.000000	296.533936	0.000000	1.6
252	-1.106042	296.029626	0.008378	1.4
253	-1.384014	295.527597	0.015732	1.5
254	-0.004718	295.027832	0.000536	1.7
255	-1.131070	294.530315	0.004265	1.6
256	-0.861495	294.035028	0.009468	2.0
257	-1.503167	293.541956	0.003854	1.6
258	-1.233521	293.051083	0.030309	1.5
259	-1.612999	292.562393	0.013188	1.5
260	-0.000000	292.075870	0.000000	1.6
261	-1.159469	291.591498	0.005414	1.6
262	-1.873777	291.109263	0.016191	1.5
263	-0.938809	290.629149	0.010095	1.5
264	-1.899392	290.151140	0.031439	2.1
265	-1.523536	289.675222	0.004374	1.8
266	-1.102389	289.201380	0.025685	1.8
267	-0.870202	288.729600	0.020873	1.6
268	-0.000000	288.259866	0.000000	1.5
269	-0.116636	287.792165	0.002841	2.0
270	-0.899119	287.326481	0.004849	2.0
271	-1.414195	286.862802	0.030725	1.8
272	-1.708093	286.401113	0.011925	1.9
273	-1.414377	285.941400	0.039467	2.5
274	-1.284812	285.483649	0.018396	1.8
275	-1.316102	285.027847	0.011814	1.9
276	-0.000000	284.573981	0.000000	1.7
277	-1.513475	284.122037	0.008061	1.7
278	-1.432854	283.672002	0.056273	1.7
279	-0.000000	283.223863	0.000000	1.6
280	-0.948992	282.777607	0.016445	2.0
281	-0.511790	282.333221	0.007493	1.9
282	-1.261876	281.890692	0.009063	1.5
283	-1.995237	281.450008	0.013553	1.5
284	-1.459731	281.011157	0.010279	1.4
285	-0.279379	280.574125	0.004023	1.5
286	-1.157598	280.138901	0.007503	1.6
287	-0.000000	279.705473	0.000000	1.7
288	-1.388144	279.273829	0.024771	1.5
289	-0.989393	278.843956	0.004940	1.5
290	-0.941166	278.415844	0.004678	1.8
291	-1.204519	277.989479	0.006488	1.5
292	-1.541601	277.564851	0.010194	1.6
293	-1.146490	277.141949	0.002059	1.6
294	-1.255809	276.720761	0.040667	1.6
295	-1.415789	276.301275	0.028070	1.5
296	-1.030617	275.883480	0.015056	1.5
297	-0.074755	275.467366	0.002241	1.5
298	-1.348201	275.052922	0.016522	1.5
299	-1.380721	274.640136	0.064150	1.5
300	-1.148108	274.228998	0.005297	1.5
301	-0.599324	273.819497	0.011756	1.5
302	-1.813240	273.411623	0.002070	1.5
303	-2.053648	273.005365	0.020918	1.6
304	-0.001459	272.600712	0.000225	1.5
305	-1.349559	272.197655	0.028446	1.8
306	-1.065277	271.796184	0.052135	1.4
307	-0.784791	271.396287	0.007447	1.5
308	-0.000000	270.997956	0.000000	1.5
309	-0.000000	270.601180	0.000000	1.6
310	-1.493251	270.205949	0.013954	1.5
311	-1.345710	269.812254	0.030990	1.5
312	-1.294471	269.420085	0.016438	1.4
313	-0.000000	269.029432	0.000000	1.5
314	-1.396285	268.640287	0.006752	1.9
315	-1.321484	268.252638	0.008512	1.5
316	-1.742242	267.866478	0.024440	1.5
317	-0.979004	267.481796	0.022809	1.5
318	-1.753650	267.098584	0.007137	1.9
319	-1.100587	266.716833	0.007856	1.8
320	-0.198637	266.336533	0.004685	1.9
321	-0.000000	265.957676	0.000000	1.9
322	-0.462574	265.580253	0.006426	1.9
323	-0.168372	265.204254	0.004206	1.4
324	-1.100214	264.829672	0.004929	1.5
325	-1.530779	264.456497	0.051061	1.4
326	-1.793536	264.084721	0.019225	1.5
327	-1.290680	263.714335	0.032524	1.5
328	-0.150662	263.345332	0.003823	1.4
329	-1.788681	262.977702	0.033339	1.5
330	-1.417490	262.611438	0.042748	1.7
331	-1.451169	262.246531	0.044428	1.5
332	-1.316667	261.882973	0.050134	1.5
333	-1.503529	261.520756	0.013962	1.5
334	-0.000001	261.159871	0.000000	1.4
335	-1.177251	260.800312	0.036502	1.5
336	-1.539367	260.442070	0.031778	1.5
337	-0.662220	260.085137	0.007018	1.5
338	-1.222749	259.729505	0.011911	1.5
339	-1.703417	259.375167	0.033347	2.0
340	-1.233171	259.022116	0.012629	1.9
341	-1.345354	258.670343	0.011050	1.9
342	-0.000000	258.319841	0.000000	1.9
343	-1.098521	257.970602	0.030751	2.0
344	-0.012951	257.622620	0.000757	1.8
345	-1.303754	257.275887	0.017172	1.7
346	-0.729680	256.930396	0.005704	1.5
347	-1.934866	256.586139	0.015238	1.5
348	-1.066391	256.243109	0.003754	1.9
349	-0.913399	255.901300	0.012609	1.5
350	-1.166789	255.560703	0.007467	1.9
351	-0.823501	255.221313	0.008465	2.3
352	-0.000000	254.883122	0.000000	1.7
353	-1.615337	254.546124	0.046422	1.4
354	-1.017003	254.210311	0.010083	1.9
355	-0.000000	253.875677	0.000000	1.5
356	-0.000004	253.542215	0.000000	1.5
357	-1.108220	253.209918	0.004057	1.5
358	-1.435159	252.878781	0.015020	1.5
359	-1.099502	252.548795	0.003337	1.8
360	-1.311047	252.219956	0.055560	1.9
361	-1.523336	251.892255	0.043309	1.9
362	-0.000111	251.565688	0.000028	1.8
363	-0.809186	251.240247	0.004200	1.9
364	-0.193989	250.915926	0.008337	1.9
365	-0.000011	250.592720	0.000000	1.8
366	-0.948283	250.270621	0.008728	2.1
367	-0.856176	249.949624	0.022357	1.9
368	-1.700892	249.629723	0.014897	1.9
369	-1.708286	249.310911	0.004763	1.9
370	-1.304185	248.993182	0.002020	1.7
371	-1.603846	248.676531	0.008911	1.5
372	-1.222533	248.360952	0.012492	1.6
373	-0.000003	248.046438	0.000001	1.5
374	-0.334271	247.732984	0.006225	1.4
375	-1.073703	247.420584	0.044069	1.6
376	-1.583033	247.109233	0.003066	1.5
377	-0.925626	246.798924	0.010101	1.6
378	-1.252798	246.489652	0.015850	1.5
379	-0.013018	246.181412	0.000647	1.5
380	-1.764054	245.874197	0.028989	1.5
381	-1.699736	245.568002	0.033027	1.5
382	-1.746028	245.262822	0.024680	1.5
383	-1.353580	244.958652	0.022565	1.6
384	-1.015226	244.655485	0.007921	1.5
385	-1.576702	244.353317	0.007869	1.5
386	-1.357835	244.052142	0.002783	1.4
387	-1.394929	243.751955	0.008184	1.5
388	-1.664158	243.452750	0.012722	1.9
389	-0.954967	243.154523	0.007124	1.5
390	-1.929903	242.857268	0.009152	1.5
391	-0.544265	242.560980	0.007151	1.6
392	-1.088435	242.265654	0.012147	1.5
393	-1.386060	241.971285	0.006911	1.5
394	-1.267501	241.677868	0.009924	1.4
395	-0.017501	241.385397	0.002055	1.5
396	-1.289771	241.093869	0.005654	1.5
397	-0.935930	240.803278	0.011948	1.5
398	-1.688064	240.513619	0.006938	1.6
399	-0.061077	240.224887	0.002634	1.6
400	-1.238674	239.937077	0.061703	1.6
401	-1.326651	239.650186	0.004169	1.5
402	-0.000026	239.364207	0.000008	1.5
403	-0.000000	239.079136	0.000000	1.6
404	-1.512504	238.794969	0.014670	1.7
405	-1.094120	238.511701	0.046220	1.5
406	-1.066033	238.229327	0.006638	1.4
407	-0.140172	237.947843	0.004325	1.5
408	-1.690895	237.667244	0.004539	1.7
409	-1.279883	237.387526	0.008836	1.7
410	-1.409243	237.108684	0.014387	1.8
411	-0.000000	236.830714	0.000000	1.7
412	-1.300182	236.553610	0.021734	1.7
413	-1.127569	236.277370	0.010271	1.5
414	-1.460544	236.001989	0.023159	2.0
415	-1.269422	235.727461	0.006626	1.9
416	-1.492515	235.453784	0.071703	1.9
417	-1.257220	235.180952	0.018959	1.8
418	-0.579863	234.908962	0.010095	1.9
419	-1.630157	234.637809	0.019050	1.9
420	-1.554897	234.367488	0.031271	1.8
421	-1.216904	234.097997	0.007602	1.9
422	-1.298872	233.829331	0.011064	1.9
423	-0.138659	233.561485	0.003747	1.8
424	-0.489086	233.294456	0.007404	1.8
425	-1.899294	233.028239	0.033585	1.5
426	-1.194332	232.762831	0.009518	1.5
427	-0.148246	232.498228	0.005064	1.5
428	-1.733765	232.234425	0.016075	1.5
429	-1.030806	231.971419	0.002553	2.0
430	-1.332973	231.709205	0.004271	1.5
431	-1.745334	231.447781	0.024706	1.7
432	-0.922664	231.187141	0.055947	1.8
433	-1.627964	230.927283	0.016065	1.5
434	-0.000006	230.668202	0.000002	1.5
435	-0.027057	230.409895	0.001489	1.9
436	-1.568852	230.152358	0.024807	1.4
437	-1.155171	229.895587	0.008426	1.6
438	-1.005247	229.639578	0.002795	1.5
439	-1.223915	229.384329	0.006383	1.5
440	-0.000000	229.129834	0.000000	1.4
441	-1.256008	228.876091	0.019618	1.5
442	-0.000000	228.623096	0.000000	1.5
443	-1.716562	228.370846	0.009119	1.6
444	-0.859124	228.119336	0.003522	2.0
445	-0.025481	227.868563	0.002399	1.7
446	-1.726459	227.618525	0.039761	1.6
447	-0.722186	227.369216	0.007825	1.5
448	-1.584785	227.120635	0.007812	2.0
449	-1.502499	226.872777	0.010393	1.5
450	-0.003508	226.625638	0.000444	1.8
451	-1.609746	226.379217	0.009515	1.9
452	-1.701244	226.133509	0.022363	1.9
453	-0.133915	225.888510	0.003855	2.0
454	-1.290889	225.644218	0.038599	1.5
455	-0.000000	225.400630	0.000000	1.5
456	-0.626153	225.157741	0.007912	1.5
457	-1.449812	224.915549	0.009822	1.5
458	-0.000000	224.674051	0.000000	2.3
459	-0.898106	224.433242	0.007723	1.6
460	-1.052500	224.193121	0.047171	2.0
461	-0.072275	223.953684	0.002538	1.6
462	-1.581993	223.714927	0.030035	1.6
463	-0.818432	223.476848	0.002859	1.8
464	-1.568124	223.239444	0.011005	1.5
465	-1.120701	223.002710	0.010983	1.5
466	-1.229628	222.766645	0.005617	3.2
467	-1.486102	222.531245	0.016186	2.0
468	-1.497021	222.296508	0.006302	2.1
469	-0.000001	222.062429	0.000000	1.6
470	-1.778477	221.829007	0.007079	2.1
471	-1.404933	221.596238	0.009124	2.0
472	-0.365693	221.364119	0.004893	1.9
473	-1.460146	221.132647	0.012803	1.7
474	-1.178795	220.901820	0.018961	1.9
475	-0.154546	220.671634	0.003343	1.9
476	-1.482333	220.442086	0.013615	1.9
477	-1.882541	220.213174	0.022073	2.0
478	-0.438454	219.984895	0.007067	2.1
479	-1.298083	219.757246	0.004811	2.1
480	-0.872756	219.530224	0.003434	2.2
481	-1.705906	219.303826	0.032989	2.3
482	-1.701225	219.078050	0.030834	1.9
483	-1.893247	218.852893	0.011371	2.1
484	-1.290235	218.628352	0.010179	1.7
485	-1.587021	218.404424	0.034638	2.4
486	-1.631862	218.181106	0.004721	1.8
487	-0.000000	217.958397	0.000000	1.6
488	-0.391851	217.736292	0.007286	1.7
489	-0.873830	217.514790	0.005553	1.9
490	-1.357459	217.293888	0.067722	1.7
491	-1.030885	217.073584	0.001755	1.6
492	-0.850466	216.853873	0.004360	1.4
493	-1.634604	216.634755	0.010516	1.5
494	-1.327614	216.416227	0.005024	1.9
495	-1.463855	216.198285	0.010372	1.7
496	-0.081614	215.980927	0.003057	1.7
497	-0.000000	215.764151	0.000000	1.7
498	-0.000000	215.547955	0.000000	1.8
499	-1.400695	215.332335	0.008686	1.7
500	-0.878125	215.117289	0.001167	2.8
501	-0.092136	214.902815	0.003329	1.6
502	-1.038361	214.688911	0.002320	2.0
503	-1.235315	214.475573	0.006561	1.8
504	-1.221314	214.262800	0.010054	1.7
505	-1.296037	214.050588	0.009658	1.9
506	-1.594387	213.838936	0.013173	1.7
507	-1.201248	213.627842	0.033671	1.7
508	-1.650103	213.417302	0.002345	1.6
509	-0.046702	213.207314	0.001330	1.6
510	-1.752573	212.997877	0.022548	2.1
511	-1.264365	212.788987	0.001664	1.9
512	-1.418522	212.580642	0.005408	1.8
513	-0.858737	212.372841	0.007408	2.0
514	-0.000020	212.165581	0.000000	1.8
515	-0.598137	211.958859	0.008062	1.9
516	-0.869116	211.752673	0.002898	1.9
517	-0.957470	211.547021	0.002306	1.6
518	-0.000000	211.341902	0.000000	2.1
519	-1.114588	211.137311	0.012836	1.7
520	-0.841120	210.933248	0.005668	2.1
521	-0.729506	210.729710	0.003818	1.7
522	-0.690266	210.526695	0.008403	1.8
523	-1.155121	210.324200	0.008356	2.1
524	-1.229751	210.122224	0.019552	1.6
525	-1.165356	209.920765	0.004338	1.5
526	-1.524464	209.719820	0.028634	1.9
527	-0.723785	209.519387	0.010950	1.4
528	-0.000000	209.319463	0.000000	1.5
529	-1.044587	209.120048	0.017031	1.8
530	-1.604642	208.921139	0.011587	1.5
531	-1.641374	208.722733	0.015635	1.9
532	-0.000000	208.524829	0.000000	1.5
533	-0.045422	208.327425	0.001947	1.4
534	-0.875049	208.130518	0.008514	1.5
535	-1.154124	207.934107	0.009131	1.5
536	-0.205527	207.738189	0.005191	1.4
537	-0.000000	207.542762	0.000000	1.6
538	-0.851418	207.347825	0.002075	1.5
539	-0.648789	207.153376	0.006939	1.5
540	-1.599376	206.959412	0.004074	1.5
541	-1.162896	206.765932	0.005027	1.7
542	-1.890813	206.572933	0.012622	1.7
543	-0.000000	206.380414	0.000000	1.5
544	-0.376979	206.188373	0.004798	1.4
545	-1.300119	205.996807	0.008801	1.5
546	-0.000000	205.805716	0.000000	1.6
547	-0.039045	205.615096	0.001698	1.7
548	-1.121258	205.424946	0.017249	1.7
549	-1.285834	205.235265	0.006728	1.7
550	-1.722726	205.046050	0.021897	1.7
551	-1.870381	204.857299	0.005654	1.6
552	-1.185419	204.669011	0.059092	1.6
553	-1.406635	204.481184	0.028539	1.8
554	-1.295253	204.293816	0.011808	1.9
555	-1.708259	204.106905	0.004979	1.9
556	-0.448828	203.920449	0.006686	1.9
557	-1.227399	203.734447	0.004817	2.0
558	-0.164831	203.548896	0.004251	1.6
559	-1.527074	203.363795	0.008167	1.6
560	-1.973299	203.179143	0.008954	1.6
561	-0.993656	202.994937	0.009744	1.8
562	-2.020935	202.811176	0.007132	1.5
563	-1.060955	202.627857	0.007201	2.0
564	-1.194983	202.444980	0.003822	1.7
565	-1.058752	202.262543	0.003645	1.5
566	-0.068115	202.080543	0.002754	1.5
567	-1.150699	201.898979	0.008554	3.0
568	-1.891267	201.717849	0.015592	2.1
569	-1.158312	201.537153	0.016160	1.6
570	-1.432031	201.356887	0.010025	2.0
571	-1.608631	201.177050	0.020325	1.6
572	-0.323141	200.997642	0.007161	1.7
573	-1.507838	200.818659	0.009706	1.7
574	-1.343694	200.640100	0.005397	1.5
575	-0.168009	200.461965	0.003546	1.4
576	-0.881849	200.284250	0.004731	1.4
577	-1.429206	200.106955	0.010241	1.9
578	-0.008415	199.930078	0.000799	1.8
579	-1.733157	199.753617	0.006782	2.2
580	-1.812463	199.577571	0.007623	2.0
581	-0.027395	199.401938	0.001754	2.2
582	-0.211895	199.226717	0.004808	1.5
583	-1.202413	199.051905	0.009672	2.1
584	-1.000612	198.877502	0.008099	1.7
585	-0.295771	198.703506	0.005487	1.8
586	-0.000000	198.529916	0.000000	1.7
587	-1.459154	198.356729	0.014624	1.7
588	-0.000000	198.183944	0.000000	1.7
589	-0.000000	198.011560	0.000000	1.5
590	-1.215250	197.839576	0.038053	1.9
591	-1.411845	197.667989	0.004098	1.5
592	-1.748548	197.496798	0.019200	1.5
593	-0.413703	197.326002	0.004990	2.1
594	-1.932498	197.155600	0.026813	1.9
595	-0.493112	196.985589	0.005108	1.6
596	-0.238259	196.815969	0.004350	1.6
597	-1.604498	196.646738	0.012657	1.6
598	-1.320131	196.477894	0.003128	1.9
599	-1.414724	196.309436	0.010340	1.7
600	-1.185050	196.141363	0.022510	1.6
601	-1.524402	195.973673	0.009279	1.5
602	-1.003939	195.806365	0.003948	1.9
603	-1.092115	195.639437	0.004599	1.9
604	-1.280190	195.472888	0.002152	1.9
605	-1.133562	195.306717	0.003254	1.6
606	-1.555763	195.140922	0.017245	1.8
607	-0.002994	194.975501	0.000319	2.1
608	-1.200906	194.810454	0.010625	1.5
609	-1.197702	194.645779	0.008979	1.7
610	-1.117553	194.481475	0.029206	1.5
611	-1.324901	194.317540	0.006678	1.6
612	-0.082221	194.153973	0.003248	1.5
613	-0.000000	193.990773	0.000000	1.7
614	-1.364780	193.827938	0.055641	1.6
615	-1.194972	193.665467	0.002223	2.2
616	-1.536307	193.503358	0.034506	1.9
617	-1.209665	193.341611	0.004241	1.6
618	-0.000009	193.180224	0.000000	1.8
619	-1.538189	193.019196	0.001572	1.6
620	-1.806804	192.858525	0.020137	1.6
621	-1.425663	192.698210	0.031891	1.6
622	-1.237080	192.538251	0.015956	1.6
623	-0.643897	192.378644	0.009741	1.5
624	-0.737316	192.219391	0.004998	1.5
625	-1.179953	192.060488	0.005421	1.5
626	-0.628121	191.901935	0.007347	1.8
627	-1.291735	191.743730	0.009613	1.9
628	-1.392558	191.585873	0.012939	1.5
629	-1.314421	191.428362	0.009545	1.5
630	-0.353603	191.271196	0.006197	1.6
631	-1.425423	191.114374	0.008299	1.5
632	-1.352404	190.957893	0.018916	1.9
633	-0.000041	190.801755	0.000012	1.5
634	-1.490535	190.645956	0.013208	1.4
635	-1.859123	190.490495	0.013018	1.5
636	-1.186463	190.335373	0.006035	1.8
637	-1.659636	190.180587	0.016673	1.8
638	-0.644471	190.026136	0.009145	1.6
639	-1.407296	189.872019	0.005509	1.6
640	-1.227648	189.718235	0.003037	1.9
641	-1.518997	189.564782	0.006345	1.9
642	-0.059377	189.411661	0.001948	1.8
643	-1.498930	189.258868	0.004173	2.1
644	-0.470701	189.106404	0.004640	1.9
645	-1.672083	188.954267	0.009573	2.1
646	-0.000017	188.802456	0.000005	1.5
647	-0.000287	188.650969	0.000069	1.5
648	-2.042105	188.499807	0.015128	1.9
649	-0.000005	188.348967	0.000000	1.8
650	-1.201995	188.198448	0.046345	1.8
651	-0.661495	188.048250	0.003927	1.9
652	-1.558223	187.898371	0.027790	2.0
653	-1.735409	187.748810	0.014063	1.9
654	-0.958683	187.599566	0.008310	2.0
655	-1.674192	187.450638	0.010729	1.8
656	-1.477138	187.302025	0.042735	1.5
657	-1.289388	187.153725	0.013890	1.6
658	-0.324939	187.005739	0.005948	1.7
659	-1.522332	186.858064	0.041116	1.8
660	-1.212900	186.710699	0.003826	5.9
661	-1.102943	186.563645	0.007262	2.1
662	-0.096175	186.416898	0.003879	1.6
663	-1.026493	186.270459	0.015370	1.6
664	-1.045971	186.124326	0.003773	1.5
665	-0.040561	185.978499	0.001910	1.4
666	-1.484200	185.832976	0.024265	1.5
667	-1.393451	185.687756	0.005594	1.5
668	-1.784657	185.542838	0.009237	1.5
669	-1.715261	185.398222	0.007957	1.7
670	-1.457767	185.253906	0.011775	1.5
671	-1.373552	185.109889	0.005729	1.9
672	-1.624860	184.966170	0.008597	1.7
673	-0.000000	184.822748	0.000000	1.6
674	-1.433414	184.679623	0.024485	1.6
675	-0.024074	184.536792	0.001493	1.7
676	-0.000000	184.394256	0.000000	1.6
677	-1.025373	184.252013	0.001167	1.5
678	-1.580924	184.110062	0.003462	1.5
679	-1.091303	183.968403	0.005825	1.7
680	-0.632430	183.827034	0.009296	1.7
681	-1.599394	183.685954	0.017301	1.8
682	-1.566309	183.545163	0.010429	1.8
683	-1.534770	183.404658	0.013917	1.9
684	-1.638174	183.264441	0.004136	1.9
685	-1.831370	183.124509	0.006975	1.5
686	-0.178879	182.984861	0.004863	1.4
687	-0.000155	182.845497	0.000030	1.5
688	-1.900342	182.706416	0.003865	1.5
689	-1.533205	182.567616	0.004070	1.7
690	-1.235779	182.429098	0.007916	1.5
691	-1.061009	182.290859	0.006505	1.8
692	-1.605550	182.152899	0.003790	1.9
693	-1.031570	182.015217	0.009426	1.5
694	-1.724355	181.877813	0.007364	1.5
695	-0.016581	181.740684	0.001275	1.6
696	-0.484718	181.603832	0.007476	1.6
697	-1.540437	181.467253	0.018409	1.9
698	-1.148515	181.330948	0.005589	1.7
699	-1.129727	181.194916	0.003913	1.8
700	-0.000000	181.059155	0.000000	2.0
701	-0.358195	180.923666	0.006127	1.8
702	-0.006857	180.788446	0.000641	1.5
703	-1.533720	180.653496	0.016650	1.6
704	-1.635673	180.518814	0.019357	1.5
705	-1.633760	180.384399	0.006058	1.5
706	-1.440344	180.250251	0.003774	1.8
707	-1.373921	180.116369	0.007573	1.7
708	-1.281352	179.982752	0.006162	1.5
709	-1.459204	179.849398	0.015194	1.8
710	-1.621403	179.716308	0.014752	2.0
711	-1.713991	179.583480	0.030636	1.6
712	-1.474104	179.450913	0.005247	2.0
713	-1.954333	179.318607	0.013750	2.0
714	-0.139325	179.186561	0.002771	1.6
715	-1.793579	179.054774	0.026408	1.6
716	-0.000000	178.923245	0.000000	1.9
717	-0.000011	178.791973	0.000002	2.0
718	-0.081530	178.660958	0.002773	1.6
719	-1.072218	178.530199	0.006489	2.1
720	-0.000000	178.399694	0.000000	2.2
721	-1.613012	178.269444	0.029748	1.7
722	-0.000000	178.139447	0.000000	1.5
723	-1.640039	178.009702	0.005030	1.8
724	-1.772694	177.880209	0.005134	1.6
725	-1.935491	177.750967	0.006915	1.6
726	-1.079795	177.621975	0.006661	2.1
727	-0.154757	177.493232	0.003020	2.1
728	-1.551868	177.364738	0.004909	1.7
729	-0.431127	177.236492	0.006360	1.8
730	-1.553146	177.108492	0.003704	1.9
731	-1.716340	176.980739	0.013036	4.4
732	-1.046599	176.853231	0.008028	2.2
733	-0.738165	176.725968	0.006528	2.0
734	-1.777096	176.598949	0.028760	1.6
735	-1.455961	176.472173	0.007837	2.0
736	-0.000000	176.345639	0.000000	1.7
737	-1.646025	176.219348	0.002859	1.5
738	-0.912491	176.093296	0.007274	1.5
739	-1.474947	175.967486	0.015331	1.4
740	-1.175767	175.841914	0.011511	1.9
741	-1.227999	175.716581	0.007551	1.5
742	-1.725863	175.591486	0.008903	1.5
743	-1.721748	175.466629	0.021348	1.5
744	-1.540014	175.342008	0.009422	1.5
745	-0.000000	175.217622	0.000000	1.5
746	-1.654499	175.093472	0.000952	1.7
747	-1.332919	174.969556	0.014094	2.1
748	-0.188276	174.845873	0.004179	1.9
749	-1.774963	174.722423	0.010303	1.9
750	-1.926663	174.599206	0.004621	1.7
751	-1.544718	174.476220	0.008573	1.5
752	-1.131761	174.353464	0.002743	1.5
753	-1.044794	174.230939	0.003368	1.5
754	-0.000001	174.108643	0.000000	1.5
755	-1.157553	173.986576	0.014441	1.6
756	-0.000000	173.864737	0.000000	1.5
757	-1.138654	173.743124	0.007012	1.9
758	-1.274871	173.621739	0.003186	1.9
759	-1.433259	173.500579	0.004190	1.5
760	-1.708508	173.379645	0.007661	1.5
761	-1.525760	173.258935	0.011548	1.4
762	-0.250558	173.138449	0.005666	1.5
763	-1.008681	173.018186	0.006768	1.5
764	-0.000000	172.898146	0.000000	1.5
765	-1.394267	172.778327	0.012655	1.6
766	-1.365870	172.658730	0.009107	1.5
767	-1.047861	172.539353	0.007063	1.5
768	-0.000011	172.420196	0.000000	1.4
769	-0.950661	172.301258	0.003284	1.5
770	-1.237151	172.182539	0.008595	1.5
771	-1.771060	172.064037	0.013873	1.4
772	-0.878458	171.945753	0.005635	1.5
773	-1.244027	171.827686	0.007914	1.5
774	-0.921183	171.709834	0.008110	1.4
775	-1.571161	171.592198	0.010480	1.5
776	-1.807312	171.474776	0.005860	1.7
777	-1.458850	171.357568	0.009470	1.5
778	-0.589607	171.240574	0.005899	1.5
779	-0.000000	171.123793	0.000000	1.4
780	-0.850714	171.007223	0.002557	1.5
781	-1.578901	170.890865	0.005119	1.6
782	-0.000000	170.774718	0.000000	1.7
783	-1.385796	170.658782	0.013916	1.7
784	-0.000013	170.543055	0.000000	1.5
785	-1.737206	170.427537	0.007297	1.5
786	-1.850765	170.312227	0.021274	1.5
787	-1.792870	170.197125	0.002497	1.5
788	-1.533470	170.082231	0.008272	1.6
789	-1.678255	169.967543	0.024582	1.5
790	-1.545755	169.853061	0.012378	5.0
791	-1.364758	169.738784	0.004171	2.1
792	-1.590855	169.624713	0.008177	1.7
793	-1.343030	169.510845	0.001775	1.6
794	-1.130672	169.397181	0.005778	1.7
795	-0.594940	169.283720	0.006538	1.5
796	-0.765651	169.170462	0.005160	2.2
797	-1.568838	169.057405	0.006673	1.8
798	-1.289421	168.944549	0.014304	1.8
799	-0.111198	168.831895	0.003514	1.7
800	-1.993380	168.719440	0.009562	1.8
801	-1.602394	168.607185	0.016943	1.6
802	-1.587729	168.495129	0.008542	1.9
803	-0.998296	168.383271	0.005826	1.8
804	-1.674628	168.271611	0.069236	1.9
805	-1.194362	168.160148	0.008080	1.8
806	-1.459429	168.048882	0.007992	1.9
807	-0.260302	167.937812	0.005815	1.9
808	-1.045218	167.826938	0.001954	2.1
809	-1.280539	167.716258	0.020987	2.0
810	-0.455304	167.605773	0.011517	1.6
811	-1.909891	167.495482	0.021689	1.5
812	-1.129685	167.385384	0.008146	1.6
813	-0.000000	167.275479	0.000000	1.8
814	-0.000011	167.165766	0.000000	1.5
815	-1.853829	167.056245	0.003355	1.5
816	-1.504030	166.946915	0.002885	1.8
817	-0.370891	166.837776	0.006495	1.8
818	-0.341031	166.728826	0.008518	1.6
819	-0.000000	166.620067	0.000000	1.9
820	-0.640130	166.511496	0.008460	1.9
821	-1.191367	166.403113	0.001918	1.5
822	-0.369325	166.294919	0.005021	1.8
823	-1.293522	166.186912	0.005813	1.8
824	-1.676078	166.079091	0.036117	1.7
825	-0.759249	165.971458	0.006496	1.7
826	-1.135152	165.864009	0.001303	2.0
827	-0.037898	165.756747	0.001171	1.8
828	-0.000000	165.649669	0.000000	1.8
829	-1.053199	165.542775	0.007615	1.7
830	-0.000060	165.436065	0.000016	1.9
831	-1.550849	165.329538	0.003519	1.7
832	-1.867087	165.223194	0.013057	1.9
833	-1.989873	165.117032	0.015506	1.8
834	-1.548204	165.011052	0.013666	1.6
835	-1.652094	164.905253	0.010991	1.5
836	-1.352761	164.799635	0.007440	1.9
837	-1.169590	164.694197	0.002507	1.6
838	-1.225781	164.588939	0.003402	1.7
839	-1.628117	164.483859	0.015064	1.7
840	-1.393442	164.378959	0.006121	1.7
841	-1.700127	164.274237	0.021606	2.2
842	-1.605256	164.169692	0.011759	1.7
843	-1.812367	164.065325	0.003501	1.6
844	-1.242387	163.961135	0.010546	1.6
845	-1.247915	163.857120	0.003896	1.6
846	-0.002781	163.753282	0.000427	1.6
847	-1.124157	163.649619	0.003159	1.5
848	-1.746712	163.546130	0.009971	1.9
849	-0.000000	163.442816	0.000000	1.7
850	-0.000001	163.339676	0.000000	1.9
851	-0.000000	163.236709	0.000000	2.2
852	-0.739657	163.133915	0.005926	2.0
853	-0.000019	163.031294	0.000000	1.5
854	-1.779755	162.928844	0.004853	2.0
855	-0.000000	162.826566	0.000000	1.6
856	-0.549022	162.724459	0.005893	1.7
857	-1.761701	162.622523	0.005095	1.7
858	-0.205647	162.520757	0.004040	1.7
859	-0.000002	162.419160	0.000000	1.8
860	-0.963279	162.317733	0.004009	1.5
861	-0.668845	162.216474	0.005227	1.5
862	-1.465807	162.115383	0.008168	1.6
863	-0.000015	162.014461	0.000000	1.6
864	-0.984776	161.913705	0.019531	1.6
865	-1.565933	161.813117	0.003827	1.7
866	-0.763298	161.712695	0.005656	1.8
867	-0.438188	161.612439	0.006692	1.6
868	-0.000000	161.512349	0.000000	1.7
869	-1.599976	161.412424	0.031170	1.9
870	-1.277601	161.312663	0.005880	1.8
871	-0.068474	161.213067	0.002789	1.5
872	-1.949932	161.113635	0.014430	1.9
873	-0.884009	161.014366	0.005843	1.8
874	-1.079632	160.915260	0.002039	1.6
875	-1.053304	160.816316	0.005153	1.6
876	-1.275816	160.717535	0.009162	1.9
877	-1.245813	160.618915	0.007380	1.6
878	-1.148165	160.520456	0.019114	1.6
879	-0.000000	160.422158	0.000000	1.9
880	-1.611329	160.324021	0.008238	1.8
881	-2.023021	160.226043	0.007957	1.8
882	-1.103784	160.128225	0.003019	1.7
883	-1.365806	160.030566	0.003572	1.8
884	-1.399871	159.933066	0.007026	1.8
885	-1.705885	159.835723	0.009556	1.7
886	-1.710704	159.738539	0.003701	1.6
887	-0.543704	159.641512	0.007801	1.6
888	-0.000002	159.544642	0.000000	1.8
889	-1.360880	159.447929	0.005196	1.7
890	-0.000000	159.351372	0.000000	1.6
891	-1.618739	159.254971	0.007486	1.7
892	-1.692816	159.158725	0.013498	1.6
893	-1.016778	159.062634	0.010018	2.0
894	-1.235002	158.966697	0.008654	1.9
895	-1.223579	158.870915	0.004857	1.5
896	-1.375641	158.775286	0.003341	1.7
897	-1.479669	158.679811	0.006668	1.7
898	-1.947559	158.584489	0.011918	1.9
899	-1.537440	158.489319	0.012024	2.1
900	-1.857592	158.394302	0.004800	1.6
901	-0.028738	158.299436	0.001322	2.0
902	-1.677892	158.204721	0.010385	1.8
903	-1.806750	158.110158	0.016625	2.0
904	-0.000000	158.015745	0.000000	3.5
905	-1.292191	157.921482	0.003854	2.3
906	-1.276077	157.827369	0.005711	1.6
907	-0.000143	157.733406	0.000038	1.6
908	-0.663431	157.639591	0.003468	1.6
909	-1.501371	157.545925	0.025536	1.7
910	-0.000011	157.452408	0.000000	2.0
911	-0.722146	157.359038	0.001513	5.3
912	-0.763701	157.265816	0.006713	2.3
913	-1.294296	157.172741	0.003386	1.5
914	-1.655083	157.079813	0.004593	1.6
915	-0.588395	156.987031	0.007041	1.6
916	-0.929813	156.894395	0.004450	1.5
917	-0.158825	156.801904	0.005584	1.6
918	-1.307964	156.709559	0.008979	1.7
919	-1.257274	156.617359	0.006986	1.6
920	-1.404242	156.525304	0.017813	1.5
921	-1.194376	156.433392	0.001707	1.8
922	-1.325601	156.341624	0.023239	1.6
923	-0.000000	156.250000	0.000000	1.6
924	-1.778448	156.158519	0.015440	1.6
925	-1.564983	156.067180	0.005901	1.6
926	-0.721454	155.975984	0.006989	1.7
927	-1.572543	155.884930	0.021088	2.0
928	-1.225664	155.794017	0.010098	1.9
929	-1.556143	155.703246	0.004945	1.6
930	-1.837084	155.612615	0.005204	1.7
931	-0.000000	155.522125	0.000000	2.0
932	-1.420084	155.431775	0.006787	1.7
933	-0.000000	155.341565	0.000000	1.8
934	-1.405770	155.251495	0.004130	1.7
935	-0.858278	155.161563	0.002545	1.5
936	-1.537034	155.071771	0.010297	1.8
937	-1.469845	154.982117	0.002403	1.8
938	-1.924360	154.892601	0.004861	1.6
939	-0.853926	154.803222	0.003030	1.7
940	-0.578881	154.713981	0.005976	1.6
941	-1.712690	154.624878	0.004443	1.9
942	-1.557413	154.535910	0.009264	2.0
943	-0.503241	154.447080	0.005565	1.9
944	-1.112405	154.358385	0.005228	1.9
945	-0.886565	154.269826	0.001733	1.7
946	-0.688762	154.181402	0.009370	1.9
947	-0.919849	154.093114	0.004947	2.0
948	-0.003048	154.004960	0.000176	2.0
949	-0.000001	153.916940	0.000000	1.9
950	-1.073683	153.829054	0.002360	1.7
951	-1.257062	153.741303	0.008411	4.5
952	-1.244747	153.653684	0.011879	2.1
953	-1.469574	153.566198	0.010520	1.5
954	-1.938011	153.478846	0.012296	1.6
955	-0.591688	153.391625	0.008190	1.5
956	-1.447122	153.304537	0.005730	1.8
957	-1.136477	153.217580	0.009898	1.6
958	-1.621134	153.130755	0.011850	1.5
959	-0.286131	153.044061	0.004863	1.6
960	-1.050270	152.957498	0.002245	1.8
961	-1.127569	152.871065	0.001844	2.1
962	-1.665582	152.784762	0.008866	2.0
963	-1.474932	152.698589	0.023858	2.9
964	-1.427724	152.612545	0.003709	2.0
965	-0.838694	152.526631	0.006797	2.0
966	-1.042551	152.440845	0.004614	1.9
967	-1.060995	152.355188	0.005347	1.7
968	-1.119120	152.269660	0.005637	2.5
969	-1.775578	152.184259	0.018730	1.5
970	-1.119987	152.098986	0.002181	1.8
971	-1.476915	152.013840	0.048159	1.9
972	-1.145547	151.928821	0.008595	2.0
973	-0.000000	151.843928	0.000000	2.0
974	-0.000000	151.759163	0.000000	2.2
975	-1.449217	151.674523	0.013859	1.5
976	-1.803232	151.590009	0.031056	1.6
977	-1.184298	151.505620	0.007700	2.0
978	-0.273208	151.421357	0.004691	1.6
979	-1.312963	151.337218	0.006154	1.8
980	-0.000000	151.253204	0.000000	1.8
981	-0.654119	151.169314	0.002173	1.8
982	-1.057638	151.085549	0.010413	1.8
983	-1.172420	151.001907	0.008866	1.9
984	-1.374737	150.918388	0.022591	1.8
985	-1.169676	150.834992	0.003045	1.9
986	-0.000000	150.751719	0.000000	1.6
987	-0.960406	150.668569	0.003181	1.7
988	-1.643385	150.585541	0.006694	1.7
989	-0.914124	150.502634	0.005512	1.8
990	-1.659737	150.419849	0.025586	2.2
991	-1.413174	150.337186	0.006637	1.9
992	-1.803359	150.254644	0.005003	1.5
993	-1.167549	150.172222	0.005826	1.6
994	-1.158451	150.089921	0.001871	1.6
995	-0.825068	150.007740	0.002663	1.7
996	-1.301798	149.925679	0.005590	1.7
997	-0.000000	149.843737	0.000000	1.8
998	-0.323995	149.761915	0.006532	2.0
999	-1.107345	149.680212	0.006485	1.9
1000	-1.107396	149.598627	0.006999	1.7
1001	-1.338102	149.517161	0.003807	1.7
1002	-1.159165	149.435814	0.007666	3.8
1003	-1.955928	149.354584	0.010029	1.9
1004	-1.237309	149.273472	0.008404	1.7
1005	-1.745725	149.192477	0.010473	1.8
1006	-1.546446	149.111599	0.010372	1.8
1007	-1.315241	149.030838	0.009341	1.7
1008	-0.000000	148.950194	0.000000	1.7
1009	-0.974691	148.869666	0.003101	1.9
1010	-0.694296	148.789253	0.007541	1.8
1011	-0.585319	148.708957	0.008917	2.1
1012	-1.478093	148.628776	0.007214	1.7
1013	-1.711116	148.548710	0.023725	1.8
1014	-1.901514	148.468759	0.006452	1.8
1015	-1.186214	148.388923	0.004630	1.8
1016	-1.411124	148.309201	0.008740	1.8
1017	-0.161986	148.229594	0.003532	1.8
1018	-1.902639	148.150100	0.009768	1.9
1019	-1.395906	148.070719	0.004683	1.8
1020	-1.736972	147.991452	0.010366	1.7
1021	-1.333472	147.912298	0.007395	1.9
1022	-0.906680	147.833257	0.001688	1.6
1023	-1.466673	147.754329	0.013722	1.5
1024	-0.750382	147.675512	0.004578	1.7
1025	-0.381313	147.596808	0.005493	1.8
1026	-1.536505	147.518216	0.004982	1.7
1027	-1.161293	147.439735	0.002097	1.5
1028	-1.667724	147.361365	0.007524	1.5
1029	-0.651437	147.283106	0.007793	1.6
1030	-1.811635	147.204958	0.005924	1.5
1031	-1.632563	147.126920	0.003692	1.5
1032	-1.109472	147.048993	0.004493	1.6
1033	-0.000011	146.971175	0.000004	1.5
1034	-0.027691	146.893468	0.001557	1.5
1035	-0.882571	146.815869	0.004178	1.6
1036	-0.274696	146.738380	0.004752	1.6
1037	-1.506531	146.661000	0.014690	1.5
1038	-1.620835	146.583729	0.002178	1.8
1039	-1.516473	146.506566	0.003554	1.5
1040	-1.399202	146.429511	0.015231	1.6
1041	-0.654695	146.352565	0.008350	1.5
1042	-0.055439	146.275726	0.002258	1.5
1043	-1.158225	146.198994	0.006036	1.6
1044	-1.337344	146.122370	0.009153	1.8
1045	-1.495879	146.045853	0.025086	1.8
1046	-1.789479	145.969442	0.005574	1.6
1047	-1.163488	145.893139	0.004611	1.5
1048	-0.313673	145.816941	0.006390	1.6
1049	-0.000000	145.740849	0.000000	1.6
1050	-1.500876	145.664863	0.007450	1.6
1051	-1.411484	145.588983	0.009450	1.7
1052	-1.093136	145.513208	0.002143	1.8
1053	-1.897760	145.437538	0.030272	1.8
1054	-1.707506	145.361973	0.002986	1.6
1055	-1.546954	145.286513	0.003891	1.7
1056	-1.124903	145.211157	0.008110	1.7
1057	-0.009337	145.135905	0.000976	1.6
1058	-1.526843	145.060757	0.006024	3.3
1059	-1.563330	144.985712	0.013973	1.9
1060	-1.125991	144.910771	0.010342	1.7
1061	-0.810382	144.835934	0.006288	1.8
1062	-0.000000	144.761199	0.000000	1.7
1063	-1.206053	144.686567	0.022044	1.8
1064	-0.933078	144.612037	0.004072	2.0
1065	-1.428373	144.537610	0.006388	1.6
1066	-1.594829	144.463285	0.002146	1.7
1067	-0.028833	144.389062	0.002606	1.8
1068	-1.112214	144.314940	0.017510	1.9
1069	-1.209935	144.240920	0.006425	1.6
1070	-1.213581	144.167001	0.004330	1.8
1071	-1.836085	144.093182	0.020849	1.8
1072	-1.396020	144.019465	0.010822	1.9
1073	-1.511864	143.945848	0.004372	1.9
1074	-1.377553	143.872331	0.005924	1.6
1075	-1.690530	143.798914	0.009320	2.1
1076	-1.589083	143.725597	0.004587	1.9
1077	-0.845984	143.652380	0.003275	2.0
1078	-1.676200	143.579262	0.009811	1.9
1079	-1.217375	143.506243	0.006771	1.7
1080	-1.055431	143.433323	0.007691	1.5
1081	-1.810361	143.360502	0.009596	2.0
1082	-1.397608	143.287780	0.019999	1.7
1083	-1.538726	143.215155	0.029777	1.7
1084	-1.960910	143.142629	0.008283	1.9
1085	-1.036160	143.070201	0.002982	1.7
1086	-0.009271	142.997870	0.000796	1.8
1087	-1.047630	142.925637	0.009187	1.7
1088	-0.049963	142.853501	0.001659	2.0
1089	-1.494711	142.781462	0.003525	1.6
1090	-0.010472	142.709519	0.000872	1.8
1091	-1.737709	142.637674	0.003628	1.8
1092	-1.208598	142.565924	0.004746	1.8
1093	-0.834141	142.494271	0.007928	1.7
1094	-0.273293	142.422714	0.004236	2.0
1095	-2.017018	142.351252	0.012030	1.6
1096	-1.236512	142.279886	0.003402	1.8
1097	-0.000000	142.208616	0.000000	1.5
1098	-1.169280	142.137440	0.005115	1.8
1099	-2.061821	142.066360	0.012424	1.9
1100	-1.313899	141.995374	0.006985	1.7
1101	-1.417884	141.924483	0.025663	1.7
1102	-0.053060	141.853685	0.002518	1.9
1103	-1.290740	141.782983	0.005935	1.8
1104	-0.774223	141.712373	0.002934	1.7
1105	-1.346399	141.641858	0.008308	2.0
1106	-1.425632	141.571436	0.008502	1.5
1107	-1.312158	141.501108	0.009223	1.8
1108	-1.605245	141.430872	0.007448	1.8
1109	-0.030296	141.360730	0.001351	1.5
1110	-0.017970	141.290680	0.001506	2.0
1111	-1.315367	141.220722	0.007975	4.2
1112	-0.029461	141.150857	0.001663	2.1
1113	-2.133728	141.081084	0.006332	1.6
1114	-1.486743	141.011403	0.017143	1.9
1115	-1.074968	140.941813	0.003353	1.5
1116	-1.049104	140.872315	0.009379	1.7
1117	-1.109879	140.802909	0.002255	1.8
1118	-1.699449	140.733593	0.006646	1.8
1119	-2.036185	140.664369	0.003981	1.8
1120	-1.302941	140.595235	0.003688	1.5
1121	-1.943141	140.526192	0.004477	1.8
1122	-1.030289	140.457239	0.004452	1.6
1123	-1.607507	140.388376	0.007172	1.5
1124	-1.340886	140.319603	0.004479	1.6
1125	-1.492699	140.250920	0.007865	2.5
1126	-0.553186	140.182326	0.007401	2.0
1127	-1.269662	140.113822	0.003728	1.7
1128	-1.162447	140.045407	0.003944	1.5
1129	-0.000000	139.977081	0.000000	1.7
1130	-1.538752	139.908844	0.004512	1.6
1131	-1.323878	139.840696	0.007089	2.3
1132	-0.790900	139.772635	0.007489	2.0
1133	-0.000000	139.704664	0.000000	1.8
1134	-0.029526	139.636780	0.001723	2.0
1135	-1.585906	139.568984	0.008650	2.0
1136	-1.691023	139.501276	0.004767	1.7
1137	-1.264402	139.433655	0.009259	1.5
1138	-1.163289	139.366122	0.007759	1.5
1139	-1.176624	139.298676	0.010047	1.6
1140	-0.495224	139.231317	0.006116	1.5
1141	-0.000000	139.164045	0.000000	1.5
1142	-1.471429	139.096859	0.004731	1.5
1143	-1.228166	139.029760	0.010147	1.5
1144	-0.153457	138.962747	0.004417	1.7
1145	-0.962036	138.895820	0.010537	1.6
1146	-0.976582	138.828978	0.005154	1.6
1147	-1.048251	138.762223	0.002562	1.5
1148	-1.553639	138.695553	0.003519	1.5
1149	-1.689199	138.628969	0.016969	1.6
1150	-1.144130	138.562469	0.002997	1.9
1151	-1.567007	138.496055	0.006692	1.7
1152	-1.624261	138.429725	0.002614	1.5
1153	-1.476504	138.363481	0.017294	1.6
1154	-1.710015	138.297320	0.002428	1.6
1155	-0.005797	138.231244	0.000724	1.6
1156	-0.659073	138.165252	0.005900	1.7
1157	-1.213222	138.099344	0.001708	1.6
1158	-1.589443	138.033520	0.005099	1.5
1159	-0.000004	137.967779	0.000001	1.5
1160	-1.171428	137.902122	0.007262	1.5
1161	-0.773192	137.836548	0.002837	1.5
1162	-0.766733	137.771057	0.006414	2.0
1163	-1.108698	137.705649	0.027657	1.5
1164	-1.684718	137.640324	0.016724	1.5
1165	-1.896534	137.575081	0.006856	1.7
1166	-1.687169	137.509921	0.015293	1.8
1167	-0.118752	137.444842	0.002202	1.7
1168	-1.853615	137.379846	0.003712	1.6
1169	-1.894919	137.314932	0.002825	1.6
1170	-1.233326	137.250100	0.006179	1.6
1171	-1.605368	137.185349	0.003391	1.5
1172	-1.414249	137.120680	0.006334	1.5
1173	-1.632701	137.056092	0.017188	1.6
1174	-1.325934	136.991585	0.010847	1.7
1175	-1.181258	136.927158	0.008971	1.8
1176	-1.457079	136.862813	0.004412	1.6
1177	-1.368903	136.798548	0.005440	1.6
1178	-1.567660	136.734363	0.007853	1.5
1179	-1.234720	136.670259	0.002812	1.5
1180	-0.000000	136.606235	0.000000	1.5
1181	-0.236763	136.542291	0.004898	1.7
1182	-0.104453	136.478426	0.002872	1.6
1183	-0.956463	136.414641	0.002574	1.6
1184	-1.540132	136.350936	0.032212	1.7
1185	-0.000000	136.287310	0.000000	1.8
1186	-1.302828	136.223763	0.025778	2.1
1187	-0.407489	136.160295	0.007160	1.5
1188	-1.953450	136.096905	0.005081	1.5
1189	-0.376385	136.033594	0.006333	1.5
1190	-0.970003	135.970362	0.002681	1.5
1191	-1.972708	135.907208	0.007727	1.5
1192	-0.000000	135.844133	0.000000	1.7
1193	-1.370206	135.781135	0.010393	1.5
1194	-1.790947	135.718215	0.026352	1.5
1195	-1.748130	135.655373	0.011638	1.9
1196	-0.833468	135.592608	0.002781	1.6
1197	-0.996863	135.529921	0.004112	1.4
1198	-0.098009	135.467311	0.002657	1.5
1199	-0.000000	135.404778	0.000000	1.4
1200	-0.743219	135.342322	0.006697	1.8
1201	-1.147673	135.279942	0.002377	2.1
1202	-1.382315	135.217640	0.001872	1.8
1203	-1.097411	135.155413	0.005513	1.6
1204	-0.000003	135.093263	0.000000	1.7
1205	-1.490222	135.031190	0.007562	2.5
1206	-1.578510	134.969192	0.001996	2.0
1207	-0.022275	134.907270	0.000870	1.4
1208	-1.397718	134.845424	0.009274	1.7
1209	-1.429454	134.783653	0.004327	1.5
1210	-1.609401	134.721958	0.004339	1.5
1211	-1.385439	134.660338	0.007619	1.4
1212	-0.410683	134.598793	0.008561	1.5
1213	-2.044001	134.537323	0.004433	1.8
1214	-1.542056	134.475927	0.003303	1.5
1215	-1.665895	134.414607	0.034012	1.7
1216	-1.036700	134.353361	0.006912	1.5
1217	-0.008457	134.292189	0.000617	1.6
1218	-1.174417	134.231092	0.008389	1.7
1219	-1.311697	134.170068	0.006364	1.5
1220	-1.897151	134.109119	0.006991	1.7
1221	-1.620045	134.048243	0.001106	1.5
1222	-1.136335	133.987441	0.010880	1.4
1223	-0.885981	133.926713	0.002138	1.5
1224	-1.076650	133.866057	0.003675	1.6
1225	-1.696082	133.805475	0.002162	1.7
1226	-1.042175	133.744966	0.007007	1.5
1227	-0.634812	133.684530	0.008109	1.5
1228	-1.072876	133.624167	0.004924	2.1
1229	-1.341267	133.563877	0.009289	1.7
1230	-1.062582	133.503658	0.003461	1.6
1231	-1.238426	133.443513	0.007471	1.5
1232	-0.000000	133.383439	0.000000	1.6
1233	-1.344806	133.323437	0.011644	1.6
1234	-0.663528	133.263508	0.007601	1.6
1235	-1.215590	133.203650	0.008843	1.7
1236	-2.025794	133.143864	0.009743	1.7
1237	-0.788000	133.084149	0.006408	1.5
1238	-0.959000	133.024506	0.007434	1.5
1239	-1.784868	132.964934	0.007030	1.5
1240	-1.189437	132.905433	0.001928	1.5
1241	-0.337226	132.846003	0.005683	1.6
1242	-1.531501	132.786643	0.009492	1.5
1243	-0.000000	132.727355	0.000000	2.0
1244	-1.277790	132.668137	0.008088	1.4
1245	-0.877870	132.608989	0.007744	1.7
1246	-1.253757	132.549912	0.005722	1.7
1247	-1.542670	132.490904	0.007646	1.5
1248	-0.000007	132.431967	0.000002	1.5
1249	-1.175753	132.373100	0.004916	1.5
1250	-1.420583	132.314302	0.006596	1.9
1251	-1.583456	132.255574	0.007672	1.9
1252	-1.919264	132.196916	0.001077	2.0
1253	-1.243074	132.138326	0.006687	1.8
1254	-1.979531	132.079806	0.007292	1.5
1255	-1.240152	132.021355	0.003846	1.5
1256	-0.904423	131.962973	0.002996	1.7
1257	-0.186217	131.904660	0.004737	1.6
1258	-1.522001	131.846415	0.009517	1.5
1259	-1.720182	131.788239	0.007334	1.5
1260	-0.000001	131.730131	0.000000	1.4
1261	-0.167196	131.672092	0.004142	1.5
1262	-1.410967	131.614121	0.004082	1.6
1263	-0.000000	131.556217	0.000000	1.6
1264	-1.243342	131.498382	0.003773	1.6
1265	-1.259350	131.440614	0.006864	1.8
1266	-0.639115	131.382914	0.008043	1.7
1267	-1.712540	131.325282	0.003094	1.6
1268	-1.506256	131.267717	0.004556	2.0
1269	-1.147955	131.210219	0.008262	2.0
1270	-1.609226	131.152788	0.002180	1.9
1271	-1.123386	131.095424	0.009824	2.1
1272	-1.186948	131.038127	0.011556	2.0
1273	-1.160167	130.980897	0.004814	1.7
1274	-0.000254	130.923733	0.000059	1.8
1275	-1.588160	130.866636	0.003736	1.6
1276	-0.000013	130.809605	0.000003	1.8
1277	-1.773792	130.752641	0.005416	2.0
1278	-1.272806	130.695742	0.009081	1.8
1279	-1.163952	130.638910	0.003870	1.9
1280	-0.852401	130.582143	0.008826	1.5
1281	-0.906970	130.525442	0.007536	1.6
1282	-1.772308	130.468807	0.004223	1.6
1283	-1.182582	130.412237	0.002274	1.6
1284	-0.000000	130.355733	0.000000	1.8
1285	-1.510004	130.299294	0.003534	1.6
1286	-0.000145	130.242920	0.000035	1.8
1287	-1.763340	130.186611	0.020694	1.5
1288	-1.476865	130.130366	0.004534	1.5
1289	-0.360049	130.074187	0.002332	1.6
1290	-0.000000	130.018072	0.000000	1.7
1291	-1.436572	129.962022	0.011762	1.9
1292	-0.000005	129.906036	0.000002	2.4
1293	-0.602296	129.850114	0.004271	2.3
1294	-1.582477	129.794257	0.004239	1.6
1295	-1.375511	129.738463	0.007214	1.5
1296	-1.605333	129.682734	0.003329	1.5
1297	-1.602785	129.627068	0.047066	1.5
1298	-1.132680	129.571466	0.002507	2.0
1299	-1.507089	129.515927	0.010664	1.6
1300	-1.027270	129.460452	0.006022	1.8
1301	-1.408401	129.405040	0.002696	1.4
1302	-1.553575	129.349692	0.005623	1.7
1303	-1.176774	129.294406	0.002940	1.7
1304	-0.971694	129.239183	0.007534	1.7
1305	-1.626343	129.184024	0.018791	1.5
1306	-0.000001	129.128927	0.000000	1.5
1307	-1.259906	129.073892	0.002277	1.5
1308	-1.388623	129.018921	0.005223	1.5
1309	-0.516512	128.964011	0.006614	1.8
1310	-1.047089	128.909164	0.009464	2.1
1311	-1.021147	128.854379	0.002566	1.9
1312	-1.347603	128.799656	0.000837	2.0
1313	-1.276616	128.744995	0.006156	1.8
1314	-1.633310	128.690396	0.010227	1.5
1315	-1.458524	128.635858	0.006209	1.6
1316	-0.000000	128.581382	0.000000	1.5
1317	-1.812894	128.526968	0.008992	1.5
1318	-1.205500	128.472615	0.010479	1.5
1319	-0.000024	128.418323	0.000001	1.5
1320	-1.089760	128.364092	0.004119	1.5
1321	-0.000000	128.309922	0.000000	1.6
1322	-1.138412	128.255814	0.005957	1.7
1323	-0.287570	128.201766	0.005897	1.6
1324	-1.450389	128.147778	0.009009	1.8
1325	-1.627591	128.093852	0.003895	1.5
1326	-1.046680	128.039985	0.004819	1.5
1327	-1.016430	127.986180	0.007159	1.9
1328	-1.931879	127.932434	0.012963	1.5
1329	-1.555404	127.878749	0.004847	1.5
1330	-1.455584	127.825123	0.021613	1.4
1331	-0.897764	127.771558	0.008182	2.0
1332	-0.000007	127.718052	0.000000	1.5
1333	-1.228755	127.664606	0.003399	1.5
1334	-1.659381	127.611220	0.004034	1.7
1335	-1.760726	127.557893	0.013268	1.6
1336	-1.603300	127.504625	0.006018	1.6
1337	-1.065673	127.451417	0.002403	1.5
1338	-1.090425	127.398268	0.006241	1.5
1339	-1.628767	127.345178	0.003715	1.5
1340	-0.000000	127.292147	0.000000	1.8
1341	-1.192984	127.239175	0.005517	1.9
1342	-1.095333	127.186261	0.005351	2.0
1343	-0.928418	127.133407	0.003367	1.6
1344	-1.821022	127.080610	0.009126	1.5
1345	-0.000000	127.027872	0.000000	1.5
1346	-1.761833	126.975193	0.008638	1.5
1347	-1.775150	126.922572	0.007309	1.5
1348	-0.187061	126.870008	0.003995	1.5
1349	-1.846709	126.817503	0.005190	1.5
1350	-2.003360	126.765056	0.004647	1.5
1351	-0.081701	126.712667	0.002544	1.5
1352	-1.396940	126.660335	0.005023	2.2
1353	-1.493074	126.608061	0.005935	1.6
1354	-1.152682	126.555844	0.007674	1.5
1355	-0.941322	126.503685	0.004960	1.5
1356	-1.200971	126.451583	0.003034	1.5
1357	-1.180463	126.399538	0.010094	1.4
1358	-0.004854	126.347550	0.000562	1.5
1359	-1.480117	126.295619	0.011822	1.5
1360	-1.544446	126.243745	0.006873	2.4
1361	-0.000002	126.191928	0.000000	1.6
1362	-0.000010	126.140168	0.000000	1.6
1363	-1.163530	126.088464	0.009181	1.8
1364	-0.000000	126.036817	0.000000	1.5
1365	-1.388423	125.985226	0.003690	1.4
1366	-1.643388	125.933691	0.003716	1.9
1367	-1.156192	125.882212	0.004061	1.4
1368	-1.175800	125.830790	0.014558	1.5
1369	-0.972258	125.779423	0.005455	1.7
1370	-1.348012	125.728113	0.015862	2.3
1371	-0.521481	125.676858	0.004721	1.5
1372	-0.000000	125.625659	0.000000	1.6
1373	-0.000001	125.574515	0.000000	1.6
1374	-0.000000	125.523427	0.000000	1.5
1375	-0.000001	125.472394	0.000000	1.6
1376	-1.753068	125.421417	0.006546	1.6
1377	-1.347744	125.370495	0.006531	1.7
1378	-0.481765	125.319628	0.007788	1.6
1379	-1.348309	125.268815	0.008020	1.5
1380	-0.926397	125.218058	0.009090	1.4
1381	-2.083800	125.167356	0.012206	1.5
1382	-1.107608	125.116708	0.003266	1.7
1383	-1.031330	125.066115	0.008744	1.8
1384	-0.538954	125.015576	0.008010	1.9
1385	-0.806658	124.965092	0.007128	1.7
1386	-0.771513	124.914662	0.003930	1.9
1387	-1.658628	124.864287	0.002042	1.5
1388	-1.720739	124.813965	0.003317	1.5
1389	-0.231713	124.763698	0.006693	1.7
1390	-1.430682	124.713485	0.004737	1.4
1391	-0.558034	124.663325	0.009850	1.5
1392	-1.314052	124.613219	0.006583	2.1
1393	-1.546663	124.563167	0.009295	1.6
1394	-1.054327	124.513168	0.005314	1.5
1395	-1.206881	124.463223	0.006403	2.0
1396	-1.581486	124.413332	0.004853	1.6
1397	-1.494107	124.363493	0.010923	1.5
1398	-1.498880	124.313708	0.026848	1.5
1399	-0.460270	124.263976	0.002206	1.9
1400	-0.096248	124.214297	0.002771	1.5
1401	-1.095201	124.164671	0.007213	2.0
1402	-0.950781	124.115097	0.022296	1.5
1403	-1.882970	124.065577	0.005068	2.4
1404	-0.116024	124.016109	0.003731	1.5
1405	-1.010608	123.966693	0.007512	1.5
1406	-0.000350	123.917330	0.000076	1.6
1407	-0.768537	123.868020	0.009101	1.5
1408	-0.778346	123.818762	0.002372	1.5
1409	-1.070246	123.769556	0.005502	1.7
1410	-2.054271	123.720402	0.007473	1.6
1411	-1.575589	123.671300	0.001470	1.6
1412	-0.000001	123.622250	0.000000	1.7
1413	-0.690730	123.573252	0.005767	1.6
1414	-1.420632	123.524305	0.004440	1.7
1415	-0.999911	123.475411	0.004109	1.5
1416	-1.601741	123.426568	0.004462	1.8
1417	-1.635585	123.377776	0.004074	1.5
1418	-2.019838	123.329036	0.001875	1.5
1419	-0.712443	123.280347	0.007726	1.5
1420	-0.000000	123.231709	0.000000	2.5
1421	-0.335996	123.183122	0.005218	1.7
1422	-1.135203	123.134587	0.003655	1.9
1423	-0.921958	123.086102	0.008011	1.5
1424	-1.218741	123.037669	0.002768	1.5
1425	-1.812628	122.989286	0.004857	1.9
1426	-1.542917	122.940954	0.003865	1.5
1427	-0.002731	122.892672	0.000390	1.5
1428	-1.820210	122.844441	0.014825	1.5
1429	-1.121702	122.796261	0.005199	1.5
1430	-1.166204	122.748130	0.006575	1.6
1431	-0.683066	122.700050	0.007453	1.6
1432	-1.564480	122.652021	0.001240	1.8
1433	-1.157229	122.604041	0.007887	1.9
1434	-0.000000	122.556111	0.000000	1.4
1435	-1.528710	122.508232	0.024050	1.4
1436	-0.643500	122.460402	0.001021	1.5
1437	-0.000000	122.412622	0.000000	1.6
1438	-0.000000	122.364891	0.000000	1.4
1439	-1.683839	122.317210	0.036554	1.6
1440	-0.269115	122.269579	0.004897	1.6
1441	-1.180787	122.221997	0.010360	1.6
1442	-0.000000	122.174465	0.000000	1.5
1443	-0.000000	122.126981	0.000000	1.5
1444	-1.442241	122.079547	0.015815	1.4
1445	-1.299304	122.032162	0.008521	1.5
1446	-1.226937	121.984826	0.003715	1.5
1447	-0.077364	121.937539	0.002521	1.5
1448	-0.709905	121.890301	0.006048	1.9
1449	-1.523304	121.843112	0.016062	1.6
1450	-0.000000	121.795971	0.000000	1.5
1451	-1.646599	121.748879	0.001044	1.5
1452	-1.794619	121.701835	0.005946	1.6
1453	-0.024944	121.654840	0.001555	1.6
1454	-1.823261	121.607893	0.004158	1.6
1455	-0.329082	121.560994	0.002395	1.9
1456	-1.009796	121.514144	0.002675	1.9
1457	-0.909178	121.467342	0.005126	1.6
1458	-1.366379	121.420588	0.001867	1.7
1459	-2.012868	121.373882	0.009699	1.6
1460	-1.088264	121.327223	0.006856	1.5
1461	-0.069782	121.280613	0.002891	1.5
1462	-1.654144	121.234050	0.009595	1.5
1463	-1.194250	121.187535	0.017033	1.9
1464	-0.000000	121.141067	0.000000	1.9
1465	-1.341971	121.094647	0.002942	1.7
1466	-0.933857	121.048274	0.005588	3.3
1467	-0.001478	121.001949	0.000223	2.1
1468	-0.990201	120.955671	0.003054	1.8
1469	-1.543187	120.909440	0.008421	1.9
1470	-0.000001	120.863256	0.000000	1.8
1471	-1.640475	120.817119	0.005893	1.6
1472	-1.274337	120.771029	0.047631	1.9
1473	-1.936390	120.724986	0.011443	1.7
1474	-0.000000	120.678990	0.000000	1.7
1475	-0.631432	120.633040	0.008680	1.5
1476	-0.601789	120.587137	0.004150	1.5
1477	-1.598828	120.541281	0.003750	1.4
1478	-1.267719	120.495471	0.006568	1.5
1479	-1.707421	120.449707	0.013565	2.0
1480	-1.458039	120.403990	0.007179	1.5
1481	-1.752558	120.358319	0.005250	1.4
1482	-0.230986	120.312694	0.004045	1.5
1483	-1.504731	120.267115	0.005585	1.5
1484	-0.000000	120.221582	0.000000	1.5
1485	-0.431398	120.176096	0.006927	1.6
1486	-1.286099	120.130655	0.009051	1.5
1487	-0.288785	120.085260	0.004456	1.8
1488	-1.514141	120.039910	0.010043	1.9
1489	-1.030639	119.994606	0.005919	1.4
1490	-1.136459	119.949348	0.001773	1.5
1491	-1.590514	119.904135	0.003538	1.5
1492	-1.302625	119.858968	0.008715	1.5
1493	-0.000000	119.813846	0.000000	1.7
1494	-0.984243	119.768769	0.010516	1.7
1495	-1.474947	119.723738	0.035328	1.8
1496	-1.394559	119.678752	0.018577	1.7
1497	-0.335358	119.633810	0.006508	1.7
1498	-1.061557	119.588914	0.006514	1.5
1499	-1.017996	119.544062	0.003726	1.5
1500	-1.273238	119.499256	0.017869	1.6
1501	-0.198322	119.454494	0.003818	1.6
1502	-1.628285	119.409777	0.011126	1.4
1503	-0.869743	119.365104	0.005943	1.5
1504	-1.729445	119.320476	0.022217	1.5
1505	-0.776472	119.275893	0.003434	1.4
1506	-0.000261	119.231353	0.000059	1.6
1507	-2.031847	119.186859	0.002693	1.9
1508	-0.000000	119.142408	0.000000	1.5
1509	-0.000001	119.098002	0.000000	1.5
1510	-0.257435	119.053639	0.004905	1.5
1511	-0.930230	119.009321	0.010545	1.6
1512	-1.909515	118.965047	0.007967	1.7
1513	-1.027104	118.920816	0.005089	1.7
1514	-0.772498	118.876630	0.007952	1.6
1515	-0.406291	118.832487	0.007431	1.5
1516	-1.808642	118.788388	0.004071	1.5
1517	-1.332474	118.744332	0.007780	1.5
1518	-0.540296	118.700320	0.008400	1.4
1519	-1.392622	118.656352	0.008703	1.5
1520	-1.568582	118.612427	0.038915	1.5
1521	-1.798724	118.568545	0.009732	1.7
1522	-0.000000	118.524706	0.000000	1.5
1523	-1.287176	118.480911	0.004208	1.5
1524	-1.602945	118.437159	0.003928	1.5
1525	-1.215903	118.393450	0.007313	1.4
1526	-1.728099	118.349784	0.003978	1.6
1527	-1.243123	118.306160	0.007575	1.6
1528	-1.515693	118.262580	0.009058	1.6
1529	-1.446005	118.219042	0.005545	1.5
1530	-0.901046	118.175548	0.006387	1.5
1531	-1.348524	118.132095	0.002562	1.6
1532	-1.640676	118.088686	0.002182	1.9
1533	-1.170313	118.045319	0.002732	1.8
1534	-1.917842	118.001994	0.003656	1.8
1535	-1.741320	117.958712	0.005247	1.8
1536	-1.597668	117.915472	0.007700	1.9
1537	-0.792645	117.872274	0.004856	1.5
1538	-1.172497	117.829118	0.008324	1.5
1539	-1.179060	117.786005	0.007037	1.5
1540	-1.439639	117.742933	0.020751	1.5
1541	-1.824359	117.699904	0.010185	1.6
1542	-1.041349	117.656916	0.003704	1.5
1543	-1.526810	117.613971	0.007232	1.6
1544	-1.479148	117.571067	0.002198	1.5
1545	-1.978350	117.528205	0.008537	1.4
1546	-1.886599	117.485384	0.009815	1.5
1547	-1.252771	117.442605	0.004621	1.4
1548	-1.603037	117.399867	0.010332	1.5
1549	-1.144227	117.357171	0.005520	1.5
1550	-1.206535	117.314517	0.002118	1.5
1551	-1.752471	117.271903	0.004288	1.6
1552	-1.230433	117.229331	0.017031	1.7
1553	-0.126781	117.186800	0.002879	1.7
1554	-0.580209	117.144311	0.007544	1.5
1555	-0.000460	117.101862	0.000099	1.5
1556	-1.412873	117.059454	0.005568	1.5
1557	-1.649110	117.017087	0.004221	1.5
1558	-0.957223	116.974762	0.009043	2.0
1559	-0.000023	116.932476	0.000007	1.5
1560	-1.461480	116.890232	0.002536	1.5
1561	-1.218342	116.848028	0.007134	1.5
1562	-1.450630	116.805865	0.013374	1.5
1563	-0.058687	116.763743	0.002304	1.5
1564	-1.279826	116.721661	0.008331	1.6
1565	-0.425400	116.679619	0.006795	1.6
1566	-1.817005	116.637618	0.029703	1.5
1567	-1.123371	116.595657	0.004220	1.6
1568	-0.366933	116.553736	0.005995	1.5
1569	-0.428902	116.511855	0.007210	1.7
1570	-1.764683	116.470015	0.004269	1.5
1571	-0.990938	116.428214	0.005369	1.8
1572	-1.592812	116.386454	0.009395	1.5
1573	-0.949930	116.344733	0.006876	2.0
1574	-0.000000	116.303052	0.000000	1.7
1575	-1.689782	116.261412	0.002811	1.4
1576	-0.041901	116.219810	0.001843	1.6
1577	-1.483210	116.178249	0.028752	1.5
1578	-0.328388	116.136727	0.004452	1.5
1579	-0.000000	116.095245	0.000000	1.4
1580	-0.000000	116.053802	0.000000	1.5
1581	-1.207828	116.012398	0.007503	1.4
1582	-1.561109	115.971034	0.008983	1.6
1583	-1.474241	115.929710	0.011669	2.0
1584	-1.809321	115.888424	0.004270	1.5
1585	-1.397766	115.847178	0.005003	1.7
1586	-1.074664	115.805970	0.005176	1.7
1587	-0.048442	115.764802	0.002742	4.1
1588	-1.652235	115.723673	0.006791	1.7
1589	-1.324937	115.682583	0.011057	1.6
1590	-1.615307	115.641532	0.003696	1.6
1591	-0.000001	115.600519	0.000000	1.7
1592	-1.476234	115.559546	0.013335	1.9
1593	-0.000001	115.518610	0.000000	1.6
1594	-1.722541	115.477714	0.012834	1.6
1595	-0.987640	115.436856	0.002114	1.5
1596	-0.875483	115.396037	0.009874	1.7
1597	-0.000013	115.355256	0.000000	1.6
1598	-1.594041	115.314514	0.003724	1.9
1599	-0.311997	115.273810	0.004594	1.5
1600	-0.630676	115.233144	0.007183	1.9
1601	-0.000000	115.192517	0.000000	1.6
1602	-1.411532	115.151927	0.012417	1.5
1603	-0.642626	115.111376	0.007130	1.7
1604	-0.978640	115.070863	0.017144	1.7
1605	-1.085604	115.030388	0.007590	1.5
1606	-0.000003	114.989951	0.000001	1.6
1607	-1.778462	114.949551	0.017497	1.6
1608	-0.552750	114.909190	0.007206	1.5
1609	-1.605976	114.868866	0.013978	1.5
1610	-1.549328	114.828580	0.006003	1.5
1611	-1.882871	114.788332	0.006074	1.7
1612	-1.219080	114.748121	0.015995	1.7
1613	-1.416593	114.707948	0.008667	1.7
1614	-1.300388	114.667812	0.008366	1.6
1615	-0.000002	114.627714	0.000000	1.6
1616	-1.596274	114.587653	0.018471	1.5
1617	-1.352194	114.547629	0.005282	1.9
1618	-0.883159	114.507643	0.009664	2.0
1619	-1.598645	114.467693	0.003551	1.5
1620	-0.000000	114.427781	0.000000	1.4
1621	-0.000000	114.387907	0.000000	1.7
1622	-0.213975	114.348069	0.005370	1.5
1623	-0.115198	114.308268	0.003127	1.6
1624	-0.161703	114.268504	0.002906	1.9
1625	-0.000000	114.228777	0.000000	1.9
1626	-0.772187	114.189086	0.002130	1.9
1627	-0.210862	114.149433	0.004435	1.6
1628	-1.716645	114.109816	0.007442	1.5
1629	-1.939447	114.070235	0.005331	1.5
1630	-1.807643	114.030692	0.006714	1.5
1631	-0.166299	113.991185	0.004615	1.5
1632	-1.848379	113.951714	0.007143	1.5
1633	-1.344121	113.912280	0.002078	1.5
1634	-0.754553	113.872882	0.005677	1.6
1635	-0.000000	113.833521	0.000000	1.6
1636	-0.902544	113.794195	0.009328	1.5
1637	-0.327687	113.754906	0.002357	1.4
1638	-1.253809	113.715653	0.004006	1.8
1639	-1.288273	113.676437	0.013253	1.7
1640	-1.834287	113.637256	0.017927	1.6
1641	-1.384379	113.598111	0.005769	1.7
1642	-1.747559	113.559002	0.003419	1.6
1643	-1.423111	113.519929	0.006267	1.5
1644	-1.705152	113.480892	0.004830	1.5
1645	-1.184329	113.441891	0.006276	1.6
1646	-1.320223	113.402925	0.010085	1.6
1647	-1.603584	113.363995	0.003057	1.6
1648	-1.768812	113.325101	0.001871	1.6
1649	-1.896004	113.286242	0.006428	1.5
1650	-1.382623	113.247419	0.005499	1.7
1651	-0.902880	113.208631	0.004378	1.5
1652	-0.959563	113.169879	0.002443	1.6
1653	-0.005832	113.131162	0.000276	1.6
1654	-1.686168	113.092480	0.004770	1.6
1655	-1.554970	113.053833	0.004563	1.7
1656	-1.692068	113.015222	0.005664	1.7
1657	-1.044297	112.976646	0.004149	1.5
1658	-0.000006	112.938105	0.000000	2.0
1659	-1.477052	112.899599	0.006502	1.8
1660	-1.049658	112.861128	0.016421	1.6
1661	-1.471983	112.822692	0.004212	1.9
1662	-0.460340	112.784291	0.004937	1.8
1663	-0.000000	112.745924	0.000000	1.7
1664	-1.246455	112.707593	0.011538	2.0
1665	-1.365018	112.669296	0.004682	1.4
1666	-1.933394	112.631034	0.007817	1.5
1667	-1.764907	112.592806	0.021756	1.6
1668	-1.324997	112.554613	0.003150	1.5
1669	-1.730913	112.516455	0.003534	1.5
1670	-1.585260	112.478331	0.006994	1.5
1671	-0.102179	112.440241	0.002573	1.5
1672	-0.175932	112.402186	0.004885	1.9
1673	-0.753238	112.364165	0.006781	1.7
1674	-0.513370	112.326179	0.005426	1.7
1675	-1.006595	112.288227	0.005135	1.5
1676	-1.505917	112.250309	0.003898	1.5
1677	-0.624925	112.212425	0.007658	1.5
1678	-0.713706	112.174575	0.009242	1.5
1679	-1.487807	112.136759	0.006143	1.4
1680	-1.443790	112.098977	0.005886	1.5
1681	-1.386212	112.061229	0.002793	1.5
1682	-1.238560	112.023515	0.006728	1.5
1683	-0.158682	111.985834	0.003764	1.5
1684	-0.000000	111.948188	0.000000	1.5
1685	-1.647798	111.910575	0.008062	1.5
1686	-0.007237	111.872996	0.000790	1.5
1687	-1.693069	111.835450	0.002761	1.5
1688	-2.017519	111.797939	0.007881	1.5
1689	-1.397949	111.760460	0.002818	2.0
1690	-0.000000	111.723015	0.000000	1.9
1691	-1.172142	111.685604	0.007336	1.6
1692	-1.554345	111.648226	0.002501	1.7
1693	-0.000000	111.610881	0.000000	1.9
1694	-0.958161	111.573570	0.007553	2.0
1695	-1.363790	111.536292	0.006618	1.5
1696	-1.809368	111.499047	0.003480	1.5
1697	-1.356403	111.461835	0.004721	1.4
1698	-1.350911	111.424656	0.003022	1.4
1699	-1.451611	111.387510	0.020929	1.5
1700	-1.426417	111.350398	0.004754	1.5
1701	-1.146160	111.313318	0.004503	1.7
1702	-0.982369	111.276271	0.006757	1.6
1703	-0.000001	111.239257	0.000000	1.9
1704	-1.720493	111.202276	0.004398	1.5
1705	-0.000000	111.165328	0.000000	1.5
1706	-0.989321	111.128412	0.007565	1.5
1707	-1.518033	111.091529	0.017813	1.6
1708	-1.935215	111.054679	0.016882	1.6
1709	-0.624769	111.017861	0.008269	1.6
1710	-1.105949	110.981076	0.002559	1.6
1711	-1.851748	110.944323	0.009465	1.6
1712	-1.299512	110.907603	0.004112	1.5
1713	-0.828228	110.870915	0.007463	1.7
1714	-0.000000	110.834259	0.000000	1.8
1715	-1.564564	110.797636	0.014382	1.7
1716	-0.000839	110.761045	0.000158	1.5
1717	-1.719371	110.724486	0.015392	1.7
1718	-1.553379	110.687959	0.007198	1.5
1719	-1.409907	110.651465	0.004959	1.5
1720	-0.106528	110.615002	0.003266	1.5
1721	-1.091625	110.578572	0.004252	1.5
1722	-1.797430	110.542173	0.007472	1.5
1723	-1.396852	110.505807	0.006087	1.5
1724	-1.255868	110.469472	0.003916	1.6
1725	-0.000000	110.433169	0.000000	1.7
1726	-1.590839	110.396898	0.007993	1.5
1727	-1.350963	110.360659	0.005393	1.5
1728	-1.546797	110.324451	0.010151	1.5
1729	-1.883897	110.288276	0.005170	1.6
1730	-0.018323	110.252131	0.001181	1.5
1731	-1.535855	110.216019	0.014594	1.9
1732	-1.435131	110.179937	0.007291	2.0
1733	-1.080088	110.143888	0.002015	1.7
1734	-1.639716	110.107869	0.005279	1.6
1735	-1.229317	110.071882	0.011760	1.6
1736	-0.524128	110.035927	0.008229	1.5
1737	-1.562574	110.000003	0.003964	1.5
1738	-0.000000	109.964110	0.000000	1.4
1739	-1.684125	109.928248	0.014252	1.5
1740	-1.068560	109.892417	0.008095	1.5
1741	-0.000003	109.856618	0.000000	1.8
1742	-0.985063	109.820850	0.005762	1.7
1743	-1.444471	109.785112	0.004948	1.7
1744	-1.839372	109.749406	0.014769	1.5
1745	-1.706874	109.713730	0.012397	1.6
1746	-1.827725	109.678086	0.008028	1.5
1747	-1.257564	109.642472	0.005650	1.7
1748	-0.270872	109.606890	0.005765	1.5
1749	-1.742729	109.571337	0.007025	1.5
1750	-1.402395	109.535816	0.004169	1.7
1751	-1.055392	109.500326	0.008440	1.7
1752	-1.017919	109.464866	0.001874	1.6
1753	-0.528254	109.429436	0.007612	1.5
1754	-0.004778	109.394038	0.000344	1.7
1755	-0.022326	109.358669	0.001048	1.9
1756	-0.000000	109.323331	0.000000	1.8
1757	-0.823334	109.288024	0.002106	1.7
1758	-0.871014	109.252747	0.003954	1.6
1759	-0.000000	109.217501	0.000000	1.7
1760	-1.125105	109.182284	0.002196	1.5
1761	-1.909435	109.147098	0.011009	1.8
1762	-1.570567	109.111942	0.004760	1.8
1763	-1.610487	109.076817	0.005036	1.5
1764	-0.948469	109.041721	0.002112	1.5
1765	-0.506074	109.006656	0.006426	1.8
1766	-1.101876	108.971620	0.006716	1.5
1767	-0.896091	108.936615	0.003221	1.5
1768	-0.914241	108.901640	0.002417	1.5
1769	-1.460812	108.866694	0.003853	1.6
1770	-1.382786	108.831779	0.008974	1.5
1771	-0.121603	108.796893	0.002488	1.5
1772	-2.084330	108.762037	0.012491	1.5
1773	-1.980147	108.727211	0.006040	1.6
1774	-0.000000	108.692415	0.000000	1.6
1775	-0.058765	108.657648	0.002450	1.6
1776	-0.691877	108.622911	0.008699	1.6
1777	-1.032830	108.588203	0.006567	1.6
1778	-1.126567	108.553525	0.001647	1.5
1779	-1.921998	108.518877	0.003348	1.5
1780	-2.040769	108.484258	0.005282	1.5
1781	-1.134721	108.449668	0.010221	1.5
1782	-1.814465	108.415108	0.002874	1.5
1783	-1.436959	108.380578	0.004320	1.5
1784	-1.769879	108.346076	0.005011	1.4
1785	-1.077351	108.311604	0.007872	1.5
1786	-1.162878	108.277161	0.006878	1.5
1787	-0.918541	108.242747	0.003729	1.4
1788	-1.951953	108.208363	0.002171	1.4
1789	-1.147701	108.174007	0.005682	1.5
1790	-0.000011	108.139681	0.000003	1.4
1791	-1.705346	108.105383	0.016959	1.5
1792	-1.487129	108.071115	0.006322	1.5
1793	-1.289643	108.036875	0.005239	1.5
1794	-0.000000	108.002665	0.000000	1.5
1795	-0.866037	107.968483	0.002134	1.6
1796	-1.554271	107.934330	0.004398	1.9
1797	-0.669074	107.900206	0.007771	1.5
1798	-1.393952	107.866111	0.007734	1.4
1799	-1.006732	107.832044	0.008950	1.4
1800	-1.484860	107.798007	0.008920	1.4
1801	-1.199282	107.763997	0.004885	1.7
1802	-0.893079	107.730017	0.003527	1.6
1803	-0.151655	107.696065	0.004169	1.8
1804	-1.313308	107.662141	0.008976	1.8
1805	-1.067970	107.628246	0.006035	1.6
1806	-0.894520	107.594379	0.001836	1.7
1807	-1.572444	107.560541	0.008553	1.9
1808	-1.516173	107.526731	0.003949	1.9
1809	-1.454646	107.492949	0.007034	1.6
1810	-0.000000	107.459196	0.000000	1.9
1811	-0.033181	107.425471	0.002977	2.2
1812	-1.566607	107.391774	0.009417	2.2
1813	-1.596496	107.358106	0.002900	1.6
1814	-1.148677	107.324465	0.001113	1.8
1815	-1.997184	107.290853	0.004496	1.6
1816	-0.000319	107.257268	0.000056	1.9
1817	-0.000000	107.223712	0.000000	1.9
1818	-1.560334	107.190184	0.007470	1.9
1819	-1.225450	107.156683	0.006370	1.8
1820	-1.553373	107.123211	0.003308	2.0
1821	-1.151766	107.089766	0.006093	2.0
1822	-1.649575	107.056349	0.056017	2.0
1823	-1.428680	107.022960	0.037983	1.9
1824	-1.090325	106.989599	0.004280	2.0
1825	-1.672743	106.956265	0.002400	1.9
1826	-0.733188	106.922960	0.002220	1.8
1827	-1.706383	106.889681	0.020247	1.5
1828	-0.000014	106.856431	0.000004	1.6
1829	-1.467439	106.823208	0.005238	1.5
1830	-1.811348	106.790012	0.009462	1.6
1831	-1.137409	106.756844	0.003743	1.7
1832	-1.262017	106.723703	0.002204	1.5
1833	-1.310640	106.690590	0.004152	1.6
1834	-0.644763	106.657505	0.007622	1.5
1835	-1.492169	106.624446	0.011405	1.9
1836	-1.256699	106.591415	0.019381	1.6
1837	-1.387488	106.558411	0.010777	1.5
1838	-0.000000	106.525435	0.000000	1.5
1839	-1.268154	106.492485	0.001551	1.5
1840	-1.492778	106.459563	0.012302	1.5
1841	-0.104591	106.426668	0.002604	1.9
1842	-1.731839	106.393800	0.007780	1.7
1843	-1.476989	106.360959	0.006923	1.7
1844	-0.721245	106.328145	0.006221	1.5
1845	-0.000012	106.295358	0.000000	1.5
1846	-1.435373	106.262598	0.015359	1.5
1847	-0.000585	106.229865	0.000117	1.5
1848	-1.699567	106.197158	0.018827	1.5
1849	-1.089425	106.164479	0.017051	1.7
1850	-1.024134	106.131826	0.005416	1.8
1851	-1.667648	106.099201	0.005783	2.1
1852	-1.532875	106.066602	0.005655	1.5
1853	-1.771643	106.034029	0.006763	1.7
1854	-1.916033	106.001483	0.012667	1.9
1855	-0.000017	105.968964	0.000000	1.9
1856	-1.474689	105.936472	0.004290	1.6
1857	-1.272073	105.904006	0.004078	1.5
1858	-1.873407	105.871566	0.004834	1.4
1859	-0.773636	105.839153	0.002507	1.6
1860	-1.181288	105.806767	0.008916	1.7
1861	-0.889675	105.774407	0.001948	1.5
1862	-1.233943	105.742073	0.015360	1.5
1863	-0.470659	105.709766	0.007304	1.5
1864	-2.004066	105.677485	0.011501	1.5
1865	-1.354761	105.645230	0.006333	1.5
1866	-1.563844	105.613001	0.002661	1.5
1867	-0.235751	105.580799	0.004895	1.4
1868	-1.385608	105.548623	0.006787	1.5
1869	-0.000001	105.516473	0.000000	1.5
1870	-1.013541	105.484349	0.003149	1.5
1871	-1.437872	105.452251	0.008925	1.5
1872	-0.311077	105.420179	0.005487	1.8
1873	-1.458173	105.388133	0.006286	1.5
1874	-1.041848	105.356113	0.005859	1.6
1875	-1.354763	105.324119	0.002005	1.6
1876	-0.037658	105.292151	0.001957	1.5
1877	-2.092119	105.260209	0.004931	1.5
1878	-1.763849	105.228293	0.003741	1.7
1879	-1.844836	105.196402	0.004316	1.5
1880	-0.077632	105.164537	0.002734	1.5
1881	-1.280366	105.132698	0.006910	2.1
1882	-1.665399	105.100885	0.001231	1.7
1883	-1.262553	105.069097	0.006158	1.6
1884	-1.728066	105.037335	0.007135	1.7
1885	-1.030107	105.005598	0.007421	1.7
1886	-1.277545	104.973887	0.002831	1.7
1887	-0.736614	104.942202	0.003978	1.7
1888	-1.374790	104.910542	0.003966	1.6
1889	-1.798751	104.878907	0.004382	1.6
1890	-1.148167	104.847298	0.005146	1.6
1891	-1.520145	104.815715	0.003203	1.5
1892	-1.053052	104.784156	0.004873	1.6
1893	-1.088970	104.752623	0.008136	1.7
1894	-1.828468	104.721116	0.007178	1.6
1895	-0.898527	104.689633	0.003201	2.0
1896	-1.221687	104.658176	0.005964	1.5
1897	-1.230129	104.626744	0.008939	1.6
1898	-1.536517	104.595337	0.008964	1.5
1899	-1.666123	104.563955	0.009291	1.5
1900	-1.010024	104.532599	0.008316	1.7
1901	-1.207532	104.501267	0.008925	3.0
1902	-1.649785	104.469960	0.002456	2.0
1903	-0.361428	104.438679	0.006667	1.7
1904	-1.754760	104.407422	0.010978	1.5
1905	-0.858723	104.376191	0.005890	1.7
1906	-1.610995	104.344984	0.012573	1.4
1907	-0.000211	104.313802	0.000054	1.5
1908	-1.296336	104.282645	0.001615	1.5
1909	-1.422700	104.251513	0.010734	1.5
1910	-1.276990	104.220405	0.002037	1.5
1911	-1.296400	104.189323	0.005650	1.5
1912	-0.847723	104.158265	0.008069	1.4
1913	-0.595909	104.127231	0.004809	1.6
1914	-1.003992	104.096222	0.001227	1.6
1915	-1.828447	104.065238	0.004426	1.9
1916	-1.363781	104.034279	0.002875	1.5
1917	-2.003364	104.003344	0.008767	1.6
1918	-1.759080	103.972433	0.004655	1.6
1919	-1.445184	103.941547	0.006159	1.7
1920	-1.326065	103.910686	0.016384	1.6
1921	-0.000000	103.879849	0.000000	1.7
1922	-1.827995	103.849036	0.003210	1.9
1923	-0.000000	103.818248	0.000000	1.5
1924	-1.474660	103.787484	0.011780	1.5
1925	-1.952368	103.756744	0.010977	1.5
1926	-1.528787	103.726029	0.003186	1.6
1927	-1.218142	103.695338	0.009610	1.5
1928	-0.245622	103.664671	0.005270	1.9
1929	-0.000018	103.634028	0.000000	1.7
1930	-1.565710	103.603409	0.004003	1.7
1931	-1.038061	103.572814	0.001938	1.5
1932	-0.016172	103.542244	0.001197	1.9
1933	-1.047866	103.511698	0.003489	1.7
1934	-0.000000	103.481175	0.000000	1.5
1935	-1.839469	103.450677	0.022483	1.9
1936	-0.000000	103.420202	0.000000	1.7
1937	-1.067982	103.389752	0.004959	1.5
1938	-1.055333	103.359325	0.008096	1.5
1939	-0.000493	103.328922	0.000090	1.5
1940	-0.000003	103.298543	0.000000	1.5
1941	-1.302083	103.268188	0.008825	1.5
1942	-2.052077	103.237857	0.003597	1.8
1943	-1.710681	103.207549	0.008663	1.5
1944	-1.147370	103.177265	0.002804	1.5
1945	-1.551305	103.147005	0.004832	1.8
1946	-0.987329	103.116768	0.003660	1.8
1947	-0.851090	103.086556	0.007065	4.5
1948	-0.379558	103.056366	0.004246	2.2
1949	-1.488310	103.026200	0.006090	1.5
1950	-0.922575	102.996058	0.002243	1.6
1951	-1.696680	102.965939	0.000655	1.6
1952	-0.000002	102.935844	0.000000	1.8
1953	-1.957877	102.905772	0.002461	1.5
1954	-0.000000	102.875724	0.000000	1.5
1955	-1.564289	102.845699	0.006347	1.4
1956	-1.187265	102.815697	0.003698	1.5
1957	-1.437324	102.785719	0.005539	1.4
1958	-1.085179	102.755764	0.002821	1.5
1959	-0.799893	102.725832	0.006254	1.5
1960	-1.208313	102.695924	0.003439	1.4
1961	-0.000243	102.666038	0.000044	1.5
1962	-1.136714	102.636176	0.003083	1.5
1963	-0.793071	102.606337	0.006867	1.5
1964	-1.491400	102.576521	0.006133	1.6
1965	-1.104915	102.546728	0.002664	1.5
1966	-0.916993	102.516959	0.002320	2.0
1967	-1.310398	102.487212	0.005632	2.2
1968	-1.545915	102.457488	0.036841	1.7
1969	-0.729159	102.427788	0.006817	1.4
1970	-1.484716	102.398110	0.005913	1.6
1971	-1.054727	102.368455	0.007752	1.8
1972	-0.000003	102.338823	0.000000	2.1
1973	-1.094245	102.309214	0.007649	1.8
1974	-1.152975	102.279628	0.003884	1.9
1975	-0.687250	102.250064	0.010304	1.8
1976	-0.072838	102.220524	0.001996	1.6
1977	-1.253286	102.191006	0.007649	1.6
1978	-1.741396	102.161511	0.025822	1.4
1979	-0.000172	102.132038	0.000041	1.5
1980	-1.855723	102.102588	0.001567	1.4
1981	-1.295069	102.073161	0.007193	1.5
1982	-1.111450	102.043757	0.006724	1.6
1983	-1.014347	102.014375	0.004106	1.9
1984	-0.324134	101.985015	0.005359	1.9
1985	-0.000070	101.955678	0.000016	1.4
1986	-0.275295	101.926364	0.005738	1.9
1987	-1.580870	101.897072	0.007581	1.4
1988	-0.056942	101.867802	0.001852	1.5
1989	-0.000000	101.838555	0.000000	1.7
1990	-1.202156	101.809330	0.001247	1.9
1991	-2.019736	101.780128	0.005333	1.8
1992	-0.698545	101.750948	0.006790	1.9
1993	-1.568043	101.721790	0.007040	1.7
1994	-0.000019	101.692654	0.000000	1.7
1995	-1.670188	101.663541	0.015061	1.5
1996	-1.240455	101.634450	0.003235	1.4
1997	-1.575629	101.605381	0.015598	1.5
1998	-1.280035	101.576335	0.024645	1.5
1999	-1.322081	101.547310	0.003185	1.9
