1:ItNr	2:Metric	3a:Time	3b:StepSize	4:||Gradient||	Time[ms]
0	-1.330960	0.000000	111.786887	0.004038	1704.9
1	-1.333041	0.000000	111.786887	0.047448	1.5
2	-0.981585	1.000000	106.705665	0.065293	1.4
3	-1.142299	2.000000	102.066288	0.083467	1.5
4	-0.872629	3.000000	97.813526	0.055902	3.8
5	-1.277231	4.000000	93.900985	0.087269	2.0
6	-0.822627	3.959644	94.052808	0.047038	1.4
7	-1.097479	4.959644	90.429769	0.077650	1.5
8	-0.987085	4.919288	90.570566	0.072520	3.2
9	-1.124060	5.919288	87.206043	0.083757	2.2
10	-0.959814	6.919288	84.082538	0.070408	1.6
11	-1.210798	7.919288	81.175048	0.101272	1.5
12	-0.819601	8.919288	78.461914	0.050729	1.7
13	-1.072919	9.919288	75.924277	0.091133	1.7
14	-0.934770	9.878933	76.023503	0.073735	1.4
15	-1.161722	10.878933	73.638746	0.109565	1.4
16	-0.836845	11.878933	71.399052	0.060121	4.2
17	-1.163460	12.878933	69.291576	0.092526	1.6
18	-0.987604	12.838577	69.374212	0.069089	1.7
19	-1.308563	13.838577	67.382908	0.086547	1.4
20	-0.964339	14.838577	65.502730	0.065597	1.4
21	-1.288073	15.838577	63.724628	0.057872	1.4
22	-1.094388	15.798221	63.794514	0.078430	1.4
23	-1.159505	16.798221	62.106749	0.092323	1.4
24	-1.053568	17.798221	60.505986	0.075923	1.4
25	-1.229211	18.798221	58.985667	0.103529	1.3
26	-0.938856	19.798221	57.539877	0.070949	1.5
27	-1.259844	20.798221	56.163266	0.078079	1.3
28	-1.025687	20.757865	56.217544	0.086815	1.4
29	-1.209469	21.757865	54.902755	0.094460	1.5
30	-0.978229	22.757865	53.648061	0.082658	1.4
31	-1.305774	23.757865	52.449432	0.082778	1.2
32	-1.053082	24.757865	51.303194	0.085142	1.3
33	-1.270017	25.757865	50.205984	0.082709	1.4
34	-1.060679	26.757865	49.154723	0.083015	1.2
35	-1.287065	27.757865	48.146583	0.087103	1.3
36	-1.022940	28.757865	47.178966	0.084615	1.3
37	-1.250683	29.757865	46.249475	0.091391	1.3
38	-1.004794	30.757865	45.355901	0.081588	1.3
39	-1.305159	31.757865	44.496202	0.043737	1.5
40	-1.193924	32.757865	43.668487	0.101458	1.3
41	-1.049120	33.757865	42.871003	0.085946	1.2
42	-1.265394	34.757865	42.102125	0.091999	1.4
43	-1.079211	35.757865	41.360340	0.085462	1.2
44	-1.257863	36.757865	40.644241	0.069217	1.4
45	-1.156290	37.757865	39.952517	0.093626	1.4
46	-1.241447	38.757865	39.283944	0.114346	1.2
47	-1.109991	39.757865	38.637378	0.098620	1.2
48	-1.308249	40.757865	38.011751	0.086813	1.2
49	-1.091347	41.757865	37.406062	0.093128	1.2
50	-1.301551	42.757865	36.819373	0.092848	1.2
51	-1.167001	43.757865	36.250803	0.102574	1.2
52	-1.263737	44.757865	35.699526	0.107017	1.2
53	-1.126801	45.757865	35.164765	0.092192	1.2
54	-1.267168	46.757865	34.645788	0.099229	1.4
55	-1.156163	47.757865	34.141907	0.097421	1.2
56	-1.292691	48.757865	33.652472	0.089246	1.6
57	-1.172231	49.757865	33.176872	0.109026	1.2
58	-1.209457	50.757865	32.714527	0.094318	1.2
59	-1.237459	51.757865	32.264891	0.112142	1.4
60	-1.156496	52.757865	31.827448	0.089489	1.7
61	-1.285664	53.757865	31.401708	0.090799	1.4
62	-1.183988	54.757865	30.987207	0.108615	1.5
63	-1.229806	55.757865	30.583506	0.102578	1.5
64	-1.179541	56.757865	30.190189	0.100438	1.3
65	-1.254382	57.757865	29.806859	0.108226	1.4
66	-1.154051	58.757865	29.433143	0.101268	1.4
67	-1.288635	59.757865	29.068681	0.089173	1.5
68	-1.205618	60.757865	28.713135	0.099194	1.3
69	-1.253491	61.757865	28.366181	0.104841	1.2
70	-1.185693	62.757865	28.027513	0.106446	1.2
71	-1.229620	63.757865	27.696835	0.108713	1.2
72	-1.193252	64.757865	27.373870	0.102674	1.2
73	-1.262722	65.757865	27.058349	0.085760	1.2
74	-1.253944	66.757865	26.750020	0.101029	1.2
75	-1.221456	67.757865	26.448638	0.106224	1.5
76	-1.258132	68.757865	26.153971	0.098846	1.3
77	-1.246843	69.757865	25.865798	0.092464	1.2
78	-1.238236	70.757865	25.583906	0.100806	2.0
79	-1.226543	71.757865	25.308092	0.107575	1.7
80	-1.239960	72.757865	25.038162	0.106997	1.4
81	-1.254039	73.757865	24.773929	0.098322	1.3
82	-1.255730	74.757865	24.515215	0.094198	1.3
83	-1.244795	75.757865	24.261848	0.105918	1.7
84	-1.219849	76.757865	24.013665	0.099357	1.4
85	-1.280086	77.757865	23.770508	0.094154	1.2
86	-1.260994	78.757865	23.532226	0.087874	1.2
87	-1.287255	79.757865	23.298674	0.101708	1.2
88	-1.176898	80.757865	23.069712	0.111056	1.6
89	-1.256990	81.757865	22.845206	0.085020	1.2
90	-1.292320	82.757865	22.625028	0.079535	1.5
91	-1.226123	83.757865	22.409054	0.089857	1.2
92	-1.282861	84.757865	22.197163	0.088085	1.6
93	-1.276172	85.757865	21.989243	0.089585	1.2
94	-1.274131	86.757865	21.785181	0.092721	1.2
95	-1.222110	87.757865	21.584872	0.095749	1.3
96	-1.244485	88.757865	21.388213	0.099539	1.2
97	-1.247358	89.757865	21.195105	0.088032	1.2
98	-1.255305	90.757865	21.005453	0.083993	1.6
99	-1.270713	91.757865	20.819165	0.104230	1.2
100	-1.264530	92.757865	20.636152	0.102325	1.4
101	-1.309034	93.757865	20.456329	0.095410	1.4
102	-1.264790	94.757865	20.279612	0.093274	1.2
103	-1.297900	95.757865	20.105923	0.092586	1.8
104	-1.270193	96.757865	19.935183	0.084893	1.3
105	-1.317581	97.757865	19.767319	0.074082	1.2
106	-1.259799	98.757865	19.602258	0.088195	1.6
107	-1.270734	99.757865	19.439931	0.091219	1.2
108	-1.304736	100.757865	19.280271	0.078339	1.2
109	-1.286868	101.757865	19.123212	0.064102	1.2
110	-1.312176	102.757865	18.968690	0.064014	1.2
111	-1.315396	103.757865	18.816646	0.074852	1.2
112	-1.287916	104.757865	18.667020	0.078372	1.3
113	-1.300284	105.757865	18.519755	0.071188	1.6
114	-1.289905	106.757865	18.374795	0.082149	1.2
115	-1.247853	107.757865	18.232087	0.100015	1.2
116	-1.306130	108.757865	18.091579	0.091545	1.4
117	-1.342276	109.757865	17.953219	0.084550	1.4
118	-1.285042	110.757865	17.816960	0.078388	1.2
119	-1.307533	111.757865	17.682754	0.078077	1.2
120	-1.317592	112.757865	17.550554	0.067748	1.2
121	-1.331696	113.757865	17.420316	0.045173	1.2
122	-1.316377	114.757865	17.291997	0.045876	1.2
123	-1.301336	115.757865	17.165555	0.049728	1.4
124	-1.304958	116.757865	17.040948	0.048747	1.2
125	-1.288173	117.757865	16.918137	0.048389	1.3
126	-1.319153	118.757865	16.797084	0.050629	1.3
127	-1.303738	119.757865	16.677751	0.050551	1.5
128	-1.304148	120.757865	16.560101	0.050600	1.2
129	-1.321872	121.757865	16.444100	0.046912	1.2
130	-1.297033	122.757865	16.329713	0.040863	2.7
131	-1.253458	123.757865	16.216906	0.031218	1.3
132	-1.313357	124.757865	16.105646	0.024536	1.2
133	-1.266490	125.757865	15.995903	0.025741	1.3
134	-1.348716	126.757865	15.887646	0.029777	1.2
135	-1.324108	127.757865	15.780844	0.033065	1.3
136	-1.303444	128.757865	15.675468	0.028410	1.2
137	-1.343618	129.757865	15.571490	0.026757	1.3
138	-1.313835	130.757865	15.468883	0.034313	1.5
139	-1.345676	131.757865	15.367619	0.038753	1.3
140	-1.343920	132.757865	15.267672	0.036352	1.2
141	-1.296033	133.757865	15.169017	0.037307	1.2
142	-1.306992	134.757865	15.071628	0.036142	1.3
143	-1.304952	135.757865	14.975482	0.029173	1.2
144	-1.314553	136.757865	14.880555	0.027689	1.3
145	-1.289969	137.757865	14.786824	0.026404	1.2
146	-1.329925	138.757865	14.694266	0.026971	1.2
147	-1.324069	139.757865	14.602860	0.027512	1.2
148	-1.321409	140.757865	14.512584	0.025285	1.2
149	-1.301685	141.757865	14.423417	0.020971	1.3
150	-1.309051	142.757865	14.335340	0.014989	1.3
151	-1.324148	143.757865	14.248331	0.010494	1.2
152	-1.297347	144.757865	14.162372	0.006196	1.4
153	-1.321789	145.757861	14.077445	0.006108	1.3
154	-1.328258	146.751240	13.994082	0.005639	1.3
155	-1.316496	147.722014	13.913565	0.003915	1.2
156	-1.300446	148.157359	13.877756	0.004628	1.1
157	-1.282731	148.806549	13.824700	0.003122	1.2
158	-1.312651	149.281529	13.786138	0.001749	1.2
159	-1.300992	149.298619	13.784754	0.003396	1.2
160	-1.336744	149.283874	13.785948	0.005541	1.2
161	-1.295519	149.358898	13.779877	0.009181	1.2
162	-1.308225	150.358707	13.699477	0.007310	1.2
163	-1.335042	151.358705	13.619995	0.007228	1.2
164	-1.298977	152.358597	13.541438	0.008498	1.2
165	-1.319014	153.358584	13.463774	0.007439	1.2
166	-1.326155	154.358580	13.386996	0.006877	1.2
167	-1.321753	155.358403	13.311102	0.008545	1.2
168	-1.305260	156.358382	13.236051	0.007213	1.2
169	-1.350511	157.358365	13.161842	0.005770	1.2
170	-1.314919	158.356038	13.088629	0.006670	1.2
171	-1.289075	159.353143	13.016267	0.003864	1.2
172	-1.306870	160.177307	12.957057	0.003080	1.2
173	-1.361099	160.408214	12.940564	0.002237	1.2
174	-1.294916	160.416819	12.939950	0.003497	1.2
175	-1.335020	160.565974	12.929320	0.003508	1.2
176	-1.290424	160.743875	12.916664	0.001681	1.2
177	-1.305507	160.771930	12.914671	0.003200	1.3
178	-1.314829	160.748046	12.916368	0.003959	1.4
179	-1.317277	160.969166	12.900673	0.004430	1.2
180	-1.300946	161.323075	12.875631	0.004540	1.2
181	-1.281376	162.082883	12.822196	0.003224	1.2
182	-1.330491	162.558172	12.788995	0.001629	1.2
183	-1.285452	162.548970	12.789637	0.002347	1.2
184	-1.323457	162.548568	12.789665	0.005747	1.2
185	-1.306374	162.843416	12.769153	0.005546	1.2
186	-1.330345	163.827779	12.701146	0.004309	1.2
187	-1.340812	164.700991	12.641422	0.003617	1.2
188	-1.313585	165.061459	12.616931	0.004301	1.2
189	-1.339884	165.522881	12.585719	0.003668	1.2
190	-1.329828	166.010499	12.552903	0.003885	1.1
191	-1.302165	166.330965	12.531429	0.005356	1.2
192	-1.331985	167.061313	12.482762	0.005474	1.6
193	-1.300396	168.020513	12.419417	0.005101	1.3
194	-1.312433	168.964105	12.357727	0.004615	1.5
195	-1.356171	169.890031	12.297785	0.004456	1.3
196	-1.328667	170.600330	12.252195	0.005446	1.5
197	-1.305975	171.424654	12.199708	0.005415	1.3
198	-1.311876	172.372860	12.139887	0.003743	1.3
199	-1.314283	172.994624	12.100978	0.001563	1.2
200	-1.340525	173.000286	12.100625	0.003826	1.3
201	-1.324785	172.974161	12.102254	0.007051	1.4
202	-1.313647	173.914034	12.043897	0.004176	1.4
203	-1.312278	174.870908	11.985060	0.004814	1.4
204	-1.311733	175.662981	11.936790	0.001929	1.5
205	-1.309060	175.879362	11.923670	0.005830	2.8
206	-1.351129	175.844421	11.925787	0.009842	1.3
207	-1.293239	176.844350	11.865513	0.007687	1.3
208	-1.355982	177.844350	11.805840	0.003379	1.3
209	-1.329768	178.256218	11.781437	0.003972	1.3
210	-1.320710	178.593495	11.761529	0.003511	2.5
211	-1.336242	178.580303	11.762306	0.005974	1.3
212	-1.294180	179.009340	11.737075	0.007670	1.7
213	-1.305781	180.008233	11.678749	0.004303	1.8
214	-1.318774	180.971946	11.623023	0.002253	1.3
215	-1.320297	180.950017	11.624285	0.004319	1.3
216	-1.348711	181.004660	11.621141	0.003636	1.3
217	-1.359482	181.387017	11.599186	0.002883	1.3
218	-1.321631	181.368996	11.600219	0.002577	1.4
219	-1.356073	181.445558	11.595832	0.004592	1.3
220	-1.344232	181.722527	11.579989	0.004889	1.3
221	-1.324932	182.578751	11.531285	0.003281	1.2
222	-1.292698	182.768283	11.520559	0.004918	1.3
223	-1.326805	183.167562	11.498029	0.004778	1.3
224	-1.317465	183.994478	11.451648	0.003947	4.8
225	-1.317123	184.723235	11.411082	0.004045	2.3
226	-1.315136	185.136048	11.388229	0.004306	1.2
227	-1.340647	185.859921	11.348378	0.005319	1.4
228	-1.364951	186.472173	11.314889	0.005797	1.4
229	-1.307283	187.401499	11.264433	0.006498	1.3
230	-1.320802	188.397204	11.210869	0.004912	1.3
231	-1.297406	189.255672	11.165095	0.005368	1.4
232	-1.306808	189.814753	11.135485	0.004407	1.3
233	-1.320942	190.664664	11.090772	0.002159	1.2
234	-1.328264	190.673125	11.090329	0.006224	1.4
235	-1.331190	190.814606	11.082921	0.006445	1.3
236	-1.308147	191.812464	11.030955	0.004310	1.3
237	-1.327739	192.056165	11.018337	0.003712	1.4
238	-1.307106	192.657360	10.987333	0.002894	1.5
239	-1.292997	192.834674	10.978222	0.003088	1.4
240	-1.342272	192.944589	10.972582	0.002296	1.4
241	-1.340381	192.972859	10.971133	0.003663	1.4
242	-1.290605	193.022780	10.968574	0.007408	1.3
243	-1.340787	193.581279	10.940025	0.007516	1.7
244	-1.294220	194.581219	10.889282	0.003217	1.3
245	-1.313209	195.391047	10.848529	0.002190	1.8
246	-1.304992	195.408687	10.847645	0.003938	1.7
247	-1.321500	195.457856	10.845181	0.005869	1.6
248	-1.323731	196.215301	10.807363	0.005989	1.3
249	-1.319914	197.208467	10.758174	0.007618	1.8
250	-1.302696	198.207941	10.709122	0.007428	1.5
251	-1.341950	199.207900	10.660492	0.002598	1.5
252	-1.303334	199.784383	10.632657	0.002488	1.5
253	-1.282030	199.768933	10.633401	0.004205	1.4
254	-1.324733	199.775643	10.633078	0.005737	1.9
255	-1.340209	200.538826	10.596448	0.003815	1.4
256	-1.335982	201.368140	10.556929	0.002303	1.4
257	-1.316782	201.419006	10.554514	0.004416	1.3
258	-1.301930	201.588614	10.546472	0.003902	1.3
259	-1.330364	201.778208	10.537497	0.005665	1.4
260	-1.310159	202.280480	10.513792	0.003018	1.4
261	-1.303446	202.629041	10.497405	0.001801	1.3
262	-1.301089	202.619285	10.497863	0.002383	1.4
263	-1.300779	202.607998	10.498393	0.001886	1.5
264	-1.335541	202.638442	10.496964	0.002658	1.4
265	-1.306235	202.614952	10.498066	0.005409	1.4
266	-1.313357	203.173413	10.471914	0.003282	1.4
267	-1.307970	203.597559	10.452138	0.003572	1.3
268	-1.288071	203.770425	10.444099	0.002499	1.3
269	-1.310496	203.765435	10.444331	0.005200	1.3
270	-1.333358	203.867740	10.439579	0.005661	1.3
271	-1.318125	204.789597	10.396957	0.003605	1.4
272	-1.322321	205.545776	10.362253	0.003051	1.9
273	-1.286241	205.547339	10.362181	0.003013	1.4
274	-1.321760	205.668735	10.356632	0.006005	1.4
275	-1.313321	205.746935	10.353060	0.006201	1.6
276	-1.301553	206.743206	10.307770	0.004805	1.6
277	-1.351378	206.834840	10.303624	0.007907	1.4
278	-1.360353	207.830364	10.258799	0.005023	1.5
279	-1.316975	208.704100	10.219777	0.006333	1.3
280	-1.316156	209.670871	10.176944	0.002576	1.3
281	-1.287836	209.665667	10.177174	0.006613	1.3
282	-1.310385	209.724464	10.174580	0.005686	1.5
283	-1.272115	210.720653	10.130839	0.003989	1.3
284	-1.363755	211.394152	10.101479	0.003391	1.3
285	-1.371541	211.554388	10.094519	0.002149	1.3
286	-1.333735	211.674385	10.089313	0.003605	1.7
287	-1.322644	211.658229	10.090013	0.002124	1.3
288	-1.350525	211.748582	10.086096	0.001829	1.3
289	-1.329219	211.741691	10.086395	0.001659	1.3
290	-1.303785	211.764951	10.085387	0.002244	1.3
291	-1.328875	211.778576	10.084797	0.004505	1.4
292	-1.323331	211.875129	10.080615	0.003499	1.4
293	-1.289875	211.874932	10.080624	0.006931	1.3
294	-1.307017	212.534241	10.052165	0.003927	1.3
295	-1.359266	213.462499	10.012367	0.001310	1.3
296	-1.323154	213.467480	10.012154	0.001727	1.5
297	-1.306092	213.461866	10.012394	0.003412	1.2
298	-1.345161	213.493324	10.011051	0.004083	1.2
299	-1.288215	213.841666	9.996202	0.002651	1.5
300	-1.329775	213.962574	9.991058	0.004047	1.5
301	-1.341125	214.110267	9.984781	0.004807	1.3
302	-1.332361	214.797152	9.955695	0.005880	1.8
303	-1.366713	215.665226	9.919178	0.005221	1.3
304	-1.319457	216.626150	9.879067	0.003385	1.4
305	-1.324443	217.161454	9.856862	0.004536	1.3
306	-1.331005	217.681977	9.835366	0.003512	1.5
307	-1.332045	217.869886	9.827629	0.006007	1.3
308	-1.360037	217.965133	9.823712	0.005730	1.2
309	-1.320259	218.864996	9.786858	0.003783	1.3
310	-1.326568	219.456198	9.762795	0.004518	1.5
311	-1.307614	219.440191	9.763445	0.008231	1.5
312	-1.318113	220.435108	9.723212	0.006608	1.3
313	-1.310213	221.435006	9.683109	0.006377	1.3
314	-1.313695	222.425214	9.643720	0.002058	1.4
315	-1.330251	222.755540	9.630651	0.004867	1.4
316	-1.343226	222.728876	9.631705	0.007581	1.2
317	-1.327398	223.708385	9.593152	0.003715	1.3
318	-1.303943	224.571646	9.559429	0.002805	1.3
319	-1.332994	224.558221	9.559951	0.001882	1.3
320	-1.333252	224.593409	9.558582	0.002258	1.3
321	-1.321489	224.593997	9.558559	0.004498	1.5
322	-1.316716	224.772630	9.551611	0.005292	1.3
323	-1.320438	225.656831	9.517371	0.004818	1.3
324	-1.319425	226.565878	9.482424	0.006418	1.4
325	-1.390822	227.379404	9.451366	0.004905	1.2
326	-1.316146	228.338421	9.415014	0.003327	1.3
327	-1.339006	228.501743	9.408851	0.003467	1.3
328	-1.311704	228.823472	9.396734	0.004468	1.3
329	-1.303599	228.960691	9.391575	0.004060	1.3
330	-1.344168	229.175906	9.383496	0.001888	1.7
331	-1.336664	229.221206	9.381797	0.002561	1.3
332	-1.309828	229.239274	9.381120	0.005239	1.7
333	-1.342579	229.405795	9.374881	0.004524	1.6
334	-1.306374	229.852029	9.358205	0.003339	1.4
335	-1.324241	229.976076	9.353579	0.002055	1.3
336	-1.340602	229.978362	9.353494	0.002894	1.5
337	-1.327581	230.021148	9.351900	0.003472	1.3
338	-1.312181	230.092765	9.349232	0.002892	1.3
339	-1.340602	230.295804	9.341679	0.002066	1.3
340	-1.310961	230.332977	9.340297	0.003095	1.3
341	-1.341611	230.307903	9.341229	0.003259	1.2
342	-1.355484	230.477972	9.334912	0.003477	1.3
343	-1.298296	230.681413	9.327366	0.004523	1.4
344	-1.342392	231.223118	9.307333	0.001378	1.4
345	-1.299906	231.201766	9.308121	0.002960	1.3
346	-1.311477	231.224287	9.307290	0.002533	1.3
347	-1.306660	231.196184	9.308327	0.004291	1.4
348	-1.284403	231.272478	9.305512	0.003227	1.3
349	-1.324675	231.762710	9.287464	0.001923	1.3
350	-1.273216	231.764080	9.287414	0.002545	1.4
351	-1.332279	231.784379	9.286668	0.005388	1.6
352	-1.337900	231.961832	9.280153	0.002438	1.3
353	-1.302804	232.258246	9.269292	0.001077	1.6
354	-1.293077	232.258895	9.269268	0.003951	1.3
355	-1.345361	232.256716	9.269348	0.002498	1.4
356	-1.291053	232.388915	9.264512	0.003177	1.3
357	-1.325903	232.385860	9.264624	0.002518	1.7
358	-1.304335	232.538345	9.259052	0.002965	1.3
359	-1.295401	232.623397	9.255947	0.005204	1.5
360	-1.332162	233.027569	9.241220	0.003719	1.6
361	-1.307912	233.503047	9.223955	0.004173	1.6
362	-1.303015	233.478025	9.224862	0.007417	1.9
363	-1.314814	234.433296	9.190363	0.003332	1.7
364	-1.331189	235.282345	9.159915	0.002270	1.5
365	-1.303993	235.264283	9.160561	0.003262	1.4
366	-1.367078	235.261610	9.160657	0.005549	1.4
367	-1.350346	235.837039	9.140133	0.006107	1.6
368	-1.333727	236.831138	9.104892	0.004220	1.5
369	-1.319184	237.775543	9.071663	0.004755	1.3
370	-1.325943	238.272234	9.054285	0.003339	1.3
371	-1.313042	238.862282	9.033726	0.002791	1.4
372	-1.359303	238.865292	9.033621	0.005165	1.3
373	-1.334854	239.117997	9.024845	0.004940	1.3
374	-1.321989	240.016700	8.993772	0.002141	1.3
375	-1.331684	240.150930	8.989149	0.003841	1.4
376	-1.336807	240.216549	8.986891	0.005667	1.3
377	-1.297666	241.001112	8.959980	0.005432	1.3
378	-1.330000	241.921404	8.928617	0.003455	1.3
379	-1.323408	242.224223	8.918346	0.002327	1.4
380	-1.338220	242.252743	8.917380	0.002946	1.3
381	-1.341306	242.314562	8.915286	0.002467	1.6
382	-1.332931	242.297050	8.915879	0.003586	1.5
383	-1.321029	242.433131	8.911273	0.005158	1.6
384	-1.325547	242.584461	8.906157	0.003883	1.6
385	-1.313356	243.330388	8.881024	0.002055	1.2
386	-1.300252	243.329336	8.881060	0.005122	1.3
387	-1.319594	243.389320	8.879045	0.002777	1.5
388	-1.309082	243.425853	8.877818	0.003200	1.3
389	-1.342106	243.502322	8.875251	0.002668	1.3
390	-1.355183	243.516912	8.874762	0.002894	1.7
391	-1.312334	243.504744	8.875170	0.004838	1.3
392	-1.311570	243.867659	8.863010	0.004389	1.4
393	-1.321690	244.508479	8.841618	0.003140	1.3
394	-1.340141	244.828804	8.830964	0.002817	1.3
395	-1.291200	244.957295	8.826698	0.001725	1.2
396	-1.324188	244.948834	8.826978	0.004177	1.3
397	-1.317790	245.044411	8.823807	0.003886	1.3
398	-1.333780	245.108513	8.821682	0.004494	1.3
399	-1.310133	245.548855	8.807108	0.002860	1.3
400	-1.323974	245.660065	8.803435	0.004814	1.3
401	-1.339878	245.925386	8.794685	0.004477	1.3
402	-1.340491	246.628616	8.771576	0.004579	1.3
403	-1.344536	247.190298	8.753205	0.004940	1.4
404	-1.357921	247.916698	8.729561	0.003659	1.4
405	-1.337931	248.521117	8.709984	0.003436	1.3
406	-1.269732	248.789917	8.701306	0.005687	1.3
407	-1.311925	249.577341	8.675984	0.003409	1.4
408	-1.312081	250.216186	8.655548	0.003359	1.4
409	-1.317686	250.179294	8.656725	0.004727	1.3
410	-1.313478	250.602194	8.643246	0.003333	1.4
411	-1.304741	251.020523	8.629954	0.004847	1.3
412	-1.337276	251.053423	8.628910	0.005761	1.3
413	-1.307323	251.688131	8.608826	0.006628	1.7
414	-1.326136	252.668382	8.577990	0.003217	1.4
415	-1.316223	253.520906	8.551351	0.002771	1.4
416	-1.289314	253.629903	8.547957	0.003467	1.6
417	-1.310375	253.601303	8.548847	0.004531	1.4
418	-1.324665	254.054868	8.534750	0.002144	1.4
419	-1.335634	254.026616	8.535627	0.003443	2.3
420	-1.333869	254.054231	8.534770	0.003896	1.5
421	-1.293195	254.347093	8.525692	0.003317	1.6
422	-1.303690	254.644700	8.516487	0.003004	1.4
423	-1.304491	254.691779	8.515033	0.002232	1.3
424	-1.301095	254.740109	8.513541	0.002177	1.3
425	-1.305977	254.761503	8.512880	0.004163	1.5
426	-1.334765	254.847380	8.510230	0.003404	1.3
427	-1.328131	255.069276	8.503390	0.004873	1.3
428	-1.294032	255.339979	8.495060	0.004176	1.3
429	-1.300689	255.397905	8.493279	0.003701	1.4
430	-1.328251	255.865890	8.478923	0.003486	1.4
431	-1.346181	255.859958	8.479105	0.004679	1.3
432	-1.330765	256.368681	8.463553	0.003921	1.3
433	-1.309215	256.831038	8.449469	0.003398	1.7
434	-1.291069	257.151853	8.439723	0.003940	1.5
435	-1.289252	257.314060	8.434804	0.005390	1.5
436	-1.294029	257.952084	8.415512	0.001676	1.7
437	-1.336593	258.154186	8.409419	0.003440	1.3
438	-1.338152	258.131226	8.410111	0.002290	1.2
439	-1.309887	258.176918	8.408735	0.004541	1.3
440	-1.302968	258.160968	8.409215	0.004006	1.5
441	-1.323522	258.855090	8.388358	0.001782	1.4
442	-1.315849	258.827740	8.389178	0.002686	1.5
443	-1.345376	258.871679	8.387861	0.003684	1.3
444	-1.310937	258.893570	8.387205	0.002474	1.2
445	-1.301198	259.051421	8.382477	0.001586	1.3
446	-1.318699	259.046316	8.382630	0.002525	1.3
447	-1.294878	259.072468	8.381847	0.004318	1.6
448	-1.349570	259.104157	8.380899	0.004069	1.3
449	-1.293744	259.218002	8.377494	0.005581	1.4
450	-1.318087	259.710290	8.362802	0.004933	1.3
451	-1.328501	260.176162	8.348946	0.004097	1.3
452	-1.309473	260.237914	8.347113	0.001859	1.3
453	-1.276624	260.283678	8.345755	0.002710	1.3
454	-1.308545	260.292009	8.345508	0.004399	1.2
455	-1.307460	260.335118	8.344229	0.007226	1.3
456	-1.366292	261.317699	8.315188	0.004833	1.3
457	-1.315649	262.270308	8.287224	0.004407	1.4
458	-1.332486	262.415471	8.282980	0.004128	1.3
459	-1.332930	263.046504	8.264578	0.001863	1.3
460	-1.321210	263.188832	8.260439	0.004006	1.3
461	-1.329614	263.260110	8.258368	0.003900	1.3
462	-1.343297	263.528045	8.250591	0.002932	1.2
463	-1.324953	263.699512	8.245622	0.004078	1.3
464	-1.354024	263.840981	8.241527	0.004229	1.3
465	-1.297729	264.549178	8.221087	0.001580	1.3
466	-1.308459	264.520856	8.221902	0.004057	1.3
467	-1.285094	264.554458	8.220935	0.004955	1.2
468	-1.310385	265.005938	8.207958	0.004336	1.3
469	-1.340471	265.594452	8.191103	0.004927	1.2
470	-1.330582	266.362530	8.169209	0.004343	1.4
471	-1.305999	267.100543	8.148283	0.003131	1.2
472	-1.306788	267.070945	8.149120	0.003240	1.5
473	-1.339388	267.224943	8.144766	0.003630	1.3
474	-1.309818	267.204050	8.145356	0.005671	1.3
475	-1.325819	267.555550	8.135434	0.003583	1.2
476	-1.337235	268.281302	8.115024	0.003430	1.6
477	-1.328050	268.333623	8.113556	0.003342	3.0
478	-1.310264	268.515639	8.108455	0.002507	1.6
479	-1.306622	268.561235	8.107179	0.002755	1.3
480	-1.352364	268.638179	8.105025	0.004414	1.4
481	-1.287133	268.940790	8.096566	0.004278	1.7
482	-1.327377	269.563367	8.079217	0.005247	1.4
483	-1.321688	270.402812	8.055944	0.004388	1.4
484	-1.326967	271.076604	8.037359	0.004308	1.4
485	-1.344991	271.571307	8.023769	0.003552	1.4
486	-1.336249	271.621514	8.022392	0.002897	1.4
487	-1.321643	271.766657	8.018415	0.002613	1.3
488	-1.337808	271.751321	8.018835	0.005164	1.6
489	-1.325684	271.906557	8.014585	0.004742	1.3
490	-1.315869	272.830293	7.989389	0.003902	1.3
491	-1.330762	273.577903	7.969113	0.003710	1.3
492	-1.332881	274.080163	7.955549	0.002916	1.2
493	-1.327986	274.137918	7.953992	0.002521	1.3
494	-1.325719	274.129636	7.954215	0.003389	1.3
495	-1.308073	274.145680	7.953783	0.002926	1.3
496	-1.304964	274.143044	7.953854	0.003379	1.3
497	-1.350302	274.240162	7.951237	0.002105	1.3
498	-1.298940	274.282601	7.950095	0.002578	1.3
499	-1.311527	274.281726	7.950118	0.004509	1.2
500	-1.283765	274.426804	7.946214	0.003024	1.3
501	-1.302360	274.461430	7.945283	0.002365	1.2
502	-1.321085	274.468465	7.945094	0.001358	1.3
503	-1.278699	274.479490	7.944797	0.004818	1.3
504	-1.330324	274.473388	7.944961	0.003700	1.3
505	-1.362754	274.698340	7.938917	0.001632	1.2
506	-1.315287	274.684668	7.939284	0.004251	1.3
507	-1.321535	274.658569	7.939985	0.003212	1.9
508	-1.311375	275.034618	7.929899	0.002933	1.7
509	-1.329393	275.045249	7.929614	0.005815	1.3
510	-1.312329	275.163092	7.926459	0.004547	1.3
511	-1.349489	276.120587	7.900915	0.005481	1.3
512	-1.329934	276.622977	7.887579	0.002241	1.3
513	-1.317709	276.601910	7.888137	0.002772	1.3
514	-1.314512	276.630598	7.887377	0.001052	1.3
515	-1.324542	276.615982	7.887764	0.002890	1.3
516	-1.354778	276.630069	7.887391	0.002475	1.3
517	-1.290033	276.712432	7.885209	0.002443	1.3
518	-1.320863	276.701658	7.885494	0.003787	1.3
519	-1.311435	276.800245	7.882883	0.002825	1.6
520	-1.297125	276.911234	7.879947	0.001416	1.3
521	-1.292542	276.905396	7.880101	0.003506	1.2
522	-1.298100	276.939538	7.879198	0.002210	1.3
523	-1.318328	276.976919	7.878210	0.003903	1.3
524	-1.332936	277.108445	7.874734	0.002819	1.2
525	-1.308397	277.240669	7.871242	0.002475	1.3
526	-1.332895	277.275768	7.870316	0.003755	1.3
527	-1.327371	277.388246	7.867350	0.003027	1.3
528	-1.330521	277.571593	7.862518	0.001776	1.6
529	-1.310169	277.569479	7.862574	0.003761	1.3
530	-1.312194	277.588747	7.862067	0.002960	1.5
531	-1.345132	277.747420	7.857891	0.004162	1.3
532	-1.326293	277.741666	7.858042	0.006030	1.3
533	-1.322309	278.384506	7.841169	0.002798	1.3
534	-1.307932	278.957649	7.826187	0.002249	1.5
535	-1.330543	278.943830	7.826547	0.004181	1.4
536	-1.310874	278.942466	7.826583	0.003711	1.2
537	-1.283292	279.054196	7.823669	0.002884	1.3
538	-1.356011	279.043592	7.823945	0.004358	1.3
539	-1.310606	279.007128	7.824896	0.002748	1.2
540	-1.289887	279.123630	7.821859	0.004448	1.3
541	-1.311427	279.122540	7.821887	0.002839	1.3
542	-1.340127	279.520178	7.811537	0.002886	1.3
543	-1.309770	279.491308	7.812288	0.003313	1.3
544	-1.314948	279.644389	7.808310	0.002501	1.4
545	-1.333913	279.765746	7.805160	0.001557	1.2
546	-1.291556	279.777158	7.804863	0.002050	1.3
547	-1.304668	279.787052	7.804607	0.004079	1.2
548	-1.330726	279.789854	7.804534	0.002827	1.2
549	-1.321494	279.858427	7.802755	0.003211	1.3
550	-1.327513	279.888143	7.801984	0.002199	1.3
551	-1.340607	279.875338	7.802317	0.002851	1.3
552	-1.310699	279.912570	7.801351	0.002432	1.5
553	-1.306300	279.891500	7.801897	0.002432	1.4
554	-1.327794	279.937313	7.800710	0.002695	1.9
555	-1.319856	279.921330	7.801124	0.004790	1.4
556	-1.310925	279.984809	7.799479	0.003925	1.6
557	-1.320842	280.464984	7.787056	0.003074	1.4
558	-1.345942	280.518636	7.785670	0.001496	1.4
559	-1.326496	280.512269	7.785834	0.003493	1.4
560	-1.322558	280.530915	7.785353	0.003434	1.4
561	-1.309001	280.732179	7.780160	0.003414	1.3
562	-1.289377	280.937142	7.774879	0.003748	1.4
563	-1.323580	280.908867	7.775607	0.005759	1.3
564	-1.323207	281.754026	7.753901	0.004931	1.3
565	-1.332776	282.392227	7.737590	0.002181	1.3
566	-1.318107	282.411488	7.737099	0.003729	1.4
567	-1.318322	282.388816	7.737677	0.002692	1.3
568	-1.323687	282.433613	7.736535	0.003377	1.3
569	-1.305125	282.460989	7.735837	0.002007	1.4
570	-1.314605	282.465354	7.735725	0.002454	1.3
571	-1.305267	282.497753	7.734900	0.002399	1.3
572	-1.318623	282.576842	7.732884	0.005122	1.2
573	-1.341549	282.554351	7.733457	0.004870	1.3
574	-1.289450	283.262033	7.715470	0.003503	1.3
575	-1.306229	283.597207	7.706980	0.003874	1.2
576	-1.306955	284.052627	7.695474	0.001924	1.6
577	-1.299027	284.122806	7.693704	0.003805	1.4
578	-1.333506	284.142778	7.693201	0.002434	1.3
579	-1.294750	284.229025	7.691027	0.002116	1.3
580	-1.296898	284.230348	7.690994	0.004756	1.2
581	-1.331868	284.392414	7.686912	0.005528	1.3
582	-1.345935	284.874070	7.674808	0.003979	1.4
583	-1.327329	285.645802	7.655492	0.001966	1.3
584	-1.306874	285.615273	7.656255	0.001940	1.6
585	-1.317538	285.616528	7.656223	0.003669	1.6
586	-1.338462	285.708000	7.653940	0.004860	1.3
587	-1.286557	286.350263	7.637946	0.006185	1.3
588	-1.338182	287.244156	7.615796	0.003651	1.3
589	-1.352702	287.476796	7.610053	0.003399	1.3
590	-1.348312	287.674558	7.605177	0.004190	1.3
591	-1.299076	287.940585	7.598628	0.004744	1.3
592	-1.314126	288.685078	7.580361	0.003609	1.3
593	-1.338011	288.873084	7.575762	0.003206	1.4
594	-1.336556	288.974397	7.573286	0.002241	1.3
595	-1.331460	288.956174	7.573731	0.005345	1.2
596	-1.335411	288.989166	7.572925	0.003904	1.3
597	-1.326717	289.810202	7.552920	0.002667	1.5
598	-1.367509	289.973314	7.548958	0.003281	1.3
599	-1.365026	290.124169	7.545298	0.002034	1.3
600	-1.327702	290.161534	7.544392	0.004680	1.5
601	-1.314489	290.144341	7.544809	0.004841	1.3
602	-1.335625	291.007094	7.523946	0.002450	1.3
603	-1.275246	290.984698	7.524486	0.005253	1.3
604	-1.339733	291.093693	7.521859	0.002713	1.3
605	-1.324189	291.371058	7.515180	0.005096	1.3
606	-1.318227	291.567187	7.510464	0.004211	1.3
607	-1.320123	291.867084	7.503265	0.004159	1.3
608	-1.342683	291.978485	7.500594	0.003586	1.6
609	-1.328919	292.039676	7.499128	0.002516	1.4
610	-1.339338	292.118025	7.497252	0.003454	1.3
611	-1.335090	292.090855	7.497902	0.002616	1.3
612	-1.338138	292.160205	7.496242	0.002313	1.4
613	-1.306382	292.181936	7.495722	0.002517	1.4
614	-1.349127	292.197399	7.495352	0.002982	1.3
615	-1.316543	292.180995	7.495744	0.006549	1.4
616	-1.304474	292.575294	7.486319	0.004185	1.5
617	-1.295265	293.532991	7.463524	0.003529	1.3
618	-1.324506	294.012911	7.452154	0.001987	1.6
619	-1.327670	294.019019	7.452009	0.002467	1.6
620	-1.297648	294.030516	7.451737	0.004369	2.2
621	-1.316631	294.178316	7.448243	0.002879	1.4
622	-1.339430	294.442625	7.442002	0.003803	1.6
623	-1.328788	294.489637	7.440893	0.002246	1.3
624	-1.319115	294.548692	7.439500	0.002626	1.5
625	-1.323163	294.531235	7.439912	0.006505	1.7
626	-1.287930	294.771254	7.434257	0.006807	1.4
627	-1.306738	295.767730	7.410870	0.003703	1.3
628	-1.360323	296.706223	7.388979	0.002334	1.4
629	-1.308383	296.721479	7.388624	0.002532	1.6
630	-1.321619	296.713155	7.388818	0.003764	1.3
631	-1.320193	296.756430	7.387812	0.001704	1.6
632	-1.351809	296.749170	7.387980	0.004285	1.3
633	-1.295515	296.819196	7.386353	0.002268	1.3
634	-1.350007	296.857751	7.385457	0.004460	1.4
635	-1.346669	296.854949	7.385522	0.002855	1.3
636	-1.302123	296.985185	7.382497	0.002445	1.3
637	-1.324769	297.031916	7.381412	0.003206	1.3
638	-1.335834	297.007193	7.381986	0.002269	1.3
639	-1.333694	297.053537	7.380910	0.003701	1.5
640	-1.289652	297.145192	7.378784	0.002030	1.3
641	-1.336267	297.163643	7.378356	0.003046	1.4
642	-1.276698	297.137010	7.378974	0.004458	1.2
643	-1.354601	297.307922	7.375012	0.004452	1.4
644	-1.316223	297.837728	7.362757	0.003369	1.3
645	-1.301369	297.845772	7.362571	0.003572	1.4
646	-1.338427	297.992459	7.359185	0.004667	1.3
647	-1.293809	298.245332	7.353356	0.002114	1.3
648	-1.317015	298.471521	7.348150	0.001420	1.3
649	-1.341363	298.473904	7.348095	0.004837	1.3
650	-1.340263	298.503215	7.347421	0.004148	1.7
651	-1.336439	298.501941	7.347450	0.004381	1.4
652	-1.320417	299.062798	7.334575	0.003840	1.6
653	-1.297632	299.060125	7.334636	0.001470	1.3
654	-1.316565	299.068311	7.334449	0.000938	1.4
655	-1.328717	299.075517	7.334284	0.005548	1.4
656	-1.312216	299.115779	7.333361	0.005927	1.3
657	-1.324915	300.106478	7.310736	0.001327	1.4
658	-1.312102	300.081434	7.311306	0.003516	1.4
659	-1.299844	300.123114	7.310357	0.003455	1.4
660	-1.307633	300.185308	7.308941	0.004311	1.4
661	-1.346862	300.240244	7.307692	0.002506	1.3
662	-1.309520	300.506973	7.301629	0.005655	1.3
663	-1.314143	300.879886	7.293170	0.007515	1.8
664	-1.330817	301.879154	7.270598	0.002988	1.4
665	-1.356456	302.421023	7.258417	0.004664	1.4
666	-1.328139	302.417340	7.258500	0.002967	1.4
667	-1.345727	302.679480	7.252621	0.004025	1.4
668	-1.343468	302.661297	7.253029	0.005313	1.3
669	-1.331318	303.394423	7.236637	0.003051	1.4
670	-1.311043	303.715231	7.229487	0.001383	1.3
671	-1.370158	303.717799	7.229430	0.006680	1.3
672	-1.347133	303.718073	7.229424	0.005738	1.4
673	-1.285834	304.712215	7.207358	0.003579	1.2
674	-1.337990	304.696038	7.207716	0.006452	1.3
675	-1.337156	305.055988	7.199759	0.004344	1.3
676	-1.277766	305.796665	7.183441	0.002138	1.3
677	-1.307030	305.773187	7.183957	0.004845	1.5
678	-1.312807	305.910378	7.180942	0.001533	1.6
679	-1.333168	305.946548	7.180148	0.003685	1.4
680	-1.292383	305.969670	7.179640	0.003747	1.3
681	-1.356178	306.441029	7.169305	0.002331	1.3
682	-1.295840	306.409607	7.169993	0.002235	1.4
683	-1.323470	306.407086	7.170048	0.006015	1.3
684	-1.307634	306.636323	7.165032	0.004669	1.3
685	-1.339666	306.998983	7.157109	0.004256	1.3
686	-1.366036	307.786146	7.139974	0.002141	1.5
687	-1.314729	307.796914	7.139740	0.002781	1.5
688	-1.304052	307.781167	7.140082	0.004279	1.3
689	-1.309535	307.933790	7.136769	0.003463	1.3
690	-1.320233	308.145726	7.132174	0.003015	1.5
691	-1.304078	308.199943	7.130999	0.003017	1.3
692	-1.336015	308.227858	7.130395	0.003537	1.2
693	-1.316122	308.273407	7.129408	0.003663	1.3
694	-1.378481	308.620117	7.121909	0.002873	1.3
695	-1.315863	308.734725	7.119434	0.004663	1.4
696	-1.297487	308.763088	7.118822	0.005343	1.3
697	-1.321208	309.648569	7.099757	0.003297	1.4
698	-1.325400	309.874515	7.094909	0.003652	1.4
699	-1.331718	309.949189	7.093308	0.001759	1.5
700	-1.329429	310.007617	7.092056	0.002941	1.3
701	-1.321369	309.987116	7.092495	0.003192	1.4
702	-1.294016	310.035612	7.091456	0.002388	1.7
703	-1.359910	310.057472	7.090988	0.003887	1.3
704	-1.313672	310.099929	7.090079	0.004091	1.3
705	-1.318055	310.484798	7.081847	0.007426	1.5
706	-1.331060	311.463507	7.060999	0.004064	1.3
707	-1.299280	312.433084	7.040467	0.002152	1.4
708	-1.320801	312.418492	7.040775	0.003822	1.3
709	-1.306255	312.480369	7.039469	0.003941	1.4
710	-1.311233	312.954512	7.029474	0.002732	1.3
711	-1.314200	313.083209	7.026766	0.003376	1.3
712	-1.308602	313.157602	7.025202	0.003439	1.3
713	-1.323073	313.416845	7.019756	0.003218	1.3
714	-1.321287	313.503339	7.017941	0.001873	1.2
715	-1.286510	313.557525	7.016804	0.002217	1.3
716	-1.317561	313.551460	7.016931	0.001985	1.3
717	-1.308359	313.539182	7.017189	0.005656	1.4
718	-1.334837	313.750258	7.012764	0.003531	1.3
719	-1.321803	314.517314	6.996732	0.003685	1.5
720	-1.308021	314.503651	6.997017	0.003576	1.3
721	-1.344618	314.635111	6.994276	0.002358	1.3
722	-1.317770	314.621966	6.994550	0.004833	1.3
723	-1.310780	314.851637	6.989767	0.003394	1.3
724	-1.351962	315.247925	6.981529	0.002991	1.3
725	-1.335525	315.262873	6.981219	0.002842	1.6
726	-1.311989	315.295152	6.980549	0.003609	1.4
727	-1.325269	315.509592	6.976100	0.003713	1.3
728	-1.330576	315.781605	6.970466	0.002692	1.3
729	-1.337783	315.950450	6.966973	0.004336	1.3
730	-1.351311	315.933469	6.967324	0.003335	1.3
731	-1.377640	316.066668	6.964571	0.002690	1.3
732	-1.296767	316.042514	6.965070	0.004197	1.3
733	-1.299471	316.047413	6.964969	0.002463	1.4
734	-1.290701	316.163998	6.962560	0.004117	1.3
735	-1.315118	316.291078	6.959937	0.002340	1.4
736	-1.337683	316.292588	6.959906	0.003001	1.3
737	-1.311154	316.367953	6.958351	0.002737	1.5
738	-1.296766	316.488004	6.955876	0.003058	1.3
739	-1.313888	316.486470	6.955907	0.002226	1.4
740	-1.279275	316.580151	6.953977	0.002641	1.3
741	-1.299056	316.578743	6.954006	0.002079	1.3
742	-1.336464	316.569452	6.954197	0.003608	1.3
743	-1.328124	316.556429	6.954466	0.005360	1.3
744	-1.344317	317.170445	6.941839	0.004402	1.4
745	-1.346989	317.802521	6.928888	0.002663	2.2
746	-1.331143	318.025192	6.924337	0.003853	1.7
747	-1.314775	318.147589	6.921838	0.002894	1.7
748	-1.331671	318.173057	6.921318	0.003635	1.5
749	-1.276392	318.376383	6.917171	0.003575	1.4
750	-1.301597	318.428750	6.916104	0.004402	1.7
751	-1.356015	318.491075	6.914835	0.002108	1.3
752	-1.296295	318.542559	6.913786	0.003812	1.4
753	-1.346163	318.525832	6.914127	0.003205	1.3
754	-1.360687	318.793595	6.908678	0.002566	1.3
755	-1.348388	318.822993	6.908081	0.001817	1.4
756	-1.345730	318.820770	6.908126	0.002167	1.2
757	-1.328712	318.822610	6.908088	0.004329	1.3
758	-1.325711	318.799201	6.908564	0.004192	1.3
759	-1.305303	319.348359	6.897417	0.001614	1.5
760	-1.319349	319.392613	6.896520	0.001947	1.3
761	-1.340233	319.392771	6.896517	0.001720	1.3
762	-1.286448	319.378733	6.896802	0.003434	1.3
763	-1.335274	319.392146	6.896530	0.003145	1.3
764	-1.325464	319.654345	6.891222	0.003575	1.3
765	-1.305353	319.690785	6.890485	0.002284	1.4
766	-1.354055	319.708738	6.890122	0.003073	1.3
767	-1.328226	319.765153	6.888981	0.003755	1.4
768	-1.336897	319.847686	6.887313	0.002686	1.3
769	-1.335018	319.971372	6.884814	0.004178	1.2
770	-1.317660	320.104308	6.882131	0.003502	1.4
771	-1.336910	320.571815	6.872712	0.002574	1.6
772	-1.306569	320.550224	6.873146	0.002470	1.3
773	-1.322230	320.569630	6.872756	0.004284	1.4
774	-1.341519	320.621061	6.871721	0.003577	1.3
775	-1.310594	320.774543	6.868635	0.003088	1.4
776	-1.318953	320.758717	6.868953	0.003250	1.4
777	-1.337928	320.866422	6.866789	0.002404	1.4
778	-1.345601	320.870919	6.866699	0.002897	1.4
779	-1.354498	320.909240	6.865929	0.004766	1.3
780	-1.351716	321.370274	6.856684	0.002309	1.3
781	-1.308487	321.364770	6.856794	0.002383	1.3
782	-1.334119	321.367323	6.856743	0.003232	1.3
783	-1.306334	321.344232	6.857205	0.003097	1.4
784	-1.315524	321.571930	6.852647	0.004674	1.4
785	-1.310618	321.554421	6.852998	0.004882	1.3
786	-1.338893	322.069678	6.842705	0.004232	1.3
787	-1.318473	322.675627	6.830640	0.003602	1.3
788	-1.311274	322.639326	6.831362	0.005101	1.3
789	-1.289783	322.959903	6.824995	0.005138	1.4
790	-1.331936	323.855246	6.807275	0.004794	1.3
791	-1.322791	324.585384	6.792893	0.005464	1.4
792	-1.313795	325.258794	6.779682	0.003470	1.6
793	-1.345755	325.460866	6.775728	0.003449	1.4
794	-1.330312	325.519160	6.774588	0.004699	1.4
795	-1.329846	325.493033	6.775099	0.004378	1.4
796	-1.322648	326.160913	6.762065	0.002284	1.4
797	-1.291867	326.139378	6.762484	0.004236	1.5
798	-1.305326	326.293008	6.759493	0.001857	1.4
799	-1.301716	326.387466	6.757655	0.001398	1.3
800	-1.332859	326.396712	6.757475	0.001868	1.4
801	-1.356454	326.401138	6.757389	0.002838	1.3
802	-1.334199	326.383321	6.757736	0.003985	1.3
803	-1.321364	326.364837	6.758095	0.004490	1.4
804	-1.278933	326.720490	6.751183	0.002548	1.6
805	-1.332489	326.750895	6.750593	0.003213	1.3
806	-1.321962	326.808652	6.749472	0.003744	1.5
807	-1.271747	326.820688	6.749238	0.002122	1.3
808	-1.330831	326.877891	6.748128	0.003020	1.3
809	-1.328873	326.902454	6.747652	0.004434	1.3
810	-1.318207	327.313302	6.739693	0.003113	1.2
811	-1.333872	327.609990	6.733957	0.002474	1.4
812	-1.289718	327.600855	6.734133	0.001766	1.3
813	-1.374893	327.578088	6.734573	0.003633	1.3
814	-1.329602	327.645375	6.733273	0.002394	1.5
815	-1.335978	327.617724	6.733807	0.002457	1.3
816	-1.337893	327.661054	6.732971	0.005366	1.5
817	-1.301435	327.644798	6.733285	0.006028	1.3
818	-1.320802	328.601458	6.714859	0.003903	1.2
819	-1.311702	329.450073	6.698599	0.005521	1.3
820	-1.349122	330.265452	6.683050	0.004660	1.3
821	-1.345664	331.165304	6.665974	0.001813	1.3
822	-1.300659	331.147876	6.666304	0.001696	1.4
823	-1.305645	331.140757	6.666438	0.002060	1.4
824	-1.364836	331.152000	6.666225	0.002309	1.4
825	-1.316369	331.189994	6.665506	0.002828	1.3
826	-1.325925	331.165079	6.665978	0.005288	1.2
827	-1.327695	331.716048	6.655565	0.003338	1.4
828	-1.323454	331.810064	6.653792	0.002448	1.4
829	-1.337995	331.904380	6.652013	0.003258	1.4
830	-1.299451	331.953378	6.651090	0.003877	1.3
831	-1.333748	331.927363	6.651580	0.004773	1.3
832	-1.293859	332.617045	6.638607	0.003249	1.3
833	-1.294938	332.663686	6.637732	0.001843	1.3
834	-1.317293	332.738831	6.636322	0.002060	1.4
835	-1.312185	332.730999	6.636468	0.004463	1.4
836	-1.285528	332.793087	6.635304	0.003845	1.3
837	-1.332038	332.788735	6.635385	0.003272	1.3
838	-1.303357	332.942894	6.632495	0.002349	1.3
839	-1.300202	333.087059	6.629795	0.005168	1.4
840	-1.329334	333.345197	6.624965	0.006031	1.4
841	-1.349117	334.309083	6.606993	0.006041	1.6
842	-1.340151	335.104112	6.592242	0.004026	1.8
843	-1.348586	335.417136	6.586453	0.002899	1.3
844	-1.314968	335.397746	6.586811	0.002615	1.4
845	-1.320075	335.395345	6.586855	0.001729	1.3
846	-1.332933	335.447539	6.585891	0.003415	1.5
847	-1.288337	335.441643	6.586000	0.000982	1.3
848	-1.295395	335.436140	6.586102	0.003817	1.3
849	-1.319309	335.435444	6.586114	0.003462	1.4
850	-1.294895	335.629029	6.582539	0.001546	1.3
851	-1.319296	335.680395	6.581591	0.001441	1.3
852	-1.327236	335.677781	6.581640	0.001916	1.3
853	-1.318194	335.694783	6.581326	0.002609	1.3
854	-1.305879	335.698219	6.581263	0.002503	1.4
855	-1.330140	335.695879	6.581306	0.002773	1.2
856	-1.272792	335.752673	6.580258	0.003611	1.3
857	-1.279217	335.729334	6.580689	0.005257	1.5
858	-1.322684	336.036751	6.575022	0.006064	1.3
859	-1.293344	336.519548	6.566143	0.001552	1.3
860	-1.299444	336.574639	6.565132	0.002500	1.4
861	-1.263568	336.566707	6.565277	0.003506	1.2
862	-1.366892	336.584131	6.564958	0.004274	1.3
863	-1.370938	336.882274	6.559488	0.002348	1.3
864	-1.348896	336.992492	6.557469	0.003987	1.3
865	-1.329295	337.021653	6.556935	0.003352	1.3
866	-1.282415	337.338292	6.551141	0.002330	1.3
867	-1.298234	337.372146	6.550522	0.003358	1.5
868	-1.314542	337.366144	6.550632	0.002184	1.5
869	-1.319720	337.478299	6.548582	0.002057	1.3
870	-1.351864	337.531951	6.547602	0.001496	1.4
871	-1.351833	337.517367	6.547869	0.004566	1.4
872	-1.318441	337.582933	6.546671	0.003814	1.5
873	-1.369247	337.820835	6.542331	0.004549	1.3
874	-1.308444	337.796549	6.542774	0.002953	1.8
875	-1.306046	337.914009	6.540632	0.003183	1.3
876	-1.348676	337.883502	6.541188	0.002164	1.4
877	-1.318080	337.935921	6.540233	0.002507	1.3
878	-1.326426	337.979852	6.539433	0.006354	1.3
879	-1.310949	338.173646	6.535904	0.003904	1.4
880	-1.343868	338.562294	6.528840	0.004674	1.5
881	-1.322308	338.789929	6.524709	0.002470	1.3
882	-1.309535	338.909574	6.522540	0.001710	1.4
883	-1.296896	338.941074	6.521969	0.002372	1.3
884	-1.349682	338.959318	6.521639	0.004359	1.2
885	-1.317523	338.955435	6.521709	0.002924	1.4
886	-1.335989	339.133178	6.518490	0.002708	1.4
887	-1.308105	339.195093	6.517370	0.004036	1.3
888	-1.315658	339.369146	6.514222	0.003052	1.2
889	-1.331614	339.488960	6.512057	0.003041	1.3
890	-1.318407	339.498314	6.511888	0.003194	1.3
891	-1.322617	339.509168	6.511692	0.004594	1.5
892	-1.331629	339.913047	6.504405	0.001873	1.3
893	-1.307855	340.011082	6.502639	0.003775	1.3
894	-1.295080	340.003532	6.502775	0.004530	1.3
895	-1.307547	340.657503	6.491016	0.002749	1.3
896	-1.313258	340.985172	6.485140	0.003102	1.3
897	-1.328361	340.993140	6.484998	0.004168	1.4
898	-1.314565	341.098461	6.483111	0.002955	1.2
899	-1.336843	341.274038	6.479969	0.003233	1.3
900	-1.319480	341.246865	6.480455	0.002096	1.3
901	-1.290025	341.307556	6.479370	0.003198	1.3
902	-1.349904	341.279596	6.479870	0.003947	1.3
903	-1.331114	341.406820	6.477595	0.002672	1.3
904	-1.303722	341.661066	6.473054	0.003522	1.3
905	-1.318955	341.634532	6.473528	0.001945	1.4
906	-1.324511	341.656698	6.473132	0.002052	1.4
907	-1.308827	341.661524	6.473046	0.003636	1.3
908	-1.291880	341.671569	6.472866	0.005789	1.4
909	-1.319480	342.506982	6.457990	0.002076	1.3
910	-1.315504	342.746702	6.453734	0.003948	1.3
911	-1.342074	342.713129	6.454330	0.002079	1.3
912	-1.324464	342.831699	6.452227	0.002455	1.3
913	-1.346210	342.817297	6.452482	0.002529	1.4
914	-1.346570	342.833305	6.452198	0.002812	1.4
915	-1.318521	342.878234	6.451402	0.002987	1.6
916	-1.312497	342.963317	6.449893	0.002459	1.5
917	-1.322054	342.999693	6.449249	0.002292	1.3
918	-1.314471	343.049022	6.448375	0.001481	1.4
919	-1.319392	343.043215	6.448478	0.003348	1.3
920	-1.331077	343.071343	6.447980	0.002345	1.7
921	-1.301476	343.150645	6.446576	0.002480	1.3
922	-1.310953	343.175339	6.446138	0.003040	1.3
923	-1.338856	343.191627	6.445850	0.005743	1.3
924	-1.314946	343.742939	6.436107	0.002503	1.4
925	-1.339682	343.994711	6.431668	0.002580	1.5
926	-1.321317	343.998796	6.431596	0.001078	1.3
927	-1.315984	344.005027	6.431486	0.003388	1.3
928	-1.312270	344.009201	6.431412	0.003118	1.3
929	-1.323380	344.283739	6.426579	0.004512	1.3
930	-1.312097	344.683904	6.419546	0.003197	1.3
931	-1.294003	345.169742	6.411028	0.003384	1.3
932	-1.335347	345.141952	6.411515	0.004161	1.6
933	-1.317815	345.495177	6.405336	0.002330	1.4
934	-1.303547	345.467565	6.405818	0.005594	1.3
935	-1.299925	345.706913	6.401637	0.001537	1.2
936	-1.321395	345.692113	6.401896	0.004014	1.5
937	-1.344651	345.703292	6.401700	0.005579	1.5
938	-1.318524	345.900155	6.398266	0.003330	1.7
939	-1.312322	346.084829	6.395047	0.004156	1.3
940	-1.333005	346.275193	6.391732	0.003473	1.3
941	-1.295765	346.261174	6.391976	0.003090	1.3
942	-1.296468	346.435879	6.388937	0.001843	1.2
943	-1.315604	346.414989	6.389300	0.005269	1.6
944	-1.301246	346.513587	6.387586	0.005618	1.3
945	-1.332150	347.475044	6.370919	0.003828	1.3
946	-1.296759	348.101051	6.360114	0.002969	1.3
947	-1.291484	348.155439	6.359177	0.003001	1.3
948	-1.318831	348.315850	6.356415	0.002955	1.4
949	-1.305202	348.287947	6.356895	0.003747	1.2
950	-1.333535	348.361909	6.355622	0.005212	1.3
951	-1.335614	348.325184	6.356254	0.003744	1.3
952	-1.348476	348.314629	6.356436	0.003998	1.2
953	-1.329358	348.389301	6.355151	0.004155	1.3
954	-1.340252	348.364280	6.355581	0.001710	1.2
955	-1.325720	348.503554	6.353186	0.002220	1.2
956	-1.284414	348.488178	6.353450	0.001025	1.8
957	-1.351356	348.500518	6.353238	0.002021	1.3
958	-1.335143	348.493384	6.353360	0.002973	1.3
959	-1.298292	348.466149	6.353829	0.003643	1.3
960	-1.305860	348.661501	6.350471	0.001284	1.2
961	-1.336521	348.666943	6.350377	0.004602	1.3
962	-1.354040	348.683582	6.350092	0.003313	1.4
963	-1.319804	349.059907	6.343634	0.002589	1.3
964	-1.340584	349.043604	6.343914	0.003221	1.4
965	-1.286022	349.051481	6.343778	0.003186	1.7
966	-1.355564	349.037761	6.344014	0.001457	1.2
967	-1.307700	349.049684	6.343809	0.004628	1.5
968	-1.314623	349.031156	6.344127	0.004357	1.3
969	-1.333291	349.348810	6.338685	0.003793	1.3
970	-1.303962	349.503599	6.336037	0.003650	1.6
971	-1.341659	349.588942	6.334578	0.003111	1.3
972	-1.350452	349.596435	6.334450	0.005600	1.3
973	-1.320153	349.779612	6.331321	0.002155	1.7
974	-1.333675	350.024126	6.327148	0.004225	1.3
975	-1.308771	349.992296	6.327691	0.002648	1.3
976	-1.333165	349.956903	6.328295	0.003195	1.4
977	-1.325814	350.025242	6.327129	0.002261	1.3
978	-1.367117	350.048725	6.326729	0.004261	1.3
979	-1.310757	350.021998	6.327184	0.005708	1.9
980	-1.354896	350.848026	6.313129	0.003778	1.3
981	-1.248825	350.861504	6.312900	0.003868	1.8
982	-1.289303	351.312903	6.305246	0.003645	1.3
983	-1.339225	351.299819	6.305468	0.002682	1.3
984	-1.334122	351.457226	6.302803	0.002133	1.4
985	-1.360931	351.513125	6.301857	0.002655	1.4
986	-1.298820	351.553623	6.301172	0.002545	1.4
987	-1.294788	351.618955	6.300068	0.003487	1.4
988	-1.312523	351.711975	6.298495	0.001048	1.5
989	-1.322227	351.704315	6.298625	0.004115	1.6
990	-1.353861	351.724551	6.298283	0.003420	1.5
991	-1.323769	351.715792	6.298431	0.003799	1.4
992	-1.341776	352.117532	6.291649	0.004079	1.4
993	-1.324609	352.279363	6.288922	0.002282	1.3
994	-1.345328	352.443934	6.286150	0.002803	1.5
995	-1.299117	352.438168	6.286247	0.003162	1.3
996	-1.308497	352.505856	6.285108	0.002293	1.3
997	-1.310417	352.478359	6.285571	0.005585	1.4
998	-1.311426	352.557405	6.284241	0.005286	1.4
999	-1.325512	352.792728	6.280284	0.001123	1.3
1000	-1.335097	352.772309	6.280627	0.002764	1.2
1001	-1.342261	352.786411	6.280390	0.001822	1.3
1002	-1.331482	352.782669	6.280453	0.002252	1.8
1003	-1.309924	352.812863	6.279946	0.003715	1.5
1004	-1.335528	352.994176	6.276902	0.002924	1.6
1005	-1.307738	352.996905	6.276856	0.002072	1.3
1006	-1.328553	353.047727	6.276003	0.001613	1.3
1007	-1.307140	353.066074	6.275695	0.003903	1.2
1008	-1.299073	353.131919	6.274591	0.003861	1.5
1009	-1.314379	353.635638	6.266154	0.002055	1.3
1010	-1.318127	353.623256	6.266361	0.004472	1.4
1011	-1.319182	353.655126	6.265828	0.004292	1.3
1012	-1.320795	354.223595	6.256335	0.001973	1.3
1013	-1.339443	354.238443	6.256088	0.003217	1.2
1014	-1.314358	354.294478	6.255154	0.004314	1.3
1015	-1.315169	354.514966	6.251481	0.001439	1.4
1016	-1.314327	354.580776	6.250385	0.001798	1.6
1017	-1.269212	354.577103	6.250447	0.003218	1.5
1018	-1.321139	354.575305	6.250477	0.002786	1.2
1019	-1.341194	354.570415	6.250558	0.005075	1.3
1020	-1.319736	355.040333	6.242747	0.004033	1.3
1021	-1.294033	355.600715	6.233458	0.001936	1.3
1022	-1.324351	355.591782	6.233606	0.002784	1.4
1023	-1.330575	355.592556	6.233593	0.003235	1.4
1024	-1.368953	355.659249	6.232489	0.001869	1.3
1025	-1.301133	355.678692	6.232167	0.003983	1.3
1026	-1.319272	355.676581	6.232202	0.005310	1.3
1027	-1.310480	356.449324	6.219443	0.005310	1.3
1028	-1.308184	357.419838	6.203492	0.002621	1.4
1029	-1.322782	357.540035	6.201523	0.003106	1.3
1030	-1.322341	357.584809	6.200789	0.002450	1.3
1031	-1.304562	357.579031	6.200884	0.003566	1.3
1032	-1.334610	357.709848	6.198742	0.002498	1.3
1033	-1.300036	357.751605	6.198059	0.002491	1.3
1034	-1.324704	357.790209	6.197427	0.003616	1.4
1035	-1.296257	357.913364	6.195413	0.002637	1.4
1036	-1.326628	357.913902	6.195404	0.003727	1.2
1037	-1.309917	358.050390	6.193173	0.002765	1.6
1038	-1.311787	358.028629	6.193529	0.004272	1.4
1039	-1.304043	358.228151	6.190270	0.001821	1.4
1040	-1.291907	358.245014	6.189995	0.002047	1.5
1041	-1.330327	358.237871	6.190111	0.003195	1.4
1042	-1.314866	358.229307	6.190251	0.002764	1.7
1043	-1.315814	358.260801	6.189737	0.005029	1.5
1044	-1.305543	358.285541	6.189333	0.004138	1.3
1045	-1.341086	358.661068	6.183211	0.003826	1.4
1046	-1.320827	358.879818	6.179651	0.002661	1.3
1047	-1.337415	358.936201	6.178734	0.002809	1.3
1048	-1.320447	359.070303	6.176554	0.005061	1.3
1049	-1.330968	359.430710	6.170702	0.003482	2.0
1050	-1.343508	359.561120	6.168588	0.001936	1.3
1051	-1.339910	359.539890	6.168932	0.004145	1.3
1052	-1.323142	359.596471	6.168015	0.002462	1.3
1053	-1.289164	359.764275	6.165296	0.002292	1.3
1054	-1.319867	359.766460	6.165261	0.002849	1.3
1055	-1.366352	359.813695	6.164496	0.002304	1.3
1056	-1.305719	359.820478	6.164387	0.002899	1.4
1057	-1.316516	359.928704	6.162635	0.001782	1.4
1058	-1.279539	359.939721	6.162457	0.002935	1.3
1059	-1.314269	359.951467	6.162267	0.002714	1.5
1060	-1.346599	359.925919	6.162680	0.002498	1.6
1061	-1.303920	359.985134	6.161722	0.002375	1.3
1062	-1.305689	359.968513	6.161991	0.001120	1.3
1063	-1.333211	359.966649	6.162021	0.002345	1.3
1064	-1.289053	359.971850	6.161937	0.003723	1.3
1065	-1.289457	359.998320	6.161509	0.002852	1.3
1066	-1.355262	360.169312	6.158745	0.002535	1.3
1067	-1.335254	360.159146	6.158909	0.004071	1.3
1068	-1.304185	360.240274	6.157599	0.002754	1.3
1069	-1.282146	360.422043	6.154664	0.002415	1.3
1070	-1.269554	360.398121	6.155050	0.004881	1.3
1071	-1.324378	360.434922	6.154456	0.004669	1.5
1072	-1.321869	361.285478	6.140763	0.002035	1.5
1073	-1.312622	361.306641	6.140423	0.002072	1.3
1074	-1.334444	361.328996	6.140064	0.001067	1.6
1075	-1.360627	361.330492	6.140040	0.003842	1.4
1076	-1.324998	361.329899	6.140050	0.004791	1.3
1077	-1.343178	361.872559	6.131347	0.003420	1.4
1078	-1.332563	362.347024	6.123759	0.002939	1.3
1079	-1.375124	362.397145	6.122958	0.003025	1.5
1080	-1.337703	362.366084	6.123454	0.002259	1.3
1081	-1.300014	362.457241	6.121998	0.002546	1.3
1082	-1.330270	362.443864	6.122212	0.001820	1.4
1083	-1.286328	362.433265	6.122381	0.002532	1.3
1084	-1.321289	362.488300	6.121503	0.001639	1.3
1085	-1.308396	362.484834	6.121558	0.003621	1.3
1086	-1.322037	362.485402	6.121549	0.004589	1.3
1087	-1.313476	362.873004	6.115368	0.003776	1.3
1088	-1.299359	363.126948	6.111325	0.004986	1.3
1089	-1.351621	363.887809	6.099244	0.003027	1.3
1090	-1.289703	363.857549	6.099723	0.005937	1.3
1091	-1.338306	363.904086	6.098986	0.002660	1.3
1092	-1.330038	364.203824	6.094240	0.002126	1.3
1093	-1.352864	364.179399	6.094627	0.004885	1.2
1094	-1.296695	364.216082	6.094046	0.002596	1.5
1095	-1.307909	364.274672	6.093120	0.003220	1.2
1096	-1.318496	364.263078	6.093303	0.003436	1.3
1097	-1.329054	364.305816	6.092627	0.001567	1.3
1098	-1.313854	364.300609	6.092709	0.001919	1.4
1099	-1.306114	364.289661	6.092882	0.001948	1.5
1100	-1.286298	364.325055	6.092323	0.005557	1.2
1101	-1.293853	364.289322	6.092888	0.003655	1.3
1102	-1.311512	365.135011	6.079544	0.001890	1.3
1103	-1.311782	365.105332	6.080011	0.003763	1.3
1104	-1.312449	365.168337	6.079019	0.002326	1.4
1105	-1.317291	365.147714	6.079344	0.005972	1.3
1106	-1.278690	365.265347	6.077492	0.003773	1.3
1107	-1.287935	365.289551	6.077111	0.003498	1.3
1108	-1.349628	365.279276	6.077273	0.002362	1.3
1109	-1.309372	365.296857	6.076996	0.002095	1.4
1110	-1.331312	365.308501	6.076813	0.002064	1.2
1111	-1.314080	365.331542	6.076451	0.002394	1.2
1112	-1.311582	365.347471	6.076200	0.005156	1.4
1113	-1.284593	365.527415	6.073372	0.002910	1.3
1114	-1.315247	365.665976	6.071195	0.002545	1.3
1115	-1.353019	365.791450	6.069226	0.005250	1.3
1116	-1.359200	365.803558	6.069036	0.002994	2.0
1117	-1.317907	365.949272	6.066750	0.001692	3.7
1118	-1.342503	366.008316	6.065825	0.003150	1.7
1119	-1.357610	365.997024	6.066002	0.002257	5.8
1120	-1.295412	366.019154	6.065655	0.002039	1.8
1121	-1.299990	366.016891	6.065690	0.004127	1.4
1122	-1.318033	366.101392	6.064366	0.005661	1.4
1123	-1.347678	366.638967	6.055956	0.004371	1.5
1124	-1.312218	367.318177	6.045364	0.002249	1.6
1125	-1.314771	367.313920	6.045430	0.001961	1.2
1126	-1.321975	367.309746	6.045495	0.003149	1.3
1127	-1.313044	367.350184	6.044865	0.002758	1.3
1128	-1.307985	367.425482	6.043694	0.002020	1.3
1129	-1.331153	367.495500	6.042604	0.002327	1.3
1130	-1.325085	367.540966	6.041897	0.003251	1.2
1131	-1.316254	367.589956	6.041136	0.002737	1.3
1132	-1.339425	367.582233	6.041256	0.002250	1.4
1133	-1.316700	367.618651	6.040690	0.005072	1.4
1134	-1.323313	367.710465	6.039263	0.006245	1.8
1135	-1.340477	368.631766	6.024983	0.003215	1.3
1136	-1.325587	368.636946	6.024903	0.001813	1.3
1137	-1.298063	368.630836	6.024997	0.002210	1.3
1138	-1.332346	368.660051	6.024545	0.001595	1.3
1139	-1.318942	368.661690	6.024520	0.003289	1.4
1140	-1.310688	368.654354	6.024633	0.003215	1.2
1141	-1.304609	368.781443	6.022669	0.003016	1.2
1142	-1.319732	368.773146	6.022797	0.002963	1.4
1143	-1.329693	368.824186	6.022009	0.004037	1.2
1144	-1.318152	368.934732	6.020301	0.003573	1.3
1145	-1.326494	368.906893	6.020731	0.002434	1.5
1146	-1.336562	368.931847	6.020346	0.002793	1.3
1147	-1.352928	369.034443	6.018762	0.003889	1.3
1148	-1.300075	369.209120	6.016068	0.002817	1.2
1149	-1.318136	369.187840	6.016396	0.003376	1.3
1150	-1.349060	369.233532	6.015692	0.003907	1.3
1151	-1.351497	369.214785	6.015981	0.002220	1.3
1152	-1.277564	369.252887	6.015393	0.002728	1.2
1153	-1.311706	369.255999	6.015345	0.002083	1.2
1154	-1.313288	369.240072	6.015591	0.001991	1.2
1155	-1.315307	369.232892	6.015702	0.004769	1.3
1156	-1.344204	369.409483	6.012981	0.003701	1.3
1157	-1.326914	369.781305	6.007259	0.001976	1.3
1158	-1.319470	369.823128	6.006616	0.002724	1.3
1159	-1.336786	369.812158	6.006785	0.002887	1.3
1160	-1.295512	369.823421	6.006612	0.002925	1.2
1161	-1.332648	369.915834	6.005192	0.003999	1.3
1162	-1.298741	370.070062	6.002824	0.004590	1.2
1163	-1.346127	370.831241	5.991162	0.002151	1.6
1164	-1.288231	370.807968	5.991518	0.004543	1.5
1165	-1.341287	370.850027	5.990875	0.003496	1.3
1166	-1.332083	370.837542	5.991066	0.003231	1.3
1167	-1.339323	371.139622	5.986451	0.005115	1.4
1168	-1.307733	371.239757	5.984923	0.004016	1.3
1169	-1.347229	371.654704	5.978598	0.002015	1.3
1170	-1.315022	371.657498	5.978555	0.003153	1.3
1171	-1.304423	371.693068	5.978014	0.003057	1.3
1172	-1.364763	371.763130	5.976948	0.003862	1.3
1173	-1.332791	371.798294	5.976412	0.003224	1.3
1174	-1.327972	372.013209	5.973144	0.003509	2.2
1175	-1.298752	371.978594	5.973670	0.003822	1.7
1176	-1.338207	372.403422	5.967220	0.001984	1.6
1177	-1.353643	372.374325	5.967661	0.004013	2.5
1178	-1.312656	372.485835	5.965970	0.002518	1.8
1179	-1.338824	372.677898	5.963059	0.003084	1.9
1180	-1.298602	372.793509	5.961309	0.003936	1.4
1181	-1.331695	372.832444	5.960719	0.003948	1.3
1182	-1.325965	372.805193	5.961132	0.003682	1.8
1183	-1.313445	373.153267	5.955867	0.002074	1.7
1184	-1.315928	373.219518	5.954867	0.003563	1.5
1185	-1.355961	373.200655	5.955152	0.004143	1.4
1186	-1.330517	373.567318	5.949618	0.003473	1.4
1187	-1.320556	373.730024	5.947165	0.002280	1.3
1188	-1.296548	373.779007	5.946427	0.002554	1.5
1189	-1.338192	373.835012	5.945584	0.005772	1.5
1190	-1.306237	374.216936	5.939838	0.003129	1.9
1191	-1.326214	374.833337	5.930588	0.003836	1.6
1192	-1.321160	374.835775	5.930552	0.001977	1.6
1193	-1.350226	374.877948	5.929920	0.001729	1.4
1194	-1.348062	374.863182	5.930141	0.003555	1.4
1195	-1.340496	374.849796	5.930342	0.004522	1.6
1196	-1.320554	375.045112	5.927417	0.005644	1.4
1197	-1.322759	375.825073	5.915767	0.002626	1.8
1198	-1.273505	376.245942	5.909499	0.002971	1.4
1199	-1.337307	376.217049	5.909929	0.001477	1.3
1200	-1.290847	376.223991	5.909826	0.002729	1.3
1201	-1.353157	376.244683	5.909518	0.002380	1.2
1202	-1.344767	376.221052	5.909870	0.004483	1.5
1203	-1.303701	376.228842	5.909754	0.003033	1.4
1204	-1.304664	376.223131	5.909839	0.003167	1.3
1205	-1.342579	376.198015	5.910212	0.003361	1.5
1206	-1.335973	376.347693	5.907986	0.002875	1.4
1207	-1.309270	376.353673	5.907897	0.003744	1.3
1208	-1.335422	376.481752	5.905993	0.002112	1.3
1209	-1.288011	376.455365	5.906386	0.001735	1.3
1210	-1.344169	376.457914	5.906348	0.004263	1.5
1211	-1.309639	376.506362	5.905628	0.003546	1.5
1212	-1.308073	376.962658	5.898857	0.002593	1.3
1213	-1.374452	377.004225	5.898240	0.002131	1.4
1214	-1.326427	377.011244	5.898136	0.003094	1.4
1215	-1.322782	377.064226	5.897351	0.001818	1.3
1216	-1.282743	377.101324	5.896802	0.003313	1.3
1217	-1.377148	377.097094	5.896865	0.002437	1.3
1218	-1.349913	377.132236	5.896344	0.003734	1.7
1219	-1.320872	377.296215	5.893916	0.004534	1.3
1220	-1.338380	377.838063	5.885909	0.004301	1.4
1221	-1.338218	378.265534	5.879607	0.002258	1.3
1222	-1.342832	378.421882	5.877306	0.002371	1.3
1223	-1.298287	378.398665	5.877648	0.002264	1.4
1224	-1.377379	378.403161	5.877581	0.002490	1.6
1225	-1.338858	378.386755	5.877823	0.003540	1.3
1226	-1.319096	378.507665	5.876044	0.001944	1.3
1227	-1.299076	378.547784	5.875454	0.004490	1.3
1228	-1.316108	378.712782	5.873029	0.002100	1.3
1229	-1.312865	378.816860	5.871500	0.003617	1.4
1230	-1.336874	378.829596	5.871313	0.003615	1.3
1231	-1.303698	378.958189	5.869425	0.004793	1.4
1232	-1.344889	379.533283	5.860998	0.003699	1.3
1233	-1.310083	379.555124	5.860678	0.003375	1.3
1234	-1.332748	379.690575	5.858697	0.003526	1.3
1235	-1.333248	379.741485	5.857953	0.002254	1.3
1236	-1.325796	379.767848	5.857567	0.002572	1.3
1237	-1.313375	379.745203	5.857898	0.003752	1.4
1238	-1.300874	379.816720	5.856853	0.003567	1.4
1239	-1.302902	380.094804	5.852792	0.001997	1.3
1240	-1.327258	380.091730	5.852837	0.003562	1.4
1241	-1.312211	380.102240	5.852684	0.005183	1.3
1242	-1.289378	380.272267	5.850204	0.004457	1.3
1243	-1.302990	380.786671	5.842714	0.002900	1.2
1244	-1.355617	381.029345	5.839187	0.002413	1.3
1245	-1.345508	381.077390	5.838490	0.003573	1.4
1246	-1.316800	381.090824	5.838294	0.004096	1.4
1247	-1.325159	381.523880	5.832013	0.003690	1.4
1248	-1.335831	381.507815	5.832246	0.004567	1.8
1249	-1.332934	381.875887	5.826918	0.002824	1.4
1250	-1.310985	381.842955	5.827394	0.003892	1.6
1251	-1.303097	381.861631	5.827124	0.003502	1.3
1252	-1.321616	381.854166	5.827232	0.006552	1.3
1253	-1.290068	382.100186	5.823675	0.006915	1.3
1254	-1.299655	383.098167	5.809293	0.002733	2.4
1255	-1.342863	383.336408	5.805870	0.003980	1.3
1256	-1.301769	383.365548	5.805452	0.001631	1.3
1257	-1.335227	383.355854	5.805591	0.005143	1.3
1258	-1.315741	383.358650	5.805551	0.005042	1.3
1259	-1.349398	384.293257	5.792163	0.002166	1.4
1260	-1.339792	384.381318	5.790905	0.004042	1.3
1261	-1.323701	384.417173	5.790393	0.002967	1.3
1262	-1.308164	384.711227	5.786196	0.002336	1.4
1263	-1.332758	384.697071	5.786398	0.002660	1.4
1264	-1.294834	384.707190	5.786253	0.002965	1.5
1265	-1.282369	384.766396	5.785409	0.002290	1.8
1266	-1.312095	384.747214	5.785683	0.002862	1.4
1267	-1.327376	384.757260	5.785539	0.002982	1.3
1268	-1.301529	384.775703	5.785276	0.002186	1.3
1269	-1.338236	384.770233	5.785354	0.002192	1.2
1270	-1.325088	384.770174	5.785355	0.003476	1.3
1271	-1.342208	384.899812	5.783508	0.003251	1.7
1272	-1.334449	384.970100	5.782506	0.003008	1.4
1273	-1.305997	384.958646	5.782669	0.004008	1.3
1274	-1.315326	385.296050	5.777867	0.002323	1.3
1275	-1.331924	385.341436	5.777222	0.003619	1.3
1276	-1.315655	385.385291	5.776598	0.002203	1.3
1277	-1.334011	385.383747	5.776620	0.002142	1.4
1278	-1.309157	385.383964	5.776617	0.002123	1.3
1279	-1.317245	385.402815	5.776349	0.001587	1.3
1280	-1.331309	385.420648	5.776096	0.002500	1.2
1281	-1.306146	385.408170	5.776273	0.003611	1.3
1282	-1.337559	385.405426	5.776312	0.002674	1.2
1283	-1.368665	385.414475	5.776184	0.004208	1.3
1284	-1.351492	385.593228	5.773644	0.002479	1.4
1285	-1.286222	385.557572	5.774151	0.006025	1.3
1286	-1.310296	385.798304	5.770734	0.003688	1.3
1287	-1.315386	386.482945	5.761038	0.002332	1.3
1288	-1.328264	386.456837	5.761407	0.004756	1.3
1289	-1.308213	386.553517	5.760040	0.001851	1.3
1290	-1.305935	386.582571	5.759630	0.001898	1.4
1291	-1.294798	386.590565	5.759517	0.002381	1.3
1292	-1.327739	386.616860	5.759145	0.004534	1.2
1293	-1.340293	386.590499	5.759518	0.004955	1.3
1294	-1.305469	387.058546	5.752911	0.001959	1.3
1295	-1.347068	387.075025	5.752679	0.003579	1.3
1296	-1.325342	387.063108	5.752847	0.003420	1.3
1297	-1.306907	387.369987	5.748524	0.003857	1.3
1298	-1.336126	387.670166	5.744301	0.004675	1.3
1299	-1.276584	387.654380	5.744523	0.005892	1.3
1300	-1.320304	387.872716	5.741456	0.005304	1.3
1301	-1.325106	388.754450	5.729101	0.003872	1.3
1302	-1.337283	389.299942	5.721484	0.004934	1.4
1303	-1.325444	389.935830	5.712631	0.004571	1.3
1304	-1.289825	390.499059	5.704812	0.002272	1.3
1305	-1.307322	390.466785	5.705259	0.003860	1.6
1306	-1.304546	390.564082	5.703910	0.004464	1.7
1307	-1.343129	390.526133	5.704436	0.003560	1.3
1308	-1.320382	390.721755	5.701726	0.002616	1.5
1309	-1.325431	390.692822	5.702127	0.004307	1.3
1310	-1.281851	390.795378	5.700707	0.002292	1.4
1311	-1.298815	390.932864	5.698804	0.003903	1.4
1312	-1.303384	390.919916	5.698983	0.003271	1.5
1313	-1.328704	391.041025	5.697308	0.002786	1.3
1314	-1.336916	391.079528	5.696776	0.002457	1.3
1315	-1.356739	391.080504	5.696762	0.002561	1.3
1316	-1.321932	391.130580	5.696070	0.004180	1.3
1317	-1.314076	391.273952	5.694089	0.002423	1.3
1318	-1.304261	391.343011	5.693135	0.004077	1.5
1319	-1.306912	391.406990	5.692252	0.001586	1.3
1320	-1.349946	391.387425	5.692522	0.004063	1.3
1321	-1.303513	391.432283	5.691903	0.003308	1.4
1322	-1.285299	391.930927	5.685030	0.002615	1.3
1323	-1.313101	391.898223	5.685480	0.002511	1.3
1324	-1.345024	391.869272	5.685879	0.002514	1.3
1325	-1.324122	391.913295	5.685273	0.001631	1.3
1326	-1.326061	391.936813	5.684949	0.002010	1.4
1327	-1.328525	391.956035	5.684684	0.003635	1.5
1328	-1.339129	391.993321	5.684171	0.002572	1.4
1329	-1.329866	392.035003	5.683597	0.004075	1.2
1330	-1.325780	392.163739	5.681826	0.003467	1.3
1331	-1.333804	392.205440	5.681253	0.003385	1.4
1332	-1.347827	392.187386	5.681501	0.003951	1.3
1333	-1.325949	392.206546	5.681238	0.001410	1.4
1334	-1.296218	392.218443	5.681074	0.001771	2.5
1335	-1.327122	392.231894	5.680889	0.001605	1.3
1336	-1.342774	392.240403	5.680772	0.003283	1.4
1337	-1.320329	392.263302	5.680457	0.002738	1.7
1338	-1.297847	392.321229	5.679661	0.001808	1.4
1339	-1.312682	392.322477	5.679644	0.005661	1.3
1340	-1.313900	392.506865	5.677112	0.004928	1.4
1341	-1.305919	393.090197	5.669114	0.000908	1.3
1342	-1.312757	393.090668	5.669108	0.002201	1.3
1343	-1.318541	393.083208	5.669210	0.002864	1.5
1344	-1.317067	393.093421	5.669070	0.003699	1.3
1345	-1.339289	393.171809	5.667997	0.003553	1.3
1346	-1.342049	393.406619	5.664786	0.004533	1.4
1347	-1.339755	393.771212	5.659806	0.004377	1.3
1348	-1.317660	394.426441	5.650879	0.003058	1.2
1349	-1.298342	394.657265	5.647741	0.003782	1.4
1350	-1.317798	394.662632	5.647668	0.005271	1.4
1351	-1.305532	394.750094	5.646480	0.003025	1.4
1352	-1.339813	394.854944	5.645056	0.003080	1.3
1353	-1.298682	394.927647	5.644070	0.002892	1.2
1354	-1.343966	394.916435	5.644222	0.003930	1.3
1355	-1.336868	394.889840	5.644583	0.005215	1.3
1356	-1.312379	395.480147	5.636582	0.002292	1.3
1357	-1.356535	395.474210	5.636663	0.002235	1.3
1358	-1.315481	395.488845	5.636465	0.002675	1.6
1359	-1.301207	395.483174	5.636541	0.004506	1.4
1360	-1.327288	395.658112	5.634175	0.002323	1.4
1361	-1.320558	395.643063	5.634378	0.002121	1.4
1362	-1.264324	395.657756	5.634180	0.002594	1.5
1363	-1.341943	395.672844	5.633976	0.002492	1.3
1364	-1.304563	395.710471	5.633467	0.001260	1.3
1365	-1.300822	395.714738	5.633409	0.003112	1.4
1366	-1.300384	395.723567	5.633290	0.004260	1.4
1367	-1.325163	395.769686	5.632666	0.003417	1.4
1368	-1.296468	395.758647	5.632816	0.004616	1.4
1369	-1.312890	395.827137	5.631890	0.002750	1.3
1370	-1.327566	395.893088	5.630999	0.003508	1.3
1371	-1.358857	395.951447	5.630211	0.003280	1.4
1372	-1.338958	396.186698	5.627036	0.002226	1.4
1373	-1.286143	396.201382	5.626838	0.002450	1.3
1374	-1.347398	396.192502	5.626958	0.004096	1.5
1375	-1.358879	396.306091	5.625426	0.002947	1.3
1376	-1.319553	396.273598	5.625864	0.003995	1.2
1377	-1.300350	396.444350	5.623563	0.002762	1.4
1378	-1.374980	396.563029	5.621965	0.001990	1.3
1379	-1.315033	396.553828	5.622089	0.005018	1.4
1380	-1.307006	396.739238	5.619593	0.003705	1.3
1381	-1.317012	396.853683	5.618054	0.004005	1.3
1382	-1.343266	396.833078	5.618331	0.002938	1.3
1383	-1.326101	396.820696	5.618498	0.003500	1.3
1384	-1.286853	397.042349	5.615519	0.003965	1.3
1385	-1.298365	397.437459	5.610216	0.004195	1.3
1386	-1.326455	397.584001	5.608252	0.003006	1.3
1387	-1.326064	397.756780	5.605938	0.002803	1.4
1388	-1.338398	397.815344	5.605154	0.002614	1.4
1389	-1.291400	397.800994	5.605346	0.002688	1.3
1390	-1.305148	397.811135	5.605211	0.003689	1.6
1391	-1.339961	397.807315	5.605262	0.002676	1.3
1392	-1.351638	397.773865	5.605709	0.003393	1.4
1393	-1.285251	397.821450	5.605073	0.002488	1.3
1394	-1.317168	397.843663	5.604775	0.003554	1.5
1395	-1.316230	397.923310	5.603710	0.001615	1.3
1396	-1.342278	397.966093	5.603137	0.004400	1.4
1397	-1.314986	397.978683	5.602969	0.004022	1.4
1398	-1.328918	398.453015	5.596633	0.004003	1.2
1399	-1.322106	398.648125	5.594031	0.003682	1.3
1400	-1.300798	398.611057	5.594525	0.003358	1.3
1401	-1.290523	398.745294	5.592736	0.001443	1.3
1402	-1.309771	398.740362	5.592802	0.004944	1.3
1403	-1.300821	398.725049	5.593006	0.004885	1.3
1404	-1.320705	398.745327	5.592736	0.004075	1.3
1405	-1.321101	399.136382	5.587530	0.003127	1.4
1406	-1.349869	399.101571	5.587993	0.002772	1.3
1407	-1.325983	399.243713	5.586103	0.001627	1.4
1408	-1.327983	399.286829	5.585530	0.002530	1.7
1409	-1.318164	399.275788	5.585677	0.002719	1.3
1410	-1.339118	399.282515	5.585587	0.001874	1.3
1411	-1.330930	399.296606	5.585400	0.002500	1.5
1412	-1.328831	399.312465	5.585189	0.004479	1.3
1413	-1.260745	399.287363	5.585523	0.004979	1.3
1414	-1.349592	400.098597	5.574762	0.003105	1.3
1415	-1.354474	400.084165	5.574953	0.003549	1.3
1416	-1.358264	400.299219	5.572108	0.002550	1.4
1417	-1.336798	400.304426	5.572039	0.002755	1.2
1418	-1.328022	400.316559	5.571878	0.001798	1.4
1419	-1.306866	400.356206	5.571354	0.004500	1.3
1420	-1.307171	400.327067	5.571739	0.002304	1.3
1421	-1.358304	400.463700	5.569933	0.003301	1.3
1422	-1.310978	400.440590	5.570239	0.001532	1.3
1423	-1.290493	400.457372	5.570017	0.004519	1.3
1424	-1.324741	400.531811	5.569033	0.003046	1.4
1425	-1.310759	400.916091	5.563961	0.001977	1.4
1426	-1.343311	400.969632	5.563255	0.002298	1.3
1427	-1.303429	401.010948	5.562710	0.005445	1.3
1428	-1.317372	401.004752	5.562792	0.002822	2.3
1429	-1.316926	401.425712	5.557248	0.001610	1.4
1430	-1.305678	401.430107	5.557191	0.002976	1.3
1431	-1.368026	401.415433	5.557384	0.002215	1.3
1432	-1.325590	401.468030	5.556692	0.003317	1.3
1433	-1.351885	401.464628	5.556737	0.003446	1.4
1434	-1.334752	401.778130	5.552616	0.003624	1.5
1435	-1.321631	401.796477	5.552375	0.003732	1.3
1436	-1.312351	402.143044	5.547828	0.001726	1.4
1437	-1.295432	402.131269	5.547982	0.002433	1.5
1438	-1.305119	402.117267	5.548166	0.003094	1.3
1439	-1.329249	402.183066	5.547303	0.003312	1.3
1440	-1.305632	402.175672	5.547400	0.001889	1.3
1441	-1.288557	402.181664	5.547321	0.004061	1.3
1442	-1.307621	402.159168	5.547616	0.004833	1.3
1443	-1.286517	402.809476	5.539104	0.001940	1.3
1444	-1.317275	402.788535	5.539377	0.003034	1.3
1445	-1.333101	402.849978	5.538574	0.003054	1.3
1446	-1.330227	403.039327	5.536101	0.002363	1.4
1447	-1.326865	403.015377	5.536414	0.004057	1.3
1448	-1.309512	403.093645	5.535392	0.001805	1.3
1449	-1.311684	403.085186	5.535503	0.002034	1.3
1450	-1.341656	403.076241	5.535619	0.002726	1.3
1451	-1.327889	403.150480	5.534650	0.004102	1.4
1452	-1.245929	403.345651	5.532105	0.003887	1.4
1453	-1.318725	403.374906	5.531723	0.001289	1.4
1454	-1.313648	403.355468	5.531977	0.002679	1.3
1455	-1.320062	403.365102	5.531851	0.003313	1.3
1456	-1.335166	403.332724	5.532273	0.003028	1.4
1457	-1.305949	403.582003	5.529025	0.003159	1.3
1458	-1.298373	403.565548	5.529240	0.003218	1.3
1459	-1.325462	403.670774	5.527870	0.003526	1.5
1460	-1.319055	403.868169	5.525301	0.002385	1.3
1461	-1.330357	403.939291	5.524376	0.002476	1.4
1462	-1.358772	403.947446	5.524270	0.002331	1.6
1463	-1.354003	403.968045	5.524003	0.001531	1.6
1464	-1.321414	404.000871	5.523576	0.001700	1.4
1465	-1.311350	404.010690	5.523448	0.002435	1.3
1466	-1.301704	404.064957	5.522743	0.002470	1.5
1467	-1.352809	404.073950	5.522626	0.002072	1.9
1468	-1.320567	404.106305	5.522206	0.002795	1.4
1469	-1.346127	404.175141	5.521312	0.002833	1.3
1470	-1.337240	404.279711	5.519954	0.002936	1.3
1471	-1.299721	404.422417	5.518103	0.003263	1.4
1472	-1.313594	404.500432	5.517091	0.002245	1.4
1473	-1.299880	404.531642	5.516686	0.002370	1.4
1474	-1.363164	404.568504	5.516209	0.001406	1.4
1475	-1.294187	404.570914	5.516177	0.002461	1.4
1476	-1.331576	404.585060	5.515994	0.003008	1.4
1477	-1.268447	404.566075	5.516240	0.003359	1.5
1478	-1.297263	404.556777	5.516361	0.004784	1.4
1479	-1.296438	404.686309	5.514682	0.001434	1.8
1480	-1.316012	404.718344	5.514267	0.003135	1.4
1481	-1.327675	404.735045	5.514051	0.002236	1.4
1482	-1.330830	404.745050	5.513921	0.002687	1.3
1483	-1.320712	404.745880	5.513910	0.003266	1.4
1484	-1.340798	404.887796	5.512073	0.002730	1.4
1485	-1.287600	404.882819	5.512137	0.001616	1.3
1486	-1.302070	404.890888	5.512033	0.002694	1.3
1487	-1.312772	404.884909	5.512110	0.003270	1.3
1488	-1.351631	404.972697	5.510974	0.004573	1.3
1489	-1.312363	404.999619	5.510626	0.002881	1.3
1490	-1.323041	404.973566	5.510963	0.003337	1.3
1491	-1.330646	405.049164	5.509985	0.003267	1.3
1492	-1.334939	405.177897	5.508321	0.003373	1.4
1493	-1.311298	405.147534	5.508713	0.002037	1.6
1494	-1.292787	405.151761	5.508659	0.004588	1.5
1495	-1.303038	405.231643	5.507626	0.003137	1.3
1496	-1.322901	405.394057	5.505528	0.003012	1.3
1497	-1.309051	405.364177	5.505914	0.002910	1.4
1498	-1.350109	405.481579	5.504399	0.002610	1.4
1499	-1.309395	405.455983	5.504729	0.004061	1.4
1500	-1.304466	405.654645	5.502166	0.004777	1.4
1501	-1.336741	405.794871	5.500358	0.002601	1.4
1502	-1.326458	405.865375	5.499450	0.002907	1.4
1503	-1.320727	405.878270	5.499283	0.003365	1.4
1504	-1.333134	405.895799	5.499058	0.001859	1.5
1505	-1.344453	405.912209	5.498846	0.002544	1.6
1506	-1.343177	405.912343	5.498845	0.001813	1.3
1507	-1.331203	405.941536	5.498469	0.003575	1.4
1508	-1.291953	405.971377	5.498084	0.002243	1.4
1509	-1.315715	406.029215	5.497340	0.001918	1.4
1510	-1.323801	406.015340	5.497518	0.003721	1.4
1511	-1.332329	406.027939	5.497356	0.002567	1.4
1512	-1.314790	406.202254	5.495113	0.002084	1.5
1513	-1.308078	406.190209	5.495268	0.002484	1.4
1514	-1.326539	406.191740	5.495248	0.003942	1.5
1515	-1.308209	406.253070	5.494459	0.001903	1.4
1516	-1.310214	406.271307	5.494225	0.004056	1.4
1517	-1.362646	406.352869	5.493176	0.003473	1.4
1518	-1.331101	406.497726	5.491315	0.002634	1.6
1519	-1.349092	406.487517	5.491446	0.002848	1.4
1520	-1.284174	406.466438	5.491717	0.001611	1.4
1521	-1.311932	406.479266	5.491552	0.003086	1.4
1522	-1.325459	406.481671	5.491521	0.002817	1.4
1523	-1.315173	406.541474	5.490753	0.003409	1.3
1524	-1.354137	406.563736	5.490467	0.002757	1.4
1525	-1.316709	406.678793	5.488990	0.003316	1.5
1526	-1.331372	406.781150	5.487677	0.002826	1.3
1527	-1.284965	406.769127	5.487831	0.001851	1.5
1528	-1.296595	406.775338	5.487751	0.004994	1.6
1529	-1.355386	406.759641	5.487953	0.004921	1.7
1530	-1.360697	407.106168	5.483510	0.003024	1.8
1531	-1.336570	407.331217	5.480629	0.002863	1.5
1532	-1.312917	407.311029	5.480888	0.002329	1.3
1533	-1.312761	407.316510	5.480818	0.001746	1.4
1534	-1.301279	407.295978	5.481080	0.003483	1.5
1535	-1.312750	407.371107	5.480119	0.003216	1.4
1536	-1.354218	407.513305	5.478300	0.002237	1.4
1537	-1.333373	407.597007	5.477231	0.003172	1.4
1538	-1.350532	407.621874	5.476913	0.001748	1.5
1539	-1.331352	407.612880	5.477028	0.002904	1.8
1540	-1.298820	407.606376	5.477111	0.003838	1.4
1541	-1.318274	407.659317	5.476434	0.002244	1.4
1542	-1.344831	407.688516	5.476061	0.002339	1.9
1543	-1.316583	407.712621	5.475753	0.002526	1.4
1544	-1.344114	407.715582	5.475716	0.001865	1.5
1545	-1.320052	407.697143	5.475951	0.003852	1.5
1546	-1.275208	407.694027	5.475991	0.003682	1.4
1547	-1.300038	407.782839	5.474857	0.003006	1.5
1548	-1.337308	407.764300	5.475093	0.004235	1.7
1549	-1.336789	407.782926	5.474856	0.003121	1.3
1550	-1.311960	407.773197	5.474980	0.002453	1.4
1551	-1.334473	407.816247	5.474430	0.001727	2.6
1552	-1.321682	407.812671	5.474476	0.001735	1.7
1553	-1.327690	407.803863	5.474588	0.004782	1.7
1554	-1.337567	407.808984	5.474523	0.003028	1.4
1555	-1.271744	408.240301	5.469022	0.003768	1.5
1556	-1.349041	408.206503	5.469453	0.004916	1.5
1557	-1.316901	408.752856	5.462499	0.001870	1.3
1558	-1.357659	408.938885	5.460136	0.004884	1.3
1559	-1.308500	408.977492	5.459645	0.003022	1.5
1560	-1.319247	409.094797	5.458156	0.003621	1.2
1561	-1.307487	409.163024	5.457291	0.002617	1.5
1562	-1.306610	409.251227	5.456172	0.002821	1.5
1563	-1.301207	409.277666	5.455837	0.002304	1.8
1564	-1.306996	409.267251	5.455969	0.004459	1.6
1565	-1.326496	409.252284	5.456158	0.004100	2.0
1566	-1.340054	409.321617	5.455279	0.002715	1.4
1567	-1.305167	409.427733	5.453934	0.003698	1.5
1568	-1.299712	409.395759	5.454340	0.002904	1.4
1569	-1.307827	409.653674	5.451073	0.003577	1.8
1570	-1.290165	409.683402	5.450697	0.005409	1.3
1571	-1.294866	409.789201	5.449358	0.004660	1.3
1572	-1.335222	410.626837	5.438783	0.004207	1.5
1573	-1.322782	411.262615	5.430783	0.002913	1.5
1574	-1.298155	411.232550	5.431161	0.003306	1.3
1575	-1.333440	411.312203	5.430160	0.003595	1.4
1576	-1.328502	411.301099	5.430300	0.001896	1.4
1577	-1.324855	411.286555	5.430483	0.003376	1.5
1578	-1.335939	411.275655	5.430620	0.003924	1.4
1579	-1.313965	411.575364	5.426857	0.001459	1.5
1580	-1.298027	411.654218	5.425868	0.003951	1.5
1581	-1.342153	411.687744	5.425447	0.002137	1.7
1582	-1.336690	411.813535	5.423871	0.002752	1.3
1583	-1.345855	411.802830	5.424005	0.002555	1.3
1584	-1.301092	411.798926	5.424054	0.003557	1.8
1585	-1.320929	411.904543	5.422730	0.002169	1.6
1586	-1.341142	411.891883	5.422889	0.003085	1.7
1587	-1.349845	411.899778	5.422790	0.002522	1.6
1588	-1.323727	411.987415	5.421693	0.001793	1.4
1589	-1.364907	412.027890	5.421186	0.002429	1.4
1590	-1.318864	412.038211	5.421057	0.002265	1.4
1591	-1.290826	412.079227	5.420543	0.001884	1.3
1592	-1.315025	412.085559	5.420464	0.003729	1.4
1593	-1.299243	412.103333	5.420241	0.003300	1.4
1594	-1.375855	412.201832	5.419009	0.001544	1.4
1595	-1.313703	412.229645	5.418661	0.004240	1.7
1596	-1.329391	412.217385	5.418814	0.001767	1.4
1597	-1.319375	412.312532	5.417625	0.002195	1.5
1598	-1.351194	412.315261	5.417590	0.002189	1.4
1599	-1.303708	412.308063	5.417680	0.002843	1.3
1600	-1.336218	412.345230	5.417216	0.003091	1.3
1601	-1.331465	412.341547	5.417262	0.003123	1.4
1602	-1.318660	412.320595	5.417524	0.004708	1.3
1603	-1.319339	412.351229	5.417141	0.004495	1.4
1604	-1.305863	412.995485	5.409099	0.003832	1.3
1605	-1.305606	413.030528	5.408662	0.002773	1.4
1606	-1.338492	413.003836	5.408995	0.004747	1.4
1607	-1.302428	413.273651	5.405634	0.003582	1.4
1608	-1.343227	413.342641	5.404776	0.002953	1.4
1609	-1.318120	413.403849	5.404014	0.001858	1.5
1610	-1.311799	413.386002	5.404236	0.003695	1.9
1611	-1.300258	413.493335	5.402901	0.003408	1.6
1612	-1.330531	413.576619	5.401866	0.003705	1.3
1613	-1.272772	413.700103	5.400331	0.002359	1.4
1614	-1.309933	413.684801	5.400522	0.001804	1.5
1615	-1.308468	413.694992	5.400395	0.001548	1.4
1616	-1.358500	413.692668	5.400424	0.003060	1.3
1617	-1.326259	413.677461	5.400613	0.001412	1.3
1618	-1.306484	413.683553	5.400537	0.002086	1.4
1619	-1.314077	413.673581	5.400661	0.004785	1.3
1620	-1.321435	413.890961	5.397961	0.005070	1.3
1621	-1.311135	414.798789	5.386717	0.002659	1.4
1622	-1.359813	415.129541	5.382632	0.002848	1.3
1623	-1.312698	415.205738	5.381691	0.002803	1.5
1624	-1.285650	415.297021	5.380565	0.002009	1.3
1625	-1.330121	415.300714	5.380520	0.002167	1.4
1626	-1.309834	415.331106	5.380145	0.001604	1.3
1627	-1.298069	415.352850	5.379877	0.003117	1.4
1628	-1.336452	415.356805	5.379828	0.003713	1.3
1629	-1.341490	415.504490	5.378008	0.003483	1.4
1630	-1.328079	415.544656	5.377513	0.002842	1.4
1631	-1.320700	415.674233	5.375917	0.002912	1.4
1632	-1.335231	415.670261	5.375966	0.002309	1.4
1633	-1.310643	415.654464	5.376161	0.004615	1.3
1634	-1.300969	415.814451	5.374192	0.002982	1.5
1635	-1.308030	415.902452	5.373109	0.003528	1.5
1636	-1.310692	415.992925	5.371997	0.003525	1.4
1637	-1.290451	416.129212	5.370322	0.001650	1.3
1638	-1.345193	416.153181	5.370028	0.002014	1.6
1639	-1.322316	416.147165	5.370101	0.002175	1.4
1640	-1.284434	416.169973	5.369821	0.002020	1.5
1641	-1.327874	416.205863	5.369380	0.003704	1.3
1642	-1.328238	416.185043	5.369636	0.001841	1.3
1643	-1.341150	416.167491	5.369852	0.003224	1.4
1644	-1.334344	416.143282	5.370149	0.005326	1.3
1645	-1.316961	416.539819	5.365282	0.005434	1.3
1646	-1.307596	416.507850	5.365674	0.002447	1.3
1647	-1.335591	416.805592	5.362025	0.004893	1.4
1648	-1.285358	416.790081	5.362215	0.001402	1.3
1649	-1.316811	416.769643	5.362466	0.002267	1.3
1650	-1.312880	416.791536	5.362197	0.002215	1.3
1651	-1.294904	416.791225	5.362201	0.002168	1.3
1652	-1.342171	416.822356	5.361820	0.003311	1.3
1653	-1.352223	416.844307	5.361551	0.002772	1.3
1654	-1.369111	416.886202	5.361038	0.004692	1.3
1655	-1.304078	416.878611	5.361131	0.001639	1.3
1656	-1.351089	416.920837	5.360614	0.003826	1.4
1657	-1.320584	416.934445	5.360448	0.003156	1.3
1658	-1.332872	417.117442	5.358209	0.000907	1.3
1659	-1.316259	417.138979	5.357945	0.002952	1.3
1660	-1.334940	417.146740	5.357850	0.003590	1.3
1661	-1.289633	417.175976	5.357493	0.002058	1.3
1662	-1.352322	417.227429	5.356864	0.002569	1.4
1663	-1.319213	417.212178	5.357050	0.002836	1.3
1664	-1.303555	417.247712	5.356616	0.003310	1.3
1665	-1.317039	417.308113	5.355878	0.002803	1.3
1666	-1.308383	417.327192	5.355645	0.002883	1.3
1667	-1.316835	417.325470	5.355666	0.004006	1.3
1668	-1.339363	417.521719	5.353269	0.001975	1.3
1669	-1.357767	417.492518	5.353625	0.004363	1.3
1670	-1.311513	417.544320	5.352993	0.002493	1.4
1671	-1.299908	417.525609	5.353221	0.003553	1.3
1672	-1.353400	417.583562	5.352514	0.003113	1.5
1673	-1.312537	417.600801	5.352304	0.002339	1.3
1674	-1.293301	417.608892	5.352205	0.003238	1.3
1675	-1.313076	417.716462	5.350892	0.006671	1.3
1676	-1.346967	417.969287	5.347811	0.003354	1.3
1677	-1.296845	418.774327	5.338021	0.003798	1.3
1678	-1.291067	418.784767	5.337894	0.002162	1.6
1679	-1.313922	418.759638	5.338199	0.003533	1.5
1680	-1.318989	418.750672	5.338308	0.003951	1.4
1681	-1.336670	418.811834	5.337566	0.002590	1.6
1682	-1.289425	418.825046	5.337406	0.002840	1.3
1683	-1.291430	418.826359	5.337390	0.002819	1.3
1684	-1.331659	418.813588	5.337545	0.002893	1.3
1685	-1.322559	418.790083	5.337830	0.004324	1.3
1686	-1.280561	418.928706	5.336148	0.002122	1.3
1687	-1.338800	418.927773	5.336159	0.002699	1.3
1688	-1.304454	418.913323	5.336334	0.004535	1.3
1689	-1.288049	418.991191	5.335390	0.002250	1.3
1690	-1.360838	419.117334	5.333861	0.001406	1.5
1691	-1.326418	419.120462	5.333823	0.002191	1.2
1692	-1.244690	419.126067	5.333755	0.001709	1.3
1693	-1.342485	419.119928	5.333829	0.004100	1.4
1694	-1.291381	419.103997	5.334023	0.003541	1.3
1695	-1.338689	419.335392	5.331219	0.002446	1.3
1696	-1.321848	419.312990	5.331491	0.003208	1.4
1697	-1.317188	419.468542	5.329608	0.003721	1.3
1698	-1.375677	419.440683	5.329945	0.002710	1.3
1699	-1.318606	419.611853	5.327874	0.002640	1.3
1700	-1.356483	419.623635	5.327732	0.002860	1.3
1701	-1.334291	419.648543	5.327431	0.001327	1.2
1702	-1.320550	419.657797	5.327319	0.002047	1.3
1703	-1.363045	419.663952	5.327245	0.002647	1.3
1704	-1.303711	419.684588	5.326995	0.002804	1.3
1705	-1.267798	419.679980	5.327051	0.002663	1.3
1706	-1.308833	419.681048	5.327038	0.002541	1.3
1707	-1.284796	419.702439	5.326779	0.002031	1.3
1708	-1.338994	419.702263	5.326781	0.003405	1.4
1709	-1.342252	419.689889	5.326931	0.003214	1.6
1710	-1.298048	419.783588	5.325799	0.003809	1.3
1711	-1.305917	419.850748	5.324987	0.003077	1.3
1712	-1.314912	419.865416	5.324810	0.002838	1.3
1713	-1.329319	419.912962	5.324236	0.004413	1.3
1714	-1.324615	420.078536	5.322237	0.003926	1.3
1715	-1.335328	420.081835	5.322197	0.003229	1.4
1716	-1.341486	420.087881	5.322125	0.002094	1.5
1717	-1.278385	420.089911	5.322100	0.002747	1.3
1718	-1.300617	420.086789	5.322138	0.002452	1.4
1719	-1.328006	420.076850	5.322258	0.002889	1.3
1720	-1.365475	420.144428	5.321442	0.001220	1.3
1721	-1.310641	420.137476	5.321526	0.002134	1.5
1722	-1.292089	420.131879	5.321594	0.001396	1.4
1723	-1.278619	420.135320	5.321552	0.001731	1.2
1724	-1.303675	420.139250	5.321505	0.005407	1.3
1725	-1.336231	420.109008	5.321870	0.005198	1.4
1726	-1.304653	421.072754	5.310268	0.004086	1.7
1727	-1.324953	421.081662	5.310161	0.004624	1.7
1728	-1.320240	421.439137	5.305870	0.004052	1.6
1729	-1.310999	421.495874	5.305190	0.002784	1.8
1730	-1.331179	421.463449	5.305579	0.003131	1.4
1731	-1.306833	421.440659	5.305852	0.002515	1.3
1732	-1.288966	421.494922	5.305201	0.002047	1.5
1733	-1.337704	421.502959	5.305105	0.003584	1.3
1734	-1.331896	421.483918	5.305333	0.003599	1.3
1735	-1.324752	421.640203	5.303460	0.003154	1.4
1736	-1.338748	421.621419	5.303685	0.004300	1.4
1737	-1.291580	422.053293	5.298515	0.003723	1.4
1738	-1.322019	422.019712	5.298917	0.003728	1.4
1739	-1.330897	422.108595	5.297854	0.004561	1.4
1740	-1.306055	422.117083	5.297752	0.002037	1.3
1741	-1.292456	422.147995	5.297383	0.004480	1.6
1742	-1.327419	422.116843	5.297755	0.003644	1.4
1743	-1.362521	422.481043	5.293405	0.004770	1.3
1744	-1.276807	422.719489	5.290560	0.004268	1.4
1745	-1.308134	422.906327	5.288333	0.001866	1.3
1746	-1.330960	423.027059	5.286895	0.002322	1.4
1747	-1.305921	423.077951	5.286290	0.003531	1.4
1748	-1.316239	423.093572	5.286104	0.001999	2.5
1749	-1.309655	423.089032	5.286158	0.002154	1.3
1750	-1.322410	423.088967	5.286158	0.003301	1.5
1751	-1.317623	423.090057	5.286145	0.001722	1.6
1752	-1.326185	423.076846	5.286303	0.002433	1.4
1753	-1.327174	423.067727	5.286411	0.003920	1.4
1754	-1.319047	423.101975	5.286004	0.002586	1.5
1755	-1.308617	423.226990	5.284516	0.002951	1.3
1756	-1.305045	423.379351	5.282704	0.002824	1.4
1757	-1.335518	423.458153	5.281767	0.001725	1.3
1758	-1.339696	423.473672	5.281583	0.002289	1.3
1759	-1.298184	423.483277	5.281469	0.004860	1.3
1760	-1.301402	423.656948	5.279406	0.002204	1.3
1761	-1.312141	423.747357	5.278333	0.003043	1.3
1762	-1.281662	423.754120	5.278253	0.002341	1.3
1763	-1.333807	423.780726	5.277937	0.002738	1.3
1764	-1.319794	423.846377	5.277158	0.003262	1.3
1765	-1.344880	423.843608	5.277191	0.002659	1.5
1766	-1.354123	423.816324	5.277515	0.004096	1.3
1767	-1.328987	423.842131	5.277208	0.002933	1.5
1768	-1.349149	423.841306	5.277218	0.003653	1.6
1769	-1.291734	423.866046	5.276925	0.004579	1.4
1770	-1.327198	424.466380	5.269813	0.002505	1.6
1771	-1.351146	424.595528	5.268286	0.001939	1.3
1772	-1.306254	424.577595	5.268498	0.004007	1.5
1773	-1.299767	424.570420	5.268583	0.004143	1.3
1774	-1.296741	424.628276	5.267899	0.003476	1.4
1775	-1.301266	424.818980	5.265645	0.002055	1.6
1776	-1.335964	424.807612	5.265780	0.003199	1.7
1777	-1.282766	424.808905	5.265764	0.003043	1.4
1778	-1.316714	424.825282	5.265571	0.001946	1.5
1779	-1.298580	424.844174	5.265348	0.003041	1.3
1780	-1.321048	424.871230	5.265028	0.003853	1.3
1781	-1.334472	424.978233	5.263765	0.003023	1.4
1782	-1.340795	425.149261	5.261747	0.002508	1.2
1783	-1.308939	425.164173	5.261571	0.002364	1.3
1784	-1.330428	425.174632	5.261448	0.002911	1.4
1785	-1.309725	425.218615	5.260929	0.002952	1.3
1786	-1.325419	425.248492	5.260577	0.002025	1.3
1787	-1.310173	425.237007	5.260713	0.004146	1.3
1788	-1.332919	425.335150	5.259556	0.003679	1.4
1789	-1.328759	425.530278	5.257257	0.006738	1.3
1790	-1.321298	426.402322	5.247010	0.002866	1.5
1791	-1.347666	426.983338	5.240205	0.004669	1.3
1792	-1.313442	426.953599	5.240553	0.002239	1.4
1793	-1.346148	427.055423	5.239362	0.003479	1.3
1794	-1.314020	427.125810	5.238539	0.003180	1.3
1795	-1.350084	427.283084	5.236701	0.003917	1.3
1796	-1.318421	427.273868	5.236809	0.004263	1.5
1797	-1.321455	427.839184	5.230213	0.001977	1.3
1798	-1.300549	427.815807	5.230486	0.003339	1.4
1799	-1.269940	427.801459	5.230653	0.004901	1.3
1800	-1.336490	428.247127	5.225464	0.003813	1.3
1801	-1.293717	428.217774	5.225805	0.004721	1.4
1802	-1.332769	428.883640	5.218071	0.002786	1.4
1803	-1.318869	428.847065	5.218495	0.003679	1.4
1804	-1.293938	428.993755	5.216794	0.002785	1.5
1805	-1.318925	429.136287	5.215142	0.002501	1.4
1806	-1.312455	429.172383	5.214724	0.004200	1.3
1807	-1.334229	429.168257	5.214772	0.002875	1.3
1808	-1.297716	429.145773	5.215032	0.001621	1.3
1809	-1.298800	429.155719	5.214917	0.003641	1.4
1810	-1.284111	429.158928	5.214880	0.002000	1.4
1811	-1.343325	429.144442	5.215047	0.002865	5.6
1812	-1.338175	429.158858	5.214880	0.003733	1.5
1813	-1.281933	429.125454	5.215267	0.004749	1.3
1814	-1.312002	429.615047	5.209601	0.003252	1.4
1815	-1.324815	429.928957	5.205974	0.003094	1.3
1816	-1.282599	430.100064	5.204000	0.002421	1.8
1817	-1.318429	430.082906	5.204198	0.004139	1.3
1818	-1.311542	430.214904	5.202675	0.003923	1.5
1819	-1.309946	430.186867	5.202999	0.006056	1.3
1820	-1.314713	430.799386	5.195945	0.003763	1.3
1821	-1.360540	431.129584	5.192150	0.003184	1.4
1822	-1.318802	431.254314	5.190718	0.002554	1.3
1823	-1.314121	431.240279	5.190879	0.003628	1.6
1824	-1.306512	431.383871	5.189231	0.001460	1.3
1825	-1.310218	431.408228	5.188952	0.001766	1.3
1826	-1.330355	431.402873	5.189014	0.002650	1.5
1827	-1.330903	431.403839	5.189002	0.004173	1.3
1828	-1.338665	431.438265	5.188608	0.004692	1.2
1829	-1.304807	432.219662	5.179662	0.003487	1.4
1830	-1.274122	432.428230	5.177279	0.003910	1.3
1831	-1.312315	432.419073	5.177384	0.004012	1.3
1832	-1.335011	432.877445	5.172155	0.003222	1.4
1833	-1.331522	432.980479	5.170981	0.001784	1.4
1834	-1.282125	433.025498	5.170469	0.003630	1.3
1835	-1.343787	433.067891	5.169986	0.002094	1.4
1836	-1.324214	433.086965	5.169769	0.002566	1.3
1837	-1.341588	433.080296	5.169845	0.003104	1.3
1838	-1.308775	433.109368	5.169514	0.002244	1.3
1839	-1.354889	433.114090	5.169460	0.004182	1.3
1840	-1.328103	433.186238	5.168639	0.002762	1.3
1841	-1.331180	433.481395	5.165282	0.003382	1.3
1842	-1.290114	433.533149	5.164694	0.004465	1.3
1843	-1.309041	434.017270	5.159199	0.003489	1.3
1844	-1.315092	434.398551	5.154879	0.002318	1.5
1845	-1.347060	434.390610	5.154969	0.002736	1.5
1846	-1.332204	434.450685	5.154289	0.001409	1.3
1847	-1.298527	434.448905	5.154310	0.003367	1.3
1848	-1.345039	434.435221	5.154464	0.002831	1.4
1849	-1.302199	434.634440	5.152211	0.003847	1.3
1850	-1.319135	434.605648	5.152536	0.003212	1.3
1851	-1.322968	434.649294	5.152043	0.004129	1.3
1852	-1.280122	434.910084	5.149096	0.003591	1.4
1853	-1.336317	434.876543	5.149474	0.003400	1.3
1854	-1.330415	434.882450	5.149408	0.003187	1.3
1855	-1.304972	434.926297	5.148913	0.003136	1.3
1856	-1.300812	435.046189	5.147559	0.002825	1.3
1857	-1.303574	435.011037	5.147956	0.004340	2.2
1858	-1.349145	435.284475	5.144871	0.001692	1.7
1859	-1.301073	435.291990	5.144786	0.001731	1.6
1860	-1.296697	435.296981	5.144730	0.003511	1.3
1861	-1.314250	435.322020	5.144447	0.001812	1.2
1862	-1.332054	435.365710	5.143955	0.005460	1.5
1863	-1.319889	435.339750	5.144248	0.001880	1.3
1864	-1.329701	435.311526	5.144566	0.002706	1.4
1865	-1.339756	435.318452	5.144488	0.001602	1.5
1866	-1.310590	435.316881	5.144505	0.002090	1.6
1867	-1.301228	435.345609	5.144181	0.003104	1.3
1868	-1.323044	435.401536	5.143551	0.003699	1.5
1869	-1.275952	435.426701	5.143268	0.001971	1.3
1870	-1.308527	435.421849	5.143322	0.004234	1.4
1871	-1.308817	435.424768	5.143289	0.001981	1.3
1872	-1.301544	435.402201	5.143544	0.003053	1.6
1873	-1.306125	435.410289	5.143452	0.002216	1.4
1874	-1.321600	435.428689	5.143245	0.002776	1.3
1875	-1.306032	435.457378	5.142922	0.005989	1.3
1876	-1.296731	435.769573	5.139407	0.001550	1.3
1877	-1.288798	435.916632	5.137753	0.001846	1.9
1878	-1.331981	435.907375	5.137857	0.004263	1.3
1879	-1.315717	435.975615	5.137089	0.001764	1.3
1880	-1.323556	435.952378	5.137351	0.003785	1.3
1881	-1.330085	435.954877	5.137323	0.004222	1.4
1882	-1.353489	436.317432	5.133250	0.003240	1.3
1883	-1.306544	436.428413	5.132004	0.002817	1.3
1884	-1.309766	436.420359	5.132095	0.003141	1.4
1885	-1.325011	436.506174	5.131132	0.005100	1.4
1886	-1.312085	436.944410	5.126222	0.002769	1.4
1887	-1.328549	437.092600	5.124564	0.003707	1.3
1888	-1.355141	437.071362	5.124801	0.001402	1.4
1889	-1.290061	437.075471	5.124755	0.002180	1.9
1890	-1.329168	437.075714	5.124752	0.004560	2.1
1891	-1.330249	437.134319	5.124097	0.005089	1.9
1892	-1.333137	437.897144	5.115579	0.003015	1.5
1893	-1.300549	437.872982	5.115848	0.004785	1.5
1894	-1.315037	438.238129	5.111781	0.003913	1.4
1895	-1.315473	438.209555	5.112099	0.003229	1.3
1896	-1.359747	438.226434	5.111911	0.002304	1.3
1897	-1.319590	438.222290	5.111957	0.002045	1.3
1898	-1.324563	438.211891	5.112073	0.002498	1.3
1899	-1.329035	438.191463	5.112300	0.003299	1.3
1900	-1.289814	438.248281	5.111668	0.004418	1.3
1901	-1.316272	438.242329	5.111734	0.002566	1.3
1902	-1.292987	438.219940	5.111983	0.002389	1.3
1903	-1.334521	438.231745	5.111852	0.003223	1.4
1904	-1.318613	438.256174	5.111580	0.002467	1.3
1905	-1.323618	438.255816	5.111584	0.004595	1.3
1906	-1.334771	438.383832	5.110159	0.007553	1.4
1907	-1.328432	439.357732	5.099349	0.002501	1.3
1908	-1.326913	439.343719	5.099504	0.006264	1.3
1909	-1.321513	439.747238	5.095038	0.003178	1.2
1910	-1.331290	439.769787	5.094789	0.002974	1.3
1911	-1.299840	439.748093	5.095028	0.002097	1.3
1912	-1.337482	439.751955	5.094986	0.003815	1.3
1913	-1.337772	439.848209	5.093922	0.002356	1.2
1914	-1.307958	439.835742	5.094059	0.004156	1.3
1915	-1.293849	439.868006	5.093703	0.003884	1.3
1916	-1.325034	440.303079	5.088899	0.001982	1.3
1917	-1.347323	440.291092	5.089031	0.002143	1.4
1918	-1.313601	440.283679	5.089113	0.002765	1.3
1919	-1.310921	440.344803	5.088438	0.002571	1.4
1920	-1.339937	440.340671	5.088484	0.002231	1.2
1921	-1.322604	440.390842	5.087931	0.003071	1.2
1922	-1.300348	440.395492	5.087879	0.002211	1.2
1923	-1.314254	440.387685	5.087966	0.003496	1.3
1924	-1.279832	440.414351	5.087671	0.003188	1.3
1925	-1.288026	440.419002	5.087620	0.003798	1.3
1926	-1.323048	440.682506	5.084716	0.002245	1.3
1927	-1.297036	440.761945	5.083842	0.001603	1.6
1928	-1.364022	440.776675	5.083680	0.003572	1.3
1929	-1.296032	440.767480	5.083781	0.001899	1.2
1930	-1.332873	440.780301	5.083640	0.003996	1.3
1931	-1.300876	440.784751	5.083591	0.003332	1.3
1932	-1.324724	440.835174	5.083036	0.003443	1.6
1933	-1.332609	440.866643	5.082689	0.004124	1.5
1934	-1.326118	440.868696	5.082667	0.003395	1.7
1935	-1.363886	440.938442	5.081899	0.003439	1.4
1936	-1.299123	440.906617	5.082249	0.003075	1.8
1937	-1.319976	441.049001	5.080683	0.001657	1.3
1938	-1.299518	441.035598	5.080831	0.002242	1.3
1939	-1.314164	441.021115	5.080990	0.001784	1.4
1940	-1.264360	441.013912	5.081069	0.003017	1.7
1941	-1.313979	441.003399	5.081185	0.003973	1.3
1942	-1.308534	441.274156	5.078209	0.002024	1.2
1943	-1.304849	441.270585	5.078248	0.002850	1.3
1944	-1.309585	441.267258	5.078284	0.004251	1.4
1945	-1.356279	441.536291	5.075331	0.001771	1.4
1946	-1.317864	441.601632	5.074614	0.003152	1.4
1947	-1.304984	441.590861	5.074732	0.002560	1.4
1948	-1.299788	441.582810	5.074820	0.002208	5.7
1949	-1.332585	441.569763	5.074963	0.003015	1.4
1950	-1.337159	441.606343	5.074562	0.001712	1.3
1951	-1.294090	441.591310	5.074727	0.002569	1.4
1952	-1.325718	441.579969	5.074851	0.005372	1.3
1953	-1.305551	441.546051	5.075224	0.002685	1.3
1954	-1.309673	441.993268	5.070321	0.005768	1.4
1955	-1.323443	441.956053	5.070729	0.004845	1.3
1956	-1.312205	442.693124	5.062669	0.002001	1.3
1957	-1.299579	442.696804	5.062628	0.003248	1.2
1958	-1.371285	442.753268	5.062012	0.003006	1.3
1959	-1.321877	442.965456	5.059697	0.003602	1.3
1960	-1.309046	442.986057	5.059472	0.002533	1.3
1961	-1.302314	443.063388	5.058629	0.002595	1.3
1962	-1.315457	443.042456	5.058857	0.002790	1.3
1963	-1.320156	443.118943	5.058024	0.004500	1.4
1964	-1.332295	443.403311	5.054927	0.001796	1.7
1965	-1.320224	443.389763	5.055074	0.004636	1.3
1966	-1.342766	443.418269	5.054764	0.003442	1.3
1967	-1.331187	443.514888	5.053712	0.003975	1.3
1968	-1.313101	443.488213	5.054003	0.002246	1.7
1969	-1.324164	443.475815	5.054137	0.002460	1.3
1970	-1.324798	443.474929	5.054147	0.002893	1.2
1971	-1.305039	443.596425	5.052825	0.005440	1.3
1972	-1.300133	443.689462	5.051814	0.006041	1.3
1973	-1.315753	444.641542	5.041485	0.002664	1.2
1974	-1.279658	444.608211	5.041845	0.002745	1.4
1975	-1.365973	444.659659	5.041288	0.002134	1.3
1976	-1.295017	444.698571	5.040867	0.001419	1.2
1977	-1.319794	444.701121	5.040840	0.003093	1.3
1978	-1.326666	444.708039	5.040765	0.001740	1.3
1979	-1.329118	444.721902	5.040615	0.002169	1.3
1980	-1.305745	444.720385	5.040631	0.003537	1.6
1981	-1.321971	444.739212	5.040427	0.003290	1.3
1982	-1.327317	444.802647	5.039741	0.003591	1.4
1983	-1.304336	444.796126	5.039811	0.002484	1.7
1984	-1.312934	444.875386	5.038954	0.001967	1.3
1985	-1.265313	444.874544	5.038963	0.002701	1.4
1986	-1.306496	444.854123	5.039184	0.002276	1.2
1987	-1.290366	444.841839	5.039317	0.003902	1.3
1988	-1.325787	444.896991	5.038720	0.002623	1.3
1989	-1.329095	445.015397	5.037440	0.002735	1.2
1990	-1.301405	445.000258	5.037604	0.001921	1.2
1991	-1.307329	445.011776	5.037479	0.002510	1.4
1992	-1.326237	445.041955	5.037153	0.003897	1.3
1993	-1.355588	445.184547	5.035612	0.003017	1.3
1994	-1.324880	445.459315	5.032646	0.002113	1.3
1995	-1.327912	445.516111	5.032033	0.002085	1.3
1996	-1.314723	445.536346	5.031815	0.002489	1.4
1997	-1.287957	445.546742	5.031703	0.002006	1.3
1998	-1.354704	445.530608	5.031877	0.003424	1.3
1999	-1.307029	445.507326	5.032128	0.003486	1.3
