1:ItNr	2:Metric	3a:Time	3b:StepSize	4:||Gradient||	Time[ms]
0	-1.211265	0.000000	116.872970	0.003061	1714.8
1	-1.212111	0.000000	116.872970	0.066276	1.4
2	-0.716409	1.000000	111.560562	0.037774	1.3
3	-0.963573	2.000000	106.710103	0.072569	1.3
4	-0.826259	1.953124	106.928033	0.059529	1.6
5	-1.012382	2.953124	102.463979	0.082796	1.6
6	-0.737859	3.953124	98.357720	0.048714	1.4
7	-1.052498	4.953124	94.567898	0.087481	1.4
8	-0.762650	4.906247	94.739015	0.040783	1.3
9	-0.955401	5.906247	91.217936	0.074797	1.3
10	-0.893512	5.859371	91.377134	0.070816	1.3
11	-0.996577	6.859371	88.097192	0.099987	1.3
12	-0.780737	7.859371	85.044554	0.045155	1.3
13	-0.995498	8.859371	82.196385	0.098315	1.3
14	-0.783836	8.812495	82.325628	0.047794	1.6
15	-1.064070	9.812495	79.653802	0.092023	1.5
16	-0.784046	9.765619	79.775167	0.055917	1.3
17	-1.028074	10.765619	77.263799	0.085464	1.3
18	-0.828867	10.718742	77.377985	0.052880	1.2
19	-0.983231	11.718742	75.013041	0.079354	1.3
20	-0.901248	11.671866	75.120667	0.051681	1.3
21	-1.114187	12.671866	72.889704	0.070684	1.3
22	-0.920181	12.624990	72.991319	0.065061	1.3
23	-1.149194	13.624990	70.883266	0.080657	1.4
24	-0.898383	14.624990	68.893560	0.056416	1.4
25	-1.122289	15.624990	67.012506	0.106631	1.3
26	-0.815208	15.578114	67.098385	0.042896	1.3
27	-0.970311	16.578114	65.312814	0.067593	1.5
28	-1.140079	16.531237	65.394390	0.099780	1.3
29	-0.826444	17.531237	63.697211	0.052081	1.3
30	-1.012812	18.531237	62.085898	0.106412	1.4
31	-0.868113	18.484361	62.159607	0.068477	1.3
32	-1.141484	19.484361	60.624209	0.044067	1.3
33	-1.017863	20.484361	59.162834	0.111062	1.2
34	-0.790045	21.484361	57.770255	0.060303	1.3
35	-1.042189	22.484361	56.441725	0.082987	1.3
36	-0.952082	22.437485	56.502635	0.091725	1.3
37	-0.998018	23.437485	55.231127	0.093183	1.3
38	-0.965114	24.437485	54.015586	0.087509	1.6
39	-0.985599	25.437485	52.852397	0.098580	1.4
40	-0.931656	26.437485	51.738248	0.079883	1.3
41	-1.128927	27.437485	50.670103	0.104281	1.3
42	-0.837224	28.437485	49.645170	0.067788	1.6
43	-1.117376	29.437485	48.660879	0.125476	1.2
44	-0.800990	29.390609	48.706146	0.060728	1.3
45	-0.991526	30.390609	47.758383	0.089464	1.3
46	-1.038753	30.343732	47.801986	0.094490	1.4
47	-1.000129	31.343732	46.888754	0.078409	1.2
48	-1.108989	32.343732	46.009761	0.108485	1.3
49	-0.899831	33.343732	45.163117	0.069088	1.3
50	-1.112735	34.343732	44.347070	0.105623	1.3
51	-0.913595	34.296856	44.384664	0.059585	1.5
52	-1.105690	35.296856	43.596260	0.119892	2.2
53	-0.869704	35.249980	43.632591	0.061777	1.5
54	-1.087931	36.249980	42.870449	0.116191	1.4
55	-0.915843	36.203104	42.905580	0.061313	1.3
56	-1.124385	37.203104	42.168411	0.109792	1.3
57	-0.918091	37.156227	42.202400	0.068465	1.3
58	-1.083624	38.156227	41.488994	0.093607	1.3
59	-0.986824	38.109351	41.521897	0.084349	1.3
60	-1.073589	39.109351	40.831124	0.091101	1.6
61	-0.972143	40.109351	40.162959	0.080092	1.6
62	-1.187856	41.109351	39.516310	0.108226	1.7
63	-0.929058	42.109351	38.890154	0.073938	1.8
64	-1.127122	43.109351	38.283532	0.083408	1.3
65	-1.033191	43.062475	38.311545	0.092418	1.3
66	-1.108502	44.062475	37.722702	0.100870	1.2
67	-0.965492	45.062475	37.151687	0.083178	1.3
68	-1.187590	46.062475	36.597700	0.091860	2.4
69	-0.959843	47.062475	36.059993	0.077028	1.5
70	-1.260968	48.062475	35.537857	0.027586	1.4
71	-1.143842	49.062475	35.030626	0.095042	1.3
72	-0.971009	50.062475	34.537671	0.076038	1.3
73	-1.198127	51.062475	34.058397	0.046010	2.0
74	-1.112108	52.062475	33.592242	0.091514	1.9
75	-1.089425	53.062475	33.138676	0.094080	1.3
76	-1.142645	54.062475	32.697195	0.094979	1.4
77	-1.077006	55.062475	32.267322	0.106411	1.5
78	-1.050254	56.062475	31.848606	0.097516	1.7
79	-1.101387	57.062475	31.440617	0.096455	1.5
80	-1.085856	58.062475	31.042949	0.109486	1.5
81	-1.032031	59.062475	30.655215	0.102629	1.7
82	-1.084824	60.062475	30.277047	0.111949	1.6
83	-1.024459	61.062475	29.908096	0.081565	1.6
84	-1.164120	62.062475	29.548028	0.079409	1.7
85	-1.060411	63.062475	29.196528	0.101489	1.4
86	-1.067781	64.062475	28.853291	0.100161	1.3
87	-1.079300	65.062475	28.518031	0.095587	1.6
88	-1.106883	66.062475	28.190473	0.116336	1.4
89	-1.022101	67.062475	27.870354	0.091716	1.3
90	-1.143615	68.062475	27.557424	0.090811	1.4
91	-1.012823	69.062475	27.251443	0.119322	1.5
92	-1.114917	70.062475	26.952182	0.110812	1.7
93	-1.083405	71.062475	26.659422	0.098981	1.9
94	-1.120838	72.062475	26.372954	0.103259	1.9
95	-1.088680	73.062475	26.092577	0.094517	1.6
96	-1.137990	74.062475	25.818099	0.101476	1.3
97	-1.026352	75.062475	25.549335	0.096232	1.3
98	-1.145278	76.062475	25.286109	0.105839	1.5
99	-1.017832	77.062475	25.028252	0.104709	1.9
100	-1.145345	78.062475	24.775601	0.100179	1.3
101	-1.047814	79.062475	24.528000	0.091438	1.5
102	-1.172657	80.062475	24.285298	0.089521	1.6
103	-1.068942	81.062475	24.047353	0.086458	1.9
104	-1.180628	82.062475	23.814025	0.089567	1.6
105	-1.046170	83.062475	23.585182	0.094268	1.8
106	-1.186086	84.062475	23.360694	0.102474	1.6
107	-1.089071	85.062475	23.140440	0.092678	1.4
108	-1.190944	86.062475	22.924301	0.091436	1.3
109	-1.068404	87.062475	22.712161	0.107776	1.5
110	-1.113129	88.062475	22.503912	0.116202	1.4
111	-1.060577	89.062475	22.299447	0.105513	1.4
112	-1.163270	90.062475	22.098664	0.118650	1.5
113	-1.049908	91.062475	21.901465	0.098632	1.5
114	-1.179829	92.062475	21.707754	0.093422	1.8
115	-1.080717	93.062475	21.517439	0.093293	1.6
116	-1.180250	94.062475	21.330433	0.072843	1.4
117	-1.132648	95.062475	21.146649	0.112410	1.6
118	-1.102277	96.062475	20.966004	0.088701	1.4
119	-1.151031	97.062475	20.788420	0.114428	1.6
120	-1.027888	98.062475	20.613820	0.105710	1.3
121	-1.165066	99.062475	20.442127	0.099412	1.6
122	-1.127605	100.062475	20.273271	0.094453	1.4
123	-1.185541	101.062475	20.107182	0.088505	1.6
124	-1.126359	102.062475	19.943792	0.092389	1.6
125	-1.167638	103.062475	19.783036	0.097247	2.8
126	-1.103686	104.062475	19.624850	0.097665	1.6
127	-1.167561	105.062475	19.469175	0.095136	1.5
128	-1.088828	106.062475	19.315950	0.099254	1.5
129	-1.161264	107.062475	19.165117	0.119512	1.5
130	-1.063442	108.062475	19.016623	0.086559	2.1
131	-1.200659	109.062475	18.870411	0.048046	1.6
132	-1.167217	110.062475	18.726431	0.096771	3.6
133	-1.114303	111.062475	18.584631	0.117850	1.7
134	-1.082320	112.062475	18.444963	0.105253	1.7
135	-1.160186	113.062475	18.307378	0.099925	1.5
136	-1.146747	114.062475	18.171830	0.104089	1.4
137	-1.147909	115.062475	18.038275	0.092663	1.5
138	-1.160949	116.062475	17.906669	0.094170	1.5
139	-1.142582	117.062475	17.776969	0.109142	1.4
140	-1.142481	118.062475	17.649135	0.095679	1.5
141	-1.150395	119.062475	17.523126	0.127146	1.5
142	-1.102076	120.062475	17.398903	0.096113	1.8
143	-1.217501	121.062475	17.276430	0.042665	2.2
144	-1.170304	122.062475	17.155668	0.077198	1.6
145	-1.154614	123.062475	17.036583	0.095924	1.6
146	-1.167543	124.062475	16.919140	0.112444	1.5
147	-1.120655	125.062475	16.803305	0.120211	1.6
148	-1.144494	126.062475	16.689046	0.109362	1.5
149	-1.144961	127.062475	16.576329	0.104988	1.6
150	-1.184621	128.062475	16.465126	0.101122	1.9
151	-1.121484	129.062475	16.355404	0.104401	1.6
152	-1.170926	130.062475	16.247135	0.099290	2.0
153	-1.167539	131.062475	16.140289	0.140537	1.6
154	-1.069582	132.062475	16.034840	0.102005	1.5
155	-1.206493	133.062475	15.930760	0.043598	1.5
156	-1.177784	134.062475	15.828023	0.092081	1.8
157	-1.140518	135.062475	15.726602	0.106231	1.5
158	-1.148926	136.062475	15.626472	0.104039	1.5
159	-1.129295	137.062475	15.527609	0.091941	1.5
160	-1.166540	138.062475	15.429990	0.091014	1.4
161	-1.175510	139.062475	15.333590	0.084123	1.7
162	-1.178365	140.062475	15.238387	0.087288	1.6
163	-1.157527	141.062475	15.144359	0.105219	1.5
164	-1.163105	142.062475	15.051485	0.093331	1.4
165	-1.159433	143.062475	14.959742	0.105357	1.5
166	-1.135727	144.062475	14.869112	0.116095	1.5
167	-1.133032	145.062475	14.779572	0.099145	1.6
168	-1.143793	146.062475	14.691105	0.113159	1.6
169	-1.145898	147.062475	14.603690	0.107699	1.5
170	-1.166478	148.062475	14.517310	0.100451	1.5
171	-1.164152	149.062475	14.431945	0.104356	1.6
172	-1.140198	150.062475	14.347579	0.071307	1.5
173	-1.170506	151.062475	14.264193	0.071935	2.1
174	-1.162446	152.062475	14.181771	0.110784	1.6
175	-1.153082	153.062475	14.100296	0.101072	1.7
176	-1.156365	154.062475	14.019751	0.104973	1.8
177	-1.131366	155.062475	13.940122	0.097015	1.6
178	-1.220570	156.062475	13.861392	0.082575	1.4
179	-1.163400	157.062475	13.783546	0.115896	1.5
180	-1.145231	158.062475	13.706570	0.122040	1.6
181	-1.126943	159.062475	13.630449	0.109096	1.7
182	-1.133232	160.062475	13.555169	0.090645	1.7
183	-1.145750	161.062475	13.480715	0.099289	1.7
184	-1.126496	162.062475	13.407075	0.109003	2.5
185	-1.151160	163.062475	13.334235	0.100925	5.0
186	-1.134723	164.062475	13.262183	0.089041	1.9
187	-1.169513	165.062475	13.190905	0.093861	1.5
188	-1.148129	166.062475	13.120389	0.115900	1.6
189	-1.182728	167.062475	13.050622	0.111961	2.0
190	-1.200831	168.062475	12.981594	0.082041	1.7
191	-1.181516	169.062475	12.913293	0.098451	1.5
192	-1.149387	170.062475	12.845706	0.091917	1.4
193	-1.210064	171.062475	12.778823	0.084514	1.9
194	-1.166556	172.062475	12.712633	0.097195	1.5
195	-1.168316	173.062475	12.647125	0.073963	1.7
196	-1.163874	174.062475	12.582289	0.069864	1.6
197	-1.166930	175.062475	12.518114	0.093627	1.4
198	-1.145746	176.062475	12.454590	0.093075	1.5
199	-1.185518	177.062475	12.391708	0.070521	2.1
200	-1.175129	178.062475	12.329458	0.085471	1.6
201	-1.170146	179.062475	12.267830	0.107201	1.5
202	-1.163257	180.062475	12.206815	0.115345	1.5
203	-1.152643	181.062475	12.146404	0.094377	1.6
204	-1.206044	182.062475	12.086587	0.075509	1.7
205	-1.176555	183.062475	12.027358	0.107065	1.8
206	-1.152303	184.062475	11.968705	0.091403	1.5
207	-1.176997	185.062475	11.910623	0.065241	1.5
208	-1.200757	186.062475	11.853101	0.109465	1.5
209	-1.130660	187.062475	11.796132	0.100371	2.1
210	-1.200820	188.062475	11.739708	0.085797	1.9
211	-1.159937	189.062475	11.683821	0.100394	1.6
212	-1.222975	190.062475	11.628464	0.095865	1.7
213	-1.140128	191.062475	11.573629	0.104850	1.8
214	-1.197242	192.062475	11.519308	0.100117	1.7
215	-1.179519	193.062475	11.465496	0.110729	1.7
216	-1.149765	194.062475	11.412183	0.099882	1.6
217	-1.164086	195.062475	11.359364	0.082175	1.5
218	-1.182018	196.062475	11.307032	0.096572	1.7
219	-1.181236	197.062475	11.255180	0.088093	1.9
220	-1.197479	198.062475	11.203801	0.085103	1.4
221	-1.210315	199.062475	11.152889	0.111079	1.9
222	-1.163566	200.062475	11.102438	0.103954	1.4
223	-1.203847	201.062475	11.052441	0.092843	1.5
224	-1.149150	202.062475	11.002892	0.099918	1.6
225	-1.148400	203.062475	10.953786	0.090677	1.4
226	-1.164262	204.062475	10.905116	0.077845	1.7
227	-1.213641	205.062475	10.856876	0.065436	1.5
228	-1.220277	206.062475	10.809062	0.073738	1.5
229	-1.175442	207.062475	10.761667	0.083043	4.8
230	-1.178265	208.062475	10.714685	0.104849	1.5
231	-1.131188	209.062475	10.668113	0.105129	1.4
232	-1.187151	210.062475	10.621943	0.093177	1.6
233	-1.139184	211.062475	10.576171	0.079023	1.6
234	-1.177426	212.062475	10.530792	0.075353	1.5
235	-1.149491	213.062475	10.485800	0.089675	1.4
236	-1.169818	214.062475	10.441192	0.086386	1.4
237	-1.186028	215.062475	10.396961	0.083996	1.8
238	-1.207452	216.062475	10.353104	0.117969	1.5
239	-1.128457	217.062475	10.309615	0.103372	1.3
240	-1.207696	218.062475	10.266489	0.071837	3.7
241	-1.198205	219.062475	10.223723	0.090277	1.7
242	-1.180846	220.062475	10.181312	0.096148	1.4
243	-1.149013	221.062475	10.139252	0.066146	4.4
244	-1.217623	222.062475	10.097537	0.043822	1.8
245	-1.181417	223.062475	10.056164	0.065017	1.5
246	-1.187216	224.062475	10.015129	0.093975	1.6
247	-1.164027	225.062475	9.974428	0.105208	1.6
248	-1.173235	226.062475	9.934056	0.096619	1.5
249	-1.189902	227.062475	9.894009	0.111820	1.3
250	-1.164720	228.062475	9.854284	0.089691	1.3
251	-1.221307	229.062475	9.814877	0.085731	1.6
252	-1.213042	230.062475	9.775783	0.106368	1.5
253	-1.209810	231.062475	9.737000	0.102654	1.4
254	-1.171737	232.062475	9.698524	0.107555	1.8
255	-1.217157	233.062475	9.660350	0.106786	1.7
256	-1.176857	234.062475	9.622475	0.110362	1.4
257	-1.135453	235.062475	9.584897	0.113840	1.6
258	-1.177693	236.062475	9.547610	0.096484	1.4
259	-1.170752	237.062475	9.510613	0.074248	1.7
260	-1.238542	238.062475	9.473901	0.083387	1.3
261	-1.169487	239.062475	9.437472	0.077741	1.4
262	-1.213413	240.062475	9.401322	0.063071	1.5
263	-1.198267	241.062475	9.365448	0.081702	1.3
264	-1.187052	242.062475	9.329846	0.101637	1.4
265	-1.184241	243.062475	9.294514	0.111110	1.7
266	-1.194901	244.062475	9.259449	0.109750	1.6
267	-1.160923	245.062475	9.224647	0.092429	1.5
268	-1.164789	246.062475	9.190106	0.071639	1.6
269	-1.195988	247.062475	9.155822	0.072017	2.2
270	-1.228801	248.062475	9.121794	0.076769	1.4
271	-1.209530	249.062475	9.088017	0.076792	1.3
272	-1.214037	250.062475	9.054490	0.084326	1.3
273	-1.190251	251.062475	9.021209	0.091721	1.6
274	-1.209349	252.062475	8.988172	0.073868	1.4
275	-1.196454	253.062475	8.955375	0.072662	1.7
276	-1.198714	254.062475	8.922818	0.080831	1.5
277	-1.208225	255.062475	8.890496	0.089756	1.3
278	-1.206412	256.062475	8.858408	0.074736	1.4
279	-1.164015	257.062475	8.826550	0.062274	1.4
280	-1.163028	258.062475	8.794921	0.071524	1.4
281	-1.202894	259.062475	8.763517	0.075348	1.4
282	-1.173428	260.062475	8.732337	0.067574	1.5
283	-1.220988	261.062475	8.701379	0.049903	1.5
284	-1.222197	262.062475	8.670638	0.046178	1.5
285	-1.212610	263.062475	8.640115	0.062682	1.4
286	-1.201925	264.062475	8.609805	0.063898	1.6
287	-1.204398	265.062475	8.579708	0.077935	1.7
288	-1.182208	266.062475	8.549820	0.075307	1.5
289	-1.224961	267.062475	8.520139	0.055602	1.5
290	-1.192034	268.062475	8.490664	0.055481	1.4
291	-1.198887	269.062475	8.461392	0.058343	1.4
292	-1.239389	270.062475	8.432322	0.082298	1.4
293	-1.198862	271.062475	8.403450	0.078709	1.4
294	-1.179934	272.062475	8.374775	0.055961	1.4
295	-1.174849	273.062475	8.346296	0.039391	1.5
296	-1.202362	274.062475	8.318009	0.026599	1.5
297	-1.200565	275.062475	8.289914	0.018027	1.5
298	-1.217235	276.062475	8.262007	0.009896	1.6
299	-1.203001	277.062475	8.234288	0.014627	1.4
300	-1.249530	278.062475	8.206755	0.018363	1.4
301	-1.233255	279.062475	8.179405	0.020011	1.3
302	-1.224563	280.062475	8.152236	0.014993	1.4
303	-1.215654	281.062475	8.125247	0.008798	1.4
304	-1.190813	282.062475	8.098437	0.008754	1.3
305	-1.215015	283.062258	8.071809	0.015608	1.9
306	-1.150118	284.062258	8.045349	0.019780	2.2
307	-1.203354	285.062258	8.019062	0.017659	1.7
308	-1.172384	286.062258	7.992947	0.016110	1.8
309	-1.220623	287.062258	7.967001	0.010640	1.4
310	-1.187163	288.062258	7.941223	0.010490	1.3
311	-1.213396	289.062258	7.915611	0.014660	1.3
312	-1.201887	290.062258	7.890164	0.015783	1.3
313	-1.203369	291.062258	7.864880	0.022192	1.6
314	-1.208723	292.062258	7.839758	0.031292	1.4
315	-1.197563	293.062258	7.814796	0.037684	1.4
316	-1.192807	294.062258	7.789992	0.034188	1.4
317	-1.206291	295.062258	7.765345	0.032510	1.3
318	-1.215437	296.062258	7.740853	0.035603	2.0
319	-1.211122	297.062258	7.716516	0.029201	1.4
320	-1.232214	298.062258	7.692331	0.020244	1.5
321	-1.206176	299.062258	7.668297	0.014243	1.3
322	-1.240525	300.062258	7.644413	0.017578	1.4
323	-1.210599	301.062258	7.620677	0.019053	1.3
324	-1.187125	302.062258	7.597088	0.017932	1.3
325	-1.247369	303.062258	7.573645	0.018340	1.3
326	-1.197256	304.062258	7.550346	0.017981	1.3
327	-1.194656	305.062258	7.527189	0.022287	1.3
328	-1.251420	306.062258	7.504175	0.021746	1.4
329	-1.186694	307.062258	7.481301	0.011834	1.4
330	-1.172355	308.062258	7.458565	0.006044	1.7
331	-1.184094	309.053270	7.436170	0.012040	1.5
332	-1.230459	309.194825	7.432983	0.016537	1.3
333	-1.197402	310.194825	7.410540	0.016739	1.3
334	-1.199960	311.194825	7.388232	0.021756	1.3
335	-1.222878	312.194825	7.366058	0.018475	1.3
336	-1.191981	313.194825	7.344017	0.008632	1.3
337	-1.224147	314.194825	7.322107	0.005614	1.7
338	-1.218128	315.120679	7.301938	0.005410	1.3
339	-1.201373	315.941945	7.284140	0.006742	1.3
340	-1.198099	316.707268	7.267633	0.012209	1.4
341	-1.183670	317.707268	7.246176	0.014225	1.4
342	-1.216606	318.707268	7.224845	0.017388	1.3
343	-1.201029	319.707268	7.203640	0.020650	1.3
344	-1.222703	320.707268	7.182558	0.014301	1.7
345	-1.233108	321.707268	7.161600	0.006161	1.3
346	-1.186233	322.707263	7.140764	0.005908	1.3
347	-1.228610	323.291717	7.128642	0.008471	1.3
348	-1.170116	324.286743	7.108099	0.007988	1.3
349	-1.224302	325.286638	7.087575	0.007694	1.5
350	-1.206818	326.286575	7.067167	0.002972	1.3
351	-1.232913	326.411346	7.064629	0.007336	1.6
352	-1.214751	326.698748	7.058790	0.006136	1.3
353	-1.231761	327.694055	7.038641	0.004146	1.4
354	-1.189610	328.240227	7.027634	0.007116	1.4
355	-1.162324	328.879118	7.014801	0.008322	1.4
356	-1.162578	329.879000	6.994811	0.017061	1.4
357	-1.228807	330.879000	6.974933	0.027735	1.4
358	-1.203507	331.879000	6.955167	0.046885	1.7
359	-1.208570	332.879000	6.935513	0.067254	1.4
360	-1.183415	333.879000	6.915970	0.070019	1.5
361	-1.186263	334.879000	6.896536	0.065396	1.3
362	-1.226718	335.879000	6.877212	0.073861	1.4
363	-1.188185	336.879000	6.857995	0.058982	1.3
364	-1.185715	337.879000	6.838885	0.023080	1.3
365	-1.196582	338.879000	6.819882	0.010537	1.3
366	-1.213800	339.879000	6.800984	0.016751	1.4
367	-1.192008	340.879000	6.782191	0.021804	1.3
368	-1.191454	341.879000	6.763501	0.013118	1.4
369	-1.203846	342.879000	6.744913	0.010052	1.3
370	-1.201999	343.879000	6.726428	0.013473	1.3
371	-1.190705	344.879000	6.708044	0.008941	1.4
372	-1.240958	345.879000	6.689760	0.002621	1.3
373	-1.223874	346.079069	6.686114	0.003707	1.4
374	-1.222011	346.105305	6.685636	0.004418	2.1
375	-1.223411	346.093490	6.685851	0.006952	1.4
376	-1.213973	346.904426	6.671114	0.009034	1.4
377	-1.232864	347.904190	6.653035	0.012261	1.4
378	-1.199618	348.904190	6.635049	0.016696	1.6
379	-1.199939	349.904190	6.617160	0.010612	1.5
380	-1.204811	350.904190	6.599367	0.009221	1.4
381	-1.179372	351.890757	6.581907	0.008241	1.4
382	-1.217244	352.890753	6.564303	0.008273	1.3
383	-1.223599	353.890705	6.546794	0.007094	1.4
384	-1.204559	354.495632	6.536247	0.006896	1.3
385	-1.188025	355.493021	6.518932	0.006238	1.4
386	-1.198959	356.487993	6.501749	0.006096	1.3
387	-1.202561	357.390414	6.486243	0.009653	1.6
388	-1.163463	358.389754	6.469158	0.011095	1.6
389	-1.193319	359.389754	6.452152	0.013338	1.3
390	-1.210224	360.389754	6.435234	0.007598	1.4
391	-1.216499	361.389754	6.418405	0.004182	1.4
392	-1.209345	361.345198	6.419153	0.004873	1.4
393	-1.229030	361.318187	6.419607	0.005764	1.4
394	-1.230140	362.172881	6.405287	0.007836	1.4
395	-1.177714	363.162047	6.388794	0.006907	1.4
396	-1.202253	364.161809	6.372211	0.002348	1.4
397	-1.199535	364.264623	6.370511	0.007126	1.5
398	-1.209700	364.234795	6.371004	0.012654	1.4
399	-1.250569	365.234792	6.354509	0.009588	1.4
400	-1.240682	366.234792	6.338099	0.007557	1.8
401	-1.224438	367.234763	6.321774	0.006732	1.5
402	-1.151332	368.126757	6.307282	0.008884	1.3
403	-1.181622	369.126695	6.291116	0.010573	1.4
404	-1.180577	370.126689	6.275032	0.006514	1.3
405	-1.181629	371.113094	6.259246	0.007725	1.4
406	-1.212737	372.072844	6.243963	0.006795	1.8
407	-1.206543	373.072369	6.228126	0.008676	1.4
408	-1.182112	374.072321	6.212362	0.009734	1.4
409	-1.211258	375.072321	6.196677	0.010471	1.8
410	-1.239407	376.072321	6.181071	0.013173	1.4
411	-1.238604	377.072321	6.165544	0.013624	1.3
412	-1.184274	378.072321	6.150094	0.009509	1.5
413	-1.218642	379.072321	6.134722	0.007556	1.3
414	-1.201353	380.072316	6.119426	0.015456	1.4
415	-1.166299	381.072316	6.104206	0.017469	1.4
416	-1.200148	382.072316	6.089062	0.011342	1.3
417	-1.234639	383.072316	6.073993	0.009566	1.4
418	-1.207758	384.072316	6.058998	0.012129	1.7
419	-1.210401	385.072316	6.044077	0.010983	1.7
420	-1.219648	386.072316	6.029229	0.008738	1.7
421	-1.219124	387.072316	6.014454	0.006054	1.4
422	-1.220002	387.977882	6.001137	0.008976	1.3
423	-1.213376	388.977360	5.986507	0.011303	1.3
424	-1.210975	389.977303	5.971941	0.013905	1.3
425	-1.223642	390.977303	5.957446	0.011003	1.3
426	-1.176435	391.977303	5.943020	0.005625	1.3
427	-1.209141	392.972325	5.928735	0.008553	1.3
428	-1.221139	393.930640	5.915042	0.010488	1.3
429	-1.235393	394.930640	5.900821	0.017330	1.5
430	-1.242804	395.930640	5.886668	0.017319	1.4
431	-1.202566	396.930640	5.872583	0.010413	1.3
432	-1.206514	397.930640	5.858565	0.007051	1.5
433	-1.229265	398.930637	5.844614	0.006722	1.3
434	-1.184711	399.923751	5.830824	0.002844	1.4
435	-1.224130	400.390157	5.824370	0.005063	1.3
436	-1.200401	400.347198	5.824964	0.009292	1.3
437	-1.229104	401.344123	5.811215	0.016027	1.6
438	-1.214169	402.344123	5.797488	0.017857	1.6
439	-1.251700	403.344123	5.783826	0.011450	1.6
440	-1.192272	404.344123	5.770228	0.005650	1.4
441	-1.183256	404.514334	5.767919	0.005108	1.4
442	-1.243430	405.423839	5.755617	0.006041	1.5
443	-1.190095	405.379036	5.756222	0.008001	1.4
444	-1.196034	406.291941	5.743924	0.006404	1.4
445	-1.203913	407.290047	5.730538	0.003817	1.4
446	-1.199548	407.640706	5.725850	0.005561	1.6
447	-1.183596	407.607685	5.726291	0.012654	1.5
448	-1.195197	408.607614	5.712963	0.025134	1.7
449	-1.211549	409.607614	5.699696	0.018127	1.4
450	-1.196950	410.607614	5.686490	0.003676	1.4
451	-1.171446	410.560743	5.687108	0.012347	1.3
452	-1.165900	411.370751	5.676453	0.014904	1.4
453	-1.204101	412.370751	5.663355	0.011462	1.3
454	-1.209169	413.370751	5.650317	0.009679	1.6
455	-1.199580	414.370751	5.637339	0.005398	1.4
456	-1.194072	415.165762	5.627063	0.005798	1.3
457	-1.189793	416.073848	5.615372	0.006981	1.4
458	-1.176997	417.062979	5.602693	0.005423	1.3
459	-1.198338	417.897183	5.592044	0.003446	1.3
460	-1.207000	417.853551	5.592600	0.005539	1.4
461	-1.197942	418.417709	5.585420	0.004992	1.4
462	-1.236935	419.062438	5.577237	0.005072	1.4
463	-1.212548	419.875223	5.566955	0.012264	1.6
464	-1.194946	420.874848	5.554361	0.010163	1.7
465	-1.195018	421.874848	5.541819	0.005134	1.3
466	-1.205233	422.863540	5.529475	0.009049	1.4
467	-1.197415	423.854996	5.517151	0.011943	1.5
468	-1.151080	424.854996	5.504777	0.007108	1.3
469	-1.192076	425.854990	5.492458	0.006930	1.4
470	-1.214234	426.175308	5.488524	0.015350	1.3
471	-1.202906	427.175308	5.476278	0.014716	1.4
472	-1.236247	428.175308	5.464086	0.008839	1.4
473	-1.205653	429.175308	5.451948	0.013398	1.3
474	-1.221437	430.175308	5.439864	0.013202	1.3
475	-1.199156	431.175308	5.427834	0.013836	1.4
476	-1.194408	432.175308	5.415856	0.009002	1.6
477	-1.175772	433.175308	5.403932	0.004029	1.3
478	-1.199037	433.488750	5.400205	0.006807	1.3
479	-1.236528	434.348085	5.390014	0.008418	1.4
480	-1.206316	435.347883	5.378205	0.007529	1.3
481	-1.191570	436.345477	5.366473	0.010564	1.3
482	-1.206243	437.345144	5.354769	0.007393	1.4
483	-1.208893	438.345143	5.343112	0.004349	1.4
484	-1.204135	438.379719	5.342709	0.001826	1.3
485	-1.172767	438.385161	5.342646	0.005673	1.4
486	-1.210340	438.398153	5.342495	0.007917	1.4
487	-1.206003	438.785198	5.337998	0.005998	1.3
488	-1.223510	439.743874	5.326891	0.003296	1.3
489	-1.199032	439.808995	5.326138	0.005554	1.3
490	-1.194719	439.791506	5.326340	0.008835	1.3
491	-1.231702	440.750595	5.315277	0.019639	1.3
492	-1.194170	441.750595	5.303791	0.015449	1.3
493	-1.206113	442.750595	5.292354	0.007562	1.3
494	-1.221360	443.750595	5.280967	0.008162	1.3
495	-1.223562	444.676764	5.270463	0.007352	1.4
496	-1.205735	445.676680	5.259171	0.005282	1.4
497	-1.212586	446.655328	5.248165	0.004745	1.3
498	-1.201851	447.235630	5.241661	0.007344	1.3
499	-1.196583	447.242376	5.241585	0.011752	1.3
500	-1.182356	448.242376	5.230415	0.012467	1.7
501	-1.214252	449.242376	5.219292	0.009924	1.3
502	-1.171625	450.242376	5.208217	0.013001	1.3
503	-1.216140	450.195526	5.208734	0.010309	1.4
504	-1.211422	451.195526	5.197704	0.003674	1.3
505	-1.216463	451.172692	5.197955	0.002739	1.5
506	-1.214684	451.238139	5.197235	0.002307	1.5
507	-1.185769	451.243305	5.197178	0.003888	1.3
508	-1.193248	451.236583	5.197252	0.007751	1.3
509	-1.226488	451.654486	5.192656	0.006752	1.3
510	-1.215102	452.653886	5.181700	0.005894	1.3
511	-1.181015	453.629347	5.171051	0.004818	1.3
512	-1.187225	453.807609	5.169109	0.003418	1.3
513	-1.221996	454.090657	5.166030	0.005207	1.4
514	-1.205722	454.060108	5.166362	0.008089	1.3
515	-1.228600	455.053693	5.155579	0.004871	1.4
516	-1.202786	455.978145	5.145587	0.004108	1.5
517	-1.190568	455.944131	5.145954	0.005060	1.4
518	-1.193402	456.553681	5.139385	0.007181	1.5
519	-1.205145	456.840473	5.136301	0.004147	1.9
520	-1.179533	457.717029	5.126896	0.006534	1.4
521	-1.217425	457.977991	5.124103	0.005463	1.5
522	-1.240574	458.930089	5.113937	0.009474	1.3
523	-1.203588	459.677238	5.105988	0.010074	1.6
524	-1.227957	460.677237	5.095388	0.005385	1.3
525	-1.212839	461.656685	5.085048	0.006406	1.4
526	-1.197434	461.684674	5.084753	0.007016	1.5
527	-1.225562	461.782251	5.083725	0.010015	1.4
528	-1.196135	462.782196	5.073218	0.005418	1.3
529	-1.192790	463.739302	5.063201	0.006141	1.3
530	-1.209580	464.527747	5.054979	0.003289	1.4
531	-1.229082	464.709445	5.053088	0.006288	1.6
532	-1.169968	464.665601	5.053544	0.004419	1.4
533	-1.194778	465.282599	5.047132	0.007266	1.4
534	-1.230766	465.304997	5.046899	0.009605	1.4
535	-1.200692	466.304991	5.036543	0.006061	1.4
536	-1.200849	467.303907	5.026239	0.003932	1.4
537	-1.231675	467.897780	5.020134	0.003742	1.4
538	-1.223139	467.899927	5.020112	0.010333	1.6
539	-1.185267	468.889198	5.009974	0.011825	1.4
540	-1.231217	469.889198	4.999769	0.006689	1.4
541	-1.186350	470.888258	4.989614	0.005021	1.4
542	-1.180762	471.722271	4.981168	0.005050	1.3
543	-1.178206	472.604115	4.972269	0.004155	1.4
544	-1.223000	472.728976	4.971011	0.003156	1.3
545	-1.176657	472.711108	4.971191	0.004243	1.4
546	-1.184138	472.683488	4.971469	0.004288	1.7
547	-1.214494	473.027398	4.968009	0.003914	1.8
548	-1.191059	473.210592	4.966167	0.003675	1.3
549	-1.194219	473.201074	4.966263	0.003424	1.8
550	-1.196716	473.324538	4.965022	0.004488	1.4
551	-1.185869	473.331558	4.964952	0.007732	1.3
552	-1.208918	474.213562	4.956109	0.002851	1.5
553	-1.192013	474.882741	4.949421	0.005957	1.4
554	-1.211050	474.840308	4.949844	0.005340	1.5
555	-1.224416	475.772443	4.940557	0.003751	1.4
556	-1.198628	476.078229	4.937517	0.002250	1.7
557	-1.182594	476.060115	4.937697	0.008453	1.3
558	-1.214971	476.305677	4.935259	0.011555	1.8
559	-1.203428	477.305677	4.925355	0.014797	1.6
560	-1.217835	478.305677	4.915491	0.006212	1.7
561	-1.217021	479.305676	4.905666	0.006073	1.5
562	-1.213447	479.308151	4.905641	0.007408	1.7
563	-1.219934	480.235296	4.896567	0.004586	1.8
564	-1.204302	480.407932	4.894881	0.006169	1.3
565	-1.208999	480.506284	4.893921	0.005565	1.5
566	-1.210060	481.323687	4.885958	0.006787	1.7
567	-1.241040	482.311620	4.876367	0.007696	1.6
568	-1.215353	483.284641	4.866958	0.010419	1.9
569	-1.202112	484.284582	4.857327	0.009316	1.5
570	-1.188112	485.284582	4.847733	0.004673	1.4
571	-1.199366	486.244745	4.838557	0.003079	1.3
572	-1.199628	486.416850	4.836915	0.002834	2.8
573	-1.193107	486.383594	4.837232	0.003407	1.6
574	-1.190140	486.378646	4.837280	0.008294	1.3
575	-1.189793	486.832370	4.832958	0.007111	2.9
576	-1.218805	487.830057	4.823481	0.007807	1.7
577	-1.202582	488.711883	4.815137	0.009162	1.8
578	-1.209464	489.711565	4.805711	0.004498	1.4
579	-1.206668	490.558659	4.797754	0.006519	1.6
580	-1.224630	490.676921	4.796645	0.002993	1.6
581	-1.237722	491.077311	4.792894	0.007267	1.6
582	-1.181776	491.169174	4.792035	0.008952	1.7
583	-1.187849	492.169153	4.782697	0.003108	1.7
584	-1.181330	492.124390	4.783114	0.008115	1.5
585	-1.192758	492.669798	4.778035	0.004281	2.0
586	-1.185146	493.490710	4.770411	0.005524	1.7
587	-1.209064	493.490621	4.770412	0.006983	1.5
588	-1.210867	494.455076	4.761486	0.004876	1.4
589	-1.230300	495.437116	4.752432	0.003449	1.7
590	-1.178543	495.742637	4.749622	0.009069	1.9
591	-1.197235	496.580533	4.741933	0.008498	1.4
592	-1.222969	497.580532	4.732789	0.007056	1.8
593	-1.193695	498.574349	4.723737	0.008173	1.4
594	-1.194755	499.573891	4.714667	0.006641	1.8
595	-1.165941	500.571796	4.705646	0.008732	1.8
596	-1.177764	501.373935	4.698420	0.013692	1.8
597	-1.211251	502.373935	4.689443	0.006872	1.4
598	-1.183862	503.373935	4.680500	0.004129	1.7
599	-1.215335	503.336450	4.680835	0.010852	1.9
600	-1.218511	504.325549	4.672022	0.006362	1.9
601	-1.195412	505.319055	4.663203	0.010308	1.5
602	-1.184403	505.364915	4.662796	0.011073	1.7
603	-1.234464	506.364915	4.653955	0.008492	1.7
604	-1.192244	507.364891	4.645147	0.004530	1.9
605	-1.184153	507.735469	4.641891	0.003709	1.6
606	-1.189253	507.743666	4.641819	0.007511	1.5
607	-1.202994	508.151033	4.638245	0.010775	1.4
608	-1.189855	509.151030	4.629497	0.005722	1.5
609	-1.186491	510.150670	4.620784	0.005194	1.8
610	-1.232801	510.107796	4.621157	0.004946	1.5
611	-1.205694	511.007326	4.613343	0.006225	1.4
612	-1.213379	510.960639	4.613748	0.005842	1.4
613	-1.190793	511.941142	4.605260	0.003942	1.7
614	-1.227513	511.894971	4.605659	0.005476	1.6
615	-1.181138	511.934574	4.605316	0.004448	2.0
616	-1.207267	512.006623	4.604694	0.003843	1.4
617	-1.195826	512.016651	4.604607	0.005168	1.4
618	-1.233841	511.975914	4.604959	0.005386	1.4
619	-1.201536	512.640105	4.599228	0.006985	1.6
620	-1.200915	513.468562	4.592099	0.004998	1.6
621	-1.149105	513.501055	4.591819	0.003874	1.7
622	-1.209141	514.058095	4.587039	0.004396	1.5
623	-1.205282	514.064868	4.586981	0.006522	1.4
624	-1.232446	514.249927	4.585395	0.012399	1.5
625	-1.181582	515.249927	4.576844	0.008868	2.0
626	-1.227789	516.249927	4.568325	0.003530	1.6
627	-1.164539	516.232332	4.568475	0.010102	1.7
628	-1.177283	517.021662	4.561772	0.004324	1.4
629	-1.203645	518.009931	4.553408	0.003603	1.7
630	-1.224870	518.004993	4.553450	0.008345	1.5
631	-1.213415	517.966726	4.553773	0.007005	1.6
632	-1.204836	518.965971	4.545346	0.003597	1.5
633	-1.240770	519.235212	4.543081	0.004722	1.6
634	-1.212318	519.387743	4.541799	0.008715	1.7
635	-1.194003	520.374322	4.533522	0.013977	1.8
636	-1.212147	521.374322	4.525163	0.011339	1.9
637	-1.199212	522.374322	4.516835	0.003176	1.5
638	-1.183726	523.105069	4.510769	0.002028	1.5
639	-1.178920	523.111792	4.510713	0.004297	1.5
640	-1.182102	523.116530	4.510674	0.004257	1.6
641	-1.205075	523.269835	4.509404	0.008323	1.7
642	-1.205218	523.226798	4.509760	0.005914	1.5
643	-1.203669	524.223576	4.501515	0.005701	1.4
644	-1.216183	524.193022	4.501768	0.011305	2.0
645	-1.216325	525.192494	4.493530	0.010129	1.6
646	-1.227572	526.192494	4.485318	0.003844	1.7
647	-1.197029	526.220387	4.485089	0.010121	1.7
648	-1.203510	526.975667	4.478908	0.007421	1.6
649	-1.232891	527.975658	4.470749	0.007518	1.9
650	-1.232147	528.787882	4.464144	0.004614	1.7
651	-1.198977	529.765939	4.456217	0.006316	1.4
652	-1.215555	529.891371	4.455202	0.006294	1.6
653	-1.201300	530.847615	4.447482	0.003760	1.6
654	-1.190466	531.242766	4.444300	0.002981	2.0
655	-1.172986	531.356591	4.443384	0.006409	1.6
656	-1.229257	531.530348	4.441987	0.007384	1.9
657	-1.220098	532.525349	4.434002	0.010486	2.0
658	-1.207875	533.525268	4.426006	0.005797	1.7
659	-1.192885	534.524633	4.418044	0.005936	1.8
660	-1.170735	535.240013	4.412362	0.003744	1.3
661	-1.188519	535.559465	4.409830	0.003590	1.6
662	-1.188436	535.516433	4.410171	0.002847	1.7
663	-1.213384	535.500542	4.410296	0.005378	1.7
664	-1.217739	535.469090	4.410546	0.008288	1.8
665	-1.193537	535.814345	4.407811	0.008023	1.9
666	-1.212508	535.908092	4.407069	0.009829	1.4
667	-1.203621	536.906706	4.399181	0.003739	1.4
668	-1.197010	537.839693	4.391836	0.006558	1.4
669	-1.201276	537.832460	4.391893	0.003598	1.5
670	-1.205809	537.829647	4.391915	0.005577	1.7
671	-1.229075	537.786581	4.392254	0.003799	1.4
672	-1.193466	538.233970	4.388740	0.004642	1.4
673	-1.182816	538.203794	4.388977	0.002964	1.7
674	-1.181321	538.214428	4.388893	0.009106	1.8
675	-1.208114	538.195534	4.389041	0.004405	1.6
676	-1.224320	538.981985	4.382877	0.005194	1.6
677	-1.227026	539.120193	4.381796	0.009934	1.5
678	-1.229348	540.111444	4.374055	0.009805	1.4
679	-1.240330	541.111444	4.366274	0.005415	1.9
680	-1.206380	542.109970	4.358531	0.003735	1.7
681	-1.220108	542.082047	4.358747	0.006368	1.6
682	-1.197292	542.649765	4.354357	0.004631	1.4
683	-1.218444	542.621918	4.354572	0.007657	2.0
684	-1.220508	543.321965	4.349170	0.004640	1.5
685	-1.223608	544.281712	4.341786	0.008652	2.3
686	-1.211234	545.229771	4.334517	0.006555	1.4
687	-1.212469	546.228898	4.326882	0.004823	1.4
688	-1.198456	546.257316	4.326665	0.003799	1.5
689	-1.219301	546.946554	4.321414	0.006016	1.5
690	-1.206866	546.903643	4.321741	0.007626	1.8
691	-1.160662	547.589369	4.316529	0.009832	1.4
692	-1.218847	547.612254	4.316355	0.003929	1.3
693	-1.214114	547.759530	4.315237	0.009662	1.9
694	-1.222906	547.783590	4.315055	0.008931	2.0
695	-1.225355	548.783587	4.307482	0.006288	1.5
696	-1.206003	549.764721	4.300077	0.005406	1.8
697	-1.210483	550.676341	4.293220	0.003456	1.7
698	-1.211815	550.643802	4.293464	0.005747	1.5
699	-1.175981	551.012903	4.290694	0.004790	2.0
700	-1.255188	551.844181	4.284468	0.002940	1.7
701	-1.223817	551.844980	4.284462	0.007882	1.6
702	-1.148006	552.000356	4.283300	0.007037	1.4
703	-1.208773	553.000118	4.275839	0.009505	1.6
704	-1.172686	553.999545	4.268407	0.006087	1.4
705	-1.181747	554.989478	4.261072	0.003730	1.3
706	-1.187072	555.057258	4.260570	0.002345	1.6
707	-1.187532	555.091183	4.260319	0.003242	1.3
708	-1.215779	555.145567	4.259917	0.005257	1.3
709	-1.175192	555.411607	4.257951	0.009708	1.3
710	-1.197615	556.401680	4.250650	0.005344	1.5
711	-1.213661	557.345842	4.243711	0.007421	1.5
712	-1.223653	557.324344	4.243868	0.008363	1.8
713	-1.203100	558.310780	4.236642	0.007677	1.4
714	-1.217601	559.310044	4.229347	0.004345	1.9
715	-1.198830	559.633607	4.226990	0.010174	1.7
716	-1.206374	559.631420	4.227006	0.005000	1.3
717	-1.199930	560.628469	4.219760	0.007144	1.6
718	-1.195791	560.600302	4.219964	0.003901	1.4
719	-1.227633	560.697858	4.219256	0.005163	1.5
720	-1.177025	560.677212	4.219406	0.003999	1.5
721	-1.221083	560.883384	4.217911	0.004276	1.6
722	-1.199281	561.110271	4.216267	0.005657	1.4
723	-1.200531	561.901099	4.210547	0.004368	1.5
724	-1.191170	562.581724	4.205636	0.006469	1.6
725	-1.174297	562.616216	4.205388	0.004968	1.6
726	-1.182664	563.229876	4.200970	0.003181	1.3
727	-1.189525	563.446490	4.199413	0.006466	1.5
728	-1.226173	563.858367	4.196456	0.009723	1.4
729	-1.199750	564.858027	4.189295	0.009098	1.3
730	-1.211643	565.858026	4.182157	0.006977	1.3
731	-1.211788	566.857934	4.175043	0.005203	1.8
732	-1.201667	567.643168	4.169474	0.005838	1.2
733	-1.221891	568.249286	4.165185	0.007194	1.4
734	-1.215005	569.065922	4.159421	0.004693	1.3
735	-1.213384	570.022109	4.152691	0.002322	1.4
736	-1.212358	569.989411	4.152921	0.003109	1.4
737	-1.220644	569.982139	4.152972	0.001442	1.4
738	-1.212744	569.973135	4.153035	0.004296	1.3
739	-1.239781	569.971933	4.153044	0.005046	1.3
740	-1.203450	570.299308	4.150745	0.003013	1.3
741	-1.213290	570.511010	4.149259	0.001264	1.4
742	-1.158791	570.503906	4.149309	0.005048	1.3
743	-1.210993	570.499812	4.149338	0.008415	1.3
744	-1.172240	571.480567	4.142469	0.002400	1.3
745	-1.215155	571.493195	4.142381	0.005738	1.3
746	-1.251630	571.499052	4.142340	0.009154	1.3
747	-1.179776	572.359939	4.136330	0.007398	1.4
748	-1.191333	573.359676	4.129372	0.006666	1.3
749	-1.167735	573.338286	4.129521	0.004915	1.3
750	-1.202818	573.318461	4.129659	0.006235	1.3
751	-1.217925	573.453787	4.128719	0.005322	1.3
752	-1.228997	574.379319	4.122300	0.003659	1.4
753	-1.208156	574.990457	4.118073	0.003282	1.3
754	-1.196607	575.143825	4.117014	0.006800	1.3
755	-1.170885	575.543423	4.114256	0.005279	1.3
756	-1.223434	576.519761	4.107533	0.009957	1.4
757	-1.204057	577.322221	4.102024	0.010024	1.6
758	-1.207774	578.322220	4.095180	0.005813	1.2
759	-1.226438	578.326711	4.095149	0.004210	1.3
760	-1.206530	578.289677	4.095402	0.005081	1.3
761	-1.248697	578.810929	4.091843	0.005727	1.3
762	-1.237186	579.716231	4.085677	0.008652	1.3
763	-1.176596	580.710674	4.078924	0.010643	1.3
764	-1.202680	581.362342	4.074512	0.004075	1.3
765	-1.222861	582.339111	4.067915	0.008896	1.5
766	-1.206895	582.293466	4.068223	0.008273	1.4
767	-1.207923	583.293460	4.061491	0.003186	2.1
768	-1.201501	583.363836	4.061018	0.003415	1.3
769	-1.221262	583.343881	4.061152	0.003340	1.4
770	-1.173663	583.432533	4.060556	0.004751	1.5
771	-1.208789	583.458906	4.060379	0.007345	2.1
772	-1.183619	583.834545	4.057857	0.007110	1.9
773	-1.190831	584.349838	4.054403	0.008704	1.7
774	-1.216855	585.348806	4.047724	0.004758	1.4
775	-1.220508	586.298164	4.041396	0.006910	1.3
776	-1.241229	586.366005	4.040945	0.007415	2.0
777	-1.202664	587.359752	4.034344	0.004894	1.7
778	-1.228291	588.334641	4.027889	0.007095	1.7
779	-1.205042	588.896451	4.024179	0.006612	1.7
780	-1.192944	589.885817	4.017661	0.007627	1.4
781	-1.190658	590.817948	4.011540	0.009469	1.3
782	-1.209425	591.817938	4.004994	0.005821	1.3
783	-1.189774	592.814548	3.998492	0.005346	1.4
784	-1.209702	593.172111	3.996164	0.007531	1.4
785	-1.196575	593.909833	3.991370	0.007644	2.0
786	-1.239691	594.909576	3.984891	0.004341	1.3
787	-1.213929	595.539055	3.980822	0.008160	4.9
788	-1.228775	596.312881	3.975832	0.009299	1.7
789	-1.208403	597.312875	3.969402	0.004503	1.4
790	-1.189267	598.293269	3.963118	0.004749	2.0
791	-1.199931	598.266893	3.963287	0.003631	1.5
792	-1.208641	598.422695	3.962290	0.008222	1.5
793	-1.202827	599.329669	3.956497	0.006853	1.4
794	-1.224371	600.256236	3.950596	0.003859	1.3
795	-1.222124	600.247666	3.950650	0.004845	1.3
796	-1.227267	600.260674	3.950568	0.006472	1.7
797	-1.223133	600.935144	3.946283	0.005824	1.2
798	-1.205632	601.726463	3.941269	0.006861	1.2
799	-1.224916	602.597824	3.935762	0.006165	1.4
800	-1.196976	603.302205	3.931321	0.009752	1.4
801	-1.216727	604.299979	3.925048	0.006423	1.4
802	-1.189938	605.299547	3.918784	0.010525	1.3
803	-1.229649	606.299306	3.912538	0.010321	1.3
804	-1.227035	607.299306	3.906311	0.005203	1.5
805	-1.201477	608.296005	3.900124	0.005145	1.5
806	-1.206815	608.617060	3.898135	0.005263	1.3
807	-1.206591	608.677865	3.897759	0.009345	1.6
808	-1.250689	609.676149	3.891589	0.007893	1.3
809	-1.224856	610.676077	3.885429	0.003213	1.3
810	-1.184331	611.109652	3.882764	0.007039	1.7
811	-1.224616	611.881206	3.878030	0.007353	1.3
812	-1.201227	612.880390	3.871917	0.003025	1.4
813	-1.194397	612.842872	3.872146	0.005980	1.3
814	-1.245075	612.827399	3.872241	0.010227	2.5
815	-1.207945	613.762419	3.866537	0.006846	2.4
816	-1.243851	614.762266	3.860456	0.004430	1.5
817	-1.213345	615.665940	3.854977	0.006522	1.5
818	-1.227987	616.220359	3.851623	0.005490	1.7
819	-1.220745	616.676369	3.848868	0.007155	1.4
820	-1.213667	617.254576	3.845382	0.004671	1.3
821	-1.233431	617.383205	3.844607	0.011337	2.1
822	-1.197675	618.381241	3.838606	0.006104	1.4
823	-1.207252	619.380311	3.832617	0.006350	1.9
824	-1.221512	619.494147	3.831936	0.004042	2.3
825	-1.194415	619.447731	3.832213	0.007168	1.4
826	-1.196110	620.199480	3.827720	0.006628	1.7
827	-1.234367	620.252930	3.827401	0.004150	1.7
828	-1.190396	620.400333	3.826522	0.003229	1.3
829	-1.204607	620.405712	3.826490	0.006608	1.3
830	-1.201726	620.688528	3.824803	0.005595	1.7
831	-1.218474	621.618281	3.819269	0.006210	1.5
832	-1.209162	622.249956	3.815519	0.005006	1.7
833	-1.204143	623.096882	3.810502	0.004484	1.5
834	-1.192956	623.414153	3.808626	0.002308	1.5
835	-1.227433	623.401693	3.808699	0.004804	1.4
836	-1.204091	623.387000	3.808786	0.003612	1.4
837	-1.173714	623.349990	3.809005	0.006915	1.6
838	-1.253905	623.412322	3.808637	0.003836	1.4
839	-1.204278	623.550290	3.807821	0.002747	1.3
840	-1.162304	623.572836	3.807688	0.005407	1.3
841	-1.212139	623.705135	3.806907	0.003165	1.7
842	-1.244587	623.700247	3.806936	0.006809	2.3
843	-1.228301	623.740813	3.806696	0.009832	1.3
844	-1.204232	624.740594	3.800802	0.011436	1.4
845	-1.229152	625.740594	3.794925	0.008011	1.3
846	-1.229816	626.735125	3.789099	0.004006	1.3
847	-1.222989	627.486117	3.784711	0.005060	1.2
848	-1.220541	627.476353	3.784768	0.006321	1.7
849	-1.199567	628.192699	3.780591	0.002587	1.4
850	-1.236000	628.153908	3.780817	0.004847	1.3
851	-1.255502	628.221675	3.780423	0.006983	1.2
852	-1.220436	629.190002	3.774793	0.008752	1.3
853	-1.202875	630.187470	3.769010	0.013552	1.5
854	-1.187105	631.187470	3.763231	0.010872	1.3
855	-1.162863	632.187470	3.757470	0.006834	1.3
856	-1.226536	632.506388	3.755636	0.008373	1.5
857	-1.199190	633.501095	3.749929	0.005422	1.5
858	-1.230329	634.079897	3.746615	0.006376	1.3
859	-1.241771	634.838762	3.742280	0.018217	2.7
860	-1.231365	635.838762	3.736583	0.015353	1.5
861	-1.195446	636.838762	3.730903	0.006456	1.7
862	-1.197181	637.838740	3.725240	0.006332	1.5
863	-1.208778	638.788956	3.719875	0.006743	1.7
864	-1.232624	638.811573	3.719747	0.004842	1.4
865	-1.224437	639.438785	3.716215	0.003692	1.5
866	-1.178716	639.631592	3.715130	0.001851	2.1
867	-1.179553	639.641943	3.715072	0.004568	1.5
868	-1.197756	639.638881	3.715089	0.008413	1.8
869	-1.225914	640.036514	3.712854	0.006062	1.6
870	-1.248093	641.034907	3.707255	0.005521	1.6
871	-1.201342	640.988923	3.707513	0.005497	1.3
872	-1.213210	641.926232	3.702271	0.006315	1.4
873	-1.211267	641.879411	3.702532	0.004582	1.5
874	-1.211200	642.474439	3.699212	0.004989	1.5
875	-1.197479	642.429616	3.699462	0.004684	1.3
876	-1.197479	642.395726	3.699651	0.008482	1.6
877	-1.186149	643.381003	3.694164	0.008159	1.3
878	-1.182738	644.380994	3.688612	0.013573	1.2
879	-1.244019	645.380989	3.683077	0.007076	1.5
880	-1.215861	646.380978	3.677558	0.007883	1.7
881	-1.201439	646.334102	3.677816	0.003736	2.0
882	-1.218877	647.085286	3.673681	0.006174	1.7
883	-1.211820	647.051011	3.673870	0.004972	1.6
884	-1.203538	648.005482	3.668628	0.003019	1.7
885	-1.229841	647.997526	3.668672	0.004976	1.5
886	-1.203808	648.278709	3.667130	0.003563	1.4
887	-1.219562	648.670641	3.664984	0.004618	1.4
888	-1.192429	648.797399	3.664291	0.002357	1.6
889	-1.193941	648.807441	3.664236	0.004818	1.5
890	-1.203987	649.000550	3.663180	0.009255	1.6
891	-1.211155	648.954901	3.663429	0.007167	1.6
892	-1.233975	649.954857	3.657969	0.009433	1.6
893	-1.262935	650.952164	3.652540	0.006348	1.3
894	-1.203550	651.951967	3.647114	0.004953	1.5
895	-1.200260	651.905539	3.647365	0.005282	2.4
896	-1.193609	652.089445	3.646369	0.004804	1.5
897	-1.157655	652.383402	3.644777	0.003512	1.4
898	-1.222559	652.366763	3.644867	0.005629	1.8
899	-1.185724	652.611808	3.643541	0.005583	1.5
900	-1.212089	653.268588	3.639992	0.003070	1.8
901	-1.182528	653.293237	3.639859	0.004255	1.6
902	-1.192446	653.253083	3.640076	0.005422	1.5
903	-1.207604	653.998295	3.636057	0.003825	1.4
904	-1.160735	653.961506	3.636255	0.005509	1.5
905	-1.208927	654.010877	3.635989	0.007286	1.4
906	-1.247068	654.983904	3.630756	0.003854	1.3
907	-1.171720	655.832132	3.626205	0.002810	1.4
908	-1.197796	655.792306	3.626419	0.004767	1.4
909	-1.205451	656.010422	3.625250	0.005160	1.3
910	-1.193836	656.564208	3.622288	0.004981	1.4
911	-1.205476	657.122936	3.619303	0.004934	1.6
912	-1.229081	657.103680	3.619406	0.015080	1.3
913	-1.216827	658.103545	3.614077	0.007767	1.4
914	-1.196188	659.103544	3.608763	0.005938	1.4
915	-1.241512	659.057142	3.609009	0.004297	1.3
916	-1.190223	659.012103	3.609248	0.005652	1.3
917	-1.240875	659.408089	3.607148	0.004747	1.2
918	-1.190124	659.567963	3.606300	0.002858	1.5
919	-1.220036	659.531246	3.606495	0.003038	1.3
920	-1.231593	659.648095	3.605876	0.007415	1.4
921	-1.195268	659.611006	3.606072	0.004098	1.3
922	-1.200269	660.069385	3.603645	0.004084	1.7
923	-1.193812	660.039623	3.603803	0.003178	1.9
924	-1.226263	660.013474	3.603941	0.005635	1.3
925	-1.176540	660.013707	3.603940	0.006362	1.6
926	-1.210258	660.998123	3.598738	0.002915	1.4
927	-1.221489	661.138382	3.597998	0.004222	1.4
928	-1.202575	661.158060	3.597894	0.005714	1.3
929	-1.191718	661.940952	3.593770	0.005866	1.3
930	-1.175966	662.769606	3.589414	0.003203	1.7
931	-1.196855	663.277205	3.586752	0.005049	1.8
932	-1.210164	663.258944	3.586847	0.008665	1.7
933	-1.199346	663.231423	3.586992	0.009825	2.1
934	-1.218578	664.231357	3.581757	0.003720	1.7
935	-1.210334	665.015263	3.577664	0.005339	1.7
936	-1.171767	665.145718	3.576984	0.004924	1.4
937	-1.211617	665.113935	3.577150	0.004465	1.4
938	-1.190920	665.415377	3.575579	0.004365	1.3
939	-1.210327	665.369645	3.575817	0.008294	1.6
940	-1.200457	665.330292	3.576022	0.007551	1.4
941	-1.231398	666.330263	3.570820	0.004814	1.3
942	-1.198346	667.218960	3.566209	0.008700	1.5
943	-1.195718	667.172661	3.566449	0.005897	2.0
944	-1.220985	668.169546	3.561290	0.006776	1.4
945	-1.245298	668.138259	3.561451	0.004944	1.3
946	-1.226390	669.084107	3.556570	0.007624	1.3
947	-1.177463	669.376129	3.555066	0.004436	1.6
948	-1.230152	670.281226	3.550411	0.003914	1.3
949	-1.207830	670.238270	3.550631	0.002691	1.4
950	-1.205134	670.368662	3.549962	0.002772	1.5
951	-1.241593	670.368166	3.549964	0.005425	1.8
952	-1.219533	670.736303	3.548075	0.007395	1.4
953	-1.240703	671.716107	3.543057	0.006003	1.3
954	-1.195473	672.272693	3.540212	0.005694	1.4
955	-1.221205	672.268509	3.540233	0.006706	1.6
956	-1.181215	673.227982	3.535341	0.003820	1.4
957	-1.191503	673.656059	3.533162	0.004077	1.3
958	-1.200007	673.616525	3.533363	0.002872	1.4
959	-1.218569	673.620359	3.533344	0.003645	1.3
960	-1.232567	673.697352	3.532952	0.005536	1.4
961	-1.209756	673.686994	3.533005	0.004979	1.5
962	-1.237538	674.299905	3.529890	0.007929	1.4
963	-1.202851	674.254978	3.530118	0.004685	1.7
964	-1.201297	675.220662	3.525222	0.005881	1.5
965	-1.199939	675.174644	3.525455	0.003208	1.7
966	-1.220748	675.614740	3.523228	0.005962	1.5
967	-1.206419	675.649067	3.523054	0.003500	1.5
968	-1.190676	675.650325	3.523048	0.005273	1.4
969	-1.220058	675.658822	3.523005	0.005928	1.3
970	-1.227270	676.526127	3.518624	0.006979	1.3
971	-1.209325	676.480314	3.518855	0.007015	1.3
972	-1.210963	677.479794	3.513820	0.004915	1.2
973	-1.188593	678.456190	3.508915	0.003493	1.3
974	-1.234832	678.649451	3.507946	0.005155	1.3
975	-1.190037	678.645756	3.507964	0.002458	1.3
976	-1.197000	678.606902	3.508159	0.007800	1.4
977	-1.229320	678.993510	3.506222	0.005218	1.7
978	-1.205060	679.912218	3.501626	0.004199	1.5
979	-1.213098	680.146957	3.500454	0.002272	1.7
980	-1.204277	680.233333	3.500022	0.006770	1.5
981	-1.199517	680.413547	3.499123	0.004341	1.3
982	-1.163205	680.938704	3.496505	0.005606	1.8
983	-1.201780	680.915950	3.496619	0.006641	1.4
984	-1.197477	681.752724	3.492455	0.009107	1.3
985	-1.216960	682.752547	3.487493	0.003539	1.4
986	-1.205219	683.541327	3.483589	0.005997	1.3
987	-1.198254	683.497182	3.483807	0.002659	1.3
988	-1.206489	683.866318	3.481983	0.005898	1.6
989	-1.236090	684.152927	3.480568	0.005292	1.5
990	-1.204156	685.105882	3.475870	0.004141	1.8
991	-1.213126	685.061301	3.476090	0.005339	1.7
992	-1.206209	685.672122	3.473085	0.005707	1.5
993	-1.207927	685.626235	3.473311	0.005103	1.5
994	-1.204908	686.084297	3.471060	0.007830	1.6
995	-1.232486	686.039072	3.471283	0.011730	1.3
996	-1.231514	687.039060	3.466380	0.008659	1.5
997	-1.209567	688.039050	3.461491	0.006147	1.3
998	-1.181462	689.002525	3.456794	0.004607	1.6
999	-1.218184	689.298314	3.455354	0.003627	1.6
1000	-1.179269	689.256649	3.455557	0.002696	1.3
1001	-1.198028	689.274835	3.455469	0.004301	1.8
1002	-1.195101	689.259500	3.455543	0.004436	1.4
1003	-1.185239	689.310657	3.455294	0.002637	1.3
1004	-1.216728	689.318464	3.455256	0.003023	1.2
1005	-1.189014	689.308281	3.455306	0.007261	1.3
1006	-1.206718	689.591136	3.453930	0.005973	1.3
1007	-1.210398	690.551743	3.449268	0.005542	1.4
1008	-1.195530	690.604110	3.449014	0.005713	1.4
1009	-1.221197	690.640197	3.448839	0.003784	1.4
1010	-1.187194	691.011754	3.447039	0.008826	1.7
1011	-1.208616	691.148966	3.446375	0.007134	1.3
1012	-1.216189	692.148852	3.441543	0.003050	1.3
1013	-1.217406	692.105864	3.441750	0.004036	1.3
1014	-1.209113	692.216357	3.441217	0.007881	1.4
1015	-1.189567	692.170633	3.441438	0.003465	1.7
1016	-1.204983	692.741539	3.438685	0.006899	1.3
1017	-1.218835	692.729735	3.438742	0.003147	1.5
1018	-1.196868	692.758249	3.438605	0.005582	1.6
1019	-1.205389	692.883444	3.438002	0.004638	1.8
1020	-1.232010	693.716796	3.433993	0.002627	2.8
1021	-1.206194	693.687210	3.434135	0.003604	1.4
1022	-1.154334	693.692243	3.434111	0.006001	1.3
1023	-1.192405	694.066877	3.432312	0.003996	1.4
1024	-1.205578	694.767673	3.428951	0.003750	1.3
1025	-1.211299	694.757260	3.429001	0.006278	1.3
1026	-1.171702	695.437480	3.425745	0.008475	1.4
1027	-1.213992	695.536351	3.425273	0.008857	1.6
1028	-1.176787	696.536340	3.420499	0.003064	1.3
1029	-1.239960	696.942807	3.418563	0.006318	1.5
1030	-1.213246	696.905552	3.418740	0.005105	1.6
1031	-1.212930	697.795697	3.414506	0.007739	1.3
1032	-1.205960	697.749704	3.414725	0.007531	1.3
1033	-1.220615	698.749162	3.409983	0.003419	1.5
1034	-1.217966	699.408281	3.406863	0.007808	1.4
1035	-1.201795	699.421818	3.406799	0.003332	1.4
1036	-1.215928	699.944898	3.404327	0.004389	1.3
1037	-1.211218	699.907290	3.404505	0.007910	1.3
1038	-1.195186	700.860105	3.400011	0.004152	1.4
1039	-1.173158	701.102272	3.398871	0.009557	1.4
1040	-1.180907	701.065590	3.399044	0.007100	1.3
1041	-1.191064	702.065401	3.394344	0.003529	1.5
1042	-1.225997	702.031725	3.394502	0.003783	1.3
1043	-1.218915	702.042721	3.394450	0.003052	1.5
1044	-1.197134	702.081963	3.394266	0.002927	1.8
1045	-1.216195	702.164318	3.393879	0.004028	1.3
1046	-1.216105	702.179024	3.393810	0.002450	1.3
1047	-1.183803	702.343271	3.393040	0.003021	1.3
1048	-1.207268	702.357594	3.392972	0.006102	1.2
1049	-1.219000	702.365241	3.392937	0.007352	1.3
1050	-1.208335	703.362607	3.388265	0.004951	1.4
1051	-1.213312	703.542792	3.387422	0.004143	1.2
1052	-1.203117	703.843548	3.386017	0.003232	1.2
1053	-1.190673	703.817158	3.386140	0.004704	1.2
1054	-1.201624	703.897672	3.385764	0.008920	1.5
1055	-1.227399	704.828477	3.381422	0.010963	1.2
1056	-1.162115	705.828476	3.376770	0.008494	1.3
1057	-1.196796	706.827983	3.372132	0.004268	1.4
1058	-1.228173	707.702441	3.368086	0.003321	1.2
1059	-1.211335	707.682592	3.368178	0.010622	1.2
1060	-1.220452	708.005969	3.366683	0.016519	1.3
1061	-1.196087	709.005969	3.362072	0.010295	1.3
1062	-1.151029	710.005969	3.357472	0.011083	1.2
1063	-1.225063	711.005966	3.352886	0.008647	1.3
1064	-1.200198	712.004792	3.348317	0.011357	1.2
1065	-1.234289	713.004721	3.343756	0.006040	1.5
1066	-1.213818	714.000501	3.339225	0.007873	1.3
1067	-1.225847	714.905304	3.335120	0.008621	1.4
1068	-1.200565	715.902512	3.330607	0.005370	1.3
1069	-1.177720	716.864612	3.326264	0.005817	1.2
1070	-1.203938	717.559356	3.323135	0.004465	1.3
1071	-1.195443	718.367652	3.319502	0.004917	1.4
1072	-1.220229	718.322892	3.319703	0.006306	1.3
1073	-1.193250	719.101788	3.316209	0.002763	1.3
1074	-1.231257	719.100463	3.316215	0.002400	1.3
1075	-1.235588	719.144108	3.316020	0.007364	1.3
1076	-1.210556	719.300806	3.315318	0.006599	1.3
1077	-1.220157	720.292433	3.310883	0.004777	1.2
1078	-1.187455	720.250345	3.311071	0.004567	1.3
1079	-1.213315	720.401386	3.310396	0.004132	1.3
1080	-1.232863	720.454991	3.310157	0.004129	1.3
1081	-1.168544	720.449048	3.310183	0.006375	1.5
1082	-1.230040	720.571408	3.309637	0.009613	1.4
1083	-1.241357	721.571343	3.305181	0.006595	1.4
1084	-1.203618	722.570685	3.300738	0.006333	1.3
1085	-1.209157	722.523840	3.300946	0.002079	1.2
1086	-1.207081	722.486596	3.301112	0.007055	1.2
1087	-1.190822	722.630567	3.300473	0.006542	1.4
1088	-1.204814	722.699750	3.300166	0.004899	1.3
1089	-1.188661	722.895747	3.299296	0.006365	1.3
1090	-1.197254	723.674374	3.295846	0.007555	1.3
1091	-1.200031	724.660591	3.291487	0.009543	1.5
1092	-1.227581	725.631886	3.287205	0.007025	1.8
1093	-1.205136	726.631863	3.282809	0.007994	1.3
1094	-1.235971	726.585820	3.283011	0.006406	1.6
1095	-1.231630	727.555279	3.278759	0.004424	1.5
1096	-1.213643	728.029548	3.276683	0.005358	1.4
1097	-1.201737	728.637083	3.274027	0.009142	1.6
1098	-1.206511	728.999360	3.272446	0.008361	1.3
1099	-1.219489	729.999358	3.268088	0.003679	1.4
1100	-1.187710	729.952750	3.268291	0.003343	1.5
1101	-1.197331	729.981987	3.268164	0.003788	1.4
1102	-1.229648	729.964108	3.268242	0.006070	1.5
1103	-1.199965	729.940932	3.268343	0.007767	1.8
1104	-1.185127	730.045991	3.267886	0.007429	1.3
1105	-1.201121	731.045243	3.263543	0.003118	1.3
1106	-1.247848	731.142882	3.263120	0.003053	1.3
1107	-1.211731	731.138446	3.263139	0.003069	1.3
1108	-1.213948	731.107892	3.263272	0.003895	1.3
1109	-1.177811	731.222844	3.262773	0.003193	1.3
1110	-1.208916	731.326196	3.262325	0.003426	1.3
1111	-1.201203	731.330216	3.262307	0.004502	1.3
1112	-1.200247	731.310256	3.262394	0.005570	1.4
1113	-1.212159	732.068440	3.259109	0.005310	1.5
1114	-1.190154	732.031371	3.259270	0.005630	1.5
1115	-1.203546	732.956987	3.255268	0.003600	1.5
1116	-1.212118	732.934553	3.255365	0.003601	1.5
1117	-1.204992	732.900676	3.255512	0.008503	1.2
1118	-1.196891	733.847494	3.251428	0.005284	1.2
1119	-1.157716	734.831543	3.247195	0.004913	1.3
1120	-1.189015	734.808191	3.247295	0.004071	1.3
1121	-1.236406	735.154556	3.245808	0.003664	1.6
1122	-1.223945	735.335459	3.245031	0.004461	1.3
1123	-1.196378	735.345673	3.244988	0.002360	1.5
1124	-1.206232	735.407903	3.244721	0.003436	1.6
1125	-1.206117	735.399879	3.244755	0.005946	1.6
1126	-1.204025	735.680604	3.243551	0.003441	1.3
1127	-1.211562	736.028831	3.242059	0.004833	1.3
1128	-1.191721	735.985842	3.242243	0.004112	1.3
1129	-1.207830	735.949849	3.242398	0.004376	1.2
1130	-1.210167	736.040515	3.242009	0.006450	1.5
1131	-1.237544	736.001300	3.242177	0.006632	1.4
1132	-1.208305	736.953288	3.238105	0.003973	1.3
1133	-1.208020	736.919018	3.238251	0.005889	1.3
1134	-1.216912	736.877674	3.238428	0.004819	1.3
1135	-1.201250	737.450089	3.235984	0.007014	1.2
1136	-1.174670	737.403650	3.236182	0.002647	1.3
1137	-1.219943	737.713835	3.234859	0.004935	1.2
1138	-1.221518	737.677284	3.235015	0.004433	1.2
1139	-1.229597	737.900575	3.234063	0.006718	1.3
1140	-1.217411	738.706944	3.230630	0.004013	1.3
1141	-1.201344	739.263008	3.228268	0.009564	1.3
1142	-1.180885	739.321212	3.228020	0.009078	1.2
1143	-1.228301	740.321212	3.223780	0.006581	1.6
1144	-1.213240	741.292460	3.219673	0.007874	1.3
1145	-1.232751	742.291719	3.215458	0.006718	1.3
1146	-1.159278	742.862428	3.213055	0.003247	1.4
1147	-1.186296	742.901487	3.212891	0.005472	1.6
1148	-1.201817	742.858674	3.213071	0.005118	1.2
1149	-1.171564	742.908797	3.212860	0.005926	1.2
1150	-1.201477	742.996112	3.212493	0.008747	1.2
1151	-1.214807	743.971991	3.208395	0.003315	1.3
1152	-1.206407	743.968680	3.208409	0.004844	1.3
1153	-1.232630	744.371577	3.206720	0.003781	1.2
1154	-1.154420	744.448047	3.206400	0.007031	1.2
1155	-1.212300	744.409877	3.206560	0.006822	1.2
1156	-1.190543	745.379358	3.202503	0.003117	1.2
1157	-1.205328	745.346543	3.202640	0.007066	1.3
1158	-1.185313	745.739911	3.200997	0.004307	1.3
1159	-1.206271	746.638564	3.197250	0.003222	1.2
1160	-1.201395	746.605253	3.197389	0.004316	1.2
1161	-1.180593	746.607493	3.197379	0.003283	1.2
1162	-1.232082	746.689368	3.197038	0.003312	1.3
1163	-1.158893	746.678107	3.197085	0.003809	1.3
1164	-1.183920	746.864772	3.196308	0.006710	1.5
1165	-1.205071	747.055515	3.195514	0.007395	1.6
1166	-1.210181	748.035965	3.191440	0.007290	2.0
1167	-1.227927	749.035340	3.187298	0.006642	1.6
1168	-1.224687	750.003952	3.183294	0.007485	1.3
1169	-1.207862	750.988877	3.179233	0.004845	1.4
1170	-1.266379	751.539153	3.176968	0.003260	1.5
1171	-1.219819	751.702538	3.176296	0.009028	1.3
1172	-1.204549	752.457872	3.173195	0.003499	1.5
1173	-1.219168	752.411136	3.173386	0.007066	2.3
1174	-1.235046	752.716049	3.172136	0.003267	2.2
1175	-1.212923	752.928281	3.171266	0.005515	1.7
1176	-1.225785	752.892984	3.171411	0.002627	1.5
1177	-1.202467	752.879227	3.171467	0.005037	1.4
1178	-1.203815	752.958318	3.171143	0.006327	1.4
1179	-1.198914	753.729596	3.167986	0.003668	1.6
1180	-1.221787	753.754285	3.167885	0.007366	1.4
1181	-1.232442	753.799936	3.167698	0.003314	1.4
1182	-1.203033	753.848172	3.167501	0.007323	1.4
1183	-1.214757	754.116230	3.166406	0.003244	1.7
1184	-1.225916	754.891177	3.163243	0.003173	1.4
1185	-1.173614	754.975703	3.162898	0.004899	1.3
1186	-1.198664	755.068046	3.162522	0.006025	1.6
1187	-1.193815	755.049969	3.162596	0.005542	1.5
1188	-1.213857	755.881872	3.159209	0.006621	1.4
1189	-1.185699	755.837466	3.159390	0.003845	1.9
1190	-1.224628	756.251235	3.157708	0.004711	1.7
1191	-1.164258	756.288914	3.157555	0.004019	1.5
1192	-1.174500	756.247164	3.157724	0.005564	1.7
1193	-1.197966	756.636475	3.156144	0.005868	1.7
1194	-1.255082	756.593632	3.156317	0.007969	1.7
1195	-1.196904	757.591215	3.152273	0.003726	1.3
1196	-1.217419	758.465920	3.148736	0.003774	1.3
1197	-1.224985	758.426108	3.148897	0.002351	1.3
1198	-1.213215	758.492777	3.148627	0.003634	1.3
1199	-1.230274	758.472953	3.148708	0.005522	1.2
1200	-1.224952	759.033435	3.146445	0.006462	1.4
1201	-1.229532	759.990881	3.142588	0.005389	1.5
1202	-1.198307	759.949115	3.142756	0.010628	1.4
1203	-1.213894	760.946580	3.138747	0.008111	1.6
1204	-1.229663	761.946579	3.134738	0.004919	1.8
1205	-1.221603	761.900953	3.134921	0.004233	1.5
1206	-1.208644	762.549536	3.132326	0.005543	1.6
1207	-1.209199	762.544334	3.132347	0.009671	1.3
1208	-1.223347	762.633447	3.131990	0.006233	1.3
1209	-1.239608	763.610516	3.128090	0.004148	1.2
1210	-1.237404	763.580775	3.128209	0.007259	1.5
1211	-1.185674	763.649801	3.127933	0.010208	1.3
1212	-1.208167	764.648952	3.123956	0.006529	1.4
1213	-1.192541	765.193955	3.121790	0.003317	1.3
1214	-1.219743	765.216721	3.121700	0.005897	1.3
1215	-1.218004	765.174554	3.121867	0.007520	1.8
1216	-1.219816	766.162649	3.117948	0.007602	1.7
1217	-1.196239	767.162054	3.113995	0.003490	1.4
1218	-1.180008	767.823540	3.111383	0.003854	1.3
1219	-1.233803	767.828776	3.111363	0.003330	1.2
1220	-1.233825	767.871440	3.111194	0.003208	1.6
1221	-1.213684	767.850521	3.111277	0.003259	1.5
1222	-1.204598	767.850830	3.111276	0.005922	1.4
1223	-1.183121	767.814347	3.111420	0.004380	1.8
1224	-1.207905	768.441549	3.108948	0.005081	1.2
1225	-1.204901	769.263962	3.105712	0.007592	1.8
1226	-1.229170	770.246059	3.101857	0.004659	1.6
1227	-1.219316	771.214173	3.098067	0.004332	1.7
1228	-1.215576	771.849550	3.095584	0.002218	1.4
1229	-1.203767	771.875843	3.095481	0.004361	1.4
1230	-1.232640	771.872656	3.095494	0.002251	1.3
1231	-1.191789	771.856885	3.095555	0.003771	1.2
1232	-1.226695	771.969481	3.095116	0.003205	1.2
1233	-1.189146	772.032565	3.094870	0.006233	1.5
1234	-1.230516	772.183189	3.094282	0.006048	1.4
1235	-1.208480	773.171483	3.090431	0.006369	1.3
1236	-1.214800	773.199024	3.090324	0.004630	1.5
1237	-1.193478	773.896075	3.087614	0.005574	1.8
1238	-1.188963	773.854499	3.087776	0.009616	2.4
1239	-1.208389	774.853782	3.083899	0.005733	1.9
1240	-1.191464	775.838002	3.080090	0.002851	1.4
1241	-1.231366	775.895781	3.079866	0.005495	1.3
1242	-1.209175	776.226902	3.078587	0.003997	1.3
1243	-1.224855	776.788978	3.076418	0.003517	1.8
1244	-1.200359	776.781218	3.076448	0.003715	1.4
1245	-1.197343	776.898656	3.075995	0.004092	1.4
1246	-1.229315	777.259018	3.074607	0.006048	1.3
1247	-1.204549	777.762540	3.072668	0.004006	1.7
1248	-1.217096	778.028884	3.071644	0.003860	1.6
1249	-1.199829	778.034715	3.071622	0.003825	1.6
1250	-1.144764	778.157493	3.071150	0.006286	1.4
1251	-1.202593	779.009048	3.067881	0.005383	1.5
1252	-1.224384	779.338727	3.066617	0.004221	1.3
1253	-1.214517	779.907036	3.064441	0.003701	1.5
1254	-1.219209	779.960228	3.064237	0.005420	1.2
1255	-1.206210	780.219237	3.063247	0.003222	1.2
1256	-1.241947	780.212575	3.063272	0.004346	1.4
1257	-1.216384	780.234341	3.063189	0.006731	1.9
1258	-1.212859	781.111410	3.059840	0.004049	1.6
1259	-1.199364	781.969557	3.056570	0.005489	1.7
1260	-1.209616	782.360248	3.055083	0.002552	1.4
1261	-1.200151	782.374164	3.055030	0.004018	1.4
1262	-1.205180	782.340579	3.055158	0.007726	1.7
1263	-1.188050	782.983260	3.052716	0.008885	1.5
1264	-1.223113	783.978102	3.048943	0.007588	1.7
1265	-1.207350	784.977952	3.045161	0.003702	1.3
1266	-1.207057	785.865549	3.041811	0.004781	1.3
1267	-1.176482	785.825591	3.041961	0.006882	1.4
1268	-1.231822	786.335457	3.040040	0.004259	1.6
1269	-1.190422	787.100438	3.037163	0.006019	1.8
1270	-1.174133	787.054200	3.037336	0.005783	1.4
1271	-1.240761	787.272536	3.036516	0.003705	1.3
1272	-1.209280	787.401267	3.036032	0.005973	1.5
1273	-1.219256	787.368695	3.036155	0.003966	1.2
1274	-1.225503	787.344805	3.036244	0.009467	1.5
1275	-1.200868	788.015600	3.033727	0.003684	1.6
1276	-1.200640	788.969762	3.030153	0.010715	1.9
1277	-1.221626	788.923116	3.030328	0.008298	1.4
1278	-1.182012	789.923113	3.026591	0.006116	1.2
1279	-1.206581	790.869128	3.023064	0.010327	1.3
1280	-1.212092	791.850179	3.019415	0.006739	1.4
1281	-1.169610	792.850152	3.015705	0.004394	1.4
1282	-1.212938	792.806435	3.015867	0.003520	1.4
1283	-1.203275	792.933063	3.015398	0.003707	1.3
1284	-1.217984	792.985136	3.015205	0.004817	1.3
1285	-1.168815	793.023368	3.015064	0.005857	1.3
1286	-1.191775	793.500172	3.013299	0.004435	1.2
1287	-1.212812	793.577581	3.013012	0.002207	1.2
1288	-1.208686	793.546766	3.013126	0.010439	1.5
1289	-1.244569	794.341860	3.010188	0.006581	1.2
1290	-1.198885	794.946691	3.007957	0.006565	1.4
1291	-1.221960	795.376298	3.006374	0.003560	1.2
1292	-1.188890	795.598120	3.005557	0.005645	1.5
1293	-1.231666	795.758547	3.004967	0.005887	1.3
1294	-1.189930	796.576800	3.001959	0.006687	1.3
1295	-1.222224	797.558229	2.998360	0.006561	1.2
1296	-1.210881	798.552080	2.994724	0.004125	1.6
1297	-1.175629	799.183596	2.992418	0.004006	1.4
1298	-1.186289	799.284501	2.992050	0.003389	1.2
1299	-1.179525	799.319239	2.991923	0.003822	1.2
1300	-1.224532	799.498766	2.991269	0.003671	1.3
1301	-1.213896	799.727729	2.990434	0.003096	1.3
1302	-1.224237	799.924677	2.989717	0.002761	1.3
1303	-1.181774	799.947387	2.989634	0.006838	1.3
1304	-1.219277	799.958493	2.989594	0.004238	1.3
1305	-1.210333	800.474318	2.987716	0.009613	1.4
1306	-1.196090	800.428073	2.987885	0.006618	1.3
1307	-1.215723	801.306040	2.984695	0.003675	1.2
1308	-1.184392	801.263612	2.984849	0.004211	1.2
1309	-1.212430	801.460964	2.984132	0.006081	1.4
1310	-1.225116	801.533950	2.983868	0.005746	1.7
1311	-1.212633	802.414067	2.980678	0.006391	1.3
1312	-1.176200	802.676764	2.979728	0.007793	1.2
1313	-1.217144	803.661816	2.976168	0.004923	1.2
1314	-1.211218	803.617674	2.976328	0.004562	1.3
1315	-1.156970	803.592967	2.976417	0.011203	1.2
1316	-1.190375	804.583590	2.972845	0.009546	1.4
1317	-1.215599	805.583590	2.969249	0.004730	1.2
1318	-1.211273	805.539758	2.969406	0.002704	1.2
1319	-1.171939	805.803774	2.968458	0.004812	2.0
1320	-1.206103	805.761536	2.968610	0.001807	1.6
1321	-1.205557	805.767339	2.968589	0.004074	1.3
1322	-1.247930	805.787801	2.968515	0.003162	1.3
1323	-1.246543	805.813846	2.968422	0.003248	1.2
1324	-1.200333	805.883031	2.968174	0.005940	1.2
1325	-1.264917	806.477070	2.966043	0.001758	1.5
1326	-1.166211	806.536030	2.965831	0.004951	1.3
1327	-1.194850	806.542644	2.965808	0.006129	1.3
1328	-1.238054	807.264298	2.963224	0.003034	1.3
1329	-1.197756	807.526512	2.962286	0.003831	1.3
1330	-1.220163	807.516461	2.962322	0.003990	1.2
1331	-1.207542	807.495703	2.962396	0.004696	1.4
1332	-1.218780	807.451359	2.962555	0.008337	1.3
1333	-1.201476	808.176658	2.959963	0.006431	1.2
1334	-1.167567	809.174686	2.956405	0.006719	1.3
1335	-1.250809	809.128456	2.956569	0.004524	1.4
1336	-1.221287	809.442372	2.955452	0.003277	1.2
1337	-1.211779	809.459273	2.955392	0.001909	1.3
1338	-1.249708	809.463678	2.955376	0.003305	1.2
1339	-1.202324	809.452085	2.955417	0.003682	1.2
1340	-1.232711	809.589755	2.954927	0.006525	1.3
1341	-1.231209	810.165851	2.952879	0.007091	1.2
1342	-1.223366	811.161674	2.949346	0.003239	1.4
1343	-1.187729	811.803796	2.947072	0.004411	1.5
1344	-1.201152	811.771867	2.947185	0.002803	1.2
1345	-1.195885	811.816256	2.947027	0.006384	1.3
1346	-1.191440	811.773926	2.947177	0.002185	1.3
1347	-1.226085	811.765560	2.947207	0.007916	1.5
1348	-1.215934	811.744556	2.947281	0.008214	1.7
1349	-1.213027	812.741503	2.943757	0.008658	1.5
1350	-1.237714	813.532544	2.940967	0.005106	1.2
1351	-1.192919	813.546406	2.940918	0.007123	1.2
1352	-1.201121	813.727421	2.940280	0.003078	1.2
1353	-1.233301	813.867108	2.939788	0.005828	1.2
1354	-1.182265	814.120655	2.938896	0.003298	1.3
1355	-1.210440	814.442155	2.937765	0.006271	1.2
1356	-1.207650	814.462420	2.937693	0.003446	1.2
1357	-1.193220	814.438864	2.937776	0.005194	1.2
1358	-1.187975	814.753614	2.936670	0.002202	1.2
1359	-1.179746	814.735160	2.936735	0.007069	1.3
1360	-1.216775	814.851026	2.936328	0.005805	1.3
1361	-1.227361	815.847467	2.932831	0.013673	1.2
1362	-1.224063	816.846397	2.929335	0.010182	1.2
1363	-1.223868	817.846397	2.925842	0.006736	1.3
1364	-1.225580	818.425951	2.923822	0.004206	1.5
1365	-1.187033	818.740811	2.922726	0.005153	1.3
1366	-1.216371	818.762927	2.922649	0.003100	1.3
1367	-1.185194	818.782583	2.922581	0.003717	1.3
1368	-1.152204	818.872996	2.922266	0.004792	1.3
1369	-1.216199	819.012271	2.921782	0.006446	1.3
1370	-1.208729	818.973734	2.921916	0.005444	1.3
1371	-1.223079	819.607755	2.919712	0.003385	1.3
1372	-1.236503	819.563768	2.919865	0.002895	1.3
1373	-1.215309	819.542756	2.919938	0.010504	1.2
1374	-1.223368	819.782523	2.919105	0.003100	1.4
1375	-1.198668	820.484897	2.916668	0.005162	1.3
1376	-1.193988	820.479233	2.916688	0.004074	1.4
1377	-1.166218	820.718336	2.915859	0.010336	1.5
1378	-1.218156	821.525635	2.913066	0.008755	1.5
1379	-1.198552	822.525635	2.909612	0.001893	1.5
1380	-1.193407	822.631544	2.909247	0.004600	1.4
1381	-1.203056	822.679553	2.909081	0.006548	1.2
1382	-1.187557	822.633839	2.909239	0.008240	1.3
1383	-1.187839	823.581161	2.905976	0.006225	1.7
1384	-1.196056	823.565252	2.906030	0.006322	1.3
1385	-1.193082	824.492890	2.902842	0.003483	1.3
1386	-1.220168	824.562843	2.902602	0.004175	1.2
1387	-1.174329	824.569265	2.902580	0.004329	1.2
1388	-1.219229	825.006081	2.901081	0.005570	1.3
1389	-1.223302	825.122528	2.900682	0.004302	1.3
1390	-1.186116	825.085598	2.900809	0.004372	1.3
1391	-1.194406	825.377087	2.899810	0.005887	1.4
1392	-1.172082	825.337223	2.899946	0.003554	1.2
1393	-1.211379	825.363160	2.899857	0.006829	1.3
1394	-1.166255	825.318760	2.900009	0.005292	1.3
1395	-1.199650	826.265461	2.896769	0.002090	1.3
1396	-1.251519	826.231982	2.896884	0.005039	1.3
1397	-1.238011	826.233451	2.896878	0.003641	1.2
1398	-1.255000	826.533166	2.895854	0.003828	1.2
1399	-1.229700	826.521371	2.895894	0.009541	1.2
1400	-1.213875	826.901028	2.894598	0.004423	1.2
1401	-1.191831	827.595838	2.892228	0.004003	1.2
1402	-1.184649	827.672203	2.891967	0.005997	3.7
1403	-1.184813	827.783834	2.891587	0.004538	1.8
1404	-1.183409	828.405906	2.889469	0.004586	1.5
1405	-1.179026	828.445382	2.889335	0.005214	1.4
1406	-1.211958	828.422563	2.889413	0.004860	1.3
1407	-1.212224	828.637592	2.888681	0.005640	1.3
1408	-1.204364	829.126764	2.887019	0.004258	1.4
1409	-1.200882	829.467087	2.885864	0.003222	1.3
1410	-1.231139	829.433968	2.885976	0.009246	1.4
1411	-1.220301	829.389233	2.886128	0.006553	1.2
1412	-1.168764	830.389029	2.882739	0.006252	1.2
1413	-1.207129	830.342280	2.882897	0.008897	1.2
1414	-1.235133	831.070267	2.880434	0.005023	1.4
1415	-1.217190	831.145465	2.880180	0.004433	1.2
1416	-1.207560	831.196621	2.880007	0.004702	1.3
1417	-1.231176	831.159530	2.880133	0.005505	1.3
1418	-1.214405	831.160904	2.880128	0.007284	1.2
1419	-1.228163	831.395173	2.879336	0.008152	1.2
1420	-1.201049	832.394457	2.875965	0.005161	1.3
1421	-1.204855	833.380903	2.872644	0.004439	1.2
1422	-1.210226	833.355508	2.872730	0.003171	1.2
1423	-1.213739	833.327807	2.872823	0.005947	1.4
1424	-1.219309	833.819493	2.871170	0.007088	1.2
1425	-1.204287	834.547884	2.868726	0.005849	1.2
1426	-1.185432	834.871713	2.867640	0.005899	1.2
1427	-1.226099	834.850827	2.867710	0.004296	1.3
1428	-1.210695	835.634816	2.865086	0.004080	1.2
1429	-1.193083	835.595521	2.865217	0.004222	1.3
1430	-1.187606	836.017154	2.863808	0.003724	1.2
1431	-1.219899	836.155730	2.863345	0.004499	1.3
1432	-1.230268	836.127423	2.863439	0.004034	1.2
1433	-1.175019	836.464403	2.862314	0.005275	1.4
1434	-1.184129	836.442552	2.862387	0.002600	1.3
1435	-1.209477	836.471631	2.862290	0.003467	1.3
1436	-1.217638	836.471403	2.862291	0.002941	1.3
1437	-1.226908	836.496036	2.862208	0.007102	1.2
1438	-1.231864	837.270282	2.859626	0.008506	1.2
1439	-1.184858	838.270107	2.856299	0.005108	1.3
1440	-1.188623	839.143403	2.853399	0.005811	1.4
1441	-1.198869	839.104125	2.853529	0.005109	1.3
1442	-1.231500	839.207559	2.853186	0.005871	1.2
1443	-1.226035	839.523467	2.852139	0.006579	1.2
1444	-1.193069	839.477066	2.852293	0.004164	1.3
1445	-1.195058	839.539832	2.852085	0.003914	1.3
1446	-1.212626	839.892460	2.850916	0.005310	1.2
1447	-1.194271	839.862366	2.851016	0.004517	1.3
1448	-1.237536	840.428436	2.849142	0.006989	1.2
1449	-1.227767	840.386192	2.849282	0.005146	1.3
1450	-1.205230	841.359285	2.846067	0.009641	1.3
1451	-1.202594	842.327326	2.842876	0.005253	1.4
1452	-1.223292	842.283601	2.843020	0.005690	1.5
1453	-1.215901	843.136956	2.840212	0.006501	1.8
1454	-1.201886	843.136855	2.840213	0.004850	1.8
1455	-1.183006	843.528249	2.838927	0.005496	1.9
1456	-1.194280	843.599608	2.838692	0.003203	1.4
1457	-1.165921	843.579002	2.838760	0.004384	1.6
1458	-1.205491	843.561323	2.838818	0.003466	1.4
1459	-1.186865	843.642522	2.838552	0.007158	1.6
1460	-1.199708	843.816502	2.837980	0.003858	1.3
1461	-1.204412	844.681499	2.835145	0.005464	1.2
1462	-1.190889	844.637947	2.835287	0.004239	1.2
1463	-1.210116	844.662684	2.835206	0.004140	1.2
1464	-1.159986	844.807398	2.834732	0.004108	1.3
1465	-1.222960	844.833694	2.834646	0.004258	1.2
1466	-1.218036	844.796953	2.834767	0.004821	1.3
1467	-1.185810	845.336393	2.833002	0.002312	1.2
1468	-1.196865	845.364773	2.832909	0.005136	1.5
1469	-1.217226	845.411457	2.832756	0.002603	1.3
1470	-1.241289	845.372593	2.832883	0.006857	1.3
1471	-1.162005	845.680674	2.831876	0.002486	1.2
1472	-1.210947	845.642367	2.832001	0.007423	1.5
1473	-1.176019	845.731534	2.831710	0.004735	1.4
1474	-1.210620	846.672996	2.828637	0.003395	1.2
1475	-1.202905	846.649422	2.828714	0.004524	1.2
1476	-1.202141	846.859793	2.828029	0.006770	1.7
1477	-1.211687	847.062220	2.827369	0.005259	1.6
1478	-1.219626	847.015895	2.827520	0.006456	1.7
1479	-1.231712	847.094777	2.827263	0.005159	1.3
1480	-1.221514	847.062075	2.827370	0.004511	1.3
1481	-1.226170	847.016019	2.827520	0.007131	1.2
1482	-1.207749	847.807859	2.824943	0.004754	1.9
1483	-1.166077	848.782557	2.821777	0.009532	1.3
1484	-1.175352	848.739762	2.821916	0.003410	1.3
1485	-1.181791	849.459767	2.819582	0.003646	1.2
1486	-1.230874	849.457859	2.819588	0.005824	1.3
1487	-1.212322	849.414563	2.819728	0.005989	1.3
1488	-1.205654	850.228698	2.817093	0.006402	1.3
1489	-1.211444	851.223383	2.813880	0.003578	1.3
1490	-1.208917	851.733628	2.812235	0.003020	1.3
1491	-1.224048	851.872320	2.811789	0.003699	2.6
1492	-1.196936	851.924776	2.811620	0.007976	1.3
1493	-1.168991	852.481585	2.809827	0.003856	1.3
1494	-1.193046	853.363129	2.806994	0.006835	1.5
1495	-1.179573	853.350167	2.807036	0.008197	1.6
1496	-1.186525	854.349897	2.803830	0.005011	1.3
1497	-1.238161	854.527648	2.803261	0.006638	1.2
1498	-1.235598	855.259310	2.800920	0.007825	1.2
1499	-1.204804	855.516429	2.800099	0.004286	1.2
1500	-1.172245	855.472486	2.800239	0.002840	1.2
1501	-1.211223	855.542935	2.800014	0.003711	1.2
1502	-1.228778	855.543575	2.800012	0.004743	1.5
1503	-1.211971	855.581835	2.799890	0.005265	1.2
1504	-1.191462	855.966789	2.798661	0.007409	1.3
1505	-1.218862	856.476856	2.797034	0.005262	1.3
1506	-1.221443	857.369717	2.794191	0.002968	1.3
1507	-1.199715	857.333881	2.794305	0.006833	1.2
1508	-1.233629	857.583885	2.793509	0.004353	1.3
1509	-1.233270	858.492322	2.790624	0.004518	1.2
1510	-1.196306	858.609816	2.790251	0.006597	1.2
1511	-1.207439	859.108570	2.788670	0.004569	1.5
1512	-1.182993	859.795620	2.786495	0.006065	1.2
1513	-1.230515	859.750869	2.786636	0.005633	1.2
1514	-1.211384	859.715569	2.786748	0.006815	1.5
1515	-1.181131	860.449982	2.784426	0.003552	1.2
1516	-1.222026	860.403815	2.784572	0.007284	1.3
1517	-1.198319	861.180979	2.782119	0.012765	1.3
1518	-1.214706	862.180979	2.778969	0.005929	1.3
1519	-1.194998	863.172195	2.775853	0.003674	1.2
1520	-1.186344	863.178304	2.775834	0.004505	1.3
1521	-1.197661	863.148136	2.775929	0.003443	1.3
1522	-1.233763	863.284797	2.775500	0.003607	1.2
1523	-1.214742	863.279095	2.775518	0.005865	1.3
1524	-1.184349	863.482076	2.774881	0.003998	1.3
1525	-1.183426	864.008994	2.773229	0.005276	1.3
1526	-1.214439	863.969211	2.773353	0.003700	2.3
1527	-1.180754	864.076634	2.773017	0.004208	1.4
1528	-1.191119	864.073974	2.773025	0.005787	1.5
1529	-1.233737	864.272525	2.772403	0.007765	1.2
1530	-1.228037	864.744426	2.770926	0.006013	1.6
1531	-1.202565	864.787572	2.770791	0.005420	1.2
1532	-1.234229	864.740941	2.770937	0.012681	1.2
1533	-1.207424	865.740650	2.767813	0.005822	1.2
1534	-1.202485	866.740621	2.764695	0.003587	1.3
1535	-1.193099	867.043477	2.763752	0.003586	1.4
1536	-1.172002	867.040229	2.763763	0.006596	1.4
1537	-1.203920	867.679197	2.761775	0.005135	1.3
1538	-1.204832	868.492089	2.759251	0.004086	1.2
1539	-1.201833	868.776578	2.758369	0.003985	1.3
1540	-1.212508	868.891407	2.758013	0.008577	1.3
1541	-1.181388	869.780544	2.755260	0.002002	1.3
1542	-1.225828	869.812398	2.755162	0.006234	1.3
1543	-1.211299	869.788997	2.755234	0.009424	1.4
1544	-1.201522	870.438467	2.753227	0.005989	1.2
1545	-1.228802	871.437874	2.750144	0.008091	1.2
1546	-1.212603	871.995985	2.748425	0.010240	1.5
1547	-1.198026	871.985227	2.748458	0.008447	1.3
1548	-1.195381	872.985226	2.745384	0.001803	1.2
1549	-1.203776	872.942618	2.745514	0.007882	1.2
1550	-1.184276	872.905588	2.745628	0.004570	1.2
1551	-1.210402	873.787923	2.742921	0.001938	1.2
1552	-1.192371	873.780235	2.742944	0.004992	1.3
1553	-1.224130	873.826693	2.742802	0.002496	1.5
1554	-1.159198	873.881745	2.742633	0.005011	1.3
1555	-1.192254	873.840698	2.742759	0.001949	1.2
1556	-1.185602	873.860724	2.742698	0.003312	1.2
1557	-1.211104	873.854944	2.742715	0.005123	1.2
1558	-1.200091	873.872837	2.742660	0.003108	1.3
1559	-1.224564	873.887646	2.742615	0.005673	1.2
1560	-1.221983	874.031676	2.742174	0.003611	1.2
1561	-1.201116	874.198830	2.741662	0.003955	1.3
1562	-1.174795	874.461748	2.740857	0.002675	1.2
1563	-1.207009	874.481331	2.740797	0.006878	1.2
1564	-1.171412	874.437064	2.740932	0.007404	1.2
1565	-1.212746	875.433909	2.737884	0.003301	1.3
1566	-1.240533	875.489746	2.737714	0.004259	1.4
1567	-1.182012	875.486081	2.737725	0.006376	1.3
1568	-1.161535	875.574597	2.737455	0.006788	1.6
1569	-1.209998	876.567968	2.734425	0.009884	1.4
1570	-1.195289	877.567946	2.731382	0.005000	1.7
1571	-1.217756	878.564641	2.728356	0.005325	1.7
1572	-1.190932	878.658582	2.728071	0.006369	1.8
1573	-1.192306	879.522463	2.725454	0.003186	1.8
1574	-1.222274	879.482381	2.725575	0.001788	1.3
1575	-1.245998	879.518872	2.725465	0.002635	1.5
1576	-1.224767	879.528232	2.725436	0.004383	1.3
1577	-1.192694	879.519654	2.725462	0.004193	1.2
1578	-1.204813	879.838874	2.724497	0.005548	1.3
1579	-1.195419	879.886852	2.724351	0.004049	1.2
1580	-1.188044	879.887324	2.724350	0.003530	1.2
1581	-1.169343	880.039152	2.723891	0.005091	1.2
1582	-1.191777	880.125132	2.723631	0.001548	1.5
1583	-1.177901	880.094799	2.723723	0.009224	2.2
1584	-1.215643	880.342372	2.722975	0.006426	1.3
1585	-1.169829	881.331897	2.719988	0.008528	1.7
1586	-1.217725	882.328987	2.716986	0.004779	1.7
1587	-1.254455	882.508184	2.716447	0.005029	1.6
1588	-1.182748	882.953729	2.715108	0.004953	1.5
1589	-1.186272	882.936657	2.715160	0.008875	1.4
1590	-1.212383	883.926109	2.712191	0.006400	1.3
1591	-1.181097	883.879241	2.712331	0.012035	1.2
1592	-1.206369	884.879209	2.709337	0.007665	1.3
1593	-1.192353	885.879209	2.706350	0.009213	1.3
1594	-1.176982	886.875789	2.703379	0.006035	1.3
1595	-1.187824	887.875424	2.700406	0.002448	1.6
1596	-1.223129	887.875127	2.700407	0.004377	1.7
1597	-1.206706	887.879060	2.700395	0.005711	1.4
1598	-1.197564	887.879311	2.700394	0.007213	1.6
1599	-1.188628	888.874692	2.697440	0.007710	1.3
1600	-1.212502	889.403972	2.695872	0.004097	1.6
1601	-1.244625	890.335768	2.693115	0.004213	1.4
1602	-1.248190	890.400348	2.692925	0.007809	1.5
1603	-1.191592	891.326292	2.690191	0.002812	1.3
1604	-1.199164	891.289847	2.690299	0.002823	1.3
1605	-1.177414	891.319085	2.690213	0.008863	1.2
1606	-1.188620	891.440835	2.689854	0.003890	1.4
1607	-1.188000	891.394706	2.689990	0.007326	1.4
1608	-1.189707	891.981664	2.688260	0.006769	1.3
1609	-1.239543	892.979965	2.685324	0.002187	1.5
1610	-1.217371	893.101513	2.684967	0.004427	1.2
1611	-1.193751	893.077363	2.685038	0.006687	1.4
1612	-1.193405	893.243436	2.684550	0.009429	1.3
1613	-1.188168	894.239789	2.681628	0.003667	1.3
1614	-1.220469	894.193075	2.681765	0.012703	1.2
1615	-1.199190	895.172815	2.678897	0.003067	1.2
1616	-1.184242	895.321802	2.678461	0.005006	1.4
1617	-1.238741	895.296537	2.678535	0.005955	1.3
1618	-1.193702	895.259335	2.678644	0.005878	1.5
1619	-1.206388	895.732813	2.677260	0.010631	1.4
1620	-1.172214	896.732777	2.674343	0.008126	1.6
1621	-1.188494	896.687167	2.674476	0.012155	1.4
1622	-1.190767	897.456990	2.672234	0.008106	1.2
1623	-1.185874	898.456990	2.669328	0.003958	1.3
1624	-1.202960	898.429798	2.669407	0.010107	1.3
1625	-1.210312	899.373611	2.666670	0.006571	1.3
1626	-1.240113	900.369754	2.663787	0.003169	1.2
1627	-1.156767	900.324194	2.663918	0.005624	1.3
1628	-1.215377	900.287221	2.664025	0.003458	1.3
1629	-1.190153	900.242376	2.664155	0.008625	1.4
1630	-1.191282	901.178369	2.661451	0.008198	1.5
1631	-1.199778	902.177145	2.658571	0.004044	1.2
1632	-1.240191	902.527129	2.657564	0.004969	1.2
1633	-1.181027	902.573768	2.657430	0.007261	1.3
1634	-1.196080	903.060482	2.656030	0.005094	1.2
1635	-1.163436	903.441585	2.654935	0.005382	1.2
1636	-1.208000	903.687538	2.654229	0.002660	1.3
1637	-1.194377	904.062029	2.653154	0.002371	1.3
1638	-1.205378	904.043952	2.653206	0.004150	1.8
1639	-1.245995	904.083453	2.653093	0.003125	1.4
1640	-1.218781	904.162215	2.652867	0.005339	1.4
1641	-1.232681	904.280789	2.652527	0.006996	1.3
1642	-1.224151	905.227747	2.649815	0.001478	1.4
1643	-1.175547	905.297020	2.649617	0.002993	1.3
1644	-1.204703	905.333976	2.649511	0.006340	1.3
1645	-1.225815	905.315354	2.649565	0.006852	1.3
1646	-1.199298	906.282573	2.646801	0.003138	1.3
1647	-1.218799	906.472885	2.646258	0.005370	1.3
1648	-1.217343	906.436770	2.646361	0.006369	1.3
1649	-1.213219	906.526012	2.646106	0.006010	1.3
1650	-1.233047	906.479240	2.646240	0.006011	1.5
1651	-1.208525	907.438283	2.643506	0.009947	1.3
1652	-1.187069	907.966374	2.642003	0.003579	1.3
1653	-1.220637	907.924464	2.642123	0.005535	1.4
1654	-1.185904	908.044295	2.641782	0.003927	2.1
1655	-1.219960	908.088574	2.641656	0.004329	1.3
1656	-1.240043	908.095380	2.641637	0.006848	1.3
1657	-1.200451	908.701343	2.639915	0.006352	1.2
1658	-1.213949	909.606843	2.637346	0.007646	1.3
1659	-1.205991	910.376899	2.635166	0.006003	1.2
1660	-1.224301	910.882554	2.633736	0.004101	1.6
1661	-1.214780	910.838223	2.633861	0.006529	1.3
1662	-1.189964	911.346381	2.632425	0.004050	1.3
1663	-1.241345	911.300016	2.632556	0.005409	2.4
1664	-1.203084	911.868039	2.630953	0.007472	1.6
1665	-1.185081	911.841006	2.631030	0.003283	1.2
1666	-1.225750	912.332437	2.629644	0.003361	1.3
1667	-1.208743	912.303463	2.629726	0.009394	1.3
1668	-1.200142	912.758261	2.628445	0.004541	1.2
1669	-1.216143	913.750851	2.625654	0.004399	1.3
1670	-1.194325	913.723457	2.625731	0.003912	1.4
1671	-1.228870	913.681433	2.625849	0.006866	1.3
1672	-1.189007	914.536655	2.623449	0.007814	1.9
1673	-1.221704	914.959906	2.622262	0.004417	1.5
1674	-1.212239	915.840035	2.619799	0.004427	1.3
1675	-1.245228	915.812301	2.619876	0.006829	1.3
1676	-1.181841	916.370309	2.618317	0.005547	1.4
1677	-1.234700	916.640741	2.617562	0.007468	1.6
1678	-1.199546	916.595065	2.617689	0.009713	1.3
1679	-1.206379	917.205053	2.615987	0.009726	1.4
1680	-1.220667	918.204912	2.613202	0.009266	1.4
1681	-1.184875	919.204911	2.610423	0.006872	1.3
1682	-1.220454	920.189640	2.607692	0.007646	1.3
1683	-1.221604	920.881499	2.605776	0.003586	1.5
1684	-1.230366	920.841647	2.605886	0.006226	1.3
1685	-1.254452	921.579514	2.603846	0.005186	1.3
1686	-1.182735	922.549643	2.601169	0.005614	1.3
1687	-1.185246	922.503721	2.601296	0.003268	1.5
1688	-1.228939	922.714507	2.600715	0.004080	1.3
1689	-1.216831	922.891155	2.600228	0.002993	1.2
1690	-1.209757	923.148198	2.599520	0.011497	1.6
1691	-1.170783	923.102130	2.599647	0.009490	1.3
1692	-1.225205	924.102130	2.596896	0.005384	1.2
1693	-1.186849	925.098988	2.594160	0.006430	1.2
1694	-1.187295	925.057634	2.594274	0.004070	1.4
1695	-1.194483	925.825468	2.592170	0.006946	1.3
1696	-1.229065	925.780426	2.592293	0.005907	1.3
1697	-1.221088	926.758275	2.589619	0.005741	1.3
1698	-1.208982	926.712120	2.589745	0.007028	1.3
1699	-1.194900	927.626829	2.587247	0.006518	1.2
1700	-1.224389	927.580543	2.587374	0.004584	1.3
1701	-1.179663	927.980043	2.586284	0.005384	1.2
1702	-1.209685	927.934862	2.586408	0.005243	1.2
1703	-1.177063	928.823975	2.583987	0.005714	1.2
1704	-1.193646	929.076275	2.583300	0.007205	1.2
1705	-1.194022	929.097419	2.583243	0.007236	1.4
1706	-1.215379	930.069485	2.580603	0.004848	1.2
1707	-1.202432	930.023916	2.580726	0.007487	1.5
1708	-1.197022	930.681599	2.578943	0.009686	1.4
1709	-1.188634	931.655989	2.576305	0.005904	1.3
1710	-1.235427	931.816760	2.575870	0.002566	1.2
1711	-1.214882	931.962170	2.575477	0.009676	1.2
1712	-1.207905	932.100234	2.575104	0.006024	1.3
1713	-1.243090	933.098748	2.572409	0.008213	1.2
1714	-1.209164	933.464037	2.571425	0.002331	1.2
1715	-1.200122	933.432788	2.571509	0.007813	1.5
1716	-1.216676	933.490837	2.571352	0.005236	1.2
1717	-1.196871	934.472337	2.568711	0.005265	1.2
1718	-1.230057	934.759044	2.567941	0.005873	1.5
1719	-1.186239	934.742591	2.567985	0.004320	1.2
1720	-1.162698	934.749523	2.567966	0.003581	1.4
1721	-1.229339	935.108381	2.567002	0.006611	1.3
1722	-1.199041	935.081604	2.567074	0.007577	1.3
1723	-1.212130	936.078949	2.564399	0.005703	1.3
1724	-1.211360	936.752496	2.562596	0.004672	1.3
1725	-1.196329	936.715226	2.562695	0.002788	1.2
1726	-1.200153	936.674751	2.562804	0.010738	1.3
1727	-1.206627	937.087772	2.561699	0.008314	1.3
1728	-1.213513	938.087536	2.559029	0.002739	1.5
1729	-1.225068	938.062915	2.559094	0.005349	1.3
1730	-1.254598	938.033294	2.559173	0.005957	1.6
1731	-1.208312	938.739782	2.557289	0.006087	1.5
1732	-1.213119	939.116380	2.556286	0.004567	1.3
1733	-1.229038	939.739175	2.554629	0.005706	1.6
1734	-1.207675	939.749153	2.554603	0.005099	1.3
1735	-1.200305	940.183913	2.553447	0.004788	1.3
1736	-1.234427	940.141811	2.553559	0.003131	1.3
1737	-1.212188	940.164395	2.553499	0.006344	1.2
1738	-1.185544	940.169289	2.553486	0.003011	1.3
1739	-1.205099	940.662937	2.552175	0.003390	1.2
1740	-1.226268	940.734232	2.551986	0.006518	1.3
1741	-1.217614	940.688877	2.552106	0.009273	1.3
1742	-1.221522	941.688219	2.549457	0.006170	1.3
1743	-1.229460	942.688144	2.546812	0.004329	1.3
1744	-1.209981	942.646372	2.546922	0.007634	1.5
1745	-1.217360	943.435551	2.544838	0.006218	1.6
1746	-1.160741	944.431620	2.542213	0.002208	1.4
1747	-1.193444	944.479526	2.542086	0.002970	1.9
1748	-1.243021	944.541464	2.541923	0.006729	1.3
1749	-1.209483	944.651192	2.541634	0.007112	1.3
1750	-1.196921	945.646371	2.539018	0.004916	1.2
1751	-1.205159	945.861892	2.538452	0.001734	1.4
1752	-1.209638	945.848108	2.538488	0.003734	1.5
1753	-1.198600	945.823428	2.538553	0.009122	1.2
1754	-1.189326	946.771336	2.536066	0.008297	1.3
1755	-1.195609	947.771308	2.533449	0.012895	1.4
1756	-1.194660	948.771181	2.530837	0.007866	1.3
1757	-1.231907	949.771181	2.528230	0.003853	1.2
1758	-1.218097	949.966354	2.527721	0.008023	1.3
1759	-1.214158	950.173420	2.527182	0.005192	1.2
1760	-1.210888	951.163851	2.524608	0.006099	1.3
1761	-1.208887	951.303814	2.524244	0.003296	1.3
1762	-1.183941	951.639701	2.523373	0.003283	1.2
1763	-1.189002	951.726779	2.523147	0.004759	1.2
1764	-1.213013	952.206601	2.521903	0.004886	1.4
1765	-1.231333	952.878722	2.520162	0.006506	1.6
1766	-1.217051	953.831824	2.517698	0.004701	1.4
1767	-1.200524	953.786523	2.517815	0.006677	1.4
1768	-1.213798	953.774230	2.517847	0.004333	1.2
1769	-1.206938	954.020049	2.517212	0.008295	1.5
1770	-1.223884	954.732883	2.515373	0.007084	1.3
1771	-1.228340	954.686269	2.515493	0.009162	1.6
1772	-1.242543	955.589152	2.513168	0.006231	1.3
1773	-1.205590	956.587592	2.510601	0.003716	1.2
1774	-1.228483	956.543950	2.510713	0.005203	1.2
1775	-1.184206	956.889385	2.509826	0.004658	1.2
1776	-1.222627	956.959505	2.509646	0.007647	1.2
1777	-1.215318	957.836371	2.507398	0.003373	1.2
1778	-1.252543	958.089852	2.506749	0.011539	1.2
1779	-1.179914	958.043115	2.506869	0.003242	1.4
1780	-1.189558	958.132201	2.506640	0.006251	1.2
1781	-1.223579	958.136852	2.506629	0.006138	1.3
1782	-1.196867	958.090295	2.506748	0.009535	1.3
1783	-1.193023	959.082317	2.504210	0.002745	1.3
1784	-1.212689	959.207965	2.503889	0.004478	1.3
1785	-1.196621	959.291867	2.503675	0.004930	1.3
1786	-1.225322	959.360013	2.503501	0.004577	1.3
1787	-1.193024	959.834222	2.502291	0.004265	1.2
1788	-1.209051	959.876016	2.502184	0.004323	1.3
1789	-1.240123	959.886540	2.502157	0.003130	1.3
1790	-1.220725	959.938066	2.502026	0.012235	1.2
1791	-1.233598	960.378282	2.500903	0.006247	1.2
1792	-1.199309	961.378275	2.498358	0.002523	1.3
1793	-1.206771	961.408788	2.498280	0.008992	1.3
1794	-1.216270	961.639481	2.497694	0.005058	1.3
1795	-1.202470	961.593619	2.497810	0.006375	1.2
1796	-1.241130	962.423545	2.495702	0.003345	1.3
1797	-1.207054	962.383628	2.495804	0.010990	1.3
1798	-1.211369	962.830743	2.494669	0.006247	1.2
1799	-1.193281	963.828394	2.492142	0.005586	1.9
1800	-1.211395	963.781755	2.492260	0.003765	1.4
1801	-1.229935	963.782781	2.492258	0.003621	1.3
1802	-1.184308	963.851999	2.492082	0.002876	1.4
1803	-1.227795	963.863079	2.492054	0.006851	1.2
1804	-1.196684	964.355124	2.490810	0.004773	1.2
1805	-1.210013	964.979980	2.489231	0.005091	1.3
1806	-1.175983	965.287134	2.488456	0.003058	1.3
1807	-1.190752	965.306735	2.488407	0.007046	5.2
1808	-1.203893	965.929642	2.486836	0.001729	2.0
1809	-1.211657	965.919045	2.486863	0.005397	2.1
1810	-1.210676	965.980375	2.486708	0.003710	1.5
1811	-1.190917	966.239320	2.486056	0.002882	1.5
1812	-1.192648	966.291544	2.485925	0.005929	1.7
1813	-1.193289	966.253480	2.486020	0.006516	1.3
1814	-1.197269	966.951745	2.484263	0.004334	1.3
1815	-1.211382	966.928319	2.484322	0.002272	1.3
1816	-1.209750	966.967403	2.484224	0.005771	1.3
1817	-1.204410	966.926908	2.484326	0.007646	1.4
1818	-1.218195	966.970556	2.484216	0.003606	1.2
1819	-1.217977	967.207879	2.483620	0.006135	1.2
1820	-1.200877	967.164042	2.483730	0.003286	1.4
1821	-1.236059	967.161210	2.483737	0.006819	1.2
1822	-1.188996	967.241717	2.483534	0.003616	1.3
1823	-1.218300	967.467805	2.482966	0.004898	1.6
1824	-1.202769	967.464284	2.482975	0.007033	1.3
1825	-1.230119	968.433164	2.480544	0.005106	1.2
1826	-1.207092	969.376222	2.478182	0.002509	1.4
1827	-1.220152	969.409437	2.478099	0.004904	1.4
1828	-1.214068	969.380533	2.478171	0.006623	1.2
1829	-1.197120	969.337183	2.478280	0.004072	1.3
1830	-1.207460	969.394586	2.478136	0.003177	1.3
1831	-1.203205	969.469689	2.477948	0.004359	1.3
1832	-1.247135	969.582955	2.477665	0.002387	1.4
1833	-1.239177	969.753483	2.477238	0.010913	1.3
1834	-1.223296	969.927270	2.476804	0.006814	1.2
1835	-1.172634	970.901789	2.474370	0.004045	1.5
1836	-1.220317	971.575036	2.472692	0.003040	1.3
1837	-1.202854	971.669935	2.472456	0.004818	1.3
1838	-1.195408	971.688875	2.472408	0.005473	1.4
1839	-1.212690	971.734591	2.472295	0.009245	1.2
1840	-1.185708	972.524123	2.470330	0.003024	1.2
1841	-1.213349	973.343368	2.468295	0.003338	1.2
1842	-1.207021	973.378719	2.468207	0.005542	1.3
1843	-1.204079	973.768185	2.467241	0.008821	1.3
1844	-1.207021	974.711153	2.464904	0.004138	1.3
1845	-1.227876	975.420039	2.463150	0.004771	1.5
1846	-1.258927	975.379652	2.463250	0.004987	1.3
1847	-1.210693	976.058593	2.461573	0.004044	1.6
1848	-1.168641	976.239023	2.461127	0.006319	1.2
1849	-1.240686	976.215774	2.461185	0.005543	1.3
1850	-1.162565	976.825703	2.459680	0.005696	1.3
1851	-1.204164	976.779525	2.459794	0.008931	1.2
1852	-1.199639	977.709448	2.457504	0.007993	1.3
1853	-1.179466	978.709407	2.455046	0.008574	1.2
1854	-1.217825	979.708953	2.452594	0.005334	1.2
1855	-1.210050	980.706722	2.450151	0.002742	1.2
1856	-1.219620	980.676502	2.450225	0.005829	1.2
1857	-1.185166	980.639635	2.450315	0.006283	1.3
1858	-1.217160	981.629724	2.447895	0.004180	1.5
1859	-1.205650	981.671802	2.447792	0.003119	1.2
1860	-1.225240	981.744916	2.447614	0.004859	1.2
1861	-1.259997	981.762368	2.447571	0.003759	1.2
1862	-1.243256	981.723156	2.447667	0.007111	1.4
1863	-1.176585	982.183396	2.446544	0.007700	1.3
1864	-1.201790	983.182620	2.444110	0.005339	1.3
1865	-1.230046	983.136045	2.444223	0.010360	1.4
1866	-1.217483	983.160211	2.444164	0.009215	1.2
1867	-1.262056	984.160142	2.441733	0.003108	1.2
1868	-1.198776	984.228142	2.441568	0.005222	1.3
1869	-1.218980	984.194386	2.441649	0.005839	1.4
1870	-1.194833	984.151971	2.441753	0.006345	1.7
1871	-1.220341	984.479490	2.440957	0.005165	1.2
1872	-1.210351	984.890655	2.439959	0.004424	1.4
1873	-1.190785	984.861704	2.440030	0.005260	1.3
1874	-1.165063	985.060539	2.439547	0.005518	1.3
1875	-1.201014	985.794435	2.437769	0.004269	1.5
1876	-1.207170	985.755461	2.437863	0.009869	1.3
1877	-1.189584	986.744571	2.435471	0.005379	1.3
1878	-1.213715	987.744097	2.433057	0.002897	1.2
1879	-1.210566	987.708836	2.433143	0.002577	1.3
1880	-1.197764	987.747349	2.433050	0.005116	1.3
1881	-1.213889	987.712753	2.433133	0.005061	1.3
1882	-1.200299	988.207721	2.431940	0.002774	1.3
1883	-1.211934	988.203308	2.431950	0.004208	1.2
1884	-1.210659	988.194619	2.431971	0.014724	1.3
1885	-1.244572	988.411587	2.431449	0.006545	1.3
1886	-1.223287	989.411587	2.429042	0.003669	1.2
1887	-1.217713	989.425990	2.429008	0.003961	1.4
1888	-1.182269	989.413731	2.429037	0.003562	1.4
1889	-1.208050	989.423703	2.429013	0.004641	1.7
1890	-1.234345	989.647168	2.428476	0.004732	1.3
1891	-1.215470	990.261807	2.427000	0.003841	1.3
1892	-1.199465	990.246544	2.427037	0.006576	1.3
1893	-1.189415	990.554317	2.426298	0.003538	1.3
1894	-1.219084	990.522606	2.426374	0.004812	1.3
1895	-1.202173	990.807148	2.425692	0.002374	1.3
1896	-1.210403	990.900097	2.425469	0.004216	1.4
1897	-1.242415	990.897601	2.425475	0.010289	1.4
1898	-1.223154	991.831651	2.423238	0.007060	1.3
1899	-1.206121	992.831636	2.420848	0.005097	1.2
1900	-1.209940	992.784870	2.420960	0.004702	1.4
1901	-1.200336	993.632231	2.418938	0.005089	1.2
1902	-1.189936	994.163333	2.417672	0.006506	1.3
1903	-1.230272	994.860321	2.416014	0.003790	1.2
1904	-1.231536	994.824398	2.416099	0.008259	1.2
1905	-1.215737	994.815571	2.416120	0.003516	1.4
1906	-1.194562	995.552888	2.414368	0.003100	1.3
1907	-1.222058	995.535780	2.414408	0.004123	1.3
1908	-1.200315	995.535307	2.414409	0.004004	1.3
1909	-1.263230	995.750765	2.413898	0.004167	1.3
1910	-1.194417	995.867173	2.413621	0.004094	1.2
1911	-1.226558	995.917276	2.413502	0.002645	1.3
1912	-1.228360	995.935161	2.413460	0.004362	1.3
1913	-1.229593	995.963223	2.413393	0.004778	1.2
1914	-1.195995	996.123754	2.413013	0.008524	1.2
1915	-1.255748	996.080725	2.413115	0.005459	1.3
1916	-1.207447	997.076824	2.410754	0.002112	1.2
1917	-1.203306	997.044190	2.410831	0.003774	1.2
1918	-1.210420	997.015804	2.410898	0.004088	1.3
1919	-1.222871	997.105773	2.410685	0.003553	1.5
1920	-1.220377	997.191689	2.410482	0.003635	1.2
1921	-1.202915	997.288969	2.410251	0.004546	1.2
1922	-1.255284	997.395071	2.410000	0.007210	1.2
1923	-1.196877	997.348764	2.410110	0.005536	1.2
1924	-1.202535	998.186232	2.408129	0.006315	1.2
1925	-1.199181	998.489566	2.407413	0.005783	1.3
1926	-1.227587	998.446169	2.407515	0.003874	1.2
1927	-1.224137	998.492513	2.407406	0.005002	1.3
1928	-1.225350	998.462196	2.407478	0.003108	1.3
1929	-1.207831	998.417860	2.407582	0.002949	1.2
1930	-1.224006	998.444333	2.407520	0.005092	1.3
1931	-1.178922	998.428648	2.407557	0.003364	1.2
1932	-1.241216	998.592246	2.407170	0.004323	1.2
1933	-1.205438	998.555186	2.407258	0.009139	1.3
1934	-1.214909	999.172485	2.405801	0.006037	1.3
1935	-1.226211	1000.164035	2.403465	0.003598	1.3
1936	-1.203518	1000.438600	2.402819	0.006210	1.3
1937	-1.213993	1000.706076	2.402190	0.003391	1.2
1938	-1.162066	1001.171529	2.401096	0.003980	1.3
1939	-1.173126	1001.188185	2.401057	0.004927	1.3
1940	-1.218468	1001.277033	2.400849	0.004668	1.3
1941	-1.192033	1001.375913	2.400616	0.008143	1.2
1942	-1.190885	1002.227000	2.398620	0.003789	1.3
1943	-1.196055	1002.912122	2.397015	0.004169	1.3
1944	-1.220950	1002.872700	2.397107	0.004489	1.2
1945	-1.226039	1002.839422	2.397185	0.009225	1.3
1946	-1.218489	1003.825396	2.394879	0.004746	1.2
1947	-1.192469	1004.762944	2.392690	0.003087	1.2
1948	-1.193613	1004.726442	2.392775	0.009106	1.2
1949	-1.191458	1004.701925	2.392832	0.006792	1.7
1950	-1.210689	1005.701717	2.390502	0.005000	1.3
1951	-1.212081	1005.702383	2.390500	0.005592	5.3
1952	-1.209284	1005.657059	2.390606	0.010928	2.1
1953	-1.219468	1006.656924	2.388280	0.008786	1.3
1954	-1.198280	1007.656924	2.385958	0.002427	1.2
1955	-1.209461	1007.649855	2.385975	0.004626	1.3
1956	-1.232531	1007.734305	2.385779	0.001757	1.5
1957	-1.186028	1007.757614	2.385725	0.005189	1.3
1958	-1.201091	1007.747342	2.385748	0.004752	1.2
1959	-1.215998	1008.370954	2.384303	0.003674	1.2
1960	-1.183560	1008.505724	2.383991	0.004931	1.6
1961	-1.205279	1009.074999	2.382673	0.003115	1.6
1962	-1.164731	1009.034765	2.382767	0.004860	1.2
1963	-1.199608	1009.181550	2.382427	0.004394	1.3
1964	-1.205592	1009.568585	2.381532	0.005493	1.3
1965	-1.204636	1009.600904	2.381458	0.002296	1.3
1966	-1.197850	1009.584909	2.381495	0.006731	1.2
1967	-1.222411	1009.845269	2.380893	0.006894	1.3
1968	-1.183712	1009.878837	2.380816	0.009450	2.8
1969	-1.206057	1010.878361	2.378509	0.009928	1.5
1970	-1.209739	1011.786020	2.376419	0.006859	1.3
1971	-1.224682	1012.757294	2.374186	0.004969	1.7
1972	-1.174175	1012.805845	2.374075	0.005863	1.6
1973	-1.182018	1012.925902	2.373799	0.005973	1.3
1974	-1.213395	1013.209009	2.373149	0.002896	1.4
1975	-1.212808	1013.166399	2.373247	0.005295	1.2
1976	-1.178375	1013.424683	2.372654	0.005700	1.3
1977	-1.211622	1013.428913	2.372645	0.007128	1.4
1978	-1.193226	1014.393010	2.370436	0.003467	1.2
1979	-1.211989	1014.785318	2.369538	0.007221	1.3
1980	-1.201977	1015.039650	2.368956	0.007037	1.3
1981	-1.182118	1016.035432	2.366681	0.004032	1.3
1982	-1.235216	1016.221276	2.366257	0.005296	1.3
1983	-1.196622	1016.445925	2.365745	0.004334	1.2
1984	-1.200330	1016.453729	2.365727	0.003630	1.2
1985	-1.201431	1016.577453	2.365445	0.003995	1.3
1986	-1.242775	1016.568564	2.365465	0.005380	1.6
1987	-1.186768	1016.911867	2.364683	0.007940	1.2
1988	-1.231004	1017.870606	2.362501	0.002651	1.2
1989	-1.145401	1018.092035	2.361997	0.003633	1.2
1990	-1.227908	1018.142361	2.361883	0.007472	1.4
1991	-1.146321	1018.643145	2.360745	0.004670	1.5
1992	-1.209852	1018.602964	2.360836	0.007744	1.2
1993	-1.181562	1019.342468	2.359158	0.005028	1.4
1994	-1.200529	1019.632576	2.358500	0.006777	1.4
1995	-1.221410	1019.588178	2.358601	0.004365	1.2
1996	-1.229417	1020.425903	2.356704	0.003539	1.3
1997	-1.229731	1020.404264	2.356753	0.005027	1.3
1998	-1.227131	1020.499311	2.356538	0.005921	1.3
1999	-1.208892	1020.840354	2.355766	0.003036	1.2
