1:ItNr	2:Metric	3a:Time	3b:StepSize	4:||Gradient||	Time[ms]
0	-0.606224	0.000000	469.559844	0.006261	2032.3
1	-0.597551	0.000000	469.559844	0.011961	16.3
2	-0.554911	1.000000	448.216215	0.013786	3.5
3	-0.593371	2.000000	428.728553	0.014019	13.0
4	-0.579596	3.000000	410.864863	0.011791	2.5
5	-0.608937	4.000000	394.430269	0.007348	6.2
6	-0.594818	5.000000	379.259874	0.009600	7.0
7	-0.595275	6.000000	365.213212	0.008192	15.1
8	-0.598799	6.999999	352.169891	0.007898	7.6
9	-0.577044	7.999999	340.026101	0.008558	5.6
10	-0.579838	8.999999	328.691897	0.017534	7.2
11	-0.562208	9.999999	318.088933	0.016777	6.1
12	-0.597205	10.999999	308.148653	0.008412	7.0
13	-0.593678	11.999999	298.810815	0.003319	6.4
14	-0.591762	12.890670	290.957853	0.006205	11.3
15	-0.583234	13.884299	282.670343	0.008253	13.4
16	-0.615346	14.884299	274.793072	0.005479	7.1
17	-0.607093	14.581314	277.133008	0.009420	12.3
18	-0.595519	15.569217	269.646376	0.015808	6.5
19	-0.570375	16.569217	262.469053	0.011659	6.0
20	-0.579345	17.569217	255.663910	0.012714	6.4
21	-0.619317	17.260324	257.727995	0.006814	6.5
22	-0.599267	18.260324	251.163404	0.006591	6.9
23	-0.612873	17.952292	253.149592	0.007260	6.0
24	-0.610254	18.037970	252.593993	0.017373	12.8
25	-0.575158	19.037970	246.285132	0.013127	4.9
26	-0.588952	20.037970	240.283735	0.005340	11.8
27	-0.600279	19.773970	241.839503	0.007682	6.7
28	-0.577088	19.471084	243.649435	0.012354	6.0
29	-0.569947	20.471084	237.774270	0.006001	5.9
30	-0.600449	21.471084	232.175773	0.009023	5.9
31	-0.624347	22.460831	226.888363	0.010873	7.9
32	-0.611269	22.151938	228.512486	0.006582	6.0
33	-0.584941	23.151938	223.336892	0.012321	6.5
34	-0.634514	22.848446	224.882693	0.004155	6.1
35	-0.611258	23.697241	220.612203	0.004155	15.1
36	-0.607698	24.687407	215.830955	0.003351	2.0
37	-0.611517	25.147431	213.679431	0.009469	6.3
38	-0.577593	26.131721	209.216990	0.007579	9.4
39	-0.584671	27.131719	204.870236	0.007399	11.2
40	-0.604168	28.087108	200.882819	0.007564	8.6
41	-0.586979	29.087108	196.872150	0.007199	5.8
42	-0.571852	30.087108	193.018494	0.013867	11.1
43	-0.595178	29.778216	194.192657	0.011414	6.8
44	-0.600145	30.778216	190.442187	0.010569	6.3
45	-0.633151	31.778216	186.833838	0.006369	6.0
46	-0.574470	32.778216	183.359684	0.005565	6.1
47	-0.589705	33.763747	180.059935	0.005902	6.2
48	-0.611684	33.460060	181.064007	0.009890	5.7
49	-0.605717	34.459966	177.799546	0.008881	9.5
50	-0.593928	35.459966	174.650420	0.007563	16.4
51	-0.602283	36.459966	171.610905	0.004501	3.7
52	-0.630529	36.254598	172.226460	0.007941	15.7
53	-0.620668	37.252011	169.277533	0.009959	2.6
54	-0.614704	38.252011	166.420625	0.011311	2.6
55	-0.616862	39.252011	163.658549	0.005751	9.6
56	-0.594833	40.252011	160.986662	0.010264	7.7
57	-0.579866	41.252011	158.400614	0.010768	6.0
58	-0.583231	42.096514	156.280531	0.008018	9.9
59	-0.592645	43.096514	153.842325	0.008853	11.7
60	-0.611637	42.787622	154.587306	0.010009	4.2
61	-0.593206	43.787622	152.201244	0.009758	6.1
62	-0.616789	44.787622	149.887720	0.006536	9.5
63	-0.622116	45.787585	147.643558	0.007354	7.7
64	-0.596061	45.478728	148.329503	0.004575	7.9
65	-0.605350	46.148674	146.849612	0.004017	7.9
66	-0.582645	46.633831	145.796216	0.007285	6.1
67	-0.595638	46.324947	146.465125	0.005820	6.2
68	-0.636741	47.324947	144.321470	0.006276	8.0
69	-0.588825	47.068431	144.865345	0.004768	11.3
70	-0.619537	48.048256	142.809642	0.006672	6.2
71	-0.628783	47.740631	143.448737	0.007349	6.1
72	-0.596404	47.431739	144.096246	0.006375	5.9
73	-0.602963	47.512057	143.927321	0.010371	12.6
74	-0.620683	48.511811	141.857284	0.007195	8.9
75	-0.585465	48.202926	142.490459	0.005569	6.2
76	-0.596755	49.202926	140.460765	0.004179	9.8
77	-0.608001	49.630753	139.609962	0.004549	7.4
78	-0.586504	49.588422	139.693684	0.008053	7.1
79	-0.601176	49.279550	140.307624	0.007428	11.3
80	-0.600059	50.279550	138.339211	0.007335	9.4
81	-0.569980	51.273211	136.437231	0.007906	7.3
82	-0.598189	52.273211	134.575197	0.005517	8.0
83	-0.598968	52.417245	134.311179	0.004267	11.1
84	-0.568447	52.112736	134.870575	0.011843	6.4
85	-0.607995	53.112736	133.050772	0.011733	6.3
86	-0.597076	54.112736	131.279424	0.005573	8.0
87	-0.603936	55.112736	129.554622	0.008452	7.9
88	-0.587876	55.495095	128.907046	0.009391	11.8
89	-0.597078	56.495095	127.243624	0.005465	6.5
90	-0.595645	56.186203	127.752842	0.004414	9.4
91	-0.596654	57.186189	126.118907	0.009057	10.6
92	-0.606812	58.186188	124.526221	0.004725	5.4
93	-0.605453	59.186188	122.973258	0.015277	10.7
94	-0.606753	58.877295	123.448806	0.013929	5.9
95	-0.606020	59.877295	121.922434	0.011352	9.4
96	-0.599756	60.877295	120.433347	0.003103	6.5
97	-0.579748	61.296414	119.820005	0.005613	11.0
98	-0.592279	61.100068	120.106560	0.005906	9.2
99	-0.601415	60.864538	120.452115	0.009945	11.7
100	-0.571455	60.555646	120.908327	0.005047	6.5
101	-0.622865	61.555646	119.443760	0.008040	6.2
102	-0.576999	61.649379	119.308298	0.008334	10.6
103	-0.579514	62.649379	117.882008	0.007059	11.3
104	-0.616768	62.425484	118.198375	0.004408	6.0
105	-0.595986	63.092258	117.261172	0.003918	6.5
106	-0.602899	63.904300	116.139663	0.007152	6.3
107	-0.579500	64.899804	114.793704	0.006729	9.5
108	-0.626851	65.899800	113.472721	0.005997	11.1
109	-0.613388	65.590909	113.877506	0.006610	6.5
110	-0.612884	65.282017	114.285190	0.012818	13.5
111	-0.591624	66.282017	112.975812	0.005419	12.2
112	-0.600199	67.266491	111.715744	0.004993	2.7
113	-0.614666	67.504597	111.415192	0.007282	11.4
114	-0.593102	68.504582	110.170413	0.008888	8.5
115	-0.600647	68.230027	110.509399	0.013782	6.8
116	-0.615452	69.230027	109.284647	0.008355	9.1
117	-0.587059	68.946210	109.629486	0.004977	7.9
118	-0.591413	68.638740	110.005526	0.004921	6.6
119	-0.600147	69.637009	108.793933	0.009618	9.4
120	-0.600768	69.328253	109.165808	0.009017	11.5
121	-0.592275	70.328253	107.970496	0.008454	7.7
122	-0.625962	70.027778	108.326897	0.008196	8.6
123	-0.600158	71.027778	107.149786	0.004020	7.4
124	-0.606812	70.718886	107.510646	0.005084	6.6
125	-0.585657	70.418482	107.863930	0.008415	6.6
126	-0.607541	71.400964	106.717033	0.004879	5.8
127	-0.561700	72.400234	105.575289	0.004199	11.4
128	-0.623874	73.108490	104.780734	0.003068	9.7
129	-0.602778	73.194471	104.685091	0.005708	7.9
130	-0.624236	74.189949	103.590314	0.008195	8.1
131	-0.587763	73.881057	103.927560	0.011812	6.2
132	-0.591760	74.881057	102.843638	0.009323	5.8
133	-0.616998	74.572165	103.176032	0.010623	11.3
134	-0.583966	75.572165	102.107649	0.002112	6.7
135	-0.596939	75.264838	102.433630	0.002979	5.8
136	-0.571623	75.966106	101.692820	0.008205	6.2
137	-0.614386	76.285148	101.359323	0.004477	11.0
138	-0.610436	75.976275	101.682156	0.004796	6.3
139	-0.595479	75.667642	102.006799	0.005710	7.9
140	-0.609043	75.359322	102.333189	0.008214	8.0
141	-0.606682	75.050921	102.661761	0.007156	7.9
142	-0.611617	74.742035	102.992972	0.006159	6.0
143	-0.599083	75.742035	101.928357	0.008285	6.1
144	-0.584468	76.431994	101.206558	0.004209	10.9
145	-0.603438	76.123102	101.528437	0.008454	12.0
146	-0.613724	77.093007	100.524564	0.005796	7.6
147	-0.576409	76.817731	100.807457	0.005186	6.1
148	-0.616057	76.508861	101.126776	0.009969	6.6
149	-0.628441	76.199969	101.448147	0.009548	11.2
150	-0.607998	75.891077	101.771567	0.004720	6.4
151	-0.605231	76.707159	100.921538	0.009115	5.8
152	-0.592134	77.707159	99.899104	0.005611	5.7
153	-0.607119	77.398267	100.212708	0.006400	6.7
154	-0.632609	77.098070	100.519375	0.006377	5.9
155	-0.620388	76.850414	100.773787	0.011075	5.9
156	-0.599573	77.850413	99.754330	0.004436	6.9
157	-0.590167	77.545856	100.062622	0.005289	5.9
158	-0.607883	77.237208	100.377005	0.005327	5.8
159	-0.608980	77.245728	100.368301	0.007380	5.7
160	-0.612788	76.936835	100.684862	0.011719	11.2
161	-0.600889	77.087899	100.529798	0.005838	7.8
162	-0.605243	78.087899	99.515247	0.004644	3.6
163	-0.614394	79.077868	98.530843	0.008233	6.5
164	-0.600391	80.072964	97.560776	0.010253	5.9
165	-0.587543	79.764071	97.859848	0.011582	9.1
166	-0.594386	80.764071	96.898213	0.009123	11.4
167	-0.600303	80.473294	97.175881	0.006862	8.2
168	-0.594608	80.164402	97.472595	0.004529	9.2
169	-0.607965	81.164400	96.518520	0.003428	11.2
170	-0.578288	82.064068	95.675990	0.004699	11.7
171	-0.596728	82.931278	94.877663	0.002935	7.3
172	-0.598061	82.639200	95.145049	0.010736	5.8
173	-0.573197	83.639192	94.235788	0.004866	10.8
174	-0.603030	84.626365	93.355070	0.007271	6.0
175	-0.613713	85.496082	92.592671	0.008965	9.2
176	-0.595656	85.187649	92.861617	0.005545	5.8
177	-0.624507	86.187644	91.995275	0.009146	6.2
178	-0.605282	87.187644	91.144944	0.004864	6.1
179	-0.609271	88.187644	90.310189	0.006264	10.0
180	-0.594902	87.880727	90.564758	0.010084	6.1
181	-0.598898	88.879309	89.741707	0.008203	9.3
182	-0.589782	88.570417	89.994699	0.005666	5.7
183	-0.576287	89.570369	89.180825	0.007111	10.0
184	-0.596328	90.205504	88.671481	0.006865	6.6
185	-0.611730	91.205460	87.881256	0.008648	5.2
186	-0.590652	92.205460	87.104957	0.008379	6.3
187	-0.607266	91.896716	87.343167	0.007985	6.1
188	-0.593075	91.587842	87.582784	0.004622	6.8
189	-0.599774	92.587787	86.811769	0.004923	7.7
190	-0.620801	92.495112	86.882656	0.004810	7.9
191	-0.618264	92.186242	87.119746	0.009383	11.1
192	-0.606493	91.877350	87.358152	0.007154	5.7
193	-0.615682	92.877350	86.591027	0.006715	5.7
194	-0.603824	92.568458	86.826544	0.007133	11.2
195	-0.586597	93.567968	86.069054	0.004338	8.0
196	-0.626446	93.259127	86.301698	0.007278	12.0
197	-0.622988	94.204265	85.593678	0.004146	11.4
198	-0.622363	93.895377	85.823790	0.007660	8.0
199	-0.596855	94.895375	85.083264	0.006688	6.6
200	-0.597921	95.895375	84.355405	0.005708	8.4
201	-0.598848	96.894198	83.640730	0.006662	6.1
202	-0.592496	97.823500	82.986587	0.004693	9.8
203	-0.594873	98.823492	82.294019	0.008782	9.6
204	-0.603184	98.514600	82.506713	0.005758	6.5
205	-0.609887	99.514600	81.822093	0.003046	9.5
206	-0.603273	99.276837	81.983838	0.003714	5.5
207	-0.577259	99.910275	81.554332	0.007213	11.5
208	-0.592335	100.910264	80.885369	0.011373	10.5
209	-0.626476	101.910264	80.227285	0.005335	5.8
210	-0.580272	102.910264	79.579822	0.012307	6.2
211	-0.595699	103.910263	78.942726	0.008429	10.8
212	-0.598921	104.910263	78.315750	0.004174	12.3
213	-0.604273	104.619649	78.496929	0.007473	5.7
214	-0.609417	104.701895	78.445569	0.009767	6.4
215	-0.570904	105.701895	77.826434	0.011929	8.0
216	-0.598037	106.701895	77.216996	0.005026	6.2
217	-0.595107	107.686897	76.625958	0.003160	10.3
218	-0.597428	108.325248	76.247731	0.008112	7.2
219	-0.600831	108.049714	76.410528	0.008015	6.5
220	-0.601043	107.740839	76.593852	0.007906	12.3
221	-0.609713	108.740839	76.003491	0.006369	3.6
222	-0.603097	108.509853	76.139047	0.012264	9.5
223	-0.630477	109.509847	75.555653	0.005528	11.5
224	-0.592682	110.509847	74.981128	0.006206	5.5
225	-0.589824	110.200958	75.157658	0.006186	6.6
226	-0.594724	110.227806	75.142281	0.008288	5.9
227	-0.605066	111.227791	74.574011	0.006444	11.3
228	-0.590547	111.968265	74.158723	0.006683	6.6
229	-0.612049	112.967465	73.605608	0.006826	6.4
230	-0.608927	112.658626	73.775685	0.010082	9.8
231	-0.596120	113.658602	73.227826	0.006623	5.2
232	-0.621178	113.349816	73.396131	0.004250	9.6
233	-0.611329	113.040950	73.565255	0.005853	10.8
234	-0.588716	112.733946	73.734134	0.004072	5.1
235	-0.598245	112.425112	73.904804	0.005727	4.8
236	-0.579349	112.492330	73.867590	0.003131	6.0
237	-0.602622	112.184282	74.038442	0.006247	7.9
238	-0.584000	113.137018	73.512569	0.008057	8.0
239	-0.586641	114.137015	72.968585	0.006452	7.3
240	-0.605035	115.137015	72.432591	0.010131	5.9
241	-0.584416	116.137001	71.904421	0.006402	6.0
242	-0.601713	117.136998	71.383893	0.004712	5.7
243	-0.604499	118.053819	70.913239	0.008741	10.9
244	-0.600285	118.075322	70.902275	0.007470	2.1
245	-0.600315	119.075322	70.396102	0.006001	12.8
246	-0.602505	118.766430	70.551682	0.003958	10.6
247	-0.617060	118.460681	70.706357	0.006475	8.5
248	-0.600574	119.426258	70.220177	0.005050	6.3
249	-0.578329	120.424612	69.724474	0.007943	9.5
250	-0.603787	120.115720	69.877096	0.006448	7.8
251	-0.589130	121.103483	69.391380	0.010133	5.9
252	-0.594321	122.101432	68.907464	0.005577	6.6
253	-0.605024	123.039357	68.458767	0.007191	7.3
254	-0.592835	124.008513	68.001226	0.005178	11.9
255	-0.587573	123.699652	68.146375	0.005198	10.9
256	-0.592422	123.547264	68.218218	0.012588	10.4
257	-0.590100	124.546663	67.749796	0.005438	8.3
258	-0.592195	124.237771	67.893886	0.006624	5.3
259	-0.596237	125.100121	67.493146	0.006874	11.1
260	-0.618548	124.792446	67.635580	0.003902	1.9
261	-0.583797	125.424619	67.343571	0.007248	10.5
262	-0.597288	125.670518	67.230667	0.002916	4.2
263	-0.620706	126.647946	66.785600	0.003054	6.4
264	-0.626901	127.114046	66.575433	0.008024	5.8
265	-0.631115	126.813541	66.710781	0.010507	5.8
266	-0.597502	126.504649	66.850481	0.009421	11.1
267	-0.576110	126.195762	66.990765	0.005190	8.1
268	-0.598257	127.195762	66.538723	0.006350	11.2
269	-0.624037	126.893297	66.674805	0.005133	9.8
270	-0.585991	127.893286	66.227007	0.007452	6.4
271	-0.597175	128.893286	65.785179	0.003227	6.5
272	-0.589397	129.781751	65.397548	0.007216	6.3
273	-0.626221	130.329025	65.161040	0.007353	12.7
274	-0.593108	130.020133	65.294319	0.005909	6.1
275	-0.626798	130.872027	64.928064	0.004284	4.8
276	-0.599264	131.868523	64.504821	0.009425	5.0
277	-0.620168	131.559631	64.635426	0.015454	7.9
278	-0.604012	132.559108	64.214730	0.007367	5.9
279	-0.617187	133.559108	63.799260	0.007940	11.2
280	-0.612037	133.252123	63.926230	0.006649	4.5
281	-0.598844	132.947444	64.052747	0.005096	8.5
282	-0.603553	132.759649	64.130978	0.006734	5.9
283	-0.588838	132.452654	64.259278	0.006327	11.0
284	-0.632915	132.241844	64.347677	0.005651	2.7
285	-0.580437	133.205898	63.945393	0.006066	7.1
286	-0.598759	134.201608	63.535145	0.008918	6.1
287	-0.598388	135.201608	63.128395	0.008287	6.4
288	-0.618621	134.899428	63.250756	0.008978	10.9
289	-0.630950	135.745418	62.909378	0.010656	5.7
290	-0.587158	136.745418	62.510575	0.008969	10.3
291	-0.621762	136.436526	62.633221	0.008784	5.8
292	-0.597768	137.436526	62.237901	0.006886	14.0
293	-0.610671	138.436526	61.847539	0.010549	6.7
294	-0.596791	139.436525	61.462044	0.004905	13.1
295	-0.585864	140.395956	61.096678	0.004102	4.1
296	-0.609161	140.111453	61.204567	0.006572	2.0
297	-0.604187	141.050752	60.849805	0.009731	1.6
298	-0.635744	142.050752	60.476610	0.006070	11.1
299	-0.590730	143.050752	60.107964	0.007214	5.9
300	-0.579454	144.050749	59.743786	0.006058	9.3
301	-0.590354	143.741858	59.855806	0.006208	11.2
302	-0.627276	144.741790	59.494692	0.005942	6.2
303	-0.588553	144.433064	59.605719	0.005050	5.9
304	-0.562900	144.124553	59.717084	0.006258	11.2
305	-0.611448	145.117885	59.359994	0.006796	10.4
306	-0.597899	144.999693	59.402259	0.017926	5.9
307	-0.603107	144.690801	59.513001	0.006112	6.3
308	-0.587408	144.381908	59.624156	0.004082	6.0
309	-0.614502	144.073369	59.735600	0.006747	11.2
310	-0.595307	145.071630	59.376528	0.005002	7.6
311	-0.597625	144.762753	59.487168	0.005123	5.8
312	-0.605240	145.762431	59.130565	0.004738	6.4
313	-0.603494	145.782779	59.123351	0.006909	10.9
314	-0.597588	146.782085	58.771213	0.004496	9.7
315	-0.588712	147.743798	58.436262	0.009666	11.5
316	-0.574300	147.510740	58.517081	0.010723	13.1
317	-0.599311	148.510740	58.171870	0.005805	10.8
318	-0.602489	149.510740	57.830707	0.004735	12.4
319	-0.602464	150.337459	57.551669	0.003170	5.8
320	-0.576766	150.040085	57.651729	0.006610	6.7
321	-0.600211	151.015286	57.324886	0.006677	5.8
322	-0.594432	150.706844	57.427861	0.011057	11.1
323	-0.635605	150.398063	57.531319	0.005767	1.6
324	-0.642518	151.398052	57.197611	0.008332	9.4
325	-0.586642	152.397770	56.867840	0.004299	6.2
326	-0.587072	152.088933	56.969308	0.007514	13.8
327	-0.593735	153.088842	56.642095	0.003346	7.9
328	-0.595826	152.787847	56.740197	0.009767	11.1
329	-0.591859	152.478976	56.841220	0.005837	7.0
330	-0.577222	153.478972	56.515445	0.006560	6.1
331	-0.600259	153.170080	56.615675	0.004271	7.6
332	-0.578198	152.861198	56.716259	0.007188	11.7
333	-0.593432	153.858735	56.392703	0.007459	5.3
334	-0.602177	153.549858	56.492493	0.008067	8.5
335	-0.599644	153.242269	56.592219	0.006911	11.1
336	-0.615902	152.977756	56.678261	0.009759	9.3
337	-0.638845	152.668864	56.779071	0.006092	5.8
338	-0.580185	152.362688	56.879348	0.005283	8.0
339	-0.586357	153.162402	56.618171	0.005298	13.1
340	-0.598977	154.064515	56.326416	0.006346	5.4
341	-0.603498	153.755632	56.425974	0.006631	8.0
342	-0.606340	153.446740	56.525887	0.007227	10.5
343	-0.607276	154.446740	56.203704	0.011280	6.9
344	-0.624763	155.446740	55.885174	0.006045	6.6
345	-0.600676	156.444224	55.571021	0.006434	7.8
346	-0.599872	157.444224	55.259602	0.008003	12.0
347	-0.622832	158.183598	55.031581	0.008611	5.6
348	-0.613718	157.874820	55.126578	0.002067	6.2
349	-0.600571	157.929098	55.109855	0.005003	6.2
350	-0.572406	157.923237	55.111661	0.006715	11.2
351	-0.591513	157.621525	55.204751	0.007923	6.8
352	-0.587354	158.621480	54.897425	0.009542	5.9
353	-0.623501	159.621480	54.593489	0.006327	9.7
354	-0.587054	160.621480	54.292899	0.005370	6.5
355	-0.597305	161.439842	54.049360	0.004772	6.3
356	-0.591581	161.391980	54.063543	0.009723	6.4
357	-0.591997	161.111001	54.146958	0.006002	7.0
358	-0.611622	162.060593	53.866081	0.007817	8.3
359	-0.610445	163.060546	53.573440	0.007640	5.8
360	-0.598972	164.060542	53.283950	0.003924	10.3
361	-0.599023	165.018221	53.009628	0.006337	11.8
362	-0.605549	165.811783	52.784447	0.011723	11.5
363	-0.612982	165.502911	52.871865	0.008089	8.4
364	-0.610285	166.502911	52.589886	0.005705	8.0
365	-0.600260	167.502872	52.310910	0.006006	7.0
366	-0.598215	167.194034	52.396755	0.005789	8.9
367	-0.578155	166.885142	52.482898	0.005003	6.0
368	-0.597997	167.885138	52.205043	0.008036	6.2
369	-0.601054	168.490067	52.038383	0.006340	6.3
370	-0.603258	168.719172	51.975542	0.009623	11.1
371	-0.592653	169.719172	51.703018	0.015065	5.8
372	-0.612564	170.719172	51.433337	0.005208	5.9
373	-0.610436	171.719172	51.166454	0.006918	5.8
374	-0.621169	172.663466	50.916969	0.004916	9.1
375	-0.593262	173.662628	50.655623	0.005400	14.2
376	-0.595802	173.357199	50.735228	0.003851	4.0
377	-0.596239	173.048529	50.815931	0.002670	6.0
378	-0.615215	172.807855	50.879035	0.005005	11.0
379	-0.599693	172.901260	50.854526	0.007149	12.5
380	-0.586666	173.468791	50.706114	0.004530	6.9
381	-0.602246	174.428589	50.457084	0.004908	5.2
382	-0.577546	175.419991	50.202409	0.007768	5.7
383	-0.603355	176.419990	49.948117	0.006363	6.0
384	-0.624298	176.111098	50.026390	0.005626	6.3
385	-0.592624	175.808749	50.103244	0.008111	11.6
386	-0.593390	176.808436	49.850031	0.005386	6.6
387	-0.604491	176.499554	49.927995	0.003843	11.9
388	-0.622905	176.191792	50.005919	0.006930	5.9
389	-0.600488	177.147904	49.764628	0.005253	8.6
390	-0.594763	178.147904	49.514740	0.010707	5.2
391	-0.581970	179.147903	49.267350	0.007799	9.1
392	-0.629656	178.844085	49.342250	0.007870	11.4
393	-0.595691	178.535574	49.418540	0.004877	5.7
394	-0.574271	178.226816	49.495128	0.006225	5.9
395	-0.596858	177.943935	49.565505	0.007747	10.9
396	-0.615739	177.635043	49.642583	0.006559	6.1
397	-0.614617	177.326151	49.719902	0.009294	6.0
398	-0.602941	178.326151	49.470462	0.005305	7.8
399	-0.564396	178.334203	49.468463	0.006968	8.0
400	-0.596659	179.334197	49.221535	0.005129	6.5
401	-0.603133	179.025326	49.297541	0.008191	11.3
402	-0.591973	178.719728	49.372973	0.002953	11.0
403	-0.611121	178.422515	49.446557	0.006349	10.6
404	-0.606470	179.417349	49.201114	0.003288	7.4
405	-0.601244	179.108651	49.277014	0.005265	5.9
406	-0.574993	180.049985	49.046294	0.003678	6.0
407	-0.606249	180.942402	48.829550	0.003184	5.8
408	-0.597440	181.911537	48.596333	0.003337	11.0
409	-0.590532	182.765225	48.392736	0.014033	2.6
410	-0.600672	183.761883	48.157189	0.006498	10.1
411	-0.596540	184.761883	47.923146	0.002986	11.5
412	-0.597948	184.453318	47.995120	0.004296	13.5
413	-0.564607	184.440074	47.998214	0.004403	6.3
414	-0.597987	184.471097	47.990967	0.004885	6.5
415	-0.578820	184.174747	48.060284	0.009262	6.0
416	-0.576671	183.866049	48.132703	0.005673	6.0
417	-0.593588	184.866049	47.898897	0.007346	6.9
418	-0.586620	184.944371	47.880681	0.007871	6.0
419	-0.621777	185.944272	47.649334	0.004914	6.7
420	-0.592739	185.635512	47.720533	0.007426	10.3
421	-0.573574	186.635496	47.490708	0.010092	4.0
422	-0.600039	187.635496	47.263083	0.009728	3.9
423	-0.607150	188.599586	47.045688	0.007170	3.8
424	-0.597188	189.473433	46.850363	0.005177	10.8
425	-0.597570	190.472990	46.628918	0.014151	8.9
426	-0.610366	190.164098	46.697127	0.009955	6.2
427	-0.584779	191.164098	46.477028	0.007433	5.8
428	-0.600726	192.164098	46.258994	0.008231	12.8
429	-0.593996	193.159084	46.044074	0.005789	6.1
430	-0.604791	193.133788	46.049513	0.006022	5.8
431	-0.589844	192.825860	46.115829	0.008095	6.2
432	-0.597038	192.583696	46.168115	0.003860	6.2
433	-0.616781	193.583585	45.952987	0.016102	6.2
434	-0.584067	193.306573	46.012386	0.006250	6.9
435	-0.595235	194.306509	45.798693	0.008538	6.1
436	-0.575408	195.306509	45.586963	0.006478	11.0
437	-0.621230	196.262097	45.386457	0.008164	12.9
438	-0.618735	195.953214	45.451075	0.004345	12.0
439	-0.587816	196.926423	45.248101	0.006302	5.5
440	-0.595848	197.926402	45.041423	0.011420	7.2
441	-0.592280	197.617510	45.105064	0.008907	6.1
442	-0.621074	197.308618	45.168884	0.004183	6.1
443	-0.630178	198.270526	44.970735	0.005015	6.2
444	-0.635840	197.961826	45.034136	0.006211	8.6
445	-0.612386	197.652934	45.097756	0.005579	6.6
446	-0.612524	197.453691	45.138888	0.009230	12.4
447	-0.629470	198.453691	44.933201	0.005852	6.2
448	-0.588942	199.399470	44.740383	0.008046	5.8
449	-0.584913	199.090587	44.803173	0.010072	11.7
450	-0.590443	200.090587	44.600527	0.006345	6.4
451	-0.592944	199.781694	44.662927	0.005918	8.6
452	-0.586344	200.781689	44.461546	0.003713	5.3
453	-0.602913	201.739447	44.270365	0.006260	9.4
454	-0.601952	202.738829	44.072622	0.005984	7.9
455	-0.629813	203.506711	43.921880	0.005598	6.0
456	-0.588586	204.371857	43.753274	0.007436	10.9
457	-0.614838	205.371749	43.560015	0.007847	5.6
458	-0.609822	206.371749	43.368434	0.004603	10.9
459	-0.588567	206.901744	43.267579	0.005929	5.7
460	-0.609727	207.885540	43.081606	0.009353	8.4
461	-0.597445	207.577141	43.139733	0.006350	11.5
462	-0.592971	208.577140	42.951823	0.005306	6.3
463	-0.572775	208.268623	43.009622	0.004310	9.9
464	-0.596691	209.258030	42.824811	0.005563	2.8
465	-0.613791	210.228101	42.645148	0.004120	9.7
466	-0.589307	210.111802	42.666608	0.007934	7.1
467	-0.642444	211.046660	42.494715	0.003559	6.0
468	-0.600992	210.737768	42.551358	0.008781	11.5
469	-0.618344	210.428876	42.608152	0.011944	6.2
470	-0.607681	211.428876	42.424835	0.006243	12.9
471	-0.598135	211.119984	42.481292	0.009136	5.3
472	-0.575427	210.828651	42.534677	0.006785	5.8
473	-0.608475	211.828651	42.351990	0.008300	7.8
474	-0.573081	212.828651	42.170866	0.007423	11.3
475	-0.623118	212.519876	42.226627	0.010302	11.4
476	-0.608813	213.519876	42.046571	0.006016	5.7
477	-0.584946	213.839073	41.989421	0.007044	11.9
478	-0.598086	213.530186	42.044723	0.007701	6.8
479	-0.604967	213.221553	42.100125	0.009406	6.3
480	-0.594493	214.221553	41.921145	0.011428	7.1
481	-0.606980	213.912660	41.976268	0.005841	4.5
482	-0.631931	214.912546	41.798357	0.007254	6.2
483	-0.604320	214.603663	41.853155	0.011426	11.8
484	-0.615787	214.294771	41.908100	0.005014	11.4
485	-0.618376	215.294771	41.730745	0.008568	11.2
486	-0.609593	216.294747	41.554888	0.006833	5.7
487	-0.598591	217.294747	41.380504	0.007014	8.8
488	-0.597719	216.985856	41.434213	0.007210	6.1
489	-0.559202	216.676964	41.488062	0.010092	5.3
490	-0.623365	217.676863	41.314255	0.009490	10.9
491	-0.611473	217.615987	41.324795	0.005415	5.8
492	-0.588598	218.615987	41.152332	0.005681	8.3
493	-0.609811	218.312153	41.204580	0.008838	9.7
494	-0.606999	218.003327	41.257822	0.006442	8.1
495	-0.576518	217.694435	41.311213	0.003114	5.8
496	-0.587073	217.386509	41.364575	0.007443	6.2
497	-0.607980	217.946689	41.267601	0.005823	12.0
498	-0.608222	217.646215	41.319561	0.008174	6.4
499	-0.626803	217.337323	41.373112	0.012237	6.1
500	-0.569346	218.337323	41.200247	0.005796	5.6
501	-0.606125	218.038182	41.251806	0.003679	6.1
502	-0.590416	218.686793	41.140175	0.005696	10.1
503	-0.614775	218.378814	41.193105	0.008367	6.2
504	-0.611386	218.069944	41.246325	0.007234	6.0
505	-0.576094	219.068732	41.074723	0.008545	7.6
506	-0.596750	218.759856	41.127639	0.006882	6.4
507	-0.603343	219.759856	40.956814	0.006194	11.0
508	-0.605719	220.759856	40.787403	0.005053	5.7
509	-0.626059	220.567105	40.819948	0.003888	6.5
510	-0.576561	220.774681	40.784902	0.002738	13.4
511	-0.601724	220.583038	40.817256	0.008474	8.2
512	-0.568932	220.291331	40.866602	0.008806	7.3
513	-0.600258	221.291331	40.697935	0.008836	8.7
514	-0.574826	220.982439	40.749886	0.008345	7.8
515	-0.602665	221.982438	40.582179	0.003274	6.5
516	-0.605131	221.735537	40.623457	0.009245	6.1
517	-0.623381	222.415763	40.509935	0.006850	7.4
518	-0.608647	223.415763	40.344193	0.006223	6.5
519	-0.585574	224.412096	40.180402	0.004909	11.6
520	-0.599057	224.103241	40.231034	0.008047	12.0
521	-0.573406	225.103140	40.067578	0.004324	10.4
522	-0.580241	226.004878	39.921304	0.008913	11.3
523	-0.594787	225.742555	39.963746	0.007638	8.1
524	-0.623714	225.433663	40.013838	0.005423	6.1
525	-0.614146	225.186713	40.053976	0.006608	11.1
526	-0.582875	224.877821	40.104295	0.007439	5.7
527	-0.593607	224.714577	40.130939	0.004928	1.7
528	-0.605065	225.714564	39.968280	0.007781	11.0
529	-0.598127	226.031994	39.916921	0.006640	9.5
530	-0.605775	225.723104	39.966896	0.006718	6.4
531	-0.604710	226.723104	39.805559	0.005275	11.4
532	-0.622643	227.722974	39.645540	0.004173	6.6
533	-0.598594	228.706805	39.489339	0.009314	7.9
534	-0.618227	229.706801	39.331828	0.008518	11.5
535	-0.595603	230.706801	39.175567	0.008452	8.3
536	-0.575073	230.397909	39.223702	0.007595	11.1
537	-0.598507	231.397909	39.068298	0.008385	6.6
538	-0.630325	231.089018	39.116169	0.005729	5.8
539	-0.612018	232.083253	38.962502	0.006506	11.7
540	-0.612557	231.774361	39.010114	0.006454	4.7
541	-0.615465	232.617147	38.880481	0.003228	10.0
542	-0.629083	233.615747	38.727992	0.010215	8.2
543	-0.580177	234.614856	38.576618	0.006744	6.2
544	-0.590859	234.305964	38.623292	0.007886	12.5
545	-0.617254	235.241174	38.482327	0.010110	5.9
546	-0.591490	236.241174	38.332731	0.002869	6.4
547	-0.590215	235.932694	38.378754	0.004871	6.0
548	-0.603348	235.678161	38.416812	0.006203	6.6
549	-0.573612	236.677912	38.267761	0.007899	10.2
550	-0.577134	236.369029	38.313688	0.004714	5.3
551	-0.603103	237.327265	38.171568	0.009357	6.2
552	-0.607001	237.018599	38.217232	0.007983	7.6
553	-0.605390	236.709706	38.263040	0.010439	8.1
554	-0.599002	237.709706	38.115140	0.003587	11.3
555	-0.617303	238.357623	38.019923	0.007515	5.9
556	-0.580099	238.226623	38.039136	0.005857	5.7
557	-0.585139	237.917852	38.084499	0.007017	8.3
558	-0.599713	238.917635	37.938006	0.004684	11.2
559	-0.604984	239.915235	37.792951	0.006390	15.9
560	-0.590062	239.608313	37.837460	0.009836	2.4
561	-0.589732	239.299433	37.882360	0.003665	7.4
562	-0.588947	240.299429	37.737383	0.002980	9.8
563	-0.630337	240.770168	37.669521	0.008362	11.1
564	-0.600644	241.598166	37.550745	0.006603	11.2
565	-0.600759	241.289274	37.594967	0.004131	6.0
566	-0.589428	240.980726	37.639245	0.007236	6.2
567	-0.606320	240.685345	37.681731	0.005105	8.7
568	-0.602705	240.376509	37.726255	0.008534	12.1
569	-0.603789	240.215867	37.749455	0.007267	6.1
570	-0.595060	239.907030	37.794140	0.004984	6.5
571	-0.592729	240.906554	37.649904	0.007294	11.0
572	-0.602557	240.597662	37.694361	0.009249	7.0
573	-0.594063	240.288770	37.738923	0.009611	11.3
574	-0.619255	241.288743	37.595044	0.004195	5.2
575	-0.580199	242.279738	37.453534	0.007400	5.9
576	-0.612596	243.279708	37.311819	0.008800	6.1
577	-0.615122	243.234059	37.318265	0.005725	6.1
578	-0.624482	244.103424	37.195886	0.006088	6.3
579	-0.604613	243.794532	37.239276	0.006000	11.4
580	-0.603128	244.231369	37.177943	0.005425	9.8
581	-0.589929	243.962585	37.215657	0.004346	12.5
582	-0.612843	244.943194	37.078432	0.005106	7.9
583	-0.613157	245.695041	36.973903	0.006360	12.1
584	-0.623682	245.497735	37.001278	0.007609	5.7
585	-0.614861	246.484932	36.864718	0.005923	5.8
586	-0.613868	247.484932	36.727412	0.006528	8.2
587	-0.577108	247.462838	36.730435	0.008808	11.9
588	-0.579346	248.462838	36.594125	0.010666	8.0
589	-0.593301	249.462838	36.458823	0.010731	6.0
590	-0.594947	249.153946	36.500510	0.006913	9.9
591	-0.609725	250.153946	36.365898	0.008000	16.7
592	-0.609161	251.153941	36.232276	0.008151	5.7
593	-0.610202	251.943290	36.127493	0.003078	9.6
594	-0.589815	252.942995	35.995652	0.007559	7.2
595	-0.601541	252.672313	36.031254	0.006649	7.9
596	-0.596418	252.363421	36.071968	0.005632	11.6
597	-0.615947	252.428942	36.063325	0.007324	8.2
598	-0.595272	252.120050	36.104111	0.003900	5.8
599	-0.607370	252.359707	36.072459	0.006056	5.8
600	-0.591705	253.089184	35.976453	0.005307	8.2
601	-0.591087	252.780292	36.017044	0.011378	6.0
602	-0.577621	252.471477	36.057716	0.010935	9.3
603	-0.575329	252.162585	36.098490	0.007348	2.9
604	-0.610838	253.162585	35.966821	0.008951	14.2
605	-0.611505	252.853692	36.007390	0.004559	8.1
606	-0.580741	253.853692	35.876384	0.009952	9.4
607	-0.576159	253.544800	35.916749	0.005420	4.3
608	-0.586759	254.544797	35.786401	0.006404	4.5
609	-0.616157	254.235906	35.826564	0.007809	5.1
610	-0.589871	255.200064	35.701500	0.006228	6.2
611	-0.601972	254.894326	35.741064	0.008058	5.7
612	-0.599294	254.718234	35.763890	0.003674	5.5
613	-0.597918	254.409418	35.803992	0.009655	7.2
614	-0.588702	255.246778	35.695463	0.010743	6.4
615	-0.607725	254.937885	35.735422	0.008812	5.4
616	-0.617902	254.628995	35.775470	0.012519	7.8
617	-0.609686	255.628995	35.646143	0.010622	14.3
618	-0.605274	255.320103	35.685991	0.004655	5.1
619	-0.613331	256.320103	35.557310	0.009661	5.8
620	-0.614762	256.012967	35.596733	0.006556	6.5
621	-0.591985	257.012967	35.468694	0.004805	6.1
622	-0.595879	256.776686	35.498864	0.013780	8.9
623	-0.619344	256.467795	35.538383	0.004143	10.9
624	-0.600656	256.158903	35.577990	0.005571	5.1
625	-0.585967	256.196642	35.573146	0.008269	6.3
626	-0.614416	256.807014	35.494988	0.006111	8.0
627	-0.581412	256.498122	35.534499	0.004259	11.0
628	-0.612380	257.498115	35.406907	0.004626	6.7
629	-0.599414	257.807046	35.367674	0.005720	11.5
630	-0.602307	258.704340	35.254214	0.004558	6.4
631	-0.625733	258.395452	35.293190	0.005950	12.7
632	-0.614557	259.356401	35.172219	0.008032	10.1
633	-0.603021	259.047509	35.211014	0.007055	6.2
634	-0.594906	260.047509	35.085729	0.002870	6.1
635	-0.587543	261.020283	34.964708	0.004154	7.6
636	-0.601312	260.723502	35.001541	0.004537	12.0
637	-0.594322	260.414703	35.039949	0.007261	3.8
638	-0.607683	261.414483	34.915903	0.005678	6.4
639	-0.609460	261.105590	34.954134	0.005642	6.4
640	-0.587143	260.796795	34.992437	0.005842	7.0
641	-0.604659	260.487927	35.030834	0.008867	11.2
642	-0.606667	260.369226	35.045612	0.005574	8.6
643	-0.609665	260.060334	35.084128	0.008640	6.3
644	-0.568340	261.059707	34.959820	0.009819	9.6
645	-0.580578	260.750815	34.998148	0.005752	7.6
646	-0.602581	260.486742	35.030981	0.004756	8.4
647	-0.578164	261.364326	34.922105	0.007968	7.5
648	-0.588348	261.118177	34.952575	0.009201	5.7
649	-0.590149	262.118174	34.829119	0.008113	6.3
650	-0.612321	261.809282	34.867161	0.004680	6.0
651	-0.615490	261.560192	34.897898	0.004193	6.5
652	-0.590579	261.585381	34.894787	0.008546	6.2
653	-0.596251	261.316369	34.928037	0.005932	9.1
654	-0.619467	261.007477	34.966295	0.009776	11.2
655	-0.621505	262.007477	34.842743	0.003654	5.9
656	-0.592798	262.988524	34.722377	0.004423	12.7
657	-0.600264	262.711711	34.756256	0.010113	9.8
658	-0.619927	262.402875	34.794131	0.008638	6.3
659	-0.596450	262.093983	34.832096	0.014873	8.1
660	-0.603201	261.785091	34.870144	0.003183	6.2
661	-0.587619	262.780818	34.747792	0.006486	11.2
662	-0.617836	262.505433	34.781544	0.009200	6.1
663	-0.601733	262.196625	34.819471	0.006782	6.8
664	-0.587047	263.156503	34.701851	0.011941	10.9
665	-0.635630	264.156503	34.580157	0.007618	5.9
666	-0.624039	263.848761	34.617517	0.003289	12.0
667	-0.579603	264.243361	34.569627	0.004829	11.1
668	-0.586076	265.106279	34.465363	0.005210	6.1
669	-0.591172	264.800660	34.502218	0.007921	5.9
670	-0.575850	265.800625	34.381922	0.008987	10.0
671	-0.618369	266.800625	34.262458	0.004530	7.8
672	-0.592793	266.492950	34.299125	0.007700	6.2
673	-0.601898	267.476566	34.182176	0.008437	5.9
674	-0.608955	267.169479	34.218602	0.011673	7.7
675	-0.608072	268.169479	34.100268	0.004132	9.4
676	-0.606782	268.338364	34.080364	0.006062	6.1
677	-0.589328	268.029486	34.116785	0.010737	8.2
678	-0.600452	269.029016	33.999208	0.008293	14.1
679	-0.617449	268.720124	34.035457	0.008639	4.4
680	-0.625457	268.411231	34.071783	0.005925	16.2
681	-0.596559	268.102339	34.108187	0.007627	1.7
682	-0.599498	269.102325	33.990616	0.004102	11.1
683	-0.609735	268.850144	34.020189	0.007724	5.8
684	-0.603374	269.847633	33.903514	0.006693	11.4
685	-0.610607	269.538741	33.939559	0.013384	9.7
686	-0.607883	269.229858	33.975680	0.015948	7.0
687	-0.621155	270.229858	33.859017	0.003126	5.9
688	-0.585911	269.920966	33.894968	0.007480	8.7
689	-0.588007	269.612729	33.930918	0.010881	12.7
690	-0.625227	270.612729	33.814562	0.005287	8.2
691	-0.597640	270.303837	33.850418	0.003118	5.9
692	-0.602192	270.000624	33.885689	0.003489	5.9
693	-0.571517	270.418987	33.837043	0.010224	5.9
694	-0.612821	271.256062	33.740127	0.005429	12.4
695	-0.625519	270.947170	33.775826	0.005470	4.5
696	-0.608116	270.645599	33.810751	0.008071	8.8
697	-0.581087	271.645599	33.695216	0.004496	6.6
698	-0.614401	272.645166	33.580518	0.006587	5.4
699	-0.637705	272.336281	33.615878	0.003009	6.4
700	-0.589701	273.289529	33.506991	0.010266	19.5
701	-0.601097	272.989231	33.541217	0.005327	2.2
702	-0.602107	272.680768	33.576447	0.009676	6.4
703	-0.603676	273.663853	33.464426	0.006448	7.7
704	-0.616444	274.602888	33.358120	0.005641	12.4
705	-0.637073	274.670236	33.350522	0.005912	7.6
706	-0.591137	275.664374	33.238763	0.006877	9.7
707	-0.600793	275.355485	33.273407	0.010034	6.5
708	-0.607169	275.046593	33.308124	0.007214	6.8
709	-0.588968	276.046593	33.195993	0.004710	10.8
710	-0.581263	277.026174	33.086882	0.006345	11.6
711	-0.575167	276.717283	33.121210	0.008053	6.2
712	-0.595929	277.717274	33.010333	0.005449	10.7
713	-0.619387	277.409154	33.044418	0.005349	9.1
714	-0.588112	277.100281	33.078656	0.003849	7.4
715	-0.594163	276.827367	33.108968	0.005906	6.2
716	-0.621199	276.525523	33.142557	0.006759	6.2
717	-0.576045	277.525521	33.031537	0.008050	5.0
718	-0.648529	277.217387	33.065667	0.008299	11.5
719	-0.571804	276.908494	33.099952	0.008929	1.6
720	-0.612603	276.599602	33.134307	0.004984	7.8
721	-0.614230	277.599518	33.023351	0.003702	8.0
722	-0.592680	277.292609	33.057328	0.005627	5.9
723	-0.589470	278.291980	32.946946	0.003226	10.0
724	-0.632873	279.289705	32.837478	0.015207	5.9
725	-0.603479	278.983400	32.871008	0.003748	6.5
726	-0.603196	279.886156	32.772384	0.006738	11.6
727	-0.614807	280.885947	32.663848	0.004643	8.5
728	-0.604531	281.785457	32.566811	0.008618	12.1
729	-0.601628	282.785402	32.459613	0.008227	10.2
730	-0.588076	283.785402	32.353114	0.006265	10.4
731	-0.611192	283.476510	32.385936	0.009111	7.6
732	-0.618458	283.167618	32.418825	0.004616	5.9
733	-0.597981	284.158332	32.313575	0.009561	6.3
734	-0.624092	283.849440	32.346317	0.006523	7.4
735	-0.612940	284.849440	32.240558	0.005287	13.2
736	-0.611770	284.968120	32.228053	0.006663	7.8
737	-0.600812	285.968119	32.123065	0.006295	6.6
738	-0.627003	285.659246	32.155420	0.007777	5.7
739	-0.597043	286.659246	32.050903	0.007933	7.8
740	-0.574557	287.659160	31.947073	0.009570	5.4
741	-0.592227	288.651949	31.844646	0.006757	6.3
742	-0.623419	289.651937	31.742138	0.007733	11.8
743	-0.608142	290.605869	31.644965	0.006081	2.6
744	-0.580681	291.604425	31.543881	0.006221	10.4
745	-0.597323	291.295859	31.575048	0.006244	10.6
746	-0.594439	292.295345	31.474316	0.004788	2.4
747	-0.593606	293.295160	31.374192	0.016405	5.9
748	-0.598283	294.295160	31.274685	0.003767	7.2
749	-0.586324	295.295160	31.175807	0.012118	6.8
750	-0.610901	294.988972	31.206015	0.008178	10.4
751	-0.576040	295.726737	31.133326	0.005636	1.6
752	-0.630463	295.417870	31.163716	0.008324	12.5
753	-0.597939	295.157357	31.189395	0.003974	7.8
754	-0.587889	296.157352	31.091055	0.003799	6.9
755	-0.596771	296.306055	31.076485	0.006218	5.9
756	-0.586821	296.756484	31.032433	0.005945	5.8
757	-0.584379	296.516289	31.055908	0.007599	6.7
758	-0.598170	296.804633	31.027731	0.003522	5.9
759	-0.597553	296.495748	31.057917	0.009608	10.2
760	-0.581196	296.225241	31.084401	0.009195	7.6
761	-0.597029	297.225241	30.986721	0.006883	6.2
762	-0.589484	298.225241	30.889652	0.007080	11.4
763	-0.575864	299.225241	30.793190	0.007408	13.2
764	-0.605610	300.225228	30.697330	0.006587	11.1
765	-0.619045	299.949605	30.723692	0.006553	9.3
766	-0.588610	300.551625	30.666170	0.004798	7.4
767	-0.577885	300.242736	30.695657	0.005593	6.8
768	-0.610774	301.174273	30.606903	0.010744	6.5
769	-0.595996	302.174273	30.512196	0.009984	5.9
770	-0.595806	303.174273	30.418073	0.006127	9.6
771	-0.585160	302.915015	30.442419	0.006005	5.9
772	-0.605964	303.827331	30.356918	0.010471	6.5
773	-0.584132	304.827331	30.263750	0.004748	13.6
774	-0.606341	305.827331	30.171151	0.008764	9.0
775	-0.606222	306.827326	30.079118	0.010796	6.3
776	-0.611839	307.824736	29.987880	0.008723	16.5
777	-0.575263	307.515844	30.016077	0.005822	5.8
778	-0.602525	307.206959	30.044325	0.004560	6.0
779	-0.612757	308.206288	29.953124	0.006724	3.8
780	-0.596791	307.898882	29.981120	0.005692	3.6
781	-0.572990	307.610007	30.007475	0.004512	5.1
782	-0.598076	308.609956	29.916441	0.005777	6.1
783	-0.612266	309.579616	29.828690	0.007915	6.0
784	-0.600608	309.270724	29.856587	0.008359	6.1
785	-0.585334	310.270724	29.766460	0.008576	6.9
786	-0.578182	311.270724	29.676875	0.004332	5.6
787	-0.587620	310.962037	29.704471	0.008302	6.4
788	-0.587097	310.654197	29.732043	0.008110	11.1
789	-0.586737	311.654197	29.642664	0.005148	3.5
790	-0.614137	312.645006	29.554636	0.008027	6.3
791	-0.575183	312.336116	29.582023	0.004825	9.6
792	-0.575686	312.319957	29.583457	0.003503	5.1
793	-0.616338	312.094749	29.603459	0.004108	11.0
794	-0.602978	312.831021	29.538168	0.010694	3.3
795	-0.591814	312.630790	29.555895	0.011245	6.0
796	-0.615993	312.321898	29.583285	0.005565	5.8
797	-0.597669	313.321898	29.494798	0.006670	8.5
798	-0.598301	313.013048	29.522070	0.004875	6.7
799	-0.594087	313.335565	29.493592	0.004326	6.2
800	-0.588949	313.135226	29.511276	0.006208	7.0
801	-0.602841	314.102320	29.426107	0.008896	13.6
802	-0.607461	315.102320	29.338556	0.008624	3.5
803	-0.606031	316.102320	29.251524	0.004889	7.5
804	-0.592686	315.793760	29.278324	0.008143	6.7
805	-0.597690	315.484868	29.305201	0.005564	9.1
806	-0.608794	315.175989	29.332127	0.006214	6.9
807	-0.584964	314.867099	29.359103	0.005034	11.5
808	-0.593959	315.867023	29.271956	0.006370	6.0
809	-0.622686	315.558613	29.298780	0.010805	6.7
810	-0.604868	316.542973	29.213337	0.007865	8.0
811	-0.582214	316.234081	29.240095	0.003809	6.2
812	-0.611068	317.233751	29.153675	0.006205	6.1
813	-0.602207	316.943908	29.178679	0.006907	11.2
814	-0.596517	317.941499	29.092798	0.005988	8.1
815	-0.606417	317.641854	29.118541	0.006102	10.3
816	-0.617176	318.641127	29.032870	0.004976	6.3
817	-0.602090	318.332751	29.059254	0.008952	6.0
818	-0.622180	319.330688	28.974045	0.007459	11.3
819	-0.590562	319.021796	29.000367	0.006604	6.2
820	-0.610031	318.712904	29.026736	0.011198	6.5
821	-0.592288	318.404090	29.053146	0.005997	6.2
822	-0.618173	318.095237	29.079608	0.008148	5.8
823	-0.633154	319.095237	28.994104	0.011233	6.3
824	-0.627444	318.786345	29.020462	0.007906	6.0
825	-0.601494	318.477453	29.046868	0.009613	6.8
826	-0.643239	318.168561	29.073322	0.009527	11.6
827	-0.580734	318.861110	29.014078	0.008798	7.3
828	-0.589901	319.861110	28.928958	0.004588	8.7
829	-0.587010	319.552276	28.955193	0.013533	6.7
830	-0.594745	320.544274	28.871094	0.006906	12.9
831	-0.591307	320.235382	28.897228	0.006153	8.3
832	-0.589044	319.933635	28.922804	0.007121	6.4
833	-0.589996	320.865045	28.844004	0.004731	9.5
834	-0.590417	320.557154	28.870005	0.006985	11.3
835	-0.611384	321.556686	28.785766	0.008295	8.3
836	-0.588721	321.250075	28.811555	0.004857	5.8
837	-0.590914	322.234091	28.728955	0.005820	5.9
838	-0.604645	323.231572	28.645707	0.005838	10.9
839	-0.582453	324.221893	28.563532	0.008290	11.7
840	-0.593144	325.221893	28.481032	0.003703	8.8
841	-0.594833	324.913097	28.506457	0.010595	6.0
842	-0.607272	325.910135	28.424528	0.006698	7.2
843	-0.595209	325.630300	28.447475	0.005253	6.9
844	-0.599655	326.630297	28.365642	0.006506	10.3
845	-0.605297	326.321405	28.390870	0.010293	3.1
846	-0.589534	326.012513	28.416142	0.006874	5.8
847	-0.581216	327.012513	28.334489	0.010749	10.9
848	-0.596576	326.703621	28.359661	0.004182	6.3
849	-0.610956	327.703620	28.278332	0.008524	6.8
850	-0.599381	327.396107	28.303292	0.005512	13.1
851	-0.610592	328.392387	28.222586	0.006234	9.6
852	-0.595257	328.083506	28.247558	0.006307	7.1
853	-0.587873	329.083463	28.166874	0.007983	7.4
854	-0.601342	328.774620	28.191744	0.012091	7.8
855	-0.589955	329.774620	28.111375	0.007399	5.9
856	-0.606135	329.907616	28.100720	0.005404	6.1
857	-0.593729	330.907525	28.020875	0.004806	7.9
858	-0.570331	330.599082	28.045456	0.012487	6.3
859	-0.597027	331.599051	27.965920	0.004684	11.1
860	-0.587389	332.599051	27.886830	0.004943	10.0
861	-0.616308	332.290423	27.911192	0.007322	6.7
862	-0.633179	333.290411	27.832412	0.007213	9.5
863	-0.613233	334.290407	27.754075	0.004052	7.9
864	-0.576647	333.981522	27.778225	0.005625	6.0
865	-0.600850	333.677443	27.802041	0.007172	5.9
866	-0.612098	333.368552	27.826275	0.004378	7.6
867	-0.586283	333.059674	27.850550	0.007916	8.4
868	-0.595036	334.059673	27.772111	0.006913	8.8
869	-0.599533	333.750781	27.796293	0.009469	5.9
870	-0.617749	334.750781	27.718159	0.004849	5.8
871	-0.589401	334.442111	27.742230	0.006889	7.3
872	-0.599577	335.440040	27.664560	0.005398	8.0
873	-0.606089	336.430824	27.587875	0.004860	10.3
874	-0.580498	337.408834	27.512594	0.006380	6.4
875	-0.570747	337.099942	27.536326	0.005510	4.8
876	-0.584224	337.250252	27.524773	0.006675	7.9
877	-0.603673	338.013695	27.466241	0.006335	8.0
878	-0.620512	338.766663	27.408756	0.003177	6.1
879	-0.609360	339.633937	27.342842	0.009134	7.2
880	-0.602272	339.603219	27.345171	0.006891	5.9
881	-0.623999	339.537440	27.350160	0.004017	7.7
882	-0.608083	340.524215	27.275508	0.008146	6.4
883	-0.588202	340.215337	27.298832	0.004700	10.2
884	-0.584394	339.906446	27.322196	0.007742	7.9
885	-0.624637	339.611370	27.344553	0.008374	6.3
886	-0.605843	339.302478	27.367996	0.008939	6.3
887	-0.618921	340.301862	27.292294	0.004994	9.9
888	-0.602343	340.040355	27.312062	0.007164	6.6
889	-0.606048	340.801164	27.254630	0.006772	11.8
890	-0.589519	341.801164	27.179507	0.003760	6.5
891	-0.615210	342.788229	27.105761	0.010416	7.6
892	-0.578808	342.479336	27.128796	0.005502	11.2
893	-0.600388	343.080762	27.083982	0.006335	10.1
894	-0.598787	344.080756	27.009796	0.002497	6.4
895	-0.615070	343.869309	27.025448	0.003219	5.8
896	-0.601901	343.653194	27.041465	0.003271	6.1
897	-0.623216	344.577875	26.973068	0.005307	6.3
898	-0.589219	344.271959	26.995658	0.002797	5.8
899	-0.610868	345.192131	26.927823	0.003983	5.8
900	-0.609610	345.973859	26.870461	0.007599	6.9
901	-0.620052	346.933325	26.800390	0.009584	7.7
902	-0.626751	346.753478	26.813497	0.005054	5.8
903	-0.607874	346.444666	26.836032	0.007070	6.2
904	-0.598741	346.135790	26.858609	0.010852	9.1
905	-0.590136	347.135790	26.785651	0.008066	7.6
906	-0.596569	348.135790	26.713088	0.008831	8.2
907	-0.586613	347.826898	26.735460	0.004792	6.1
908	-0.608301	348.760503	26.667956	0.003364	9.8
909	-0.605695	348.452964	26.690155	0.005393	6.9
910	-0.604939	348.968086	26.652993	0.005806	11.2
911	-0.601199	348.714051	26.671306	0.012029	2.8
912	-0.570426	349.485670	26.615757	0.003922	6.1
913	-0.606867	350.485670	26.544111	0.010076	11.0
914	-0.605013	350.176778	26.566201	0.009448	8.8
915	-0.572997	351.176778	26.494820	0.006838	8.5
916	-0.584870	352.176673	26.423829	0.007077	6.1
917	-0.613422	351.870059	26.445558	0.015304	6.2
918	-0.601288	351.561167	26.467484	0.006900	7.1
919	-0.599415	351.252275	26.489447	0.003778	6.6
920	-0.623787	352.249596	26.418667	0.007899	9.1
921	-0.611102	351.972315	26.438307	0.003476	5.5
922	-0.634749	352.888010	26.373557	0.005089	6.0
923	-0.604199	353.257994	26.347485	0.005264	12.4
924	-0.596808	352.949155	26.369245	0.004135	1.6
925	-0.589133	352.640266	26.391044	0.008048	5.6
926	-0.606523	353.640264	26.320600	0.008109	8.5
927	-0.628059	353.331372	26.342320	0.008803	12.8
928	-0.594292	354.329887	26.272240	0.007041	6.4
929	-0.585417	355.284400	26.205595	0.007921	8.5
930	-0.614232	356.284155	26.136154	0.006102	7.9
931	-0.593739	355.999747	26.155871	0.007340	11.4
932	-0.644039	356.999744	26.086676	0.005688	7.8
933	-0.592661	356.692330	26.107908	0.011691	7.9
934	-0.627496	356.396253	26.128391	0.005458	7.9
935	-0.597306	357.396253	26.059340	0.007696	9.6
936	-0.618679	358.396239	25.990655	0.015684	6.5
937	-0.596957	359.396239	25.922330	0.003153	5.8
938	-0.607967	359.087347	25.943396	0.005216	6.4
939	-0.587991	360.078259	25.875936	0.007754	11.1
940	-0.588519	359.769367	25.896928	0.006612	5.4
941	-0.581300	360.769367	25.829094	0.006298	10.1
942	-0.621046	360.461634	25.849930	0.004755	10.7
943	-0.591686	360.153473	25.870830	0.009260	9.9
944	-0.626122	359.845030	25.891783	0.003930	4.9
945	-0.616415	359.536138	25.912800	0.008993	6.0
946	-0.580308	360.535740	25.844910	0.004391	6.0
947	-0.584684	361.407468	25.785994	0.007596	6.1
948	-0.623698	362.393329	25.719688	0.008619	8.8
949	-0.611315	363.393329	25.652778	0.008484	7.7
950	-0.585167	364.393329	25.586215	0.005011	6.1
951	-0.602267	364.084437	25.606739	0.010085	11.4
952	-0.603984	365.084437	25.540415	0.003092	10.8
953	-0.602058	366.078500	25.474824	0.010468	6.3
954	-0.580415	365.783684	25.494242	0.004127	12.3
955	-0.600813	365.496995	25.513152	0.007485	6.8
956	-0.605238	365.190356	25.533410	0.006505	6.7
957	-0.599485	364.881482	25.553848	0.003371	10.2
958	-0.603918	365.136405	25.536978	0.004145	5.9
959	-0.604068	366.114507	25.472455	0.004852	7.0
960	-0.606531	366.528135	25.445267	0.004752	7.0
961	-0.620659	366.224480	25.465220	0.003328	5.9
962	-0.583784	366.990091	25.414970	0.005372	10.0
963	-0.631199	366.891225	25.421448	0.006585	13.6
964	-0.599783	366.582333	25.441708	0.009612	4.1
965	-0.610476	367.582333	25.376235	0.005746	6.8
966	-0.601755	368.582333	25.311098	0.006452	6.3
967	-0.603885	369.581985	25.246317	0.005693	11.2
968	-0.609366	369.273114	25.266298	0.008795	6.5
969	-0.571146	369.961440	25.221814	0.009428	6.7
970	-0.599467	370.961440	25.157466	0.007495	6.2
971	-0.589146	370.652548	25.177308	0.005163	5.4
972	-0.606658	371.652547	25.113187	0.008233	6.8
973	-0.600058	372.652537	25.049392	0.003535	6.6
974	-0.606323	372.846764	25.037039	0.006655	16.4
975	-0.622331	373.460932	24.998057	0.005474	4.0
976	-0.599294	373.152040	25.017647	0.007899	8.3
977	-0.598962	374.152040	24.954336	0.008380	7.0
978	-0.633144	375.152040	24.891344	0.011040	7.1
979	-0.604337	376.152040	24.828669	0.011634	11.5
980	-0.588259	375.843148	24.847995	0.005572	2.9
981	-0.615522	375.563716	24.865504	0.004438	7.7
982	-0.588257	376.504018	24.806684	0.008607	6.2
983	-0.610565	376.195319	24.825964	0.004469	6.0
984	-0.602304	377.168016	24.765316	0.005014	6.0
985	-0.615972	376.882441	24.783091	0.006813	9.6
986	-0.632034	376.573564	24.802345	0.008614	7.6
987	-0.581833	376.264694	24.821629	0.004401	14.8
988	-0.586114	376.002379	24.838029	0.008778	8.0
989	-0.579678	377.002379	24.775623	0.004046	6.4
990	-0.604294	376.847733	24.785253	0.008590	11.3
991	-0.605301	376.538841	24.804511	0.007508	5.5
992	-0.599662	377.538841	24.742273	0.007448	10.8
993	-0.602643	378.533627	24.680668	0.008324	9.2
994	-0.611969	379.533589	24.619051	0.003848	5.8
995	-0.590593	379.224697	24.638052	0.006450	6.0
996	-0.569485	380.224322	24.576667	0.008829	6.8
997	-0.616605	381.224322	24.515566	0.004695	6.7
998	-0.612863	382.224201	24.454774	0.004165	6.3
999	-0.591176	383.216308	24.394752	0.008523	6.0
1000	-0.617372	384.090742	24.342094	0.004788	8.7
1001	-0.623624	385.090742	24.282151	0.008847	6.4
1002	-0.601069	384.784605	24.300470	0.003987	11.8
1003	-0.612653	384.910264	24.292947	0.006937	2.0
1004	-0.605490	385.867164	24.235814	0.008528	6.1
1005	-0.599631	385.558303	24.254225	0.006900	11.0
1006	-0.631710	386.558303	24.194714	0.007959	8.8
1007	-0.585464	386.281262	24.211172	0.007511	5.8
1008	-0.590557	385.972375	24.229548	0.004509	6.7
1009	-0.576891	386.972204	24.170168	0.003447	11.3
1010	-0.607213	386.668341	24.188184	0.009272	6.0
1011	-0.614726	387.656062	24.129721	0.009375	16.2
1012	-0.628368	387.636553	24.130873	0.004701	3.5
1013	-0.614686	387.327664	24.149127	0.011055	11.0
1014	-0.607378	388.327663	24.090130	0.007399	6.5
1015	-0.619127	389.327662	24.031421	0.006441	6.7
1016	-0.610732	390.324074	23.973206	0.008499	9.2
1017	-0.613646	390.015316	23.991215	0.005047	7.4
1018	-0.607235	391.015316	23.932986	0.006836	11.0
1019	-0.599094	390.706617	23.950931	0.002958	6.2
1020	-0.602142	391.155102	23.924869	0.008872	6.4
1021	-0.590971	390.881276	23.940774	0.007849	6.2
1022	-0.603060	391.855765	23.884266	0.008259	7.3
1023	-0.617587	392.855765	23.826554	0.005376	6.2
1024	-0.591221	392.547351	23.844323	0.006454	6.4
1025	-0.575111	393.535801	23.787467	0.008630	15.0
1026	-0.596338	393.226909	23.805206	0.007094	8.7
1027	-0.589845	394.226891	23.747876	0.006542	6.4
1028	-0.599508	395.226872	23.690822	0.004682	10.4
1029	-0.599087	396.226414	23.634066	0.005262	11.2
1030	-0.591102	395.926848	23.651048	0.009725	7.4
1031	-0.587964	396.926847	23.594456	0.011368	5.8
1032	-0.630535	396.617955	23.611908	0.007864	6.0
1033	-0.588930	396.309068	23.629385	0.004708	11.9
1034	-0.600052	397.308555	23.572926	0.008539	6.5
1035	-0.582407	396.999826	23.590337	0.005666	13.0
1036	-0.617156	396.690934	23.607783	0.004360	2.6
1037	-0.616754	397.666739	23.552759	0.004180	8.4
1038	-0.610749	398.625346	23.498954	0.005492	1.5
1039	-0.568110	398.754053	23.491749	0.008843	7.4
1040	-0.590147	399.435629	23.453666	0.008695	6.6
1041	-0.619900	400.435629	23.398014	0.007151	6.1
1042	-0.585654	400.126737	23.415176	0.009089	7.1
1043	-0.593267	401.126733	23.359707	0.004522	5.8
1044	-0.594303	400.896615	23.372448	0.006807	10.1
1045	-0.599534	401.896556	23.317184	0.008058	6.5
1046	-0.614152	401.587664	23.334228	0.003252	5.9
1047	-0.587095	401.283589	23.351030	0.006091	9.6
1048	-0.596550	400.998464	23.366807	0.004395	4.8
1049	-0.601433	400.745610	23.380817	0.006698	7.3
1050	-0.584058	400.438103	23.397877	0.003904	11.1
1051	-0.592002	400.129222	23.415038	0.007495	9.6
1052	-0.625090	401.128517	23.359608	0.007862	6.2
1053	-0.606457	402.128499	23.304402	0.007850	10.1
1054	-0.604201	401.819606	23.321427	0.007074	6.0
1055	-0.599357	401.571967	23.335094	0.006268	9.3
1056	-0.623901	401.263076	23.352164	0.007673	6.1
1057	-0.598366	402.263076	23.296993	0.009585	6.1
1058	-0.608819	403.263076	23.242081	0.006945	7.6
1059	-0.584672	403.987752	23.202449	0.004573	8.0
1060	-0.600205	403.687915	23.218831	0.007870	8.0
1061	-0.603854	403.448464	23.231929	0.009247	8.0
1062	-0.595236	403.139572	23.248849	0.005795	5.8
1063	-0.571507	403.783173	23.213624	0.006108	6.2
1064	-0.616710	404.773284	23.159642	0.006756	7.9
1065	-0.591288	405.773283	23.105375	0.007423	5.9
1066	-0.602622	405.464391	23.122110	0.013353	11.2
1067	-0.616066	405.155499	23.138870	0.006901	4.0
1068	-0.631457	404.846775	23.155645	0.006646	6.4
1069	-0.596894	405.846712	23.101400	0.005841	6.5
1070	-0.609767	405.537863	23.118128	0.003602	6.0
1071	-0.602846	405.243737	23.134080	0.006677	13.4
1072	-0.608243	404.943323	23.150396	0.010339	7.4
1073	-0.605037	404.634431	23.167197	0.007821	10.5
1074	-0.608328	404.325564	23.184021	0.007267	11.0
1075	-0.592245	404.016672	23.200870	0.004873	7.9
1076	-0.600610	405.016577	23.146416	0.006212	11.9
1077	-0.584481	404.707685	23.163211	0.005394	6.1
1078	-0.639043	404.398837	23.180027	0.007675	6.5
1079	-0.617351	404.642971	23.166732	0.010868	11.0
1080	-0.608722	405.642971	23.112432	0.003648	8.3
1081	-0.622571	406.642970	23.058386	0.008673	8.0
1082	-0.615979	407.642956	23.004593	0.006459	7.9
1083	-0.601048	408.642956	22.951049	0.008854	11.8
1084	-0.592706	409.642956	22.897755	0.007550	7.3
1085	-0.600360	410.642956	22.844707	0.006620	8.8
1086	-0.613592	411.334196	22.808181	0.008053	6.0
1087	-0.615635	411.075036	22.821862	0.004027	7.2
1088	-0.605551	410.766145	22.838189	0.007607	7.1
1089	-0.563658	410.461283	22.854326	0.009340	6.6
1090	-0.584122	411.461283	22.801479	0.002870	6.0
1091	-0.604346	411.155500	22.817612	0.004066	6.1
1092	-0.612141	410.893838	22.831436	0.004574	5.8
1093	-0.593266	410.588849	22.847571	0.006725	6.4
1094	-0.586923	410.279989	22.863933	0.003410	6.0
1095	-0.563516	410.684217	22.842523	0.005307	7.8
1096	-0.630488	410.414420	22.856808	0.005340	7.0
1097	-0.621162	410.422078	22.856403	0.009400	8.8
1098	-0.593263	410.162500	22.870163	0.004111	11.8
1099	-0.625984	411.162007	22.817269	0.004315	10.4
1100	-0.599608	410.875087	22.832428	0.009539	11.0
1101	-0.567767	410.566249	22.848767	0.011103	8.5
1102	-0.599121	411.566249	22.795946	0.008574	6.0
1103	-0.623398	411.257357	22.812236	0.005242	6.7
1104	-0.610879	412.256267	22.759640	0.006244	6.3
1105	-0.595857	412.040481	22.770981	0.005850	6.8
1106	-0.601977	411.732925	22.787165	0.005153	10.0
1107	-0.601838	411.539823	22.797338	0.006022	5.1
1108	-0.586305	411.283374	22.810863	0.004273	6.5
1109	-0.615111	412.283353	22.758217	0.007604	12.7
1110	-0.609175	413.283156	22.705824	0.011006	6.0
1111	-0.627488	412.974264	22.721985	0.006564	11.0
1112	-0.598080	413.974264	22.669747	0.003595	7.4
1113	-0.574869	414.966984	22.618127	0.004519	9.7
1114	-0.591323	415.924064	22.568582	0.003952	5.3
1115	-0.613184	416.833820	22.521688	0.009027	6.2
1116	-0.614533	416.550782	22.536257	0.009022	8.2
1117	-0.593205	417.550782	22.484869	0.005735	11.0
1118	-0.596767	418.459399	22.438379	0.012286	9.1
1119	-0.603384	418.150506	22.454162	0.006357	6.2
1120	-0.635438	417.841614	22.469967	0.006632	11.1
1121	-0.614225	417.532722	22.485795	0.010422	6.2
1122	-0.622249	417.223830	22.501644	0.008405	6.9
1123	-0.614831	417.548116	22.485005	0.007556	9.1
1124	-0.614667	418.548116	22.433851	0.002929	7.5
1125	-0.608864	418.895477	22.416136	0.004846	6.1
1126	-0.618730	419.488882	22.385938	0.005059	9.8
1127	-0.577438	420.488817	22.335236	0.007822	7.6
1128	-0.588750	421.488817	22.284759	0.003762	5.9
1129	-0.607973	422.361914	22.240875	0.005141	7.3
1130	-0.610957	422.066157	22.255721	0.004934	10.6
1131	-0.583493	422.573264	22.230277	0.005607	5.9
1132	-0.609730	422.285305	22.244718	0.006538	9.9
1133	-0.605615	423.285292	22.194650	0.005159	13.3
1134	-0.557919	424.277255	22.145206	0.005427	5.7
1135	-0.606905	425.248454	22.097010	0.003950	6.1
1136	-0.611694	426.227442	22.048640	0.008033	10.6
1137	-0.611522	426.668277	22.026928	0.006839	7.2
1138	-0.623563	426.359385	22.042137	0.003332	5.8
1139	-0.647006	427.081796	22.006600	0.008229	5.9
1140	-0.597509	426.773039	22.021774	0.007336	6.2
1141	-0.604522	426.464147	22.036976	0.003668	6.0
1142	-0.606197	426.155257	22.052199	0.005372	6.2
1143	-0.616511	427.145829	22.003455	0.005087	11.2
1144	-0.613690	428.125686	21.955450	0.005227	6.8
1145	-0.606359	427.816799	21.970561	0.007619	5.8
1146	-0.599516	427.538587	21.984188	0.006308	6.9
1147	-0.571828	427.229695	21.999338	0.003529	6.3
1148	-0.604717	426.921157	22.014492	0.003798	7.6
1149	-0.570486	426.916034	22.014744	0.004145	5.8
1150	-0.581670	427.385004	21.991718	0.004804	10.4
1151	-0.585886	427.078253	22.006774	0.007038	9.6
1152	-0.610591	427.450440	21.988509	0.008024	5.8
1153	-0.620853	427.141548	22.003665	0.004715	5.8
1154	-0.577832	427.391559	21.991397	0.009167	10.6
1155	-0.605717	427.082667	22.006557	0.005453	6.8
1156	-0.562406	428.082667	21.957554	0.009854	8.7
1157	-0.572178	429.082667	21.908768	0.009098	6.6
1158	-0.615419	428.804269	21.922328	0.004085	11.1
1159	-0.596356	428.515855	21.936394	0.006385	5.9
1160	-0.608220	428.206966	21.951478	0.005974	10.9
1161	-0.623638	427.904492	21.966269	0.007879	6.2
1162	-0.600872	427.596672	21.981342	0.006484	11.1
1163	-0.621476	427.287780	21.996488	0.003367	5.2
1164	-0.594482	426.979138	22.011643	0.003762	5.8
1165	-0.614305	427.779596	21.972382	0.006190	6.4
1166	-0.636981	427.477911	21.987163	0.007723	6.1
1167	-0.601217	428.471107	21.938578	0.007733	12.0
1168	-0.583807	428.162215	21.953665	0.008086	2.7
1169	-0.595439	429.162204	21.904897	0.005524	6.9
1170	-0.603517	429.040886	21.910802	0.007969	4.8
1171	-0.600292	430.036059	21.862458	0.005133	11.3
1172	-0.590246	431.017852	21.814972	0.008858	10.8
1173	-0.615270	430.708960	21.829890	0.005373	3.9
1174	-0.636610	430.400069	21.844828	0.008357	3.6
1175	-0.610421	430.091177	21.859786	0.005534	3.4
1176	-0.600099	431.091177	21.811434	0.005141	5.3
1177	-0.595733	430.849441	21.823103	0.006500	11.1
1178	-0.589851	430.540549	21.838031	0.002349	7.1
1179	-0.618829	430.267622	21.851239	0.008209	5.8
1180	-0.598325	429.970953	21.865614	0.005774	10.8
1181	-0.604066	430.970948	21.817236	0.007292	10.5
1182	-0.614823	431.970903	21.769073	0.005117	7.5
1183	-0.564542	432.392322	21.748839	0.005059	11.4
1184	-0.623526	432.100416	21.762851	0.005690	5.5
1185	-0.610863	433.072587	21.716256	0.003714	5.9
1186	-0.609541	432.904660	21.724291	0.009621	13.6
1187	-0.620124	433.095641	21.715154	0.008986	1.5
1188	-0.625216	432.786749	21.729935	0.007515	13.3
1189	-0.589349	432.477857	21.744737	0.005275	7.8
1190	-0.593274	433.477856	21.696891	0.005148	6.5
1191	-0.601798	433.181818	21.711034	0.007910	9.5
1192	-0.617105	434.155741	21.664577	0.003608	10.7
1193	-0.598247	435.153875	21.617172	0.011294	8.9
1194	-0.617507	436.153737	21.569892	0.006501	5.9
1195	-0.613908	435.844845	21.584476	0.006077	14.8
1196	-0.585557	435.535961	21.599080	0.006415	6.8
1197	-0.608426	435.227437	21.613686	0.003987	6.8
1198	-0.607190	434.924851	21.628031	0.006859	6.8
1199	-0.599771	434.616920	21.642648	0.006030	12.0
1200	-0.605717	434.308033	21.657331	0.006470	11.0
1201	-0.613600	435.304105	21.610055	0.009204	6.9
1202	-0.612508	436.304104	21.562800	0.004186	6.3
1203	-0.621259	437.244731	21.518538	0.010054	10.5
1204	-0.621038	436.996457	21.530203	0.014712	6.7
1205	-0.587607	437.996457	21.483296	0.004121	12.0
1206	-0.583182	438.996457	21.436593	0.006466	12.6
1207	-0.599348	438.688701	21.450944	0.009315	5.8
1208	-0.602552	438.379809	21.465368	0.007153	8.8
1209	-0.604393	439.379809	21.418743	0.005464	6.3
1210	-0.619963	440.369285	21.372807	0.004105	11.9
1211	-0.588442	441.369093	21.326591	0.010546	6.3
1212	-0.622718	441.060203	21.340848	0.010258	12.3
1213	-0.615735	442.059911	21.294775	0.011232	7.5
1214	-0.605487	441.751235	21.308980	0.006739	6.3
1215	-0.575726	441.445007	21.323090	0.008095	5.9
1216	-0.612436	441.136875	21.337308	0.006714	9.1
1217	-0.608010	442.012785	21.296943	0.012124	12.7
1218	-0.586373	443.012785	21.251045	0.018498	11.0
1219	-0.591299	442.703893	21.265201	0.010059	11.8
1220	-0.597906	443.703893	21.219441	0.007275	6.8
1221	-0.607715	443.395001	21.233555	0.006380	8.0
1222	-0.612640	444.394989	21.187931	0.002923	6.5
1223	-0.608098	444.352608	21.189860	0.004709	11.6
1224	-0.612880	444.071519	21.202667	0.006988	2.7
1225	-0.602187	445.071518	21.157175	0.006305	11.1
1226	-0.609364	444.763659	21.171159	0.004868	1.7
1227	-0.623078	444.454767	21.185209	0.010683	6.4
1228	-0.601218	445.248883	21.149127	0.006083	11.1
1229	-0.604678	446.248883	21.103864	0.007058	11.5
1230	-0.589366	446.747861	21.081351	0.005013	7.2
1231	-0.617761	447.747847	21.036378	0.008213	4.5
1232	-0.598793	448.747846	20.991595	0.007917	11.7
1233	-0.609169	449.747335	20.947026	0.005329	7.4
1234	-0.600031	450.739920	20.902952	0.005815	6.3
1235	-0.621743	450.431091	20.916645	0.008122	8.2
1236	-0.605784	451.423261	20.872716	0.004059	7.3
1237	-0.588658	452.423261	20.828627	0.007353	6.4
1238	-0.577466	453.423233	20.784726	0.010359	10.6
1239	-0.613454	454.423233	20.741007	0.004617	4.8
1240	-0.612713	455.423232	20.697472	0.004049	6.3
1241	-0.585196	455.980343	20.673298	0.004195	8.6
1242	-0.592279	456.950647	20.631328	0.006431	5.7
1243	-0.588454	457.925019	20.589354	0.004031	7.2
1244	-0.635133	458.913041	20.546966	0.005799	10.9
1245	-0.596094	458.708550	20.555724	0.006575	7.9
1246	-0.584456	459.708304	20.512974	0.004136	6.5
1247	-0.583574	459.414231	20.525530	0.005387	9.4
1248	-0.588693	460.249258	20.489916	0.004243	11.5
1249	-0.578042	459.950586	20.502640	0.002377	7.6
1250	-0.586227	459.647022	20.515589	0.008179	6.2
1251	-0.600828	460.188023	20.492523	0.004314	12.3
1252	-0.594393	459.893974	20.505054	0.003589	11.8
1253	-0.580561	459.601541	20.517530	0.003821	6.3
1254	-0.596338	460.510818	20.478785	0.004811	6.2
1255	-0.611598	461.495071	20.437010	0.004235	5.9
1256	-0.578147	461.197264	20.449632	0.002388	8.2
1257	-0.599594	462.031729	20.414304	0.008011	5.9
1258	-0.614129	461.739183	20.426676	0.004486	6.2
1259	-0.612689	462.251397	20.405025	0.004798	6.5
1260	-0.615794	462.370802	20.399984	0.006249	11.1
1261	-0.628773	463.294148	20.361090	0.004596	9.8
1262	-0.608372	462.986520	20.374032	0.004977	8.4
1263	-0.605942	463.964558	20.332943	0.008005	7.5
1264	-0.617702	464.964558	20.291103	0.006929	11.7
1265	-0.606167	465.964556	20.249434	0.005123	3.9
1266	-0.616155	465.655700	20.262285	0.008379	8.9
1267	-0.579029	466.655700	20.220735	0.003870	5.6
1268	-0.586149	467.344050	20.192233	0.003283	5.9
1269	-0.621561	467.042224	20.204720	0.010865	6.2
1270	-0.610086	468.041089	20.163452	0.010972	5.9
1271	-0.613883	469.041089	20.122306	0.005353	12.5
1272	-0.605541	468.732197	20.134998	0.006459	5.7
1273	-0.615343	469.731733	20.093986	0.006931	9.8
1274	-0.619843	470.731733	20.053123	0.008073	5.9
1275	-0.608816	470.474240	20.063629	0.002777	6.3
1276	-0.616958	471.434573	20.024501	0.003898	11.1
1277	-0.617895	471.358529	20.027594	0.012675	10.2
1278	-0.599269	471.050140	20.040146	0.004950	10.1
1279	-0.610900	470.743190	20.052655	0.007865	5.8
1280	-0.602545	471.743163	20.011960	0.006210	11.8
1281	-0.596449	471.560721	20.019373	0.005156	6.6
1282	-0.581563	472.559828	19.978848	0.005913	3.2
1283	-0.624033	473.174852	19.953983	0.003846	6.7
1284	-0.624770	472.866864	19.966427	0.005840	6.1
1285	-0.583880	473.600369	19.936816	0.005708	5.8
1286	-0.614553	474.600367	19.896589	0.007667	10.4
1287	-0.595883	475.564838	19.857944	0.013047	6.7
1288	-0.622752	475.255946	19.870304	0.005037	6.2
1289	-0.592849	475.101554	19.876488	0.006804	9.6
1290	-0.635386	476.098200	19.836637	0.010570	7.8
1291	-0.607911	475.789308	19.848971	0.006581	7.4
1292	-0.584236	475.502806	19.860425	0.012520	6.8
1293	-0.613724	475.228759	19.871393	0.011725	5.9
1294	-0.605389	476.228759	19.831429	0.010544	5.7
1295	-0.592619	477.228759	19.791625	0.005338	5.1
1296	-0.593231	476.992821	19.801002	0.003088	11.2
1297	-0.621295	477.111711	19.796276	0.007672	9.4
1298	-0.619096	477.139082	19.795188	0.005793	12.7
1299	-0.616082	476.830191	19.807470	0.009637	7.2
1300	-0.619118	477.830191	19.767762	0.004262	7.9
1301	-0.607692	478.829161	19.728254	0.006543	11.2
1302	-0.604064	479.213402	19.713100	0.011435	7.7
1303	-0.612347	478.904509	19.725281	0.008332	10.9
1304	-0.607929	478.596333	19.737448	0.007149	5.1
1305	-0.588029	479.596333	19.698020	0.004929	9.0
1306	-0.623319	479.287457	19.710182	0.006030	5.8
1307	-0.590780	480.287145	19.670875	0.005752	5.7
1308	-0.603608	480.047758	19.680273	0.004260	7.2
1309	-0.601005	479.738891	19.692412	0.005512	11.0
1310	-0.608123	479.526470	19.700770	0.005687	7.5
1311	-0.602432	480.523290	19.661613	0.006242	5.9
1312	-0.597761	480.214398	19.673730	0.007730	11.8
1313	-0.586988	479.908079	19.685761	0.004508	13.5
1314	-0.585943	480.908077	19.646539	0.005489	9.0
1315	-0.611967	480.605486	19.658391	0.008080	2.1
1316	-0.610732	480.296867	19.670493	0.005395	8.3
1317	-0.591889	479.987975	19.682622	0.009148	6.4
1318	-0.613836	480.154146	19.676095	0.008524	11.8
1319	-0.609509	481.154146	19.636912	0.005428	11.3
1320	-0.601935	480.851050	19.648772	0.003611	11.4
1321	-0.600953	480.547427	19.660667	0.003402	6.0
1322	-0.597148	480.247591	19.672427	0.004905	6.4
1323	-0.594828	480.959012	19.644546	0.005627	6.2
1324	-0.612143	480.650299	19.656635	0.007036	11.9
1325	-0.606508	480.341407	19.668746	0.007261	8.0
1326	-0.610996	480.856481	19.648559	0.009362	5.7
1327	-0.614078	480.785899	19.651323	0.005920	10.1
1328	-0.594914	480.477007	19.663427	0.009467	10.9
1329	-0.615664	481.477007	19.624294	0.003968	8.6
1330	-0.629086	481.168115	19.636366	0.003880	5.8
1331	-0.572850	482.139595	19.598451	0.006242	9.9
1332	-0.583718	481.836470	19.610266	0.005184	10.7
1333	-0.606304	481.527615	19.622318	0.006057	6.0
1334	-0.602474	481.218723	19.634387	0.006890	10.8
1335	-0.601617	480.909839	19.646470	0.005993	13.2
1336	-0.604140	481.909839	19.607405	0.006351	7.2
1337	-0.589685	481.600947	19.619455	0.008603	13.2
1338	-0.602682	482.600947	19.580497	0.006132	4.6
1339	-0.607868	483.597753	19.541817	0.010094	7.7
1340	-0.587915	484.597753	19.503166	0.008070	6.2
1341	-0.614845	485.560747	19.466089	0.003284	9.7
1342	-0.588356	486.545674	19.428314	0.010238	7.7
1343	-0.611351	486.268112	19.438945	0.007875	11.8
1344	-0.621568	487.191877	19.403609	0.008116	4.6
1345	-0.598751	488.191877	19.365503	0.007315	11.7
1346	-0.583044	489.176353	19.328134	0.006917	10.9
1347	-0.619920	488.867462	19.339843	0.012735	7.4
1348	-0.556057	489.867462	19.301986	0.005737	3.7
1349	-0.625012	490.867462	19.264277	0.009137	6.3
1350	-0.614600	490.558570	19.275910	0.007419	10.1
1351	-0.619868	491.558570	19.238302	0.013995	7.7
1352	-0.598978	491.914312	19.224959	0.002527	7.9
1353	-0.592673	491.610368	19.236358	0.004529	6.3
1354	-0.620020	491.541269	19.238952	0.004091	11.2
1355	-0.611363	491.287497	19.248482	0.004375	11.3
1356	-0.573537	492.262493	19.211918	0.006695	10.8
1357	-0.584641	493.074426	19.181574	0.003352	13.1
1358	-0.574724	492.784094	19.192413	0.004500	2.4
1359	-0.610907	493.206155	19.176660	0.005798	11.7
1360	-0.593885	492.918020	19.187412	0.008347	5.9
1361	-0.593964	492.609172	19.198950	0.006455	7.1
1362	-0.585151	492.300290	19.210503	0.008544	8.0
1363	-0.609360	493.298690	19.173210	0.007234	11.9
1364	-0.612646	492.989798	19.184732	0.005183	6.0
1365	-0.616170	493.214469	19.176350	0.004601	13.3
1366	-0.629026	494.092513	19.143662	0.006245	6.0
1367	-0.605236	495.084331	19.106871	0.011684	6.2
1368	-0.585961	494.775439	19.118314	0.005389	13.5
1369	-0.599439	495.775215	19.081327	0.005902	6.5
1370	-0.598905	496.774968	19.044483	0.009700	7.5
1371	-0.609201	496.466076	19.055852	0.004260	7.9
1372	-0.616269	496.157184	19.067233	0.008525	8.0
1373	-0.608150	496.157122	19.067236	0.006876	11.4
1374	-0.581929	497.157122	19.030438	0.003607	8.4
1375	-0.588027	496.849165	19.041755	0.004530	6.2
1376	-0.593657	496.945017	19.038231	0.007064	5.9
1377	-0.587198	496.661280	19.048666	0.004872	16.5
1378	-0.589062	496.353059	19.060014	0.006800	1.7
1379	-0.556189	496.044889	19.071375	0.003410	6.8
1380	-0.606342	495.964165	19.074353	0.005231	10.7
1381	-0.578823	495.919085	19.076016	0.007518	7.0
1382	-0.598092	496.919085	19.039184	0.005311	11.6
1383	-0.602552	496.626004	19.049964	0.005810	4.4
1384	-0.578679	496.322768	19.061130	0.004300	8.8
1385	-0.584945	496.485094	19.055151	0.005540	6.0
1386	-0.606908	497.480697	19.018561	0.008572	10.2
1387	-0.590991	497.171805	19.029898	0.003176	5.8
1388	-0.592449	497.841898	19.005321	0.006859	9.8
1389	-0.612586	497.533046	19.016641	0.003886	7.7
1390	-0.602662	497.224272	19.027972	0.006610	5.9
1391	-0.598563	497.261568	19.026602	0.005815	11.6
1392	-0.583764	498.261489	18.989963	0.010938	9.0
1393	-0.586250	499.248558	18.953934	0.008267	5.9
1394	-0.622004	500.248530	18.917572	0.006898	6.1
1395	-0.604135	499.939638	18.928789	0.007136	6.3
1396	-0.598011	500.935225	18.892683	0.004435	10.3
1397	-0.573266	501.935224	18.856555	0.005543	9.6
1398	-0.590479	502.924423	18.820953	0.006116	5.9
1399	-0.579539	502.615583	18.832054	0.006267	11.2
1400	-0.586544	503.499255	18.800325	0.006547	6.2
1401	-0.570872	504.498918	18.764561	0.009734	8.4
1402	-0.587373	505.498887	18.728922	0.005546	6.3
1403	-0.608707	506.498206	18.693441	0.005740	13.0
1404	-0.615630	506.193528	18.704245	0.006453	4.2
1405	-0.606920	505.884636	18.715210	0.006830	4.5
1406	-0.602544	506.884636	18.679757	0.007435	7.0
1407	-0.612923	507.884636	18.644438	0.006689	6.3
1408	-0.588574	507.575759	18.655333	0.006133	6.1
1409	-0.598066	507.267210	18.666229	0.006859	6.1
1410	-0.592739	508.262434	18.631129	0.009526	6.1
1411	-0.598439	507.953542	18.642009	0.005657	5.3
1412	-0.605607	507.644650	18.652902	0.009658	6.0
1413	-0.591598	507.336072	18.663796	0.004664	7.6
1414	-0.603106	508.336070	18.628537	0.006255	6.9
1415	-0.610242	508.027248	18.639412	0.006115	11.9
1416	-0.587901	508.761904	18.613563	0.004683	5.6
1417	-0.617021	509.283761	18.595245	0.004840	11.1
1418	-0.592125	510.252371	18.561342	0.008072	6.8
1419	-0.595626	511.249737	18.526560	0.005676	11.3
1420	-0.591891	510.940845	18.537318	0.008226	12.2
1421	-0.596791	511.940316	18.502554	0.006151	9.6
1422	-0.605153	512.940315	18.467901	0.007795	8.1
1423	-0.578671	513.939504	18.433405	0.004488	5.5
1424	-0.620247	514.709952	18.406895	0.004532	4.4
1425	-0.609481	514.401290	18.417506	0.007298	10.9
1426	-0.600054	514.092399	18.428138	0.004232	8.3
1427	-0.604049	513.783507	18.438782	0.006529	6.0
1428	-0.603176	513.493936	18.448772	0.003637	10.0
1429	-0.579505	513.941241	18.433345	0.003477	6.0
1430	-0.621290	514.745565	18.405671	0.003796	11.2
1431	-0.591595	515.285005	18.387157	0.008257	10.5
1432	-0.596245	515.043323	18.395447	0.003263	11.3
1433	-0.577610	516.043234	18.361197	0.006564	12.3
1434	-0.582452	515.735742	18.371716	0.010267	6.8
1435	-0.606929	515.426851	18.382295	0.006922	5.9
1436	-0.601561	515.117959	18.392886	0.014923	6.5
1437	-0.578618	514.809067	18.403490	0.005439	12.1
1438	-0.610840	514.504582	18.413954	0.005427	6.2
1439	-0.598142	514.196650	18.424549	0.008950	6.5
1440	-0.601358	515.196650	18.390187	0.006302	12.2
1441	-0.587986	516.196649	18.355954	0.003854	7.9
1442	-0.608159	515.887806	18.366513	0.006079	6.6
1443	-0.600700	516.882770	18.332539	0.005647	8.9
1444	-0.603287	516.577063	18.342964	0.010278	12.4
1445	-0.588958	517.577059	18.308906	0.007775	9.2
1446	-0.594778	517.268166	18.319413	0.005237	5.3
1447	-0.608462	516.959274	18.329932	0.004528	5.7
1448	-0.624995	517.958789	18.295938	0.007714	6.0
1449	-0.590109	518.734326	18.269649	0.010253	7.1
1450	-0.585659	518.425434	18.280111	0.008376	10.8
1451	-0.601047	518.117496	18.290552	0.009548	6.4
1452	-0.575599	517.808603	18.301038	0.003877	6.4
1453	-0.583512	518.803751	18.267299	0.007803	8.7
1454	-0.611847	518.494864	18.277758	0.003425	8.8
1455	-0.607270	518.186323	18.288217	0.008737	6.7
1456	-0.618662	519.106369	18.257064	0.013326	11.1
1457	-0.612112	520.106369	18.223324	0.004717	1.7
1458	-0.588792	521.106366	18.189708	0.013006	5.9
1459	-0.586861	520.797474	18.200079	0.005128	9.2
1460	-0.619297	521.795933	18.166600	0.006949	5.9
1461	-0.624795	522.795932	18.133193	0.011320	8.1
1462	-0.572981	522.487040	18.143499	0.007571	6.9
1463	-0.613504	522.178170	18.153816	0.006703	6.9
1464	-0.633040	523.106042	18.122858	0.008168	7.9
1465	-0.604413	522.797150	18.133153	0.002925	8.0
1466	-0.582223	522.490844	18.143372	0.006267	11.9
1467	-0.606254	522.984714	18.126900	0.005824	5.4
1468	-0.608823	522.694671	18.136570	0.005482	10.0
1469	-0.607716	523.694667	18.103274	0.012941	7.5
1470	-0.613290	523.385775	18.113546	0.006212	6.0
1471	-0.592326	524.385775	18.080334	0.006061	9.9
1472	-0.620838	524.141896	18.088422	0.005501	4.9
1473	-0.596876	523.888918	18.096820	0.007576	6.1
1474	-0.615436	523.580281	18.107076	0.008507	10.6
1475	-0.606197	523.271389	18.117353	0.005041	11.2
1476	-0.609350	523.050381	18.124712	0.005087	11.6
1477	-0.613934	522.741512	18.135008	0.006183	6.0
1478	-0.580129	522.434367	18.145258	0.006103	5.7
1479	-0.622707	523.434359	18.111929	0.003025	11.2
1480	-0.617834	523.125828	18.122199	0.008295	5.4
1481	-0.585657	522.816942	18.132493	0.008729	5.7
1482	-0.587697	523.816942	18.099211	0.006943	6.1
1483	-0.599395	523.508049	18.109478	0.006656	8.0
1484	-0.653682	524.006205	18.092926	0.007154	7.8
1485	-0.614921	523.697313	18.103186	0.005076	6.1
1486	-0.610339	524.688714	18.070296	0.004034	11.6
1487	-0.590273	524.381849	18.080464	0.004690	8.7
1488	-0.600068	525.372548	18.047680	0.007439	8.0
1489	-0.597856	525.063656	18.057889	0.004963	8.0
1490	-0.618036	524.760511	18.067919	0.009872	11.6
1491	-0.606692	525.703323	18.036760	0.007712	5.3
1492	-0.592597	526.703323	18.003829	0.005966	5.9
1493	-0.597704	527.703323	17.971017	0.006526	9.7
1494	-0.600386	527.402527	17.980874	0.009426	8.3
1495	-0.584161	527.148530	17.989206	0.002690	5.9
1496	-0.604844	526.839862	17.999341	0.008438	6.1
1497	-0.597481	527.817530	17.967277	0.007060	5.8
1498	-0.599818	528.817530	17.934599	0.004220	5.8
1499	-0.624281	529.815637	17.902100	0.006841	10.5
1500	-0.591540	529.801501	17.902560	0.004412	7.8
1501	-0.592922	530.644839	17.875191	0.011414	11.2
1502	-0.592705	530.335948	17.885205	0.003633	7.6
1503	-0.623053	530.027064	17.895231	0.008082	8.0
1504	-0.595198	529.719670	17.905220	0.004013	8.4
1505	-0.614694	530.719531	17.872771	0.003783	7.5
1506	-0.576922	531.039665	17.862406	0.002233	4.6
1507	-0.614323	530.896914	17.867026	0.005498	5.9
1508	-0.607632	530.616832	17.876098	0.005477	8.1
1509	-0.583424	530.308581	17.886093	0.006228	11.0
1510	-0.585763	531.208084	17.856958	0.009197	13.1
1511	-0.617080	532.208082	17.824679	0.004055	8.2
1512	-0.657775	532.045397	17.829923	0.011189	9.2
1513	-0.606453	533.045397	17.797741	0.006335	7.9
1514	-0.602101	534.045393	17.765676	0.004525	8.0
1515	-0.601256	533.736506	17.775568	0.011369	5.8
1516	-0.567970	533.428038	17.785458	0.005744	6.0
1517	-0.608130	533.119146	17.795373	0.006186	11.1
1518	-0.598242	532.810261	17.805298	0.008199	3.8
1519	-0.602778	533.441323	17.785032	0.007388	9.7
1520	-0.597852	534.441323	17.753012	0.008439	5.8
1521	-0.597098	534.132431	17.762891	0.003734	11.6
1522	-0.593815	533.823755	17.772773	0.003163	11.1
1523	-0.614084	534.756555	17.742943	0.008605	6.8
1524	-0.582927	535.755552	17.711106	0.010729	9.5
1525	-0.596504	536.755552	17.679352	0.007687	10.7
1526	-0.626193	536.446660	17.689148	0.009535	14.7
1527	-0.591046	536.285726	17.694257	0.003478	2.4
1528	-0.578884	537.163468	17.666432	0.005226	8.1
1529	-0.595613	537.999514	17.640009	0.007288	6.3
1530	-0.596284	537.692244	17.649711	0.006178	5.2
1531	-0.607232	537.914812	17.642683	0.002167	11.1
1532	-0.585890	538.331757	17.629531	0.004846	8.0
1533	-0.596926	538.042599	17.638650	0.009077	16.1
1534	-0.607876	539.042566	17.607156	0.007870	6.5
1535	-0.608912	538.733677	17.616872	0.006445	11.7
1536	-0.606142	539.733677	17.585455	0.007531	6.8
1537	-0.612813	539.424785	17.595147	0.011096	6.0
1538	-0.592979	540.424785	17.563807	0.003033	9.9
1539	-0.610227	540.115898	17.573476	0.010076	11.2
1540	-0.581517	539.807069	17.583153	0.008355	10.7
1541	-0.594629	540.807069	17.551856	0.004908	9.5
1542	-0.598528	540.498177	17.561512	0.006955	5.3
1543	-0.601560	540.189287	17.571178	0.004283	5.9
1544	-0.594767	539.880399	17.580855	0.006176	8.5
1545	-0.599152	540.565647	17.559402	0.005832	6.2
1546	-0.583770	541.561899	17.528305	0.008574	9.7
1547	-0.588628	542.561899	17.497203	0.011855	15.9
1548	-0.589419	543.561806	17.466213	0.006313	3.9
1549	-0.598013	543.252914	17.475775	0.007258	9.3
1550	-0.607870	542.944022	17.485347	0.006867	11.7
1551	-0.587449	542.635823	17.494908	0.004722	10.1
1552	-0.590688	542.336055	17.504217	0.007777	8.3
1553	-0.620271	542.027163	17.513821	0.009107	6.0
1554	-0.614103	541.718271	17.523434	0.008029	9.4
1555	-0.574426	541.409379	17.533059	0.014383	10.6
1556	-0.590873	541.935152	17.516683	0.004405	9.7
1557	-0.596782	541.626285	17.526299	0.010077	16.5
1558	-0.594827	541.317598	17.535921	0.005014	13.8
1559	-0.598165	541.013023	17.545424	0.009382	3.7
1560	-0.608133	542.013023	17.514260	0.004913	7.7
1561	-0.607216	541.778442	17.521561	0.003937	5.1
1562	-0.595815	541.470098	17.531166	0.007269	5.8
1563	-0.597401	542.375566	17.502990	0.009030	5.9
1564	-0.640444	543.375565	17.471977	0.004972	5.7
1565	-0.603836	544.375440	17.441077	0.003741	6.0
1566	-0.599645	544.067340	17.450587	0.006512	5.9
1567	-0.621489	543.958304	17.453955	0.007004	9.5
1568	-0.607405	544.958039	17.423123	0.009185	10.9
1569	-0.579845	544.649147	17.432638	0.005566	13.8
1570	-0.625253	545.649109	17.401875	0.007410	6.7
1571	-0.593207	546.028363	17.390235	0.008116	4.9
1572	-0.599901	547.028362	17.359620	0.010283	4.8
1573	-0.621047	548.028362	17.329113	0.005588	6.1
1574	-0.601319	547.719470	17.338525	0.009898	4.6
1575	-0.616365	548.719461	17.308092	0.004288	5.1
1576	-0.605867	548.410568	17.317481	0.007572	5.8
1577	-0.606579	548.101682	17.326880	0.005366	5.8
1578	-0.593731	547.792793	17.336290	0.005110	10.4
1579	-0.610357	548.614026	17.311295	0.005151	5.1
1580	-0.578715	548.307008	17.320631	0.009854	12.0
1581	-0.607094	549.307007	17.290260	0.008368	11.5
1582	-0.605526	548.998115	17.299630	0.007670	8.2
1583	-0.600610	548.689476	17.309003	0.008596	7.4
1584	-0.600213	549.689476	17.278673	0.007214	6.1
1585	-0.592599	550.689464	17.248449	0.006529	10.3
1586	-0.623003	550.410120	17.256881	0.002771	7.1
1587	-0.602388	550.207435	17.263005	0.005637	6.9
1588	-0.609479	551.197725	17.233128	0.007777	5.9
1589	-0.602581	550.888841	17.242436	0.008861	9.4
1590	-0.597981	551.888841	17.212339	0.005546	6.1
1591	-0.633237	552.564886	17.192051	0.010065	5.0
1592	-0.615193	553.562472	17.162201	0.006634	6.4
1593	-0.588438	553.253580	17.171433	0.004407	5.8
1594	-0.605475	554.251852	17.141634	0.007181	6.7
1595	-0.614121	555.250515	17.111927	0.003906	15.1
1596	-0.597795	556.247124	17.082383	0.003738	7.7
1597	-0.592529	556.432654	17.076895	0.005712	6.0
1598	-0.597848	556.891866	17.063325	0.004491	9.3
1599	-0.608405	557.841293	17.035337	0.006296	11.0
1600	-0.600639	557.912190	17.033251	0.003507	6.2
1601	-0.616590	558.854606	17.005568	0.008945	11.4
1602	-0.612980	559.566613	16.984712	0.006705	5.9
1603	-0.633575	559.257721	16.993754	0.004445	16.4
1604	-0.605913	558.960844	17.002453	0.008430	6.9
1605	-0.596402	558.651952	17.011513	0.009837	6.4
1606	-0.607553	559.651952	16.982216	0.010131	13.4
1607	-0.589125	560.651952	16.953019	0.004617	5.7
1608	-0.587047	561.651952	16.923923	0.011079	6.0
1609	-0.621970	561.343060	16.932900	0.005828	8.5
1610	-0.616983	561.034168	16.941886	0.007736	12.1
1611	-0.595357	560.725276	16.950882	0.005670	7.7
1612	-0.593639	560.423464	16.959681	0.007500	6.0
1613	-0.608706	560.114601	16.968695	0.009065	5.8
1614	-0.630507	559.805709	16.977720	0.007420	8.0
1615	-0.610425	559.496817	16.986754	0.009028	7.9
1616	-0.617877	559.187928	16.995798	0.004728	8.0
1617	-0.590833	560.187927	16.966555	0.008155	6.7
1618	-0.601353	559.879062	16.975576	0.008018	7.9
1619	-0.609799	559.570174	16.984608	0.007885	7.9
1620	-0.597507	560.366909	16.961331	0.005422	7.3
1621	-0.597938	561.366689	16.932213	0.008344	8.6
1622	-0.609041	562.366688	16.903188	0.005074	7.9
1623	-0.598082	562.057796	16.912143	0.005467	6.1
1624	-0.594270	561.748909	16.921107	0.003977	5.9
1625	-0.611609	561.456130	16.929613	0.004914	11.1
1626	-0.587263	561.991046	16.914079	0.010396	5.0
1627	-0.612271	561.682154	16.923046	0.010125	7.5
1628	-0.608856	562.682154	16.894052	0.009796	11.6
1629	-0.580868	563.682154	16.865158	0.004295	5.7
1630	-0.614395	564.682154	16.836362	0.005124	17.7
1631	-0.599322	565.477208	16.813538	0.004931	4.7
1632	-0.586059	565.312505	16.818261	0.005784	6.1
1633	-0.630796	565.088376	16.824693	0.005090	6.5
1634	-0.615554	564.779538	16.833563	0.013535	6.1
1635	-0.602605	565.778157	16.804914	0.004156	7.2
1636	-0.576954	565.469265	16.813766	0.006987	12.3
1637	-0.615125	565.162366	16.822569	0.004325	9.1
1638	-0.618403	565.214181	16.821082	0.005305	5.7
1639	-0.605796	564.906231	16.829923	0.003740	11.3
1640	-0.621869	565.168792	16.822384	0.008182	11.5
1641	-0.611376	566.167291	16.793777	0.005649	6.2
1642	-0.589499	565.862991	16.802485	0.004751	11.9
1643	-0.578397	566.855848	16.774107	0.007854	7.1
1644	-0.609810	566.547082	16.782922	0.003771	5.9
1645	-0.613692	566.750137	16.777124	0.008451	11.1
1646	-0.596276	566.743966	16.777300	0.004565	5.4
1647	-0.601775	567.743966	16.748803	0.009075	6.6
1648	-0.582023	567.505855	16.755580	0.013472	4.4
1649	-0.582639	567.196965	16.764379	0.004929	6.9
1650	-0.590778	566.890989	16.773104	0.006860	5.9
1651	-0.594011	566.582097	16.781922	0.004397	6.8
1652	-0.604624	567.109428	16.766874	0.002570	11.1
1653	-0.609781	566.895871	16.772965	0.005156	10.8
1654	-0.592872	566.591159	16.781663	0.009647	9.0
1655	-0.586275	567.591159	16.753151	0.006553	11.3
1656	-0.617337	568.513280	16.726946	0.007048	8.6
1657	-0.605544	569.513280	16.698620	0.007227	9.2
1658	-0.607864	570.513280	16.670389	0.005270	6.5
1659	-0.607809	570.275664	16.677089	0.004506	6.6
1660	-0.641540	571.275024	16.648949	0.008133	9.0
1661	-0.596917	570.966146	16.657636	0.008923	8.0
1662	-0.616728	571.966146	16.629544	0.006427	5.9
1663	-0.596172	572.966146	16.601547	0.007307	10.0
1664	-0.581860	573.954526	16.573967	0.007365	6.9
1665	-0.604539	573.646315	16.582558	0.009412	7.4
1666	-0.607635	574.418947	16.561040	0.007949	11.2
1667	-0.605438	574.110055	16.569636	0.004461	1.7
1668	-0.633305	575.109916	16.541843	0.006874	10.4
1669	-0.593437	575.576540	16.528905	0.004777	15.8
1670	-0.595780	575.267648	16.537467	0.005768	3.1
1671	-0.609612	574.965732	16.545845	0.008017	8.8
1672	-0.618463	575.965732	16.518129	0.006228	7.4
1673	-0.611177	576.965732	16.490505	0.004112	6.3
1674	-0.581230	577.965707	16.462974	0.006465	10.3
1675	-0.612874	578.965549	16.435538	0.011975	5.8
1676	-0.601068	578.656688	16.444004	0.006850	9.7
1677	-0.579357	578.347796	16.452478	0.005508	12.0
1678	-0.602838	579.311399	16.426069	0.008472	11.6
1679	-0.604772	580.311385	16.398753	0.003476	6.4
1680	-0.594194	580.176646	16.402428	0.004783	6.4
1681	-0.582158	580.490528	16.393869	0.006684	4.5
1682	-0.602076	580.181653	16.402292	0.008820	6.7
1683	-0.619565	581.181653	16.375053	0.003249	8.0
1684	-0.604014	580.911578	16.382401	0.007076	8.0
1685	-0.582106	581.911441	16.355232	0.008189	5.9
1686	-0.587782	581.602549	16.363616	0.005628	10.1
1687	-0.602928	582.602411	16.336510	0.007165	11.6
1688	-0.576972	583.602199	16.309495	0.009576	8.4
1689	-0.606730	584.602199	16.282564	0.011153	7.4
1690	-0.609846	585.602199	16.255722	0.006477	6.7
1691	-0.588536	585.293307	16.264004	0.008887	11.1
1692	-0.599212	586.291238	16.237278	0.006070	8.5
1693	-0.603543	586.826222	16.222987	0.010997	10.9
1694	-0.608779	587.826216	16.196341	0.006146	7.9
1695	-0.589303	587.517323	16.204562	0.006985	11.4
1696	-0.601652	587.208432	16.212792	0.005175	6.1
1697	-0.595778	588.198199	16.186451	0.004185	10.7
1698	-0.610324	589.197586	16.159941	0.011756	6.1
1699	-0.586483	590.197584	16.133501	0.005302	10.4
1700	-0.622765	589.888692	16.141659	0.004519	14.1
1701	-0.621800	590.558006	16.123993	0.009045	6.1
1702	-0.613947	591.557999	16.097670	0.007635	11.1
1703	-0.603020	592.557995	16.071434	0.009974	11.6
1704	-0.597505	592.249103	16.079529	0.003528	7.6
1705	-0.608959	591.974283	16.086738	0.006680	5.8
1706	-0.601548	591.669006	16.094754	0.009841	5.8
1707	-0.617879	592.669006	16.068527	0.007814	6.0
1708	-0.615385	593.669006	16.042385	0.009918	6.3
1709	-0.564655	594.669006	16.016328	0.006110	11.0
1710	-0.601929	594.360274	16.024363	0.003896	7.3
1711	-0.604515	594.070332	16.031917	0.016473	7.0
1712	-0.623537	593.761440	16.039973	0.008409	11.7
1713	-0.592038	594.761440	16.013924	0.003807	5.1
1714	-0.609154	595.761440	15.987959	0.006770	8.3
1715	-0.591292	596.755711	15.962227	0.005717	8.3
1716	-0.599308	597.755709	15.936429	0.003605	11.0
1717	-0.574116	597.446983	15.944385	0.003493	5.7
1718	-0.604724	597.284673	15.948571	0.007722	5.9
1719	-0.624327	598.271834	15.923147	0.004426	8.7
1720	-0.572375	599.045159	15.903288	0.006787	5.8
1721	-0.601540	598.745555	15.910976	0.008270	10.1
1722	-0.592752	599.745555	15.885344	0.005403	6.0
1723	-0.619334	599.436663	15.893253	0.005451	10.2
1724	-0.605355	600.142779	15.875185	0.004776	10.3
1725	-0.586636	601.108051	15.850553	0.002202	4.0
1726	-0.593515	601.343025	15.844569	0.009774	10.4
1727	-0.609393	601.264785	15.846561	0.008151	6.0
1728	-0.604132	600.955893	15.854431	0.003198	11.6
1729	-0.605752	601.000110	15.853304	0.010783	1.5
1730	-0.596711	601.234146	15.847341	0.007719	5.9
1731	-0.606966	600.925254	15.855212	0.006238	5.9
1732	-0.601895	600.616361	15.863091	0.006502	5.9
1733	-0.586079	600.307471	15.870977	0.007453	6.5
1734	-0.594909	601.307471	15.845474	0.007878	8.2
1735	-0.619262	602.307471	15.820052	0.009229	8.0
1736	-0.583955	601.998579	15.827896	0.008283	6.2
1737	-0.639060	602.998579	15.802531	0.007712	11.2
1738	-0.580654	602.787473	15.807879	0.004255	6.3
1739	-0.616960	603.787466	15.782578	0.006352	6.5
1740	-0.616307	604.749497	15.758313	0.005311	9.3
1741	-0.600854	605.723227	15.733830	0.007357	5.8
1742	-0.587669	606.524358	15.713743	0.005172	8.7
1743	-0.599863	606.216801	15.721449	0.005488	8.8
1744	-0.596592	605.910226	15.729137	0.004760	9.1
1745	-0.616088	606.908674	15.704126	0.014299	13.0
1746	-0.600967	607.908674	15.679155	0.006257	6.9
1747	-0.603276	608.107112	15.674210	0.010152	10.3
1748	-0.591576	609.107112	15.649334	0.007565	9.0
1749	-0.584833	610.107112	15.624537	0.003323	5.6
1750	-0.595067	611.079213	15.600508	0.008255	8.3
1751	-0.605719	612.079184	15.575866	0.007850	3.8
1752	-0.604600	613.079184	15.551302	0.003690	6.2
1753	-0.606573	613.989715	15.529002	0.005893	6.1
1754	-0.623004	614.986016	15.504675	0.009382	6.0
1755	-0.594677	614.677124	15.512209	0.007327	6.4
1756	-0.611972	615.677086	15.487846	0.004311	5.9
1757	-0.582019	616.677086	15.463558	0.007835	6.8
1758	-0.608381	617.665552	15.439625	0.008420	5.9
1759	-0.603883	617.356660	15.447096	0.004205	7.5
1760	-0.599594	618.355738	15.422958	0.005653	6.4
1761	-0.610124	618.954801	15.408521	0.004937	10.9
1762	-0.600923	618.645918	15.415961	0.005383	12.1
1763	-0.582011	618.356517	15.422939	0.010786	7.7
1764	-0.585846	618.852065	15.410995	0.009347	7.8
1765	-0.589846	619.852065	15.386947	0.006361	5.9
1766	-0.619390	619.543173	15.394367	0.005522	10.0
1767	-0.579238	620.532298	15.370632	0.005359	6.0
1768	-0.613737	621.531706	15.346724	0.004763	8.8
1769	-0.572499	622.419253	15.325554	0.005240	11.1
1770	-0.580782	622.110385	15.332915	0.005383	4.3
1771	-0.624678	621.801719	15.340277	0.009268	6.4
1772	-0.607983	622.801471	15.316456	0.007448	16.7
1773	-0.617060	623.801471	15.292702	0.005600	1.9
1774	-0.613983	624.801466	15.269022	0.004911	9.9
1775	-0.604133	625.541419	15.251547	0.006607	10.7
1776	-0.615503	626.524931	15.228382	0.006075	7.8
1777	-0.600632	626.216336	15.235643	0.006319	6.3
1778	-0.574114	625.907481	15.242917	0.005805	10.7
1779	-0.612225	626.907339	15.219393	0.007394	10.6
1780	-0.606058	627.907302	15.195940	0.004963	6.3
1781	-0.602325	628.232561	15.188327	0.004408	6.0
1782	-0.594967	628.995217	15.170507	0.006986	6.8
1783	-0.602678	628.902925	15.172661	0.005297	16.5
1784	-0.604397	629.902913	15.149351	0.007064	5.7
1785	-0.630740	629.594022	15.156544	0.006698	6.8
1786	-0.605159	629.285130	15.163743	0.006506	11.1
1787	-0.616357	628.976244	15.170949	0.007162	11.0
1788	-0.576034	628.667361	15.178162	0.004197	6.4
1789	-0.612376	629.667359	15.154835	0.005180	10.9
1790	-0.614850	630.497335	15.135529	0.009471	5.7
1791	-0.587660	630.188443	15.142708	0.005105	7.1
1792	-0.611064	629.879561	15.149895	0.007914	10.3
1793	-0.618682	629.899574	15.149429	0.004277	8.0
1794	-0.586954	630.878070	15.126689	0.002597	16.6
1795	-0.598652	630.779553	15.128975	0.005704	3.3
1796	-0.579509	631.730745	15.106929	0.005555	11.8
1797	-0.612445	632.694178	15.084664	0.008475	5.9
1798	-0.593439	632.594976	15.086953	0.008030	6.0
1799	-0.625179	633.594790	15.063910	0.008929	11.7
1800	-0.580312	633.285898	15.071021	0.009075	7.1
1801	-0.589167	634.285898	15.048022	0.005925	11.9
1802	-0.591503	635.285187	15.025109	0.006850	11.3
1803	-0.596214	636.261639	15.002788	0.008538	11.1
1804	-0.581025	635.952970	15.009837	0.002382	6.6
1805	-0.617075	636.948709	14.987121	0.004629	7.5
1806	-0.613244	636.870700	14.988898	0.010334	8.0
1807	-0.607994	636.646019	14.994019	0.003564	7.8
1808	-0.588002	636.337133	15.001064	0.006475	10.6
1809	-0.569414	637.321434	14.978635	0.008637	9.0
1810	-0.620999	637.012542	14.985667	0.008840	6.0
1811	-0.613261	636.703658	14.992705	0.005370	9.9
1812	-0.595437	637.703614	14.969945	0.004072	2.8
1813	-0.586787	638.619217	14.949165	0.007204	8.1
1814	-0.628719	638.316683	14.956025	0.007324	6.0
1815	-0.610680	639.316621	14.933377	0.009997	5.7
1816	-0.604512	639.736530	14.923886	0.009897	6.0
1817	-0.606775	640.736530	14.901333	0.005504	12.1
1818	-0.621867	641.736058	14.878860	0.006452	9.3
1819	-0.615543	641.427242	14.885796	0.007393	5.8
1820	-0.593068	642.427241	14.863358	0.008111	6.2
1821	-0.613179	643.426948	14.840995	0.005219	6.9
1822	-0.586245	643.118057	14.847897	0.005345	8.0
1823	-0.599490	644.117214	14.825592	0.010346	6.8
1824	-0.619917	645.117214	14.803336	0.008640	5.9
1825	-0.604973	646.117214	14.781146	0.003539	5.9
1826	-0.597575	647.117197	14.759022	0.004296	11.2
1827	-0.590128	646.854372	14.764831	0.004051	6.3
1828	-0.617552	647.786153	14.744260	0.010390	7.5
1829	-0.630752	648.785436	14.722262	0.002837	8.0
1830	-0.601564	648.476549	14.729055	0.008826	15.3
1831	-0.604312	649.476214	14.707094	0.009034	4.4
1832	-0.617823	650.476213	14.685191	0.008912	6.9
1833	-0.601434	650.167321	14.691950	0.010092	9.0
1834	-0.609592	651.167321	14.670092	0.011819	7.9
1835	-0.602077	652.032707	14.651230	0.003952	5.7
1836	-0.617265	651.723854	14.657956	0.006341	6.2
1837	-0.612783	652.392368	14.643404	0.004593	11.1
1838	-0.608173	652.083546	14.650123	0.008138	7.8
1839	-0.612217	651.774951	14.656843	0.012314	11.7
1840	-0.600952	651.466059	14.663575	0.007942	9.5
1841	-0.614520	651.157702	14.670302	0.007640	6.6
1842	-0.604331	652.157702	14.648509	0.003969	12.1
1843	-0.589715	653.154576	14.626848	0.003544	5.4
1844	-0.577505	653.748922	14.613964	0.009219	6.3
1845	-0.615119	653.475155	14.619896	0.005982	6.0
1846	-0.584638	653.166265	14.626595	0.003805	11.3
1847	-0.598940	654.015619	14.608190	0.004836	1.8
1848	-0.588809	653.749709	14.613947	0.009590	7.1
1849	-0.575051	654.749705	14.592321	0.004258	8.0
1850	-0.593949	654.441020	14.598990	0.005394	11.3
1851	-0.615922	655.144768	14.583795	0.007065	6.5
1852	-0.623755	654.835876	14.590461	0.004545	10.0
1853	-0.603144	654.527054	14.597131	0.006306	11.1
1854	-0.592086	655.434985	14.577538	0.006460	10.4
1855	-0.619156	656.432279	14.556077	0.004578	7.3
1856	-0.591331	656.146575	14.562219	0.006459	6.1
1857	-0.589094	655.950860	14.566429	0.002531	8.3
1858	-0.612900	656.597029	14.552538	0.006293	6.4
1859	-0.588510	656.377524	14.557254	0.005411	6.1
1860	-0.601947	657.376411	14.535819	0.006604	10.5
1861	-0.607802	658.358753	14.514800	0.011101	6.7
1862	-0.628949	658.049861	14.521403	0.013095	11.6
1863	-0.591066	657.740969	14.528012	0.002191	5.5
1864	-0.607526	657.759542	14.527614	0.005851	7.2
1865	-0.584084	657.534209	14.532439	0.003631	13.0
1866	-0.599942	657.226585	14.539030	0.008923	8.1
1867	-0.602142	656.917701	14.545655	0.005603	5.3
1868	-0.610245	657.877432	14.525091	0.003743	10.9
1869	-0.586107	658.760468	14.506223	0.007940	11.3
1870	-0.620476	658.693449	14.507653	0.006753	9.1
1871	-0.557321	658.388288	14.514169	0.006557	5.7
1872	-0.610283	658.207984	14.518022	0.006901	6.0
1873	-0.603821	659.207970	14.496679	0.007282	8.0
1874	-0.590838	660.207970	14.475398	0.004691	6.6
1875	-0.621258	661.185875	14.454648	0.005941	11.3
1876	-0.599191	662.184401	14.433521	0.008256	4.2
1877	-0.624840	663.184383	14.412426	0.006208	4.6
1878	-0.613560	664.184383	14.391392	0.004547	8.7
1879	-0.602846	663.877570	14.397839	0.003556	11.0
1880	-0.594731	664.613565	14.382383	0.006044	8.1
1881	-0.608105	664.306868	14.388819	0.011042	6.6
1882	-0.603631	665.306868	14.367854	0.008046	6.1
1883	-0.601539	664.997976	14.374323	0.004129	5.8
1884	-0.583450	664.689118	14.380798	0.005800	5.9
1885	-0.590733	664.440962	14.386004	0.007859	5.9
1886	-0.610597	664.133090	14.392469	0.004960	6.6
1887	-0.607135	665.133089	14.371493	0.002933	7.1
1888	-0.614313	666.058795	14.352129	0.006003	6.0
1889	-0.576574	666.040968	14.352502	0.009047	5.9
1890	-0.623111	667.040565	14.331650	0.005113	7.5
1891	-0.626038	666.731673	14.338087	0.005103	12.3
1892	-0.594656	667.644062	14.319091	0.006429	7.0
1893	-0.581295	668.593371	14.299379	0.008657	8.0
1894	-0.593976	668.284479	14.305787	0.006740	6.2
1895	-0.593435	667.975587	14.312200	0.004143	11.0
1896	-0.599679	668.975568	14.291458	0.009789	11.5
1897	-0.584968	669.975568	14.270775	0.007748	6.4
1898	-0.609287	670.975568	14.250152	0.008060	10.5
1899	-0.578346	670.670027	14.256446	0.003034	7.4
1900	-0.609706	670.362153	14.262795	0.005944	11.5
1901	-0.611710	671.257133	14.244356	0.003129	7.3
1902	-0.610196	671.000367	14.249641	0.006122	10.9
1903	-0.594147	671.579516	14.237725	0.008825	12.9
1904	-0.600096	672.579289	14.217202	0.009113	1.8
1905	-0.627107	673.357810	14.201261	0.006441	7.5
1906	-0.573585	674.357810	14.180838	0.007441	9.2
1907	-0.601311	674.048936	14.187140	0.007690	12.1
1908	-0.616903	673.740099	14.193447	0.010384	11.0
1909	-0.569137	673.431207	14.199760	0.008256	5.8
1910	-0.596735	674.431207	14.179342	0.009797	12.4
1911	-0.588022	675.431207	14.158982	0.007831	5.7
1912	-0.578996	676.431207	14.138680	0.011005	6.1
1913	-0.611210	677.431110	14.118439	0.005812	16.6
1914	-0.602131	678.431110	14.098253	0.007056	7.2
1915	-0.612195	678.152084	14.103879	0.003447	6.3
1916	-0.618674	679.150309	14.083771	0.007851	6.3
1917	-0.639028	678.847964	14.089856	0.004861	8.0
1918	-0.608661	679.847962	14.069752	0.009113	13.4
1919	-0.588580	680.847962	14.049705	0.004339	5.5
1920	-0.604719	680.539070	14.055891	0.004342	6.2
1921	-0.578771	680.445213	14.057772	0.007146	6.0
1922	-0.602394	680.138502	14.063921	0.007476	6.4
1923	-0.597335	681.084610	14.044969	0.003293	12.0
1924	-0.590079	682.083649	14.025012	0.008555	9.8
1925	-0.590740	681.776818	14.031135	0.005331	12.9
1926	-0.592718	682.775745	14.011220	0.012157	4.0
1927	-0.601598	683.775744	13.991340	0.005404	12.2
1928	-0.596429	684.775724	13.971516	0.008829	9.5
1929	-0.613267	684.466837	13.977633	0.005047	8.0
1930	-0.588431	685.466836	13.957848	0.005451	6.0
1931	-0.614596	685.158513	13.963942	0.007397	7.1
1932	-0.606222	684.849621	13.970053	0.007295	4.9
1933	-0.590718	684.543535	13.976114	0.007112	5.9
1934	-0.593893	684.234643	13.982235	0.006861	7.6
1935	-0.614342	685.234643	13.962437	0.005651	5.7
1936	-0.625575	685.529866	13.956603	0.007139	5.9
1937	-0.633819	685.234598	13.962438	0.009445	5.9
1938	-0.628218	684.925719	13.968547	0.004763	10.9
1939	-0.617887	684.616827	13.974662	0.003976	2.4
1940	-0.614463	684.429611	13.978371	0.007061	7.5
1941	-0.578743	685.422387	13.958726	0.007636	11.0
1942	-0.601683	685.113495	13.964833	0.003785	8.9
1943	-0.596079	684.804607	13.970944	0.005293	11.1
1944	-0.583462	684.497088	13.977034	0.009374	1.6
1945	-0.599819	685.497088	13.957250	0.005973	6.2
1946	-0.637654	685.190698	13.963306	0.006536	6.5
1947	-0.612729	684.881849	13.969415	0.013344	9.6
1948	-0.583004	685.881849	13.949653	0.005098	7.3
1949	-0.620024	685.572957	13.955752	0.005176	11.0
1950	-0.574135	686.552996	13.936421	0.008373	9.4
1951	-0.598092	686.244105	13.942508	0.005157	7.5
1952	-0.599219	687.244104	13.922822	0.004167	9.1
1953	-0.594185	688.184953	13.904351	0.011023	5.7
1954	-0.620360	689.184789	13.884776	0.005600	6.0
1955	-0.613140	688.875897	13.890818	0.009580	10.5
1956	-0.605467	689.795268	13.872851	0.008452	7.5
1957	-0.621709	689.486375	13.878882	0.006152	8.7
1958	-0.623739	690.486373	13.859375	0.006875	6.0
1959	-0.582425	691.454620	13.840540	0.006728	11.6
1960	-0.568256	692.454620	13.821141	0.007020	7.1
1961	-0.619636	692.408837	13.822028	0.008891	6.0
1962	-0.616267	693.408837	13.802680	0.005676	13.0
1963	-0.615500	694.408834	13.783387	0.005376	9.2
1964	-0.597431	694.117962	13.788993	0.003977	6.0
1965	-0.595858	693.841102	13.794334	0.013851	5.5
1966	-0.625625	694.841102	13.775064	0.003548	11.1
1967	-0.623620	695.838277	13.755901	0.005104	5.3
1968	-0.582374	696.002102	13.752758	0.004832	6.1
1969	-0.604829	696.436143	13.744438	0.007012	6.2
1970	-0.609494	696.128605	13.750332	0.004702	5.8
1971	-0.593312	696.976472	13.734095	0.005096	12.3
1972	-0.599632	696.669857	13.739962	0.005483	8.5
1973	-0.612775	696.634332	13.740642	0.002199	11.1
1974	-0.604179	696.485554	13.743492	0.005889	8.8
1975	-0.622491	696.181993	13.749309	0.007324	6.5
1976	-0.618984	695.873101	13.755233	0.015846	8.5
1977	-0.611331	695.564209	13.761163	0.008478	5.9
1978	-0.586856	696.564209	13.741985	0.007882	6.1
1979	-0.605581	696.255317	13.747903	0.008355	6.0
1980	-0.616953	695.946425	13.753826	0.008887	9.0
1981	-0.609800	695.639778	13.759712	0.005896	7.9
1982	-0.592268	696.639778	13.740538	0.009675	11.0
1983	-0.594379	697.639230	13.721428	0.006347	6.5
1984	-0.606432	698.639173	13.702362	0.010688	6.2
1985	-0.612389	698.330641	13.708240	0.010011	7.2
1986	-0.614576	699.330641	13.689209	0.010278	12.0
1987	-0.591976	700.330641	13.670231	0.003819	10.0
1988	-0.623855	700.149160	13.673672	0.006392	5.9
1989	-0.621703	699.849976	13.679347	0.005446	10.9
1990	-0.619554	699.541091	13.685211	0.006759	4.1
1991	-0.579599	699.234675	13.691033	0.006266	11.4
1992	-0.607485	699.538757	13.685255	0.005709	11.5
1993	-0.623617	699.230900	13.691105	0.006580	6.5
1994	-0.623976	700.229605	13.672146	0.003829	11.7
1995	-0.581748	701.221186	13.653375	0.007271	11.0
1996	-0.642519	701.856478	13.641376	0.013475	8.2
1997	-0.594801	701.547585	13.647207	0.012395	5.9
1998	-0.609111	702.533065	13.628619	0.009398	10.0
1999	-0.611636	702.251350	13.633928	0.007024	4.0
