1:ItNr	2:Metric	3:StepSize	4:||Gradient||	Time[ms]
0	-0.910012	627.201626	0.008593	1779.4
1	-0.605039	623.504937	0.005853	13.2
2	-0.834982	619.865785	0.008724	8.8
3	-0.592267	616.282728	0.006402	9.1
4	-0.316605	612.754375	0.004632	11.5
5	-0.834130	609.279381	0.006383	16.2
6	-0.000026	605.856447	0.000018	8.2
7	-0.233542	602.484317	0.009524	11.1
8	-0.476337	599.161779	0.008770	7.5
9	-0.160227	595.887656	0.003382	6.9
10	-0.194617	592.660813	0.002412	7.6
11	-0.143736	589.480151	0.001347	9.6
12	-0.569024	586.344606	0.008329	6.5
13	-0.453986	583.253145	0.005008	5.8
14	-0.780016	580.204771	0.007530	12.0
15	-0.855018	577.198517	0.006841	10.0
16	-0.000000	574.233444	0.000000	12.0
17	-0.935437	571.308645	0.011448	12.3
18	-0.602006	568.423237	0.005889	6.0
19	-0.813036	565.576365	0.009449	7.4
20	-0.000000	562.767201	0.000000	7.3
21	-0.543230	559.994938	0.014243	7.1
22	-0.000000	557.258797	0.000000	6.7
23	-0.187081	554.558018	0.008114	10.6
24	-0.974144	551.891865	0.011887	6.5
25	-0.457670	549.259621	0.008371	6.6
26	-0.773159	546.660592	0.010137	10.7
27	-0.087339	544.094102	0.003006	7.9
28	-0.880781	541.559494	0.018041	6.5
29	-0.320004	539.056129	0.003722	11.3
30	-0.221095	536.583387	0.004099	10.0
31	-0.266573	534.140663	0.004153	6.5
32	-0.421466	531.727370	0.006709	6.5
33	-0.646546	529.342935	0.004629	6.5
34	-0.527005	526.986802	0.010429	12.4
35	-0.553534	524.658430	0.007300	7.0
36	-0.801792	522.357290	0.007685	8.3
37	-0.791561	520.082868	0.005967	8.4
38	-0.429216	517.834665	0.007171	7.3
39	-0.122992	515.612193	0.002044	8.6
40	-0.140137	513.414976	0.003686	7.9
41	-0.825678	511.242551	0.010857	10.9
42	-0.045425	509.094468	0.002280	7.2
43	-0.021673	506.970285	0.000728	9.5
44	-0.430623	504.869574	0.005685	7.1
45	-0.475037	502.791916	0.007554	6.7
46	-0.004432	500.736903	0.001080	9.5
47	-0.218426	498.704137	0.007500	8.7
48	-0.664338	496.693228	0.007402	7.0
49	-0.000000	494.703798	0.000000	6.8
50	-0.876058	492.735476	0.006374	8.0
51	-0.352571	490.787900	0.006894	6.7
52	-0.885730	488.860718	0.011568	6.8
53	-0.000000	486.953585	0.000000	13.1
54	-0.000000	485.066164	0.000000	12.7
55	-0.870569	483.198126	0.014938	6.7
56	-0.511999	481.349149	0.004843	6.9
57	-0.595259	479.518920	0.009122	12.3
58	-0.808653	477.707132	0.006079	8.3
59	-0.083675	475.913485	0.001094	7.0
60	-0.880989	474.137684	0.007997	6.9
61	-0.160460	472.379445	0.002134	12.8
62	-0.301360	470.638485	0.006130	7.2
63	-0.927212	468.914531	0.013371	9.8
64	-0.816747	467.207315	0.010861	12.8
65	-0.191331	465.516573	0.001615	10.8
66	-0.160122	463.842050	0.001974	12.0
67	-0.000000	462.183494	0.000000	8.0
68	-0.461931	460.540658	0.009419	11.2
69	-0.651411	458.913303	0.012096	12.5
70	-0.561288	457.301192	0.006187	6.6
71	-0.358506	455.704096	0.008236	9.5
72	-0.003778	454.121787	0.000012	6.5
73	-0.915225	452.554045	0.007263	6.9
74	-0.357389	451.000653	0.007455	12.3
75	-0.442166	449.461399	0.011608	12.9
76	-0.682600	447.936075	0.006556	11.4
77	-0.000000	446.424477	0.000000	6.7
78	-0.000000	444.926406	0.000000	13.2
79	-0.000000	443.441666	0.000000	6.7
80	-0.302814	441.970065	0.005617	7.2
81	-0.568505	440.511415	0.006017	12.1
82	-0.000000	439.065533	0.000000	12.4
83	-0.535673	437.632238	0.005273	8.3
84	-0.776811	436.211351	0.009273	10.3
85	-0.972998	434.802701	0.011861	7.9
86	-0.022236	433.406117	0.000123	15.3
87	-0.856275	432.021430	0.006648	7.4
88	-0.000000	430.648479	0.000000	7.6
89	-0.279748	429.287101	0.006277	6.8
90	-0.000000	427.937140	0.000000	10.4
91	-0.000000	426.598440	0.000000	5.8
92	-0.945225	425.270849	0.006321	7.8
93	-0.963335	423.954220	0.009537	9.6
94	-0.695514	422.648404	0.005607	7.7
95	-0.767467	421.353259	0.008480	13.2
96	-0.808067	420.068643	0.012230	6.4
97	-0.474679	418.794419	0.005410	6.9
98	-0.884436	417.530451	0.006477	6.7
99	-0.398948	416.276604	0.006512	6.8
100	-0.822874	415.032748	0.007669	8.5
101	-0.000000	413.798754	0.000000	6.8
102	-0.852012	412.574495	0.013274	9.0
103	-0.000000	411.359849	0.000000	6.4
104	-0.674744	410.154691	0.005073	11.9
105	-0.461285	408.958904	0.001949	7.2
106	-0.150189	407.772368	0.000994	8.4
107	-0.959449	406.594968	0.006283	7.9
108	-0.709210	405.426590	0.009750	7.9
109	-0.000000	404.267122	0.000000	8.0
110	-0.106033	403.116456	0.001321	7.3
111	-0.862023	401.974481	0.007566	8.6
112	-0.956748	400.841093	0.007608	6.7
113	-0.000000	399.716187	0.000000	11.8
114	-0.203595	398.599660	0.001953	7.4
115	-0.328651	397.491411	0.006044	6.7
116	-1.082370	396.391342	0.007999	11.2
117	-0.108470	395.299353	0.000768	6.2
118	-0.511819	394.215350	0.010666	6.8
119	-0.395226	393.139238	0.004329	12.2
120	-0.225375	392.070924	0.005412	7.2
121	-0.471962	391.010316	0.003860	10.4
122	-0.823702	389.957325	0.006624	5.0
123	-0.000000	388.911862	0.000000	7.2
124	-0.620276	387.873839	0.009255	7.3
125	-0.000000	386.843173	0.000000	10.6
126	-0.164391	385.819777	0.001757	6.8
127	-0.295077	384.803569	0.008730	6.8
128	-0.271010	383.794468	0.003754	12.2
129	-0.216492	382.792393	0.001138	9.3
130	-0.753608	381.797264	0.006362	7.1
131	-0.000000	380.809005	0.000000	14.4
132	-0.787646	379.827537	0.008585	6.8
133	-0.392258	378.852786	0.005460	8.4
134	-0.000000	377.884678	0.000000	6.9
135	-0.957942	376.923138	0.008569	7.0
136	-0.422337	375.968095	0.007777	12.9
137	-0.675550	375.019479	0.010131	8.0
138	-0.551699	374.077218	0.004991	6.9
139	-0.415733	373.141244	0.002646	7.4
140	-0.000000	372.211489	0.000000	7.7
141	-0.809719	371.287887	0.008634	7.2
142	-0.908318	370.370370	0.007466	7.6
143	-0.000000	369.458876	0.000000	10.9
144	-0.000000	368.553338	0.000000	8.4
145	-0.315707	367.653696	0.005662	7.3
146	-0.000002	366.759885	0.000000	6.8
147	-0.398775	365.871846	0.002797	8.4
148	-0.000000	364.989518	0.000000	6.7
149	-0.655557	364.112841	0.009393	7.0
150	-0.707626	363.241757	0.006865	7.0
151	-0.014301	362.376208	0.000120	6.8
152	-0.749192	361.516137	0.005809	13.1
153	-0.364717	360.661488	0.005757	7.8
154	-0.607745	359.812206	0.008525	7.2
155	-0.000000	358.968236	0.000000	13.8
156	-0.258145	358.129524	0.003728	13.1
157	-0.892057	357.296018	0.007682	5.6
158	-0.030963	356.467665	0.000426	6.6
159	-0.856538	355.644414	0.005570	7.0
160	-0.000000	354.826213	0.000000	10.2
161	-0.557212	354.013012	0.008264	10.4
162	-0.130410	353.204763	0.001929	7.1
163	-0.000000	352.401415	0.000000	7.4
164	-0.929232	351.602922	0.012269	6.9
165	-0.013968	350.809235	0.000117	6.8
166	-0.647748	350.020308	0.013394	12.2
167	-0.230535	349.236095	0.002892	8.1
168	-0.119379	348.456550	0.002757	7.2
169	-0.000000	347.681627	0.000000	6.6
170	-0.711284	346.911283	0.006810	7.1
171	-0.677713	346.145474	0.007219	11.4
172	-0.214565	345.384157	0.005692	7.8
173	-0.942681	344.627288	0.007336	7.1
174	-0.245345	343.874826	0.004906	7.3
175	-0.663873	343.126729	0.005479	9.4
176	-0.675071	342.382957	0.007143	15.1
177	-0.000000	341.643469	0.000000	4.5
178	-1.072531	340.908224	0.005664	7.7
179	-0.182054	340.177184	0.000763	7.2
180	-0.007742	339.450309	0.000124	14.7
181	-0.000000	338.727561	0.000000	6.6
182	-0.000000	338.008902	0.000000	11.2
183	-0.619662	337.294295	0.011019	7.2
184	-0.971056	336.583703	0.009665	7.4
185	-0.855069	335.877089	0.005494	7.5
186	-0.000000	335.174416	0.000000	7.7
187	-0.000000	334.475651	0.000000	7.3
188	-0.859334	333.780756	0.013674	6.6
189	-0.154555	333.089698	0.001523	7.9
190	-0.000000	332.402443	0.000000	13.1
191	-0.314213	331.718955	0.008669	7.3
192	-0.000000	331.039203	0.000000	7.0
193	-0.732505	330.363153	0.007189	6.5
194	-0.000000	329.690771	0.000000	8.4
195	-0.869216	329.022027	0.004467	8.9
196	-0.000000	328.356888	0.000000	9.9
197	-0.060475	327.695322	0.001494	6.7
198	-0.010484	327.037299	0.000079	6.9
199	-0.622246	326.382787	0.007628	12.8
200	-0.127119	325.731758	0.002014	7.3
201	-0.000000	325.084179	0.000000	12.1
202	-0.000862	324.440023	0.000479	7.0
203	-0.000000	323.799258	0.000000	8.1
204	-0.007097	323.161858	0.000039	12.7
205	-0.068673	322.527792	0.000778	7.9
206	-0.000000	321.897034	0.000000	7.3
207	-0.309085	321.269554	0.005076	8.6
208	-0.892156	320.645325	0.009017	6.5
209	-0.000000	320.024320	0.000000	9.5
210	-0.423860	319.406512	0.005907	7.4
211	-0.232229	318.791875	0.002037	6.8
212	-0.286839	318.180381	0.003674	12.2
213	-0.824964	317.572005	0.009345	7.8
214	-0.382743	316.966721	0.007648	9.1
215	-0.522549	316.364504	0.002397	6.7
216	-0.734135	315.765329	0.007356	9.1
217	-0.516413	315.169170	0.005091	7.7
218	-0.177591	314.576003	0.002671	6.7
219	-0.689350	313.985804	0.008920	7.4
220	-0.738293	313.398548	0.011764	7.2
221	-0.242968	312.814213	0.009072	7.0
222	-0.542963	312.232773	0.005732	7.1
223	-0.603349	311.654207	0.007509	12.2
224	-0.718091	311.078491	0.009434	13.4
225	-0.175668	310.505602	0.002200	6.2
226	-0.000000	309.935518	0.000000	7.0
227	-0.000000	309.368217	0.000000	5.6
228	-0.470129	308.803676	0.004708	12.2
229	-0.000000	308.241874	0.000000	4.6
230	-0.490622	307.682789	0.006554	11.7
231	-0.702986	307.126400	0.009161	2.4
232	-0.000000	306.572687	0.000000	7.8
233	-0.005743	306.021627	0.000031	7.2
234	-0.000000	305.473201	0.000000	6.6
235	-0.646345	304.927388	0.011272	11.9
236	-0.532984	304.384168	0.008105	11.8
237	-0.000000	303.843521	0.000000	6.6
238	-0.097803	303.305427	0.001004	6.9
239	-0.229529	302.769867	0.002689	6.1
240	-0.508273	302.236821	0.009007	7.9
241	-0.000000	301.706270	0.000000	6.8
242	-0.627280	301.178196	0.005915	6.8
243	-0.000000	300.652580	0.000000	6.9
244	-0.647804	300.129402	0.005071	6.7
245	-0.000000	299.608645	0.000000	9.1
246	-0.698316	299.090291	0.005598	14.1
247	-1.013998	298.574321	0.003689	12.8
248	-0.449044	298.060718	0.006793	7.3
249	-0.473092	297.549465	0.006755	9.3
250	-0.000000	297.040543	0.000000	7.0
251	-0.000000	296.533936	0.000000	8.9
252	-0.000000	296.029626	0.000000	7.0
253	-0.435110	295.527597	0.008245	6.9
254	-0.720972	295.027832	0.008415	7.7
255	-0.000000	294.530315	0.000000	6.6
256	-0.545252	294.035028	0.003140	10.9
257	-0.000000	293.541956	0.000000	6.9
258	-0.000000	293.051083	0.000000	7.5
259	-0.340692	292.562393	0.008760	11.2
260	-0.294290	292.075870	0.006730	12.3
261	-0.446573	291.591498	0.006593	10.1
262	-1.055140	291.109263	0.010952	6.8
263	-0.715237	290.629149	0.010033	9.6
264	-0.000000	290.151140	0.000000	9.1
265	-0.804595	289.675222	0.010807	7.0
266	-0.000000	289.201380	0.000000	7.5
267	-0.082841	288.729600	0.000525	6.4
268	-0.813768	288.259866	0.008093	7.6
269	-0.000000	287.792165	0.000000	13.4
270	-0.369146	287.326481	0.001324	10.6
271	-0.430538	286.862802	0.007141	9.5
272	-0.000000	286.401113	0.000000	7.9
273	-0.457873	285.941400	0.008148	7.3
274	-0.000000	285.483649	0.000000	8.5
275	-0.779128	285.027847	0.006655	8.4
276	-0.844506	284.573981	0.007503	11.5
277	-0.934878	284.122037	0.005771	7.9
278	-1.022015	283.672002	0.009878	11.9
279	-0.582065	283.223863	0.008332	6.7
280	-0.000000	282.777607	0.000000	7.0
281	-0.554760	282.333221	0.006188	17.5
282	-0.575506	281.890692	0.007219	6.9
283	-0.621945	281.450008	0.006376	6.5
284	-0.847972	281.011157	0.008557	7.5
285	-0.366879	280.574125	0.004162	11.3
286	-0.621642	280.138901	0.006542	6.7
287	-0.000000	279.705473	0.000000	9.1
288	-0.000000	279.273829	0.000000	7.5
289	-0.096469	278.843956	0.001354	6.9
290	-0.506783	278.415844	0.003531	7.1
291	-0.000000	277.989479	0.000000	13.3
292	-0.628767	277.564851	0.006537	11.0
293	-0.750063	277.141949	0.011218	9.9
294	-0.958049	276.720761	0.010307	11.9
295	-0.000000	276.301275	0.000000	6.5
296	-0.263378	275.883480	0.003891	6.9
297	-0.000000	275.467366	0.000000	10.3
298	-0.742444	275.052922	0.011745	11.8
299	-0.000000	274.640136	0.000000	6.5
300	-0.000000	274.228998	0.000000	7.7
301	-0.000000	273.819497	0.000000	9.7
302	-0.714496	273.411623	0.008571	9.3
303	-0.842939	273.005365	0.006776	8.9
304	-0.521984	272.600712	0.005913	12.7
305	-0.650349	272.197655	0.004716	6.8
306	-0.755706	271.796184	0.004315	6.8
307	-0.004335	271.396287	0.000618	7.5
308	-0.582161	270.997956	0.008832	7.4
309	-0.699573	270.601180	0.011159	6.7
310	-0.000000	270.205949	0.000000	6.9
311	-0.000000	269.812254	0.000000	6.6
312	-0.346808	269.420085	0.007434	7.0
313	-0.616923	269.029432	0.004212	7.6
314	-0.427510	268.640287	0.003967	7.6
315	-0.000000	268.252638	0.000000	14.2
316	-0.374936	267.866478	0.007286	12.1
317	-0.710451	267.481796	0.004669	12.4
318	-0.605090	267.098584	0.005721	10.2
319	-0.000000	266.716833	0.000000	7.9
320	-0.158367	266.336533	0.002483	7.8
321	-0.000000	265.957676	0.000000	12.0
322	-0.000019	265.580253	0.000001	11.9
323	-0.000000	265.204254	0.000000	6.4
324	-0.000000	264.829672	0.000000	12.4
325	-0.623745	264.456497	0.006465	8.1
326	-0.000000	264.084721	0.000000	12.0
327	-0.200099	263.714335	0.002817	6.9
328	-0.982039	263.345332	0.009626	7.4
329	-0.005643	262.977702	0.000104	7.6
330	-0.548520	262.611438	0.004717	7.6
331	-0.234950	262.246531	0.001270	6.9
332	-0.000000	261.882973	0.000000	6.7
333	-0.615572	261.520756	0.008654	6.7
334	-0.454565	261.159871	0.005868	6.4
335	-0.000000	260.800312	0.000000	11.6
336	-0.588692	260.442070	0.005972	14.8
337	-0.607498	260.085137	0.007558	14.2
338	-0.419533	259.729505	0.007913	10.6
339	-0.000020	259.375167	0.000022	12.4
340	-0.141138	259.022116	0.005671	4.9
341	-0.585224	258.670343	0.007962	7.0
342	-0.775071	258.319841	0.009913	7.7
343	-0.000000	257.970602	0.000000	6.6
344	-0.000000	257.622620	0.000000	7.3
345	-0.412573	257.275887	0.007352	7.2
346	-0.000000	256.930396	0.000000	6.7
347	-0.549865	256.586139	0.007039	17.7
348	-0.004302	256.243109	0.000050	8.0
349	-0.000000	255.901300	0.000000	6.7
350	-0.820895	255.560703	0.010240	6.9
351	-0.801450	255.221313	0.010940	7.0
352	-0.000000	254.883122	0.000000	11.1
353	-0.000000	254.546124	0.000000	13.5
354	-0.000000	254.210311	0.000000	6.2
355	-0.000000	253.875677	0.000000	11.3
356	-0.387759	253.542215	0.006183	6.9
357	-0.297345	253.209918	0.006245	8.0
358	-0.399890	252.878781	0.007232	8.9
359	-0.718258	252.548795	0.009334	11.9
360	-0.660714	252.219956	0.006523	7.6
361	-0.692632	251.892255	0.008438	12.5
362	-0.000000	251.565688	0.000000	6.0
363	-0.000000	251.240247	0.000000	7.2
364	-0.497428	250.915926	0.007073	10.4
365	-0.570909	250.592720	0.005278	7.2
366	-0.501590	250.270621	0.008620	7.1
367	-0.000000	249.949624	0.000000	7.7
368	-0.460308	249.629723	0.005146	6.8
369	-0.014691	249.310911	0.000032	6.9
370	-0.000000	248.993182	0.000000	17.1
371	-0.517636	248.676531	0.003901	6.7
372	-0.643384	248.360952	0.004782	6.6
373	-0.165842	248.046438	0.001760	6.9
374	-0.000000	247.732984	0.000000	7.1
375	-0.580613	247.420584	0.005182	11.1
376	-0.000000	247.109233	0.000000	6.4
377	-0.876246	246.798924	0.008455	6.9
378	-0.130520	246.489652	0.003696	10.3
379	-0.432899	246.181412	0.004524	6.7
380	-0.000000	245.874197	0.000000	13.1
381	-0.545579	245.568002	0.008333	15.1
382	-0.789071	245.262822	0.007586	6.8
383	-0.525749	244.958652	0.011141	9.9
384	-0.822648	244.655485	0.007595	12.3
385	-0.557914	244.353317	0.003759	8.1
386	-0.746466	244.052142	0.008688	18.3
387	-0.866010	243.751955	0.016425	8.6
388	-0.654914	243.452750	0.006529	12.2
389	-0.292874	243.154523	0.008470	7.8
390	-0.423583	242.857268	0.005711	16.4
391	-0.673599	242.560980	0.011474	11.4
392	-0.000000	242.265654	0.000000	12.9
393	-0.000000	241.971285	0.000000	17.0
394	-0.596079	241.677868	0.006553	16.0
395	-0.479877	241.385397	0.004091	13.0
396	-0.000000	241.093869	0.000000	6.8
397	-0.256219	240.803278	0.004043	16.9
398	-0.000000	240.513619	0.000000	13.5
399	-0.002237	240.224887	0.000565	14.0
400	-0.944286	239.937077	0.005695	12.2
401	-0.865495	239.650186	0.006323	13.3
402	-0.532068	239.364207	0.007723	8.3
403	-0.021943	239.079136	0.000230	12.3
404	-0.714297	238.794969	0.007870	10.3
405	-0.412196	238.511701	0.007379	7.6
406	-0.388207	238.229327	0.004422	12.7
407	-0.119031	237.947843	0.000999	11.7
408	-0.000000	237.667244	0.000000	7.6
409	-0.181147	237.387526	0.001217	11.9
410	-0.000000	237.108684	0.000000	10.9
411	-0.907428	236.830714	0.009315	6.8
412	-0.094299	236.553610	0.002043	15.6
413	-0.189011	236.277370	0.003156	3.6
414	-0.000000	236.001989	0.000000	6.2
415	-0.662019	235.727461	0.010160	7.2
416	-0.485761	235.453784	0.004168	14.6
417	-0.000000	235.180952	0.000000	10.6
418	-0.611806	234.908962	0.006914	7.0
419	-0.000000	234.637809	0.000000	6.6
420	-0.172154	234.367488	0.006549	6.6
421	-0.280037	234.097997	0.004417	7.5
422	-0.851031	233.829331	0.007604	6.9
423	-0.000000	233.561485	0.000000	8.1
424	-0.825673	233.294456	0.006749	6.6
425	-0.676511	233.028239	0.004396	13.0
426	-0.436664	232.762831	0.006566	2.5
427	-0.383916	232.498228	0.010464	6.6
428	-0.000000	232.234425	0.000000	14.4
429	-0.000000	231.971419	0.000000	3.4
430	-0.959622	231.709205	0.012290	6.5
431	-0.838100	231.447781	0.004553	12.0
432	-0.269012	231.187141	0.003527	12.7
433	-0.241948	230.927283	0.005167	6.7
434	-0.916106	230.668202	0.010263	6.8
435	-0.914746	230.409895	0.008690	8.4
436	-0.517138	230.152358	0.008395	9.9
437	-0.160557	229.895587	0.002088	7.5
438	-0.504720	229.639578	0.007748	7.4
439	-0.814005	229.384329	0.009890	10.4
440	-0.748189	229.129834	0.008766	12.9
441	-0.756555	228.876091	0.006155	8.8
442	-0.594074	228.623096	0.008749	8.6
443	-0.000000	228.370846	0.000000	11.4
444	-0.902210	228.119336	0.006324	11.2
445	-0.315113	227.868563	0.007146	6.7
446	-0.000000	227.618525	0.000000	7.1
447	-0.000000	227.369216	0.000000	8.0
448	-0.626106	227.120635	0.009624	6.4
449	-0.000000	226.872777	0.000000	11.7
450	-1.017271	226.625638	0.007856	12.0
451	-0.000000	226.379217	0.000000	5.9
452	-0.385820	226.133509	0.005151	12.9
453	-0.744684	225.888510	0.005335	7.2
454	-0.067099	225.644218	0.000353	6.9
455	-0.184624	225.400630	0.006751	6.6
456	-0.769711	225.157741	0.004894	6.9
457	-0.389263	224.915549	0.002834	6.5
458	-0.000000	224.674051	0.000000	11.7
459	-0.002437	224.433242	0.000719	6.8
460	-0.157726	224.193121	0.005397	9.7
461	-0.745131	223.953684	0.007004	12.0
462	-0.654163	223.714927	0.009330	11.4
463	-0.499265	223.476848	0.005477	15.5
464	-0.489273	223.239444	0.008113	3.8
465	-0.830397	223.002710	0.008691	10.4
466	-0.644931	222.766645	0.006619	6.9
467	-0.870785	222.531245	0.011506	10.3
468	-0.593115	222.296508	0.008125	12.0
469	-0.658268	222.062429	0.006209	7.9
470	-0.562982	221.829007	0.020632	7.8
471	-0.000000	221.596238	0.000000	7.6
472	-0.000000	221.364119	0.000000	11.0
473	-0.928274	221.132647	0.007845	5.4
474	-0.035643	220.901820	0.000225	7.9
475	-0.000000	220.671634	0.000000	7.9
476	-0.000000	220.442086	0.000000	7.9
477	-0.825473	220.213174	0.005169	6.3
478	-0.759937	219.984895	0.006571	6.8
479	-0.000000	219.757246	0.000000	6.5
480	-0.000000	219.530224	0.000000	8.2
481	-0.396184	219.303826	0.006848	7.9
482	-0.000000	219.078050	0.000000	12.0
483	-0.000000	218.852893	0.000000	11.9
484	-0.806982	218.628352	0.004167	17.5
485	-0.270823	218.404424	0.003357	12.4
486	-0.000000	218.181106	0.000000	6.6
487	-0.473964	217.958397	0.005007	8.7
488	-0.000000	217.736292	0.000000	11.8
489	-0.000000	217.514790	0.000000	8.7
490	-0.000000	217.293888	0.000000	6.7
491	-0.791688	217.073584	0.005146	7.0
492	-0.292118	216.853873	0.003671	6.4
493	-0.872108	216.634755	0.004579	14.2
494	-0.850278	216.416227	0.014707	5.1
495	-0.100131	216.198285	0.001535	7.2
496	-0.000000	215.980927	0.000000	8.7
497	-0.143631	215.764151	0.001018	8.0
498	-0.288394	215.547955	0.003746	11.6
499	-0.511575	215.332335	0.005741	6.8
500	-0.575952	215.117289	0.005161	6.8
501	-0.782650	214.902815	0.005095	10.3
502	-0.289391	214.688911	0.004896	7.0
503	-0.145995	214.475573	0.001623	8.8
504	-0.208781	214.262800	0.001835	12.8
505	-0.067585	214.050588	0.000382	11.1
506	-0.168880	213.838936	0.002932	8.2
507	-0.473644	213.627842	0.006993	7.8
508	-0.473624	213.417302	0.004331	6.6
509	-0.485211	213.207314	0.006494	9.1
510	-0.782911	212.997877	0.009483	11.9
511	-0.633044	212.788987	0.007897	10.9
512	-0.845568	212.580642	0.005714	10.3
513	-0.000000	212.372841	0.000000	7.1
514	-0.334281	212.165581	0.003446	14.2
515	-0.929274	211.958859	0.007028	13.0
516	-0.728336	211.752673	0.005808	7.9
517	-0.310154	211.547021	0.006792	7.0
518	-0.000000	211.341902	0.000000	11.6
519	-0.735524	211.137311	0.002210	8.0
520	-0.785757	210.933248	0.004451	6.9
521	-0.171828	210.729710	0.003960	10.1
522	-0.894624	210.526695	0.011956	12.9
523	-0.441374	210.324200	0.002934	8.5
524	-0.421238	210.122224	0.006734	10.4
525	-0.590615	209.920765	0.005178	7.9
526	-0.203705	209.719820	0.003653	13.8
527	-0.393616	209.519387	0.004483	11.1
528	-0.963937	209.319463	0.006291	6.9
529	-0.384849	209.120048	0.004731	11.9
530	-0.464752	208.921139	0.004039	8.5
531	-0.726159	208.722733	0.007199	7.1
532	-0.000000	208.524829	0.000000	8.2
533	-0.000000	208.327425	0.000000	7.6
534	-0.496407	208.130518	0.003788	8.0
535	-0.000000	207.934107	0.000000	11.8
536	-0.404561	207.738189	0.007499	11.1
537	-0.226180	207.542762	0.002486	7.1
538	-0.513120	207.347825	0.004396	7.0
539	-0.696724	207.153376	0.006240	8.6
540	-0.000000	206.959412	0.000000	7.6
541	-0.019845	206.765932	0.000104	8.5
542	-0.000000	206.572933	0.000000	6.6
543	-0.297300	206.380414	0.006642	9.3
544	-0.143573	206.188373	0.003032	7.9
545	-0.000000	205.996807	0.000000	7.9
546	-0.278553	205.805716	0.004781	7.5
547	-0.000000	205.615096	0.000000	12.4
548	-0.733834	205.424946	0.003394	9.5
549	-0.448173	205.235265	0.004794	7.8
550	-0.939517	205.046050	0.006772	6.7
551	-0.758793	204.857299	0.004934	6.9
552	-0.653861	204.669011	0.006262	6.7
553	-0.961603	204.481184	0.008711	7.0
554	-0.751507	204.293816	0.005174	7.0
555	-0.345163	204.106905	0.005419	6.5
556	-0.358750	203.920449	0.003009	8.6
557	-0.841588	203.734447	0.014032	6.9
558	-0.028337	203.548896	0.002086	9.0
559	-0.044878	203.363795	0.000961	7.0
560	-0.000000	203.179143	0.000000	12.6
561	-0.382156	202.994937	0.007355	6.6
562	-0.000000	202.811176	0.000000	7.0
563	-0.655596	202.627857	0.007885	6.9
564	-0.685095	202.444980	0.007237	7.9
565	-0.006053	202.262543	0.000036	7.3
566	-0.727700	202.080543	0.008604	6.6
567	-0.489884	201.898979	0.015355	6.9
568	-0.073372	201.717849	0.001625	6.6
569	-0.262237	201.537153	0.002930	7.6
570	-0.000000	201.356887	0.000000	7.9
571	-0.000001	201.177050	0.000000	8.0
572	-0.310934	200.997642	0.008085	16.0
573	-0.585195	200.818659	0.005764	11.6
574	-0.209886	200.640100	0.001375	15.5
575	-0.497543	200.461965	0.005720	2.4
576	-0.839453	200.284250	0.011794	8.9
577	-0.740665	200.106955	0.006073	7.7
578	-0.633684	199.930078	0.006319	7.9
579	-0.430306	199.753617	0.006499	8.4
580	-0.000000	199.577571	0.000000	7.7
581	-0.000000	199.401938	0.000000	6.8
582	-0.097412	199.226717	0.000424	9.4
583	-0.022999	199.051905	0.002611	10.0
584	-0.788620	198.877502	0.003244	7.1
585	-0.870393	198.703506	0.006780	13.0
586	-0.758774	198.529916	0.004017	7.1
587	-0.457933	198.356729	0.005581	12.4
588	-0.000000	198.183944	0.000000	6.3
589	-0.547750	198.011560	0.003738	6.5
590	-0.000000	197.839576	0.000000	6.5
591	-0.053446	197.667989	0.000623	6.8
592	-0.225295	197.496798	0.002263	8.0
593	-0.000000	197.326002	0.000000	11.9
594	-0.336934	197.155600	0.002836	6.3
595	-0.000000	196.985589	0.000000	7.5
596	-0.689269	196.815969	0.005724	12.8
597	-0.507078	196.646738	0.002445	12.1
598	-0.805430	196.477894	0.009259	11.8
599	-0.988399	196.309436	0.006778	6.5
600	-0.725641	196.141363	0.023848	6.6
601	-0.000000	195.973673	0.000000	7.2
602	-0.000000	195.806365	0.000000	11.3
603	-0.774976	195.639437	0.010422	7.0
604	-0.358592	195.472888	0.003770	6.9
605	-0.662628	195.306717	0.003914	6.6
606	-0.810157	195.140922	0.009363	11.1
607	-0.923251	194.975501	0.010450	7.8
608	-0.670751	194.810454	0.005723	6.6
609	-0.242345	194.645779	0.005180	9.3
610	-0.476341	194.481475	0.005375	12.1
611	-0.442362	194.317540	0.006537	6.5
612	-0.000000	194.153973	0.000000	7.1
613	-0.261381	193.990773	0.003573	6.5
614	-0.664198	193.827938	0.005158	11.4
615	-0.723245	193.665467	0.009648	6.9
616	-0.430899	193.503358	0.009180	7.0
617	-0.516497	193.341611	0.012178	8.0
618	-0.425945	193.180224	0.009130	8.0
619	-0.774962	193.019196	0.006927	9.2
620	-0.323244	192.858525	0.001185	7.7
621	-0.735810	192.698210	0.007507	8.7
622	-0.000000	192.538251	0.000000	12.0
623	-0.000000	192.378644	0.000000	11.9
624	-0.000000	192.219391	0.000000	6.5
625	-0.000000	192.060488	0.000000	6.9
626	-0.000000	191.901935	0.000000	7.4
627	-0.734321	191.743730	0.007894	7.8
628	-0.603852	191.585873	0.005601	6.8
629	-0.000000	191.428362	0.000000	7.5
630	-0.000000	191.271196	0.000000	13.4
631	-0.631934	191.114374	0.008613	8.7
632	-0.881583	190.957893	0.006335	8.9
633	-0.000000	190.801755	0.000000	9.3
634	-0.825455	190.645956	0.007941	8.1
635	-0.000000	190.490495	0.000000	6.7
636	-0.400298	190.335373	0.004852	6.7
637	-0.296327	190.180587	0.006107	6.7
638	-0.149338	190.026136	0.002457	7.0
639	-0.000000	189.872019	0.000000	12.1
640	-0.000000	189.718235	0.000000	7.3
641	-0.687947	189.564782	0.006064	11.8
642	-0.486909	189.411661	0.011201	12.0
643	-0.000000	189.258868	0.000000	12.9
644	-0.743099	189.106404	0.005269	7.3
645	-0.770780	188.954267	0.007910	7.1
646	-0.703215	188.802456	0.005322	6.8
647	-0.850472	188.650969	0.005967	10.6
648	-0.000000	188.499807	0.000000	6.4
649	-0.050541	188.348967	0.000266	12.4
650	-0.913492	188.198448	0.008486	7.9
651	-0.345865	188.048250	0.002269	7.6
652	-0.713061	187.898371	0.006491	7.7
653	-0.374660	187.748810	0.006334	9.5
654	-0.000684	187.599566	0.000149	14.5
655	-0.458027	187.450638	0.005412	4.3
656	-0.918021	187.302025	0.006690	8.7
657	-0.000000	187.153725	0.000000	7.0
658	-0.754552	187.005739	0.004013	6.8
659	-0.000000	186.858064	0.000000	6.6
660	-0.649456	186.710699	0.004602	5.4
661	-0.262089	186.563645	0.002373	8.0
662	-1.001142	186.416898	0.008766	7.3
663	-0.862630	186.270459	0.008889	12.0
664	-0.063708	186.124326	0.000691	2.8
665	-0.862213	185.978499	0.011760	7.4
666	-0.000000	185.832976	0.000000	13.1
667	-0.855876	185.687756	0.006428	6.9
668	-0.655017	185.542838	0.007426	6.8
669	-0.405231	185.398222	0.006374	6.4
670	-0.000000	185.253906	0.000000	6.5
671	-0.900213	185.109889	0.008800	11.6
672	-0.509598	184.966170	0.005445	5.8
673	-0.527739	184.822748	0.005065	7.4
674	-0.470952	184.679623	0.006522	6.8
675	-0.733624	184.536792	0.006577	6.8
676	-0.816887	184.394256	0.005692	12.1
677	-0.664581	184.252013	0.004503	7.8
678	-0.000000	184.110062	0.000000	8.0
679	-0.298790	183.968403	0.005303	7.9
680	-0.842356	183.827034	0.008318	11.9
681	-0.538609	183.685954	0.003373	7.8
682	-0.266966	183.545163	0.002526	6.7
683	-0.444067	183.404658	0.003495	7.0
684	-0.427090	183.264441	0.004064	7.2
685	-0.761605	183.124509	0.007230	7.8
686	-1.002827	182.984861	0.003071	12.0
687	-0.000000	182.845497	0.000000	10.7
688	-0.206154	182.706416	0.003567	7.0
689	-0.012135	182.567616	0.001091	12.4
690	-0.771128	182.429098	0.010142	10.2
691	-0.964969	182.290859	0.010783	6.9
692	-0.335265	182.152899	0.005854	6.9
693	-0.030230	182.015217	0.000900	6.9
694	-0.640968	181.877813	0.005618	7.1
695	-0.691312	181.740684	0.003379	6.5
696	-0.000000	181.603832	0.000000	10.7
697	-0.000000	181.467253	0.000000	6.9
698	-0.500125	181.330948	0.004346	6.9
699	-0.201951	181.194916	0.000798	9.9
700	-0.411806	181.059155	0.008677	11.9
701	-0.967099	180.923666	0.005393	8.4
702	-0.280891	180.788446	0.005007	7.7
703	-0.950005	180.653496	0.011220	11.7
704	-0.000000	180.518814	0.000000	7.9
705	-0.170803	180.384399	0.002871	6.8
706	-0.000000	180.250251	0.000000	7.0
707	-0.000000	180.116369	0.000000	7.1
708	-0.823897	179.982752	0.007837	8.0
709	-0.389145	179.849398	0.003677	8.6
710	-0.681672	179.716308	0.010789	12.0
711	-0.000000	179.583480	0.000000	10.0
712	-0.284160	179.450913	0.003463	13.2
713	-0.102703	179.318607	0.001318	10.6
714	-0.039007	179.186561	0.001850	8.8
715	-0.247658	179.054774	0.001998	11.0
716	-0.697894	178.923245	0.006856	7.5
717	-0.326531	178.791973	0.002766	8.3
718	-1.013770	178.660958	0.008336	7.2
719	-0.274961	178.530199	0.004598	7.7
720	-1.095182	178.399694	0.002498	7.0
721	-0.010355	178.269444	0.000321	10.0
722	-0.000000	178.139447	0.000000	15.8
723	-0.277181	178.009702	0.001538	3.2
724	-0.644643	177.880209	0.009338	6.5
725	-0.713812	177.750967	0.004310	12.1
726	-0.000000	177.621975	0.000000	7.7
727	-0.100720	177.493232	0.000895	7.1
728	-0.993350	177.364738	0.016848	6.9
729	-0.090732	177.236492	0.000446	6.6
730	-0.376239	177.108492	0.002501	12.0
731	-0.000000	176.980739	0.000000	13.0
732	-0.493051	176.853231	0.005562	12.2
733	-0.771682	176.725968	0.006632	7.0
734	-0.312842	176.598949	0.002107	13.0
735	-0.004155	176.472173	0.000092	6.9
736	-0.504745	176.345639	0.005485	8.7
737	-0.003558	176.219348	0.000314	7.7
738	-0.022739	176.093296	0.000820	8.1
739	-0.675127	175.967486	0.009232	6.9
740	-0.545482	175.841914	0.006475	12.0
741	-0.709004	175.716581	0.008426	7.8
742	-0.000000	175.591486	0.000000	7.0
743	-0.437667	175.466629	0.005802	9.9
744	-0.138597	175.342008	0.001729	8.1
745	-0.485589	175.217622	0.004536	8.3
746	-0.972160	175.093472	0.005252	6.6
747	-0.000000	174.969556	0.000000	8.6
748	-0.392245	174.845873	0.003918	12.0
749	-0.000000	174.722423	0.000000	7.6
750	-0.000000	174.599206	0.000000	6.5
751	-0.673066	174.476220	0.008873	7.1
752	-0.139832	174.353464	0.001775	7.1
753	-0.654472	174.230939	0.003192	7.5
754	-0.376660	174.108643	0.001655	12.3
755	-0.000000	173.986576	0.000000	11.1
756	-0.481675	173.864737	0.002213	7.6
757	-0.766250	173.743124	0.007209	12.3
758	-0.000000	173.621739	0.000000	7.0
759	-0.740278	173.500579	0.001976	8.8
760	-0.633831	173.379645	0.009940	11.6
761	-0.706687	173.258935	0.004452	11.4
762	-0.445293	173.138449	0.002991	8.7
763	-0.515967	173.018186	0.003555	6.8
764	-0.688484	172.898146	0.006895	7.3
765	-0.611148	172.778327	0.007476	13.8
766	-0.642295	172.658730	0.017493	7.7
767	-0.000000	172.539353	0.000000	8.6
768	-0.648900	172.420196	0.006543	7.7
769	-0.000000	172.301258	0.000000	7.4
770	-0.412002	172.182539	0.004664	12.7
771	-0.498113	172.064037	0.006891	7.0
772	-0.659344	171.945753	0.006118	6.7
773	-0.904566	171.827686	0.007918	7.1
774	-0.779558	171.709834	0.003427	9.8
775	-0.848006	171.592198	0.011776	7.9
776	-0.265631	171.474776	0.005272	8.1
777	-0.258034	171.357568	0.005998	11.8
778	-0.000000	171.240574	0.000000	12.9
779	-0.000000	171.123793	0.000000	13.5
780	-0.002687	171.007223	0.000171	8.6
781	-0.000000	170.890865	0.000000	7.7
782	-0.000000	170.774718	0.000000	8.1
783	-0.000000	170.658782	0.000000	6.8
784	-0.846886	170.543055	0.005988	7.9
785	-0.000000	170.427537	0.000000	9.0
786	-0.216485	170.312227	0.001287	6.9
787	-0.802103	170.197125	0.004041	7.9
788	-0.000000	170.082231	0.000000	9.0
789	-0.000000	169.967543	0.000000	7.1
790	-0.650300	169.853061	0.006852	11.5
791	-0.000000	169.738784	0.000000	12.1
792	-0.518216	169.624713	0.004058	9.0
793	-0.000000	169.510845	0.000000	11.9
794	-0.534519	169.397181	0.008010	6.3
795	-0.070310	169.283720	0.001776	6.9
796	-0.855472	169.170462	0.009958	10.8
797	-0.990592	169.057405	0.011382	5.4
798	-0.132862	168.944549	0.004933	15.3
799	-0.033741	168.831895	0.000243	4.5
800	-0.000000	168.719440	0.000000	11.3
801	-0.563639	168.607185	0.008382	7.3
802	-0.536630	168.495129	0.005662	10.5
803	-0.000000	168.383271	0.000000	8.1
804	-0.908508	168.271611	0.007389	9.6
805	-0.000000	168.160148	0.000000	7.0
806	-0.000000	168.048882	0.000000	8.9
807	-0.600622	167.937812	0.007340	7.9
808	-0.104753	167.826938	0.001258	7.2
809	-0.102267	167.716258	0.000526	12.6
810	-0.898767	167.605773	0.009821	12.0
811	-0.000000	167.495482	0.000000	6.3
812	-0.000000	167.385384	0.000000	12.0
813	-0.417306	167.275479	0.005618	8.0
814	-0.414137	167.165766	0.003541	6.9
815	-0.000003	167.056245	0.000000	7.1
816	-0.111723	166.946915	0.003485	7.5
817	-0.334570	166.837776	0.005830	7.0
818	-0.562873	166.728826	0.004161	8.4
819	-0.939318	166.620067	0.009760	11.9
820	-0.000000	166.511496	0.000000	7.9
821	-0.518755	166.403113	0.006603	12.0
822	-0.739644	166.294919	0.009607	11.9
823	-0.550292	166.186912	0.008154	13.8
824	-0.485585	166.079091	0.004243	6.8
825	-0.521958	165.971458	0.003985	6.9
826	-1.043937	165.864009	0.007836	10.8
827	-0.000000	165.756747	0.000000	9.3
828	-0.305054	165.649669	0.005818	7.4
829	-0.744222	165.542775	0.008244	13.9
830	-0.832958	165.436065	0.009299	9.7
831	-0.106751	165.329538	0.002750	11.7
832	-0.691036	165.223194	0.007220	6.5
833	-0.416508	165.117032	0.004104	6.9
834	-0.400969	165.011052	0.009295	12.6
835	-0.319670	164.905253	0.006120	9.8
836	-0.000000	164.799635	0.000000	6.7
837	-0.489809	164.694197	0.003255	7.0
838	-0.302212	164.588939	0.006199	6.8
839	-0.988357	164.483859	0.004997	15.2
840	-0.066717	164.378959	0.002039	3.3
841	-0.712238	164.274237	0.005490	9.6
842	-0.480327	164.169692	0.003703	7.4
843	-0.000000	164.065325	0.000000	12.0
844	-0.627359	163.961135	0.008289	15.2
845	-0.000000	163.857120	0.000000	8.4
846	-0.850666	163.753282	0.004698	6.9
847	-0.611585	163.649619	0.006665	7.5
848	-0.000000	163.546130	0.000000	6.7
849	-0.636407	163.442816	0.006423	8.2
850	-0.000000	163.339676	0.000000	7.0
851	-0.510274	163.236709	0.004294	6.4
852	-0.379051	163.133915	0.002166	6.8
853	-0.748207	163.031294	0.007928	12.4
854	-0.801711	162.928844	0.006810	12.3
855	-0.272347	162.826566	0.003713	8.6
856	-0.452824	162.724459	0.006856	12.3
857	-0.243672	162.622523	0.005360	6.9
858	-0.484361	162.520757	0.005063	6.9
859	-0.865065	162.419160	0.012061	6.7
860	-0.676031	162.317733	0.002257	7.1
861	-0.574168	162.216474	0.003307	7.1
862	-0.755470	162.115383	0.006465	7.2
863	-0.799684	162.014461	0.006145	7.8
864	-0.018998	161.913705	0.000082	9.5
865	-0.418904	161.813117	0.006826	11.9
866	-0.472797	161.712695	0.003466	11.9
867	-0.033194	161.612439	0.000833	8.9
868	-0.663287	161.512349	0.004118	8.8
869	-0.205727	161.412424	0.004192	7.2
870	-0.000000	161.312663	0.000000	7.1
871	-0.436151	161.213067	0.006715	6.8
872	-0.917808	161.113635	0.011587	9.9
873	-0.000107	161.014366	0.000084	11.0
874	-0.618545	160.915260	0.006441	6.5
875	-0.951677	160.816316	0.007645	11.5
876	-0.753375	160.717535	0.007826	10.1
877	-0.359739	160.618915	0.007395	7.6
878	-0.541678	160.520456	0.008076	6.5
879	-0.312582	160.422158	0.003232	8.3
880	-0.000000	160.324021	0.000000	9.1
881	-0.439866	160.226043	0.006859	7.9
882	-0.071619	160.128225	0.002077	6.4
883	-0.687910	160.030566	0.003793	6.9
884	-0.000000	159.933066	0.000000	7.2
885	-0.610116	159.835723	0.004401	7.5
886	-0.520913	159.738539	0.006189	11.7
887	-0.377458	159.641512	0.004684	8.3
888	-0.000000	159.544642	0.000000	7.8
889	-0.839147	159.447929	0.006105	7.3
890	-0.000000	159.351372	0.000000	16.0
891	-0.080959	159.254971	0.001559	6.8
892	-0.027956	159.158725	0.001003	9.1
893	-0.386681	159.062634	0.010607	12.5
894	-0.605305	158.966697	0.004884	11.3
895	-0.042433	158.870915	0.000265	6.7
896	-0.000000	158.775286	0.000000	7.1
897	-0.242754	158.679811	0.001338	6.6
898	-0.609217	158.584489	0.008890	12.9
899	-0.385041	158.489319	0.001436	8.6
900	-0.134791	158.394302	0.003706	8.0
901	-0.000000	158.299436	0.000000	6.4
902	-0.175556	158.204721	0.003853	12.3
903	-0.175751	158.110158	0.004434	9.8
904	-0.753551	158.015745	0.004642	6.3
905	-0.000000	157.921482	0.000000	7.0
906	-0.810448	157.827369	0.004818	6.9
907	-0.544541	157.733406	0.007285	10.8
908	-0.231440	157.639591	0.002431	7.2
909	-0.301516	157.545925	0.005218	8.4
910	-0.390194	157.452408	0.004349	8.0
911	-0.400217	157.359038	0.006363	13.1
912	-0.170590	157.265816	0.001445	10.7
913	-0.000000	157.172741	0.000000	6.7
914	-0.000000	157.079813	0.000000	7.0
915	-0.000000	156.987031	0.000000	9.5
916	-0.219770	156.894395	0.004310	7.6
917	-0.000000	156.801904	0.000000	7.9
918	-0.419229	156.709559	0.003101	8.4
919	-0.130067	156.617359	0.001887	7.2
920	-0.544096	156.525304	0.007775	8.3
921	-0.398819	156.433392	0.007770	12.0
922	-0.834715	156.341624	0.009309	10.7
923	-0.273467	156.250000	0.004204	7.1
924	-0.000130	156.158519	0.000037	6.6
925	-0.651036	156.067180	0.003879	7.9
926	-0.000000	155.975984	0.000000	12.5
927	-0.000000	155.884930	0.000000	7.3
928	-0.000000	155.794017	0.000000	6.9
929	-0.936712	155.703246	0.007313	11.7
930	-0.000000	155.612615	0.000000	7.0
931	-0.000000	155.522125	0.000000	7.1
932	-0.000000	155.431775	0.000000	8.6
933	-0.000000	155.341565	0.000000	7.3
934	-0.673490	155.251495	0.002452	12.9
935	-0.811163	155.161563	0.010849	7.2
936	-0.582353	155.071771	0.005078	8.2
937	-0.000000	154.982117	0.000000	6.9
938	-0.562748	154.892601	0.005082	12.2
939	-0.762222	154.803222	0.010339	11.6
940	-0.110870	154.713981	0.002118	10.4
941	-0.501263	154.624878	0.003428	10.0
942	-0.276202	154.535910	0.002353	9.9
943	-0.426954	154.447080	0.005991	14.3
944	-0.514228	154.358385	0.007543	12.7
945	-0.064193	154.269826	0.000237	8.7
946	-0.775682	154.181402	0.008782	7.0
947	-0.000000	154.093114	0.000000	8.9
948	-0.559138	154.004960	0.003424	7.1
949	-0.093656	153.916940	0.001482	11.7
950	-0.000000	153.829054	0.000000	7.2
951	-0.000000	153.741303	0.000000	12.0
952	-0.711418	153.653684	0.004165	6.7
953	-0.000000	153.566198	0.000000	11.9
954	-0.639860	153.478846	0.004333	7.5
955	-0.839988	153.391625	0.012051	8.8
956	-0.319851	153.304537	0.005892	11.7
957	-0.450574	153.217580	0.005448	7.9
958	-0.894116	153.130755	0.008821	8.0
959	-0.721413	153.044061	0.009401	7.6
960	-0.451263	152.957498	0.006358	11.1
961	-0.000000	152.871065	0.000000	8.4
962	-0.135502	152.784762	0.003273	13.9
963	-0.659195	152.698589	0.005143	17.7
964	-0.682489	152.612545	0.011152	4.2
965	-0.000000	152.526631	0.000000	6.5
966	-0.011186	152.440845	0.001352	6.7
967	-0.381394	152.355188	0.002644	7.9
968	-0.000000	152.269660	0.000000	17.4
969	-0.252030	152.184259	0.003543	5.5
970	-0.306223	152.098986	0.002599	6.5
971	-0.453764	152.013840	0.003961	11.7
972	-0.734193	151.928821	0.004935	12.3
973	-0.368435	151.843928	0.001316	7.0
974	-0.721656	151.759163	0.006220	8.4
975	-0.340563	151.674523	0.007609	8.4
976	-0.764809	151.590009	0.004721	12.1
977	-0.000000	151.505620	0.000000	11.3
978	-0.218813	151.421357	0.003615	18.6
979	-0.000000	151.337218	0.000000	7.3
980	-0.988670	151.253204	0.004461	10.7
981	-0.643143	151.169314	0.004937	6.5
982	-0.000000	151.085549	0.000000	6.8
983	-0.000000	151.001907	0.000000	12.0
984	-0.607969	150.918388	0.006213	12.4
985	-0.732381	150.834992	0.007801	7.1
986	-0.122061	150.751719	0.006381	6.6
987	-0.000259	150.668569	0.000032	10.7
988	-0.000000	150.585541	0.000000	6.7
989	-0.000000	150.502634	0.000000	7.1
990	-0.499247	150.419849	0.002905	7.4
991	-0.000000	150.337186	0.000000	10.6
992	-0.824069	150.254644	0.007543	13.4
993	-0.017582	150.172222	0.000171	6.7
994	-0.000000	150.089921	0.000000	13.5
995	-0.418830	150.007740	0.006041	13.1
996	-0.000000	149.925679	0.000000	14.0
997	-0.339006	149.843737	0.004497	8.8
998	-0.005366	149.761915	0.000308	11.9
999	-0.609378	149.680212	0.012350	6.8
1000	-0.108444	149.598627	0.000731	9.6
1001	-0.000000	149.517161	0.000000	6.5
1002	-0.644799	149.435814	0.003688	7.0
1003	-0.000000	149.354584	0.000000	6.9
1004	-0.000000	149.273472	0.000000	16.3
1005	-0.520283	149.192477	0.011777	2.9
1006	-0.732892	149.111599	0.004021	6.8
1007	-0.000000	149.030838	0.000000	14.1
1008	-0.253682	148.950194	0.005471	10.3
1009	-0.625641	148.869666	0.005130	12.0
1010	-0.000000	148.789253	0.000000	6.2
1011	-0.536062	148.708957	0.005855	7.3
1012	-0.806427	148.628776	0.007998	6.8
1013	-0.041351	148.548710	0.001018	6.6
1014	-0.332421	148.468759	0.003885	7.4
1015	-0.616852	148.388923	0.007699	13.8
1016	-0.279633	148.309201	0.006351	8.2
1017	-0.425894	148.229594	0.004106	10.4
1018	-0.000000	148.150100	0.000000	12.3
1019	-0.932320	148.070719	0.010026	8.9
1020	-0.561287	147.991452	0.003493	10.7
1021	-0.471702	147.912298	0.006128	11.0
1022	-0.295222	147.833257	0.007873	6.7
1023	-0.828848	147.754329	0.006300	6.7
1024	-0.627589	147.675512	0.008962	7.1
1025	-0.120221	147.596808	0.002397	10.5
1026	-0.453992	147.518216	0.003694	8.1
1027	-0.575518	147.439735	0.005956	6.8
1028	-0.000000	147.361365	0.000000	7.8
1029	-0.653594	147.283106	0.010723	6.6
1030	-0.000000	147.204958	0.000000	10.6
1031	-0.601491	147.126920	0.007604	11.9
1032	-0.834702	147.048993	0.004993	6.9
1033	-0.515136	146.971175	0.007616	7.0
1034	-0.311460	146.893468	0.005304	6.8
1035	-0.573770	146.815869	0.003768	7.3
1036	-0.000000	146.738380	0.000000	7.9
1037	-0.639607	146.661000	0.009528	8.0
1038	-0.498556	146.583729	0.005146	13.4
1039	-0.400328	146.506566	0.006331	9.8
1040	-0.023917	146.429511	0.000417	12.2
1041	-0.408798	146.352565	0.002509	7.2
1042	-0.474397	146.275726	0.006515	8.7
1043	-0.702671	146.198994	0.005510	7.9
1044	-0.808342	146.122370	0.007451	6.8
1045	-0.000000	146.045853	0.000000	6.8
1046	-0.852672	145.969442	0.018473	7.2
1047	-0.801803	145.893139	0.008644	6.8
1048	-0.882062	145.816941	0.004072	8.1
1049	-0.808348	145.740849	0.005456	13.8
1050	-0.645675	145.664863	0.003435	13.4
1051	-0.000000	145.588983	0.000000	6.9
1052	-0.770542	145.513208	0.006576	12.2
1053	-0.863333	145.437538	0.005059	7.7
1054	-0.821027	145.361973	0.008396	6.7
1055	-0.000000	145.286513	0.000000	6.9
1056	-0.413423	145.211157	0.001773	6.8
1057	-0.564743	145.135905	0.003486	8.5
1058	-0.000000	145.060757	0.000000	7.5
1059	-0.736972	144.985712	0.004623	9.5
1060	-0.000000	144.910771	0.000000	11.7
1061	-0.886890	144.835934	0.004964	6.9
1062	-0.391618	144.761199	0.005585	7.9
1063	-0.779950	144.686567	0.006153	7.8
1064	-0.859074	144.612037	0.004467	8.3
1065	-0.000000	144.537610	0.000000	7.7
1066	-0.000000	144.463285	0.000000	7.7
1067	-0.873624	144.389062	0.007187	7.1
1068	-0.000000	144.314940	0.000000	9.0
1069	-0.389456	144.240920	0.005345	7.2
1070	-0.000000	144.167001	0.000000	8.6
1071	-0.177609	144.093182	0.004810	6.8
1072	-0.364265	144.019465	0.003892	11.7
1073	-0.021154	143.945848	0.002579	7.2
1074	-0.246321	143.872331	0.002096	10.1
1075	-0.194966	143.798914	0.002326	7.9
1076	-0.000000	143.725597	0.000000	7.9
1077	-0.522072	143.652380	0.005155	11.2
1078	-0.000000	143.579262	0.000000	6.3
1079	-0.000000	143.506243	0.000000	7.0
1080	-0.734903	143.433323	0.003597	7.1
1081	-0.653956	143.360502	0.005287	7.1
1082	-0.000000	143.287780	0.000000	7.3
1083	-0.354270	143.215155	0.006102	7.7
1084	-0.591727	143.142629	0.008130	9.8
1085	-0.431301	143.070201	0.004129	7.4
1086	-0.915867	142.997870	0.009366	8.3
1087	-0.000000	142.925637	0.000000	11.0
1088	-0.035978	142.853501	0.000448	12.8
1089	-0.771002	142.781462	0.008115	9.8
1090	-0.412045	142.709519	0.002599	10.1
1091	-0.995622	142.637674	0.010343	12.0
1092	-0.556845	142.565924	0.005426	7.4
1093	-0.551440	142.494271	0.005320	7.6
1094	-0.634936	142.422714	0.004479	8.7
1095	-0.762698	142.351252	0.004314	15.9
1096	-0.390960	142.279886	0.005450	4.6
1097	-0.000000	142.208616	0.000000	11.7
1098	-0.447261	142.137440	0.003993	7.7
1099	-0.246850	142.066360	0.003989	14.0
1100	-0.960444	141.995374	0.008492	5.5
1101	-0.000000	141.924483	0.000000	7.1
1102	-0.000000	141.853685	0.000000	6.8
1103	-0.001625	141.782983	0.000054	7.5
1104	-0.230481	141.712373	0.003336	10.1
1105	-0.775264	141.641858	0.009174	7.1
1106	-0.286226	141.571436	0.004326	12.6
1107	-0.306483	141.501108	0.003619	7.9
1108	-0.755955	141.430872	0.004287	7.4
1109	-0.712736	141.360730	0.005676	6.8
1110	-0.234694	141.290680	0.001736	12.4
1111	-0.252836	141.220722	0.007480	7.9
1112	-0.000000	141.150857	0.000000	7.1
1113	-0.077167	141.081084	0.001462	11.5
1114	-0.569014	141.011403	0.003406	12.4
1115	-0.000000	140.941813	0.000000	5.6
1116	-0.000000	140.872315	0.000000	11.5
1117	-0.368614	140.802909	0.004531	8.9
1118	-0.000000	140.733593	0.000000	6.8
1119	-0.000000	140.664369	0.000000	6.5
1120	-1.085312	140.595235	0.007572	6.5
1121	-0.030992	140.526192	0.000272	11.9
1122	-0.253043	140.457239	0.002739	7.8
1123	-0.933103	140.388376	0.005996	7.0
1124	-0.610874	140.319603	0.005238	7.6
1125	-0.605712	140.250920	0.006959	9.2
1126	-0.000000	140.182326	0.000000	6.5
1127	-0.687213	140.113822	0.005828	11.1
1128	-0.000000	140.045407	0.000000	10.2
1129	-0.712854	139.977081	0.007634	7.4
1130	-0.548372	139.908844	0.006848	11.9
1131	-0.773797	139.840696	0.002682	7.7
1132	-0.749342	139.772635	0.004228	9.8
1133	-0.000000	139.704664	0.000000	6.4
1134	-0.000000	139.636780	0.000000	7.5
1135	-0.588706	139.568984	0.004261	6.6
1136	-0.135893	139.501276	0.003264	7.6
1137	-0.576996	139.433655	0.008644	7.6
1138	-0.693294	139.366122	0.003714	6.5
1139	-0.502971	139.298676	0.006013	7.3
1140	-0.423467	139.231317	0.002669	15.0
1141	-0.000000	139.164045	0.000000	7.7
1142	-0.000000	139.096859	0.000000	9.0
1143	-0.000000	139.029760	0.000000	11.9
1144	-0.192960	138.962747	0.001641	11.8
1145	-0.400997	138.895820	0.004439	11.8
1146	-0.001891	138.828978	0.000060	6.7
1147	-0.501136	138.762223	0.007310	7.0
1148	-0.469582	138.695553	0.008115	6.8
1149	-0.668630	138.628969	0.004611	11.3
1150	-0.749472	138.562469	0.005156	7.9
1151	-0.235202	138.496055	0.003935	7.5
1152	-0.000000	138.429725	0.000000	8.4
1153	-0.099062	138.363481	0.004035	11.9
1154	-0.000000	138.297320	0.000000	7.7
1155	-0.287774	138.231244	0.001798	10.0
1156	-0.000000	138.165252	0.000000	13.9
1157	-0.000000	138.099344	0.000000	5.6
1158	-0.402892	138.033520	0.002920	10.4
1159	-0.644332	137.967779	0.003899	7.7
1160	-0.000000	137.902122	0.000000	7.9
1161	-0.814007	137.836548	0.007078	12.0
1162	-0.978041	137.771057	0.003405	12.1
1163	-0.000000	137.705649	0.000000	6.3
1164	-0.667311	137.640324	0.007030	6.6
1165	-0.248783	137.575081	0.003605	10.6
1166	-0.372520	137.509921	0.004678	6.5
1167	-0.782659	137.444842	0.007455	7.1
1168	-0.000000	137.379846	0.000000	10.3
1169	-0.000000	137.314932	0.000000	6.5
1170	-0.000000	137.250100	0.000000	7.8
1171	-0.363084	137.185349	0.003694	9.7
1172	-0.000848	137.120680	0.000470	7.6
1173	-0.078287	137.056092	0.003315	12.3
1174	-0.441543	136.991585	0.008068	7.1
1175	-0.689134	136.927158	0.009063	7.7
1176	-0.501089	136.862813	0.005371	7.5
1177	-0.202563	136.798548	0.004972	8.9
1178	-0.298870	136.734363	0.003273	6.9
1179	-0.000000	136.670259	0.000000	7.8
1180	-0.085760	136.606235	0.000491	7.3
1181	-0.364412	136.542291	0.001985	9.8
1182	-0.954818	136.478426	0.006522	6.7
1183	-0.000000	136.414641	0.000000	7.1
1184	-1.003024	136.350936	0.013044	10.6
1185	-0.000000	136.287310	0.000000	16.5
1186	-0.862005	136.223763	0.008179	8.7
1187	-0.694755	136.160295	0.002685	9.3
1188	-0.925446	136.096905	0.006440	12.0
1189	-0.974082	136.033594	0.005672	6.5
1190	-0.000000	135.970362	0.000000	7.7
1191	-0.518266	135.907208	0.004929	7.0
1192	-0.227383	135.844133	0.002369	6.7
1193	-0.679748	135.781135	0.009189	7.3
1194	-0.469790	135.718215	0.004879	7.5
1195	-0.000000	135.655373	0.000000	7.2
1196	-0.589226	135.592608	0.010083	9.2
1197	-0.282100	135.529921	0.009735	12.0
1198	-0.923685	135.467311	0.007123	10.5
1199	-0.000000	135.404778	0.000000	9.1
1200	-0.777254	135.342322	0.004561	7.6
1201	-0.499408	135.279942	0.006361	12.4
1202	-0.185856	135.217640	0.002929	7.6
1203	-0.279467	135.155413	0.003701	12.2
1204	-0.000043	135.093263	0.000041	6.6
1205	-0.080919	135.031190	0.000839	6.7
1206	-0.138749	134.969192	0.003147	10.3
1207	-0.378671	134.907270	0.003415	9.1
1208	-0.000000	134.845424	0.000000	6.4
1209	-0.640171	134.783653	0.009672	6.8
1210	-0.937874	134.721958	0.006126	6.7
1211	-0.935580	134.660338	0.005557	7.8
1212	-0.000000	134.598793	0.000000	12.7
1213	-0.013449	134.537323	0.000240	10.0
1214	-0.000000	134.475927	0.000000	7.8
1215	-0.571711	134.414607	0.003946	7.8
1216	-0.614036	134.353361	0.008322	7.2
1217	-0.128196	134.292189	0.004361	7.6
1218	-0.000000	134.231092	0.000000	9.3
1219	-0.836171	134.170068	0.006689	8.5
1220	-0.424919	134.109119	0.004055	7.9
1221	-0.253461	134.048243	0.005830	10.1
1222	-0.071445	133.987441	0.000662	7.1
1223	-0.000000	133.926713	0.000000	10.2
1224	-0.000000	133.866057	0.000000	6.9
1225	-0.793506	133.805475	0.004664	7.9
1226	-0.754451	133.744966	0.006452	7.7
1227	-0.808295	133.684530	0.007345	14.0
1228	-0.728318	133.624167	0.006658	4.6
1229	-0.811290	133.563877	0.006732	8.3
1230	-0.000000	133.503658	0.000000	8.9
1231	-0.856123	133.443513	0.004728	7.3
1232	-0.762050	133.383439	0.006706	7.8
1233	-0.000000	133.323437	0.000000	7.3
1234	-0.709672	133.263508	0.008706	8.0
1235	-0.897773	133.203650	0.005407	12.1
1236	-0.400238	133.143864	0.005029	8.5
1237	-0.664163	133.084149	0.008065	6.6
1238	-0.000000	133.024506	0.000000	9.7
1239	-0.403255	132.964934	0.006070	9.2
1240	-0.808296	132.905433	0.004286	13.8
1241	-0.000000	132.846003	0.000000	16.3
1242	-0.794495	132.786643	0.006582	10.5
1243	-0.689610	132.727355	0.006002	8.7
1244	-0.861076	132.668137	0.007280	15.9
1245	-0.000000	132.608989	0.000000	13.2
1246	-0.005572	132.549912	0.000295	12.5
1247	-0.889697	132.490904	0.006959	13.8
1248	-0.915320	132.431967	0.004781	12.0
1249	-0.784407	132.373100	0.010593	7.9
1250	-0.741366	132.314302	0.003244	14.5
1251	-0.846199	132.255574	0.003339	12.8
1252	-0.000000	132.196916	0.000000	11.4
1253	-0.000000	132.138326	0.000000	13.9
1254	-0.793194	132.079806	0.006539	15.6
1255	-0.000000	132.021355	0.000000	8.1
1256	-0.384687	131.962973	0.005656	14.5
1257	-0.508254	131.904660	0.006852	12.2
1258	-0.076336	131.846415	0.002905	15.1
1259	-0.509165	131.788239	0.004129	11.9
1260	-0.000000	131.730131	0.000000	12.9
1261	-0.000000	131.672092	0.000000	3.4
1262	-0.492165	131.614121	0.003657	7.5
1263	-0.527308	131.556217	0.008720	7.6
1264	-0.452917	131.498382	0.002678	6.8
1265	-0.566350	131.440614	0.007394	12.2
1266	-0.283495	131.382914	0.003990	8.8
1267	-0.076200	131.325282	0.001903	9.7
1268	-0.858034	131.267717	0.008534	6.9
1269	-0.645290	131.210219	0.008870	6.6
1270	-0.831711	131.152788	0.004274	11.0
1271	-0.669426	131.095424	0.004605	7.8
1272	-0.406842	131.038127	0.004284	6.9
1273	-0.634565	130.980897	0.005744	8.3
1274	-0.939647	130.923733	0.011848	8.7
1275	-0.364675	130.866636	0.007771	7.9
1276	-0.627819	130.809605	0.004758	7.5
1277	-0.010456	130.752641	0.000162	11.6
1278	-0.000000	130.695742	0.000000	7.5
1279	-0.849714	130.638910	0.005086	8.7
1280	-0.012163	130.582143	0.001648	11.9
1281	-0.393424	130.525442	0.007041	11.8
1282	-0.545265	130.468807	0.007552	12.8
1283	-0.820530	130.412237	0.006145	7.0
1284	-0.895957	130.355733	0.012061	12.1
1285	-0.000000	130.299294	0.000000	6.5
1286	-0.000013	130.242920	0.000012	6.7
1287	-0.724990	130.186611	0.003476	11.5
1288	-0.855928	130.130366	0.004615	12.9
1289	-0.000000	130.074187	0.000000	10.3
1290	-0.395137	130.018072	0.005693	6.4
1291	-0.411627	129.962022	0.005833	9.5
1292	-0.394602	129.906036	0.004862	6.9
1293	-0.434925	129.850114	0.005034	7.1
1294	-0.000000	129.794257	0.000000	9.6
1295	-0.000000	129.738463	0.000000	8.8
1296	-0.604418	129.682734	0.004594	7.5
1297	-0.626592	129.627068	0.006646	9.3
1298	-0.000064	129.571466	0.000037	10.1
1299	-0.689527	129.515927	0.004599	7.3
1300	-0.677410	129.460452	0.004192	12.1
1301	-0.000000	129.405040	0.000000	6.6
1302	-0.000000	129.349692	0.000000	6.9
1303	-0.689832	129.294406	0.008976	6.8
1304	-0.000000	129.239183	0.000000	6.5
1305	-0.606727	129.184024	0.006433	9.3
1306	-0.991334	129.128927	0.003877	16.1
1307	-0.689185	129.073892	0.004687	7.7
1308	-0.470481	129.018921	0.005140	12.0
1309	-0.407053	128.964011	0.007541	11.9
1310	-0.707342	128.909164	0.007882	3.1
1311	-0.276100	128.854379	0.002570	10.4
1312	-0.000000	128.799656	0.000000	6.6
1313	-0.135108	128.744995	0.002012	9.2
1314	-0.000004	128.690396	0.000004	7.8
1315	-0.168399	128.635858	0.002508	7.3
1316	-0.045101	128.581382	0.001267	6.9
1317	-0.338015	128.526968	0.005786	12.1
1318	-0.471509	128.472615	0.009477	7.0
1319	-0.235162	128.418323	0.000691	7.3
1320	-0.000000	128.364092	0.000000	15.9
1321	-0.004193	128.309922	0.000090	2.2
1322	-0.918431	128.255814	0.011092	8.5
1323	-0.414396	128.201766	0.005827	7.6
1324	-0.000000	128.147778	0.000000	7.7
1325	-0.631752	128.093852	0.004814	6.6
1326	-0.000000	128.039985	0.000000	6.2
1327	-0.317558	127.986180	0.004243	6.8
1328	-0.000000	127.932434	0.000000	11.9
1329	-0.832013	127.878749	0.008291	11.5
1330	-0.741559	127.825123	0.004773	9.6
1331	-0.000011	127.771558	0.000009	9.5
1332	-0.000000	127.718052	0.000000	13.5
1333	-0.576404	127.664606	0.003269	2.5
1334	-0.741676	127.611220	0.011519	7.0
1335	-0.401592	127.557893	0.003115	12.2
1336	-0.180931	127.504625	0.000815	12.7
1337	-0.456281	127.451417	0.006407	7.8
1338	-0.120115	127.398268	0.002774	6.8
1339	-0.423381	127.345178	0.003626	7.1
1340	-0.623787	127.292147	0.007530	7.3
1341	-0.000000	127.239175	0.000000	12.7
1342	-0.000000	127.186261	0.000000	8.0
1343	-0.011898	127.133407	0.000802	9.3
1344	-0.995719	127.080610	0.004555	7.1
1345	-0.226444	127.027872	0.003954	8.0
1346	-0.359554	126.975193	0.005065	12.7
1347	-0.663479	126.922572	0.006140	7.0
1348	-0.580861	126.870008	0.005445	8.7
1349	-0.440719	126.817503	0.004015	13.1
1350	-0.441261	126.765056	0.005768	10.9
1351	-0.962435	126.712667	0.016793	11.5
1352	-0.335316	126.660335	0.003861	6.9
1353	-0.000000	126.608061	0.000000	19.2
1354	-0.497716	126.555844	0.007758	2.1
1355	-0.341454	126.503685	0.003242	6.9
1356	-0.479234	126.451583	0.004056	8.3
1357	-0.479123	126.399538	0.008641	12.2
1358	-0.641368	126.347550	0.008237	6.9
1359	-0.725300	126.295619	0.010491	6.7
1360	-0.000000	126.243745	0.000000	10.0
1361	-0.158261	126.191928	0.002708	12.0
1362	-0.489292	126.140168	0.003950	6.8
1363	-0.789889	126.088464	0.007108	7.4
1364	-0.000000	126.036817	0.000000	8.3
1365	-0.287430	125.985226	0.003618	9.2
1366	-0.633059	125.933691	0.004077	8.5
1367	-1.003624	125.882212	0.004000	7.4
1368	-0.267912	125.830790	0.005655	6.9
1369	-0.442412	125.779423	0.002197	8.9
1370	-0.616068	125.728113	0.006154	6.9
1371	-0.000000	125.676858	0.000000	9.0
1372	-0.000000	125.625659	0.000000	8.0
1373	-0.000000	125.574515	0.000000	11.8
1374	-0.135756	125.523427	0.002424	7.9
1375	-0.370141	125.472394	0.003540	7.1
1376	-0.178476	125.421417	0.000943	12.4
1377	-0.000000	125.370495	0.000000	12.4
1378	-0.171268	125.319628	0.002400	13.2
1379	-0.219364	125.268815	0.003696	12.1
1380	-0.383476	125.218058	0.003455	10.4
1381	-0.319863	125.167356	0.003063	6.8
1382	-0.000000	125.116708	0.000000	7.1
1383	-0.703766	125.066115	0.007638	6.7
1384	-0.549343	125.015576	0.008810	13.1
1385	-0.448108	124.965092	0.005117	6.2
1386	-0.822504	124.914662	0.004636	11.5
1387	-0.251766	124.864287	0.008695	11.9
1388	-0.822531	124.813965	0.005141	8.6
1389	-0.656785	124.763698	0.009197	11.3
1390	-0.670284	124.713485	0.008624	8.0
1391	-0.000000	124.663325	0.000000	7.7
1392	-0.011162	124.613219	0.000303	11.9
1393	-0.139860	124.563167	0.003651	12.0
1394	-0.546254	124.513168	0.007655	7.6
1395	-0.880723	124.463223	0.008532	8.2
1396	-0.081478	124.413332	0.002286	15.9
1397	-0.961783	124.363493	0.004097	10.7
1398	-0.040165	124.313708	0.000213	6.6
1399	-0.000000	124.263976	0.000000	6.9
1400	-0.985608	124.214297	0.008618	7.7
1401	-0.205911	124.164671	0.002363	7.7
1402	-0.881052	124.115097	0.006533	6.6
1403	-0.000183	124.065577	0.000137	7.0
1404	-0.891550	124.016109	0.004669	6.9
1405	-0.947688	123.966693	0.005243	11.2
1406	-0.139219	123.917330	0.002094	7.0
1407	-0.000000	123.868020	0.000000	8.9
1408	-0.362718	123.818762	0.001904	8.3
1409	-0.379803	123.769556	0.005414	7.0
1410	-0.601353	123.720402	0.005330	8.8
1411	-0.049411	123.671300	0.000667	8.4
1412	-0.558806	123.622250	0.007522	7.0
1413	-0.825000	123.573252	0.002242	6.8
1414	-0.835455	123.524305	0.007266	7.4
1415	-0.643777	123.475411	0.005925	8.3
1416	-0.721875	123.426568	0.005568	8.4
1417	-0.150808	123.377776	0.005193	9.2
1418	-0.000000	123.329036	0.000000	11.8
1419	-0.384314	123.280347	0.007824	13.0
1420	-0.380152	123.231709	0.005500	9.2
1421	-0.225256	123.183122	0.001922	11.7
1422	-0.479616	123.134587	0.006994	9.6
1423	-0.000021	123.086102	0.000019	7.2
1424	-0.000014	123.037669	0.000009	6.4
1425	-0.806005	122.989286	0.006591	9.4
1426	-0.460636	122.940954	0.005036	6.9
1427	-0.006298	122.892672	0.000746	9.0
1428	-0.476716	122.844441	0.010076	16.0
1429	-0.600678	122.796261	0.008158	9.7
1430	-0.635390	122.748130	0.004779	11.4
1431	-0.111080	122.700050	0.001576	12.0
1432	-0.574531	122.652021	0.005478	14.1
1433	-0.786890	122.604041	0.007873	11.0
1434	-0.299026	122.556111	0.005208	7.3
1435	-0.757593	122.508232	0.005136	12.4
1436	-0.910300	122.460402	0.006639	7.2
1437	-0.000000	122.412622	0.000000	7.3
1438	-0.175325	122.364891	0.003655	7.5
1439	-0.217677	122.317210	0.004852	12.0
1440	-0.170075	122.269579	0.000677	9.9
1441	-0.557929	122.221997	0.003686	6.9
1442	-0.461921	122.174465	0.001930	7.0
1443	-0.711009	122.126981	0.005075	7.2
1444	-0.800589	122.079547	0.006174	14.2
1445	-0.574731	122.032162	0.003961	7.8
1446	-0.176211	121.984826	0.000657	12.0
1447	-0.128528	121.937539	0.002661	11.6
1448	-0.487990	121.890301	0.001645	12.0
1449	-0.685588	121.843112	0.012715	7.5
1450	-0.995718	121.795971	0.006212	12.2
1451	-0.000000	121.748879	0.000000	7.2
1452	-0.745131	121.701835	0.006007	8.3
1453	-0.834340	121.654840	0.006548	7.3
1454	-0.623024	121.607893	0.003991	7.1
1455	-0.493445	121.560994	0.004098	9.5
1456	-0.869849	121.514144	0.004795	6.7
1457	-0.739851	121.467342	0.007877	12.5
1458	-0.683485	121.420588	0.005359	6.8
1459	-0.846742	121.373882	0.006545	6.8
1460	-0.000000	121.327223	0.000000	7.3
1461	-0.173595	121.280613	0.003950	11.4
1462	-0.277575	121.234050	0.002510	7.7
1463	-0.370280	121.187535	0.010855	6.7
1464	-0.848323	121.141067	0.005536	7.2
1465	-0.394043	121.094647	0.007494	9.0
1466	-0.638702	121.048274	0.011403	12.0
1467	-1.010391	121.001949	0.007044	6.4
1468	-0.000000	120.955671	0.000000	6.3
1469	-0.511346	120.909440	0.002391	6.8
1470	-0.431115	120.863256	0.007239	8.0
1471	-0.407522	120.817119	0.009698	7.0
1472	-0.855795	120.771029	0.006980	7.5
1473	-0.346846	120.724986	0.007088	8.3
1474	-0.790998	120.678990	0.002028	12.7
1475	-0.000000	120.633040	0.000000	7.0
1476	-0.092751	120.587137	0.002976	7.2
1477	-0.734824	120.541281	0.009785	6.8
1478	-0.000000	120.495471	0.000000	6.8
1479	-0.841500	120.449707	0.004308	7.1
1480	-0.625794	120.403990	0.007685	11.9
1481	-0.000000	120.358319	0.000000	8.8
1482	-0.668591	120.312694	0.009173	11.9
1483	-0.283304	120.267115	0.002877	7.9
1484	-0.000000	120.221582	0.000000	7.5
1485	-0.833207	120.176096	0.005333	12.6
1486	-0.316929	120.130655	0.002737	6.6
1487	-0.000000	120.085260	0.000000	6.8
1488	-0.454908	120.039910	0.003050	10.3
1489	-0.000000	119.994606	0.000000	7.4
1490	-0.232289	119.949348	0.002200	6.9
1491	-0.270420	119.904135	0.001821	6.6
1492	-0.402970	119.858968	0.002419	10.7
1493	-0.326430	119.813846	0.002797	6.9
1494	-0.135988	119.768769	0.001752	12.1
1495	-0.257065	119.723738	0.002229	6.9
1496	-0.141117	119.678752	0.002616	6.7
1497	-0.000000	119.633810	0.000000	13.0
1498	-0.493264	119.588914	0.004688	8.6
1499	-0.259610	119.544062	0.006999	13.1
1500	-0.396547	119.499256	0.005633	11.8
1501	-0.801349	119.454494	0.015030	7.9
1502	-0.841205	119.409777	0.009626	7.1
1503	-0.466867	119.365104	0.004854	9.0
1504	-0.885387	119.320476	0.005010	6.9
1505	-0.509396	119.275893	0.007723	6.8
1506	-0.027250	119.231353	0.001568	9.9
1507	-0.514364	119.186859	0.007124	9.6
1508	-0.000000	119.142408	0.000000	12.3
1509	-0.040939	119.098002	0.001403	7.4
1510	-0.880312	119.053639	0.005880	7.0
1511	-0.000000	119.009321	0.000000	12.8
1512	-0.828487	118.965047	0.005217	6.6
1513	-0.000000	118.920816	0.000000	6.6
1514	-0.684957	118.876630	0.005188	7.2
1515	-0.210946	118.832487	0.001016	10.1
1516	-0.011363	118.788388	0.000194	7.0
1517	-0.000000	118.744332	0.000000	12.0
1518	-0.000000	118.700320	0.000000	11.6
1519	-0.000001	118.656352	0.000000	6.5
1520	-0.000000	118.612427	0.000000	6.9
1521	-0.048118	118.568545	0.001357	7.1
1522	-0.000000	118.524706	0.000000	8.3
1523	-0.757519	118.480911	0.003848	6.5
1524	-0.711882	118.437159	0.006190	9.4
1525	-0.651209	118.393450	0.004141	7.3
1526	-0.889202	118.349784	0.007791	8.6
1527	-0.289033	118.306160	0.008920	12.5
1528	-0.000000	118.262580	0.000000	7.2
1529	-0.856932	118.219042	0.006546	10.2
1530	-0.570501	118.175548	0.005058	12.7
1531	-0.000000	118.132095	0.000000	11.4
1532	-0.679583	118.088686	0.010015	7.0
1533	-0.838536	118.045319	0.011642	7.0
1534	-0.586066	118.001994	0.003943	10.9
1535	-0.797701	117.958712	0.009546	6.4
1536	-0.000000	117.915472	0.000000	7.1
1537	-0.000000	117.872274	0.000000	6.9
1538	-0.520989	117.829118	0.003768	12.0
1539	-0.000000	117.786005	0.000000	4.8
1540	-0.000325	117.742933	0.000233	8.7
1541	-0.338752	117.699904	0.003788	7.9
1542	-0.000000	117.656916	0.000000	11.5
1543	-0.651363	117.613971	0.005450	8.7
1544	-0.995235	117.571067	0.008964	7.3
1545	-0.743246	117.528205	0.004906	6.8
1546	-0.000000	117.485384	0.000000	7.2
1547	-0.860567	117.442605	0.010688	6.8
1548	-0.350570	117.399867	0.004352	11.2
1549	-0.273718	117.357171	0.004345	11.8
1550	-0.416940	117.314517	0.009080	7.3
1551	-0.720279	117.271903	0.008869	7.5
1552	-0.882178	117.229331	0.007165	6.6
1553	-0.055123	117.186800	0.004834	9.2
1554	-0.095975	117.144311	0.002655	12.4
1555	-0.134798	117.101862	0.007759	6.6
1556	-0.000000	117.059454	0.000000	6.7
1557	-0.674045	117.017087	0.004763	14.0
1558	-0.761535	116.974762	0.006789	8.9
1559	-0.618647	116.932476	0.007487	6.6
1560	-0.273421	116.890232	0.005353	6.4
1561	-0.000000	116.848028	0.000000	7.7
1562	-0.851710	116.805865	0.011483	8.0
1563	-0.671704	116.763743	0.005848	12.0
1564	-0.259591	116.721661	0.002749	5.5
1565	-0.000000	116.679619	0.000000	7.2
1566	-0.650778	116.637618	0.003330	7.7
1567	-0.000000	116.595657	0.000000	12.9
1568	-0.000000	116.553736	0.000000	6.0
1569	-0.346459	116.511855	0.004962	12.4
1570	-0.418234	116.470015	0.002060	8.3
1571	-0.551078	116.428214	0.002936	6.7
1572	-0.533842	116.386454	0.009638	15.5
1573	-0.000000	116.344733	0.000000	7.2
1574	-0.161284	116.303052	0.004792	10.3
1575	-0.578836	116.261412	0.001893	11.6
1576	-0.632223	116.219810	0.004320	11.9
1577	-0.755570	116.178249	0.005566	6.8
1578	-0.344041	116.136727	0.001531	13.6
1579	-0.000000	116.095245	0.000000	6.5
1580	-0.804232	116.053802	0.004991	8.7
1581	-0.416829	116.012398	0.002612	11.9
1582	-0.465370	115.971034	0.004827	11.3
1583	-0.000000	115.929710	0.000000	11.9
1584	-0.693727	115.888424	0.012035	7.0
1585	-0.428783	115.847178	0.007486	6.8
1586	-0.000000	115.805970	0.000000	14.6
1587	-0.695256	115.764802	0.008299	7.9
1588	-0.282453	115.723673	0.002960	8.2
1589	-0.258633	115.682583	0.004602	6.9
1590	-0.200570	115.641532	0.002869	8.7
1591	-0.099665	115.600519	0.001508	7.5
1592	-0.891676	115.559546	0.008517	12.1
1593	-1.051537	115.518610	0.004349	10.8
1594	-0.606218	115.477714	0.009116	9.4
1595	-0.699492	115.436856	0.008565	11.9
1596	-0.406798	115.396037	0.004762	7.9
1597	-0.800700	115.355256	0.006640	6.6
1598	-0.385635	115.314514	0.002164	7.3
1599	-0.412750	115.273810	0.008570	12.5
1600	-0.734137	115.233144	0.006351	8.0
1601	-0.533390	115.192517	0.007941	11.2
1602	-0.485355	115.151927	0.003792	7.1
1603	-0.000000	115.111376	0.000000	7.2
1604	-0.815547	115.070863	0.005489	6.8
1605	-0.447535	115.030388	0.003726	7.3
1606	-0.352967	114.989951	0.006480	11.7
1607	-0.366997	114.949551	0.007640	9.6
1608	-0.000000	114.909190	0.000000	8.0
1609	-0.000000	114.868866	0.000000	12.0
1610	-0.000000	114.828580	0.000000	7.3
1611	-0.491308	114.788332	0.011389	7.6
1612	-0.000000	114.748121	0.000000	7.4
1613	-0.788336	114.707948	0.008820	9.3
1614	-0.000000	114.667812	0.000000	11.9
1615	-0.757796	114.627714	0.006325	12.1
1616	-0.184801	114.587653	0.006846	7.6
1617	-0.000000	114.547629	0.000000	12.0
1618	-0.000000	114.507643	0.000000	11.7
1619	-0.205679	114.467693	0.004512	8.1
1620	-0.894157	114.427781	0.007897	12.0
1621	-0.387828	114.387907	0.003147	7.8
1622	-0.859270	114.348069	0.003648	8.3
1623	-0.324811	114.308268	0.004943	7.4
1624	-0.851863	114.268504	0.004553	8.0
1625	-0.819837	114.228777	0.005000	7.0
1626	-0.136041	114.189086	0.001763	9.0
1627	-0.381010	114.149433	0.007079	7.6
1628	-0.530953	114.109816	0.006757	12.7
1629	-0.942962	114.070235	0.012694	6.7
1630	-0.000000	114.030692	0.000000	12.4
1631	-0.916338	113.991185	0.003400	6.6
1632	-0.721811	113.951714	0.002603	7.9
1633	-0.850631	113.912280	0.005743	6.8
1634	-0.430413	113.872882	0.005471	6.9
1635	-0.007156	113.833521	0.000177	6.7
1636	-0.204040	113.794195	0.000804	12.0
1637	-0.000000	113.754906	0.000000	12.2
1638	-0.662527	113.715653	0.007689	7.7
1639	-0.645743	113.676437	0.004061	12.4
1640	-0.891340	113.637256	0.008080	7.3
1641	-0.000000	113.598111	0.000000	7.0
1642	-0.787427	113.559002	0.009206	11.8
1643	-0.384222	113.519929	0.005932	6.4
1644	-0.006331	113.480892	0.000811	6.4
1645	-0.774772	113.441891	0.008466	7.4
1646	-0.880581	113.402925	0.006468	10.7
1647	-0.779631	113.363995	0.006523	11.3
1648	-0.667065	113.325101	0.007132	6.1
1649	-0.343071	113.286242	0.004463	7.7
1650	-0.000000	113.247419	0.000000	12.1
1651	-0.122952	113.208631	0.002943	8.5
1652	-0.411526	113.169879	0.004793	8.6
1653	-0.398283	113.131162	0.005313	7.0
1654	-0.127497	113.092480	0.002961	6.7
1655	-0.956651	113.053833	0.014146	6.5
1656	-0.426422	113.015222	0.006556	13.9
1657	-0.763630	112.976646	0.005424	9.0
1658	-0.185810	112.938105	0.003018	2.9
1659	-0.523738	112.899599	0.004622	16.8
1660	-0.580555	112.861128	0.006839	2.3
1661	-0.552688	112.822692	0.005453	7.8
1662	-0.000000	112.784291	0.000000	8.9
1663	-0.602925	112.745924	0.004041	13.2
1664	-0.493798	112.707593	0.007748	10.9
1665	-0.000000	112.669296	0.000000	10.7
1666	-0.645385	112.631034	0.003681	6.8
1667	-0.000000	112.592806	0.000000	6.7
1668	-1.034855	112.554613	0.005478	7.1
1669	-0.820047	112.516455	0.006042	6.7
1670	-0.000000	112.478331	0.000000	7.3
1671	-0.025733	112.440241	0.000486	9.3
1672	-0.818388	112.402186	0.003958	6.8
1673	-0.457346	112.364165	0.004367	16.6
1674	-0.067815	112.326179	0.000694	9.7
1675	-0.000000	112.288227	0.000000	6.9
1676	-0.000000	112.250309	0.000000	6.6
1677	-0.230399	112.212425	0.002064	7.1
1678	-0.710029	112.174575	0.004721	7.8
1679	-0.578712	112.136759	0.005742	7.9
1680	-0.297713	112.098977	0.005140	8.8
1681	-0.000000	112.061229	0.000000	8.1
1682	-0.000000	112.023515	0.000000	17.0
1683	-0.488635	111.985834	0.008289	4.2
1684	-0.663766	111.948188	0.006258	10.3
1685	-0.508008	111.910575	0.005701	11.9
1686	-0.311729	111.872996	0.004651	11.3
1687	-0.258048	111.835450	0.002560	7.4
1688	-0.002447	111.797939	0.000801	7.2
1689	-0.006846	111.760460	0.001618	7.2
1690	-0.176701	111.723015	0.002589	6.8
1691	-0.691913	111.685604	0.002312	7.0
1692	-0.430179	111.648226	0.002788	6.6
1693	-0.883574	111.610881	0.004908	7.3
1694	-0.291449	111.573570	0.004362	10.2
1695	-0.711477	111.536292	0.004718	7.6
1696	-0.857526	111.499047	0.003177	8.3
1697	-0.475465	111.461835	0.008206	12.4
1698	-0.240829	111.424656	0.001544	7.4
1699	-0.747438	111.387510	0.007827	6.8
1700	-0.711563	111.350398	0.004369	15.3
1701	-0.227543	111.313318	0.004009	10.3
1702	-0.118856	111.276271	0.001370	16.1
1703	-0.382214	111.239257	0.005472	20.2
1704	-0.527298	111.202276	0.008623	13.4
1705	-0.581524	111.165328	0.004021	13.7
1706	-0.803028	111.128412	0.007632	15.2
1707	-0.422633	111.091529	0.003540	6.8
1708	-0.025017	111.054679	0.000974	7.1
1709	-0.000000	111.017861	0.000000	7.5
1710	-0.713818	110.981076	0.008038	6.9
1711	-0.779275	110.944323	0.005722	7.5
1712	-0.907865	110.907603	0.009464	15.5
1713	-0.000000	110.870915	0.000000	19.3
1714	-0.000000	110.834259	0.000000	6.1
1715	-0.000378	110.797636	0.000198	11.9
1716	-0.468127	110.761045	0.004833	7.9
1717	-0.000000	110.724486	0.000000	15.1
1718	-0.000000	110.687959	0.000000	9.7
1719	-0.000000	110.651465	0.000000	14.2
1720	-0.000000	110.615002	0.000000	14.5
1721	-0.000000	110.578572	0.000000	14.3
1722	-0.679417	110.542173	0.004780	11.9
1723	-0.680746	110.505807	0.003655	7.9
1724	-0.000022	110.469472	0.000016	11.9
1725	-0.682941	110.433169	0.008303	7.1
1726	-0.817557	110.396898	0.011545	7.1
1727	-0.655532	110.360659	0.001658	6.7
1728	-0.586712	110.324451	0.005474	7.1
1729	-0.817579	110.288276	0.009028	11.8
1730	-0.026717	110.252131	0.000215	7.7
1731	-0.570811	110.216019	0.002662	7.2
1732	-0.000000	110.179937	0.000000	8.9
1733	-0.187716	110.143888	0.003114	7.2
1734	-0.467286	110.107869	0.005407	8.7
1735	-0.000000	110.071882	0.000000	12.0
1736	-0.748476	110.035927	0.005472	6.5
1737	-0.000000	110.000003	0.000000	6.7
1738	-0.002810	109.964110	0.000716	7.2
1739	-0.661676	109.928248	0.005893	7.6
1740	-0.650392	109.892417	0.004149	7.7
1741	-0.096597	109.856618	0.002053	12.1
1742	-0.000000	109.820850	0.000000	7.7
1743	-0.000000	109.785112	0.000000	7.9
1744	-0.000000	109.749406	0.000000	12.0
1745	-1.023333	109.713730	0.007618	6.7
1746	-0.853322	109.678086	0.006822	6.8
1747	-0.847495	109.642472	0.008934	6.7
1748	-0.579625	109.606890	0.007069	11.4
1749	-0.543714	109.571337	0.005439	9.4
1750	-0.106680	109.535816	0.001694	7.0
1751	-0.769488	109.500326	0.004881	7.3
1752	-0.621985	109.464866	0.003586	6.9
1753	-0.298283	109.429436	0.002173	7.7
1754	-0.671246	109.394038	0.007081	7.7
1755	-0.347371	109.358669	0.001960	7.7
1756	-0.784659	109.323331	0.006308	12.2
1757	-0.016981	109.288024	0.000363	10.3
1758	-0.267969	109.252747	0.005908	7.8
1759	-0.608098	109.217501	0.004644	8.1
1760	-0.000000	109.182284	0.000000	7.0
1761	-0.265058	109.147098	0.002841	6.6
1762	-0.000000	109.111942	0.000000	9.2
1763	-0.975927	109.076817	0.003728	6.8
1764	-0.268233	109.041721	0.004541	12.2
1765	-0.639601	109.006656	0.006444	8.6
1766	-0.668651	108.971620	0.005894	7.2
1767	-0.917330	108.936615	0.001956	11.5
1768	-0.000000	108.901640	0.000000	9.2
1769	-0.735542	108.866694	0.005873	7.9
1770	-0.013252	108.831779	0.000478	9.3
1771	-0.241096	108.796893	0.002363	10.7
1772	-0.531828	108.762037	0.007917	7.8
1773	-0.136524	108.727211	0.003510	6.8
1774	-0.000000	108.692415	0.000000	6.9
1775	-0.000000	108.657648	0.000000	12.3
1776	-0.972969	108.622911	0.003650	7.0
1777	-0.112888	108.588203	0.001092	7.6
1778	-0.215696	108.553525	0.007762	6.9
1779	-0.867525	108.518877	0.006620	7.3
1780	-0.465977	108.484258	0.005993	7.1
1781	-0.460064	108.449668	0.003621	13.6
1782	-0.934289	108.415108	0.006678	2.6
1783	-0.945703	108.380578	0.005609	16.8
1784	-0.000000	108.346076	0.000000	3.9
1785	-0.379493	108.311604	0.008114	6.9
1786	-0.000000	108.277161	0.000000	7.2
1787	-0.639833	108.242747	0.005389	8.0
1788	-0.151750	108.208363	0.006781	6.9
1789	-0.415516	108.174007	0.003736	10.7
1790	-0.038650	108.139681	0.001245	14.1
1791	-0.000000	108.105383	0.000000	11.5
1792	-0.000000	108.071115	0.000000	5.2
1793	-0.000000	108.036875	0.000000	5.5
1794	-0.507851	108.002665	0.005873	8.0
1795	-0.767399	107.968483	0.004415	11.9
1796	-0.013649	107.934330	0.001406	7.5
1797	-0.000000	107.900206	0.000000	6.5
1798	-0.148791	107.866111	0.002484	7.1
1799	-0.822288	107.832044	0.004798	7.3
1800	-0.319658	107.798007	0.002215	11.2
1801	-0.000000	107.763997	0.000000	12.0
1802	-0.000000	107.730017	0.000000	6.2
1803	-0.449492	107.696065	0.008284	12.5
1804	-0.000000	107.662141	0.000000	10.1
1805	-0.346470	107.628246	0.004022	14.0
1806	-0.480741	107.594379	0.004423	14.5
1807	-0.000000	107.560541	0.000000	7.7
1808	-0.877889	107.526731	0.007740	13.5
1809	-0.702199	107.492949	0.011266	13.2
1810	-0.000000	107.459196	0.000000	15.9
1811	-0.000000	107.425471	0.000000	19.2
1812	-0.000000	107.391774	0.000000	10.7
1813	-0.214977	107.358106	0.002446	13.6
1814	-0.645025	107.324465	0.005435	14.4
1815	-0.026525	107.290853	0.000877	11.1
1816	-0.000000	107.257268	0.000000	9.1
1817	-0.102419	107.223712	0.001866	11.9
1818	-0.000000	107.190184	0.000000	12.9
1819	-0.902036	107.156683	0.003700	18.8
1820	-0.000000	107.123211	0.000000	11.9
1821	-0.446120	107.089766	0.004523	8.1
1822	-0.003313	107.056349	0.000294	13.4
1823	-0.861689	107.022960	0.003779	12.7
1824	-0.090613	106.989599	0.000904	12.0
1825	-0.855002	106.956265	0.004752	13.2
1826	-0.052054	106.922960	0.000617	12.0
1827	-0.035229	106.889681	0.000701	7.9
1828	-0.856135	106.856431	0.007914	7.8
1829	-0.562803	106.823208	0.003902	6.8
1830	-0.359974	106.790012	0.004574	7.2
1831	-0.219514	106.756844	0.002050	9.8
1832	-0.162979	106.723703	0.001946	6.6
1833	-0.204303	106.690590	0.002459	9.2
1834	-0.000000	106.657505	0.000000	6.9
1835	-0.000000	106.624446	0.000000	8.3
1836	-0.000000	106.591415	0.000000	8.6
1837	-0.538363	106.558411	0.005280	12.5
1838	-0.874267	106.525435	0.006133	12.1
1839	-0.570584	106.492485	0.004805	11.2
1840	-0.833531	106.459563	0.003555	6.6
1841	-0.000000	106.426668	0.000000	6.6
1842	-0.675137	106.393800	0.007534	7.2
1843	-0.794923	106.360959	0.006937	6.8
1844	-0.052639	106.328145	0.002254	12.5
1845	-0.186453	106.295358	0.001200	9.3
1846	-0.000000	106.262598	0.000000	12.3
1847	-0.194751	106.229865	0.004174	10.1
1848	-0.000000	106.197158	0.000000	7.1
1849	-0.291533	106.164479	0.003204	6.9
1850	-0.373423	106.131826	0.005185	9.6
1851	-0.000000	106.099201	0.000000	7.8
1852	-0.000000	106.066602	0.000000	7.2
1853	-0.403135	106.034029	0.005550	7.0
1854	-0.000000	106.001483	0.000000	7.1
1855	-0.000000	105.968964	0.000000	7.1
1856	-0.878680	105.936472	0.007903	11.4
1857	-0.000000	105.904006	0.000000	8.8
1858	-0.000000	105.871566	0.000000	6.6
1859	-0.211311	105.839153	0.005746	8.4
1860	-0.859421	105.806767	0.003907	11.2
1861	-0.706877	105.774407	0.005320	8.5
1862	-0.970006	105.742073	0.005488	9.8
1863	-0.432020	105.709766	0.002138	6.6
1864	-0.000000	105.677485	0.000000	7.1
1865	-0.000000	105.645230	0.000000	10.1
1866	-0.968987	105.613001	0.005602	11.9
1867	-0.030690	105.580799	0.000547	7.6
1868	-0.000000	105.548623	0.000000	6.7
1869	-0.437206	105.516473	0.005857	12.6
1870	-0.588385	105.484349	0.008054	10.6
1871	-0.694203	105.452251	0.005989	10.5
1872	-0.000017	105.420179	0.000014	13.1
1873	-0.744356	105.388133	0.004468	11.5
1874	-0.000000	105.356113	0.000000	5.3
1875	-0.417606	105.324119	0.004452	7.2
1876	-0.659387	105.292151	0.004092	11.3
1877	-0.265884	105.260209	0.002824	6.6
1878	-0.711771	105.228293	0.008040	9.2
1879	-1.033294	105.196402	0.006116	7.5
1880	-0.687524	105.164537	0.006047	8.9
1881	-0.986455	105.132698	0.006470	16.6
1882	-0.927425	105.100885	0.006924	3.1
1883	-0.627305	105.069097	0.008608	6.5
1884	-0.000000	105.037335	0.000000	6.8
1885	-0.359243	105.005598	0.003322	7.3
1886	-0.683761	104.973887	0.009211	7.3
1887	-0.875918	104.942202	0.008828	7.4
1888	-0.244412	104.910542	0.004898	8.0
1889	-0.808371	104.878907	0.008263	6.9
1890	-0.839423	104.847298	0.005397	6.9
1891	-0.038600	104.815715	0.001600	7.2
1892	-0.349536	104.784156	0.002606	12.6
1893	-0.495702	104.752623	0.005026	13.3
1894	-0.000000	104.721116	0.000000	5.1
1895	-0.222463	104.689633	0.003602	10.2
1896	-0.386726	104.658176	0.007784	8.1
1897	-0.000000	104.626744	0.000000	6.7
1898	-0.423164	104.595337	0.002973	6.7
1899	-0.646131	104.563955	0.005497	12.6
1900	-0.933946	104.532599	0.005948	9.2
1901	-0.531105	104.501267	0.005817	7.4
1902	-0.593507	104.469960	0.008233	7.1
1903	-0.000000	104.438679	0.000000	9.4
1904	-0.883963	104.407422	0.006799	10.4
1905	-0.494914	104.376191	0.005839	12.6
1906	-0.584746	104.344984	0.006876	6.6
1907	-0.442522	104.313802	0.003753	10.1
1908	-0.000000	104.282645	0.000000	6.8
1909	-0.929383	104.251513	0.008471	11.7
1910	-0.000000	104.220405	0.000000	7.0
1911	-0.269236	104.189323	0.001958	8.3
1912	-0.693629	104.158265	0.006383	10.0
1913	-0.664676	104.127231	0.013394	6.6
1914	-0.702312	104.096222	0.004645	12.8
1915	-0.416086	104.065238	0.004494	8.7
1916	-0.263038	104.034279	0.003221	6.8
1917	-0.013476	104.003344	0.000053	6.9
1918	-0.937629	103.972433	0.004939	13.4
1919	-0.899840	103.941547	0.009049	10.8
1920	-0.445759	103.910686	0.005351	12.1
1921	-0.087278	103.879849	0.001341	8.5
1922	-0.929746	103.849036	0.002153	7.4
1923	-1.054489	103.818248	0.006258	7.4
1924	-0.000000	103.787484	0.000000	9.3
1925	-0.625405	103.756744	0.004849	12.0
1926	-0.136484	103.726029	0.002626	12.9
1927	-0.902132	103.695338	0.004867	10.8
1928	-0.000000	103.664671	0.000000	6.7
1929	-0.000000	103.634028	0.000000	7.8
1930	-0.683372	103.603409	0.009378	6.5
1931	-0.000000	103.572814	0.000000	7.2
1932	-0.244193	103.542244	0.004805	8.0
1933	-0.626351	103.511698	0.003552	7.2
1934	-0.148480	103.481175	0.003638	8.3
1935	-0.000000	103.450677	0.000000	10.7
1936	-0.628606	103.420202	0.006771	15.1
1937	-0.653377	103.389752	0.017756	8.3
1938	-0.844732	103.359325	0.004337	10.1
1939	-0.520413	103.328922	0.005076	7.7
1940	-0.148216	103.298543	0.002621	7.7
1941	-0.000000	103.268188	0.000000	6.6
1942	-0.000000	103.237857	0.000000	6.6
1943	-0.000000	103.207549	0.000000	6.3
1944	-0.361906	103.177265	0.007926	6.6
1945	-0.562400	103.147005	0.008396	7.6
1946	-0.809402	103.116768	0.009641	7.5
1947	-0.225402	103.086556	0.003287	7.5
1948	-0.000000	103.056366	0.000000	14.7
1949	-0.699139	103.026200	0.007649	7.9
1950	-0.976114	102.996058	0.006025	7.7
1951	-1.002829	102.965939	0.004175	6.9
1952	-0.899805	102.935844	0.007013	6.8
1953	-0.355578	102.905772	0.006814	6.9
1954	-0.140151	102.875724	0.003886	6.9
1955	-0.000000	102.845699	0.000000	7.4
1956	-0.339363	102.815697	0.003618	7.0
1957	-0.000000	102.785719	0.000000	8.3
1958	-0.197557	102.755764	0.002823	7.0
1959	-0.263366	102.725832	0.004029	7.1
1960	-0.322212	102.695924	0.001154	11.3
1961	-0.772539	102.666038	0.006922	8.9
1962	-0.000000	102.636176	0.000000	11.1
1963	-0.802592	102.606337	0.004063	6.9
1964	-0.378206	102.576521	0.003674	12.7
1965	-0.000000	102.546728	0.000000	10.8
1966	-0.000000	102.516959	0.000000	6.6
1967	-0.162108	102.487212	0.002994	10.4
1968	-0.097871	102.457488	0.000606	7.2
1969	-0.498786	102.427788	0.004962	7.9
1970	-0.000000	102.398110	0.000000	7.2
1971	-0.000000	102.368455	0.000000	12.7
1972	-0.000000	102.338823	0.000000	6.9
1973	-0.956879	102.309214	0.010020	8.4
1974	-0.775167	102.279628	0.003816	7.6
1975	-0.000000	102.250064	0.000000	11.7
1976	-0.940571	102.220524	0.005476	8.9
1977	-0.523713	102.191006	0.004632	7.9
1978	-0.000113	102.161511	0.000079	12.5
1979	-0.989569	102.132038	0.006489	5.9
1980	-0.897716	102.102588	0.004378	6.9
1981	-0.638775	102.073161	0.008433	10.2
1982	-0.000000	102.043757	0.000000	11.4
1983	-0.000000	102.014375	0.000000	11.8
1984	-0.564135	101.985015	0.006066	7.7
1985	-0.597233	101.955678	0.004050	7.0
1986	-0.755057	101.926364	0.004602	12.8
1987	-0.053314	101.897072	0.004229	6.5
1988	-0.668537	101.867802	0.003883	6.8
1989	-0.255158	101.838555	0.002238	6.9
1990	-0.674895	101.809330	0.008459	11.9
1991	-0.661612	101.780128	0.008989	7.6
1992	-0.118932	101.750948	0.000676	8.0
1993	-0.366894	101.721790	0.006263	11.9
1994	-0.760819	101.692654	0.004958	7.4
1995	-0.719445	101.663541	0.008902	7.5
1996	-0.429468	101.634450	0.003599	6.8
1997	-0.590050	101.605381	0.006702	12.6
1998	-0.000000	101.576335	0.000000	9.3
1999	-0.186185	101.547310	0.003264	7.9
