1:ItNr	2:Metric	3:StepSize	4:||Gradient||	Time[ms]
0	-0.700656	627.201626	0.004363	1777.4
1	-0.361024	623.504937	0.002610	15.6
2	-0.000000	619.865785	0.000000	9.6
3	-0.068752	616.282728	0.002933	12.7
4	-0.000000	612.754375	0.000000	13.3
5	-0.709304	609.279381	0.006967	11.7
6	-0.082063	605.856447	0.002263	6.6
7	-0.294611	602.484317	0.001145	9.4
8	-0.797240	599.161779	0.004736	8.5
9	-0.626858	595.887656	0.003105	14.2
10	-0.390817	592.660813	0.003348	14.6
11	-0.000000	589.480151	0.000000	16.2
12	-0.547785	586.344606	0.005823	9.7
13	-0.394131	583.253145	0.002252	6.7
14	-0.049935	580.204771	0.002208	4.0
15	-0.000000	577.198517	0.000000	14.8
16	-0.119164	574.233444	0.002121	8.8
17	-0.204814	571.308645	0.003788	8.2
18	-0.263304	568.423237	0.004140	12.4
19	-0.479154	565.576365	0.003536	11.5
20	-0.101172	562.767201	0.001114	11.4
21	-0.386209	559.994938	0.004840	11.6
22	-0.179966	557.258797	0.001422	10.4
23	-0.483113	554.558018	0.002829	8.8
24	-0.591208	551.891865	0.008161	8.8
25	-0.000000	549.259621	0.000000	14.5
26	-0.319783	546.660592	0.003884	10.4
27	-0.373587	544.094102	0.003143	12.7
28	-0.115852	541.559494	0.001993	14.4
29	-0.036368	539.056129	0.000418	13.1
30	-0.016216	536.583387	0.000230	11.9
31	-0.370274	534.140663	0.001715	14.1
32	-0.000000	531.727370	0.000000	14.2
33	-0.021635	529.342935	0.000399	13.7
34	-0.630512	526.986802	0.003336	10.6
35	-0.000000	524.658430	0.000000	10.2
36	-0.000000	522.357290	0.000000	17.2
37	-0.000000	520.082868	0.000000	12.2
38	-0.448681	517.834665	0.002349	9.4
39	-0.158617	515.612193	0.002374	8.9
40	-0.000000	513.414976	0.000000	12.8
41	-0.437469	511.242551	0.005182	11.8
42	-0.000000	509.094468	0.000000	11.9
43	-0.109092	506.970285	0.000745	13.5
44	-0.312669	504.869574	0.004255	17.5
45	-0.342588	502.791916	0.004046	10.0
46	-0.220964	500.736903	0.001085	14.5
47	-0.331562	498.704137	0.003818	14.3
48	-0.000000	496.693228	0.000000	14.5
49	-0.254388	494.703798	0.003764	21.0
50	-0.103395	492.735476	0.001624	9.1
51	-0.000000	490.787900	0.000000	10.2
52	-0.483265	488.860718	0.008168	11.2
53	-0.530135	486.953585	0.002852	10.8
54	-0.070148	485.066164	0.002566	13.1
55	-0.540453	483.198126	0.003259	8.6
56	-0.000000	481.349149	0.000000	10.2
57	-0.711621	479.518920	0.007051	12.7
58	-0.613433	477.707132	0.005105	15.2
59	-0.541249	475.913485	0.004931	15.6
60	-0.518152	474.137684	0.005129	11.5
61	-0.000000	472.379445	0.000000	11.1
62	-0.000000	470.638485	0.000000	13.7
63	-0.120918	468.914531	0.001694	9.9
64	-0.482604	467.207315	0.004501	14.7
65	-0.494354	465.516573	0.003976	10.8
66	-0.123509	463.842050	0.002115	10.2
67	-0.470097	462.183494	0.002991	8.8
68	-0.363597	460.540658	0.001933	12.6
69	-0.420217	458.913303	0.005093	9.1
70	-0.749547	457.301192	0.005900	10.4
71	-0.000000	455.704096	0.000000	12.4
72	-0.000000	454.121787	0.000000	8.0
73	-0.349226	452.554045	0.002400	13.8
74	-0.277233	451.000653	0.005228	9.1
75	-0.486665	449.461399	0.002500	12.5
76	-0.566231	447.936075	0.006982	8.4
77	-0.694689	446.424477	0.005185	14.9
78	-0.743697	444.926406	0.004399	8.7
79	-0.748075	443.441666	0.004076	8.6
80	-0.002215	441.970065	0.000015	13.8
81	-0.088865	440.511415	0.000921	14.5
82	-0.689540	439.065533	0.003692	6.7
83	-0.082329	437.632238	0.000657	8.7
84	-0.645342	436.211351	0.003949	15.1
85	-0.236466	434.802701	0.003050	9.0
86	-0.265995	433.406117	0.001143	16.4
87	-0.000000	432.021430	0.000000	10.6
88	-0.594529	430.648479	0.005512	15.1
89	-0.724190	429.287101	0.005804	13.1
90	-0.048393	427.937140	0.002964	11.8
91	-0.335566	426.598440	0.002365	12.3
92	-0.378625	425.270849	0.003021	10.0
93	-0.000000	423.954220	0.000000	16.1
94	-0.558843	422.648404	0.002514	13.2
95	-0.400286	421.353259	0.002647	8.9
96	-0.000000	420.068643	0.000000	10.1
97	-0.000000	418.794419	0.000000	8.2
98	-0.584105	417.530451	0.003769	11.0
99	-0.396972	416.276604	0.003578	11.8
100	-0.000000	415.032748	0.000000	15.7
101	-0.000000	413.798754	0.000000	5.3
102	-0.000000	412.574495	0.000000	10.5
103	-0.707763	411.359849	0.005520	15.3
104	-0.000000	410.154691	0.000000	11.6
105	-0.099545	408.958904	0.002839	8.0
106	-0.296497	407.772368	0.005144	8.4
107	-0.000000	406.594968	0.000000	16.4
108	-0.000000	405.426590	0.000000	7.5
109	-0.540341	404.267122	0.005555	18.9
110	-0.000000	403.116456	0.000000	12.3
111	-0.195003	401.974481	0.001906	12.5
112	-0.737689	400.841093	0.005126	10.1
113	-0.104829	399.716187	0.002436	8.5
114	-0.000000	398.599660	0.000000	8.8
115	-0.000000	397.491411	0.000000	15.9
116	-0.631450	396.391342	0.008597	11.8
117	-0.553992	395.299353	0.004825	13.3
118	-0.000000	394.215350	0.000000	8.8
119	-0.282731	393.139238	0.004468	8.5
120	-0.483313	392.070924	0.005173	14.4
121	-0.000000	391.010316	0.000000	9.0
122	-0.000000	389.957325	0.000000	8.1
123	-0.537136	388.911862	0.004765	11.7
124	-0.110692	387.873839	0.001751	8.9
125	-0.000000	386.843173	0.000000	10.0
126	-0.000000	385.819777	0.000000	9.0
127	-0.299963	384.803569	0.002899	15.1
128	-0.751486	383.794468	0.007256	9.6
129	-0.349140	382.792393	0.003276	12.9
130	-0.425852	381.797264	0.004181	14.6
131	-0.187411	380.809005	0.002385	8.9
132	-0.087180	379.827537	0.001137	9.2
133	-0.000000	378.852786	0.000000	10.1
134	-0.638450	377.884678	0.002774	15.6
135	-0.187173	376.923138	0.001978	16.4
136	-0.241240	375.968095	0.004893	11.5
137	-0.000000	375.019479	0.000000	13.2
138	-0.000000	374.077218	0.000000	15.1
139	-0.036273	373.141244	0.000472	11.4
140	-0.000000	372.211489	0.000000	11.8
141	-0.327572	371.287887	0.002975	8.4
142	-0.080156	370.370370	0.002771	15.1
143	-0.666881	369.458876	0.005594	11.5
144	-0.014482	368.553338	0.000064	14.2
145	-0.000000	367.653696	0.000000	10.8
146	-0.603285	366.759885	0.004358	12.3
147	-0.713613	365.871846	0.002774	11.1
148	-0.437238	364.989518	0.005141	14.0
149	-0.807542	364.112841	0.004704	8.7
150	-0.233232	363.241757	0.002128	9.2
151	-0.001498	362.376208	0.000063	17.0
152	-0.692835	361.516137	0.004393	7.2
153	-0.414221	360.661488	0.002195	14.1
154	-0.511709	359.812206	0.003827	13.3
155	-0.000000	358.968236	0.000000	14.0
156	-0.505247	358.129524	0.004175	12.3
157	-0.000000	357.296018	0.000000	9.3
158	-0.000000	356.467665	0.000000	19.4
159	-0.328887	355.644414	0.004134	10.9
160	-0.049514	354.826213	0.000895	13.9
161	-0.532177	354.013012	0.003138	14.0
162	-0.000000	353.204763	0.000000	9.2
163	-0.000000	352.401415	0.000000	10.5
164	-0.500413	351.602922	0.004204	9.1
165	-0.318700	350.809235	0.002556	10.8
166	-0.552492	350.020308	0.003224	8.6
167	-0.000000	349.236095	0.000000	9.0
168	-0.000000	348.456550	0.000000	19.9
169	-0.624909	347.681627	0.005073	7.5
170	-0.040542	346.911283	0.000157	10.5
171	-0.107738	346.145474	0.001458	11.9
172	-0.691811	345.384157	0.005474	13.3
173	-0.517594	344.627288	0.003593	8.7
174	-0.000000	343.874826	0.000000	13.7
175	-0.068001	343.126729	0.000366	10.2
176	-0.000000	342.382957	0.000000	13.4
177	-0.000000	341.643469	0.000000	11.9
178	-0.566155	340.908224	0.005748	11.4
179	-0.640432	340.177184	0.004803	9.4
180	-0.487456	339.450309	0.002633	8.1
181	-0.337954	338.727561	0.002408	9.2
182	-0.139806	338.008902	0.001439	8.2
183	-0.000000	337.294295	0.000000	9.7
184	-0.542319	336.583703	0.002367	7.4
185	-0.523715	335.877089	0.002775	13.4
186	-0.648642	335.174416	0.004301	13.3
187	-0.624416	334.475651	0.006932	8.3
188	-0.000000	333.780756	0.000000	10.3
189	-0.340666	333.089698	0.004032	12.8
190	-0.123608	332.402443	0.002192	8.6
191	-0.000000	331.718955	0.000000	8.3
192	-0.165357	331.039203	0.001001	8.7
193	-0.000000	330.363153	0.000000	10.1
194	-0.245270	329.690771	0.001898	10.8
195	-0.358176	329.022027	0.002374	9.1
196	-0.443951	328.356888	0.003503	8.5
197	-0.672081	327.695322	0.007772	9.5
198	-0.000000	327.037299	0.000000	10.0
199	-0.733411	326.382787	0.004162	8.6
200	-0.494590	325.731758	0.002892	8.0
201	-0.000000	325.084179	0.000001	8.9
202	-0.000000	324.440023	0.000000	8.2
203	-0.683781	323.799258	0.002625	13.8
204	-0.618491	323.161858	0.004963	16.1
205	-0.701706	322.527792	0.004338	16.3
206	-0.599664	321.897034	0.006070	10.7
207	-0.605712	321.269554	0.005559	13.0
208	-0.584263	320.645325	0.003994	12.5
209	-0.000013	320.024320	0.000011	6.2
210	-0.000000	319.406512	0.000000	8.2
211	-0.000707	318.791875	0.000001	13.0
212	-0.619351	318.180381	0.006074	11.8
213	-0.000005	317.572005	0.000000	13.6
214	-0.000000	316.966721	0.000000	10.2
215	-0.000000	316.364504	0.000000	8.8
216	-0.000000	315.765329	0.000000	11.1
217	-0.552040	315.169170	0.003416	9.0
218	-0.276010	314.576003	0.002020	8.8
219	-0.758579	313.985804	0.005463	9.9
220	-0.000000	313.398548	0.000000	12.7
221	-0.364738	312.814213	0.004993	8.0
222	-0.182866	312.232773	0.002238	8.4
223	-0.602581	311.654207	0.004943	14.5
224	-0.088134	311.078491	0.001207	9.6
225	-0.765122	310.505602	0.004317	14.1
226	-0.000000	309.935518	0.000000	15.0
227	-0.277257	309.368217	0.003499	8.1
228	-0.754732	308.803676	0.003881	8.3
229	-0.156478	308.241874	0.001987	8.4
230	-0.000000	307.682789	0.000000	9.0
231	-0.351080	307.126400	0.003377	14.7
232	-0.000000	306.572687	0.000000	11.9
233	-0.561543	306.021627	0.001910	10.5
234	-0.761078	305.473201	0.004455	13.4
235	-0.494835	304.927388	0.004215	8.4
236	-0.548451	304.384168	0.004218	8.2
237	-0.026099	303.843521	0.001001	9.1
238	-0.772420	303.305427	0.005353	8.5
239	-0.141590	302.769867	0.002306	9.4
240	-0.226241	302.236821	0.007011	11.9
241	-0.818161	301.706270	0.005278	11.0
242	-0.000000	301.178196	0.000000	13.0
243	-0.000000	300.652580	0.000000	8.2
244	-0.336178	300.129402	0.002478	8.8
245	-0.000000	299.608645	0.000000	15.1
246	-0.000000	299.090291	0.000000	13.0
247	-0.006349	298.574321	0.000075	8.3
248	-0.426910	298.060718	0.002287	14.0
249	-0.000000	297.549465	0.000000	15.0
250	-0.000011	297.040543	0.000010	12.3
251	-0.344167	296.533936	0.003682	11.8
252	-0.400642	296.029626	0.003720	14.0
253	-0.284115	295.527597	0.002390	8.6
254	-0.279355	295.027832	0.003418	8.2
255	-0.469141	294.530315	0.004882	8.9
256	-0.000000	294.035028	0.000000	13.4
257	-0.262455	293.541956	0.005634	10.5
258	-0.000000	293.051083	0.000000	8.1
259	-0.000000	292.562393	0.000000	14.2
260	-0.757244	292.075870	0.004718	12.8
261	-0.000000	291.591498	0.000000	8.0
262	-0.000000	291.109263	0.000000	14.1
263	-0.422824	290.629149	0.005436	9.4
264	-0.755449	290.151140	0.005595	8.7
265	-0.032428	289.675222	0.000441	11.4
266	-0.680115	289.201380	0.003945	11.6
267	-0.270862	288.729600	0.003682	15.5
268	-0.000000	288.259866	0.000000	11.6
269	-0.164341	287.792165	0.001304	9.0
270	-0.249925	287.326481	0.003106	9.6
271	-0.497834	286.862802	0.003253	9.1
272	-0.356827	286.401113	0.001147	10.8
273	-0.386434	285.941400	0.002187	9.5
274	-0.103361	285.483649	0.001131	11.2
275	-0.679598	285.027847	0.009243	9.2
276	-0.231850	284.573981	0.004243	15.3
277	-0.424828	284.122037	0.005466	12.3
278	-0.702614	283.672002	0.004638	10.3
279	-0.787719	283.223863	0.002423	15.8
280	-0.000000	282.777607	0.000000	8.4
281	-0.000000	282.333221	0.000000	11.4
282	-0.000000	281.890692	0.000000	8.1
283	-0.534813	281.450008	0.001894	8.2
284	-0.062124	281.011157	0.001983	8.7
285	-0.000000	280.574125	0.000000	19.7
286	-0.489620	280.138901	0.004128	5.1
287	-0.000000	279.705473	0.000000	12.5
288	-0.520050	279.273829	0.003497	12.6
289	-0.538299	278.843956	0.005773	7.9
290	-0.562005	278.415844	0.002551	8.7
291	-0.444000	277.989479	0.005570	10.1
292	-0.707736	277.564851	0.005820	11.9
293	-0.565502	277.141949	0.005341	9.1
294	-0.053331	276.720761	0.001451	10.8
295	-0.742143	276.301275	0.006033	15.7
296	-0.723757	275.883480	0.006070	9.3
297	-0.000000	275.467366	0.000000	8.0
298	-0.180953	275.052922	0.002489	10.2
299	-0.655939	274.640136	0.006573	14.2
300	-0.125353	274.228998	0.001308	8.2
301	-0.301262	273.819497	0.003044	9.3
302	-0.000000	273.411623	0.000000	11.9
303	-0.096819	273.005365	0.001704	8.7
304	-0.711037	272.600712	0.004117	19.2
305	-0.622821	272.197655	0.003485	14.7
306	-0.260047	271.796184	0.004884	5.0
307	-0.000000	271.396287	0.000000	8.3
308	-0.347678	270.997956	0.004983	11.5
309	-0.000000	270.601180	0.000000	8.7
310	-0.297747	270.205949	0.002786	8.2
311	-0.740439	269.812254	0.004179	11.8
312	-0.556908	269.420085	0.005346	8.4
313	-0.553177	269.029432	0.003825	14.0
314	-0.141972	268.640287	0.004682	12.4
315	-0.000000	268.252638	0.000000	12.0
316	-0.326393	267.866478	0.003239	8.4
317	-0.000000	267.481796	0.000000	11.4
318	-0.000000	267.098584	0.000000	19.5
319	-0.615889	266.716833	0.004911	9.6
320	-0.100102	266.336533	0.001806	10.6
321	-0.450910	265.957676	0.002978	14.3
322	-0.490457	265.580253	0.004637	10.0
323	-0.584583	265.204254	0.005116	9.2
324	-0.722253	264.829672	0.003590	9.9
325	-0.764173	264.456497	0.004387	8.5
326	-0.729211	264.084721	0.004626	8.6
327	-0.302678	263.714335	0.003308	11.5
328	-0.000000	263.345332	0.000000	7.8
329	-0.512045	262.977702	0.002928	11.3
330	-0.062257	262.611438	0.001545	9.0
331	-0.338068	262.246531	0.001771	9.6
332	-0.000000	261.882973	0.000000	11.7
333	-0.221926	261.520756	0.002726	15.9
334	-0.000000	261.159871	0.000000	8.1
335	-0.156813	260.800312	0.001385	11.8
336	-0.737676	260.442070	0.004684	12.1
337	-0.478721	260.085137	0.003461	8.2
338	-0.664484	259.729505	0.004217	8.6
339	-0.408873	259.375167	0.003731	10.8
340	-0.695636	259.022116	0.010550	12.1
341	-0.438575	258.670343	0.003183	15.4
342	-0.000000	258.319841	0.000000	12.3
343	-0.778543	257.970602	0.003955	13.6
344	-0.000686	257.622620	0.000048	8.3
345	-0.550622	257.275887	0.003603	13.8
346	-0.326963	256.930396	0.003475	13.0
347	-0.333530	256.586139	0.001841	8.0
348	-0.516842	256.243109	0.003974	15.8
349	-0.000000	255.901300	0.000000	9.0
350	-0.194870	255.560703	0.002957	13.6
351	-0.000000	255.221313	0.000000	11.7
352	-0.000000	254.883122	0.000000	19.6
353	-0.572312	254.546124	0.002942	8.0
354	-0.004724	254.210311	0.000107	12.2
355	-0.298267	253.875677	0.002483	13.4
356	-0.372440	253.542215	0.003397	8.4
357	-0.000000	253.209918	0.000000	12.7
358	-0.000000	252.878781	0.000000	11.6
359	-0.314238	252.548795	0.004075	8.6
360	-0.202799	252.219956	0.001997	8.5
361	-0.622398	251.892255	0.004766	8.3
362	-0.289415	251.565688	0.002461	9.5
363	-0.602563	251.240247	0.007078	8.9
364	-0.586853	250.915926	0.003187	9.0
365	-0.658103	250.592720	0.003431	8.4
366	-0.000000	250.270621	0.000000	18.5
367	-0.000000	249.949624	0.000000	10.4
368	-0.712056	249.629723	0.006946	9.2
369	-0.396559	249.310911	0.001033	8.5
370	-0.723973	248.993182	0.004024	16.5
371	-0.772189	248.676531	0.004911	18.9
372	-0.039718	248.360952	0.000593	8.6
373	-0.064797	248.046438	0.000376	10.1
374	-0.582542	247.732984	0.006659	9.0
375	-0.003725	247.420584	0.000088	18.3
376	-0.650643	247.109233	0.006438	7.6
377	-0.000000	246.798924	0.000000	11.3
378	-0.828477	246.489652	0.002608	8.3
379	-0.151595	246.181412	0.003015	8.0
380	-0.000000	245.874197	0.000000	8.7
381	-0.038735	245.568002	0.000533	14.6
382	-0.749314	245.262822	0.004371	8.6
383	-0.139148	244.958652	0.001481	8.4
384	-0.000000	244.655485	0.000000	10.2
385	-0.718667	244.353317	0.005758	12.4
386	-0.333716	244.052142	0.003694	8.1
387	-0.000000	243.751955	0.000000	8.3
388	-0.790084	243.452750	0.002966	15.1
389	-0.611266	243.154523	0.003183	9.5
390	-0.244031	242.857268	0.002526	8.5
391	-0.356588	242.560980	0.002070	9.3
392	-0.662083	242.265654	0.006253	9.5
393	-0.263025	241.971285	0.003781	9.5
394	-0.281423	241.677868	0.004857	13.0
395	-0.765693	241.385397	0.007044	8.6
396	-0.084415	241.093869	0.001020	16.5
397	-0.108286	240.803278	0.002213	13.6
398	-0.540362	240.513619	0.005163	11.6
399	-0.479264	240.224887	0.004740	9.7
400	-0.622537	239.937077	0.005096	11.4
401	-0.000000	239.650186	0.000000	8.5
402	-0.138939	239.364207	0.000802	13.5
403	-0.153663	239.079136	0.002553	10.0
404	-0.543562	238.794969	0.004677	9.0
405	-0.674241	238.511701	0.002651	8.3
406	-0.781783	238.229327	0.007555	10.5
407	-0.527252	237.947843	0.004667	15.2
408	-0.305424	237.667244	0.003093	7.3
409	-0.000000	237.387526	0.000000	13.7
410	-0.492058	237.108684	0.004084	14.7
411	-0.000000	236.830714	0.000000	12.8
412	-0.406890	236.553610	0.004483	19.6
413	-0.114402	236.277370	0.002468	9.4
414	-0.429551	236.001989	0.006065	8.8
415	-0.000000	235.727461	0.000000	12.2
416	-0.408891	235.453784	0.003932	8.8
417	-0.381925	235.180952	0.005454	8.9
418	-0.682675	234.908962	0.003052	8.5
419	-0.680871	234.637809	0.004202	10.4
420	-0.000000	234.367488	0.000000	13.6
421	-0.000000	234.097997	0.000000	18.1
422	-0.159156	233.829331	0.002891	6.2
423	-0.131339	233.561485	0.001861	14.9
424	-0.275111	233.294456	0.002394	16.6
425	-0.785844	233.028239	0.005641	8.5
426	-0.351786	232.762831	0.003680	8.9
427	-0.145976	232.498228	0.001025	13.9
428	-0.188093	232.234425	0.001326	10.4
429	-0.157024	231.971419	0.001332	12.0
430	-0.704470	231.709205	0.003181	8.9
431	-0.419664	231.447781	0.005096	8.5
432	-0.440422	231.187141	0.001902	8.6
433	-0.331119	230.927283	0.003394	8.6
434	-0.001169	230.668202	0.000590	8.9
435	-0.000000	230.409895	0.000000	12.6
436	-0.455864	230.152358	0.001706	11.2
437	-0.343422	229.895587	0.002351	12.0
438	-0.000000	229.639578	0.000000	11.8
439	-0.302320	229.384329	0.002139	8.2
440	-0.385605	229.129834	0.004389	8.5
441	-0.571709	228.876091	0.006580	11.0
442	-0.615784	228.623096	0.007279	11.9
443	-0.671897	228.370846	0.002318	9.8
444	-0.000000	228.119336	0.000000	8.4
445	-0.457321	227.868563	0.003209	13.5
446	-0.632023	227.618525	0.004940	11.7
447	-0.808997	227.369216	0.003413	11.6
448	-0.000000	227.120635	0.000000	8.6
449	-0.325424	226.872777	0.001910	11.3
450	-0.379269	226.625638	0.001651	10.4
451	-0.252585	226.379217	0.003117	8.8
452	-0.000000	226.133509	0.000000	12.1
453	-0.231655	225.888510	0.000862	12.3
454	-0.014563	225.644218	0.001219	8.8
455	-0.000000	225.400630	0.000000	8.3
456	-0.027439	225.157741	0.000313	8.7
457	-0.000000	224.915549	0.000000	13.8
458	-0.451012	224.674051	0.003131	14.3
459	-0.000003	224.433242	0.000004	8.4
460	-0.744360	224.193121	0.004206	16.3
461	-0.000000	223.953684	0.000000	9.0
462	-0.490017	223.714927	0.005556	8.6
463	-0.000000	223.476848	0.000000	9.9
464	-0.000000	223.239444	0.000000	11.8
465	-0.727840	223.002710	0.004712	9.6
466	-0.000000	222.766645	0.000000	11.7
467	-0.000000	222.531245	0.000000	13.5
468	-0.779950	222.296508	0.005701	8.2
469	-0.000000	222.062429	0.000000	8.6
470	-0.598440	221.829007	0.006689	14.0
471	-0.000000	221.596238	0.000000	12.8
472	-0.131802	221.364119	0.001711	8.3
473	-0.527447	221.132647	0.003243	8.7
474	-0.000000	220.901820	0.000000	8.2
475	-0.617631	220.671634	0.003961	14.1
476	-0.750540	220.442086	0.004370	8.1
477	-0.000000	220.213174	0.000000	9.0
478	-0.166571	219.984895	0.000892	13.9
479	-0.380534	219.757246	0.001984	9.0
480	-0.420270	219.530224	0.002075	11.5
481	-0.000000	219.303826	0.000000	11.5
482	-0.000000	219.078050	0.000000	8.8
483	-0.316145	218.852893	0.004946	10.9
484	-0.000000	218.628352	0.000000	13.6
485	-0.000011	218.404424	0.000005	13.4
486	-0.380645	218.181106	0.004548	8.6
487	-0.216738	217.958397	0.001449	8.8
488	-0.000000	217.736292	0.000000	10.7
489	-0.663042	217.514790	0.005837	15.2
490	-0.041013	217.293888	0.000739	20.4
491	-0.780082	217.073584	0.003564	15.6
492	-0.299115	216.853873	0.001665	12.1
493	-0.554179	216.634755	0.006370	12.0
494	-0.000000	216.416227	0.000000	8.9
495	-0.222834	216.198285	0.005779	10.5
496	-0.506847	215.980927	0.003618	9.4
497	-0.000000	215.764151	0.000000	14.2
498	-0.005766	215.547955	0.000118	15.2
499	-0.561653	215.332335	0.004205	17.3
500	-0.158195	215.117289	0.003297	20.0
501	-0.000000	214.902815	0.000000	15.7
502	-0.323432	214.688911	0.003298	9.1
503	-0.431270	214.475573	0.004293	14.9
504	-0.000000	214.262800	0.000000	13.4
505	-0.454352	214.050588	0.002266	13.8
506	-0.378784	213.838936	0.002599	12.2
507	-0.000700	213.627842	0.000002	16.0
508	-0.169456	213.417302	0.004466	15.4
509	-0.036152	213.207314	0.000622	15.9
510	-0.423813	212.997877	0.002619	14.2
511	-0.414944	212.788987	0.004423	12.0
512	-0.611538	212.580642	0.002200	10.1
513	-0.000000	212.372841	0.000000	16.2
514	-0.005491	212.165581	0.000051	14.9
515	-0.459464	211.958859	0.005564	14.8
516	-0.225769	211.752673	0.003116	13.2
517	-0.000000	211.547021	0.000000	12.1
518	-0.091822	211.341902	0.001493	10.2
519	-0.005376	211.137311	0.000144	20.3
520	-0.184075	210.933248	0.001966	9.2
521	-0.176656	210.729710	0.003903	14.4
522	-0.670149	210.526695	0.007663	15.7
523	-0.116516	210.324200	0.001789	14.5
524	-0.759045	210.122224	0.004796	11.0
525	-0.198689	209.920765	0.003365	13.7
526	-0.000000	209.719820	0.000000	13.1
527	-0.000000	209.519387	0.000000	13.8
528	-0.134603	209.319463	0.002456	8.4
529	-0.000000	209.120048	0.000000	8.8
530	-0.498118	208.921139	0.002550	15.3
531	-0.000000	208.722733	0.000000	9.3
532	-0.142816	208.524829	0.000915	8.5
533	-0.492420	208.327425	0.002305	8.8
534	-0.503221	208.130518	0.004116	13.9
535	-0.337952	207.934107	0.003499	10.9
536	-0.152843	207.738189	0.001256	14.7
537	-0.571160	207.542762	0.002296	16.9
538	-0.656659	207.347825	0.005161	11.4
539	-0.767774	207.153376	0.004308	15.4
540	-0.306555	206.959412	0.003806	15.0
541	-0.036146	206.765932	0.000858	16.8
542	-0.556217	206.572933	0.002747	9.9
543	-0.000520	206.380414	0.000011	15.0
544	-0.000000	206.188373	0.000000	9.2
545	-0.000000	205.996807	0.000000	13.8
546	-0.673200	205.805716	0.003596	8.6
547	-0.012825	205.615096	0.000193	12.7
548	-0.763258	205.424946	0.004049	9.7
549	-0.412186	205.235265	0.006870	9.2
550	-0.115231	205.046050	0.000974	12.7
551	-0.310459	204.857299	0.002214	11.9
552	-0.107626	204.669011	0.002768	11.1
553	-0.667613	204.481184	0.007316	10.2
554	-0.266892	204.293816	0.004181	14.2
555	-0.379256	204.106905	0.003727	8.1
556	-0.651474	203.920449	0.004145	11.2
557	-0.182534	203.734447	0.002904	8.7
558	-0.204632	203.548896	0.001564	14.0
559	-0.435026	203.363795	0.003783	13.4
560	-0.201797	203.179143	0.001709	9.8
561	-0.501192	202.994937	0.005994	15.9
562	-0.199594	202.811176	0.001638	11.9
563	-0.000000	202.627857	0.000000	14.0
564	-0.538475	202.444980	0.004355	14.1
565	-0.736204	202.262543	0.004095	14.0
566	-0.000000	202.080543	0.000000	15.7
567	-0.147970	201.898979	0.000688	9.9
568	-0.816311	201.717849	0.005501	16.0
569	-0.193591	201.537153	0.001221	16.7
570	-0.000000	201.356887	0.000000	11.0
571	-0.113070	201.177050	0.001434	11.5
572	-0.523009	200.997642	0.007552	11.9
573	-0.428225	200.818659	0.003042	11.5
574	-0.715403	200.640100	0.003567	10.6
575	-0.220708	200.461965	0.003042	14.5
576	-0.498113	200.284250	0.006804	16.9
577	-0.253166	200.106955	0.003445	17.5
578	-0.035938	199.930078	0.000429	15.9
579	-0.000000	199.753617	0.000000	8.2
580	-0.711765	199.577571	0.004345	14.0
581	-0.000008	199.401938	0.000000	14.2
582	-0.595369	199.226717	0.004725	11.4
583	-0.000000	199.051905	0.000000	15.9
584	-0.214012	198.877502	0.004600	12.5
585	-0.309551	198.703506	0.002527	13.4
586	-0.214868	198.529916	0.001055	9.1
587	-0.272232	198.356729	0.003145	14.3
588	-0.116056	198.183944	0.001376	17.4
589	-0.000001	198.011560	0.000000	15.8
590	-0.136817	197.839576	0.002206	16.4
591	-0.739458	197.667989	0.003232	15.2
592	-0.149545	197.496798	0.001335	8.3
593	-0.692150	197.326002	0.005925	9.3
594	-0.114547	197.155600	0.001456	8.8
595	-0.286421	196.985589	0.006211	9.5
596	-0.000000	196.815969	0.000000	13.0
597	-0.000000	196.646738	0.000000	9.0
598	-0.000000	196.477894	0.000000	8.4
599	-0.000000	196.309436	0.000000	13.8
600	-0.689021	196.141363	0.004231	11.5
601	-0.000000	195.973673	0.000000	8.3
602	-0.000000	195.806365	0.000000	19.5
603	-0.128369	195.639437	0.002693	4.4
604	-0.000000	195.472888	0.000000	13.6
605	-0.633395	195.306717	0.004628	10.0
606	-0.729813	195.140922	0.003329	11.7
607	-0.395871	194.975501	0.003268	11.9
608	-0.679741	194.810454	0.003375	14.3
609	-0.125442	194.645779	0.000518	13.4
610	-0.000000	194.481475	0.000000	13.5
611	-0.801667	194.317540	0.004678	8.3
612	-0.321530	194.153973	0.004104	13.5
613	-0.318008	193.990773	0.002979	14.1
614	-0.319413	193.827938	0.003520	11.3
615	-0.000000	193.665467	0.000000	10.4
616	-0.686361	193.503358	0.004203	15.5
617	-0.000000	193.341611	0.000000	10.3
618	-0.000000	193.180224	0.000000	9.6
619	-0.177009	193.019196	0.003472	11.7
620	-0.607791	192.858525	0.003837	10.1
621	-0.584631	192.698210	0.004754	14.2
622	-0.000000	192.538251	0.000000	13.1
623	-0.349359	192.378644	0.005675	8.6
624	-0.493273	192.219391	0.005299	13.9
625	-0.074016	192.060488	0.000691	8.3
626	-0.000000	191.901935	0.000000	14.5
627	-0.271820	191.743730	0.004611	10.4
628	-0.015468	191.585873	0.000875	13.5
629	-0.765964	191.428362	0.010394	8.8
630	-0.315346	191.271196	0.003881	9.0
631	-0.705858	191.114374	0.003164	8.8
632	-0.505065	190.957893	0.001943	8.5
633	-0.000000	190.801755	0.000000	8.5
634	-0.433476	190.645956	0.003520	11.7
635	-0.759285	190.490495	0.003683	11.5
636	-0.000000	190.335373	0.000000	12.0
637	-0.584895	190.180587	0.003141	11.9
638	-0.106634	190.026136	0.001101	13.7
639	-0.285918	189.872019	0.002106	15.3
640	-0.618107	189.718235	0.001922	11.9
641	-0.130082	189.564782	0.004964	16.1
642	-0.000000	189.411661	0.000000	6.2
643	-0.366507	189.258868	0.001013	13.9
644	-0.761122	189.106404	0.004198	9.2
645	-0.343356	188.954267	0.004336	14.0
646	-0.467877	188.802456	0.004151	9.9
647	-0.055006	188.650969	0.002220	12.8
648	-0.520349	188.499807	0.004154	10.9
649	-0.527436	188.348967	0.003481	7.8
650	-0.000000	188.198448	0.000000	13.7
651	-0.499292	188.048250	0.004662	17.1
652	-0.516692	187.898371	0.005821	18.5
653	-0.000000	187.748810	0.000000	15.9
654	-0.174884	187.599566	0.002154	16.1
655	-0.000000	187.450638	0.000000	6.8
656	-0.510487	187.302025	0.004282	9.0
657	-0.330086	187.153725	0.006715	14.2
658	-0.466671	187.005739	0.003617	13.7
659	-0.754763	186.858064	0.004490	15.1
660	-0.000002	186.710699	0.000002	8.7
661	-0.000000	186.563645	0.000000	8.4
662	-0.736975	186.416898	0.003661	8.8
663	-0.689199	186.270459	0.002973	9.7
664	-0.259721	186.124326	0.003045	14.3
665	-0.377746	185.978499	0.003050	14.7
666	-0.602863	185.832976	0.007043	10.9
667	-0.000000	185.687756	0.000000	8.4
668	-0.477423	185.542838	0.003534	8.8
669	-0.315153	185.398222	0.003003	14.1
670	-0.000000	185.253906	0.000000	7.2
671	-0.000000	185.109889	0.000000	8.6
672	-0.000000	184.966170	0.000000	9.1
673	-0.760034	184.822748	0.005310	9.3
674	-0.489342	184.679623	0.003155	8.9
675	-0.091727	184.536792	0.001218	9.0
676	-0.702986	184.394256	0.004651	11.3
677	-0.726127	184.252013	0.004795	9.0
678	-0.000000	184.110062	0.000000	14.3
679	-0.000000	183.968403	0.000000	9.7
680	-0.000000	183.827034	0.000000	11.5
681	-0.639349	183.685954	0.004642	8.8
682	-0.000000	183.545163	0.000000	9.4
683	-0.533688	183.404658	0.007627	9.6
684	-0.000000	183.264441	0.000000	8.4
685	-0.000000	183.124509	0.000000	10.3
686	-0.000000	182.984861	0.000000	13.4
687	-0.298649	182.845497	0.003681	11.5
688	-0.580650	182.706416	0.002279	12.9
689	-0.674690	182.567616	0.007405	13.7
690	-0.737781	182.429098	0.005714	10.2
691	-0.636593	182.290859	0.004922	13.7
692	-0.000000	182.152899	0.000000	14.0
693	-0.562608	182.015217	0.004979	8.2
694	-0.000000	181.877813	0.000000	12.4
695	-0.471062	181.740684	0.003801	11.8
696	-0.388657	181.603832	0.006060	14.1
697	-0.000000	181.467253	0.000000	8.7
698	-0.000000	181.330948	0.000000	10.9
699	-0.000000	181.194916	0.000000	11.5
700	-0.421354	181.059155	0.003809	13.0
701	-0.490963	180.923666	0.002997	10.2
702	-0.217157	180.788446	0.001777	14.3
703	-0.168326	180.653496	0.002687	9.2
704	-0.692969	180.518814	0.005351	9.6
705	-0.756005	180.384399	0.003469	11.6
706	-0.325453	180.250251	0.004117	11.8
707	-0.452745	180.116369	0.003374	8.0
708	-0.221801	179.982752	0.000913	10.7
709	-0.000000	179.849398	0.000000	9.5
710	-0.222784	179.716308	0.002219	9.9
711	-0.000000	179.583480	0.000000	9.4
712	-0.000000	179.450913	0.000000	8.6
713	-0.000000	179.318607	0.000000	13.5
714	-0.147496	179.186561	0.000722	19.7
715	-0.585890	179.054774	0.006617	5.9
716	-0.000000	178.923245	0.000000	8.8
717	-0.677825	178.791973	0.002654	8.6
718	-0.673782	178.660958	0.002631	8.1
719	-0.735052	178.530199	0.003400	9.0
720	-0.273365	178.399694	0.006240	9.9
721	-0.639703	178.269444	0.007678	13.1
722	-0.157133	178.139447	0.002333	13.2
723	-0.196043	178.009702	0.003523	10.1
724	-0.641915	177.880209	0.003092	15.2
725	-0.449689	177.750967	0.002696	14.1
726	-0.000000	177.621975	0.000000	13.5
727	-0.000001	177.493232	0.000001	13.7
728	-0.333989	177.364738	0.003118	13.8
729	-0.000000	177.236492	0.000000	10.6
730	-0.000000	177.108492	0.000000	10.5
731	-0.080160	176.980739	0.001012	9.4
732	-0.330744	176.853231	0.001662	12.0
733	-0.000000	176.725968	0.000000	7.9
734	-0.000000	176.598949	0.000000	14.8
735	-0.000000	176.472173	0.000000	10.7
736	-0.000000	176.345639	0.000000	9.2
737	-0.104905	176.219348	0.001489	14.7
738	-0.232146	176.093296	0.003593	10.6
739	-0.274674	175.967486	0.003106	9.3
740	-0.624550	175.841914	0.003156	9.4
741	-0.278541	175.716581	0.005840	10.4
742	-0.000000	175.591486	0.000000	8.3
743	-0.147549	175.466629	0.002057	11.9
744	-0.000000	175.342008	0.000000	15.3
745	-0.819834	175.217622	0.007500	12.3
746	-0.152751	175.093472	0.002459	19.9
747	-0.524875	174.969556	0.008541	4.1
748	-0.633990	174.845873	0.003719	15.1
749	-0.202598	174.722423	0.002232	8.7
750	-0.297074	174.599206	0.003586	8.6
751	-0.360966	174.476220	0.004270	11.1
752	-0.000000	174.353464	0.000000	12.2
753	-0.174909	174.230939	0.002027	7.8
754	-0.274912	174.108643	0.003838	8.2
755	-0.005980	173.986576	0.000247	11.4
756	-0.206814	173.864737	0.003768	12.0
757	-0.158491	173.743124	0.000815	15.7
758	-0.278451	173.621739	0.004046	14.8
759	-0.761283	173.500579	0.005484	8.9
760	-0.656614	173.379645	0.005491	12.1
761	-0.480625	173.258935	0.002680	11.7
762	-0.000000	173.138449	0.000000	15.9
763	-0.000000	173.018186	0.000000	11.9
764	-0.358541	172.898146	0.002469	11.9
765	-0.000000	172.778327	0.000000	12.0
766	-0.609160	172.658730	0.004869	12.0
767	-0.310448	172.539353	0.004625	10.1
768	-0.248405	172.420196	0.004426	13.9
769	-0.672238	172.301258	0.003434	14.0
770	-0.277145	172.182539	0.002157	13.4
771	-0.592551	172.064037	0.004051	15.9
772	-0.000000	171.945753	0.000000	8.7
773	-0.682061	171.827686	0.004656	8.3
774	-0.000000	171.709834	0.000000	10.8
775	-0.001360	171.592198	0.000113	14.4
776	-0.328838	171.474776	0.008929	8.3
777	-0.311175	171.357568	0.003925	8.7
778	-0.199130	171.240574	0.005808	17.0
779	-0.094795	171.123793	0.002362	8.7
780	-0.789037	171.007223	0.005547	15.5
781	-0.517372	170.890865	0.003300	13.9
782	-0.043501	170.774718	0.000752	12.2
783	-0.235773	170.658782	0.001420	7.2
784	-0.252422	170.543055	0.003175	13.2
785	-0.000000	170.427537	0.000000	12.3
786	-0.473872	170.312227	0.002010	9.2
787	-0.546095	170.197125	0.006304	8.9
788	-0.000000	170.082231	0.000000	11.4
789	-0.443107	169.967543	0.001255	9.6
790	-0.146340	169.853061	0.001948	18.3
791	-0.506669	169.738784	0.006001	13.5
792	-0.482272	169.624713	0.003302	5.4
793	-0.448425	169.510845	0.004707	8.4
794	-0.203320	169.397181	0.003092	8.2
795	-0.312309	169.283720	0.002264	14.8
796	-0.000000	169.170462	0.000000	12.4
797	-0.000000	169.057405	0.000000	13.7
798	-0.778945	168.944549	0.003679	10.0
799	-0.000000	168.831895	0.000000	13.8
800	-0.403716	168.719440	0.002363	10.2
801	-0.442337	168.607185	0.002166	8.4
802	-0.531753	168.495129	0.002330	11.4
803	-0.000000	168.383271	0.000000	9.6
804	-0.001927	168.271611	0.000783	8.4
805	-0.340103	168.160148	0.005146	8.7
806	-0.000000	168.048882	0.000000	12.7
807	-0.000000	167.937812	0.000000	9.3
808	-0.000000	167.826938	0.000000	13.2
809	-0.415823	167.716258	0.004805	13.0
810	-0.670120	167.605773	0.006547	11.4
811	-0.707673	167.495482	0.003529	8.1
812	-0.800538	167.385384	0.003871	8.6
813	-0.440013	167.275479	0.007333	9.7
814	-0.455332	167.165766	0.004728	11.9
815	-0.009563	167.056245	0.000227	12.0
816	-0.551562	166.946915	0.003825	9.1
817	-0.368733	166.837776	0.003453	10.5
818	-0.000000	166.728826	0.000000	12.7
819	-0.000000	166.620067	0.000000	11.2
820	-0.000000	166.511496	0.000000	11.9
821	-0.000000	166.403113	0.000000	11.9
822	-0.000000	166.294919	0.000000	9.5
823	-0.125722	166.186912	0.000863	8.5
824	-0.665917	166.079091	0.004560	14.5
825	-0.580331	165.971458	0.005093	15.1
826	-0.000000	165.864009	0.000000	13.6
827	-0.209073	165.756747	0.004840	14.1
828	-0.387332	165.649669	0.005267	12.0
829	-0.001553	165.542775	0.000276	8.5
830	-0.646495	165.436065	0.003298	14.4
831	-0.515238	165.329538	0.004891	10.6
832	-0.000000	165.223194	0.000000	10.1
833	-0.000000	165.117032	0.000000	14.3
834	-0.026629	165.011052	0.000369	5.1
835	-0.000000	164.905253	0.000000	8.6
836	-0.771563	164.799635	0.005545	8.3
837	-0.118915	164.694197	0.003440	9.1
838	-0.599975	164.588939	0.004277	9.1
839	-0.000000	164.483859	0.000000	13.2
840	-0.000000	164.378959	0.000000	13.6
841	-0.308861	164.274237	0.002489	17.0
842	-0.446538	164.169692	0.003253	11.8
843	-0.293233	164.065325	0.004547	13.9
844	-0.701104	163.961135	0.004137	9.6
845	-0.000000	163.857120	0.000000	8.8
846	-0.250553	163.753282	0.002708	13.5
847	-0.000000	163.649619	0.000000	14.3
848	-0.327697	163.546130	0.006458	22.3
849	-0.077175	163.442816	0.000549	9.2
850	-0.000000	163.339676	0.000000	11.6
851	-0.399445	163.236709	0.003373	14.4
852	-0.632252	163.133915	0.004510	18.0
853	-0.000000	163.031294	0.000000	10.5
854	-0.442906	162.928844	0.004823	19.6
855	-0.309586	162.826566	0.002548	22.0
856	-0.351471	162.724459	0.003438	9.3
857	-0.566737	162.622523	0.004040	18.2
858	-0.078298	162.520757	0.000701	13.6
859	-0.046139	162.419160	0.002107	20.0
860	-0.000000	162.317733	0.000000	10.6
861	-0.000161	162.216474	0.000009	17.1
862	-0.611078	162.115383	0.003673	14.8
863	-0.090487	162.014461	0.002068	9.9
864	-0.000000	161.913705	0.000000	21.4
865	-0.090983	161.813117	0.000894	13.1
866	-0.767184	161.712695	0.002778	12.2
867	-0.344319	161.612439	0.003200	10.5
868	-0.000000	161.512349	0.000000	20.9
869	-0.237153	161.412424	0.002072	11.0
870	-0.000000	161.312663	0.000000	11.6
871	-0.572573	161.213067	0.004166	15.9
872	-0.674191	161.113635	0.003025	18.8
873	-0.000389	161.014366	0.000056	8.8
874	-0.000000	160.915260	0.000000	18.4
875	-0.659460	160.816316	0.004594	15.6
876	-0.512333	160.717535	0.007800	20.6
877	-0.678750	160.618915	0.005128	15.0
878	-0.740733	160.520456	0.003807	15.8
879	-0.400269	160.422158	0.005564	11.7
880	-0.748114	160.324021	0.004111	11.8
881	-0.763878	160.226043	0.005008	12.5
882	-0.000000	160.128225	0.000001	15.6
883	-0.789872	160.030566	0.003846	7.4
884	-0.479408	159.933066	0.004851	20.7
885	-0.198262	159.835723	0.001299	10.2
886	-0.164533	159.738539	0.003601	15.6
887	-0.000000	159.641512	0.000000	12.4
888	-0.666506	159.544642	0.005698	13.4
889	-0.000000	159.447929	0.000000	13.6
890	-0.566754	159.351372	0.002602	20.0
891	-0.227018	159.254971	0.002567	7.8
892	-0.372147	159.158725	0.005332	19.4
893	-0.808596	159.062634	0.003846	9.7
894	-0.552479	158.966697	0.002766	12.4
895	-0.617753	158.870915	0.004435	22.1
896	-0.301098	158.775286	0.003139	9.0
897	-0.474430	158.679811	0.004615	15.3
898	-0.533342	158.584489	0.007451	20.4
899	-0.000000	158.489319	0.000000	23.6
900	-0.448538	158.394302	0.004236	11.3
901	-0.000000	158.299436	0.000000	17.9
902	-0.588590	158.204721	0.002644	19.9
903	-0.496980	158.110158	0.003539	9.7
904	-0.000000	158.015745	0.000000	18.4
905	-0.591829	157.921482	0.003337	16.6
906	-0.189686	157.827369	0.002909	17.1
907	-0.348402	157.733406	0.004843	15.5
908	-0.365746	157.639591	0.003537	11.9
909	-0.000000	157.545925	0.000000	22.8
910	-0.716838	157.452408	0.003919	10.7
911	-0.728800	157.359038	0.004199	14.2
912	-0.448434	157.265816	0.005146	14.0
913	-0.250685	157.172741	0.001626	16.1
914	-0.001433	157.079813	0.000048	10.7
915	-0.000000	156.987031	0.000000	11.5
916	-0.455511	156.894395	0.003311	15.0
917	-0.452653	156.801904	0.005216	13.8
918	-0.001761	156.709559	0.000053	16.0
919	-0.380408	156.617359	0.004836	15.6
920	-0.136500	156.525304	0.001046	14.1
921	-0.000000	156.433392	0.000000	16.0
922	-0.157945	156.341624	0.003963	9.9
923	-0.406442	156.250000	0.003179	10.0
924	-0.000000	156.158519	0.000000	9.5
925	-0.354247	156.067180	0.004540	8.6
926	-0.256214	155.975984	0.002588	12.0
927	-0.000000	155.884930	0.000000	13.0
928	-0.693303	155.794017	0.005685	15.5
929	-0.000005	155.703246	0.000000	7.4
930	-0.349872	155.612615	0.002676	14.6
931	-0.000000	155.522125	0.000000	14.7
932	-0.443482	155.431775	0.001282	12.6
933	-0.000000	155.341565	0.000000	9.4
934	-0.532741	155.251495	0.002338	8.4
935	-0.133620	155.161563	0.002753	8.5
936	-0.041801	155.071771	0.000666	9.2
937	-0.000000	154.982117	0.000000	9.0
938	-0.000890	154.892601	0.000054	10.9
939	-0.000000	154.803222	0.000000	12.6
940	-0.635645	154.713981	0.003583	9.3
941	-0.534473	154.624878	0.006685	15.9
942	-0.290699	154.535910	0.005025	9.4
943	-0.338240	154.447080	0.004059	11.3
944	-0.231751	154.358385	0.002307	9.0
945	-0.157947	154.269826	0.001529	10.6
946	-0.518751	154.181402	0.006524	16.6
947	-0.197018	154.093114	0.001904	11.1
948	-0.070780	154.004960	0.002055	13.1
949	-0.203851	153.916940	0.001012	8.4
950	-0.000000	153.829054	0.000000	9.1
951	-0.571273	153.741303	0.003646	14.3
952	-0.393182	153.653684	0.004728	14.0
953	-0.112678	153.566198	0.004095	13.9
954	-0.152107	153.478846	0.003592	14.5
955	-0.368048	153.391625	0.002416	13.3
956	-0.000000	153.304537	0.000000	14.3
957	-0.738999	153.217580	0.004426	13.4
958	-0.005774	153.130755	0.000065	7.1
959	-0.741880	153.044061	0.003661	8.6
960	-0.024111	152.957498	0.000358	12.1
961	-0.000000	152.871065	0.000000	12.2
962	-0.359423	152.784762	0.002384	14.7
963	-0.583226	152.698589	0.003803	12.8
964	-0.247033	152.612545	0.003709	11.8
965	-0.287382	152.526631	0.002950	10.7
966	-0.265147	152.440845	0.001384	8.4
967	-0.000000	152.355188	0.000000	11.5
968	-0.574868	152.269660	0.004890	11.8
969	-0.000000	152.184259	0.000000	14.3
970	-0.167332	152.098986	0.002753	9.5
971	-0.491041	152.013840	0.005382	11.9
972	-0.643338	151.928821	0.005453	12.0
973	-0.000000	151.843928	0.000000	7.8
974	-0.596529	151.759163	0.003054	17.8
975	-0.437431	151.674523	0.006626	6.9
976	-0.468087	151.590009	0.004846	8.6
977	-0.199326	151.505620	0.000862	8.8
978	-0.082953	151.421357	0.001330	9.6
979	-0.432625	151.337218	0.003862	11.8
980	-0.076926	151.253204	0.000601	17.2
981	-0.293036	151.169314	0.001723	13.7
982	-0.000000	151.085549	0.000000	13.0
983	-0.195254	151.001907	0.001297	13.7
984	-0.000137	150.918388	0.000012	10.3
985	-0.000000	150.834992	0.000000	13.8
986	-0.021197	150.751719	0.000652	12.3
987	-0.000000	150.668569	0.000000	16.3
988	-0.048021	150.585541	0.002371	11.8
989	-0.417420	150.502634	0.001663	8.2
990	-0.540724	150.419849	0.004195	8.8
991	-0.434228	150.337186	0.004567	11.9
992	-0.631014	150.254644	0.004041	8.4
993	-0.159460	150.172222	0.003344	11.4
994	-0.676015	150.089921	0.003951	15.9
995	-0.071156	150.007740	0.002157	8.1
996	-0.803874	149.925679	0.005047	11.9
997	-0.156473	149.843737	0.003118	8.1
998	-0.734790	149.761915	0.002627	12.4
999	-0.000000	149.680212	0.000000	13.1
1000	-0.202189	149.598627	0.002053	10.2
1001	-0.000000	149.517161	0.000000	11.4
1002	-0.000000	149.435814	0.000000	9.6
1003	-0.111829	149.354584	0.001554	10.8
1004	-0.451505	149.273472	0.004891	14.0
1005	-0.000000	149.192477	0.000000	15.6
1006	-0.276507	149.111599	0.002549	12.9
1007	-0.615972	149.030838	0.004651	13.6
1008	-0.000000	148.950194	0.000000	14.5
1009	-0.000000	148.869666	0.000000	11.8
1010	-0.451064	148.789253	0.003044	11.6
1011	-0.000000	148.708957	0.000000	9.3
1012	-0.000000	148.628776	0.000000	14.3
1013	-0.272428	148.548710	0.005236	11.6
1014	-0.000000	148.468759	0.000000	11.4
1015	-0.000000	148.388923	0.000000	8.5
1016	-0.182013	148.309201	0.003590	7.7
1017	-0.000000	148.229594	0.000000	8.2
1018	-0.000000	148.150100	0.000000	9.2
1019	-0.384463	148.070719	0.002051	10.0
1020	-0.000362	147.991452	0.000010	8.4
1021	-0.628491	147.912298	0.004757	8.1
1022	-0.315607	147.833257	0.003121	17.1
1023	-0.478353	147.754329	0.004810	10.3
1024	-0.000000	147.675512	0.000000	9.5
1025	-0.000000	147.596808	0.000000	15.1
1026	-0.103951	147.518216	0.001311	11.7
1027	-0.000000	147.439735	0.000000	7.3
1028	-0.245921	147.361365	0.001704	8.5
1029	-0.596924	147.283106	0.005087	13.6
1030	-0.333103	147.204958	0.003699	9.8
1031	-0.721735	147.126920	0.006415	17.7
1032	-0.550985	147.048993	0.003740	15.9
1033	-0.000000	146.971175	0.000000	8.7
1034	-0.765252	146.893468	0.005292	11.2
1035	-0.000000	146.815869	0.000000	9.8
1036	-0.765703	146.738380	0.003769	9.0
1037	-0.668873	146.661000	0.007713	14.7
1038	-0.360934	146.583729	0.002514	14.3
1039	-0.316100	146.506566	0.002996	8.1
1040	-0.004673	146.429511	0.000321	9.5
1041	-0.374146	146.352565	0.002927	11.5
1042	-0.435679	146.275726	0.002487	12.5
1043	-0.260325	146.198994	0.002423	8.8
1044	-0.177578	146.122370	0.002816	10.2
1045	-0.000000	146.045853	0.000000	8.0
1046	-0.000000	145.969442	0.000000	10.4
1047	-0.576663	145.893139	0.003346	13.2
1048	-0.458939	145.816941	0.005881	14.2
1049	-0.000000	145.740849	0.000000	13.3
1050	-0.000000	145.664863	0.000000	12.1
1051	-0.684520	145.588983	0.004576	8.7
1052	-0.000000	145.513208	0.000000	8.5
1053	-0.782756	145.437538	0.002595	10.3
1054	-0.380988	145.361973	0.002768	12.1
1055	-0.000000	145.286513	0.000000	11.7
1056	-0.000000	145.211157	0.000000	18.5
1057	-0.010531	145.135905	0.000493	13.3
1058	-0.067021	145.060757	0.001732	8.3
1059	-0.265282	144.985712	0.002882	11.9
1060	-0.000000	144.910771	0.000000	8.1
1061	-0.004934	144.835934	0.000075	15.4
1062	-0.000000	144.761199	0.000000	14.2
1063	-0.023523	144.686567	0.000587	10.5
1064	-0.746146	144.612037	0.004083	16.9
1065	-0.000000	144.537610	0.000000	14.1
1066	-0.052312	144.463285	0.000543	9.9
1067	-0.794900	144.389062	0.005162	9.2
1068	-0.643681	144.314940	0.005103	8.9
1069	-0.004277	144.240920	0.000066	11.6
1070	-0.759126	144.167001	0.003969	15.7
1071	-0.452943	144.093182	0.002984	5.5
1072	-0.146147	144.019465	0.003141	7.9
1073	-0.000000	143.945848	0.000000	13.2
1074	-0.000000	143.872331	0.000000	9.3
1075	-0.000000	143.798914	0.000000	8.8
1076	-0.801572	143.725597	0.003616	8.5
1077	-0.397623	143.652380	0.003288	15.5
1078	-0.082241	143.579262	0.000249	14.2
1079	-0.121509	143.506243	0.001023	10.5
1080	-0.000000	143.433323	0.000000	9.9
1081	-0.771935	143.360502	0.009992	15.9
1082	-0.538790	143.287780	0.004171	15.3
1083	-0.314225	143.215155	0.003366	10.4
1084	-0.602953	143.142629	0.007114	8.4
1085	-0.624938	143.070201	0.003240	8.2
1086	-0.224020	142.997870	0.003056	8.9
1087	-0.000000	142.925637	0.000000	9.2
1088	-0.440908	142.853501	0.004234	8.3
1089	-0.055428	142.781462	0.002985	10.8
1090	-0.000000	142.709519	0.000000	9.4
1091	-0.523989	142.637674	0.002410	9.2
1092	-0.079956	142.565924	0.001309	17.6
1093	-0.498938	142.494271	0.004835	9.4
1094	-0.000000	142.422714	0.000000	8.1
1095	-0.478733	142.351252	0.007782	13.6
1096	-0.380853	142.279886	0.002195	11.7
1097	-0.172652	142.208616	0.002398	11.1
1098	-0.000000	142.137440	0.000000	19.6
1099	-0.000000	142.066360	0.000000	13.5
1100	-0.806117	141.995374	0.005756	11.6
1101	-0.813970	141.924483	0.004129	15.2
1102	-0.268964	141.853685	0.003225	15.0
1103	-0.350041	141.782983	0.004020	8.6
1104	-0.794376	141.712373	0.002572	9.0
1105	-0.252208	141.641858	0.003027	9.5
1106	-0.228124	141.571436	0.001784	9.6
1107	-0.495071	141.501108	0.002854	13.7
1108	-0.000000	141.430872	0.000000	14.7
1109	-0.412743	141.360730	0.002600	11.2
1110	-0.000000	141.290680	0.000000	12.7
1111	-0.374753	141.220722	0.003581	11.0
1112	-0.000000	141.150857	0.000000	9.4
1113	-0.726381	141.081084	0.008051	12.2
1114	-0.000000	141.011403	0.000000	10.7
1115	-0.000000	140.941813	0.000000	15.5
1116	-0.444820	140.872315	0.003641	11.5
1117	-0.003056	140.802909	0.000412	13.8
1118	-0.513634	140.733593	0.005248	13.1
1119	-0.554389	140.664369	0.005158	8.6
1120	-0.000000	140.595235	0.000000	10.8
1121	-0.735168	140.526192	0.004238	11.9
1122	-0.312719	140.457239	0.002318	11.4
1123	-0.000000	140.388376	0.000000	8.7
1124	-0.405744	140.319603	0.006708	14.8
1125	-0.689917	140.250920	0.003561	13.7
1126	-0.000000	140.182326	0.000000	8.2
1127	-0.000000	140.113822	0.000000	16.3
1128	-0.654766	140.045407	0.003465	11.2
1129	-0.000000	139.977081	0.000000	12.1
1130	-0.000000	139.908844	0.000000	8.4
1131	-0.730368	139.840696	0.004462	15.9
1132	-0.608532	139.772635	0.004314	12.6
1133	-0.000000	139.704664	0.000000	9.1
1134	-0.001662	139.636780	0.000057	11.5
1135	-0.000000	139.568984	0.000000	10.7
1136	-0.754036	139.501276	0.004354	9.8
1137	-0.339109	139.433655	0.004790	10.2
1138	-0.000000	139.366122	0.000000	8.9
1139	-0.111692	139.298676	0.001481	12.0
1140	-0.273147	139.231317	0.004775	19.3
1141	-0.256583	139.164045	0.003352	9.3
1142	-0.597714	139.096859	0.003078	8.5
1143	-0.078060	139.029760	0.000669	10.4
1144	-0.621525	138.962747	0.005587	12.0
1145	-0.274334	138.895820	0.004619	12.0
1146	-0.495173	138.828978	0.005346	13.8
1147	-0.355542	138.762223	0.007810	12.6
1148	-0.570101	138.695553	0.005123	10.0
1149	-0.345115	138.628969	0.001765	11.8
1150	-0.766519	138.562469	0.004366	11.1
1151	-0.780220	138.496055	0.003095	11.9
1152	-0.701803	138.429725	0.003332	8.3
1153	-0.083099	138.363481	0.002136	8.3
1154	-0.000000	138.297320	0.000000	8.9
1155	-0.000000	138.231244	0.000000	8.4
1156	-0.004118	138.165252	0.000081	9.9
1157	-0.014081	138.099344	0.000248	8.2
1158	-0.347214	138.033520	0.001896	8.7
1159	-0.429210	137.967779	0.003636	21.0
1160	-0.794565	137.902122	0.003798	6.4
1161	-0.000000	137.836548	0.000000	8.4
1162	-0.519077	137.771057	0.005326	14.7
1163	-0.187801	137.705649	0.001516	16.0
1164	-0.121361	137.640324	0.000863	7.7
1165	-0.598734	137.575081	0.002657	11.9
1166	-0.216078	137.509921	0.005753	13.8
1167	-0.441162	137.444842	0.003424	14.1
1168	-0.676786	137.379846	0.003341	11.9
1169	-0.265525	137.314932	0.002504	14.8
1170	-0.000000	137.250100	0.000000	8.5
1171	-0.346458	137.185349	0.003817	9.8
1172	-0.000000	137.120680	0.000000	16.7
1173	-0.094301	137.056092	0.001561	9.9
1174	-0.352997	136.991585	0.003769	9.0
1175	-0.000000	136.927158	0.000000	10.9
1176	-0.433975	136.862813	0.003708	9.3
1177	-0.024089	136.798548	0.001501	9.7
1178	-0.653222	136.734363	0.004078	12.9
1179	-0.116866	136.670259	0.000467	9.2
1180	-0.553016	136.606235	0.004082	10.6
1181	-0.365473	136.542291	0.003438	8.6
1182	-0.023741	136.478426	0.000280	9.5
1183	-0.636482	136.414641	0.005929	9.7
1184	-0.055658	136.350936	0.000655	9.9
1185	-0.790734	136.287310	0.004848	15.5
1186	-0.239711	136.223763	0.000874	15.1
1187	-0.179596	136.160295	0.001948	14.5
1188	-0.318245	136.096905	0.003101	11.7
1189	-0.684983	136.033594	0.004811	8.5
1190	-0.000000	135.970362	0.000000	9.3
1191	-0.536316	135.907208	0.004878	16.4
1192	-0.463296	135.844133	0.003951	17.4
1193	-0.087348	135.781135	0.000799	11.8
1194	-0.082183	135.718215	0.000656	14.3
1195	-0.642767	135.655373	0.003238	14.0
1196	-0.036200	135.592608	0.000470	13.1
1197	-0.202289	135.529921	0.001683	9.2
1198	-0.000000	135.467311	0.000000	8.5
1199	-0.214379	135.404778	0.001968	14.3
1200	-0.017288	135.342322	0.000229	15.9
1201	-0.503085	135.279942	0.002638	15.1
1202	-0.000000	135.217640	0.000000	12.9
1203	-0.512480	135.155413	0.005254	9.3
1204	-0.116910	135.093263	0.001306	14.0
1205	-0.145494	135.031190	0.004184	12.2
1206	-0.000000	134.969192	0.000000	19.9
1207	-0.231061	134.907270	0.002715	10.6
1208	-0.732608	134.845424	0.006283	9.2
1209	-0.245035	134.783653	0.003079	14.1
1210	-0.000000	134.721958	0.000000	13.6
1211	-0.015090	134.660338	0.000621	13.6
1212	-0.124674	134.598793	0.001601	13.7
1213	-0.378967	134.537323	0.004826	9.4
1214	-0.003129	134.475927	0.000117	14.7
1215	-0.010517	134.414607	0.000049	14.3
1216	-0.000000	134.353361	0.000000	11.0
1217	-0.363046	134.292189	0.004120	9.8
1218	-0.171256	134.231092	0.002541	14.6
1219	-0.058053	134.170068	0.000602	8.7
1220	-0.000000	134.109119	0.000000	13.4
1221	-0.540700	134.048243	0.003942	8.2
1222	-0.591768	133.987441	0.004385	8.9
1223	-0.483796	133.926713	0.003716	8.6
1224	-0.699916	133.866057	0.005443	11.7
1225	-0.676402	133.805475	0.001894	8.8
1226	-0.517418	133.744966	0.003504	8.7
1227	-0.056376	133.684530	0.000837	8.5
1228	-0.000000	133.624167	0.000000	13.7
1229	-0.000000	133.563877	0.000000	5.0
1230	-0.354954	133.503658	0.003465	7.9
1231	-0.621069	133.443513	0.001946	11.5
1232	-0.124546	133.383439	0.001855	11.9
1233	-0.000000	133.323437	0.000000	18.1
1234	-0.098045	133.263508	0.001597	10.9
1235	-0.786632	133.203650	0.003272	13.4
1236	-0.296721	133.143864	0.001884	17.4
1237	-0.000000	133.084149	0.000000	4.2
1238	-0.000000	133.024506	0.000000	9.0
1239	-0.585782	132.964934	0.003396	10.5
1240	-0.645503	132.905433	0.002932	12.0
1241	-0.364774	132.846003	0.002295	11.4
1242	-0.119847	132.786643	0.001579	16.1
1243	-0.277136	132.727355	0.004669	8.5
1244	-0.500000	132.668137	0.005814	13.2
1245	-0.128527	132.608989	0.000925	10.7
1246	-0.369508	132.549912	0.002058	8.3
1247	-0.645948	132.490904	0.004399	8.5
1248	-0.416698	132.431967	0.003118	8.4
1249	-0.000000	132.373100	0.000000	8.6
1250	-0.781118	132.314302	0.003141	13.1
1251	-0.581445	132.255574	0.006262	8.7
1252	-0.000000	132.196916	0.000000	14.4
1253	-0.023082	132.138326	0.000417	15.0
1254	-0.040377	132.079806	0.000844	11.8
1255	-0.762047	132.021355	0.004432	9.9
1256	-0.000000	131.962973	0.000001	12.0
1257	-0.508101	131.904660	0.002999	10.0
1258	-0.678504	131.846415	0.004118	12.9
1259	-0.000000	131.788239	0.000000	7.9
1260	-0.000000	131.730131	0.000000	12.8
1261	-0.748267	131.672092	0.006369	15.9
1262	-0.561414	131.614121	0.004211	8.2
1263	-0.485891	131.556217	0.005261	11.6
1264	-0.044843	131.498382	0.000773	12.0
1265	-0.000000	131.440614	0.000000	4.9
1266	-0.000000	131.382914	0.000000	10.2
1267	-0.000000	131.325282	0.000000	8.2
1268	-0.509582	131.267717	0.002184	11.6
1269	-0.768811	131.210219	0.004187	13.9
1270	-0.741066	131.152788	0.003936	14.0
1271	-0.161275	131.095424	0.001512	11.0
1272	-0.416176	131.038127	0.004588	8.6
1273	-0.670510	130.980897	0.004145	8.3
1274	-0.000000	130.923733	0.000000	11.2
1275	-0.519951	130.866636	0.005055	9.6
1276	-0.085494	130.809605	0.000780	8.8
1277	-0.000000	130.752641	0.000000	13.7
1278	-0.339612	130.695742	0.004009	17.1
1279	-0.326586	130.638910	0.006234	11.4
1280	-0.739891	130.582143	0.004626	7.3
1281	-0.289012	130.525442	0.001150	14.6
1282	-0.438189	130.468807	0.003376	10.4
1283	-0.000000	130.412237	0.000000	14.0
1284	-0.673878	130.355733	0.002655	13.9
1285	-0.290629	130.299294	0.006619	17.0
1286	-0.000000	130.242920	0.000000	12.0
1287	-0.000000	130.186611	0.000000	15.9
1288	-0.000000	130.130366	0.000000	14.5
1289	-0.000000	130.074187	0.000000	15.3
1290	-0.000000	130.018072	0.000000	14.4
1291	-0.722972	129.962022	0.004805	13.2
1292	-0.341164	129.906036	0.002816	10.7
1293	-0.327310	129.850114	0.005599	9.6
1294	-0.062235	129.794257	0.000835	8.5
1295	-0.433070	129.738463	0.003746	8.4
1296	-0.774770	129.682734	0.004787	10.7
1297	-0.248217	129.627068	0.001897	13.4
1298	-0.007527	129.571466	0.000644	8.4
1299	-0.449429	129.515927	0.004543	9.5
1300	-0.000000	129.460452	0.000000	11.7
1301	-0.000000	129.405040	0.000000	9.9
1302	-0.000000	129.349692	0.000000	9.3
1303	-0.000000	129.294406	0.000000	15.9
1304	-0.243724	129.239183	0.002376	13.8
1305	-0.477860	129.184024	0.003929	13.7
1306	-0.702988	129.128927	0.002569	13.9
1307	-0.768089	129.073892	0.004888	14.1
1308	-0.000000	129.018921	0.000000	8.4
1309	-0.000000	128.964011	0.000000	7.9
1310	-0.318370	128.909164	0.002342	15.7
1311	-0.009039	128.854379	0.000228	8.5
1312	-0.000000	128.799656	0.000000	10.1
1313	-0.708151	128.744995	0.004199	17.2
1314	-0.000000	128.690396	0.000000	7.3
1315	-0.675250	128.635858	0.004416	11.9
1316	-0.470891	128.581382	0.003549	6.0
1317	-0.000000	128.526968	0.000000	9.6
1318	-0.470999	128.472615	0.004186	9.8
1319	-0.472863	128.418323	0.002708	14.6
1320	-0.000000	128.364092	0.000000	14.6
1321	-0.227617	128.309922	0.000843	10.0
1322	-0.000000	128.255814	0.000000	11.2
1323	-0.242585	128.201766	0.003223	8.1
1324	-0.080589	128.147778	0.000878	8.9
1325	-0.813979	128.093852	0.003182	12.6
1326	-0.436393	128.039985	0.002864	10.7
1327	-0.333687	127.986180	0.004360	8.6
1328	-0.130108	127.932434	0.001727	14.1
1329	-0.001107	127.878749	0.000067	8.7
1330	-0.399307	127.825123	0.002650	8.6
1331	-0.000058	127.771558	0.000003	11.3
1332	-0.488955	127.718052	0.004038	11.7
1333	-0.274398	127.664606	0.002427	12.1
1334	-0.625235	127.611220	0.005399	13.3
1335	-0.561665	127.557893	0.003581	18.7
1336	-0.000000	127.504625	0.000000	8.4
1337	-0.000000	127.451417	0.000000	9.0
1338	-0.183580	127.398268	0.001526	15.7
1339	-0.000000	127.345178	0.000000	10.2
1340	-0.000000	127.292147	0.000000	8.3
1341	-0.228260	127.239175	0.002699	8.5
1342	-0.492832	127.186261	0.003500	9.2
1343	-0.391793	127.133407	0.003576	10.6
1344	-0.000000	127.080610	0.000000	8.4
1345	-0.750959	127.027872	0.003860	10.6
1346	-0.273681	126.975193	0.003740	11.5
1347	-0.253875	126.922572	0.002453	9.8
1348	-0.101451	126.870008	0.002559	10.6
1349	-0.356507	126.817503	0.001750	8.3
1350	-0.223824	126.765056	0.002207	11.5
1351	-0.000000	126.712667	0.000000	12.1
1352	-0.612768	126.660335	0.005269	7.8
1353	-0.195286	126.608061	0.002025	17.4
1354	-0.255552	126.555844	0.001880	10.0
1355	-0.150498	126.503685	0.001663	13.8
1356	-0.120172	126.451583	0.001495	9.7
1357	-0.000023	126.399538	0.000001	16.0
1358	-0.000000	126.347550	0.000000	10.8
1359	-0.015782	126.295619	0.000341	14.2
1360	-0.000010	126.243745	0.000001	13.1
1361	-0.187247	126.191928	0.002618	13.2
1362	-0.588598	126.140168	0.006535	8.3
1363	-0.000000	126.088464	0.000000	10.6
1364	-0.286056	126.036817	0.001903	9.7
1365	-0.715544	125.985226	0.003651	8.6
1366	-0.543105	125.933691	0.004110	8.5
1367	-0.010030	125.882212	0.000040	12.9
1368	-0.265745	125.830790	0.003068	14.7
1369	-0.000000	125.779423	0.000000	7.8
1370	-0.401137	125.728113	0.002009	11.8
1371	-0.682554	125.676858	0.003637	9.5
1372	-0.722930	125.625659	0.005601	14.2
1373	-0.000000	125.574515	0.000000	14.0
1374	-0.251686	125.523427	0.001942	14.6
1375	-0.113848	125.472394	0.000541	8.1
1376	-0.323837	125.421417	0.002950	13.6
1377	-0.000000	125.370495	0.000000	11.8
1378	-0.740012	125.319628	0.003880	14.3
1379	-0.000000	125.268815	0.000000	12.7
1380	-0.148764	125.218058	0.004305	12.2
1381	-0.241010	125.167356	0.002312	11.5
1382	-0.000000	125.116708	0.000000	11.4
1383	-0.000000	125.066115	0.000000	7.9
1384	-0.378234	125.015576	0.003353	8.4
1385	-0.000001	124.965092	0.000000	10.7
1386	-0.172125	124.914662	0.000432	8.5
1387	-0.119511	124.864287	0.001897	14.4
1388	-0.104193	124.813965	0.001246	12.8
1389	-0.000000	124.763698	0.000000	13.2
1390	-0.552034	124.713485	0.002155	8.9
1391	-0.753482	124.663325	0.006236	13.3
1392	-0.335215	124.613219	0.002603	9.5
1393	-0.736438	124.563167	0.004780	9.1
1394	-0.374643	124.513168	0.002928	9.8
1395	-0.270622	124.463223	0.003300	10.2
1396	-0.000000	124.413332	0.000000	8.9
1397	-0.210605	124.363493	0.002699	16.1
1398	-0.448130	124.313708	0.002333	14.6
1399	-0.000000	124.263976	0.000000	9.1
1400	-0.207038	124.214297	0.002187	11.8
1401	-0.004020	124.164671	0.000013	11.9
1402	-0.399256	124.115097	0.002564	11.3
1403	-0.574283	124.065577	0.004607	12.8
1404	-0.668077	124.016109	0.006565	14.7
1405	-0.197108	123.966693	0.003585	14.6
1406	-0.364849	123.917330	0.002745	13.4
1407	-0.000000	123.868020	0.000000	8.6
1408	-0.271566	123.818762	0.001694	8.5
1409	-0.000000	123.769556	0.000000	8.5
1410	-0.635077	123.720402	0.004380	9.9
1411	-0.476780	123.671300	0.004493	10.8
1412	-0.558920	123.622250	0.005508	8.8
1413	-0.334438	123.573252	0.004247	8.6
1414	-0.000054	123.524305	0.000111	8.5
1415	-0.000000	123.475411	0.000000	10.9
1416	-0.000000	123.426568	0.000000	9.6
1417	-0.028466	123.377776	0.000299	10.2
1418	-0.390306	123.329036	0.010378	9.2
1419	-0.067935	123.280347	0.001366	16.1
1420	-0.035254	123.231709	0.000143	10.3
1421	-0.825086	123.183122	0.004869	13.2
1422	-0.084368	123.134587	0.001216	8.5
1423	-0.784838	123.086102	0.004756	10.9
1424	-0.612497	123.037669	0.002531	14.5
1425	-0.433573	122.989286	0.002156	15.9
1426	-0.428023	122.940954	0.001406	7.4
1427	-0.658497	122.892672	0.005651	12.5
1428	-0.727435	122.844441	0.003017	10.5
1429	-0.165771	122.796261	0.001173	9.2
1430	-0.580220	122.748130	0.008069	12.1
1431	-0.256728	122.700050	0.004048	11.9
1432	-0.658879	122.652021	0.003083	14.0
1433	-0.000000	122.604041	0.000000	9.8
1434	-0.356015	122.556111	0.004285	9.4
1435	-0.059783	122.508232	0.001482	8.4
1436	-0.000000	122.460402	0.000000	10.9
1437	-0.415836	122.412622	0.002557	8.7
1438	-0.000000	122.364891	0.000000	8.7
1439	-0.000000	122.317210	0.000000	8.3
1440	-0.636723	122.269579	0.005980	8.7
1441	-0.496344	122.221997	0.003671	13.6
1442	-0.461088	122.174465	0.002241	10.2
1443	-0.334559	122.126981	0.001935	12.6
1444	-0.256483	122.079547	0.006637	11.6
1445	-0.540516	122.032162	0.003291	8.7
1446	-0.000000	121.984826	0.000000	8.2
1447	-0.000003	121.937539	0.000001	4.1
1448	-0.678395	121.890301	0.004206	13.8
1449	-0.788621	121.843112	0.003156	15.5
1450	-0.686355	121.795971	0.003872	16.0
1451	-0.000000	121.748879	0.000000	14.1
1452	-0.484501	121.701835	0.006051	13.3
1453	-0.023900	121.654840	0.000381	10.3
1454	-0.296349	121.607893	0.002112	8.2
1455	-0.000000	121.560994	0.000000	14.7
1456	-0.306107	121.514144	0.001815	8.7
1457	-0.781333	121.467342	0.010576	11.1
1458	-0.606108	121.420588	0.005225	15.8
1459	-0.319674	121.373882	0.005749	11.7
1460	-0.270130	121.327223	0.004761	11.8
1461	-0.000000	121.280613	0.000000	15.6
1462	-0.341762	121.234050	0.002685	9.7
1463	-0.798158	121.187535	0.003462	9.7
1464	-0.246795	121.141067	0.001625	16.0
1465	-0.520879	121.094647	0.004922	9.7
1466	-0.530947	121.048274	0.004549	14.0
1467	-0.000000	121.001949	0.000000	15.1
1468	-0.414225	120.955671	0.006592	13.2
1469	-0.691887	120.909440	0.004338	11.9
1470	-0.000000	120.863256	0.000000	11.3
1471	-0.231408	120.817119	0.001853	8.3
1472	-0.000002	120.771029	0.000003	8.5
1473	-0.798758	120.724986	0.005004	10.9
1474	-0.500480	120.678990	0.004689	15.6
1475	-0.764753	120.633040	0.003963	6.8
1476	-0.140358	120.587137	0.001149	8.5
1477	-0.450952	120.541281	0.003094	11.4
1478	-0.000000	120.495471	0.000000	8.9
1479	-0.514041	120.449707	0.002359	9.6
1480	-0.000000	120.403990	0.000000	13.6
1481	-0.405050	120.358319	0.002548	4.4
1482	-0.410037	120.312694	0.002434	7.1
1483	-0.569023	120.267115	0.004214	8.9
1484	-0.000006	120.221582	0.000012	14.0
1485	-0.145488	120.176096	0.000953	12.8
1486	-0.193724	120.130655	0.001784	8.5
1487	-0.212963	120.085260	0.002784	8.4
1488	-0.000000	120.039910	0.000000	15.2
1489	-0.720143	119.994606	0.003763	10.0
1490	-0.409238	119.949348	0.002928	8.5
1491	-0.809052	119.904135	0.005017	9.0
1492	-0.761607	119.858968	0.003956	14.0
1493	-0.560964	119.813846	0.002958	13.5
1494	-0.000000	119.768769	0.000000	14.4
1495	-0.374564	119.723738	0.002727	13.8
1496	-0.000000	119.678752	0.000000	8.4
1497	-0.589085	119.633810	0.002817	18.8
1498	-0.715656	119.588914	0.003898	9.6
1499	-0.000000	119.544062	0.000000	10.8
1500	-0.588019	119.499256	0.007180	11.9
1501	-0.000000	119.454494	0.000000	16.3
1502	-0.722404	119.409777	0.005698	13.0
1503	-0.000000	119.365104	0.000000	7.3
1504	-0.000000	119.320476	0.000000	11.2
1505	-0.755643	119.275893	0.004187	11.9
1506	-0.274538	119.231353	0.001941	10.7
1507	-0.000000	119.186859	0.000000	14.2
1508	-0.485202	119.142408	0.003334	14.5
1509	-0.133634	119.098002	0.001326	12.2
1510	-0.000000	119.053639	0.000000	8.9
1511	-0.000000	119.009321	0.000000	14.2
1512	-0.305484	118.965047	0.005309	8.8
1513	-0.438065	118.920816	0.005040	11.8
1514	-0.000000	118.876630	0.000000	14.0
1515	-0.000000	118.832487	0.000000	13.7
1516	-0.810520	118.788388	0.003936	7.1
1517	-0.082501	118.744332	0.000986	14.0
1518	-0.241877	118.700320	0.003583	14.5
1519	-0.005689	118.656352	0.001287	11.1
1520	-0.736413	118.612427	0.005710	9.9
1521	-0.000000	118.568545	0.000000	14.7
1522	-0.434343	118.524706	0.004299	10.6
1523	-0.395223	118.480911	0.004086	9.3
1524	-0.000175	118.437159	0.000000	13.7
1525	-0.000000	118.393450	0.000000	15.2
1526	-0.638682	118.349784	0.002372	13.6
1527	-0.235221	118.306160	0.001381	12.0
1528	-0.000000	118.262580	0.000000	11.4
1529	-0.576288	118.219042	0.002550	11.8
1530	-0.000000	118.175548	0.000000	8.6
1531	-0.408666	118.132095	0.002026	14.6
1532	-0.460808	118.088686	0.003541	8.1
1533	-0.289863	118.045319	0.003820	16.9
1534	-0.000000	118.001994	0.000000	16.4
1535	-0.013096	117.958712	0.000176	15.1
1536	-0.000000	117.915472	0.000000	15.2
1537	-0.000000	117.872274	0.000000	8.0
1538	-0.000000	117.829118	0.000000	9.6
1539	-0.120575	117.786005	0.001954	14.3
1540	-0.762828	117.742933	0.004568	8.3
1541	-0.444431	117.699904	0.003831	10.3
1542	-0.696577	117.656916	0.008328	12.1
1543	-0.076803	117.613971	0.001280	9.3
1544	-0.000285	117.571067	0.000246	14.3
1545	-0.000000	117.528205	0.000000	13.6
1546	-0.032718	117.485384	0.000230	14.9
1547	-0.000000	117.442605	0.000000	15.1
1548	-0.000000	117.399867	0.000000	10.3
1549	-0.282831	117.357171	0.002322	10.0
1550	-0.000000	117.314517	0.000000	15.3
1551	-0.533791	117.271903	0.002124	12.0
1552	-0.461135	117.229331	0.002440	12.1
1553	-0.193705	117.186800	0.003114	11.4
1554	-0.393899	117.144311	0.007928	12.9
1555	-0.319962	117.101862	0.002671	10.1
1556	-0.273621	117.059454	0.003867	9.7
1557	-0.642556	117.017087	0.003548	9.4
1558	-0.137743	116.974762	0.003387	12.2
1559	-0.000000	116.932476	0.000000	11.6
1560	-0.342640	116.890232	0.002299	14.7
1561	-0.761638	116.848028	0.003773	8.9
1562	-0.509533	116.805865	0.003132	9.5
1563	-0.359487	116.763743	0.003140	9.5
1564	-0.006136	116.721661	0.000486	14.0
1565	-0.174630	116.679619	0.001332	4.5
1566	-0.479549	116.637618	0.002752	14.6
1567	-0.534423	116.595657	0.006499	10.5
1568	-0.511661	116.553736	0.004920	18.5
1569	-0.281136	116.511855	0.004065	9.4
1570	-0.516418	116.470015	0.004014	12.0
1571	-0.000000	116.428214	0.000000	8.4
1572	-0.313378	116.386454	0.002015	13.9
1573	-0.579547	116.344733	0.001836	8.6
1574	-0.000000	116.303052	0.000000	9.3
1575	-0.723553	116.261412	0.002036	9.5
1576	-0.752508	116.219810	0.006874	17.8
1577	-0.000000	116.178249	0.000000	12.0
1578	-0.552731	116.136727	0.005900	8.9
1579	-0.000000	116.095245	0.000000	11.0
1580	-0.072534	116.053802	0.000815	11.7
1581	-0.000000	116.012398	0.000000	8.7
1582	-0.000000	115.971034	0.000000	8.5
1583	-0.583833	115.929710	0.004031	10.6
1584	-0.386790	115.888424	0.005177	13.5
1585	-0.000000	115.847178	0.000000	10.2
1586	-0.487272	115.805970	0.003606	12.1
1587	-0.375422	115.764802	0.001902	13.0
1588	-0.000000	115.723673	0.000000	8.5
1589	-0.000000	115.682583	0.000000	9.2
1590	-0.171651	115.641532	0.001379	16.6
1591	-0.816685	115.600519	0.002278	5.0
1592	-0.395762	115.559546	0.001933	14.8
1593	-0.000000	115.518610	0.000000	15.5
1594	-0.146320	115.477714	0.005575	12.4
1595	-0.804479	115.436856	0.004287	11.3
1596	-0.000000	115.396037	0.000000	9.2
1597	-0.023588	115.355256	0.000234	8.6
1598	-0.000000	115.314514	0.000000	9.3
1599	-0.422047	115.273810	0.005676	12.0
1600	-0.750620	115.233144	0.006266	13.1
1601	-0.443486	115.192517	0.005087	8.6
1602	-0.189128	115.151927	0.001925	17.6
1603	-0.751932	115.111376	0.003813	13.4
1604	-0.732043	115.070863	0.006861	12.8
1605	-0.225279	115.030388	0.001941	14.1
1606	-0.808328	114.989951	0.005084	8.8
1607	-0.764748	114.949551	0.002858	10.2
1608	-0.089537	114.909190	0.001311	9.5
1609	-0.015345	114.868866	0.000617	10.7
1610	-0.000000	114.828580	0.000000	16.8
1611	-0.175246	114.788332	0.004614	13.4
1612	-0.414971	114.748121	0.003217	13.6
1613	-0.229138	114.707948	0.002697	8.4
1614	-0.642556	114.667812	0.003897	10.8
1615	-0.086715	114.627714	0.001965	13.6
1616	-0.000000	114.587653	0.000000	8.6
1617	-0.597950	114.547629	0.007800	13.1
1618	-0.413778	114.507643	0.001750	15.8
1619	-0.249837	114.467693	0.002997	9.3
1620	-0.111914	114.427781	0.001750	8.2
1621	-0.000000	114.387907	0.000000	10.3
1622	-0.006687	114.348069	0.001588	9.2
1623	-0.207285	114.308268	0.004008	10.9
1624	-0.458911	114.268504	0.007260	8.4
1625	-0.000000	114.228777	0.000000	9.3
1626	-0.371344	114.189086	0.003460	12.7
1627	-0.229204	114.149433	0.002338	12.9
1628	-0.106144	114.109816	0.001104	11.7
1629	-0.578996	114.070235	0.004478	15.9
1630	-0.475873	114.030692	0.004009	8.3
1631	-0.241863	113.991185	0.001471	11.5
1632	-0.372502	113.951714	0.003030	7.4
1633	-0.000000	113.912280	0.000000	7.1
1634	-0.283368	113.872882	0.001276	13.7
1635	-0.006447	113.833521	0.000283	12.7
1636	-0.475712	113.794195	0.004299	8.4
1637	-0.667744	113.754906	0.003681	11.2
1638	-0.000000	113.715653	0.000000	7.8
1639	-0.000000	113.676437	0.000000	11.6
1640	-0.520274	113.637256	0.001243	8.5
1641	-0.000000	113.598111	0.000000	11.1
1642	-0.334659	113.559002	0.003656	13.7
1643	-0.396860	113.519929	0.004614	7.4
1644	-0.000000	113.480892	0.000000	18.1
1645	-0.385770	113.441891	0.004460	5.7
1646	-0.591483	113.402925	0.005536	14.0
1647	-0.000000	113.363995	0.000000	18.7
1648	-0.249996	113.325101	0.002932	14.9
1649	-0.000000	113.286242	0.000000	7.3
1650	-0.387036	113.247419	0.001806	9.7
1651	-0.344797	113.208631	0.003298	8.5
1652	-0.000000	113.169879	0.000000	8.6
1653	-0.574443	113.131162	0.004188	13.2
1654	-0.203388	113.092480	0.001864	15.7
1655	-0.705473	113.053833	0.005691	14.3
1656	-0.488030	113.015222	0.005029	15.9
1657	-0.429983	112.976646	0.003577	18.2
1658	-0.181830	112.938105	0.001497	9.7
1659	-0.000000	112.899599	0.000000	15.0
1660	-0.019163	112.861128	0.000238	11.7
1661	-0.031197	112.822692	0.000435	15.5
1662	-0.806950	112.784291	0.004771	9.4
1663	-0.790411	112.745924	0.003052	13.0
1664	-0.376896	112.707593	0.004151	9.2
1665	-0.250303	112.669296	0.003467	9.7
1666	-0.580323	112.631034	0.005199	14.1
1667	-0.000000	112.592806	0.000000	8.4
1668	-0.098320	112.554613	0.001266	9.9
1669	-0.187619	112.516455	0.002156	15.2
1670	-0.805419	112.478331	0.004386	10.0
1671	-0.591350	112.440241	0.002384	8.8
1672	-0.000000	112.402186	0.000000	11.5
1673	-0.000000	112.364165	0.000000	9.4
1674	-0.000000	112.326179	0.000000	12.0
1675	-0.284705	112.288227	0.004013	8.8
1676	-0.334732	112.250309	0.004033	13.8
1677	-0.175870	112.212425	0.001521	14.9
1678	-0.222685	112.174575	0.003482	9.2
1679	-0.000000	112.136759	0.000000	14.2
1680	-0.000000	112.098977	0.000000	13.7
1681	-0.512055	112.061229	0.001924	11.5
1682	-0.000000	112.023515	0.000000	12.9
1683	-0.094970	111.985834	0.000660	10.9
1684	-0.000075	111.948188	0.000132	8.6
1685	-0.721629	111.910575	0.002352	10.2
1686	-0.125387	111.872996	0.002286	17.1
1687	-0.000000	111.835450	0.000000	11.7
1688	-0.661656	111.797939	0.003682	10.3
1689	-0.000000	111.760460	0.000000	17.7
1690	-0.000000	111.723015	0.000000	12.5
1691	-0.776436	111.685604	0.005976	10.9
1692	-0.032844	111.648226	0.000251	12.2
1693	-0.737645	111.610881	0.004078	11.6
1694	-0.000000	111.573570	0.000000	11.6
1695	-0.778166	111.536292	0.003660	10.8
1696	-0.331143	111.499047	0.001856	14.6
1697	-0.413967	111.461835	0.004779	9.8
1698	-0.182764	111.424656	0.001722	12.2
1699	-0.433365	111.387510	0.002708	10.5
1700	-0.005409	111.350398	0.000485	8.6
1701	-0.619703	111.313318	0.008088	8.6
1702	-0.487902	111.276271	0.009407	19.1
1703	-0.000000	111.239257	0.000000	5.9
1704	-0.000000	111.202276	0.000000	13.3
1705	-0.321207	111.165328	0.003436	13.0
1706	-0.227482	111.128412	0.003388	11.5
1707	-0.524243	111.091529	0.002791	11.6
1708	-0.392327	111.054679	0.004547	11.6
1709	-0.785413	111.017861	0.003259	13.6
1710	-0.000002	110.981076	0.000000	11.0
1711	-0.217483	110.944323	0.003064	10.7
1712	-0.000000	110.907603	0.000000	11.7
1713	-0.489664	110.870915	0.001597	15.2
1714	-0.000000	110.834259	0.000000	9.7
1715	-0.742715	110.797636	0.004353	14.3
1716	-0.018276	110.761045	0.000275	12.0
1717	-0.000000	110.724486	0.000000	8.1
1718	-0.646717	110.687959	0.003701	11.7
1719	-0.623952	110.651465	0.003310	15.6
1720	-0.000000	110.615002	0.000000	4.5
1721	-0.383092	110.578572	0.003152	9.2
1722	-0.614834	110.542173	0.003295	10.0
1723	-0.000000	110.505807	0.000000	8.4
1724	-0.109778	110.469472	0.002625	14.6
1725	-0.582925	110.433169	0.002880	8.1
1726	-0.471137	110.396898	0.004348	17.4
1727	-0.000000	110.360659	0.000000	10.9
1728	-0.000000	110.324451	0.000000	11.1
1729	-0.349639	110.288276	0.002598	12.6
1730	-0.595630	110.252131	0.003352	12.7
1731	-0.260181	110.216019	0.002926	10.2
1732	-0.510797	110.179937	0.004957	13.9
1733	-0.111585	110.143888	0.001580	12.3
1734	-0.007981	110.107869	0.000729	10.5
1735	-0.254501	110.071882	0.003948	11.7
1736	-0.000000	110.035927	0.000000	9.7
1737	-0.409755	110.000003	0.004265	11.6
1738	-0.045121	109.964110	0.001322	8.6
1739	-0.000000	109.928248	0.000000	11.2
1740	-0.584212	109.892417	0.003114	9.7
1741	-0.390957	109.856618	0.003220	10.1
1742	-0.000000	109.820850	0.000000	8.4
1743	-0.534382	109.785112	0.005931	9.2
1744	-0.231580	109.749406	0.000633	13.9
1745	-0.203645	109.713730	0.003189	12.3
1746	-0.000000	109.678086	0.000000	13.3
1747	-0.777387	109.642472	0.006460	13.8
1748	-0.350570	109.606890	0.003143	13.9
1749	-0.000313	109.571337	0.000065	14.0
1750	-0.702586	109.535816	0.004493	12.5
1751	-0.610363	109.500326	0.002437	12.1
1752	-0.440450	109.464866	0.002285	13.6
1753	-0.472727	109.429436	0.003873	13.9
1754	-0.451576	109.394038	0.002721	3.9
1755	-0.000000	109.358669	0.000000	8.3
1756	-0.389921	109.323331	0.003181	14.2
1757	-0.098540	109.288024	0.001685	12.7
1758	-0.072382	109.252747	0.002770	10.2
1759	-0.767743	109.217501	0.004059	13.4
1760	-0.049858	109.182284	0.003637	11.9
1761	-0.479014	109.147098	0.003835	12.0
1762	-0.650540	109.111942	0.003606	14.6
1763	-0.738125	109.076817	0.007199	14.2
1764	-0.627804	109.041721	0.003938	11.1
1765	-0.223316	109.006656	0.003291	13.5
1766	-0.000000	108.971620	0.000000	10.2
1767	-0.476974	108.936615	0.002776	11.6
1768	-0.000000	108.901640	0.000000	12.0
1769	-0.547665	108.866694	0.004641	11.8
1770	-0.000000	108.831779	0.000000	12.0
1771	-0.226763	108.796893	0.002699	11.9
1772	-0.154405	108.762037	0.001056	14.6
1773	-0.000000	108.727211	0.000000	8.1
1774	-0.000000	108.692415	0.000000	13.1
1775	-0.265501	108.657648	0.003369	17.3
1776	-0.608292	108.622911	0.003652	6.0
1777	-0.649359	108.588203	0.005701	11.9
1778	-0.738252	108.553525	0.003513	9.1
1779	-0.589934	108.518877	0.003730	10.7
1780	-0.388421	108.484258	0.003109	8.5
1781	-0.280281	108.449668	0.004831	11.4
1782	-0.306418	108.415108	0.004049	15.3
1783	-0.069900	108.380578	0.002905	16.6
1784	-0.411048	108.346076	0.002595	5.8
1785	-0.261280	108.311604	0.002385	8.7
1786	-0.000000	108.277161	0.000000	15.2
1787	-0.122836	108.242747	0.000500	10.5
1788	-0.000000	108.208363	0.000000	9.6
1789	-0.381569	108.174007	0.002776	8.5
1790	-0.554430	108.139681	0.006183	13.9
1791	-0.000000	108.105383	0.000000	8.4
1792	-0.000000	108.071115	0.000000	9.0
1793	-0.000000	108.036875	0.000000	9.0
1794	-0.509839	108.002665	0.005328	9.8
1795	-0.000000	107.968483	0.000000	10.1
1796	-0.723395	107.934330	0.004537	9.5
1797	-0.808286	107.900206	0.005266	10.0
1798	-0.000000	107.866111	0.000000	14.7
1799	-0.000000	107.832044	0.000000	9.3
1800	-0.000000	107.798007	0.000000	10.3
1801	-0.187158	107.763997	0.001685	9.3
1802	-0.727311	107.730017	0.005607	11.4
1803	-0.273871	107.696065	0.003662	16.1
1804	-0.266861	107.662141	0.004138	11.5
1805	-0.224798	107.628246	0.001699	15.9
1806	-0.000154	107.594379	0.000003	8.4
1807	-0.452547	107.560541	0.006212	11.0
1808	-0.000000	107.526731	0.000000	11.9
1809	-0.040995	107.492949	0.000630	9.6
1810	-0.000000	107.459196	0.000000	8.3
1811	-0.498349	107.425471	0.002888	9.8
1812	-0.000000	107.391774	0.000000	11.5
1813	-0.031211	107.358106	0.001350	14.9
1814	-0.000000	107.324465	0.000000	12.8
1815	-0.643090	107.290853	0.003037	8.0
1816	-0.054744	107.257268	0.000798	12.6
1817	-0.543042	107.223712	0.002968	8.8
1818	-0.650764	107.190184	0.004272	17.0
1819	-0.071380	107.156683	0.000783	9.5
1820	-0.102912	107.123211	0.000662	8.9
1821	-0.575171	107.089766	0.005944	8.6
1822	-0.528941	107.056349	0.006810	18.8
1823	-0.040065	107.022960	0.000407	10.3
1824	-0.317332	106.989599	0.003652	25.6
1825	-0.708527	106.956265	0.006104	18.3
1826	-0.000000	106.922960	0.000000	13.8
1827	-0.323007	106.889681	0.003444	12.3
1828	-0.000000	106.856431	0.000000	13.7
1829	-0.391994	106.823208	0.004524	10.0
1830	-0.377513	106.790012	0.003493	9.6
1831	-0.663111	106.756844	0.003460	10.4
1832	-0.000000	106.723703	0.000000	13.7
1833	-0.442569	106.690590	0.002636	11.4
1834	-0.000000	106.657505	0.000000	8.5
1835	-0.254024	106.624446	0.002540	10.0
1836	-0.493315	106.591415	0.002901	8.7
1837	-0.000000	106.558411	0.000000	14.2
1838	-0.700263	106.525435	0.004813	9.0
1839	-0.071067	106.492485	0.001122	12.3
1840	-0.151786	106.459563	0.000403	10.6
1841	-0.822948	106.426668	0.004120	16.2
1842	-0.514866	106.393800	0.003215	13.7
1843	-0.431378	106.360959	0.004444	15.8
1844	-0.393400	106.328145	0.006355	16.6
1845	-0.000000	106.295358	0.000000	10.2
1846	-0.030279	106.262598	0.000420	10.7
1847	-0.068528	106.229865	0.000762	12.0
1848	-0.000000	106.197158	0.000000	7.9
1849	-0.555148	106.164479	0.004105	10.5
1850	-0.503539	106.131826	0.003275	10.1
1851	-0.732308	106.099201	0.004193	10.1
1852	-0.163374	106.066602	0.002443	11.8
1853	-0.000000	106.034029	0.000000	8.4
1854	-0.519572	106.001483	0.002109	11.2
1855	-0.187775	105.968964	0.001135	10.7
1856	-0.072540	105.936472	0.003829	10.3
1857	-0.314801	105.904006	0.003386	8.9
1858	-0.564624	105.871566	0.003121	12.0
1859	-0.566835	105.839153	0.003706	13.8
1860	-0.000000	105.806767	0.000000	11.9
1861	-0.000000	105.774407	0.000000	10.3
1862	-0.310373	105.742073	0.003159	14.9
1863	-0.000005	105.709766	0.000001	14.4
1864	-0.052914	105.677485	0.001277	10.1
1865	-0.300835	105.645230	0.008802	10.9
1866	-0.000000	105.613001	0.000000	8.3
1867	-0.000000	105.580799	0.000000	11.6
1868	-0.026688	105.548623	0.000142	16.1
1869	-0.000000	105.516473	0.000000	3.9
1870	-0.346041	105.484349	0.001464	7.6
1871	-0.000000	105.452251	0.000000	16.8
1872	-0.000000	105.420179	0.000000	13.3
1873	-0.135817	105.388133	0.002839	14.8
1874	-0.014784	105.356113	0.000130	8.5
1875	-0.134123	105.324119	0.001414	8.4
1876	-0.144780	105.292151	0.002345	11.8
1877	-0.423644	105.260209	0.003937	11.5
1878	-0.273689	105.228293	0.002844	16.0
1879	-0.000000	105.196402	0.000000	11.8
1880	-0.298056	105.164537	0.001055	15.9
1881	-0.306032	105.132698	0.002388	5.8
1882	-0.403400	105.100885	0.006559	10.0
1883	-0.703750	105.069097	0.003874	10.5
1884	-0.376771	105.037335	0.004146	12.9
1885	-0.000545	105.005598	0.000399	9.4
1886	-0.670946	104.973887	0.004386	8.4
1887	-0.539877	104.942202	0.004391	9.5
1888	-0.000000	104.910542	0.000000	14.3
1889	-0.718294	104.878907	0.004747	9.7
1890	-0.042518	104.847298	0.000388	8.4
1891	-0.195533	104.815715	0.001414	13.8
1892	-0.636425	104.784156	0.004131	15.7
1893	-0.069639	104.752623	0.000891	15.1
1894	-0.079744	104.721116	0.001252	10.4
1895	-0.000000	104.689633	0.000000	14.5
1896	-0.711562	104.658176	0.003337	15.8
1897	-0.531968	104.626744	0.006248	11.7
1898	-0.053716	104.595337	0.000694	14.3
1899	-0.000000	104.563955	0.000000	7.2
1900	-0.000000	104.532599	0.000000	12.0
1901	-0.000000	104.501267	0.000000	7.1
1902	-0.000000	104.469960	0.000000	10.5
1903	-0.255197	104.438679	0.003348	8.3
1904	-0.576514	104.407422	0.004487	10.4
1905	-0.000000	104.376191	0.000000	12.2
1906	-0.270638	104.344984	0.004502	16.9
1907	-0.414022	104.313802	0.001795	5.2
1908	-0.000000	104.282645	0.000000	9.5
1909	-0.293184	104.251513	0.005693	8.5
1910	-0.368935	104.220405	0.002645	14.0
1911	-0.000000	104.189323	0.000000	13.1
1912	-0.599574	104.158265	0.004312	15.5
1913	-0.236044	104.127231	0.003697	9.7
1914	-0.180420	104.096222	0.001789	9.2
1915	-0.170162	104.065238	0.001488	12.2
1916	-0.000000	104.034279	0.000000	13.0
1917	-0.815346	104.003344	0.002379	8.8
1918	-0.000000	103.972433	0.000000	10.1
1919	-0.000000	103.941547	0.000000	12.9
1920	-0.399235	103.910686	0.001664	12.9
1921	-0.236434	103.879849	0.002488	14.7
1922	-0.000000	103.849036	0.000000	14.7
1923	-0.352665	103.818248	0.002680	16.1
1924	-0.742422	103.787484	0.004210	20.1
1925	-0.548916	103.756744	0.001890	14.8
1926	-0.701685	103.726029	0.004662	12.9
1927	-0.677971	103.695338	0.004077	12.8
1928	-0.761239	103.664671	0.003263	13.3
1929	-0.000000	103.634028	0.000000	9.6
1930	-0.000000	103.603409	0.000000	15.4
1931	-0.163607	103.572814	0.001347	8.6
1932	-0.000000	103.542244	0.000000	16.0
1933	-0.575245	103.511698	0.003364	14.6
1934	-0.510112	103.481175	0.004331	12.8
1935	-0.000000	103.450677	0.000000	14.1
1936	-0.000000	103.420202	0.000000	14.0
1937	-0.406703	103.389752	0.004390	8.4
1938	-0.000000	103.359325	0.000000	8.8
1939	-0.000000	103.328922	0.000000	16.5
1940	-0.000000	103.298543	0.000000	13.2
1941	-0.117084	103.268188	0.001983	14.3
1942	-0.475050	103.237857	0.003116	14.5
1943	-0.000000	103.207549	0.000000	8.4
1944	-0.821351	103.177265	0.002565	11.0
1945	-0.000000	103.147005	0.000000	11.3
1946	-0.000000	103.116768	0.000000	13.6
1947	-0.000000	103.086556	0.000000	10.0
1948	-0.000000	103.056366	0.000000	8.3
1949	-0.328601	103.026200	0.001623	14.2
1950	-0.000000	102.996058	0.000000	14.6
1951	-0.000000	102.965939	0.000000	8.7
1952	-0.448855	102.935844	0.003762	9.8
1953	-0.524587	102.905772	0.003809	15.3
1954	-0.124175	102.875724	0.001183	13.7
1955	-0.000000	102.845699	0.000000	13.8
1956	-0.277934	102.815697	0.003058	10.8
1957	-0.481909	102.785719	0.005412	9.6
1958	-0.079203	102.755764	0.000808	9.1
1959	-0.589070	102.725832	0.004537	12.0
1960	-0.236068	102.695924	0.003496	18.1
1961	-0.000000	102.666038	0.000000	15.6
1962	-0.275275	102.636176	0.002979	10.0
1963	-0.232937	102.606337	0.003264	8.7
1964	-0.753608	102.576521	0.004542	9.6
1965	-0.000000	102.546728	0.000000	14.4
1966	-0.074970	102.516959	0.000609	14.8
1967	-0.000000	102.487212	0.000000	7.2
1968	-0.343852	102.457488	0.004606	8.9
1969	-0.020094	102.427788	0.000824	15.7
1970	-0.449473	102.398110	0.004080	18.0
1971	-0.203690	102.368455	0.001646	8.1
1972	-0.000000	102.338823	0.000000	11.7
1973	-0.453505	102.309214	0.004457	8.7
1974	-0.159166	102.279628	0.004474	11.2
1975	-0.000017	102.250064	0.000020	11.1
1976	-0.169831	102.220524	0.002271	12.6
1977	-0.000000	102.191006	0.000000	14.9
1978	-0.471949	102.161511	0.003539	15.7
1979	-0.138472	102.132038	0.002648	10.0
1980	-0.819081	102.102588	0.002704	11.1
1981	-0.000000	102.073161	0.000000	15.4
1982	-0.000000	102.043757	0.000000	7.4
1983	-0.775911	102.014375	0.005059	14.6
1984	-0.502961	101.985015	0.001906	13.5
1985	-0.774469	101.955678	0.003970	17.5
1986	-0.739069	101.926364	0.004035	15.4
1987	-0.000280	101.897072	0.000254	12.2
1988	-0.000000	101.867802	0.000000	13.1
1989	-0.000000	101.838555	0.000000	8.1
1990	-0.000000	101.809330	0.000000	8.6
1991	-0.437650	101.780128	0.002239	12.0
1992	-0.566143	101.750948	0.002857	12.0
1993	-0.451783	101.721790	0.004610	15.9
1994	-0.757477	101.692654	0.004321	10.6
1995	-0.748216	101.663541	0.003675	13.4
1996	-0.000000	101.634450	0.000000	7.9
1997	-0.333212	101.605381	0.002494	10.1
1998	-0.239881	101.576335	0.005632	13.8
1999	-0.000000	101.547310	0.000000	11.7
