1:ItNr	2:Metric	3a:Time	3b:StepSize	4:||Gradient||	Time[ms]
0	-0.551455	0.000000	406.370126	0.006836	1998.5
1	-0.512949	0.000000	406.370126	0.006190	5.7
2	-0.555007	0.999966	387.899358	0.007605	6.5
3	-0.481601	0.584405	395.367515	0.015434	7.1
4	-0.527906	1.584405	377.861297	0.010412	5.9
5	-0.498950	2.584405	361.839638	0.005648	6.5
6	-0.493030	3.569652	347.329814	0.010987	6.2
7	-0.505777	4.568580	333.760129	0.006005	6.7
8	-0.501217	4.127873	339.613812	0.013399	9.6
9	-0.513842	5.127873	326.615670	0.008215	8.1
10	-0.508167	6.127873	314.575814	0.011516	11.0
11	-0.512666	7.127873	303.392039	0.009530	7.9
12	-0.512126	8.127873	292.976172	0.005974	6.6
13	-0.524246	9.109955	283.420302	0.007692	9.2
14	-0.509228	10.108033	274.326978	0.003475	6.1
15	-0.544772	10.722168	269.016058	0.008440	6.4
16	-0.548010	10.624101	269.850283	0.011201	6.1
17	-0.506340	11.624101	261.578782	0.006625	5.8
18	-0.533789	12.624101	253.799279	0.010081	9.0
19	-0.515270	13.348030	248.450132	0.022458	11.2
20	-0.515646	14.348030	241.421448	0.022054	6.9
21	-0.525593	15.348030	234.779508	0.009923	9.6
22	-0.520771	16.348030	228.493246	0.009077	7.7
23	-0.520955	15.907399	231.221188	0.005830	11.3
24	-0.532426	15.585948	233.252738	0.012921	8.5
25	-0.531960	16.585947	227.046897	0.007505	8.0
26	-0.524724	17.585947	221.162711	0.009754	7.9
27	-0.518489	18.548782	215.778392	0.005513	6.0
28	-0.505728	19.548511	210.458349	0.005609	9.8
29	-0.516519	19.119072	212.711115	0.005741	7.7
30	-0.521379	20.118988	207.538488	0.013525	11.2
31	-0.532599	21.118988	202.611055	0.016547	6.3
32	-0.538544	22.118988	197.912172	0.009323	6.3
33	-0.528367	23.118988	193.426300	0.007237	7.9
34	-0.530344	23.079631	193.599005	0.004369	12.5
35	-0.541276	22.722141	195.181946	0.011356	10.5
36	-0.531246	22.297506	197.096171	0.006658	6.2
37	-0.532819	23.297495	192.646844	0.005917	10.3
38	-0.515259	22.856889	194.582259	0.010152	7.7
39	-0.510967	23.277946	192.731899	0.004952	10.8
40	-0.527021	22.837783	194.667068	0.007429	8.9
41	-0.513572	23.837743	190.325653	0.004672	6.2
42	-0.524894	23.397070	192.214772	0.007287	6.2
43	-0.533191	23.461378	191.936757	0.007402	11.2
44	-0.528082	23.020767	193.857882	0.006321	9.3
45	-0.533065	24.020766	189.551920	0.007894	6.1
46	-0.522514	23.583735	191.409999	0.008896	8.2
47	-0.532969	24.583734	187.210917	0.010868	16.9
48	-0.545161	25.583734	183.192113	0.014379	1.9
49	-0.533736	26.583734	179.342224	0.007594	6.1
50	-0.550873	27.583734	175.650819	0.009064	6.9
51	-0.540797	28.583623	172.108696	0.007412	6.1
52	-0.523973	29.559041	168.788260	0.004263	5.8
53	-0.517559	29.120236	170.266010	0.006026	5.9
54	-0.535801	28.741172	171.563563	0.007087	7.5
55	-0.537433	28.619613	171.983861	0.006759	6.2
56	-0.531682	29.559385	168.787112	0.011007	6.3
57	-0.527813	30.559377	165.513495	0.005385	9.9
58	-0.529842	31.559072	162.365359	0.012087	8.6
59	-0.505768	32.559054	159.333893	0.004285	6.2
60	-0.507508	32.206854	160.388596	0.008603	6.4
61	-0.507981	31.880365	161.378853	0.008190	10.5
62	-0.551715	31.462067	162.665582	0.010105	7.2
63	-0.518076	32.462067	159.622947	0.009460	5.7
64	-0.525892	32.021359	160.949717	0.007719	7.8
65	-0.541898	33.021359	157.970345	0.007976	5.5
66	-0.534695	33.350360	157.014096	0.007154	5.8
67	-0.532289	34.350322	154.177470	0.004262	6.1
68	-0.518031	33.910011	155.413784	0.005290	14.2
69	-0.528619	34.319088	154.264522	0.003330	8.6
70	-0.540366	34.653295	153.338137	0.007122	6.1
71	-0.516407	34.214599	154.556455	0.008761	8.4
72	-0.514377	35.182693	151.893265	0.004435	3.8
73	-0.520834	35.079919	152.171629	0.005327	3.7
74	-0.532386	34.674815	153.278867	0.015279	4.3
75	-0.503111	35.674815	150.574335	0.003879	4.3
76	-0.518303	36.673729	147.966376	0.009812	3.4
77	-0.509090	37.503530	145.867654	0.006569	3.4
78	-0.534435	38.503525	143.416253	0.013439	4.5
79	-0.515543	39.503525	141.045875	0.004758	3.5
80	-0.528364	40.503525	138.752577	0.006292	3.9
81	-0.522165	40.089777	139.692319	0.004103	3.4
82	-0.536806	40.965366	137.718426	0.009826	5.6
83	-0.509759	40.536919	138.677282	0.008778	7.9
84	-0.524615	41.536795	136.460026	0.007157	6.2
85	-0.543743	42.536785	134.312314	0.005155	10.0
86	-0.526746	43.532301	132.240327	0.003328	4.1
87	-0.521316	44.494152	130.298239	0.004424	4.3
88	-0.521876	44.096840	131.093501	0.009768	3.9
89	-0.539252	43.867537	131.556909	0.006420	10.3
90	-0.532694	44.867537	129.559614	0.007483	12.0
91	-0.508763	44.428153	130.429673	0.007050	14.7
92	-0.519092	45.427320	128.467815	0.005845	2.6
93	-0.537518	45.074440	129.153916	0.007817	15.8
94	-0.508446	46.027455	127.317569	0.009984	4.3
95	-0.505794	45.649919	128.038755	0.004317	6.2
96	-0.520005	45.229711	128.851123	0.010635	9.3
97	-0.532655	46.146243	127.092332	0.004313	5.4
98	-0.551826	47.146240	125.227344	0.005135	5.9
99	-0.523305	46.979193	125.535069	0.005187	7.1
100	-0.536093	46.541346	126.348869	0.007720	9.1
101	-0.530327	47.535680	124.515765	0.004855	9.7
102	-0.513388	48.531377	122.732685	0.003576	6.4
103	-0.532047	48.547257	122.704662	0.008741	10.8
104	-0.533753	49.538955	120.979573	0.011575	2.1
105	-0.504337	50.538095	119.289907	0.007688	6.4
106	-0.556833	51.538095	117.645393	0.008905	5.9
107	-0.529523	52.378688	116.297701	0.005927	5.9
108	-0.520411	53.378357	114.734622	0.010521	11.3
109	-0.523946	54.378357	113.212505	0.008143	6.6
110	-0.503632	54.085046	113.654757	0.010463	14.1
111	-0.508451	55.085036	112.160985	0.008313	1.6
112	-0.507271	54.665495	112.782883	0.006705	5.4
113	-0.529524	55.664115	111.313782	0.012055	11.0
114	-0.504379	56.664108	109.880520	0.004604	7.3
115	-0.525088	57.664108	108.483689	0.009049	12.4
116	-0.518314	57.223405	109.094876	0.007160	9.3
117	-0.529091	58.221142	107.720899	0.007720	5.6
118	-0.528916	59.127137	106.502902	0.011343	8.5
119	-0.523367	58.686874	107.091322	0.006278	9.7
120	-0.534072	59.686874	105.764076	0.007757	5.6
121	-0.506725	60.684515	104.472342	0.006877	8.1
122	-0.495755	61.679427	103.215189	0.011560	6.0
123	-0.518023	61.240039	103.766642	0.010203	6.6
124	-0.506944	62.240039	102.520046	0.013306	15.3
125	-0.521676	61.799331	103.065719	0.005720	2.4
126	-0.521731	62.621470	102.052412	0.008037	11.5
127	-0.520726	62.181132	102.592648	0.009193	11.6
128	-0.521425	61.746642	103.131347	0.009796	4.9
129	-0.522318	62.746642	101.899879	0.010143	5.9
130	-0.506982	63.746642	100.697473	0.007074	11.1
131	-0.553832	64.746642	99.523112	0.007386	4.6
132	-0.521473	65.727974	98.397002	0.009369	9.8
133	-0.524052	65.287266	98.899560	0.010657	2.8
134	-0.518634	66.287266	97.766525	0.002276	6.0
135	-0.509768	65.870115	98.236001	0.013003	11.4
136	-0.516771	65.491941	98.665524	0.005642	5.8
137	-0.514927	66.491716	97.538064	0.009182	8.3
138	-0.553625	66.052511	98.030172	0.008092	6.7
139	-0.521951	67.048927	96.920802	0.005887	5.9
140	-0.529869	66.608221	97.408355	0.005175	11.3
141	-0.551158	67.596184	96.322124	0.007873	6.2
142	-0.512844	68.532119	95.315210	0.007883	9.5
143	-0.528788	69.531986	94.262514	0.004455	8.2
144	-0.525343	70.222482	93.549007	0.009223	6.4
145	-0.529219	70.875828	92.883763	0.011725	11.2
146	-0.542671	71.875790	91.883715	0.006392	11.4
147	-0.508330	72.875790	90.904936	0.007770	9.5
148	-0.533804	72.439210	91.329674	0.003805	6.6
149	-0.531998	73.438348	90.363425	0.018547	9.2
150	-0.523136	74.438076	89.416855	0.003667	11.0
151	-0.506554	75.438018	88.489714	0.004258	12.3
152	-0.531272	75.189455	88.718380	0.007123	8.1
153	-0.535038	76.144855	87.845852	0.004229	11.6
154	-0.531277	75.704246	88.246101	0.009293	5.8
155	-0.504516	75.271369	88.642893	0.006507	6.9
156	-0.533054	76.249178	87.751617	0.006144	5.9
157	-0.531029	75.832346	88.129360	0.005881	6.4
158	-0.535713	76.401997	87.613940	0.007411	11.1
159	-0.528996	75.961454	88.012012	0.005550	5.3
160	-0.514294	76.961425	87.113603	0.006295	14.4
161	-0.534252	77.159827	86.937527	0.005425	6.7
162	-0.526354	78.119393	86.095893	0.012545	11.0
163	-0.542949	77.678685	86.480405	0.002526	6.7
164	-0.525738	77.238592	86.867823	0.017909	15.3
165	-0.529731	78.189187	86.035312	0.005745	2.6
166	-0.538275	79.189187	85.176583	0.007928	7.3
167	-0.507126	80.188967	84.335011	0.008656	6.3
168	-0.514850	81.188276	83.510291	0.010227	5.9
169	-0.509210	82.177255	82.709824	0.004841	7.6
170	-0.509358	83.176949	81.916132	0.005376	11.6
171	-0.540411	82.736537	82.263905	0.015227	6.0
172	-0.507185	82.295829	82.614882	0.003602	6.0
173	-0.493498	83.291994	81.825769	0.010526	12.6
174	-0.518803	82.859735	82.166324	0.006738	7.1
175	-0.537558	83.839498	81.398450	0.012074	10.4
176	-0.512824	84.834461	80.633213	0.009662	8.7
177	-0.528100	85.834461	79.878464	0.011069	8.0
178	-0.522839	85.393752	80.209340	0.013025	6.5
179	-0.500912	86.393752	79.462468	0.007541	16.9
180	-0.531523	87.393752	78.729377	0.016448	7.6
181	-0.527555	88.393752	78.009689	0.005715	8.7
182	-0.534016	88.057179	78.250444	0.006084	6.1
183	-0.542197	87.622896	78.563295	0.009812	16.6
184	-0.513191	88.622770	77.846716	0.005850	8.4
185	-0.507357	89.622741	77.143023	0.006209	11.2
186	-0.510346	89.492858	77.233703	0.006289	9.5
187	-0.523592	89.052161	77.542981	0.007422	11.7
188	-0.516129	90.043490	76.850725	0.009212	6.4
189	-0.531576	89.618788	77.145779	0.005337	9.8
190	-0.525996	90.618787	76.454626	0.006080	5.8
191	-0.559638	91.586677	75.797358	0.005466	6.5
192	-0.511541	91.327945	75.971946	0.007900	6.1
193	-0.516660	90.887287	76.271155	0.010767	12.1
194	-0.526060	91.887287	75.595515	0.008169	11.5
195	-0.542391	91.465584	75.878970	0.006857	9.9
196	-0.519975	91.030849	76.173418	0.007104	7.1
197	-0.523357	90.595760	76.470402	0.004911	8.7
198	-0.528523	90.343639	76.643558	0.007699	6.9
199	-0.512113	89.903041	76.948049	0.003213	9.0
200	-0.528873	89.636376	77.133515	0.007270	11.3
201	-0.530012	89.392263	77.304083	0.009144	6.6
202	-0.532100	88.952696	77.613128	0.005782	10.0
203	-0.519206	88.511998	77.925458	0.014619	6.3
204	-0.506835	89.511998	77.220327	0.008719	6.4
205	-0.541561	90.511998	76.527843	0.008905	13.7
206	-0.535944	91.511998	75.847668	0.007932	5.9
207	-0.508796	92.508577	75.181743	0.007118	7.3
208	-0.524050	92.369382	75.274051	0.009087	11.1
209	-0.532930	91.928966	75.567615	0.007430	11.2
210	-0.523482	92.928922	74.904357	0.005989	6.9
211	-0.511560	93.927861	74.253297	0.008080	5.8
212	-0.534037	94.882453	73.641629	0.015440	6.3
213	-0.500331	94.441745	73.922762	0.006687	8.7
214	-0.528919	95.274982	73.393025	0.007749	5.9
215	-0.525737	94.961568	73.591387	0.008830	7.4
216	-0.516369	94.520860	73.872136	0.010975	7.9
217	-0.526568	95.520851	73.238159	0.007767	5.9
218	-0.529893	96.520851	72.614966	0.007292	8.2
219	-0.520159	96.904070	72.378949	0.005433	10.3
220	-0.524962	96.463837	72.650212	0.008549	9.9
221	-0.509990	96.023136	72.923808	0.006760	4.3
222	-0.524368	97.023135	72.305931	0.005111	6.2
223	-0.528888	97.935734	71.751124	0.005361	6.4
224	-0.530981	97.508488	72.009801	0.011552	5.9
225	-0.501928	97.067780	72.278590	0.007335	6.7
226	-0.537413	98.067780	71.671552	0.008084	8.0
227	-0.525879	97.627076	71.937815	0.007959	11.2
228	-0.524179	98.626627	71.336732	0.012910	1.6
229	-0.514306	99.626432	70.745462	0.010933	12.5
230	-0.527648	99.185724	71.004878	0.005833	4.9
231	-0.533890	98.745341	71.266010	0.005638	11.5
232	-0.534978	98.334709	71.511237	0.005988	8.2
233	-0.534044	99.245474	70.969596	0.005750	12.6
234	-0.527047	98.804767	71.230660	0.006347	3.1
235	-0.507471	98.604796	71.349753	0.011219	7.9
236	-0.516872	98.164088	71.613628	0.008708	6.3
237	-0.527003	97.723379	71.879462	0.011819	11.5
238	-0.517351	98.719302	71.281510	0.013171	9.5
239	-0.534550	99.719302	70.691037	0.007128	6.7
240	-0.508211	100.719302	70.110266	0.010070	9.2
241	-0.519968	100.283136	70.362401	0.011474	13.7
242	-0.519215	99.842444	70.619001	0.005109	4.2
243	-0.515129	99.401854	70.877419	0.009024	11.5
244	-0.500801	98.965392	71.135287	0.010121	10.0
245	-0.522724	98.525486	71.397096	0.007714	8.0
246	-0.517848	98.850620	71.203408	0.012646	6.0
247	-0.519617	98.409917	71.466197	0.010349	6.3
248	-0.528925	99.409917	70.872673	0.007800	11.6
249	-0.547084	98.972578	71.131027	0.008258	3.8
250	-0.519278	99.972578	70.543034	0.009270	6.1
251	-0.521784	99.531870	70.800965	0.010425	6.0
252	-0.540783	99.091287	71.060714	0.007695	5.8
253	-0.537054	100.091287	70.473878	0.012352	10.4
254	-0.520857	99.650579	70.731303	0.007323	10.7
255	-0.530199	99.209871	70.990615	0.004345	8.6
256	-0.517174	100.153092	70.437927	0.008211	11.2
257	-0.501725	99.712779	70.694857	0.008941	6.4
258	-0.521123	99.272071	70.953901	0.004975	6.2
259	-0.523190	100.268870	70.370679	0.007692	6.1
260	-0.528855	101.268860	69.795144	0.004947	7.3
261	-0.511855	101.111668	69.884990	0.005811	5.9
262	-0.518485	100.753310	70.090683	0.005443	7.2
263	-0.552862	100.327366	70.336750	0.008436	10.8
264	-0.530454	99.886716	70.593138	0.006549	8.8
265	-0.525187	100.009036	70.521780	0.006384	4.5
266	-0.530332	99.716653	70.692588	0.009624	7.4
267	-0.531892	99.305654	70.934094	0.005446	7.9
268	-0.512293	100.305561	70.349394	0.011554	8.0
269	-0.512199	101.304111	69.775027	0.004411	7.9
270	-0.514364	100.871479	70.022722	0.009033	5.9
271	-0.528076	100.791732	70.068571	0.009618	11.6
272	-0.545345	100.351024	70.323038	0.006461	5.6
273	-0.513094	99.910403	70.579309	0.004628	3.5
274	-0.511843	100.432568	70.275815	0.005967	3.7
275	-0.527450	100.132508	70.449896	0.005830	5.5
276	-0.514961	100.977607	69.961797	0.006431	11.2
277	-0.501227	101.977581	69.392914	0.005170	5.6
278	-0.509048	102.077816	69.336399	0.004275	10.5
279	-0.521979	102.946168	68.850637	0.004091	11.8
280	-0.519832	102.877385	68.888866	0.010242	17.5
281	-0.511706	103.250093	68.682223	0.008591	7.2
282	-0.516790	104.238300	68.140278	0.008101	2.3
283	-0.533229	105.238300	67.600503	0.010515	5.9
284	-0.539760	106.238300	67.069213	0.009428	5.7
285	-0.536627	107.238300	66.546208	0.005626	6.0
286	-0.509243	108.228217	66.036450	0.006347	8.7
287	-0.528878	107.787513	66.262423	0.006766	6.1
288	-0.523276	107.709873	66.302394	0.006169	6.3
289	-0.534116	108.285290	66.007298	0.008082	6.0
290	-0.533528	109.283555	65.501534	0.009841	6.6
291	-0.531678	110.283555	65.002602	0.008443	6.3
292	-0.523923	109.842846	65.221545	0.005361	12.4
293	-0.529421	110.842065	64.727237	0.012385	11.0
294	-0.531764	110.401985	64.944016	0.003855	6.4
295	-0.526935	111.380500	64.463970	0.008337	6.3
296	-0.547549	112.303115	64.017804	0.006436	10.4
297	-0.520929	113.303115	63.541137	0.008989	4.1
298	-0.542438	114.164565	63.136167	0.011619	11.3
299	-0.526440	115.164565	62.672492	0.009402	5.9
300	-0.541201	114.723857	62.875996	0.006724	6.6
301	-0.548367	115.723857	62.416120	0.008304	5.8
302	-0.549364	115.283157	62.617955	0.003590	6.2
303	-0.540907	116.116090	62.237573	0.005368	11.2
304	-0.512046	117.060976	61.811620	0.006395	9.9
305	-0.530771	118.059245	61.367891	0.009034	10.8
306	-0.532479	119.059245	60.929735	0.007560	5.8
307	-0.531907	120.059226	60.497799	0.007002	11.0
308	-0.529403	121.059186	60.071952	0.007942	7.2
309	-0.518626	120.618478	60.258893	0.008333	9.2
310	-0.518172	121.618476	59.836375	0.010536	6.0
311	-0.529665	121.177768	60.021850	0.006045	11.0
312	-0.531386	120.737060	60.208478	0.004881	6.7
313	-0.534058	121.144417	60.035933	0.003558	9.7
314	-0.522334	120.878980	60.148252	0.005908	6.3
315	-0.500173	120.444484	60.333018	0.010127	11.3
316	-0.541055	120.003780	60.521588	0.010045	5.8
317	-0.527809	121.003780	60.095391	0.008884	7.1
318	-0.540676	120.563072	60.282477	0.008537	16.3
319	-0.541673	120.122792	60.470549	0.008520	6.8
320	-0.528064	121.122792	60.045068	0.003684	6.2
321	-0.527190	120.683856	60.231087	0.007743	10.8
322	-0.539318	121.221424	60.003426	0.008651	8.7
323	-0.516683	120.781664	60.189536	0.009970	8.5
324	-0.501364	120.340969	60.377205	0.006802	5.8
325	-0.542336	119.902785	60.564968	0.011878	9.5
326	-0.541914	120.902664	60.138213	0.007442	5.9
327	-0.523039	121.902664	59.717380	0.008436	16.5
328	-0.539306	121.482449	59.893501	0.008804	2.1
329	-0.521497	121.183980	60.019227	0.007215	7.3
330	-0.531610	120.789657	60.186144	0.008117	6.0
331	-0.536057	120.475810	60.319659	0.004459	11.7
332	-0.554893	121.468880	59.899205	0.009646	7.0
333	-0.524598	122.336722	59.536541	0.005756	7.2
334	-0.512997	121.896063	59.720138	0.006531	7.9
335	-0.520506	122.364874	59.524850	0.005131	5.5
336	-0.535069	121.927209	59.707124	0.009585	6.0
337	-0.542046	121.653673	59.821612	0.005691	5.3
338	-0.524934	122.653673	59.405182	0.003373	13.0
339	-0.549088	122.608167	59.424007	0.007771	5.8
340	-0.519502	122.217268	59.586199	0.008103	16.0
341	-0.517671	121.776559	59.770124	0.010372	8.1
342	-0.511090	122.758531	59.361852	0.004707	11.0
343	-0.510672	122.317822	59.544392	0.013889	6.1
344	-0.523931	123.317822	59.131800	0.007927	10.5
345	-0.516099	124.317822	58.724887	0.010378	6.2
346	-0.528234	123.882011	58.901534	0.006838	5.9
347	-0.530054	124.427202	58.680718	0.005387	11.1
348	-0.503452	123.986738	58.858988	0.006165	9.9
349	-0.542690	123.549494	59.037029	0.009758	6.2
350	-0.551782	124.549494	58.631414	0.008944	8.3
351	-0.523539	125.535009	58.237091	0.006046	12.0
352	-0.526278	126.535008	57.842357	0.012991	4.1
353	-0.530937	126.094311	58.015654	0.010413	10.6
354	-0.517908	125.653603	58.189996	0.007519	5.6
355	-0.521423	126.567117	57.829771	0.009220	8.9
356	-0.505588	126.126672	58.002893	0.010901	10.1
357	-0.534346	125.685965	58.177159	0.003539	5.6
358	-0.521613	126.360208	57.910971	0.008224	6.2
359	-0.517645	127.351510	57.524003	0.003853	5.9
360	-0.532825	128.274634	57.168270	0.005854	11.2
361	-0.537004	129.262532	56.792419	0.004053	11.4
362	-0.530492	129.318053	56.771442	0.007578	5.0
363	-0.509755	130.314240	56.397684	0.009631	7.9
364	-0.525890	129.875611	56.561644	0.007122	11.3
365	-0.520479	130.875611	56.189223	0.005006	11.3
366	-0.529940	130.434940	56.352732	0.006287	9.4
367	-0.541630	131.410610	55.991985	0.006425	4.7
368	-0.524792	130.971876	56.153631	0.004201	6.1
369	-0.516820	131.965238	55.788967	0.006539	11.1
370	-0.538882	131.526879	55.949304	0.003041	5.6
371	-0.533844	131.094113	56.108501	0.008186	10.1
372	-0.503965	132.089506	55.743682	0.004525	11.1
373	-0.514517	133.066746	55.390101	0.013142	8.6
374	-0.501973	134.048279	55.039454	0.008420	6.3
375	-0.529989	135.048279	54.686746	0.004957	9.9
376	-0.535641	135.587765	54.498336	0.004215	7.5
377	-0.531652	135.191267	54.636682	0.008196	5.7
378	-0.521933	136.187861	54.290278	0.008615	9.8
379	-0.529408	137.185710	53.947810	0.010914	6.8
380	-0.521226	137.815498	53.733878	0.009297	9.1
381	-0.496781	138.815498	53.397654	0.009248	11.5
382	-0.501717	139.815495	53.065612	0.006691	8.1
383	-0.536171	140.746989	52.760009	0.003929	11.2
384	-0.543210	140.945753	52.695254	0.009905	9.4
385	-0.488668	140.556950	52.822071	0.006051	14.9
386	-0.529667	140.123592	52.964141	0.005656	6.7
387	-0.514541	139.682989	53.109372	0.007843	12.5
388	-0.496378	140.426869	52.864636	0.004376	11.1
389	-0.528482	140.110475	52.968453	0.003630	11.5
390	-0.506631	140.525413	52.832384	0.005412	6.1
391	-0.504679	140.103222	52.970838	0.005557	11.3
392	-0.517079	139.843752	53.056289	0.006038	11.6
393	-0.512725	140.183769	52.944367	0.007638	4.7
394	-0.518074	140.002613	53.003939	0.008205	11.5
395	-0.523341	139.562532	53.149216	0.005530	10.9
396	-0.502239	140.543951	52.826321	0.006789	4.9
397	-0.514135	140.104010	52.970579	0.004779	5.7
398	-0.540068	139.831338	53.060384	0.003603	5.8
399	-0.511626	140.311593	52.902414	0.010606	11.1
400	-0.539895	139.871647	53.047089	0.007020	10.9
401	-0.553982	140.871647	52.719378	0.004115	6.4
402	-0.504048	140.504105	52.839354	0.007292	6.4
403	-0.497506	140.063693	52.983838	0.005226	6.0
404	-0.542662	140.335717	52.894503	0.004933	6.2
405	-0.526649	139.895182	53.039330	0.017389	11.4
406	-0.529960	139.454474	53.185009	0.007641	6.4
407	-0.520571	140.454474	52.855597	0.008307	11.1
408	-0.533501	140.028961	52.995266	0.003481	11.0
409	-0.532923	140.593379	52.810163	0.004884	6.4
410	-0.514159	140.886530	52.714532	0.006312	6.2
411	-0.519335	141.698715	52.451383	0.006429	6.6
412	-0.542303	142.394492	52.228031	0.013995	5.9
413	-0.521243	143.391956	51.911133	0.004270	5.7
414	-0.517363	144.381419	51.600553	0.006585	10.6
415	-0.527719	145.239399	51.334236	0.008295	5.6
416	-0.523690	144.798852	51.470638	0.003462	11.2
417	-0.549159	144.364108	51.605954	0.006848	5.9
418	-0.510597	144.051624	51.703657	0.006383	6.1
419	-0.528120	145.047862	51.393451	0.005157	6.6
420	-0.512944	144.642225	51.519307	0.005559	17.9
421	-0.536993	144.217341	51.651797	0.008384	1.5
422	-0.529472	145.217329	51.341053	0.007501	10.0
423	-0.534318	144.881212	51.445083	0.011549	12.2
424	-0.530819	145.881212	51.136809	0.006647	7.1
425	-0.532682	146.881212	50.832208	0.008986	6.8
426	-0.521162	147.881201	50.531217	0.006651	8.1
427	-0.508336	148.881200	50.233767	0.006217	8.0
428	-0.508883	149.844462	49.950537	0.004787	7.9
429	-0.518818	149.513090	50.047610	0.012328	7.9
430	-0.518273	149.072938	50.177134	0.003608	8.0
431	-0.526181	150.072917	49.883832	0.006092	12.1
432	-0.549443	149.638194	50.010918	0.011278	7.8
433	-0.523546	150.638194	49.719544	0.006972	8.0
434	-0.514760	151.620192	49.436700	0.002780	7.5
435	-0.536842	151.305444	49.527005	0.009496	8.4
436	-0.514938	152.217153	49.266326	0.003709	7.9
437	-0.522669	151.880889	49.362152	0.008298	11.2
438	-0.516081	151.445898	49.486666	0.011079	10.0
439	-0.513673	151.602485	49.441771	0.011081	10.7
440	-0.541249	152.602485	49.156973	0.007455	6.0
441	-0.517678	152.161813	49.282070	0.004769	9.9
442	-0.542425	151.721963	49.407571	0.005098	7.9
443	-0.529977	152.599690	49.157764	0.008303	11.8
444	-0.530041	152.979474	49.050457	0.008566	5.9
445	-0.526695	152.538952	49.174969	0.005213	10.2
446	-0.519354	153.329996	48.951832	0.007582	11.4
447	-0.534181	154.328971	48.672918	0.004835	9.8
448	-0.513997	153.888386	48.795537	0.014958	2.6
449	-0.524194	153.447677	48.918809	0.005462	8.2
450	-0.523407	154.447677	48.639986	0.006797	5.8
451	-0.498879	154.482226	48.630410	0.006907	11.5
452	-0.521234	154.216773	48.704085	0.010939	11.7
453	-0.514664	155.216772	48.427698	0.007583	7.9
454	-0.533441	156.166532	48.168085	0.007441	12.3
455	-0.531514	155.725823	48.288204	0.005704	4.2
456	-0.542754	156.725821	48.016504	0.004278	7.3
457	-0.521521	157.268617	47.870303	0.004200	6.2
458	-0.514423	157.755270	47.739978	0.008805	6.0
459	-0.508802	158.721127	47.483414	0.004843	5.9
460	-0.539082	158.283554	47.599305	0.007622	7.4
461	-0.516897	158.817608	47.457937	0.004584	6.2
462	-0.526926	158.376976	47.574515	0.004485	5.8
463	-0.509165	157.954352	47.686868	0.008877	7.9
464	-0.536426	158.686661	47.492522	0.008173	7.9
465	-0.500602	159.364189	47.314119	0.007044	6.0
466	-0.512769	158.923483	47.430010	0.005149	5.9
467	-0.546547	159.918140	47.169248	0.005467	11.6
468	-0.513752	159.535362	47.269258	0.006543	8.0
469	-0.532077	160.507732	47.016028	0.004210	6.3
470	-0.519409	161.028927	46.881409	0.013886	6.5
471	-0.525565	160.593227	46.993893	0.005538	10.8
472	-0.542134	161.593227	46.736523	0.007940	12.2
473	-0.518124	161.309108	46.809360	0.005090	7.8
474	-0.504955	160.891551	46.916817	0.005747	5.8
475	-0.527286	161.804796	46.682433	0.007644	6.0
476	-0.509221	161.364096	46.795245	0.010431	8.0
477	-0.528808	160.923389	46.908606	0.010249	5.9
478	-0.550412	161.191261	46.839638	0.005586	10.1
479	-0.523748	160.780276	46.945537	0.010840	9.0
480	-0.511054	160.340957	47.059268	0.012128	13.9
481	-0.526296	159.900249	47.173913	0.006826	8.1
482	-0.536100	160.900249	46.914574	0.003895	6.1
483	-0.531510	160.576876	46.998125	0.011314	6.0
484	-0.534493	161.473480	46.767194	0.005804	6.1
485	-0.536344	161.032772	46.880419	0.005406	6.2
486	-0.551635	160.592556	46.994066	0.004783	11.3
487	-0.529299	161.514906	46.756579	0.004471	11.2
488	-0.527847	162.332268	46.548121	0.006903	4.8
489	-0.528443	163.331139	46.295882	0.010141	6.7
490	-0.527548	162.896898	46.405202	0.006578	6.9
491	-0.564718	163.896898	46.154223	0.002881	11.3
492	-0.537769	164.054884	46.114820	0.011236	4.4
493	-0.530953	163.620107	46.223419	0.007423	5.8
494	-0.509969	163.179399	46.334024	0.005114	6.0
495	-0.521407	164.178919	46.083932	0.012328	6.0
496	-0.533477	163.738246	46.193860	0.007454	7.9
497	-0.522167	164.738246	45.945156	0.005380	11.5
498	-0.535866	165.019471	45.875696	0.006678	10.9
499	-0.532178	166.019153	45.630474	0.004338	3.0
500	-0.519610	165.597997	45.733463	0.005700	7.2
501	-0.529256	165.931433	45.651887	0.010095	6.0
502	-0.518352	165.490741	45.759766	0.007112	11.3
503	-0.521235	166.490741	45.515702	0.006553	5.5
504	-0.552672	167.475419	45.277908	0.011982	6.7
505	-0.510034	167.156811	45.354577	0.004977	6.9
506	-0.543616	166.728212	45.458125	0.010228	6.8
507	-0.505320	166.452481	45.524992	0.005956	6.4
508	-0.516272	166.011783	45.632272	0.005708	5.9
509	-0.550023	167.009619	45.390085	0.004634	10.7
510	-0.520631	166.572271	45.495918	0.008103	8.4
511	-0.508546	167.572247	45.254659	0.006435	6.8
512	-0.526349	167.219508	45.339470	0.014885	12.7
513	-0.519761	166.778800	45.445879	0.008254	10.2
514	-0.507634	167.778800	45.205143	0.012938	9.6
515	-0.536294	168.778800	44.966944	0.006348	7.8
516	-0.536491	168.338091	45.071610	0.007480	11.5
517	-0.522314	168.805753	44.960558	0.008525	6.1
518	-0.537089	169.805660	44.724945	0.008519	10.1
519	-0.534129	169.364952	44.828486	0.006647	6.1
520	-0.503128	170.364952	44.594230	0.012896	15.7
521	-0.523620	169.925096	44.696967	0.005866	7.0
522	-0.532987	169.484388	44.800378	0.006328	11.6
523	-0.526039	169.043681	44.904269	0.005991	6.0
524	-0.520328	168.646914	44.998215	0.008636	6.0
525	-0.536622	169.646914	44.762186	0.004552	16.8
526	-0.545519	169.215707	44.863659	0.007234	7.0
527	-0.529336	170.215522	44.629079	0.008910	9.0
528	-0.518480	171.215522	44.396897	0.003459	9.3
529	-0.521062	172.206499	44.169180	0.005041	5.5
530	-0.551706	172.547705	44.091314	0.010354	6.9
531	-0.510594	173.506262	43.874025	0.009601	6.0
532	-0.541769	174.505999	43.649672	0.009467	5.8
533	-0.520634	175.505999	43.427543	0.007472	6.5
534	-0.528280	175.065290	43.525157	0.005793	7.6
535	-0.533771	174.625059	43.623106	0.009174	8.2
536	-0.504969	175.625058	43.401247	0.005607	7.7
537	-0.522703	176.625053	43.181634	0.004936	5.8
538	-0.509816	176.201236	43.274438	0.008975	10.1
539	-0.514467	175.760529	43.371365	0.007415	11.1
540	-0.513759	175.319821	43.468727	0.004562	6.2
541	-0.509240	174.891393	43.563796	0.010553	6.3
542	-0.522348	175.891117	43.342598	0.008960	6.4
543	-0.511012	175.450409	43.439831	0.010479	5.9
544	-0.516824	176.450409	43.219828	0.010786	8.1
545	-0.498693	176.009703	43.316509	0.010452	6.4
546	-0.517756	175.568995	43.413625	0.007791	13.3
547	-0.509145	176.532390	43.201890	0.012484	8.0
548	-0.553868	176.091682	43.298492	0.005705	7.9
549	-0.520281	177.091633	43.079925	0.003577	8.1
550	-0.537418	178.079917	42.866065	0.009263	7.8
551	-0.511469	178.566901	42.761463	0.008021	7.6
552	-0.508262	178.126206	42.856100	0.008653	9.0
553	-0.521886	179.024654	42.663604	0.005998	7.3
554	-0.546014	178.583947	42.757811	0.008382	8.0
555	-0.520856	179.583907	42.544653	0.005412	6.1
556	-0.516420	180.546815	42.341392	0.008596	6.2
557	-0.531109	181.546812	42.132347	0.002450	5.8
558	-0.500371	182.186211	41.999763	0.004048	9.7
559	-0.525962	181.845431	42.070322	0.006068	6.6
560	-0.542001	181.481808	42.145873	0.008011	13.4
561	-0.541945	182.476991	41.939743	0.005867	8.3
562	-0.514808	182.107254	42.016090	0.003360	5.8
563	-0.528877	182.915618	41.849529	0.006283	6.5
564	-0.531255	182.486527	41.937777	0.014048	6.3
565	-0.523082	182.045823	42.028802	0.008860	12.5
566	-0.554079	183.045823	41.822824	0.005864	7.5
567	-0.526879	182.701538	41.893511	0.009731	6.1
568	-0.526592	182.284229	41.979512	0.004851	6.1
569	-0.527571	181.874132	42.064370	0.011164	11.7
570	-0.510573	182.873853	41.858102	0.004790	7.9
571	-0.529167	182.440373	41.947291	0.011477	8.1
572	-0.509875	183.288067	41.773231	0.006594	5.9
573	-0.541605	182.847359	41.863543	0.005213	12.5
574	-0.497133	182.411911	41.953161	0.006319	2.4
575	-0.517027	183.411755	41.747954	0.004923	6.8
576	-0.529331	184.410029	41.545063	0.003402	6.5
577	-0.493469	185.124097	41.401140	0.006857	8.4
578	-0.541920	184.705321	41.485425	0.009021	5.9
579	-0.508744	185.705282	41.284734	0.007346	12.2
580	-0.522240	186.705185	41.085988	0.007372	5.9
581	-0.520819	186.430276	41.140439	0.009862	5.9
582	-0.514967	185.989568	41.228032	0.008913	5.9
583	-0.515080	186.989568	41.029811	0.006550	6.8
584	-0.494063	186.548860	41.116933	0.004327	5.9
585	-0.539671	186.443246	41.137867	0.003385	10.0
586	-0.537307	186.511815	41.124273	0.007212	5.8
587	-0.524013	186.687564	41.089473	0.004188	5.9
588	-0.525717	186.248776	41.176468	0.010613	5.7
589	-0.528900	187.235400	40.981373	0.004741	11.9
590	-0.518875	186.830748	41.061165	0.007830	6.8
591	-0.521613	187.811703	40.868268	0.009680	4.7
592	-0.538101	187.370995	40.954705	0.005669	5.4
593	-0.536316	187.215365	40.985317	0.007130	8.6
594	-0.524900	186.774924	41.072197	0.004803	8.2
595	-0.523964	187.617855	40.906243	0.003866	7.9
596	-0.516047	187.769060	40.876616	0.017637	16.2
597	-0.498919	188.769057	40.681751	0.004194	2.1
598	-0.525331	188.330375	40.767006	0.007796	5.9
599	-0.519551	187.889754	40.852998	0.008153	11.2
600	-0.504990	188.889745	40.658359	0.007017	11.2
601	-0.516386	188.449037	40.743910	0.004062	8.0
602	-0.527558	189.446912	40.550715	0.007389	11.5
603	-0.530505	190.437741	40.360688	0.004257	7.8
604	-0.544388	191.388592	40.179995	0.008271	9.2
605	-0.530301	191.021991	40.249469	0.006812	5.9
606	-0.527847	190.581287	40.333305	0.010947	5.9
607	-0.536202	191.581287	40.143574	0.003815	5.5
608	-0.556083	191.140755	40.226936	0.015808	10.4
609	-0.515677	190.700950	40.310507	0.004070	6.0
610	-0.527846	190.260510	40.394547	0.004073	6.2
611	-0.527024	190.079316	40.429223	0.009773	7.2
612	-0.506820	189.869168	40.469513	0.008898	5.6
613	-0.532943	190.869146	40.278506	0.005939	11.1
614	-0.535469	191.868460	40.089418	0.006861	6.8
615	-0.526605	192.868425	39.901975	0.007301	7.4
616	-0.544703	192.427741	39.984365	0.006475	6.3
617	-0.513438	193.427693	39.797904	0.008857	6.0
618	-0.544262	192.986985	39.879868	0.006309	7.5
619	-0.515306	193.817874	39.725617	0.006567	11.0
620	-0.526370	194.811634	39.542690	0.005888	5.0
621	-0.505351	194.373624	39.623109	0.008599	6.2
622	-0.543934	195.373624	39.439986	0.006392	11.3
623	-0.514453	194.959636	39.515591	0.005019	6.7
624	-0.532291	195.959340	39.333511	0.005585	7.4
625	-0.522978	196.380377	39.257327	0.009167	6.2
626	-0.515232	197.380255	39.077583	0.004815	11.2
627	-0.525486	198.380211	38.899464	0.005396	6.0
628	-0.507594	199.361625	38.726219	0.008306	13.2
629	-0.549769	198.920948	38.803819	0.004222	7.4
630	-0.539059	198.573871	38.865156	0.008088	6.3
631	-0.528393	198.133166	38.943318	0.012295	10.6
632	-0.536478	199.133044	38.766432	0.004249	8.5
633	-0.521573	200.132969	38.591137	0.010919	6.9
634	-0.542410	199.708262	38.665397	0.005438	7.1
635	-0.514369	199.267554	38.742758	0.006891	9.9
636	-0.511321	200.254894	38.569871	0.011082	7.7
637	-0.544690	199.836385	38.642965	0.004456	7.9
638	-0.521741	200.836379	38.468770	0.004851	11.9
639	-0.507615	200.408500	38.543112	0.005137	10.8
640	-0.513028	201.336308	38.382272	0.004082	5.8
641	-0.548079	202.222441	38.229905	0.007383	5.9
642	-0.527989	202.243128	38.226362	0.005969	9.1
643	-0.501620	203.240189	38.056392	0.009525	6.7
644	-0.529625	204.135896	37.904984	0.009130	11.0
645	-0.528585	205.135851	37.737372	0.005998	11.3
646	-0.544840	204.701219	37.810042	0.006477	6.6
647	-0.527801	205.316522	37.707245	0.012248	5.9
648	-0.528404	204.875813	37.780816	0.003502	6.0
649	-0.546194	205.875553	37.614333	0.005589	14.1
650	-0.530396	205.443000	37.686184	0.006137	5.7
651	-0.509610	205.132449	37.737939	0.007985	6.3
652	-0.517604	205.105728	37.742399	0.005807	11.8
653	-0.492883	206.105552	37.576240	0.009880	4.4
654	-0.524305	206.945604	37.437759	0.003932	5.9
655	-0.525901	207.939861	37.275172	0.008183	6.1
656	-0.513820	207.577228	37.334308	0.006873	11.1
657	-0.539332	208.575288	37.172000	0.004205	12.9
658	-0.526394	209.244686	37.063929	0.005995	4.3
659	-0.502661	210.134260	36.921280	0.013434	6.5
660	-0.527879	209.693552	36.991813	0.005275	8.0
661	-0.495152	210.693551	36.832154	0.007152	6.5
662	-0.535673	210.353143	36.886348	0.007299	16.8
663	-0.522558	211.352428	36.727710	0.006852	2.0
664	-0.548090	212.321152	36.575221	0.006042	6.1
665	-0.528557	213.321133	36.419134	0.005262	8.3
666	-0.527164	213.370447	36.411471	0.002726	12.0
667	-0.498738	212.982966	36.471769	0.007309	5.9
668	-0.544624	213.612292	36.373937	0.010131	5.8
669	-0.520609	214.289720	36.269212	0.008091	7.0
670	-0.532693	213.849012	36.337273	0.003316	7.7
671	-0.521938	213.408644	36.405537	0.007704	11.1
672	-0.511264	214.285103	36.269923	0.007022	10.2
673	-0.528862	213.844395	36.337987	0.003198	6.2
674	-0.510442	214.283170	36.270221	0.008550	7.4
675	-0.512922	214.834082	36.185494	0.007076	11.6
676	-0.526812	214.406889	36.251159	0.005164	6.5
677	-0.550773	215.386555	36.100922	0.005511	6.3
678	-0.528672	215.602833	36.067923	0.006930	11.1
679	-0.544104	215.434023	36.093674	0.003703	14.3
680	-0.496236	215.302318	36.113792	0.007601	7.6
681	-0.533695	216.301251	35.961768	0.003569	6.0
682	-0.511371	216.347396	35.954777	0.015522	10.3
683	-0.513492	215.906735	36.021655	0.005745	7.9
684	-0.517340	216.906735	35.870244	0.005044	6.0
685	-0.529154	217.905260	35.720321	0.007866	11.4
686	-0.535093	218.900469	35.572138	0.010926	6.6
687	-0.513742	219.898580	35.424753	0.003500	8.4
688	-0.530793	220.179288	35.383522	0.007496	6.5
689	-0.539599	221.104310	35.248330	0.010121	6.3
690	-0.503820	220.663612	35.312609	0.007022	12.1
691	-0.499929	221.663600	35.167090	0.006148	6.0
692	-0.515508	222.656340	35.023807	0.004402	8.5
693	-0.520093	222.216796	35.087102	0.006186	11.6
694	-0.508092	223.158366	34.951793	0.005158	7.2
695	-0.515053	222.727902	35.013524	0.005517	6.3
696	-0.532819	222.288419	35.076773	0.004582	11.1
697	-0.524700	222.182032	35.092118	0.005998	10.6
698	-0.546268	221.756110	35.153688	0.010381	6.2
699	-0.527912	221.363698	35.210606	0.002832	10.1
700	-0.539552	221.054175	35.255631	0.004728	7.9
701	-0.523843	221.739818	35.156048	0.008067	7.9
702	-0.529775	221.300076	35.219851	0.008568	6.2
703	-0.515628	220.859367	35.284028	0.007138	9.6
704	-0.513377	221.859367	35.138742	0.003113	11.0
705	-0.513990	222.825976	34.999440	0.007377	7.7
706	-0.527841	223.822541	34.856973	0.009124	11.0
707	-0.547866	224.751129	34.725263	0.010190	14.7
708	-0.530750	225.725473	34.588130	0.004032	10.2
709	-0.526740	226.725354	34.448523	0.010617	8.1
710	-0.528508	227.689290	34.314999	0.007607	10.1
711	-0.524578	227.248582	34.375917	0.004732	5.9
712	-0.515913	228.238596	34.239370	0.003971	12.4
713	-0.529470	227.804873	34.299058	0.005875	6.0
714	-0.527375	228.796925	34.162841	0.004028	9.8
715	-0.525126	229.794965	34.026890	0.008005	5.8
716	-0.518749	230.185828	33.973942	0.005357	6.3
717	-0.528767	229.745403	34.033616	0.006663	11.1
718	-0.534629	230.745387	33.898427	0.009525	6.5
719	-0.536549	230.304680	33.957874	0.011639	5.9
720	-0.531309	229.863972	34.017530	0.004680	7.4
721	-0.511058	230.124829	33.982194	0.006897	8.3
722	-0.515988	231.123811	33.847547	0.009542	8.3
723	-0.509552	230.683102	33.906816	0.004090	11.9
724	-0.520806	231.681172	33.772887	0.010015	3.1
725	-0.535753	231.240464	33.831894	0.005089	6.0
726	-0.512038	230.799757	33.891108	0.011339	5.9
727	-0.511289	230.359049	33.950529	0.004397	10.0
728	-0.525903	231.359047	33.815996	0.014449	3.0
729	-0.542394	232.359044	33.682526	0.004401	5.9
730	-0.536192	233.277472	33.560868	0.008429	10.0
731	-0.543912	233.846012	33.485996	0.013929	7.2
732	-0.516103	234.846000	33.355115	0.012945	11.0
733	-0.521996	235.846000	33.225250	0.008607	10.7
734	-0.526874	235.405292	33.282358	0.005076	6.1
735	-0.540708	236.196581	33.179961	0.008110	6.0
736	-0.532795	235.755877	33.236913	0.004950	12.5
737	-0.522714	235.425741	33.279704	0.002764	6.9
738	-0.534242	235.189136	33.310439	0.008145	11.2
739	-0.513819	235.570844	33.260882	0.007529	11.7
740	-0.525658	235.130136	33.318112	0.004156	6.6
741	-0.541435	234.822062	33.358236	0.005321	9.2
742	-0.537537	235.308813	33.294886	0.007692	7.9
743	-0.543631	236.097179	33.192790	0.006855	7.9
744	-0.518832	235.656485	33.249784	0.021287	6.9
745	-0.517501	235.215777	33.306976	0.005813	8.8
746	-0.513467	235.310602	33.294653	0.010295	5.8
747	-0.531170	236.310597	33.165259	0.004877	10.1
748	-0.527756	236.374652	33.157005	0.007727	7.7
749	-0.538436	236.632794	33.123783	0.007434	11.1
750	-0.522752	237.632794	32.995710	0.005922	7.0
751	-0.538315	238.632779	32.868626	0.006158	7.9
752	-0.521207	239.615551	32.744679	0.006260	9.7
753	-0.538420	240.222602	32.668584	0.009113	5.7
754	-0.498162	241.222593	32.544002	0.008636	5.9
755	-0.522725	242.206010	32.422408	0.007709	13.8
756	-0.541745	241.765302	32.476787	0.006866	10.0
757	-0.538516	242.765055	32.353689	0.009906	5.6
758	-0.542507	242.342089	32.405654	0.007854	6.2
759	-0.533025	241.939040	32.455327	0.013420	11.3
760	-0.524220	242.936119	32.332720	0.012595	3.4
761	-0.545273	243.936119	32.210680	0.006234	5.7
762	-0.528996	243.690591	32.240559	0.010551	10.3
763	-0.550959	244.690587	32.119213	0.012256	7.1
764	-0.532504	244.249880	32.172579	0.010309	11.7
765	-0.534297	245.249880	32.051743	0.006379	8.0
766	-0.546975	246.249880	31.931811	0.015109	9.6
767	-0.539605	247.248410	31.812948	0.006206	6.3
768	-0.513431	246.807731	31.865296	0.007096	6.2
769	-0.540531	246.448643	31.908080	0.009502	6.8
770	-0.520035	247.448575	31.789227	0.004903	6.2
771	-0.523369	247.007869	31.841500	0.008177	6.1
772	-0.531396	246.567318	31.893928	0.006350	6.9
773	-0.530403	247.543340	31.778009	0.007326	5.8
774	-0.501464	247.102631	31.830246	0.003230	9.5
775	-0.520224	246.674027	31.881213	0.006963	6.1
776	-0.529813	246.321448	31.923262	0.009657	9.7
777	-0.517636	245.880740	31.975978	0.004566	5.7
778	-0.533323	246.880226	31.856673	0.006821	9.6
779	-0.533681	247.807186	31.746817	0.012548	8.0
780	-0.521717	247.366478	31.798952	0.012551	11.2
781	-0.512358	248.366478	31.680901	0.005693	8.7
782	-0.523291	249.366472	31.563724	0.006086	5.8
783	-0.524978	248.925771	31.615257	0.005618	5.8
784	-0.554766	248.927871	31.615011	0.008248	11.1
785	-0.500761	249.927303	31.498385	0.006585	9.9
786	-0.538248	249.698922	31.524960	0.007296	5.1
787	-0.531579	249.325961	31.568454	0.014537	10.0
788	-0.526322	250.309047	31.454066	0.004034	7.9
789	-0.525229	249.868407	31.505234	0.004286	7.0
790	-0.496704	250.849717	31.391508	0.005851	11.4
791	-0.508330	251.843917	31.277123	0.006030	11.0
792	-0.521041	251.405551	31.327455	0.006471	16.5
793	-0.536129	250.964877	31.378216	0.008151	6.6
794	-0.508643	250.683363	31.410730	0.009682	5.9
795	-0.535780	251.683363	31.295538	0.004660	5.7
796	-0.523156	252.683360	31.181189	0.005165	3.5
797	-0.525171	253.497370	31.088723	0.009676	3.4
798	-0.549660	254.497367	30.975877	0.003830	3.4
799	-0.517386	254.967912	30.923061	0.006277	3.4
800	-0.518584	255.035399	30.915501	0.006870	3.6
801	-0.533812	254.594707	30.964937	0.004583	5.1
802	-0.539029	255.594453	30.853014	0.005548	3.4
803	-0.517438	255.673388	30.844212	0.005306	3.6
804	-0.534178	256.349919	30.768975	0.003302	11.0
805	-0.522613	256.030819	30.804416	0.011978	3.5
806	-0.516721	256.306532	30.773789	0.008752	3.5
807	-0.541694	255.865833	30.822773	0.008384	3.4
808	-0.524730	255.425125	30.871914	0.009234	3.5
809	-0.529530	254.984416	30.921212	0.005441	4.5
810	-0.523072	255.808010	30.829211	0.006324	10.4
811	-0.534955	255.369926	30.878080	0.008607	6.3
812	-0.529183	255.898227	30.819167	0.005335	5.7
813	-0.525190	255.457518	30.868296	0.002343	11.1
814	-0.526859	255.068048	30.911845	0.007558	12.1
815	-0.531018	254.987854	30.920827	0.006446	4.0
816	-0.517989	254.547148	30.970281	0.004840	5.1
817	-0.528546	254.330412	30.994660	0.008233	8.5
818	-0.517636	253.916148	31.041366	0.006176	6.4
819	-0.526807	254.916138	30.928864	0.005909	9.5
820	-0.549380	254.481216	30.977693	0.008803	6.3
821	-0.541583	255.368727	30.878214	0.006704	5.9
822	-0.520018	256.368490	30.766915	0.005753	7.6
823	-0.514801	255.932458	30.815357	0.008059	10.9
824	-0.525817	255.492011	30.864446	0.009274	6.8
825	-0.531424	256.492011	30.753219	0.005162	8.8
826	-0.534652	257.405285	30.652337	0.005244	8.0
827	-0.525976	258.354176	30.548219	0.005128	10.5
828	-0.521688	257.979217	30.589277	0.005485	3.2
829	-0.544183	258.613069	30.519935	0.005314	11.4
830	-0.533037	258.648009	30.516122	0.006359	10.7
831	-0.522697	258.224064	30.562454	0.005608	7.9
832	-0.510791	257.783392	30.610764	0.006447	6.3
833	-0.519933	258.780587	30.501661	0.005464	6.0
834	-0.532793	259.748113	30.396545	0.009533	11.5
835	-0.528521	259.307405	30.444335	0.004573	11.6
836	-0.523370	260.292832	30.337683	0.006795	1.6
837	-0.528149	260.272940	30.339828	0.004678	6.8
838	-0.538310	259.928696	30.377006	0.003730	12.5
839	-0.512950	259.569410	30.415905	0.003772	3.2
840	-0.520847	260.488808	30.316561	0.010660	6.4
841	-0.496016	260.053643	30.363501	0.006408	11.9
842	-0.534243	261.053643	30.255850	0.007744	2.2
843	-0.514210	262.009779	30.153632	0.003920	11.2
844	-0.536708	261.571491	30.200402	0.006383	9.8
845	-0.534714	262.136802	30.140104	0.010054	10.2
846	-0.510584	261.696094	30.187091	0.008259	6.3
847	-0.532263	261.255386	30.234224	0.005656	5.8
848	-0.530877	261.029021	30.258491	0.005689	6.3
849	-0.512508	260.792001	30.283942	0.006519	10.9
850	-0.540526	261.791832	30.176871	0.007587	5.5
851	-0.536207	262.783866	30.071381	0.014292	5.8
852	-0.532597	263.783866	29.965787	0.006323	11.4
853	-0.542278	264.613260	29.878769	0.003606	9.3
854	-0.497506	264.227820	29.919145	0.007029	6.5
855	-0.514021	263.788279	29.965323	0.004594	6.5
856	-0.526764	264.413255	29.899707	0.007762	9.0
857	-0.526423	263.972572	29.945944	0.008380	7.9
858	-0.538650	264.972372	29.841249	0.010520	8.0
859	-0.513657	264.531664	29.887307	0.007020	6.7
860	-0.534849	264.090956	29.933509	0.007780	9.3
861	-0.538190	265.090956	29.828879	0.005464	7.8
862	-0.505816	264.650670	29.874856	0.007582	7.9
863	-0.531554	265.646807	29.771037	0.007104	10.4
864	-0.518171	265.206099	29.816879	0.005481	11.7
865	-0.502028	265.782661	29.756934	0.004039	3.8
866	-0.530744	265.344936	29.802422	0.004990	5.4
867	-0.521535	266.144317	29.719455	0.004631	11.3
868	-0.523712	266.283106	29.705097	0.005362	6.2
869	-0.532495	267.236655	29.606827	0.012755	8.4
870	-0.513680	268.236655	29.504465	0.006270	11.4
871	-0.530493	267.795946	29.549489	0.006904	8.2
872	-0.518851	267.364690	29.593681	0.010048	6.1
873	-0.513147	267.108279	29.620019	0.009284	4.8
874	-0.523210	266.667571	29.665397	0.004802	5.3
875	-0.514471	267.667294	29.562659	0.008495	6.5
876	-0.527137	267.226587	29.607861	0.009531	6.2
877	-0.532622	266.785880	29.653201	0.008789	10.5
878	-0.523619	266.345513	29.698646	0.010780	1.8
879	-0.533695	265.924111	29.742264	0.005390	7.6
880	-0.525620	266.863823	29.645172	0.005053	4.1
881	-0.504838	267.778589	29.551265	0.006031	12.0
882	-0.538882	268.689029	29.458391	0.008950	10.6
883	-0.529382	268.961877	29.430671	0.007014	6.6
884	-0.514040	268.524334	29.475148	0.004787	11.1
885	-0.516320	269.214320	29.405071	0.004011	6.2
886	-0.526292	269.079742	29.418713	0.003319	6.0
887	-0.510956	268.747560	29.452440	0.007276	6.1
888	-0.515533	269.194531	29.407076	0.008249	11.3
889	-0.520646	270.191884	29.306355	0.004692	11.5
890	-0.537735	269.751213	29.350772	0.004295	10.9
891	-0.527796	269.736542	29.352253	0.007528	10.8
892	-0.544275	270.722508	29.253048	0.006841	6.6
893	-0.523560	271.722501	29.153115	0.007157	11.4
894	-0.506441	271.412050	29.184066	0.009869	6.3
895	-0.536847	272.412050	29.084602	0.012579	5.9
896	-0.531248	273.411466	28.985871	0.006513	6.2
897	-0.522611	273.113472	29.015239	0.008805	6.0
898	-0.505133	272.672766	29.058781	0.006220	7.9
899	-0.511573	273.574822	28.969796	0.006123	6.8
900	-0.521134	273.134430	29.013171	0.003869	6.2
901	-0.550623	274.026534	28.925441	0.004868	10.1
902	-0.540517	273.590489	28.968256	0.004828	7.0
903	-0.537613	274.578065	28.871468	0.002556	5.9
904	-0.521543	274.423459	28.886577	0.009236	5.7
905	-0.530405	273.983936	28.929618	0.006693	9.2
906	-0.511769	273.543228	28.972904	0.005122	12.0
907	-0.507892	273.761828	28.951417	0.007294	8.0
908	-0.508616	273.325707	28.994316	0.017912	7.9
909	-0.535547	274.184880	28.909925	0.013935	11.3
910	-0.507948	273.744172	28.953151	0.007109	11.1
911	-0.509856	273.303509	28.996503	0.004654	6.2
912	-0.517295	274.302688	28.898391	0.012585	11.3
913	-0.545110	275.302688	28.800861	0.008977	7.9
914	-0.522071	276.302506	28.704005	0.010533	5.9
915	-0.498195	277.302506	28.607781	0.004314	10.1
916	-0.531565	277.037393	28.633228	0.006684	7.8
917	-0.521428	277.117863	28.625499	0.007252	8.9
918	-0.518063	277.156777	28.621763	0.008324	6.0
919	-0.535484	277.586587	28.580563	0.009898	8.9
920	-0.517230	277.145880	28.622809	0.006592	8.0
921	-0.508585	278.145880	28.527127	0.002546	6.1
922	-0.516785	277.771400	28.562883	0.007318	9.7
923	-0.526065	277.414064	28.597086	0.005581	6.4
924	-0.531086	278.411557	28.501814	0.013484	9.5
925	-0.510367	279.411557	28.406939	0.005892	6.2
926	-0.547426	278.970860	28.448672	0.002922	5.2
927	-0.521593	279.719028	28.377894	0.009894	5.8
928	-0.534825	279.559666	28.392940	0.005229	6.2
929	-0.540814	279.974415	28.353814	0.008185	7.0
930	-0.522629	280.972988	28.260053	0.005147	6.9
931	-0.520718	280.571709	28.297657	0.002917	11.5
932	-0.525558	280.567768	28.298026	0.015335	6.1
933	-0.513520	280.130909	28.339079	0.006514	10.8
934	-0.548060	281.130311	28.245338	0.004572	8.6
935	-0.517966	280.711988	28.284500	0.003917	5.8
936	-0.518923	280.284919	28.324593	0.004590	5.8
937	-0.527145	279.882566	28.362470	0.007083	5.9
938	-0.509051	280.881468	28.268620	0.008772	7.7
939	-0.515292	281.846807	28.178513	0.005643	10.5
940	-0.538595	281.449735	28.215507	0.013543	6.0
941	-0.526650	281.705384	28.191678	0.009376	10.0
942	-0.516842	282.509409	28.116995	0.005368	7.2
943	-0.530936	283.509409	28.024660	0.007164	6.6
944	-0.493017	283.337938	28.040450	0.006028	11.1
945	-0.519510	282.897230	28.081114	0.007915	6.8
946	-0.530618	283.799575	27.997981	0.012864	6.6
947	-0.512518	284.799566	27.906425	0.009792	6.2
948	-0.509251	284.358860	27.946701	0.005486	10.2
949	-0.543670	283.918195	27.987089	0.003109	8.1
950	-0.510541	284.377909	27.944957	0.005321	6.7
951	-0.565865	284.081396	27.972117	0.006035	6.6
952	-0.520877	283.640897	28.012564	0.008026	11.0
953	-0.529879	283.261360	28.047507	0.006359	5.4
954	-0.543931	283.878172	27.990763	0.005108	12.4
955	-0.527818	283.437498	28.031280	0.008898	4.8
956	-0.536047	284.061998	27.973896	0.015189	7.7
957	-0.509532	283.621290	28.014367	0.008761	6.4
958	-0.519946	284.612316	27.923523	0.007639	9.5
959	-0.536500	285.612316	27.832452	0.012379	12.1
960	-0.540764	286.461870	27.755548	0.009385	6.7
961	-0.530727	287.461746	27.665578	0.013195	5.5
962	-0.527402	287.021038	27.705162	0.010939	5.9
963	-0.537401	288.021038	27.615507	0.007067	10.0
964	-0.527762	288.884069	27.538597	0.011083	7.1
965	-0.520759	289.605811	27.474607	0.005780	15.9
966	-0.551747	289.165129	27.513643	0.008388	4.3
967	-0.526113	290.165124	27.425222	0.009994	8.0
968	-0.539114	289.724438	27.464118	0.007157	6.3
969	-0.537093	290.724438	27.376014	0.007323	5.9
970	-0.495314	291.724438	27.288474	0.007778	9.9
971	-0.526247	291.288002	27.326611	0.006213	1.5
972	-0.530249	292.112089	27.254689	0.007403	6.4
973	-0.530934	291.735660	27.287495	0.005152	5.3
974	-0.514321	292.501514	27.220834	0.003722	5.5
975	-0.514604	293.273178	27.153996	0.005466	9.9
976	-0.526094	293.928894	27.097458	0.011508	5.0
977	-0.519820	293.576351	27.127826	0.007877	5.9
978	-0.526470	294.576349	27.041864	0.007625	10.7
979	-0.533012	295.576341	26.956445	0.005484	5.3
980	-0.543219	295.135701	26.994018	0.006024	6.0
981	-0.522219	296.133590	26.909078	0.004932	9.7
982	-0.522715	295.694139	26.946418	0.005066	1.4
983	-0.530701	296.691878	26.861790	0.010457	7.2
984	-0.535794	296.251173	26.899105	0.007447	11.4
985	-0.523210	296.908803	26.843461	0.005195	11.1
986	-0.521597	296.468299	26.880708	0.007906	10.8
987	-0.549769	296.027739	26.918063	0.005570	8.4
988	-0.530544	297.027509	26.833442	0.004154	10.4
989	-0.512295	297.968846	26.754251	0.004067	6.1
990	-0.494123	297.762977	26.771530	0.010536	9.7
991	-0.532383	298.393969	26.718641	0.009539	7.1
992	-0.519405	299.393969	26.635247	0.010086	5.1
993	-0.528031	300.393964	26.552374	0.006815	5.7
994	-0.519303	301.393964	26.470014	0.004942	5.8
995	-0.512861	302.391581	26.388357	0.004132	11.9
996	-0.516846	301.953304	26.424169	0.002791	5.8
997	-0.515828	302.829516	26.352671	0.005258	6.4
998	-0.509981	303.709454	26.281257	0.008006	6.6
999	-0.541162	304.695786	26.201667	0.013433	8.4
1000	-0.550635	304.255078	26.237170	0.004379	6.0
1001	-0.518972	303.814371	26.272768	0.006654	12.2
1002	-0.527650	303.377545	26.308149	0.008202	9.3
1003	-0.530171	302.936838	26.343940	0.010400	6.0
1004	-0.544091	303.936838	26.262866	0.012068	7.7
1005	-0.511241	303.496130	26.298534	0.005794	6.4
1006	-0.533063	304.496095	26.217742	0.002272	11.4
1007	-0.548717	305.202739	26.160947	0.009918	5.9
1008	-0.531835	305.038606	26.174117	0.005022	10.2
1009	-0.529216	306.038606	26.094083	0.006361	7.8
1010	-0.539516	305.601013	26.129045	0.009364	10.2
1011	-0.523745	306.597186	26.049591	0.007530	9.7
1012	-0.518983	306.785981	26.034587	0.007692	9.7
1013	-0.515551	307.533017	25.975388	0.008289	11.2
1014	-0.524716	307.092315	26.010279	0.006709	18.0
1015	-0.526582	308.022830	25.936719	0.008288	2.3
1016	-0.533616	307.582122	25.971506	0.004857	10.3
1017	-0.524202	307.141558	26.006376	0.008602	6.2
1018	-0.524963	306.700859	26.041350	0.013474	9.7
1019	-0.528294	307.700858	25.962125	0.009488	11.1
1020	-0.529658	308.611605	25.890389	0.004735	5.8
1021	-0.511878	309.581221	25.814451	0.011361	6.0
1022	-0.527308	310.578223	25.736831	0.007397	6.7
1023	-0.524960	310.144691	25.770525	0.007969	5.8
1024	-0.522623	310.112048	25.773066	0.007316	11.7
1025	-0.542534	309.671340	25.807415	0.006940	9.6
1026	-0.518110	309.230633	25.841857	0.012890	11.7
1027	-0.518869	310.063828	25.776820	0.010238	8.0
1028	-0.510902	311.018460	25.702705	0.011027	6.8
1029	-0.529002	312.018460	25.625524	0.010690	6.0
1030	-0.501987	311.577752	25.659481	0.007598	5.9
1031	-0.521752	311.137050	25.693528	0.006369	6.0
1032	-0.538549	310.996937	25.704372	0.010068	6.3
1033	-0.522113	311.996937	25.627181	0.004030	8.7
1034	-0.513900	312.996932	25.550452	0.005649	11.6
1035	-0.513500	312.556928	25.584156	0.008641	8.3
1036	-0.522191	312.123051	25.617479	0.008235	6.7
1037	-0.513381	313.123051	25.540808	0.008651	11.6
1038	-0.514809	312.792692	25.566086	0.004192	6.2
1039	-0.532579	313.788608	25.490033	0.005962	7.7
1040	-0.507543	314.772425	25.415347	0.006367	6.1
1041	-0.512822	314.331826	25.448741	0.008832	11.2
1042	-0.519995	315.331819	25.373076	0.007494	6.2
1043	-0.512936	314.891111	25.406366	0.007619	6.3
1044	-0.533514	314.450417	25.439744	0.012635	9.5
1045	-0.523075	315.450412	25.364132	0.012704	8.1
1046	-0.529313	316.450412	25.288968	0.004297	7.8
1047	-0.527591	317.430926	25.215700	0.007060	6.1
1048	-0.526426	318.043578	25.170135	0.008573	11.2
1049	-0.549425	319.043578	25.096115	0.008367	6.8
1050	-0.542663	318.602872	25.128682	0.013005	8.6
1051	-0.539351	319.602872	25.054905	0.007829	5.7
1052	-0.513140	320.602872	24.981560	0.006625	5.5
1053	-0.526982	320.163021	25.013768	0.009099	6.1
1054	-0.542343	319.724976	25.045926	0.006376	7.4
1055	-0.532333	319.284267	25.078364	0.004089	6.1
1056	-0.519207	319.271756	25.079286	0.010328	5.9
1057	-0.530637	318.844760	25.110797	0.005361	6.0
1058	-0.520323	318.408727	25.143056	0.011280	4.9
1059	-0.520939	317.968022	25.175745	0.007227	5.9
1060	-0.522683	317.527337	25.208518	0.005908	9.0
1061	-0.543515	318.527335	25.134273	0.006165	12.1
1062	-0.528458	319.301806	25.077071	0.004808	11.2
1063	-0.515749	319.484228	25.063636	0.008329	8.2
1064	-0.536171	320.094504	25.018793	0.009919	7.6
1065	-0.520953	321.094503	24.945658	0.014223	8.3
1066	-0.522155	322.094503	24.872951	0.007735	6.6
1067	-0.552606	321.737838	24.898834	0.009136	11.5
1068	-0.529039	322.737763	24.826404	0.008533	7.3
1069	-0.531316	322.306996	24.857555	0.007433	11.1
1070	-0.546395	321.866287	24.889506	0.007640	5.6
1071	-0.521398	321.425582	24.921539	0.009188	7.0
1072	-0.521000	320.984874	24.953655	0.007171	6.3
1073	-0.519142	320.547270	24.985627	0.007452	5.8
1074	-0.511554	321.540526	24.913177	0.012073	9.9
1075	-0.535647	322.539523	24.840730	0.006514	11.7
1076	-0.539662	323.539523	24.768632	0.011083	7.9
1077	-0.525300	323.108888	24.799629	0.012467	5.8
1078	-0.522148	322.668180	24.831431	0.012669	5.8
1079	-0.510940	322.227472	24.863315	0.003828	8.1
1080	-0.518799	321.786877	24.895272	0.004009	7.9
1081	-0.523555	322.291261	24.858695	0.008834	11.6
1082	-0.535710	323.231278	24.790811	0.006686	5.9
1083	-0.545965	324.231275	24.719002	0.009873	5.9
1084	-0.532696	325.231274	24.647608	0.005585	8.2
1085	-0.524485	325.187841	24.650700	0.006329	7.7
1086	-0.523427	324.747985	24.682060	0.004451	10.1
1087	-0.512294	325.737444	24.611627	0.008870	9.8
1088	-0.490469	326.656724	24.546548	0.004279	5.8
1089	-0.520701	326.257789	24.574748	0.004696	11.6
1090	-0.526038	326.554602	24.553761	0.012674	8.9
1091	-0.536105	327.554166	24.483347	0.004838	6.0
1092	-0.516801	327.113458	24.514343	0.005895	11.3
1093	-0.533477	326.674196	24.545315	0.005810	10.2
1094	-0.526657	327.468752	24.489348	0.004598	5.8
1095	-0.556690	327.042920	24.519311	0.007001	11.4
1096	-0.532623	326.602232	24.550397	0.007321	6.3
1097	-0.531865	327.601751	24.480005	0.004138	5.8
1098	-0.534817	328.599597	24.410133	0.007826	6.1
1099	-0.504148	329.596978	24.340691	0.005335	11.9
1100	-0.531371	330.574367	24.273023	0.007302	6.2
1101	-0.531753	330.140965	24.302982	0.004385	6.1
1102	-0.523048	329.705381	24.333167	0.005567	5.8
1103	-0.549998	329.334766	24.358909	0.003120	11.8
1104	-0.516883	329.959818	24.315526	0.002465	4.6
1105	-0.521294	329.832965	24.324318	0.004636	5.4
1106	-0.503931	330.444696	24.281979	0.007696	5.8
1107	-0.528623	330.003994	24.312466	0.007491	5.9
1108	-0.513860	329.563287	24.343030	0.005846	6.0
1109	-0.521587	330.549227	24.274759	0.010423	11.6
1110	-0.542105	330.108520	24.305228	0.009266	7.8
1111	-0.517656	330.118345	24.304548	0.003560	7.9
1112	-0.533716	330.768735	24.259611	0.004338	6.6
1113	-0.537303	331.194289	24.230298	0.004261	6.6
1114	-0.530522	331.806760	24.188235	0.008672	14.0
1115	-0.496883	331.840888	24.185895	0.011826	13.6
1116	-0.542663	331.400179	24.216142	0.012442	6.0
1117	-0.548930	332.400169	24.147619	0.006248	6.0
1118	-0.511075	331.959875	24.177742	0.005503	6.3
1119	-0.514259	331.521202	24.207828	0.007278	7.0
1120	-0.515161	331.080761	24.238111	0.007051	10.9
1121	-0.543478	332.077696	24.169674	0.005257	6.1
1122	-0.549556	332.796300	24.120582	0.015054	12.8
1123	-0.522499	333.796300	24.052598	0.005999	5.7
1124	-0.494922	334.796216	23.985001	0.011227	6.1
1125	-0.522795	334.355539	24.014745	0.005864	6.3
1126	-0.515321	334.847912	23.981517	0.007288	5.2
1127	-0.517873	334.408031	24.011198	0.009490	8.9
1128	-0.522938	335.407325	23.943876	0.006681	6.2
1129	-0.534425	334.969062	23.973355	0.005694	5.8
1130	-0.535437	335.847496	23.914341	0.006101	7.8
1131	-0.535237	335.411945	23.943565	0.020683	8.0
1132	-0.508964	336.411945	23.876574	0.006447	11.8
1133	-0.526838	335.972914	23.905939	0.008750	8.4
1134	-0.528165	335.532214	23.935488	0.004725	11.2
1135	-0.543469	336.532199	23.868543	0.005665	8.0
1136	-0.525479	337.109809	23.830044	0.007063	11.1
1137	-0.530807	337.947483	23.774432	0.008113	6.9
1138	-0.526785	338.945863	23.708489	0.005786	6.2
1139	-0.513925	338.505162	23.737552	0.008660	10.9
1140	-0.535985	338.503033	23.737693	0.006772	11.2
1141	-0.522106	338.062517	23.766816	0.008665	5.9
1142	-0.541114	337.621815	23.796022	0.009496	11.3
1143	-0.534577	338.620224	23.729957	0.025042	7.6
1144	-0.539458	338.179553	23.759071	0.005651	5.8
1145	-0.537925	339.179545	23.693107	0.018932	6.8
1146	-0.525620	338.759057	23.720800	0.003288	10.9
1147	-0.494897	339.759056	23.655048	0.009455	11.1
1148	-0.533186	340.687930	23.594298	0.003251	8.9
1149	-0.537282	340.247595	23.623057	0.005489	5.9
1150	-0.542597	340.554170	23.603026	0.004561	12.0
1151	-0.525664	341.328708	23.552571	0.003192	9.8
1152	-0.526977	341.063340	23.569834	0.012482	7.2
1153	-0.519104	341.697396	23.528629	0.007825	8.7
1154	-0.510316	341.256705	23.557252	0.004660	16.0
1155	-0.512533	340.816028	23.585944	0.007830	7.2
1156	-0.501358	340.398572	23.613189	0.010765	12.1
1157	-0.522583	341.398572	23.548031	0.006852	8.2
1158	-0.534141	341.330518	23.552453	0.008422	12.8
1159	-0.511914	340.889812	23.581135	0.004175	5.6
1160	-0.521055	341.878786	23.516868	0.007810	6.1
1161	-0.499678	341.438134	23.545460	0.007698	6.1
1162	-0.544347	340.997495	23.574121	0.004381	5.8
1163	-0.507080	340.576312	23.601581	0.006254	7.2
1164	-0.508691	341.357305	23.550712	0.009575	6.3
1165	-0.514211	342.357300	23.485898	0.006816	11.0
1166	-0.537910	341.927083	23.513739	0.003542	12.0
1167	-0.520269	342.888988	23.451583	0.007227	6.6
1168	-0.506322	342.509662	23.476055	0.008183	8.0
1169	-0.529047	342.069531	23.504513	0.005595	8.0
1170	-0.525848	343.049168	23.441264	0.009028	8.4
1171	-0.524133	342.608462	23.469676	0.009529	6.0
1172	-0.504996	343.608462	23.405306	0.007660	5.9
1173	-0.521348	343.167755	23.433631	0.008579	11.2
1174	-0.523370	342.796754	23.457528	0.007602	5.9
1175	-0.538459	343.794106	23.393395	0.007310	6.0
1176	-0.510213	344.793964	23.329452	0.005014	6.1
1177	-0.525744	345.793960	23.265848	0.014059	6.2
1178	-0.539400	346.793960	23.202590	0.006867	11.9
1179	-0.530773	347.793880	23.139681	0.013348	5.9
1180	-0.539547	348.793880	23.077106	0.009091	6.9
1181	-0.514974	349.793880	23.014869	0.005734	5.6
1182	-0.514121	350.793837	22.952970	0.012952	9.4
1183	-0.531363	350.356024	22.980030	0.004801	5.8
1184	-0.511610	351.329897	22.919923	0.005797	10.0
1185	-0.500939	350.906818	22.945997	0.005502	7.3
1186	-0.510241	351.501113	22.909388	0.006166	5.9
1187	-0.520559	351.060436	22.936523	0.004880	6.5
1188	-0.541962	352.058158	22.875180	0.006071	6.0
1189	-0.518394	352.354788	22.857006	0.007911	6.4
1190	-0.524444	353.323341	22.797864	0.008706	11.2
1191	-0.528537	354.323341	22.737122	0.008772	2.9
1192	-0.531027	353.882634	22.763852	0.005198	5.9
1193	-0.533485	354.881457	22.703362	0.008167	6.1
1194	-0.524290	355.727201	22.652393	0.013848	6.0
1195	-0.523180	356.727200	22.592423	0.006468	16.3
1196	-0.517930	357.541251	22.543838	0.006458	2.7
1197	-0.526345	358.541241	22.484441	0.006505	6.7
1198	-0.526050	358.219098	22.503541	0.004367	10.4
1199	-0.536320	358.116494	22.509632	0.009508	5.8
1200	-0.495872	359.006159	22.456932	0.004336	12.1
1201	-0.511044	360.006156	22.397991	0.005339	5.8
1202	-0.521232	360.713460	22.356489	0.008052	6.1
1203	-0.539232	360.272752	22.382330	0.007227	5.9
1204	-0.531916	359.832044	22.408232	0.006766	6.6
1205	-0.535959	360.832027	22.349546	0.007610	6.1
1206	-0.521550	361.832026	22.291167	0.007433	11.1
1207	-0.539078	361.391325	22.316857	0.004732	2.8
1208	-0.534601	361.576935	22.306030	0.004866	10.5
1209	-0.524877	361.286185	22.322995	0.006432	2.6
1210	-0.548250	360.994240	22.340056	0.016057	11.4
1211	-0.544942	361.994240	22.281726	0.007909	5.7
1212	-0.519716	361.553532	22.307395	0.003541	10.6
1213	-0.524109	361.930892	22.285412	0.003011	5.9
1214	-0.507947	362.600646	22.246502	0.007401	5.7
1215	-0.527479	363.517502	22.193457	0.006150	13.8
1216	-0.541629	364.517496	22.135889	0.009065	7.3
1217	-0.510992	365.517496	22.078619	0.006845	6.2
1218	-0.521226	366.517496	22.021645	0.008291	4.8
1219	-0.519695	367.517495	21.964964	0.005824	3.9
1220	-0.546604	368.513087	21.908821	0.005459	4.6
1221	-0.518849	369.511927	21.852784	0.005481	11.7
1222	-0.526498	370.510568	21.797043	0.002938	5.7
1223	-0.529807	370.096911	21.820097	0.007114	7.5
1224	-0.527830	369.752870	21.839309	0.009277	5.9
1225	-0.521464	369.312162	21.863968	0.005215	10.4
1226	-0.536848	370.312149	21.808095	0.007979	6.2
1227	-0.527281	371.310340	21.752607	0.010538	6.1
1228	-0.533242	370.869632	21.777071	0.003184	11.0
1229	-0.533283	371.182159	21.759717	0.007457	8.2
1230	-0.530970	372.159291	21.705636	0.009264	8.0
1231	-0.517477	373.158737	21.650599	0.004458	11.7
1232	-0.500583	374.158695	21.595811	0.008159	10.9
1233	-0.506226	375.157496	21.541364	0.008907	7.7
1234	-0.514595	376.157496	21.487125	0.004932	8.5
1235	-0.514161	375.809496	21.505969	0.004301	8.0
1236	-0.510668	375.446914	21.525638	0.005518	6.8
1237	-0.521641	376.441149	21.471789	0.006470	6.0
1238	-0.513310	376.000534	21.495620	0.003646	12.0
1239	-0.524360	375.580272	21.518399	0.004852	1.8
1240	-0.509009	375.183185	21.539967	0.005725	5.4
1241	-0.528915	376.174584	21.486200	0.003614	6.0
1242	-0.538545	376.375725	21.475324	0.006539	6.7
1243	-0.529563	377.290600	21.425996	0.007321	10.8
1244	-0.527638	376.849905	21.449729	0.011513	5.8
1245	-0.525017	377.849837	21.395954	0.005706	14.5
1246	-0.507745	377.409135	21.419621	0.005931	7.6
1247	-0.514268	378.323583	21.370570	0.011989	5.8
1248	-0.524766	377.882875	21.394182	0.011640	5.9
1249	-0.533306	378.882875	21.340680	0.007358	6.7
1250	-0.488724	378.442233	21.364222	0.006010	7.5
1251	-0.522381	378.001796	21.387805	0.009357	11.0
1252	-0.523142	378.857790	21.342019	0.011968	10.3
1253	-0.526541	378.417082	21.365568	0.007294	5.9
1254	-0.533247	379.411979	21.312481	0.004677	6.2
1255	-0.527267	380.300752	21.265279	0.006154	7.7
1256	-0.547282	380.382818	21.260932	0.003882	12.2
1257	-0.530057	380.686602	21.244853	0.004239	11.5
1258	-0.542704	380.262994	21.267280	0.009187	11.4
1259	-0.517889	379.822581	21.290648	0.006908	8.2
1260	-0.531307	380.822581	21.237663	0.008138	6.0
1261	-0.522462	380.410259	21.259478	0.009254	13.8
1262	-0.524201	381.410259	21.206648	0.007740	12.0
1263	-0.534814	380.969551	21.229898	0.004013	2.5
1264	-0.514239	380.684601	21.244958	0.003218	6.1
1265	-0.529354	380.369473	21.261639	0.006599	7.7
1266	-0.519953	381.324136	21.211187	0.012229	7.4
1267	-0.501117	382.324133	21.158597	0.008017	9.0
1268	-0.528993	383.304624	21.107284	0.005100	13.1
1269	-0.535643	382.863918	21.130317	0.014248	5.7
1270	-0.530942	382.423210	21.153400	0.004827	7.1
1271	-0.537194	382.633725	21.142368	0.009171	10.2
1272	-0.521531	382.407596	21.154219	0.007411	5.9
1273	-0.554959	383.407596	21.101910	0.005149	12.6
1274	-0.542380	384.371681	21.051724	0.005382	10.1
1275	-0.524462	383.949448	21.073674	0.004049	4.6
1276	-0.536842	384.336522	21.053550	0.011838	6.0
1277	-0.499397	385.298337	21.003710	0.004022	6.4
1278	-0.518624	385.076439	21.015188	0.008375	6.5
1279	-0.534946	384.890063	21.024838	0.009397	15.2
1280	-0.549230	384.848759	21.026977	0.009542	2.4
1281	-0.518107	385.848759	20.975295	0.006745	12.7
1282	-0.531670	386.820273	20.925327	0.007351	11.6
1283	-0.524199	387.819438	20.874185	0.005866	11.1
1284	-0.536051	387.379694	20.896662	0.003415	8.5
1285	-0.535984	387.629391	20.883893	0.006922	4.1
1286	-0.550416	387.458201	20.892646	0.006078	4.2
1287	-0.512610	387.017494	20.915213	0.004538	7.9
1288	-0.533586	386.584587	20.937427	0.004343	5.9
1289	-0.529376	387.004589	20.915874	0.007301	10.0
1290	-0.509049	386.844967	20.924060	0.008367	6.0
1291	-0.530425	387.844949	20.872883	0.009150	5.9
1292	-0.540634	388.844948	20.821954	0.007711	6.2
1293	-0.526036	389.844912	20.771275	0.004297	9.8
1294	-0.521825	390.785833	20.723813	0.007100	11.6
1295	-0.531182	391.784414	20.673679	0.003416	8.3
1296	-0.529986	391.574167	20.684215	0.006179	7.2
1297	-0.509527	391.242360	20.700863	0.006844	10.2
1298	-0.525247	391.876828	20.669052	0.008292	10.7
1299	-0.507891	391.436129	20.691137	0.005000	6.0
1300	-0.528840	390.995464	20.713268	0.006949	5.9
1301	-0.519002	390.658851	20.730206	0.009341	11.0
1302	-0.533947	390.218151	20.752422	0.005282	6.7
1303	-0.551014	389.934650	20.766739	0.010737	10.0
1304	-0.518848	389.493943	20.789034	0.004862	11.6
1305	-0.510334	389.110033	20.808495	0.007092	12.1
1306	-0.532726	390.109933	20.757885	0.009121	8.0
1307	-0.510645	389.679716	20.779630	0.004631	7.9
1308	-0.518568	390.679283	20.729177	0.004841	9.0
1309	-0.516252	391.665544	20.679635	0.011188	15.6
1310	-0.540431	392.000536	20.662861	0.005832	6.9
1311	-0.526093	391.574415	20.684202	0.004722	13.2
1312	-0.511260	391.690131	20.678402	0.011379	11.8
1313	-0.518120	392.690131	20.628417	0.006257	10.4
1314	-0.524145	392.249423	20.650416	0.004787	12.5
1315	-0.523241	391.808988	20.672449	0.011997	11.4
1316	-0.534411	392.808969	20.622493	0.006817	11.3
1317	-0.542497	393.808959	20.572778	0.005088	9.4
1318	-0.490771	393.368274	20.594657	0.010983	11.2
1319	-0.524215	392.927623	20.616582	0.009695	13.7
1320	-0.517633	392.492831	20.638260	0.006709	9.7
1321	-0.518691	393.477762	20.589217	0.006506	16.3
1322	-0.524984	394.477761	20.539662	0.005306	11.4
1323	-0.527729	395.475790	20.490441	0.004929	9.3
1324	-0.497355	396.319197	20.449030	0.013549	12.4
1325	-0.543944	396.619256	20.434337	0.008144	11.7
1326	-0.504699	397.619256	20.385523	0.020782	14.4
1327	-0.522697	398.619256	20.336942	0.008611	11.7
1328	-0.551345	399.619244	20.288593	0.006034	10.6
1329	-0.534230	399.178822	20.309859	0.009526	11.8
1330	-0.525971	398.738114	20.331184	0.006693	9.0
1331	-0.505805	398.304108	20.352228	0.012186	7.4
1332	-0.525576	398.167238	20.358873	0.008903	11.1
1333	-0.526031	399.155650	20.310979	0.004824	11.6
1334	-0.534403	398.836149	20.326436	0.007346	2.0
1335	-0.532254	399.822089	20.278813	0.006705	12.8
1336	-0.488659	400.821765	20.230755	0.005917	10.1
1337	-0.513847	400.381207	20.251906	0.008491	7.9
1338	-0.556746	400.049243	20.267873	0.012348	8.8
1339	-0.539153	399.608534	20.289110	0.005221	8.0
1340	-0.538780	400.604884	20.241162	0.003908	21.3
1341	-0.501074	400.191022	20.261051	0.007883	8.0
1342	-0.543122	399.758842	20.281862	0.008222	6.0
1343	-0.523379	400.758842	20.233773	0.007012	11.8
1344	-0.521318	400.318449	20.254923	0.008597	12.4
1345	-0.546420	399.877741	20.276132	0.007760	11.3
1346	-0.557106	400.875243	20.228190	0.012660	8.8
1347	-0.534490	400.434535	20.249343	0.004155	18.6
1348	-0.518439	399.994091	20.270528	0.005937	9.0
1349	-0.538784	400.993174	20.222537	0.010309	11.8
1350	-0.524379	400.552572	20.243673	0.006042	6.8
1351	-0.514216	400.112248	20.264841	0.005863	6.2
1352	-0.532505	401.106218	20.217121	0.005053	7.3
1353	-0.516968	402.104856	20.169404	0.009542	11.5
1354	-0.535839	403.104710	20.121853	0.007297	5.6
1355	-0.507713	404.099970	20.074743	0.010916	11.1
1356	-0.515909	403.659268	20.095576	0.006827	6.0
1357	-0.536463	403.218703	20.116446	0.004066	11.2
1358	-0.515926	404.029695	20.078062	0.005651	12.7
1359	-0.532272	403.996387	20.079636	0.007960	12.5
1360	-0.536016	403.556244	20.100453	0.005473	8.0
1361	-0.526192	403.793173	20.089242	0.006439	12.3
1362	-0.505604	404.793084	20.042065	0.007317	11.0
1363	-0.502917	404.393645	20.060884	0.003915	11.0
1364	-0.529029	403.967873	20.080983	0.007232	11.0
1365	-0.564221	404.962766	20.034081	0.005081	10.1
1366	-0.527081	404.706241	20.046153	0.008958	11.8
1367	-0.518953	405.661389	20.001277	0.009890	12.2
1368	-0.532668	406.661371	19.954509	0.010791	6.5
1369	-0.519219	407.661371	19.907958	0.005852	13.0
1370	-0.519399	407.220668	19.928446	0.008933	6.9
1371	-0.513753	408.042442	19.890276	0.004081	10.5
1372	-0.528108	409.042325	19.844030	0.011328	12.1
1373	-0.513828	408.601883	19.864374	0.008147	11.2
1374	-0.536371	408.161183	19.884773	0.005422	11.9
1375	-0.516779	408.544820	19.867013	0.006328	9.9
1376	-0.544345	408.949151	19.848330	0.009538	7.6
1377	-0.518476	409.936705	19.802845	0.005684	12.3
1378	-0.540301	410.906176	19.758395	0.006195	12.4
1379	-0.497013	410.510185	19.776527	0.005785	7.0
1380	-0.489331	410.098073	19.795432	0.004050	6.2
1381	-0.542318	409.660571	19.815542	0.004006	6.9
1382	-0.523137	409.240998	19.834866	0.005779	11.6
1383	-0.541414	410.191111	19.791161	0.006401	6.4
1384	-0.520865	410.880904	19.759551	0.006572	9.0
1385	-0.534437	411.880902	19.713904	0.005757	3.6
1386	-0.549402	412.726545	19.675468	0.006498	8.3
1387	-0.517643	412.285964	19.695474	0.007007	10.9
1388	-0.524457	411.847212	19.715439	0.008834	13.0
1389	-0.538969	411.412019	19.735281	0.005368	7.9
1390	-0.508042	410.971329	19.755414	0.009478	14.9
1391	-0.521976	410.537798	19.775261	0.006268	8.4
1392	-0.526594	411.457330	19.733213	0.004127	5.9
1393	-0.535777	412.237322	19.697686	0.007548	6.7
1394	-0.514002	413.212924	19.653428	0.006252	6.1
1395	-0.537678	412.772241	19.673395	0.008123	11.2
1396	-0.515321	413.688991	19.631904	0.004635	5.9
1397	-0.539869	413.248286	19.651828	0.005881	8.5
1398	-0.518577	412.824796	19.671012	0.008042	7.7
1399	-0.527130	413.823778	19.625819	0.005995	11.6
1400	-0.534758	413.383070	19.645730	0.010727	12.9
1401	-0.527637	414.381047	19.600699	0.010427	5.7
1402	-0.531634	415.381047	19.555782	0.006334	6.0
1403	-0.517875	416.380057	19.511115	0.005523	6.0
1404	-0.525611	415.939448	19.530790	0.005556	5.8
1405	-0.512756	415.498776	19.550508	0.007628	6.1
1406	-0.532550	416.498773	19.505821	0.005787	11.1
1407	-0.521877	416.058230	19.525482	0.006824	5.7
1408	-0.523904	417.058196	19.480911	0.005917	6.1
1409	-0.543596	418.058181	19.436542	0.006247	9.2
1410	-0.509059	417.618519	19.456024	0.008612	7.8
1411	-0.530126	418.618459	19.411770	0.004592	8.0
1412	-0.522130	419.614824	19.367875	0.010542	6.3
1413	-0.531476	419.174133	19.387265	0.006049	11.7
1414	-0.507120	420.174133	19.343320	0.010163	4.9
1415	-0.511363	421.170337	19.299740	0.002726	5.8
1416	-0.529329	420.882487	19.312312	0.004643	11.4
1417	-0.537318	421.074381	19.303929	0.004854	10.2
1418	-0.512085	420.654541	19.322280	0.006977	6.8
1419	-0.515912	420.495042	19.329260	0.006070	5.9
1420	-0.514751	420.055932	19.348504	0.004995	5.9
1421	-0.514952	421.038792	19.305484	0.005417	9.2
1422	-0.546834	421.141400	19.301003	0.005688	7.8
1423	-0.530055	422.092483	19.259574	0.005938	6.5
1424	-0.529978	423.080308	19.216733	0.008717	9.4
1425	-0.518516	423.042552	19.218367	0.006458	11.5
1426	-0.543698	424.042552	19.175184	0.009208	11.2
1427	-0.509920	425.042552	19.132194	0.007258	5.8
1428	-0.539916	425.890141	19.095907	0.007701	11.0
1429	-0.539113	425.717729	19.103277	0.008253	16.4
1430	-0.555242	425.277244	19.122133	0.008177	14.0
1431	-0.521760	424.836536	19.141035	0.005174	12.9
1432	-0.526928	424.411708	19.159291	0.006883	7.3
1433	-0.508419	423.971900	19.178228	0.014753	11.3
1434	-0.535267	424.971895	19.135225	0.007812	11.1
1435	-0.552253	425.971895	19.092414	0.009601	11.0
1436	-0.539524	425.625520	19.107221	0.005842	11.7
1437	-0.526829	425.184816	19.126094	0.005223	13.9
1438	-0.518111	425.025353	19.132932	0.005129	7.8
1439	-0.511068	425.519229	19.111770	0.012759	8.0
1440	-0.534748	426.519229	19.069064	0.005432	6.2
1441	-0.510782	426.095991	19.087115	0.008031	14.5
1442	-0.527872	425.655809	19.105926	0.019821	6.5
1443	-0.537374	425.215101	19.124796	0.007018	8.8
1444	-0.513154	424.774393	19.143703	0.006433	11.4
1445	-0.516568	425.485102	19.113230	0.013030	11.7
1446	-0.538918	425.045077	19.132086	0.008465	10.6
1447	-0.501968	426.045077	19.089289	0.005002	8.6
1448	-0.525102	426.844712	19.055205	0.008297	8.3
1449	-0.516851	427.843820	19.012789	0.004799	8.7
1450	-0.516089	427.404992	19.031395	0.011888	6.4
1451	-0.522192	428.404989	18.989047	0.009146	11.2
1452	-0.548947	428.886147	18.968738	0.010257	6.8
1453	-0.511459	428.445439	18.987338	0.012937	10.4
1454	-0.516095	429.445439	18.945186	0.004450	10.3
1455	-0.527218	429.008973	18.963561	0.009004	6.0
1456	-0.519336	428.571011	18.982035	0.012804	6.0
1457	-0.510934	428.130302	19.000661	0.006119	11.4
1458	-0.521830	427.689594	19.019324	0.008358	6.0
1459	-0.527501	427.250113	19.037971	0.006775	6.3
1460	-0.508193	426.809406	19.056707	0.006076	5.9
1461	-0.521749	427.802725	19.014529	0.007188	6.0
1462	-0.533892	428.802719	18.972257	0.007216	5.9
1463	-0.512597	429.802718	18.930171	0.010212	9.9
1464	-0.510815	429.362010	18.948696	0.003417	5.1
1465	-0.544140	430.359436	18.906822	0.012030	9.8
1466	-0.538592	431.359299	18.865032	0.005716	7.1
1467	-0.538691	432.359299	18.823420	0.005641	10.6
1468	-0.517253	432.944004	18.799175	0.006446	15.7
1469	-0.553520	433.354811	18.782177	0.007202	1.6
1470	-0.514283	434.348206	18.741202	0.006762	6.1
1471	-0.526005	435.343278	18.700336	0.004970	8.4
1472	-0.546648	434.902627	18.718411	0.008736	10.8
1473	-0.533117	435.902615	18.677443	0.006558	9.5
1474	-0.528509	436.902615	18.636654	0.008803	5.9
1475	-0.513596	437.902534	18.596046	0.006275	9.9
1476	-0.529169	437.670125	18.605469	0.005840	6.0
1477	-0.516241	437.244660	18.622743	0.013023	11.3
1478	-0.524237	437.966009	18.593474	0.007176	6.1
1479	-0.551011	438.946701	18.553829	0.004492	6.1
1480	-0.520038	438.898085	18.555791	0.006448	10.3
1481	-0.521844	438.492214	18.572181	0.005865	11.5
1482	-0.524139	439.044285	18.549894	0.004216	6.3
1483	-0.503615	438.606847	18.567549	0.008593	6.3
1484	-0.554716	439.604915	18.527316	0.007015	11.3
1485	-0.539512	440.604613	18.487191	0.008151	5.6
1486	-0.524816	441.604609	18.447228	0.009011	6.6
1487	-0.529737	442.457580	18.413277	0.008946	5.8
1488	-0.522410	442.329216	18.418378	0.006218	11.8
1489	-0.546795	442.217596	18.422816	0.005696	10.3
1490	-0.529281	441.777045	18.440354	0.006327	13.4
1491	-0.545424	441.336340	18.457932	0.012196	10.8
1492	-0.509550	442.335387	18.418133	0.006654	10.0
1493	-0.552828	441.894679	18.435668	0.020852	5.8
1494	-0.543503	442.894679	18.395927	0.012433	6.4
1495	-0.526303	442.454202	18.413411	0.008381	11.2
1496	-0.514898	443.426245	18.374872	0.007041	11.3
1497	-0.545724	444.426220	18.335393	0.006651	6.3
1498	-0.567440	445.426048	18.296089	0.007333	8.4
1499	-0.538939	444.985356	18.313392	0.006000	8.0
1500	-0.539218	444.559672	18.330137	0.005593	11.4
1501	-0.540963	444.909521	18.316373	0.005203	6.5
1502	-0.518572	445.861743	18.279015	0.002786	10.0
1503	-0.548437	445.493680	18.293437	0.006584	5.6
1504	-0.520199	446.472282	18.255141	0.005002	10.3
1505	-0.515964	446.031688	18.272363	0.008750	6.6
1506	-0.551822	445.591025	18.289620	0.004416	6.8
1507	-0.515172	445.615983	18.288642	0.010945	6.3
1508	-0.524412	446.615944	18.249533	0.007016	8.0
1509	-0.537807	446.215910	18.265158	0.009546	7.9
1510	-0.532948	447.214667	18.226197	0.013688	5.9
1511	-0.511618	448.214587	18.187356	0.009454	6.8
1512	-0.521093	449.214587	18.148677	0.008591	6.2
1513	-0.547240	448.773879	18.165703	0.009565	7.3
1514	-0.527902	449.773490	18.127131	0.014732	9.6
1515	-0.553605	449.332782	18.144116	0.006759	12.4
1516	-0.506398	448.892074	18.161133	0.010452	6.4
1517	-0.514293	449.892074	18.122566	0.008466	9.0
1518	-0.533118	449.451366	18.139543	0.007796	5.8
1519	-0.535106	449.010658	18.156551	0.005868	10.2
1520	-0.502032	449.965288	18.119749	0.006653	12.0
1521	-0.533654	450.337059	18.105457	0.006302	17.6
1522	-0.535683	449.896380	18.122400	0.005090	6.2
1523	-0.537651	449.460524	18.139190	0.012044	20.8
1524	-0.511118	449.019887	18.156195	0.006584	7.2
1525	-0.524965	448.579203	18.173234	0.010794	6.9
1526	-0.530305	449.579203	18.134615	0.010798	16.3
1527	-0.517783	449.138495	18.151614	0.006214	2.4
1528	-0.526583	448.697787	18.168646	0.004296	14.9
1529	-0.518556	448.281293	18.184771	0.006135	6.7
1530	-0.519134	447.841125	18.201843	0.005033	9.0
1531	-0.536247	448.818728	18.163969	0.004882	11.0
1532	-0.533745	449.815484	18.125514	0.009842	11.4
1533	-0.550177	450.499200	18.099230	0.006270	16.4
1534	-0.518834	451.499197	18.060925	0.013279	7.0
1535	-0.512773	452.499194	18.022782	0.007740	12.5
1536	-0.523757	453.499194	17.984799	0.006578	8.8
1537	-0.539348	453.059802	18.001469	0.009079	11.8
1538	-0.530490	452.727627	18.014091	0.011458	4.7
1539	-0.540276	453.727627	17.976145	0.006270	8.0
1540	-0.525868	453.290646	17.992707	0.008380	11.1
1541	-0.536644	452.849937	18.009441	0.004229	12.7
1542	-0.525879	453.845296	17.971690	0.006103	6.4
1543	-0.529692	454.760588	17.937116	0.004702	6.5
1544	-0.533863	455.276080	17.917701	0.010009	5.7
1545	-0.536712	456.276058	17.880161	0.010563	6.3
1546	-0.529603	455.835350	17.896686	0.005318	7.4
1547	-0.519337	455.503252	17.909159	0.010652	11.7
1548	-0.525704	456.499326	17.871800	0.006263	1.9
1549	-0.521862	456.058627	17.888310	0.004774	9.3
1550	-0.537322	456.918605	17.856121	0.003779	7.9
1551	-0.542263	457.731592	17.825798	0.003704	11.6
1552	-0.524879	457.374881	17.839090	0.004992	1.6
1553	-0.544635	457.944548	17.817872	0.003362	11.2
1554	-0.534715	457.754841	17.824932	0.007236	5.8
1555	-0.522992	458.668950	17.790963	0.010107	8.0
1556	-0.506511	458.228242	17.807324	0.005083	12.0
1557	-0.514304	459.217106	17.770655	0.007696	11.2
1558	-0.536015	458.783108	17.786730	0.003994	2.8
1559	-0.544224	458.404606	17.800773	0.007089	6.8
1560	-0.525795	459.401579	17.763831	0.006297	12.1
1561	-0.534944	460.388100	17.727428	0.005229	8.5
1562	-0.531701	461.146435	17.699545	0.008623	3.1
1563	-0.504457	460.709465	17.715601	0.009380	10.3
1564	-0.511980	461.709465	17.678901	0.005196	10.5
1565	-0.549101	462.708440	17.642389	0.003209	9.1
1566	-0.549454	462.303300	17.657179	0.005961	5.8
1567	-0.538851	463.286517	17.621330	0.007166	11.1
1568	-0.545885	462.902067	17.635330	0.008453	6.2
1569	-0.505533	463.902032	17.598962	0.006202	7.0
1570	-0.521586	463.461328	17.614972	0.004828	10.8
1571	-0.515458	463.552632	17.611653	0.016749	5.6
1572	-0.536247	463.111924	17.627685	0.005367	10.8
1573	-0.538289	463.135430	17.626829	0.010566	5.7
1574	-0.537753	462.694836	17.642886	0.010290	11.3
1575	-0.544146	463.694836	17.606486	0.010875	6.1
1576	-0.517401	464.694836	17.570235	0.004683	7.8
1577	-0.502265	464.254128	17.586193	0.003508	6.3
1578	-0.515634	463.868819	17.600168	0.005571	7.7
1579	-0.510884	464.840026	17.564985	0.004280	11.5
1580	-0.534863	464.451622	17.579038	0.004790	8.0
1581	-0.497814	464.913132	17.562342	0.008963	7.9
1582	-0.517352	465.449525	17.542977	0.005793	8.0
1583	-0.534731	466.449409	17.506991	0.006370	10.9
1584	-0.532300	467.449377	17.471151	0.006083	5.8
1585	-0.528083	468.173624	17.445284	0.004480	6.1
1586	-0.529046	469.170789	17.409794	0.006290	10.5
1587	-0.518363	469.983970	17.380960	0.006135	10.0
1588	-0.536073	469.551095	17.396297	0.007239	9.2
1589	-0.509238	469.831607	17.386355	0.006259	5.9
1590	-0.519332	469.390908	17.401980	0.004927	8.6
1591	-0.529226	468.993675	17.416087	0.005660	10.8
1592	-0.543835	469.968937	17.381492	0.005409	11.7
1593	-0.524240	469.535967	17.396834	0.008587	6.0
1594	-0.508754	470.535965	17.361441	0.008106	6.6
1595	-0.536258	471.535936	17.326193	0.009534	6.1
1596	-0.521872	472.516228	17.291777	0.010241	6.3
1597	-0.516262	473.515546	17.256834	0.007086	11.3
1598	-0.534102	473.074838	17.272227	0.006893	10.8
1599	-0.514522	474.074838	17.237339	0.010185	5.8
1600	-0.547900	473.778820	17.247651	0.008481	8.0
1601	-0.525598	474.778819	17.212862	0.005274	10.7
1602	-0.533716	474.340340	17.228099	0.009145	12.1
1603	-0.537287	475.340337	17.193389	0.005341	9.0
1604	-0.538976	474.900124	17.208652	0.003348	5.5
1605	-0.503724	475.649758	17.182678	0.005771	6.1
1606	-0.517279	475.664458	17.182169	0.007998	10.3
1607	-0.533788	476.277916	17.160972	0.010512	6.2
1608	-0.539396	477.277916	17.126532	0.008071	6.6
1609	-0.519845	478.277915	17.092229	0.011432	6.3
1610	-0.537185	477.839888	17.107238	0.004994	10.7
1611	-0.540484	478.839856	17.073014	0.007374	14.4
1612	-0.527196	479.834894	17.039094	0.006322	6.3
1613	-0.520129	479.426439	17.053001	0.005696	5.9
1614	-0.520512	479.543356	17.049018	0.005968	6.0
1615	-0.536925	479.107253	17.063885	0.005330	6.1
1616	-0.530705	478.666977	17.078921	0.019560	11.3
1617	-0.537074	479.141692	17.062710	0.005832	6.1
1618	-0.519315	478.704489	17.077639	0.003649	10.9
1619	-0.523616	478.997988	17.067614	0.006447	5.8
1620	-0.494562	478.577269	17.081987	0.009485	6.8
1621	-0.521478	479.551266	17.048748	0.005698	6.5
1622	-0.534894	480.550540	17.014781	0.005524	5.9
1623	-0.522559	481.409694	16.985685	0.005324	11.3
1624	-0.509452	482.409116	16.951963	0.010109	7.9
1625	-0.518309	483.409116	16.918355	0.003958	8.0
1626	-0.532736	484.407365	16.884939	0.008461	7.9
1627	-0.535079	483.966674	16.899675	0.012950	11.6
1628	-0.531514	484.956411	16.866616	0.006285	7.9
1629	-0.527086	484.539797	16.880516	0.005603	8.4
1630	-0.501004	485.525784	16.847657	0.006347	6.6
1631	-0.515764	486.523623	16.814533	0.004612	11.2
1632	-0.526267	487.515445	16.781737	0.004970	11.1
1633	-0.493030	487.792072	16.772613	0.018545	4.4
1634	-0.546800	488.776466	16.740225	0.009480	10.4
1635	-0.533305	489.776466	16.707451	0.012010	1.7
1636	-0.531796	490.776466	16.674805	0.008611	7.9
1637	-0.511922	491.776466	16.642286	0.004739	8.9
1638	-0.536834	492.775820	16.609915	0.005548	6.0
1639	-0.523648	492.338753	16.624057	0.006161	9.9
1640	-0.542408	492.560819	16.616869	0.009585	7.9
1641	-0.517853	493.560819	16.584575	0.001977	13.3
1642	-0.519866	494.507030	16.554134	0.007069	1.5
1643	-0.518021	495.068880	16.536112	0.009030	5.5
1644	-0.534099	496.068866	16.504132	0.009457	11.5
1645	-0.537705	495.628158	16.518210	0.008843	10.8
1646	-0.540282	495.187450	16.532313	0.007025	5.9
1647	-0.512844	494.746742	16.546440	0.007753	11.7
1648	-0.535048	495.746727	16.514420	0.003657	4.8
1649	-0.514623	495.519179	16.521696	0.002968	7.8
1650	-0.525000	496.143332	16.501755	0.005689	11.7
1651	-0.557680	496.395656	16.493708	0.009342	6.8
1652	-0.543305	495.960083	16.507605	0.012898	5.9
1653	-0.512106	496.817114	16.480283	0.006785	6.9
1654	-0.536810	496.376866	16.494307	0.010457	12.4
1655	-0.528309	497.376866	16.462487	0.002751	6.7
1656	-0.529614	497.032132	16.473443	0.007276	5.8
1657	-0.524610	496.652527	16.485523	0.004912	7.0
1658	-0.511825	497.632789	16.454364	0.011273	7.9
1659	-0.544611	498.632788	16.422699	0.010546	12.0
1660	-0.545230	498.192080	16.436639	0.007874	6.8
1661	-0.540400	499.192080	16.405041	0.003463	8.0
1662	-0.523700	499.166774	16.405840	0.005977	6.0
1663	-0.529140	499.004334	16.410964	0.004389	6.7
1664	-0.508634	499.951882	16.381115	0.004387	10.1
1665	-0.525311	499.518029	16.394769	0.007627	6.2
1666	-0.519078	499.077864	16.408644	0.006642	11.0
1667	-0.515240	498.639146	16.422498	0.007798	6.2
1668	-0.535023	499.572112	16.393065	0.009705	6.4
1669	-0.523287	500.572107	16.361635	0.004299	9.2
1670	-0.546200	501.450193	16.334136	0.004546	11.3
1671	-0.523802	502.241015	16.309449	0.007261	11.3
1672	-0.521872	502.161662	16.311923	0.007886	10.9
1673	-0.525696	503.161656	16.280803	0.006467	11.4
1674	-0.507020	504.161289	16.249813	0.007479	13.1
1675	-0.542124	505.161288	16.218929	0.006392	11.2
1676	-0.510557	504.721376	16.232501	0.005905	6.2
1677	-0.525211	505.720990	16.201695	0.012374	11.7
1678	-0.532565	506.720970	16.170994	0.002528	11.0
1679	-0.500439	506.307075	16.183687	0.009688	11.1
1680	-0.531339	506.715315	16.171167	0.007528	9.3
1681	-0.509244	506.275067	16.184669	0.005414	7.9
1682	-0.529015	507.092192	16.159627	0.006174	8.0
1683	-0.536735	508.091302	16.129112	0.004415	6.0
1684	-0.536128	508.061830	16.130010	0.011002	12.2
1685	-0.556075	508.839906	16.106323	0.010839	2.5
1686	-0.526753	509.839906	16.075982	0.012079	11.0
1687	-0.515092	509.399197	16.089339	0.010168	6.7
1688	-0.528853	508.958490	16.102719	0.010300	5.9
1689	-0.518507	509.289327	16.092673	0.007272	10.0
1690	-0.518317	509.442396	16.088029	0.004776	5.8
1691	-0.528077	509.036447	16.100351	0.003754	9.6
1692	-0.522268	508.615739	16.113140	0.006272	11.2
1693	-0.554105	508.178708	16.126447	0.004591	8.5
1694	-0.526104	507.739010	16.139858	0.008880	11.3
1695	-0.512197	507.299808	16.153276	0.008104	10.2
1696	-0.519973	508.299808	16.122758	0.008024	5.8
1697	-0.527585	509.299804	16.092355	0.004493	11.1
1698	-0.501750	510.299614	16.062072	0.005892	3.1
1699	-0.532061	511.293827	16.032071	0.013889	9.3
1700	-0.538869	510.853118	16.045356	0.004271	5.9
1701	-0.545685	510.412412	16.058663	0.006567	6.5
1702	-0.534796	511.334195	16.030856	0.003067	11.4
1703	-0.519934	512.253362	16.003223	0.004660	6.3
1704	-0.521196	512.196329	16.004935	0.008644	6.4
1705	-0.531989	511.755621	16.018175	0.007639	7.2
1706	-0.519970	511.314912	16.031436	0.007671	10.2
1707	-0.524450	512.314912	16.001376	0.009482	8.0
1708	-0.528417	513.314912	15.971429	0.007538	6.4
1709	-0.521646	512.878015	15.984499	0.006509	6.5
1710	-0.517745	513.522489	15.965227	0.003227	5.6
1711	-0.518374	513.171180	15.975726	0.009917	5.8
1712	-0.527985	514.157318	15.946288	0.003655	8.8
1713	-0.542658	513.739718	15.958741	0.006382	5.9
1714	-0.500265	513.507467	15.965675	0.008094	11.8
1715	-0.519173	514.507464	15.935861	0.008706	11.4
1716	-0.531719	514.163197	15.946113	0.008627	11.2
1717	-0.554691	513.722489	15.959255	0.005602	9.3
1718	-0.524033	513.628657	15.962056	0.004391	10.2
1719	-0.512700	513.245388	15.973507	0.005204	7.9
1720	-0.532539	512.968032	15.981804	0.010269	7.9
1721	-0.514837	513.966868	15.951965	0.003699	8.0
1722	-0.546549	513.736770	15.958829	0.013126	6.0
1723	-0.526373	514.302668	15.941958	0.006379	6.6
1724	-0.531486	515.302668	15.912232	0.008294	11.1
1725	-0.522893	514.955578	15.922537	0.007516	8.4
1726	-0.524120	514.517811	15.935553	0.011060	7.3
1727	-0.520571	514.078071	15.948650	0.008080	11.8
1728	-0.504219	515.077812	15.918907	0.003482	8.0
1729	-0.525111	515.961071	15.892721	0.007569	6.0
1730	-0.518641	516.845036	15.866601	0.010712	9.9
1731	-0.505465	516.410778	15.879422	0.007417	7.9
1732	-0.510513	517.410778	15.849929	0.006869	8.0
1733	-0.528132	516.971406	15.862874	0.007009	6.7
1734	-0.541301	517.963391	15.833678	0.005430	9.2
1735	-0.529120	517.522685	15.846635	0.007899	6.2
1736	-0.535468	517.081985	15.859614	0.006040	6.5
1737	-0.528543	517.575403	15.845084	0.005357	5.8
1738	-0.529387	517.230768	15.855230	0.006408	7.5
1739	-0.555988	516.805056	15.867781	0.005414	6.1
1740	-0.520884	517.738476	15.840288	0.005082	8.1
1741	-0.533264	517.502535	15.847228	0.006678	7.4
1742	-0.546824	518.452529	15.819321	0.006804	11.4
1743	-0.515588	519.420686	15.790981	0.002129	8.0
1744	-0.543618	519.027006	15.802492	0.015258	9.8
1745	-0.489686	519.633854	15.784754	0.008153	5.4
1746	-0.511376	519.194084	15.797605	0.015757	5.6
1747	-0.554421	520.190851	15.768509	0.004651	10.4
1748	-0.536680	519.750654	15.781345	0.007559	6.1
1749	-0.510022	520.733643	15.752709	0.014272	6.4
1750	-0.532274	521.733643	15.723685	0.004865	7.1
1751	-0.516945	522.733643	15.694767	0.007684	12.0
1752	-0.535803	523.087385	15.684563	0.002982	9.4
1753	-0.492708	523.598075	15.669855	0.006763	5.8
1754	-0.522477	524.147054	15.654075	0.004199	6.0
1755	-0.537868	523.711170	15.666601	0.007205	7.5
1756	-0.498623	523.301645	15.678388	0.008184	11.4
1757	-0.533766	524.301643	15.649637	0.006052	6.4
1758	-0.557600	523.861519	15.662278	0.007438	6.2
1759	-0.544757	524.861408	15.633589	0.010249	6.5
1760	-0.524629	525.840898	15.605586	0.011509	11.0
1761	-0.535803	526.813982	15.577866	0.018696	11.5
1762	-0.519091	527.813982	15.549481	0.007178	10.2
1763	-0.531605	528.813982	15.521200	0.003210	6.2
1764	-0.526019	528.425295	15.532180	0.005592	10.6
1765	-0.540823	528.399245	15.532917	0.010938	8.3
1766	-0.533908	529.399069	15.504700	0.006559	11.2
1767	-0.515819	528.960726	15.517058	0.006469	4.7
1768	-0.521487	529.938595	15.489517	0.010741	11.2
1769	-0.528366	529.584174	15.499488	0.005847	6.3
1770	-0.520563	530.579979	15.471505	0.004893	11.2
1771	-0.509431	530.142393	15.483789	0.006821	8.2
1772	-0.513180	531.138491	15.455855	0.006461	6.1
1773	-0.550303	530.697790	15.468202	0.005617	13.4
1774	-0.520779	530.258260	15.480535	0.013417	8.7
1775	-0.549920	530.232726	15.481252	0.006815	7.3
1776	-0.533693	531.232630	15.453221	0.008591	8.0
1777	-0.536388	530.791927	15.465563	0.008187	6.1
1778	-0.523534	531.791927	15.437586	0.006500	6.7
1779	-0.519734	532.791927	15.409709	0.004244	6.6
1780	-0.516240	533.783797	15.382159	0.006023	6.4
1781	-0.533962	534.567694	15.360455	0.009595	9.9
1782	-0.536477	534.130034	15.372565	0.005671	7.9
1783	-0.531998	534.989197	15.348810	0.005623	14.4
1784	-0.525075	535.986735	15.321321	0.004385	7.1
1785	-0.525217	536.971256	15.294287	0.008460	11.3
1786	-0.542708	536.534279	15.306274	0.014276	8.3
1787	-0.519126	536.093571	15.318383	0.008502	10.8
1788	-0.503851	535.652863	15.330511	0.003953	14.0
1789	-0.549276	536.651679	15.303052	0.004100	6.7
1790	-0.534958	536.216137	15.315013	0.003971	11.5
1791	-0.541497	535.975737	15.321624	0.006569	5.8
1792	-0.496228	536.512784	15.306864	0.008956	7.4
1793	-0.520226	537.512781	15.279458	0.011329	5.8
1794	-0.536546	537.072073	15.291524	0.006960	8.9
1795	-0.525704	538.072073	15.264173	0.004899	11.2
1796	-0.554040	538.729366	15.246248	0.015813	10.9
1797	-0.524610	538.288663	15.258261	0.004810	5.8
1798	-0.510568	537.847955	15.270294	0.002670	6.7
1799	-0.509040	537.578344	15.277665	0.005047	9.0
1800	-0.546593	537.973239	15.266872	0.007901	7.5
1801	-0.534999	537.532913	15.278907	0.006605	6.4
1802	-0.538158	537.092225	15.290972	0.005661	9.8
1803	-0.526940	536.652493	15.303030	0.005779	5.8
1804	-0.526837	536.211888	15.315130	0.009825	6.6
1805	-0.526765	535.794805	15.326602	0.010694	6.3
1806	-0.513019	536.794805	15.299125	0.008290	8.7
1807	-0.526906	537.500273	15.279800	0.006811	6.4
1808	-0.517410	537.096645	15.290851	0.004758	11.0
1809	-0.526024	536.688795	15.302034	0.007771	10.4
1810	-0.508166	537.008313	15.293272	0.008007	7.4
1811	-0.516986	538.008290	15.265914	0.004031	8.4
1812	-0.517466	537.573747	15.277790	0.006499	9.9
1813	-0.520155	538.521929	15.251900	0.007910	5.6
1814	-0.536982	539.521929	15.224690	0.007106	9.3
1815	-0.536626	539.758095	15.218278	0.004843	6.2
1816	-0.531375	539.317395	15.230248	0.007058	6.3
1817	-0.550130	539.091083	15.236402	0.006047	8.0
1818	-0.551289	540.010292	15.211437	0.007450	6.3
1819	-0.518334	541.010291	15.184371	0.005818	9.7
1820	-0.529294	542.010268	15.157401	0.006033	9.1
1821	-0.527988	541.569605	15.169274	0.006940	6.8
1822	-0.517546	541.128964	15.181165	0.007321	7.5
1823	-0.513325	541.461790	15.172182	0.004868	8.0
1824	-0.525463	542.286372	15.149972	0.010965	7.9
1825	-0.531956	543.286345	15.123124	0.012918	8.0
1826	-0.533916	544.286345	15.096371	0.002960	7.9
1827	-0.505318	543.872295	15.107437	0.004650	6.2
1828	-0.519139	543.527762	15.116657	0.005974	9.3
1829	-0.516031	543.091204	15.128356	0.004896	8.2
1830	-0.526378	542.894476	15.133634	0.006789	11.2
1831	-0.534025	542.460644	15.145286	0.007790	8.7
1832	-0.538859	543.460642	15.118455	0.008065	13.6
1833	-0.519491	544.460642	15.091718	0.010753	17.4
1834	-0.536857	545.460642	15.065076	0.004363	4.9
1835	-0.504881	545.030908	15.076514	0.003856	6.9
1836	-0.514641	544.660080	15.086397	0.006133	14.0
1837	-0.541935	545.659240	15.059796	0.006552	8.9
1838	-0.511680	546.659232	15.033267	0.008129	11.5
1839	-0.513062	547.659232	15.006830	0.012107	11.4
1840	-0.526782	548.659228	14.980487	0.005819	6.2
1841	-0.509912	549.659163	14.954237	0.003417	12.5
1842	-0.516276	550.439221	14.933824	0.008135	13.9
1843	-0.506021	551.417302	14.908307	0.010910	14.9
1844	-0.531866	550.976593	14.919793	0.006835	6.7
1845	-0.513072	551.976593	14.893754	0.004807	7.6
1846	-0.518304	551.586816	14.903893	0.008243	5.8
1847	-0.508830	551.277681	14.911944	0.010347	6.1
1848	-0.512053	552.277681	14.885932	0.005406	11.1
1849	-0.521860	551.836973	14.897384	0.007031	11.9
1850	-0.531668	552.224253	14.887320	0.003825	15.2
1851	-0.525934	553.161976	14.863006	0.004320	13.5
1852	-0.519471	553.406357	14.856682	0.005526	12.6
1853	-0.541655	552.967716	14.868036	0.007127	12.0
1854	-0.545035	552.527138	14.879457	0.006085	8.0
1855	-0.542285	553.514538	14.853885	0.006612	11.3
1856	-0.520108	554.384687	14.831421	0.006925	6.6
1857	-0.549040	555.170253	14.811200	0.006774	8.1
1858	-0.538720	556.167758	14.785602	0.010181	10.8
1859	-0.538567	555.727050	14.796900	0.004141	8.3
1860	-0.515141	555.287260	14.808192	0.008203	11.0
1861	-0.546100	554.846578	14.819525	0.009143	9.0
1862	-0.528432	554.405870	14.830875	0.008118	5.9
1863	-0.509563	555.405870	14.805145	0.013681	10.0
1864	-0.528022	556.405579	14.779512	0.004491	5.6
1865	-0.539727	557.224060	14.758591	0.012967	6.2
1866	-0.526889	558.224058	14.733112	0.004897	6.5
1867	-0.520214	557.811535	14.743612	0.004476	5.9
1868	-0.546286	557.372003	14.754816	0.020794	4.9
1869	-0.518786	556.931299	14.766068	0.012181	6.0
1870	-0.527819	557.931299	14.740562	0.007733	6.2
1871	-0.554820	557.490591	14.751792	0.009399	11.1
1872	-0.510986	557.049883	14.763038	0.007293	9.1
1873	-0.514103	556.609175	14.774302	0.005877	11.5
1874	-0.513496	557.609175	14.748768	0.010749	9.7
1875	-0.551841	557.168467	14.760011	0.008797	9.9
1876	-0.525602	556.728893	14.771241	0.007239	6.8
1877	-0.544791	556.288185	14.782517	0.009131	11.3
1878	-0.540551	555.889781	14.792726	0.007083	11.7
1879	-0.535835	555.449131	14.804034	0.007514	6.4
1880	-0.552561	555.022172	14.815007	0.007670	5.8
1881	-0.503568	556.017277	14.789458	0.004341	9.3
1882	-0.537681	557.017065	14.763877	0.003970	4.3
1883	-0.536680	557.145936	14.760586	0.010666	10.2
1884	-0.542420	557.906192	14.741201	0.011948	5.9
1885	-0.545295	558.906192	14.715781	0.011001	9.8
1886	-0.526544	558.465484	14.726973	0.006424	11.2
1887	-0.520971	558.024776	14.738182	0.004459	10.6
1888	-0.541589	557.904393	14.741247	0.008120	6.1
1889	-0.524279	557.482250	14.752004	0.006946	6.2
1890	-0.513750	557.042240	14.763234	0.004822	5.8
1891	-0.517887	558.038795	14.737825	0.004906	6.1
1892	-0.531344	558.982354	14.713849	0.016587	6.8
1893	-0.518653	558.542170	14.725024	0.009291	6.2
1894	-0.528052	559.542170	14.699660	0.008577	7.0
1895	-0.544612	560.542170	14.674383	0.008167	11.1
1896	-0.547452	561.541940	14.649199	0.004816	6.3
1897	-0.530719	562.523934	14.624546	0.006543	6.6
1898	-0.510518	562.594879	14.622768	0.005846	10.0
1899	-0.525335	562.159722	14.633680	0.007203	7.9
1900	-0.525278	561.719101	14.644745	0.009291	11.5
1901	-0.534164	562.352877	14.628834	0.007042	8.0
1902	-0.542312	561.912168	14.639894	0.013647	11.5
1903	-0.532715	562.912168	14.614822	0.008411	6.2
1904	-0.554130	563.912168	14.589836	0.004335	9.8
1905	-0.516333	564.897282	14.565305	0.006680	6.2
1906	-0.508947	564.490973	14.575413	0.005552	19.8
1907	-0.554997	564.170838	14.583387	0.015409	6.8
1908	-0.545058	563.730130	14.594378	0.004900	5.4
1909	-0.520608	564.730130	14.569462	0.007515	6.0
1910	-0.514915	565.727213	14.544702	0.006882	10.5
1911	-0.521120	565.370844	14.553542	0.007513	6.6
1912	-0.523429	566.370435	14.528775	0.010424	5.9
1913	-0.511564	567.370435	14.504081	0.007258	6.1
1914	-0.526862	568.321485	14.480675	0.007944	5.9
1915	-0.524964	567.918039	14.490595	0.007435	9.8
1916	-0.529787	567.478275	14.501423	0.005236	8.0
1917	-0.527384	567.048960	14.512010	0.005709	7.0
1918	-0.534438	566.609772	14.522857	0.009286	7.1
1919	-0.513777	566.253883	14.531658	0.005498	11.0
1920	-0.539574	566.105542	14.535330	0.008501	4.8
1921	-0.536116	565.666095	14.546218	0.005199	8.5
1922	-0.531359	566.665712	14.521474	0.008741	6.7
1923	-0.527785	567.655911	14.497047	0.006759	6.2
1924	-0.531383	567.215203	14.507909	0.005527	10.9
1925	-0.527337	568.215115	14.483289	0.004480	9.8
1926	-0.513740	568.174157	14.484296	0.012363	6.1
1927	-0.527468	567.733501	14.495137	0.009339	9.0
1928	-0.572868	567.292793	14.505996	0.007422	5.8
1929	-0.529426	568.283398	14.481610	0.005471	5.9
1930	-0.524955	567.842971	14.492442	0.006438	12.9
1931	-0.525646	567.404269	14.503247	0.006992	3.3
1932	-0.514265	567.579012	14.498941	0.005696	12.6
1933	-0.519791	567.139198	14.509784	0.004565	7.8
1934	-0.536375	566.703801	14.520533	0.005660	5.9
1935	-0.509209	567.593100	14.498594	0.005484	6.1
1936	-0.523250	567.235485	14.507409	0.006386	7.8
1937	-0.522687	566.794805	14.518285	0.003776	7.9
1938	-0.520690	566.364483	14.528922	0.007678	7.9
1939	-0.525579	565.926436	14.539765	0.004832	5.9
1940	-0.526230	566.575445	14.523705	0.006953	11.4
1941	-0.517908	567.353972	14.504487	0.005467	5.7
1942	-0.534852	566.979428	14.513727	0.004459	6.5
1943	-0.516164	567.022664	14.512659	0.004512	6.5
1944	-0.525350	566.730461	14.519875	0.008082	10.6
1945	-0.528640	566.306465	14.530357	0.005055	11.3
1946	-0.539800	567.278128	14.506357	0.006393	10.6
1947	-0.496792	567.131660	14.509970	0.006763	5.8
1948	-0.507639	566.696627	14.520711	0.005583	8.6
1949	-0.519001	566.256617	14.531590	0.004475	13.3
1950	-0.555275	567.123249	14.510177	0.007886	10.2
1951	-0.524508	568.119934	14.485629	0.004921	5.8
1952	-0.519444	568.931147	14.465710	0.014138	6.3
1953	-0.532522	569.930777	14.441239	0.004112	7.7
1954	-0.524859	569.490082	14.452017	0.005316	6.1
1955	-0.512378	569.603670	14.449237	0.017968	9.9
1956	-0.544368	569.162962	14.460027	0.004191	5.6
1957	-0.535931	568.722254	14.470834	0.011648	6.5
1958	-0.540459	568.282373	14.481636	0.010778	6.2
1959	-0.522684	567.841664	14.492474	0.005595	5.6
1960	-0.525203	567.400956	14.503329	0.011242	9.6
1961	-0.534480	568.400471	14.478734	0.005333	8.5
1962	-0.529187	569.394673	14.454352	0.003691	7.3
1963	-0.518181	568.997805	14.464075	0.004773	7.9
1964	-0.536927	569.366664	14.455038	0.003803	5.7
1965	-0.524666	569.250518	14.457883	0.005142	6.0
1966	-0.511448	568.846829	14.467777	0.004677	6.5
1967	-0.519789	568.459551	14.477283	0.006478	16.8
1968	-0.518646	569.459190	14.452773	0.004866	4.0
1969	-0.528377	569.098546	14.461606	0.008512	11.0
1970	-0.529673	569.046776	14.462875	0.006137	5.9
1971	-0.541322	568.606743	14.473669	0.006705	6.6
1972	-0.528982	568.167427	14.484461	0.006646	9.2
1973	-0.496862	568.978049	14.464560	0.005549	7.3
1974	-0.527336	568.573821	14.474477	0.007626	11.2
1975	-0.527335	569.573550	14.449974	0.009088	8.7
1976	-0.540034	569.132873	14.460765	0.005973	13.1
1977	-0.543720	568.970574	14.464743	0.005800	10.4
1978	-0.499193	568.628047	14.473146	0.004609	5.5
1979	-0.553140	568.335053	14.480341	0.005132	11.7
1980	-0.525942	567.894871	14.491165	0.009518	10.3
1981	-0.515580	567.539390	14.499918	0.005048	10.0
1982	-0.530129	567.113683	14.510413	0.007156	5.9
1983	-0.519392	568.100055	14.486118	0.004468	11.4
1984	-0.519060	568.381853	14.479191	0.005804	6.3
1985	-0.524756	569.374033	14.454858	0.014304	5.9
1986	-0.534745	568.933325	14.465656	0.007144	6.0
1987	-0.546091	568.492617	14.476471	0.007216	6.0
1988	-0.529103	569.485573	14.452127	0.011265	11.4
1989	-0.550739	570.485572	14.427694	0.011214	10.2
1990	-0.542605	570.044864	14.438452	0.007309	4.5
1991	-0.501439	570.988810	14.415429	0.006300	9.1
1992	-0.528735	571.982860	14.391264	0.006908	3.9
1993	-0.545355	572.968897	14.367373	0.004572	9.6
1994	-0.534008	573.968493	14.343235	0.004550	10.8
1995	-0.528031	574.511981	14.330144	0.009233	10.5
1996	-0.513655	575.479494	14.306900	0.007560	11.8
1997	-0.520118	575.038788	14.317479	0.007293	11.1
1998	-0.536561	576.038777	14.293498	0.005486	8.0
1999	-0.539967	577.038732	14.269599	0.006403	8.6
