1:ItNr	2:Metric	3:StepSize	4:||Gradient||	Time[ms]
0	-0.000000	627.201626	0.000000	1819.7
1	-0.000000	623.504937	0.000000	29.6
2	-0.000000	619.865785	0.000000	25.8
3	-0.520241	616.282728	0.004241	28.4
4	-0.409000	612.754375	0.002677	27.9
5	-0.220128	609.279381	0.001374	22.3
6	-0.600935	605.856447	0.003471	26.4
7	-0.620225	602.484317	0.003119	28.0
8	-0.000000	599.161779	0.000000	31.4
9	-0.686141	595.887656	0.002687	27.4
10	-0.294089	592.660813	0.002631	25.3
11	-0.446225	589.480151	0.002001	22.0
12	-0.536874	586.344606	0.003527	23.6
13	-0.517461	583.253145	0.002279	28.4
14	-0.248866	580.204771	0.001619	31.7
15	-0.000000	577.198517	0.000000	22.0
16	-0.102133	574.233444	0.000452	26.3
17	-0.387131	571.308645	0.002146	30.3
18	-0.116631	568.423237	0.001457	21.5
19	-0.231703	565.576365	0.001871	25.6
20	-0.138097	562.767201	0.000855	27.1
21	-0.016749	559.994938	0.000197	25.7
22	-0.601626	557.258797	0.002123	29.1
23	-0.000000	554.558018	0.000000	27.4
24	-0.429542	551.891865	0.001487	23.7
25	-0.097625	549.259621	0.000957	25.0
26	-0.000000	546.660592	0.000000	25.9
27	-0.027634	544.094102	0.000363	25.4
28	-0.206823	541.559494	0.001465	28.3
29	-0.587572	539.056129	0.002849	32.5
30	-0.298254	536.583387	0.002145	24.9
31	-0.137309	534.140663	0.000668	29.2
32	-0.025692	531.727370	0.000893	22.9
33	-0.000000	529.342935	0.000000	33.0
34	-0.270527	526.986802	0.002796	24.7
35	-0.310281	524.658430	0.001823	23.4
36	-0.082142	522.357290	0.003467	24.9
37	-0.202130	520.082868	0.000504	22.2
38	-0.041277	517.834665	0.001730	34.0
39	-0.012889	515.612193	0.000260	18.7
40	-0.000000	513.414976	0.000000	22.2
41	-0.186957	511.242551	0.002468	29.2
42	-0.000000	509.094468	0.000000	23.4
43	-0.000022	506.970285	0.000004	21.2
44	-0.488502	504.869574	0.002612	22.9
45	-0.000000	502.791916	0.000000	28.5
46	-0.593880	500.736903	0.002754	22.7
47	-0.390911	498.704137	0.001495	23.3
48	-0.000000	496.693228	0.000000	21.1
49	-0.006281	494.703798	0.000044	22.4
50	-0.000000	492.735476	0.000000	22.1
51	-0.175190	490.787900	0.000843	20.1
52	-0.338927	488.860718	0.001991	24.9
53	-0.589670	486.953585	0.004693	27.2
54	-0.066120	485.066164	0.001612	23.6
55	-0.415998	483.198126	0.001811	21.8
56	-0.003884	481.349149	0.000312	22.4
57	-0.000000	479.518920	0.000000	22.3
58	-0.000000	477.707132	0.000000	20.9
59	-0.000000	475.913485	0.000000	27.6
60	-0.204544	474.137684	0.001781	24.2
61	-0.588252	472.379445	0.003918	24.2
62	-0.623323	470.638485	0.003268	28.0
63	-0.265703	468.914531	0.000888	31.4
64	-0.000000	467.207315	0.000000	20.3
65	-0.000000	465.516573	0.000000	21.9
66	-0.462817	463.842050	0.003431	22.5
67	-0.000000	462.183494	0.000000	24.5
68	-0.174455	460.540658	0.001821	21.4
69	-0.000000	458.913303	0.000000	28.1
70	-0.000000	457.301192	0.000000	24.4
71	-0.357714	455.704096	0.001579	28.7
72	-0.555299	454.121787	0.002528	27.9
73	-0.098951	452.554045	0.001000	26.1
74	-0.378374	451.000653	0.001784	24.9
75	-0.472186	449.461399	0.001907	20.5
76	-0.107264	447.936075	0.000993	21.7
77	-0.155063	446.424477	0.001075	29.4
78	-0.000000	444.926406	0.000000	22.2
79	-0.180456	443.441666	0.003090	24.5
80	-0.436302	441.970065	0.003222	22.9
81	-0.000000	440.511415	0.000000	23.4
82	-0.078341	439.065533	0.000968	22.8
83	-0.658202	437.632238	0.002674	23.4
84	-0.000000	436.211351	0.000000	21.9
85	-0.000000	434.802701	0.000000	21.8
86	-0.310095	433.406117	0.001222	28.2
87	-0.298020	432.021430	0.002598	28.4
88	-0.097716	430.648479	0.000780	22.9
89	-0.290305	429.287101	0.001637	21.5
90	-0.255990	427.937140	0.005013	23.8
91	-0.507789	426.598440	0.002669	27.8
92	-0.000000	425.270849	0.000000	20.0
93	-0.193347	423.954220	0.002409	21.9
94	-0.000000	422.648404	0.000000	23.3
95	-0.676663	421.353259	0.002559	23.1
96	-0.075168	420.068643	0.000350	28.6
97	-0.169440	418.794419	0.001631	20.9
98	-0.626868	417.530451	0.003628	25.2
99	-0.000000	416.276604	0.000000	24.6
100	-0.000000	415.032748	0.000000	26.8
101	-0.481260	413.798754	0.002765	20.3
102	-0.096413	412.574495	0.001302	23.6
103	-0.056119	411.359849	0.000440	29.3
104	-0.270066	410.154691	0.001747	22.3
105	-0.278550	408.958904	0.002125	25.1
106	-0.503053	407.772368	0.002732	22.4
107	-0.597478	406.594968	0.005019	22.3
108	-0.000000	405.426590	0.000000	22.6
109	-0.000000	404.267122	0.000000	26.3
110	-0.266963	403.116456	0.000899	23.9
111	-0.012143	401.974481	0.000118	24.3
112	-0.000000	400.841093	0.000000	22.2
113	-0.000000	399.716187	0.000000	34.9
114	-0.000000	398.599660	0.000000	18.8
115	-0.596192	397.491411	0.003031	23.1
116	-0.360592	396.391342	0.002558	27.5
117	-0.509332	395.299353	0.001406	25.4
118	-0.000000	394.215350	0.000000	27.4
119	-0.636464	393.139238	0.002321	29.7
120	-0.030640	392.070924	0.001857	30.0
121	-0.329339	391.010316	0.002215	18.4
122	-0.248045	389.957325	0.001394	22.6
123	-0.150638	388.911862	0.000990	23.0
124	-0.649219	387.873839	0.003125	28.4
125	-0.061432	386.843173	0.001142	23.9
126	-0.000000	385.819777	0.000000	23.5
127	-0.434680	384.803569	0.001432	24.9
128	-0.000000	383.794468	0.000000	28.4
129	-0.000000	382.792393	0.000000	28.3
130	-0.000000	381.797264	0.000000	29.9
131	-0.020195	380.809005	0.002315	27.1
132	-0.348014	379.827537	0.004020	29.9
133	-0.000000	378.852786	0.000000	22.7
134	-0.035354	377.884678	0.000387	29.0
135	-0.314003	376.923138	0.001919	27.9
136	-0.000000	375.968095	0.000000	30.5
137	-0.453458	375.019479	0.002627	27.2
138	-0.000000	374.077218	0.000000	25.3
139	-0.545340	373.141244	0.006856	27.1
140	-0.252546	372.211489	0.001864	28.2
141	-0.000000	371.287887	0.000000	24.0
142	-0.306188	370.370370	0.002041	33.3
143	-0.201571	369.458876	0.001060	31.7
144	-0.414362	368.553338	0.002355	22.4
145	-0.372690	367.653696	0.003310	21.0
146	-0.556888	366.759885	0.002034	23.4
147	-0.414565	365.871846	0.003101	27.4
148	-0.688340	364.989518	0.003856	27.9
149	-0.000059	364.112841	0.000004	27.4
150	-0.082518	363.241757	0.000328	25.6
151	-0.000000	362.376208	0.000000	25.0
152	-0.000000	361.516137	0.000000	20.0
153	-0.083689	360.661488	0.000752	21.7
154	-0.121082	359.812206	0.000474	25.1
155	-0.251278	358.968236	0.001683	25.6
156	-0.067132	358.129524	0.000946	27.7
157	-0.499348	357.296018	0.002637	25.2
158	-0.000000	356.467665	0.000000	32.2
159	-0.000000	355.644414	0.000000	18.9
160	-0.429406	354.826213	0.003785	25.8
161	-0.592440	354.013012	0.002925	24.4
162	-0.270331	353.204763	0.001329	21.4
163	-0.514158	352.401415	0.002362	22.3
164	-0.289432	351.602922	0.001726	28.3
165	-0.272169	350.809235	0.002128	34.2
166	-0.177560	350.020308	0.000562	20.6
167	-0.318985	349.236095	0.003048	27.1
168	-0.050824	348.456550	0.000568	22.0
169	-0.359552	347.681627	0.002130	26.5
170	-0.102700	346.911283	0.000781	27.2
171	-0.000000	346.145474	0.000000	25.7
172	-0.408648	345.384157	0.001871	26.2
173	-0.313596	344.627288	0.005630	28.9
174	-0.204778	343.874826	0.001082	24.7
175	-0.313985	343.126729	0.002298	27.3
176	-0.000000	342.382957	0.000000	22.5
177	-0.643617	341.643469	0.002147	24.0
178	-0.000000	340.908224	0.000000	21.1
179	-0.224997	340.177184	0.001493	28.0
180	-0.000000	339.450309	0.000000	24.4
181	-0.199028	338.727561	0.001274	25.1
182	-0.327190	338.008902	0.002378	23.9
183	-0.217351	337.294295	0.001440	23.4
184	-0.683051	336.583703	0.002944	23.6
185	-0.000000	335.877089	0.000000	26.9
186	-0.000000	335.174416	0.000000	25.8
187	-0.309505	334.475651	0.001684	22.6
188	-0.000000	333.780756	0.000000	29.6
189	-0.570603	333.089698	0.007255	25.7
190	-0.392716	332.402443	0.001380	23.7
191	-0.012458	331.718955	0.000230	25.0
192	-0.333462	331.039203	0.003180	21.4
193	-0.000000	330.363153	0.000000	22.6
194	-0.202155	329.690771	0.000490	21.8
195	-0.640316	329.022027	0.003117	22.0
196	-0.339984	328.356888	0.002332	25.4
197	-0.000000	327.695322	0.000000	22.9
198	-0.000000	327.037299	0.000000	24.7
199	-0.025150	326.382787	0.000166	22.1
200	-0.316800	325.731758	0.003015	22.3
201	-0.000000	325.084179	0.000000	27.9
202	-0.000000	324.440023	0.000000	21.4
203	-0.683992	323.799258	0.003316	25.6
204	-0.386631	323.161858	0.001859	27.5
205	-0.101651	322.527792	0.001077	26.1
206	-0.221266	321.897034	0.003177	24.1
207	-0.074681	321.269554	0.000454	23.3
208	-0.190598	320.645325	0.001461	28.9
209	-0.445980	320.024320	0.001751	24.7
210	-0.195633	319.406512	0.001974	28.9
211	-0.457597	318.791875	0.001171	30.9
212	-0.230794	318.180381	0.001580	22.0
213	-0.388858	317.572005	0.001924	23.5
214	-0.000000	316.966721	0.000000	27.8
215	-0.000000	316.364504	0.000000	22.1
216	-0.165001	315.765329	0.001290	21.8
217	-0.000000	315.169170	0.000000	24.1
218	-0.247246	314.576003	0.002265	23.5
219	-0.000000	313.985804	0.000000	26.5
220	-0.098990	313.398548	0.000592	26.6
221	-0.465587	312.814213	0.001887	22.6
222	-0.000000	312.232773	0.000000	25.5
223	-0.359592	311.654207	0.002399	23.0
224	-0.688225	311.078491	0.002906	23.0
225	-0.280355	310.505602	0.002881	21.1
226	-0.186048	309.935518	0.000925	31.5
227	-0.175949	309.368217	0.000938	21.0
228	-0.351929	308.803676	0.002303	23.4
229	-0.584760	308.241874	0.002300	23.1
230	-0.236257	307.682789	0.007637	25.3
231	-0.444241	307.126400	0.002260	23.3
232	-0.262191	306.572687	0.001805	22.8
233	-0.460639	306.021627	0.002193	24.1
234	-0.597077	305.473201	0.002151	25.5
235	-0.157144	304.927388	0.001984	25.8
236	-0.054613	304.384168	0.000557	23.8
237	-0.071339	303.843521	0.000702	28.3
238	-0.122188	303.305427	0.002515	24.5
239	-0.065890	302.769867	0.000902	25.7
240	-0.448888	302.236821	0.003091	22.4
241	-0.404905	301.706270	0.003547	23.9
242	-0.548558	301.178196	0.002849	29.6
243	-0.219763	300.652580	0.002099	21.1
244	-0.297067	300.129402	0.001135	25.1
245	-0.707964	299.608645	0.002136	25.1
246	-0.000000	299.090291	0.000000	25.3
247	-0.409917	298.574321	0.001131	22.1
248	-0.000000	298.060718	0.000000	27.3
249	-0.167317	297.549465	0.001117	25.2
250	-0.016284	297.040543	0.000124	28.2
251	-0.099214	296.533936	0.000728	21.4
252	-0.480391	296.029626	0.001784	23.0
253	-0.298999	295.527597	0.002675	26.8
254	-0.586585	295.027832	0.002455	24.5
255	-0.000000	294.530315	0.000000	24.4
256	-0.000000	294.035028	0.000000	23.4
257	-0.666188	293.541956	0.002670	24.3
258	-0.092064	293.051083	0.000535	23.7
259	-0.372498	292.562393	0.001407	23.5
260	-0.144111	292.075870	0.002044	25.4
261	-0.000000	291.591498	0.000000	26.0
262	-0.266061	291.109263	0.004739	24.4
263	-0.243261	290.629149	0.003038	27.9
264	-0.706010	290.151140	0.002866	26.9
265	-0.000000	289.675222	0.000000	24.8
266	-0.359496	289.201380	0.001685	29.3
267	-0.125748	288.729600	0.001747	29.3
268	-0.000101	288.259866	0.000004	25.1
269	-0.000000	287.792165	0.000000	23.3
270	-0.522456	287.326481	0.002668	29.8
271	-0.047598	286.862802	0.000091	20.6
272	-0.216921	286.401113	0.000431	22.3
273	-0.044767	285.941400	0.000476	23.8
274	-0.158809	285.483649	0.001649	21.2
275	-0.457310	285.027847	0.004229	21.4
276	-0.000000	284.573981	0.000000	27.4
277	-0.593354	284.122037	0.002327	27.3
278	-0.074430	283.672002	0.001568	28.4
279	-0.296544	283.223863	0.001597	24.2
280	-0.000000	282.777607	0.000000	31.6
281	-0.020283	282.333221	0.000369	20.9
282	-0.382816	281.890692	0.001366	23.9
283	-0.434589	281.450008	0.002451	24.0
284	-0.674868	281.011157	0.002253	21.0
285	-0.254884	280.574125	0.001176	29.8
286	-0.112137	280.138901	0.001375	24.0
287	-0.000000	279.705473	0.000000	23.4
288	-0.533491	279.273829	0.002048	26.0
289	-0.530601	278.843956	0.002354	26.9
290	-0.000000	278.415844	0.000000	24.1
291	-0.183368	277.989479	0.001853	21.1
292	-0.000000	277.564851	0.000000	23.0
293	-0.525062	277.141949	0.001667	25.3
294	-0.453977	276.720761	0.003240	26.9
295	-0.073147	276.301275	0.000744	29.2
296	-0.000000	275.883480	0.000000	20.5
297	-0.079494	275.467366	0.000601	30.7
298	-0.413865	275.052922	0.001680	19.8
299	-0.000000	274.640136	0.000000	21.2
300	-0.201377	274.228998	0.001555	23.4
301	-0.000000	273.819497	0.000000	27.6
302	-0.131397	273.411623	0.002377	26.2
303	-0.186394	273.005365	0.001461	21.6
304	-0.396898	272.600712	0.001687	21.7
305	-0.114586	272.197655	0.001045	23.0
306	-0.557802	271.796184	0.001775	36.7
307	-0.177487	271.396287	0.001239	20.1
308	-0.000000	270.997956	0.000000	23.9
309	-0.000000	270.601180	0.000000	26.9
310	-0.230230	270.205949	0.000848	23.3
311	-0.053541	269.812254	0.000981	22.6
312	-0.125564	269.420085	0.000898	24.5
313	-0.272433	269.029432	0.003272	27.2
314	-0.343685	268.640287	0.001259	23.5
315	-0.604700	268.252638	0.003646	25.4
316	-0.081931	267.866478	0.000766	21.5
317	-0.670696	267.481796	0.003492	25.5
318	-0.185972	267.098584	0.001664	29.2
319	-0.370176	266.716833	0.001877	25.4
320	-0.161821	266.336533	0.007496	23.6
321	-0.000000	265.957676	0.000000	21.6
322	-0.226023	265.580253	0.002629	25.1
323	-0.362483	265.204254	0.001280	22.1
324	-0.171069	264.829672	0.001504	23.3
325	-0.182678	264.456497	0.001467	22.4
326	-0.264740	264.084721	0.001280	34.0
327	-0.000000	263.714335	0.000000	19.0
328	-0.544205	263.345332	0.009455	23.4
329	-0.309938	262.977702	0.001763	24.9
330	-0.000000	262.611438	0.000000	25.9
331	-0.383577	262.246531	0.001424	27.1
332	-0.000000	261.882973	0.000000	22.7
333	-0.000000	261.520756	0.000000	23.7
334	-0.261054	261.159871	0.008679	28.5
335	-0.290160	260.800312	0.002065	27.4
336	-0.573820	260.442070	0.002500	26.9
337	-0.000002	260.085137	0.000000	24.9
338	-0.216175	259.729505	0.003269	28.2
339	-0.232925	259.375167	0.001203	28.6
340	-0.189514	259.022116	0.001132	26.6
341	-0.569727	258.670343	0.002003	28.3
342	-0.000000	258.319841	0.000000	23.1
343	-0.457730	257.970602	0.002192	26.4
344	-0.357554	257.622620	0.002623	25.7
345	-0.612576	257.275887	0.002131	28.1
346	-0.000000	256.930396	0.000000	28.7
347	-0.511858	256.586139	0.001860	28.0
348	-0.670271	256.243109	0.003556	35.3
349	-0.157275	255.901300	0.001611	28.5
350	-0.090287	255.560703	0.001275	23.0
351	-0.000000	255.221313	0.000000	28.2
352	-0.000000	254.883122	0.000000	29.2
353	-0.000000	254.546124	0.000000	21.5
354	-0.062723	254.210311	0.000500	21.8
355	-0.098401	253.875677	0.000202	28.0
356	-0.634146	253.542215	0.002629	29.3
357	-0.554912	253.209918	0.003040	24.5
358	-0.697642	252.878781	0.002918	35.6
359	-0.054109	252.548795	0.000274	25.2
360	-0.193651	252.219956	0.001187	27.5
361	-0.243726	251.892255	0.001888	29.3
362	-0.630548	251.565688	0.002940	30.6
363	-0.000000	251.240247	0.000000	26.6
364	-0.615417	250.915926	0.003430	24.1
365	-0.000000	250.592720	0.000000	25.9
366	-0.000000	250.270621	0.000000	22.8
367	-0.000000	249.949624	0.000000	26.9
368	-0.052201	249.629723	0.001331	27.4
369	-0.538999	249.310911	0.004019	27.9
370	-0.480379	248.993182	0.001947	28.3
371	-0.397616	248.676531	0.001584	29.4
372	-0.612395	248.360952	0.001832	29.5
373	-0.000000	248.046438	0.000000	27.2
374	-0.000059	247.732984	0.000003	28.4
375	-0.000955	247.420584	0.000071	25.3
376	-0.057428	247.109233	0.000166	23.6
377	-0.198113	246.798924	0.002408	24.3
378	-0.000000	246.489652	0.000000	24.1
379	-0.697919	246.181412	0.002376	24.7
380	-0.524997	245.874197	0.002063	22.4
381	-0.191446	245.568002	0.001236	29.5
382	-0.677033	245.262822	0.002026	21.2
383	-0.296729	244.958652	0.001996	25.4
384	-0.279804	244.655485	0.001564	28.2
385	-0.115480	244.353317	0.000322	23.9
386	-0.302283	244.052142	0.001547	23.5
387	-0.637219	243.751955	0.003219	24.0
388	-0.000000	243.452750	0.000000	21.4
389	-0.340190	243.154523	0.009471	29.8
390	-0.101034	242.857268	0.001213	22.5
391	-0.000000	242.560980	0.000000	22.4
392	-0.361489	242.265654	0.002230	23.0
393	-0.698648	241.971285	0.002504	26.3
394	-0.232033	241.677868	0.001595	27.6
395	-0.000000	241.385397	0.000000	29.7
396	-0.250863	241.093869	0.001047	26.2
397	-0.614690	240.803278	0.001660	28.8
398	-0.219334	240.513619	0.000976	24.6
399	-0.250007	240.224887	0.000911	25.0
400	-0.000000	239.937077	0.000000	22.3
401	-0.083316	239.650186	0.000496	24.2
402	-0.242041	239.364207	0.001902	26.4
403	-0.054992	239.079136	0.000969	33.7
404	-0.081662	238.794969	0.000977	25.1
405	-0.516419	238.511701	0.001852	30.6
406	-0.529332	238.229327	0.002914	19.8
407	-0.569402	237.947843	0.005816	24.5
408	-0.201274	237.667244	0.000971	23.3
409	-0.000014	237.387526	0.000001	36.0
410	-0.201999	237.108684	0.001358	24.4
411	-0.000000	236.830714	0.000000	24.4
412	-0.000000	236.553610	0.000000	20.6
413	-0.121012	236.277370	0.000987	28.4
414	-0.501048	236.001989	0.006734	21.8
415	-0.080795	235.727461	0.001275	23.5
416	-0.000000	235.453784	0.000000	21.4
417	-0.187358	235.180952	0.001392	26.9
418	-0.464221	234.908962	0.006995	28.0
419	-0.000000	234.637809	0.000000	23.7
420	-0.639413	234.367488	0.002729	28.0
421	-0.489902	234.097997	0.004091	24.1
422	-0.000000	233.829331	0.000000	27.7
423	-0.000000	233.561485	0.000000	28.2
424	-0.394535	233.294456	0.002513	26.9
425	-0.332506	233.028239	0.001807	30.2
426	-0.000000	232.762831	0.000000	22.4
427	-0.231132	232.498228	0.007258	22.1
428	-0.206140	232.234425	0.005899	22.7
429	-0.293220	231.971419	0.002215	28.6
430	-0.510178	231.709205	0.002344	28.9
431	-0.514753	231.447781	0.003212	28.9
432	-0.137557	231.187141	0.000593	28.0
433	-0.000000	230.927283	0.000000	29.2
434	-0.375189	230.668202	0.001740	29.0
435	-0.157423	230.409895	0.001226	25.2
436	-0.090414	230.152358	0.002317	23.5
437	-0.438951	229.895587	0.001504	25.7
438	-0.000000	229.639578	0.000000	27.5
439	-0.005512	229.384329	0.000492	26.5
440	-0.692942	229.129834	0.002516	32.8
441	-0.418363	228.876091	0.002347	25.6
442	-0.418228	228.623096	0.003984	23.1
443	-0.000000	228.370846	0.000000	26.7
444	-0.000000	228.119336	0.000000	24.8
445	-0.109681	227.868563	0.002043	24.5
446	-0.581450	227.618525	0.002446	27.5
447	-0.187283	227.369216	0.001712	26.6
448	-0.000000	227.120635	0.000000	28.8
449	-0.000000	226.872777	0.000000	21.3
450	-0.000000	226.625638	0.000000	23.2
451	-0.175760	226.379217	0.000840	22.0
452	-0.258618	226.133509	0.001360	25.0
453	-0.488221	225.888510	0.002122	22.3
454	-0.440466	225.644218	0.002742	22.2
455	-0.000000	225.400630	0.000000	23.7
456	-0.066014	225.157741	0.000467	26.0
457	-0.000000	224.915549	0.000000	21.8
458	-0.200978	224.674051	0.002391	29.6
459	-0.609138	224.433242	0.003525	27.5
460	-0.000000	224.193121	0.000000	26.5
461	-0.000000	223.953684	0.000000	27.0
462	-0.000000	223.714927	0.000000	24.6
463	-0.343367	223.476848	0.001496	21.7
464	-0.127415	223.239444	0.000785	27.0
465	-0.000000	223.002710	0.000000	22.4
466	-0.000000	222.766645	0.000000	27.3
467	-0.000000	222.531245	0.000000	26.1
468	-0.011289	222.296508	0.000014	22.4
469	-0.235089	222.062429	0.007635	24.2
470	-0.690105	221.829007	0.002807	27.9
471	-0.000000	221.596238	0.000000	29.1
472	-0.167795	221.364119	0.000500	27.3
473	-0.119436	221.132647	0.000357	22.6
474	-0.191747	220.901820	0.002184	23.4
475	-0.596198	220.671634	0.003040	30.3
476	-0.000000	220.442086	0.000000	24.3
477	-0.376553	220.213174	0.002209	22.8
478	-0.268356	219.984895	0.002282	22.6
479	-0.000000	219.757246	0.000000	25.2
480	-0.064950	219.530224	0.000826	25.0
481	-0.241948	219.303826	0.003579	22.9
482	-0.621822	219.078050	0.002516	24.7
483	-0.250428	218.852893	0.001308	25.0
484	-0.256263	218.628352	0.001974	25.6
485	-0.314160	218.404424	0.000352	26.8
486	-0.159464	218.181106	0.001332	27.6
487	-0.000000	217.958397	0.000000	25.8
488	-0.475102	217.736292	0.002244	27.1
489	-0.214807	217.514790	0.003321	23.6
490	-0.154033	217.293888	0.001702	22.2
491	-0.148380	217.073584	0.001349	30.7
492	-0.207603	216.853873	0.002338	21.7
493	-0.209472	216.634755	0.001847	25.8
494	-0.397850	216.416227	0.001226	29.7
495	-0.000079	216.198285	0.000147	29.5
496	-0.245756	215.980927	0.003935	21.0
497	-0.363781	215.764151	0.001828	28.4
498	-0.612855	215.547955	0.001859	32.0
499	-0.250513	215.332335	0.002375	26.7
500	-0.544615	215.117289	0.002064	25.0
501	-0.394506	214.902815	0.001725	29.4
502	-0.000000	214.688911	0.000000	26.4
503	-0.102785	214.475573	0.001354	33.8
504	-0.603740	214.262800	0.003036	27.0
505	-0.508511	214.050588	0.002234	26.1
506	-0.209715	213.838936	0.001613	30.3
507	-0.078663	213.627842	0.000800	23.3
508	-0.063129	213.417302	0.000411	23.6
509	-0.005257	213.207314	0.000047	27.6
510	-0.354128	212.997877	0.007343	27.2
511	-0.207568	212.788987	0.001301	20.7
512	-0.240054	212.580642	0.001597	23.5
513	-0.663387	212.372841	0.002223	32.5
514	-0.483227	212.165581	0.006321	25.7
515	-0.367466	211.958859	0.001939	23.6
516	-0.497124	211.752673	0.002186	22.5
517	-0.000000	211.547021	0.000000	30.6
518	-0.096426	211.341902	0.002317	23.2
519	-0.000000	211.137311	0.000000	22.5
520	-0.047310	210.933248	0.000498	24.7
521	-0.073405	210.729710	0.000326	27.3
522	-0.154814	210.526695	0.001946	25.1
523	-0.353960	210.324200	0.001536	24.8
524	-0.382517	210.122224	0.001529	28.5
525	-0.000000	209.920765	0.000000	20.3
526	-0.712175	209.719820	0.001962	24.1
527	-0.000000	209.519387	0.000000	28.2
528	-0.000000	209.319463	0.000000	31.0
529	-0.000000	209.120048	0.000000	24.9
530	-0.609350	208.921139	0.002358	21.3
531	-0.448859	208.722733	0.001811	22.6
532	-0.066533	208.524829	0.000868	23.1
533	-0.701853	208.327425	0.003122	22.4
534	-0.000000	208.130518	0.000000	30.5
535	-0.000000	207.934107	0.000000	20.4
536	-0.000000	207.738189	0.000000	23.2
537	-0.455642	207.542762	0.004072	24.9
538	-0.233749	207.347825	0.001387	25.9
539	-0.279067	207.153376	0.001203	23.3
540	-0.378208	206.959412	0.001327	22.5
541	-0.667258	206.765932	0.003637	22.6
542	-0.019169	206.572933	0.000327	27.8
543	-0.091009	206.380414	0.001927	29.7
544	-0.255751	206.188373	0.003190	25.1
545	-0.248586	205.996807	0.002138	28.9
546	-0.000000	205.805716	0.000000	22.9
547	-0.079693	205.615096	0.000718	24.0
548	-0.658772	205.424946	0.003237	26.1
549	-0.641233	205.235265	0.003691	29.4
550	-0.722323	205.046050	0.003297	20.2
551	-0.216853	204.857299	0.000961	22.3
552	-0.667398	204.669011	0.003293	23.3
553	-0.366181	204.481184	0.001412	28.2
554	-0.284682	204.293816	0.002027	23.7
555	-0.000000	204.106905	0.000000	22.6
556	-0.456851	203.920449	0.002176	23.2
557	-0.052770	203.734447	0.000200	29.1
558	-0.423934	203.548896	0.002150	24.1
559	-0.085605	203.363795	0.000691	26.2
560	-0.027850	203.179143	0.000195	21.1
561	-0.653331	202.994937	0.003011	26.1
562	-0.421727	202.811176	0.001134	27.5
563	-0.284522	202.627857	0.002188	33.1
564	-0.446539	202.444980	0.003974	26.3
565	-0.000722	202.262543	0.000049	28.0
566	-0.304013	202.080543	0.001963	24.3
567	-0.208719	201.898979	0.002633	23.5
568	-0.000000	201.717849	0.000000	33.1
569	-0.074591	201.537153	0.000307	20.0
570	-0.643119	201.356887	0.001832	22.2
571	-0.067252	201.177050	0.000416	24.1
572	-0.074793	200.997642	0.001345	24.7
573	-0.609723	200.818659	0.003003	23.9
574	-0.000000	200.640100	0.000000	23.0
575	-0.000000	200.461965	0.000000	28.3
576	-0.464091	200.284250	0.001790	34.7
577	-0.006242	200.106955	0.000194	26.9
578	-0.680242	199.930078	0.003068	22.6
579	-0.000000	199.753617	0.000000	26.5
580	-0.168894	199.577571	0.002506	27.9
581	-0.000000	199.401938	0.000000	22.8
582	-0.150045	199.226717	0.001530	25.5
583	-0.524299	199.051905	0.001959	23.6
584	-0.569179	198.877502	0.004095	29.9
585	-0.000000	198.703506	0.000000	26.2
586	-0.086214	198.529916	0.001269	23.7
587	-0.000000	198.356729	0.000000	24.9
588	-0.000000	198.183944	0.000000	30.7
589	-0.041415	198.011560	0.001167	23.8
590	-0.556654	197.839576	0.004539	22.0
591	-0.000000	197.667989	0.000000	21.2
592	-0.111625	197.496798	0.001056	24.5
593	-0.000000	197.326002	0.000000	32.2
594	-0.000000	197.155600	0.000000	18.9
595	-0.311708	196.985589	0.001988	32.4
596	-0.507300	196.815969	0.002115	18.9
597	-0.137473	196.646738	0.001604	24.1
598	-0.000118	196.477894	0.000010	32.1
599	-0.289187	196.309436	0.002160	23.3
600	-0.114403	196.141363	0.000601	22.7
601	-0.626215	195.973673	0.003501	23.4
602	-0.253852	195.806365	0.003058	24.3
603	-0.635256	195.639437	0.002619	22.1
604	-0.701201	195.472888	0.003893	29.4
605	-0.350360	195.306717	0.001519	23.1
606	-0.332787	195.140922	0.002053	26.0
607	-0.090071	194.975501	0.000642	20.7
608	-0.105912	194.810454	0.000970	23.5
609	-0.000000	194.645779	0.000000	24.1
610	-0.392254	194.481475	0.000857	23.5
611	-0.000000	194.317540	0.000000	27.1
612	-0.362754	194.153973	0.003228	20.9
613	-0.562213	193.990773	0.002425	26.6
614	-0.000000	193.827938	0.000000	31.1
615	-0.000000	193.665467	0.000000	26.1
616	-0.200373	193.503358	0.001269	22.4
617	-0.000000	193.341611	0.000000	24.8
618	-0.078334	193.180224	0.001456	27.7
619	-0.185299	193.019196	0.001399	23.8
620	-0.510343	192.858525	0.002074	27.2
621	-0.505349	192.698210	0.001915	24.5
622	-0.000000	192.538251	0.000000	27.9
623	-0.444349	192.378644	0.001798	25.0
624	-0.524583	192.219391	0.002340	30.0
625	-0.132884	192.060488	0.000885	27.4
626	-0.113082	191.901935	0.001322	26.0
627	-0.169157	191.743730	0.007456	27.5
628	-0.069063	191.585873	0.000444	28.4
629	-0.109878	191.428362	0.001172	32.4
630	-0.341566	191.271196	0.003350	23.5
631	-0.144587	191.114374	0.000417	24.1
632	-0.652945	190.957893	0.002630	25.9
633	-0.000000	190.801755	0.000000	34.5
634	-0.000000	190.645956	0.000000	26.1
635	-0.476253	190.490495	0.002301	23.2
636	-0.287124	190.335373	0.002747	27.8
637	-0.591081	190.180587	0.004964	25.7
638	-0.668919	190.026136	0.001983	28.0
639	-0.000000	189.872019	0.000000	24.0
640	-0.103261	189.718235	0.001362	29.1
641	-0.000000	189.564782	0.000000	27.8
642	-0.048293	189.411661	0.000455	26.7
643	-0.000000	189.258868	0.000000	29.4
644	-0.711514	189.106404	0.002649	23.0
645	-0.019933	188.954267	0.000683	28.3
646	-0.297195	188.802456	0.001496	33.0
647	-0.523807	188.650969	0.003824	21.5
648	-0.117311	188.499807	0.001630	27.6
649	-0.000000	188.348967	0.000000	24.4
650	-0.000000	188.198448	0.000000	32.5
651	-0.528406	188.048250	0.002223	32.7
652	-0.012629	187.898371	0.000825	30.2
653	-0.000000	187.748810	0.000000	23.5
654	-0.275728	187.599566	0.001538	25.5
655	-0.000000	187.450638	0.000000	26.5
656	-0.637131	187.302025	0.002474	29.3
657	-0.189280	187.153725	0.001330	27.1
658	-0.417698	187.005739	0.002960	26.4
659	-0.060042	186.858064	0.002211	21.0
660	-0.041484	186.710699	0.000383	28.5
661	-0.000000	186.563645	0.000000	22.4
662	-0.072029	186.416898	0.000857	22.7
663	-0.000000	186.270459	0.000000	21.6
664	-0.671281	186.124326	0.002295	23.6
665	-0.000000	185.978499	0.000000	31.8
666	-0.148864	185.832976	0.001251	25.3
667	-0.574282	185.687756	0.002678	20.3
668	-0.094053	185.542838	0.000937	25.9
669	-0.192398	185.398222	0.001985	24.3
670	-0.014904	185.253906	0.000442	24.2
671	-0.267745	185.109889	0.001466	27.4
672	-0.000000	184.966170	0.000000	22.3
673	-0.320736	184.822748	0.002137	31.0
674	-0.243457	184.679623	0.000734	24.9
675	-0.406841	184.536792	0.002811	28.2
676	-0.000000	184.394256	0.000000	24.5
677	-0.000000	184.252013	0.000000	29.1
678	-0.193872	184.110062	0.001052	25.2
679	-0.303110	183.968403	0.001625	22.9
680	-0.282249	183.827034	0.001801	28.7
681	-0.054480	183.685954	0.000676	25.8
682	-0.000000	183.545163	0.000000	25.8
683	-0.348109	183.404658	0.001772	23.4
684	-0.000000	183.264441	0.000000	25.8
685	-0.000047	183.124509	0.000055	27.4
686	-0.000000	182.984861	0.000000	19.8
687	-0.161737	182.845497	0.000828	27.9
688	-0.113191	182.706416	0.000279	31.0
689	-0.000000	182.567616	0.000000	26.0
690	-0.080259	182.429098	0.003710	20.7
691	-0.342073	182.290859	0.002050	26.5
692	-0.106422	182.152899	0.000354	27.4
693	-0.000000	182.015217	0.000000	25.5
694	-0.438963	181.877813	0.001902	27.5
695	-0.343148	181.740684	0.001370	27.0
696	-0.323054	181.603832	0.001635	22.3
697	-0.398249	181.467253	0.000689	28.2
698	-0.152753	181.330948	0.001041	26.9
699	-0.450887	181.194916	0.002161	22.8
700	-0.093652	181.059155	0.000509	26.5
701	-0.000000	180.923666	0.000000	26.3
702	-0.581294	180.788446	0.003843	25.5
703	-0.000000	180.653496	0.000000	26.1
704	-0.000000	180.518814	0.000000	26.5
705	-0.428979	180.384399	0.002202	27.4
706	-0.550837	180.250251	0.003763	25.9
707	-0.000000	180.116369	0.000000	27.0
708	-0.351052	179.982752	0.002480	24.1
709	-0.538400	179.849398	0.002677	28.7
710	-0.000000	179.716308	0.000000	29.3
711	-0.351945	179.583480	0.002313	27.8
712	-0.000000	179.450913	0.000000	27.1
713	-0.235794	179.318607	0.001401	30.1
714	-0.000000	179.186561	0.000000	26.5
715	-0.368108	179.054774	0.002721	22.3
716	-0.000000	178.923245	0.000000	21.9
717	-0.054306	178.791973	0.000568	23.8
718	-0.699749	178.660958	0.002534	28.0
719	-0.000035	178.530199	0.000002	28.6
720	-0.586489	178.399694	0.002267	28.4
721	-0.551693	178.269444	0.002573	25.5
722	-0.675360	178.139447	0.003405	22.2
723	-0.000009	178.009702	0.000002	21.5
724	-0.187603	177.880209	0.001321	22.8
725	-0.330520	177.750967	0.003210	30.9
726	-0.673744	177.621975	0.003138	19.3
727	-0.000000	177.493232	0.000000	22.5
728	-0.580195	177.364738	0.003067	28.9
729	-0.511531	177.236492	0.003005	22.6
730	-0.153602	177.108492	0.005599	22.3
731	-0.081995	176.980739	0.000837	23.7
732	-0.069406	176.853231	0.000566	23.1
733	-0.255091	176.725968	0.002229	29.0
734	-0.517674	176.598949	0.001421	29.4
735	-0.337639	176.472173	0.002344	24.8
736	-0.614585	176.345639	0.001415	30.7
737	-0.000000	176.219348	0.000000	26.2
738	-0.005641	176.093296	0.000247	22.9
739	-0.386348	175.967486	0.002842	31.6
740	-0.605390	175.841914	0.003051	25.1
741	-0.267612	175.716581	0.002499	23.2
742	-0.000000	175.591486	0.000000	34.6
743	-0.107027	175.466629	0.001839	20.3
744	-0.187811	175.342008	0.001649	23.6
745	-0.714009	175.217622	0.002076	23.5
746	-0.130832	175.093472	0.001417	21.4
747	-0.271395	174.969556	0.002820	22.0
748	-0.364566	174.845873	0.001400	22.1
749	-0.589465	174.722423	0.002251	28.5
750	-0.257312	174.599206	0.002157	23.9
751	-0.000000	174.476220	0.000000	26.2
752	-0.201171	174.353464	0.002647	26.7
753	-0.243272	174.230939	0.001620	26.3
754	-0.124873	174.108643	0.001914	22.2
755	-0.000000	173.986576	0.000000	21.2
756	-0.245429	173.864737	0.001958	28.2
757	-0.000000	173.743124	0.000000	20.1
758	-0.000000	173.621739	0.000000	30.5
759	-0.127956	173.500579	0.000806	25.5
760	-0.000000	173.379645	0.000000	22.5
761	-0.226552	173.258935	0.001191	26.9
762	-0.259314	173.138449	0.005635	24.6
763	-0.077991	173.018186	0.000665	29.2
764	-0.332128	172.898146	0.005985	27.4
765	-0.630212	172.778327	0.005700	23.6
766	-0.420601	172.658730	0.003130	30.2
767	-0.179922	172.539353	0.001718	23.8
768	-0.354992	172.420196	0.001862	23.6
769	-0.269709	172.301258	0.001652	29.1
770	-0.190463	172.182539	0.002203	31.9
771	-0.596146	172.064037	0.004982	28.1
772	-0.000000	171.945753	0.000000	24.4
773	-0.266776	171.827686	0.001740	27.1
774	-0.125522	171.709834	0.005215	24.3
775	-0.000000	171.592198	0.000000	27.6
776	-0.389998	171.474776	0.001251	31.7
777	-0.651436	171.357568	0.002016	20.5
778	-0.000000	171.240574	0.000000	23.6
779	-0.159876	171.123793	0.001192	24.5
780	-0.010267	171.007223	0.000422	28.9
781	-0.064548	170.890865	0.000914	25.1
782	-0.096126	170.774718	0.000771	24.3
783	-0.110373	170.658782	0.000787	23.3
784	-0.000000	170.543055	0.000000	23.8
785	-0.583034	170.427537	0.002930	25.0
786	-0.281384	170.312227	0.001748	23.9
787	-0.000000	170.197125	0.000000	26.4
788	-0.183700	170.082231	0.001008	28.8
789	-0.454102	169.967543	0.001834	26.1
790	-0.389481	169.853061	0.001398	22.9
791	-0.606044	169.738784	0.002961	22.0
792	-0.000000	169.624713	0.000000	26.9
793	-0.603671	169.510845	0.004242	26.2
794	-0.497590	169.397181	0.002145	21.9
795	-0.000000	169.283720	0.000000	24.7
796	-0.181077	169.170462	0.002048	23.1
797	-0.266672	169.057405	0.000428	33.0
798	-0.193033	168.944549	0.000582	22.9
799	-0.000000	168.831895	0.000000	29.8
800	-0.604776	168.719440	0.002962	22.8
801	-0.000000	168.607185	0.000000	23.3
802	-0.489050	168.495129	0.003383	22.7
803	-0.241651	168.383271	0.001027	26.8
804	-0.162740	168.271611	0.001257	31.7
805	-0.000000	168.160148	0.000000	23.1
806	-0.275719	168.048882	0.001339	27.6
807	-0.222811	167.937812	0.001775	24.1
808	-0.000000	167.826938	0.000000	23.7
809	-0.000000	167.716258	0.000000	27.6
810	-0.108917	167.605773	0.000952	29.7
811	-0.650934	167.495482	0.002459	22.7
812	-0.254806	167.385384	0.002033	22.3
813	-0.503874	167.275479	0.002790	34.8
814	-0.358107	167.165766	0.002551	21.5
815	-0.440732	167.056245	0.003345	26.9
816	-0.000000	166.946915	0.000000	27.5
817	-0.224612	166.837776	0.001916	25.0
818	-0.170687	166.728826	0.001079	24.8
819	-0.698644	166.620067	0.002459	22.9
820	-0.200302	166.511496	0.001102	18.4
821	-0.074419	166.403113	0.000626	29.1
822	-0.000000	166.294919	0.000000	21.7
823	-0.060961	166.186912	0.000976	25.1
824	-0.131964	166.079091	0.001734	21.6
825	-0.000766	165.971458	0.000149	22.8
826	-0.299909	165.864009	0.001390	26.8
827	-0.351849	165.756747	0.002830	31.5
828	-0.000000	165.649669	0.000000	25.7
829	-0.000000	165.542775	0.000000	24.7
830	-0.605780	165.436065	0.002906	21.0
831	-0.696263	165.329538	0.002619	26.8
832	-0.000000	165.223194	0.000000	26.0
833	-0.375495	165.117032	0.001578	21.3
834	-0.220233	165.011052	0.000993	24.7
835	-0.388701	164.905253	0.001634	30.3
836	-0.253623	164.799635	0.001474	20.3
837	-0.000000	164.694197	0.000000	34.8
838	-0.644643	164.588939	0.001722	26.7
839	-0.689807	164.483859	0.004152	29.1
840	-0.249378	164.378959	0.001089	29.4
841	-0.000000	164.274237	0.000000	27.8
842	-0.624478	164.169692	0.003039	25.8
843	-0.157989	164.065325	0.001611	23.0
844	-0.000000	163.961135	0.000000	33.7
845	-0.000000	163.857120	0.000000	22.2
846	-0.391438	163.753282	0.001508	22.8
847	-0.613607	163.649619	0.002138	23.2
848	-0.000000	163.546130	0.000000	24.6
849	-0.159096	163.442816	0.001402	27.5
850	-0.418463	163.339676	0.002047	31.2
851	-0.000000	163.236709	0.000000	33.0
852	-0.567379	163.133915	0.001945	21.8
853	-0.504149	163.031294	0.002241	22.2
854	-0.584238	162.928844	0.005369	27.2
855	-0.470495	162.826566	0.002078	22.4
856	-0.150235	162.724459	0.001251	21.6
857	-0.000000	162.622523	0.000000	24.0
858	-0.000000	162.520757	0.000000	22.6
859	-0.098094	162.419160	0.001458	26.5
860	-0.000000	162.317733	0.000000	22.0
861	-0.000000	162.216474	0.000000	24.7
862	-0.000000	162.115383	0.000000	24.1
863	-0.067999	162.014461	0.000673	23.2
864	-0.258446	161.913705	0.000447	31.6
865	-0.626345	161.813117	0.002700	24.5
866	-0.000000	161.712695	0.000000	24.3
867	-0.222021	161.612439	0.002691	27.1
868	-0.000000	161.512349	0.000000	23.9
869	-0.000000	161.412424	0.000000	28.1
870	-0.265013	161.312663	0.002260	27.8
871	-0.482697	161.213067	0.002417	27.4
872	-0.655016	161.113635	0.002345	24.4
873	-0.530945	161.014366	0.002353	29.1
874	-0.000000	160.915260	0.000000	26.8
875	-0.602588	160.816316	0.002745	28.2
876	-0.000000	160.717535	0.000000	24.5
877	-0.641374	160.618915	0.002417	24.3
878	-0.597231	160.520456	0.002949	22.0
879	-0.000000	160.422158	0.000000	24.0
880	-0.000000	160.324021	0.000000	24.3
881	-0.000000	160.226043	0.000000	23.3
882	-0.166915	160.128225	0.001745	22.3
883	-0.000000	160.030566	0.000000	27.1
884	-0.664500	159.933066	0.002241	23.3
885	-0.000000	159.835723	0.000000	22.9
886	-0.329001	159.738539	0.001080	24.1
887	-0.519195	159.641512	0.003134	29.0
888	-0.000000	159.544642	0.000000	27.6
889	-0.222364	159.447929	0.002545	33.3
890	-0.389946	159.351372	0.003756	25.4
891	-0.517879	159.254971	0.002877	28.9
892	-0.347155	159.158725	0.001413	28.2
893	-0.637190	159.062634	0.002651	24.8
894	-0.685334	158.966697	0.002822	28.7
895	-0.000000	158.870915	0.000000	33.6
896	-0.326505	158.775286	0.002839	20.7
897	-0.212295	158.679811	0.001825	22.7
898	-0.604576	158.584489	0.002068	26.5
899	-0.121615	158.489319	0.001705	29.5
900	-0.000000	158.394302	0.000000	22.6
901	-0.000020	158.299436	0.000005	26.1
902	-0.002929	158.204721	0.000349	26.6
903	-0.000000	158.110158	0.000000	30.6
904	-0.511109	158.015745	0.002376	25.1
905	-0.064886	157.921482	0.000832	28.4
906	-0.473503	157.827369	0.003295	24.4
907	-0.003021	157.733406	0.000094	28.2
908	-0.227964	157.639591	0.001753	23.6
909	-0.269477	157.545925	0.001965	23.1
910	-0.038128	157.452408	0.000572	23.5
911	-0.000000	157.359038	0.000000	24.8
912	-0.419515	157.265816	0.002215	25.0
913	-0.496453	157.172741	0.003333	26.9
914	-0.000000	157.079813	0.000000	23.0
915	-0.045492	156.987031	0.000501	25.2
916	-0.099429	156.894395	0.000442	21.0
917	-0.202015	156.801904	0.000696	25.8
918	-0.117306	156.709559	0.001324	26.2
919	-0.352669	156.617359	0.001454	22.4
920	-0.035850	156.525304	0.000429	24.4
921	-0.612749	156.433392	0.004517	23.1
922	-0.000000	156.341624	0.000000	28.2
923	-0.249610	156.250000	0.001584	28.8
924	-0.564937	156.158519	0.004718	26.2
925	-0.179287	156.067180	0.001940	21.6
926	-0.000000	155.975984	0.000000	33.7
927	-0.492987	155.884930	0.002641	18.9
928	-0.196593	155.794017	0.001540	23.2
929	-0.539535	155.703246	0.003373	21.3
930	-0.357970	155.612615	0.002670	24.3
931	-0.494294	155.522125	0.003719	26.6
932	-0.549086	155.431775	0.002135	21.2
933	-0.399720	155.341565	0.003043	24.9
934	-0.540401	155.251495	0.002346	28.1
935	-0.019659	155.161563	0.000856	19.9
936	-0.521851	155.071771	0.002465	24.3
937	-0.287764	154.982117	0.001710	22.1
938	-0.085433	154.892601	0.000729	24.0
939	-0.000000	154.803222	0.000000	27.5
940	-0.220103	154.713981	0.002214	27.9
941	-0.565465	154.624878	0.001960	22.0
942	-0.233660	154.535910	0.002381	21.2
943	-0.319830	154.447080	0.000909	28.4
944	-0.000392	154.358385	0.000022	25.4
945	-0.000000	154.269826	0.000000	29.3
946	-0.448923	154.181402	0.001802	25.6
947	-0.439145	154.093114	0.002972	27.5
948	-0.264933	154.004960	0.001925	21.2
949	-0.571685	153.916940	0.003763	22.2
950	-0.380819	153.829054	0.002140	22.3
951	-0.000000	153.741303	0.000000	30.6
952	-0.123057	153.653684	0.000906	22.4
953	-0.559247	153.566198	0.004344	24.3
954	-0.291997	153.478846	0.001222	29.1
955	-0.000000	153.391625	0.000000	32.2
956	-0.000000	153.304537	0.000000	25.8
957	-0.476115	153.217580	0.002622	23.3
958	-0.000000	153.130755	0.000000	25.4
959	-0.496069	153.044061	0.002376	23.3
960	-0.209940	152.957498	0.002342	27.8
961	-0.000358	152.871065	0.000180	20.5
962	-0.000000	152.784762	0.000000	28.6
963	-0.056063	152.698589	0.000645	27.7
964	-0.017468	152.612545	0.000143	26.0
965	-0.279856	152.526631	0.001918	23.1
966	-0.182832	152.440845	0.001503	22.0
967	-0.085773	152.355188	0.000609	27.1
968	-0.275987	152.269660	0.001212	25.3
969	-0.143375	152.184259	0.000560	30.1
970	-0.210603	152.098986	0.001254	29.3
971	-0.209108	152.013840	0.001693	24.3
972	-0.665073	151.928821	0.002092	27.1
973	-0.404952	151.843928	0.003200	20.6
974	-0.000000	151.759163	0.000000	23.3
975	-0.626350	151.674523	0.002776	29.1
976	-0.263691	151.590009	0.002682	19.2
977	-0.294808	151.505620	0.002014	27.2
978	-0.375406	151.421357	0.002093	28.6
979	-0.000000	151.337218	0.000000	26.9
980	-0.000000	151.253204	0.000000	28.1
981	-0.000000	151.169314	0.000000	27.6
982	-0.068010	151.085549	0.000710	29.5
983	-0.214405	151.001907	0.006466	25.2
984	-0.000000	150.918388	0.000000	25.2
985	-0.677069	150.834992	0.006677	23.5
986	-0.257990	150.751719	0.002292	25.7
987	-0.301269	150.668569	0.001438	26.5
988	-0.000000	150.585541	0.000000	22.8
989	-0.569077	150.502634	0.002647	29.2
990	-0.409715	150.419849	0.002025	23.4
991	-0.000000	150.337186	0.000000	20.8
992	-0.706346	150.254644	0.003265	21.6
993	-0.647138	150.172222	0.001980	25.6
994	-0.257297	150.089921	0.007111	23.2
995	-0.127786	150.007740	0.001351	22.2
996	-0.463112	149.925679	0.002348	22.3
997	-0.000000	149.843737	0.000000	21.4
998	-0.577484	149.761915	0.001295	24.8
999	-0.299535	149.680212	0.001403	26.1
1000	-0.165516	149.598627	0.001252	23.4
1001	-0.313609	149.517161	0.004888	24.3
1002	-0.181792	149.435814	0.002851	23.4
1003	-0.681750	149.354584	0.002298	27.2
1004	-0.686745	149.273472	0.002512	27.9
1005	-0.000000	149.192477	0.000000	24.0
1006	-0.260247	149.111599	0.007287	27.9
1007	-0.068538	149.030838	0.000798	22.4
1008	-0.000000	148.950194	0.000000	22.7
1009	-0.280465	148.869666	0.001229	24.2
1010	-0.000000	148.789253	0.000000	29.4
1011	-0.323776	148.708957	0.001526	28.9
1012	-0.492662	148.628776	0.001947	34.1
1013	-0.000000	148.548710	0.000000	20.4
1014	-0.452590	148.468759	0.008600	29.3
1015	-0.170418	148.388923	0.001784	25.9
1016	-0.000000	148.309201	0.000000	22.7
1017	-0.696548	148.229594	0.002722	21.1
1018	-0.213311	148.150100	0.001310	29.2
1019	-0.000000	148.070719	0.000000	19.4
1020	-0.000000	147.991452	0.000000	22.2
1021	-0.504341	147.912298	0.002839	26.0
1022	-0.676057	147.833257	0.001977	23.5
1023	-0.420866	147.754329	0.000925	29.3
1024	-0.239312	147.675512	0.001191	29.7
1025	-0.079614	147.596808	0.001199	34.8
1026	-0.619392	147.518216	0.002642	21.0
1027	-0.246366	147.439735	0.001192	22.9
1028	-0.000000	147.361365	0.000000	27.6
1029	-0.283455	147.283106	0.002094	23.0
1030	-0.000000	147.204958	0.000000	25.5
1031	-0.047844	147.126920	0.001551	25.1
1032	-0.145140	147.048993	0.001532	33.1
1033	-0.191046	146.971175	0.002203	25.9
1034	-0.294290	146.893468	0.001678	22.9
1035	-0.064405	146.815869	0.001700	25.6
1036	-0.000000	146.738380	0.000000	34.7
1037	-0.548864	146.661000	0.003307	28.2
1038	-0.677686	146.583729	0.002974	26.3
1039	-0.000000	146.506566	0.000000	29.3
1040	-0.084113	146.429511	0.001793	25.2
1041	-0.128764	146.352565	0.002689	33.9
1042	-0.632098	146.275726	0.004274	23.9
1043	-0.000000	146.198994	0.000000	30.0
1044	-0.087422	146.122370	0.000825	28.0
1045	-0.000000	146.045853	0.000000	23.8
1046	-0.074605	145.969442	0.000610	23.2
1047	-0.000000	145.893139	0.000000	28.7
1048	-0.558386	145.816941	0.002168	29.0
1049	-0.611305	145.740849	0.001704	23.0
1050	-0.000000	145.664863	0.000000	23.8
1051	-0.227732	145.588983	0.001286	30.2
1052	-0.000000	145.513208	0.000000	27.0
1053	-0.273527	145.437538	0.001884	22.5
1054	-0.000000	145.361973	0.000000	27.3
1055	-0.360399	145.286513	0.003717	26.5
1056	-0.678211	145.211157	0.002334	23.8
1057	-0.239704	145.135905	0.001360	24.2
1058	-0.003648	145.060757	0.000119	24.4
1059	-0.142252	144.985712	0.006635	25.2
1060	-0.000000	144.910771	0.000000	22.3
1061	-0.087187	144.835934	0.000741	25.2
1062	-0.462902	144.761199	0.002964	26.3
1063	-0.662255	144.686567	0.002993	29.5
1064	-0.359209	144.612037	0.001842	29.9
1065	-0.085846	144.537610	0.000875	27.7
1066	-0.000783	144.463285	0.000025	24.7
1067	-0.264609	144.389062	0.001726	21.5
1068	-0.207185	144.314940	0.000910	28.8
1069	-0.532391	144.240920	0.002316	22.8
1070	-0.630917	144.167001	0.001820	24.2
1071	-0.000000	144.093182	0.000000	27.8
1072	-0.370567	144.019465	0.001895	24.3
1073	-0.215791	143.945848	0.001604	29.1
1074	-0.525398	143.872331	0.001916	30.4
1075	-0.251706	143.798914	0.001857	28.8
1076	-0.245592	143.725597	0.006631	22.5
1077	-0.128173	143.652380	0.000886	25.7
1078	-0.000000	143.579262	0.000000	21.1
1079	-0.000000	143.506243	0.000000	27.0
1080	-0.002846	143.433323	0.000063	24.8
1081	-0.281461	143.360502	0.001255	25.8
1082	-0.188758	143.287780	0.002296	24.8
1083	-0.052331	143.215155	0.000427	27.1
1084	-0.000000	143.142629	0.000000	22.9
1085	-0.000000	143.070201	0.000000	24.8
1086	-0.637389	142.997870	0.002454	23.6
1087	-0.216124	142.925637	0.002959	29.7
1088	-0.242271	142.853501	0.001643	23.6
1089	-0.595387	142.781462	0.001380	20.3
1090	-0.317390	142.709519	0.002133	25.1
1091	-0.092789	142.637674	0.001198	25.8
1092	-0.159753	142.565924	0.000366	25.4
1093	-0.000000	142.494271	0.000000	24.8
1094	-0.153326	142.422714	0.001009	29.9
1095	-0.410733	142.351252	0.001958	21.4
1096	-0.020385	142.279886	0.000156	21.4
1097	-0.000000	142.208616	0.000000	29.3
1098	-0.138084	142.137440	0.001495	21.5
1099	-0.191091	142.066360	0.001047	26.9
1100	-0.260888	141.995374	0.003450	21.1
1101	-0.623744	141.924483	0.003364	24.3
1102	-0.000000	141.853685	0.000000	25.3
1103	-0.000000	141.782983	0.000000	25.3
1104	-0.588368	141.712373	0.002476	21.3
1105	-0.393495	141.641858	0.002934	26.1
1106	-0.210237	141.571436	0.001576	25.5
1107	-0.125928	141.501108	0.001250	22.3
1108	-0.131720	141.430872	0.001054	25.6
1109	-0.220586	141.360730	0.001447	25.8
1110	-0.315400	141.290680	0.001508	31.4
1111	-0.000003	141.220722	0.000001	25.9
1112	-0.000703	141.150857	0.000130	29.1
1113	-0.422548	141.081084	0.002585	27.7
1114	-0.000741	141.011403	0.000041	22.4
1115	-0.208038	140.941813	0.002036	22.3
1116	-0.000000	140.872315	0.000000	21.5
1117	-0.225866	140.802909	0.000993	22.0
1118	-0.169581	140.733593	0.001225	25.5
1119	-0.409235	140.664369	0.002563	33.2
1120	-0.454706	140.595235	0.002895	21.9
1121	-0.155693	140.526192	0.007815	21.5
1122	-0.209722	140.457239	0.000724	23.4
1123	-0.095624	140.388376	0.000665	28.0
1124	-0.269794	140.319603	0.003478	27.8
1125	-0.279068	140.250920	0.002075	23.6
1126	-0.203554	140.182326	0.001700	27.4
1127	-0.096786	140.113822	0.000742	22.4
1128	-0.703941	140.045407	0.002433	23.3
1129	-0.684630	139.977081	0.002296	20.2
1130	-0.006989	139.908844	0.000121	27.4
1131	-0.294809	139.840696	0.002709	25.0
1132	-0.380498	139.772635	0.001731	21.3
1133	-0.343332	139.704664	0.002470	26.9
1134	-0.000000	139.636780	0.000000	27.0
1135	-0.597939	139.568984	0.003070	20.6
1136	-0.186732	139.501276	0.001692	27.9
1137	-0.373733	139.433655	0.003097	26.8
1138	-0.497207	139.366122	0.002611	30.1
1139	-0.000000	139.298676	0.000000	28.7
1140	-0.414231	139.231317	0.001597	23.8
1141	-0.000000	139.164045	0.000000	25.7
1142	-0.000000	139.096859	0.000000	25.7
1143	-0.057198	139.029760	0.000231	24.4
1144	-0.000000	138.962747	0.000000	23.7
1145	-0.000000	138.895820	0.000000	27.5
1146	-0.000000	138.828978	0.000000	23.1
1147	-0.137605	138.762223	0.001494	27.5
1148	-0.048876	138.695553	0.000989	24.1
1149	-0.000000	138.628969	0.000000	28.7
1150	-0.617603	138.562469	0.003648	28.4
1151	-0.703342	138.496055	0.006687	25.3
1152	-0.625139	138.429725	0.003140	22.5
1153	-0.000475	138.363481	0.000031	23.0
1154	-0.068804	138.297320	0.000897	24.6
1155	-0.000000	138.231244	0.000000	28.0
1156	-0.116000	138.165252	0.001666	26.2
1157	-0.301718	138.099344	0.000497	25.6
1158	-0.000000	138.033520	0.000000	34.8
1159	-0.000000	137.967779	0.000000	25.0
1160	-0.172520	137.902122	0.001354	28.1
1161	-0.567560	137.836548	0.003435	37.1
1162	-0.062121	137.771057	0.000630	25.5
1163	-0.000000	137.705649	0.000000	24.4
1164	-0.601064	137.640324	0.003619	28.4
1165	-0.232043	137.575081	0.002470	26.1
1166	-0.000000	137.509921	0.000000	26.4
1167	-0.000000	137.444842	0.000000	28.7
1168	-0.015456	137.379846	0.000068	29.9
1169	-0.000000	137.314932	0.000000	31.0
1170	-0.678617	137.250100	0.002168	29.8
1171	-0.225849	137.185349	0.001028	27.9
1172	-0.000000	137.120680	0.000000	22.5
1173	-0.000000	137.056092	0.000000	28.5
1174	-0.000000	136.991585	0.000000	23.0
1175	-0.194041	136.927158	0.001021	24.4
1176	-0.471265	136.862813	0.001764	24.7
1177	-0.602282	136.798548	0.003220	22.5
1178	-0.000000	136.734363	0.000000	26.1
1179	-0.334206	136.670259	0.001207	24.5
1180	-0.651064	136.606235	0.003584	24.4
1181	-0.047508	136.542291	0.000829	22.6
1182	-0.000000	136.478426	0.000000	22.1
1183	-0.070973	136.414641	0.000373	24.6
1184	-0.433311	136.350936	0.001199	24.1
1185	-0.000000	136.287310	0.000000	25.5
1186	-0.251388	136.223763	0.001863	25.1
1187	-0.337371	136.160295	0.001740	30.1
1188	-0.369324	136.096905	0.002601	25.9
1189	-0.100871	136.033594	0.000393	28.2
1190	-0.390712	135.970362	0.002677	27.4
1191	-0.070715	135.907208	0.001129	22.7
1192	-0.628703	135.844133	0.002303	23.7
1193	-0.000000	135.781135	0.000000	20.6
1194	-0.089902	135.718215	0.000968	23.1
1195	-0.000000	135.655373	0.000000	22.7
1196	-0.414516	135.592608	0.002684	29.0
1197	-0.194494	135.529921	0.002252	22.2
1198	-0.338582	135.467311	0.002173	23.2
1199	-0.028000	135.404778	0.001715	26.2
1200	-0.000000	135.342322	0.000000	23.4
1201	-0.487814	135.279942	0.002808	21.6
1202	-0.334998	135.217640	0.001414	27.4
1203	-0.354454	135.155413	0.001053	21.1
1204	-0.448237	135.093263	0.003021	25.8
1205	-0.181853	135.031190	0.001702	34.3
1206	-0.000000	134.969192	0.000000	30.4
1207	-0.318977	134.907270	0.002689	26.6
1208	-0.000000	134.845424	0.000000	25.1
1209	-0.255039	134.783653	0.001725	26.8
1210	-0.276478	134.721958	0.001363	31.4
1211	-0.281610	134.660338	0.003041	24.1
1212	-0.377684	134.598793	0.001327	29.6
1213	-0.137348	134.537323	0.001748	23.4
1214	-0.000000	134.475927	0.000000	26.1
1215	-0.000603	134.414607	0.000061	25.1
1216	-0.406142	134.353361	0.002105	25.3
1217	-0.265097	134.292189	0.008739	22.7
1218	-0.000000	134.231092	0.000000	31.2
1219	-0.581006	134.170068	0.002362	22.0
1220	-0.120601	134.109119	0.001065	21.2
1221	-0.273870	134.048243	0.000886	23.3
1222	-0.660758	133.987441	0.010240	21.7
1223	-0.607894	133.926713	0.003510	27.3
1224	-0.000000	133.866057	0.000000	22.0
1225	-0.426507	133.805475	0.003137	21.7
1226	-0.389497	133.744966	0.002987	26.4
1227	-0.000000	133.684530	0.000000	27.8
1228	-0.106829	133.624167	0.002269	33.3
1229	-0.000000	133.563877	0.000000	20.5
1230	-0.024999	133.503658	0.000731	25.7
1231	-0.677666	133.443513	0.003071	28.2
1232	-0.000000	133.383439	0.000000	26.8
1233	-0.622705	133.323437	0.002762	22.9
1234	-0.029279	133.263508	0.000297	28.9
1235	-0.000000	133.203650	0.000000	32.8
1236	-0.234871	133.143864	0.001584	20.2
1237	-0.000000	133.084149	0.000000	25.9
1238	-0.000000	133.024506	0.000000	26.8
1239	-0.202004	132.964934	0.002243	22.9
1240	-0.228259	132.905433	0.001387	20.7
1241	-0.480826	132.846003	0.003128	24.6
1242	-0.000000	132.786643	0.000000	29.2
1243	-0.609263	132.727355	0.002141	20.5
1244	-0.178322	132.668137	0.006801	21.9
1245	-0.171684	132.608989	0.004276	24.8
1246	-0.000000	132.549912	0.000000	31.8
1247	-0.365217	132.490904	0.002457	20.7
1248	-0.362128	132.431967	0.002068	31.1
1249	-0.654805	132.373100	0.001930	24.1
1250	-0.170529	132.314302	0.000349	28.1
1251	-0.003308	132.255574	0.000000	28.9
1252	-0.535609	132.196916	0.002958	23.3
1253	-0.000000	132.138326	0.000000	22.9
1254	-0.000000	132.079806	0.000000	24.5
1255	-0.000000	132.021355	0.000000	23.8
1256	-0.626392	131.962973	0.004712	21.5
1257	-0.000000	131.904660	0.000000	22.6
1258	-0.440667	131.846415	0.002605	26.9
1259	-0.049491	131.788239	0.000696	22.0
1260	-0.163360	131.730131	0.001132	21.7
1261	-0.000000	131.672092	0.000000	24.9
1262	-0.448370	131.614121	0.002199	21.5
1263	-0.000000	131.556217	0.000000	23.4
1264	-0.000000	131.498382	0.000000	23.6
1265	-0.000000	131.440614	0.000000	22.4
1266	-0.526378	131.382914	0.002926	21.4
1267	-0.000533	131.325282	0.000149	30.7
1268	-0.490770	131.267717	0.003344	19.3
1269	-0.000000	131.210219	0.000000	24.8
1270	-0.000000	131.152788	0.000000	29.3
1271	-0.530426	131.095424	0.003035	28.4
1272	-0.000000	131.038127	0.000000	21.1
1273	-0.628122	130.980897	0.001750	21.7
1274	-0.000000	130.923733	0.000000	22.4
1275	-0.072633	130.866636	0.001263	28.3
1276	-0.040013	130.809605	0.000393	24.2
1277	-0.232938	130.752641	0.000938	22.5
1278	-0.427527	130.695742	0.001827	29.6
1279	-0.000000	130.638910	0.000000	27.6
1280	-0.447452	130.582143	0.001519	28.6
1281	-0.075954	130.525442	0.001940	29.2
1282	-0.297847	130.468807	0.001655	29.3
1283	-0.715043	130.412237	0.001945	24.6
1284	-0.000000	130.355733	0.000000	26.6
1285	-0.217189	130.299294	0.003728	31.9
1286	-0.112549	130.242920	0.001629	24.1
1287	-0.614992	130.186611	0.004141	27.4
1288	-0.000000	130.130366	0.000000	25.0
1289	-0.603105	130.074187	0.002414	27.6
1290	-0.246640	130.018072	0.003209	23.6
1291	-0.613101	129.962022	0.004196	26.9
1292	-0.206273	129.906036	0.001503	23.8
1293	-0.000000	129.850114	0.000000	27.3
1294	-0.036457	129.794257	0.000647	29.1
1295	-0.094679	129.738463	0.000516	22.9
1296	-0.000157	129.682734	0.000017	23.6
1297	-0.310898	129.627068	0.001366	24.6
1298	-0.000000	129.571466	0.000000	23.0
1299	-0.000000	129.515927	0.000000	25.7
1300	-0.000000	129.460452	0.000000	21.7
1301	-0.398774	129.405040	0.003668	25.3
1302	-0.302387	129.349692	0.002012	29.6
1303	-0.002330	129.294406	0.000295	26.7
1304	-0.079001	129.239183	0.001269	21.9
1305	-0.000000	129.184024	0.000000	27.0
1306	-0.000000	129.128927	0.000000	27.3
1307	-0.134684	129.073892	0.000634	25.6
1308	-0.000000	129.018921	0.000000	28.9
1309	-0.320720	128.964011	0.001442	27.6
1310	-0.056165	128.909164	0.001335	27.4
1311	-0.417814	128.854379	0.001641	30.7
1312	-0.601215	128.799656	0.005206	21.9
1313	-0.148765	128.744995	0.001593	26.9
1314	-0.278184	128.690396	0.006466	33.0
1315	-0.527983	128.635858	0.002065	27.3
1316	-0.266005	128.581382	0.002092	21.3
1317	-0.000000	128.526968	0.000000	22.7
1318	-0.000000	128.472615	0.000000	24.4
1319	-0.004861	128.418323	0.000188	27.3
1320	-0.375131	128.364092	0.002328	24.1
1321	-0.409674	128.309922	0.002542	23.8
1322	-0.221519	128.255814	0.001780	27.1
1323	-0.259958	128.201766	0.001598	32.4
1324	-0.154795	128.147778	0.001010	26.8
1325	-0.335921	128.093852	0.003166	24.0
1326	-0.000000	128.039985	0.000000	32.6
1327	-0.270711	127.986180	0.001072	30.7
1328	-0.113776	127.932434	0.000785	25.9
1329	-0.468537	127.878749	0.001747	23.0
1330	-0.125633	127.825123	0.000688	23.8
1331	-0.016678	127.771558	0.000639	30.8
1332	-0.000000	127.718052	0.000000	28.7
1333	-0.477415	127.664606	0.001763	24.4
1334	-0.232429	127.611220	0.003304	32.4
1335	-0.196142	127.557893	0.002320	29.8
1336	-0.411231	127.504625	0.002282	20.4
1337	-0.000000	127.451417	0.000000	22.8
1338	-0.608439	127.398268	0.003546	27.4
1339	-0.157144	127.345178	0.001252	22.7
1340	-0.475553	127.292147	0.002802	23.2
1341	-0.304814	127.239175	0.003648	26.7
1342	-0.107962	127.186261	0.001024	28.8
1343	-0.627328	127.133407	0.004821	28.1
1344	-0.540622	127.080610	0.002187	28.5
1345	-0.000000	127.027872	0.000000	30.8
1346	-0.479369	126.975193	0.003553	28.2
1347	-0.300272	126.922572	0.007644	27.0
1348	-0.378625	126.870008	0.004020	24.8
1349	-0.000000	126.817503	0.000000	34.5
1350	-0.487121	126.765056	0.002916	26.2
1351	-0.109670	126.712667	0.000649	27.3
1352	-0.000000	126.660335	0.000000	28.3
1353	-0.528345	126.608061	0.002191	31.9
1354	-0.526353	126.555844	0.002793	26.1
1355	-0.310910	126.503685	0.001543	27.5
1356	-0.156763	126.451583	0.001536	24.6
1357	-0.608412	126.399538	0.004153	30.8
1358	-0.683714	126.347550	0.002636	25.4
1359	-0.652967	126.295619	0.002490	29.0
1360	-0.237687	126.243745	0.001444	24.7
1361	-0.344086	126.191928	0.004082	27.3
1362	-0.579058	126.140168	0.002005	22.3
1363	-0.223300	126.088464	0.001013	22.7
1364	-0.413234	126.036817	0.002582	27.3
1365	-0.217961	125.985226	0.001247	27.0
1366	-0.025211	125.933691	0.000299	26.2
1367	-0.057191	125.882212	0.001778	27.2
1368	-0.282130	125.830790	0.002479	24.9
1369	-0.469554	125.779423	0.002160	21.3
1370	-0.392718	125.728113	0.002133	22.2
1371	-0.648899	125.676858	0.006154	23.6
1372	-0.637811	125.625659	0.002455	30.2
1373	-0.160247	125.574515	0.001138	26.3
1374	-0.576812	125.523427	0.002832	21.2
1375	-0.000000	125.472394	0.000000	25.5
1376	-0.725129	125.421417	0.002060	28.4
1377	-0.502416	125.370495	0.002436	23.3
1378	-0.000000	125.319628	0.000000	21.7
1379	-0.011051	125.268815	0.000259	23.3
1380	-0.258073	125.218058	0.001480	26.4
1381	-0.065336	125.167356	0.000443	21.4
1382	-0.245105	125.116708	0.001318	28.0
1383	-0.622773	125.066115	0.002835	20.7
1384	-0.668796	125.015576	0.002632	28.9
1385	-0.288059	124.965092	0.002258	22.3
1386	-0.000000	124.914662	0.000000	21.0
1387	-0.502745	124.864287	0.006846	27.7
1388	-0.263471	124.813965	0.001846	28.3
1389	-0.262590	124.763698	0.001991	25.5
1390	-0.397967	124.713485	0.002376	23.4
1391	-0.000000	124.663325	0.000000	21.0
1392	-0.663866	124.613219	0.002805	26.5
1393	-0.000000	124.563167	0.000000	28.2
1394	-0.000000	124.513168	0.000000	28.3
1395	-0.237692	124.463223	0.001507	30.9
1396	-0.159493	124.413332	0.001805	37.2
1397	-0.000000	124.363493	0.000000	20.2
1398	-0.220556	124.313708	0.001586	23.0
1399	-0.000000	124.263976	0.000000	28.1
1400	-0.277182	124.214297	0.001668	24.9
1401	-0.488048	124.164671	0.002019	22.9
1402	-0.000000	124.115097	0.000000	26.8
1403	-0.394796	124.065577	0.001456	27.1
1404	-0.000000	124.016109	0.000000	24.8
1405	-0.257137	123.966693	0.009022	25.6
1406	-0.061559	123.917330	0.001027	22.9
1407	-0.000000	123.868020	0.000000	28.5
1408	-0.232587	123.818762	0.002760	22.0
1409	-0.622042	123.769556	0.001965	33.5
1410	-0.000000	123.720402	0.000000	23.0
1411	-0.149673	123.671300	0.001380	22.3
1412	-0.596998	123.622250	0.002965	32.7
1413	-0.639294	123.573252	0.002769	19.1
1414	-0.577137	123.524305	0.002965	21.2
1415	-0.603694	123.475411	0.004080	28.4
1416	-0.545905	123.426568	0.002985	23.3
1417	-0.089094	123.377776	0.000566	23.2
1418	-0.079793	123.329036	0.000521	26.0
1419	-0.068192	123.280347	0.000746	25.8
1420	-0.381215	123.231709	0.001478	24.5
1421	-0.161139	123.183122	0.001980	23.7
1422	-0.000000	123.134587	0.000000	21.3
1423	-0.056948	123.086102	0.001005	25.2
1424	-0.273608	123.037669	0.001753	25.9
1425	-0.004433	122.989286	0.000033	27.8
1426	-0.000000	122.940954	0.000000	29.3
1427	-0.481786	122.892672	0.001789	23.1
1428	-0.086179	122.844441	0.000795	27.2
1429	-0.600019	122.796261	0.003306	31.0
1430	-0.208234	122.748130	0.000297	28.7
1431	-0.000000	122.700050	0.000000	26.6
1432	-0.175455	122.652021	0.000912	20.6
1433	-0.368918	122.604041	0.001691	21.9
1434	-0.551511	122.556111	0.002208	26.7
1435	-0.064686	122.508232	0.000175	26.4
1436	-0.000000	122.460402	0.000000	28.8
1437	-0.000000	122.412622	0.000000	23.9
1438	-0.313645	122.364891	0.001441	22.4
1439	-0.250912	122.317210	0.002049	28.9
1440	-0.620920	122.269579	0.002322	20.6
1441	-0.476069	122.221997	0.001817	21.4
1442	-0.000000	122.174465	0.000000	23.4
1443	-0.532332	122.126981	0.002112	21.9
1444	-0.504860	122.079547	0.001977	27.8
1445	-0.000000	122.032162	0.000000	23.7
1446	-0.000001	121.984826	0.000001	21.6
1447	-0.227380	121.937539	0.000999	23.6
1448	-0.236752	121.890301	0.002796	24.0
1449	-0.131662	121.843112	0.001386	25.0
1450	-0.315405	121.795971	0.001858	22.6
1451	-0.547766	121.748879	0.003797	20.8
1452	-0.016176	121.701835	0.000317	21.8
1453	-0.163603	121.654840	0.003638	30.2
1454	-0.000000	121.607893	0.000000	20.4
1455	-0.138283	121.560994	0.001023	21.7
1456	-0.706049	121.514144	0.004361	22.0
1457	-0.000000	121.467342	0.000000	22.8
1458	-0.461528	121.420588	0.002126	24.9
1459	-0.602064	121.373882	0.003749	28.3
1460	-0.000000	121.327223	0.000000	26.7
1461	-0.126643	121.280613	0.000898	29.8
1462	-0.000000	121.234050	0.000000	22.0
1463	-0.336283	121.187535	0.003345	22.2
1464	-0.363306	121.141067	0.002274	22.0
1465	-0.106739	121.094647	0.000970	25.6
1466	-0.124558	121.048274	0.001611	26.1
1467	-0.336344	121.001949	0.002132	21.0
1468	-0.313362	120.955671	0.002038	32.6
1469	-0.184306	120.909440	0.001728	27.9
1470	-0.201883	120.863256	0.001986	21.0
1471	-0.621401	120.817119	0.006487	27.6
1472	-0.000000	120.771029	0.000000	28.3
1473	-0.162687	120.724986	0.001941	26.6
1474	-0.586152	120.678990	0.001621	25.2
1475	-0.022634	120.633040	0.000240	30.2
1476	-0.417927	120.587137	0.003618	25.1
1477	-0.082097	120.541281	0.001155	24.7
1478	-0.523107	120.495471	0.001473	25.5
1479	-0.170907	120.449707	0.001490	26.4
1480	-0.264542	120.403990	0.001720	28.2
1481	-0.334066	120.358319	0.002769	21.2
1482	-0.515553	120.312694	0.002410	23.8
1483	-0.235883	120.267115	0.002304	23.8
1484	-0.000000	120.221582	0.000000	26.0
1485	-0.261281	120.176096	0.002248	23.7
1486	-0.000000	120.130655	0.000000	25.0
1487	-0.000000	120.085260	0.000000	24.7
1488	-0.194664	120.039910	0.001462	24.7
1489	-0.316496	119.994606	0.004669	20.7
1490	-0.101485	119.949348	0.001950	22.6
1491	-0.503028	119.904135	0.002969	27.8
1492	-0.322182	119.858968	0.002307	24.9
1493	-0.283570	119.813846	0.001512	26.7
1494	-0.299025	119.768769	0.000973	26.3
1495	-0.412512	119.723738	0.002198	21.0
1496	-0.077730	119.678752	0.000675	24.3
1497	-0.556996	119.633810	0.002148	28.0
1498	-0.143982	119.588914	0.001885	27.7
1499	-0.636368	119.544062	0.002425	24.5
1500	-0.000000	119.499256	0.000000	30.3
1501	-0.408903	119.454494	0.006834	29.5
1502	-0.000000	119.409777	0.000000	28.5
1503	-0.448603	119.365104	0.002484	24.1
1504	-0.278614	119.320476	0.001885	23.0
1505	-0.401132	119.275893	0.002493	23.5
1506	-0.423066	119.231353	0.003706	23.0
1507	-0.000000	119.186859	0.000000	28.7
1508	-0.010464	119.142408	0.000701	28.6
1509	-0.000000	119.098002	0.000000	22.6
1510	-0.645945	119.053639	0.002596	25.9
1511	-0.379805	119.009321	0.001840	23.5
1512	-0.000000	118.965047	0.000000	20.4
1513	-0.000000	118.920816	0.000000	21.8
1514	-0.000000	118.876630	0.000000	24.7
1515	-0.362783	118.832487	0.001667	29.6
1516	-0.618155	118.788388	0.001675	26.2
1517	-0.233517	118.744332	0.002294	24.7
1518	-0.304635	118.700320	0.002309	23.5
1519	-0.060024	118.656352	0.000474	27.9
1520	-0.000000	118.612427	0.000000	28.7
1521	-0.604334	118.568545	0.002726	27.7
1522	-0.617539	118.524706	0.003202	26.3
1523	-0.639750	118.480911	0.003614	29.3
1524	-0.690697	118.437159	0.003206	23.1
1525	-0.000000	118.393450	0.000000	23.6
1526	-0.028666	118.349784	0.000825	28.7
1527	-0.067422	118.306160	0.000108	27.3
1528	-0.267568	118.262580	0.006512	27.7
1529	-0.075889	118.219042	0.000192	33.1
1530	-0.427185	118.175548	0.001659	25.8
1531	-0.000000	118.132095	0.000000	27.0
1532	-0.000002	118.088686	0.000000	30.6
1533	-0.231566	118.045319	0.001446	27.3
1534	-0.590668	118.001994	0.001961	27.9
1535	-0.000000	117.958712	0.000000	22.3
1536	-0.000000	117.915472	0.000000	29.3
1537	-0.000000	117.872274	0.000000	28.9
1538	-0.432630	117.829118	0.002200	23.9
1539	-0.000000	117.786005	0.000000	23.3
1540	-0.668249	117.742933	0.003443	27.9
1541	-0.581370	117.699904	0.003683	26.5
1542	-0.041415	117.656916	0.000426	26.5
1543	-0.443284	117.613971	0.003233	23.7
1544	-0.000000	117.571067	0.000000	23.1
1545	-0.610919	117.528205	0.001612	24.2
1546	-0.000000	117.485384	0.000000	28.8
1547	-0.105597	117.442605	0.001174	27.9
1548	-0.000000	117.399867	0.000000	29.7
1549	-0.509671	117.357171	0.003459	30.1
1550	-0.000000	117.314517	0.000000	29.7
1551	-0.292942	117.271903	0.008006	25.2
1552	-0.372157	117.229331	0.002347	30.0
1553	-0.583575	117.186800	0.004166	30.3
1554	-0.487376	117.144311	0.003675	23.6
1555	-0.124508	117.101862	0.008026	23.0
1556	-0.149924	117.059454	0.001587	22.9
1557	-0.656188	117.017087	0.002700	22.6
1558	-0.155646	116.974762	0.001807	22.0
1559	-0.484597	116.932476	0.004362	21.0
1560	-0.000000	116.890232	0.000000	27.7
1561	-0.197591	116.848028	0.000869	27.6
1562	-0.382575	116.805865	0.001374	22.6
1563	-0.386717	116.763743	0.001865	25.5
1564	-0.253833	116.721661	0.001493	26.6
1565	-0.056935	116.679619	0.000679	19.4
1566	-0.388067	116.637618	0.001236	23.3
1567	-0.256478	116.595657	0.001547	19.9
1568	-0.616702	116.553736	0.002072	23.5
1569	-0.000000	116.511855	0.000000	27.2
1570	-0.090608	116.470015	0.001295	27.4
1571	-0.473751	116.428214	0.002004	27.6
1572	-0.172641	116.386454	0.002778	23.4
1573	-0.270544	116.344733	0.002944	21.4
1574	-0.549746	116.303052	0.002521	27.9
1575	-0.116217	116.261412	0.001212	26.3
1576	-0.367286	116.219810	0.002032	22.9
1577	-0.183433	116.178249	0.001271	26.1
1578	-0.031236	116.136727	0.000177	35.9
1579	-0.359402	116.095245	0.002176	23.1
1580	-0.695806	116.053802	0.003186	23.7
1581	-0.340272	116.012398	0.002024	24.1
1582	-0.034969	115.971034	0.000545	27.0
1583	-0.000000	115.929710	0.000000	23.6
1584	-0.000000	115.888424	0.000000	22.1
1585	-0.099239	115.847178	0.000807	23.0
1586	-0.000000	115.805970	0.000000	27.9
1587	-0.144596	115.764802	0.001641	28.4
1588	-0.524745	115.723673	0.004373	21.3
1589	-0.450517	115.682583	0.001318	25.7
1590	-0.272620	115.641532	0.002237	27.6
1591	-0.193115	115.600519	0.001260	24.3
1592	-0.177742	115.559546	0.000966	23.9
1593	-0.353047	115.518610	0.001561	24.0
1594	-0.086272	115.477714	0.002021	23.3
1595	-0.580823	115.436856	0.002521	28.4
1596	-0.510423	115.396037	0.003302	23.8
1597	-0.285509	115.355256	0.000643	24.5
1598	-0.000000	115.314514	0.000000	27.3
1599	-0.000000	115.273810	0.000000	36.8
1600	-0.000346	115.233144	0.000678	24.4
1601	-0.684732	115.192517	0.001853	24.7
1602	-0.235930	115.151927	0.000760	24.4
1603	-0.381292	115.111376	0.002451	22.0
1604	-0.000779	115.070863	0.000030	22.0
1605	-0.196901	115.030388	0.001184	19.3
1606	-0.173948	114.989951	0.001070	24.5
1607	-0.000000	114.949551	0.000000	22.6
1608	-0.000000	114.909190	0.000000	27.3
1609	-0.000000	114.868866	0.000000	28.3
1610	-0.000000	114.828580	0.000000	24.7
1611	-0.283940	114.788332	0.001351	25.6
1612	-0.708845	114.748121	0.002641	22.6
1613	-0.228913	114.707948	0.001666	28.0
1614	-0.451333	114.667812	0.002349	24.8
1615	-0.562915	114.627714	0.002387	25.3
1616	-0.357854	114.587653	0.001386	21.6
1617	-0.333299	114.547629	0.001728	28.9
1618	-0.000000	114.507643	0.000000	26.6
1619	-0.391958	114.467693	0.003675	21.9
1620	-0.042316	114.427781	0.001032	26.3
1621	-0.300778	114.387907	0.002201	25.0
1622	-0.000000	114.348069	0.000000	23.7
1623	-0.317015	114.308268	0.002369	30.8
1624	-0.574506	114.268504	0.004291	27.2
1625	-0.220429	114.228777	0.001929	26.0
1626	-0.408358	114.189086	0.003051	23.2
1627	-0.230897	114.149433	0.002336	24.4
1628	-0.111214	114.109816	0.001019	23.8
1629	-0.264882	114.070235	0.001100	22.1
1630	-0.269555	114.030692	0.002387	25.8
1631	-0.240655	113.991185	0.001422	24.3
1632	-0.132519	113.951714	0.000334	21.0
1633	-0.189766	113.912280	0.001812	30.5
1634	-0.194376	113.872882	0.001393	28.1
1635	-0.677028	113.833521	0.004252	23.8
1636	-0.662416	113.794195	0.002410	23.9
1637	-0.598814	113.754906	0.002473	21.9
1638	-0.322348	113.715653	0.001732	22.0
1639	-0.603011	113.676437	0.002582	24.4
1640	-0.000159	113.637256	0.000333	20.0
1641	-0.000000	113.598111	0.000000	24.5
1642	-0.008675	113.559002	0.000230	28.0
1643	-0.000000	113.519929	0.000000	20.2
1644	-0.000000	113.480892	0.000000	21.9
1645	-0.020699	113.441891	0.000084	25.2
1646	-0.270845	113.402925	0.002128	22.7
1647	-0.208570	113.363995	0.002146	31.2
1648	-0.638551	113.325101	0.002612	22.5
1649	-0.000000	113.286242	0.000000	25.9
1650	-0.283088	113.247419	0.001267	25.0
1651	-0.305995	113.208631	0.001781	27.4
1652	-0.000000	113.169879	0.000000	24.3
1653	-0.201469	113.131162	0.000949	28.0
1654	-0.530839	113.092480	0.001833	27.9
1655	-0.540054	113.053833	0.002045	29.3
1656	-0.167110	113.015222	0.001663	26.9
1657	-0.229132	112.976646	0.001187	22.7
1658	-0.042505	112.938105	0.000521	26.5
1659	-0.454381	112.899599	0.002704	25.3
1660	-0.000000	112.861128	0.000000	22.6
1661	-0.000000	112.822692	0.000000	24.4
1662	-0.642641	112.784291	0.002052	28.4
1663	-0.273833	112.745924	0.001449	22.6
1664	-0.000000	112.707593	0.000000	21.6
1665	-0.000000	112.669296	0.000000	24.8
1666	-0.000000	112.631034	0.000000	29.7
1667	-0.375543	112.592806	0.001409	25.6
1668	-0.466980	112.554613	0.002489	24.0
1669	-0.296137	112.516455	0.002009	27.5
1670	-0.000000	112.478331	0.000000	30.1
1671	-0.368132	112.440241	0.001649	23.3
1672	-0.361721	112.402186	0.002263	27.9
1673	-0.116700	112.364165	0.000788	28.6
1674	-0.000000	112.326179	0.000000	33.7
1675	-0.487918	112.288227	0.002167	25.9
1676	-0.000000	112.250309	0.000000	22.9
1677	-0.000000	112.212425	0.000000	28.1
1678	-0.099746	112.174575	0.001672	24.6
1679	-0.480565	112.136759	0.001606	28.6
1680	-0.395306	112.098977	0.002461	26.1
1681	-0.720306	112.061229	0.003187	30.9
1682	-0.628308	112.023515	0.001641	25.0
1683	-0.730484	111.985834	0.002605	26.5
1684	-0.016019	111.948188	0.000336	22.9
1685	-0.000000	111.910575	0.000000	27.2
1686	-0.000000	111.872996	0.000000	30.3
1687	-0.162193	111.835450	0.002254	24.6
1688	-0.304109	111.797939	0.002566	27.1
1689	-0.543238	111.760460	0.002666	27.8
1690	-0.282346	111.723015	0.002141	27.6
1691	-0.000536	111.685604	0.000012	21.9
1692	-0.565208	111.648226	0.003703	23.4
1693	-0.409775	111.610881	0.002297	26.8
1694	-0.111389	111.573570	0.000978	24.6
1695	-0.000000	111.536292	0.000000	20.9
1696	-0.572527	111.499047	0.001474	27.8
1697	-0.445052	111.461835	0.001833	25.5
1698	-0.000000	111.424656	0.000000	20.7
1699	-0.247929	111.387510	0.001641	26.8
1700	-0.000000	111.350398	0.000000	27.4
1701	-0.000000	111.313318	0.000000	21.3
1702	-0.368814	111.276271	0.003179	22.4
1703	-0.240528	111.239257	0.003900	25.5
1704	-0.688727	111.202276	0.001489	26.0
1705	-0.000037	111.165328	0.000049	26.4
1706	-0.458433	111.128412	0.002168	28.7
1707	-0.000000	111.091529	0.000000	32.6
1708	-0.541718	111.054679	0.002197	27.7
1709	-0.000247	111.017861	0.000020	26.9
1710	-0.000000	110.981076	0.000000	33.0
1711	-0.246315	110.944323	0.007417	25.0
1712	-0.541095	110.907603	0.001540	24.8
1713	-0.198809	110.870915	0.001889	29.5
1714	-0.000000	110.834259	0.000000	21.7
1715	-0.575355	110.797636	0.002095	27.9
1716	-0.218822	110.761045	0.002097	26.8
1717	-0.436683	110.724486	0.001142	24.6
1718	-0.000000	110.687959	0.000000	28.2
1719	-0.000000	110.651465	0.000000	25.7
1720	-0.017567	110.615002	0.000880	26.6
1721	-0.000001	110.578572	0.000001	22.5
1722	-0.676829	110.542173	0.001927	33.5
1723	-0.238089	110.505807	0.001806	27.9
1724	-0.000000	110.469472	0.000000	28.4
1725	-0.055930	110.433169	0.000478	29.2
1726	-0.088119	110.396898	0.001522	28.6
1727	-0.000000	110.360659	0.000000	28.6
1728	-0.502165	110.324451	0.001895	27.3
1729	-0.000000	110.288276	0.000000	31.8
1730	-0.628629	110.252131	0.002327	29.6
1731	-0.000000	110.216019	0.000000	21.8
1732	-0.443642	110.179937	0.002807	33.8
1733	-0.000000	110.143888	0.000000	29.1
1734	-0.000000	110.107869	0.000000	20.2
1735	-0.315524	110.071882	0.002749	22.3
1736	-0.021803	110.035927	0.000354	29.0
1737	-0.404023	110.000003	0.003098	30.4
1738	-0.000000	109.964110	0.000000	25.9
1739	-0.623847	109.928248	0.002943	28.4
1740	-0.027869	109.892417	0.000822	32.6
1741	-0.436512	109.856618	0.001775	29.8
1742	-0.252045	109.820850	0.006224	25.9
1743	-0.048091	109.785112	0.001177	28.9
1744	-0.000000	109.749406	0.000000	31.4
1745	-0.195002	109.713730	0.000856	26.9
1746	-0.000000	109.678086	0.000000	28.9
1747	-0.683338	109.642472	0.007683	27.9
1748	-0.416842	109.606890	0.003995	28.7
1749	-0.000000	109.571337	0.000000	21.5
1750	-0.000000	109.535816	0.000000	27.8
1751	-0.305537	109.500326	0.001690	25.4
1752	-0.595340	109.464866	0.003073	26.9
1753	-0.232198	109.429436	0.005617	28.3
1754	-0.066272	109.394038	0.000715	31.4
1755	-0.000000	109.358669	0.000000	33.9
1756	-0.465421	109.323331	0.002830	31.3
1757	-0.079179	109.288024	0.000392	25.4
1758	-0.499238	109.252747	0.001985	30.8
1759	-0.000000	109.217501	0.000000	29.9
1760	-0.000000	109.182284	0.000000	23.0
1761	-0.000000	109.147098	0.000000	28.1
1762	-0.000000	109.111942	0.000000	25.5
1763	-0.337491	109.076817	0.002560	29.1
1764	-0.000000	109.041721	0.000000	25.6
1765	-0.346690	109.006656	0.001649	27.7
1766	-0.011119	108.971620	0.000427	28.3
1767	-0.000000	108.936615	0.000000	24.8
1768	-0.000000	108.901640	0.000000	26.1
1769	-0.091403	108.866694	0.000758	25.6
1770	-0.277986	108.831779	0.001339	23.2
1771	-0.227989	108.796893	0.002011	22.2
1772	-0.553304	108.762037	0.002151	23.6
1773	-0.146863	108.727211	0.001238	27.1
1774	-0.000000	108.692415	0.000000	26.0
1775	-0.000000	108.657648	0.000000	30.0
1776	-0.333766	108.622911	0.001880	25.7
1777	-0.077180	108.588203	0.001989	28.1
1778	-0.000000	108.553525	0.000000	20.2
1779	-0.210875	108.518877	0.002722	27.2
1780	-0.288806	108.484258	0.003369	33.3
1781	-0.041478	108.449668	0.000775	28.1
1782	-0.106572	108.415108	0.001955	23.2
1783	-0.350379	108.380578	0.006093	30.5
1784	-0.000000	108.346076	0.000000	21.3
1785	-0.320926	108.311604	0.000705	20.1
1786	-0.612787	108.277161	0.002768	27.3
1787	-0.145980	108.242747	0.001531	22.9
1788	-0.690642	108.208363	0.002322	24.9
1789	-0.406646	108.174007	0.010235	27.8
1790	-0.316822	108.139681	0.002295	26.4
1791	-0.438224	108.105383	0.002581	30.2
1792	-0.122760	108.071115	0.000525	23.4
1793	-0.051702	108.036875	0.000237	28.3
1794	-0.162166	108.002665	0.007006	21.4
1795	-0.214308	107.968483	0.000493	21.8
1796	-0.482304	107.934330	0.004963	26.0
1797	-0.084710	107.900206	0.000811	29.9
1798	-0.187733	107.866111	0.001949	25.2
1799	-0.576684	107.832044	0.002479	23.9
1800	-0.392513	107.798007	0.002419	20.7
1801	-0.000000	107.763997	0.000000	26.5
1802	-0.000000	107.730017	0.000000	21.4
1803	-0.000000	107.696065	0.000000	26.8
1804	-0.000000	107.662141	0.000000	29.1
1805	-0.188832	107.628246	0.002272	27.8
1806	-0.611357	107.594379	0.002706	24.0
1807	-0.536866	107.560541	0.003474	26.9
1808	-0.694603	107.526731	0.003256	23.6
1809	-0.218945	107.492949	0.003333	25.2
1810	-0.540420	107.459196	0.002289	26.0
1811	-0.283950	107.425471	0.001077	23.5
1812	-0.431346	107.391774	0.002840	24.4
1813	-0.177224	107.358106	0.001631	23.4
1814	-0.000000	107.324465	0.000000	22.9
1815	-0.000000	107.290853	0.000000	29.4
1816	-0.000000	107.257268	0.000000	30.9
1817	-0.178859	107.223712	0.000675	29.3
1818	-0.193463	107.190184	0.001939	33.3
1819	-0.283384	107.156683	0.000990	24.2
1820	-0.000000	107.123211	0.000000	23.4
1821	-0.532145	107.089766	0.002572	24.4
1822	-0.000000	107.056349	0.000000	27.2
1823	-0.717694	107.022960	0.002179	30.3
1824	-0.255829	106.989599	0.000571	29.4
1825	-0.192962	106.956265	0.001935	31.0
1826	-0.000000	106.922960	0.000000	25.9
1827	-0.220759	106.889681	0.001281	21.7
1828	-0.068419	106.856431	0.000826	25.2
1829	-0.210069	106.823208	0.001723	24.5
1830	-0.000000	106.790012	0.000000	27.4
1831	-0.173443	106.756844	0.000976	23.8
1832	-0.074918	106.723703	0.000486	27.2
1833	-0.263523	106.690590	0.001142	23.6
1834	-0.000077	106.657505	0.000110	31.5
1835	-0.000000	106.624446	0.000000	25.0
1836	-0.349304	106.591415	0.001707	23.5
1837	-0.000308	106.558411	0.000015	27.3
1838	-0.060015	106.525435	0.001206	33.6
1839	-0.339234	106.492485	0.001655	18.7
1840	-0.000000	106.459563	0.000000	22.5
1841	-0.001446	106.426668	0.000000	21.1
1842	-0.197724	106.393800	0.001138	28.6
1843	-0.525991	106.360959	0.005186	24.1
1844	-0.219710	106.328145	0.002245	23.3
1845	-0.000000	106.295358	0.000000	23.4
1846	-0.297888	106.262598	0.001782	27.6
1847	-0.323436	106.229865	0.001840	23.4
1848	-0.416969	106.197158	0.001701	23.0
1849	-0.632757	106.164479	0.001852	24.5
1850	-0.140032	106.131826	0.002257	24.0
1851	-0.000000	106.099201	0.000000	23.0
1852	-0.686289	106.066602	0.002488	26.8
1853	-0.589761	106.034029	0.002968	28.8
1854	-0.192830	106.001483	0.006138	24.1
1855	-0.557339	105.968964	0.003074	28.3
1856	-0.181279	105.936472	0.002243	26.5
1857	-0.000000	105.904006	0.000000	23.3
1858	-0.220716	105.871566	0.001461	27.7
1859	-0.000000	105.839153	0.000000	26.4
1860	-0.174334	105.806767	0.000885	34.6
1861	-0.000000	105.774407	0.000000	23.0
1862	-0.413731	105.742073	0.002083	24.9
1863	-0.450156	105.709766	0.001917	22.7
1864	-0.022834	105.677485	0.000987	23.9
1865	-0.643386	105.645230	0.002504	25.7
1866	-0.221864	105.613001	0.001861	22.8
1867	-0.000000	105.580799	0.000000	26.5
1868	-0.000000	105.548623	0.000000	20.7
1869	-0.714811	105.516473	0.001799	29.2
1870	-0.000000	105.484349	0.000000	21.7
1871	-0.016915	105.452251	0.000563	20.6
1872	-0.434582	105.420179	0.003377	24.9
1873	-0.028941	105.388133	0.000470	25.6
1874	-0.440533	105.356113	0.002809	24.2
1875	-0.409089	105.324119	0.001478	26.2
1876	-0.688051	105.292151	0.002419	25.9
1877	-0.454269	105.260209	0.001851	25.5
1878	-0.703993	105.228293	0.001967	27.9
1879	-0.325374	105.196402	0.001778	21.1
1880	-0.331917	105.164537	0.002070	25.1
1881	-0.300341	105.132698	0.001038	21.6
1882	-0.150506	105.100885	0.001136	24.3
1883	-0.000000	105.069097	0.000000	26.8
1884	-0.118133	105.037335	0.000303	25.1
1885	-0.206868	105.005598	0.001614	23.2
1886	-0.210979	104.973887	0.001133	29.0
1887	-0.015569	104.942202	0.000091	28.0
1888	-0.294555	104.910542	0.001775	22.5
1889	-0.296085	104.878907	0.006452	20.4
1890	-0.576808	104.847298	0.001719	25.6
1891	-0.247628	104.815715	0.001024	23.4
1892	-0.711921	104.784156	0.001733	24.7
1893	-0.000000	104.752623	0.000000	29.2
1894	-0.012838	104.721116	0.000324	25.6
1895	-0.663226	104.689633	0.002454	24.0
1896	-0.592445	104.658176	0.002122	27.9
1897	-0.335934	104.626744	0.002222	27.9
1898	-0.497737	104.595337	0.003401	30.7
1899	-0.170598	104.563955	0.001490	25.8
1900	-0.627565	104.532599	0.002056	26.4
1901	-0.254842	104.501267	0.000959	24.6
1902	-0.131223	104.469960	0.001341	24.0
1903	-0.243276	104.438679	0.001416	22.3
1904	-0.000000	104.407422	0.000000	23.6
1905	-0.585396	104.376191	0.001924	26.6
1906	-0.114749	104.344984	0.000391	23.2
1907	-0.165871	104.313802	0.001501	22.0
1908	-0.305889	104.282645	0.001372	26.6
1909	-0.152171	104.251513	0.002229	31.5
1910	-0.200819	104.220405	0.001332	27.0
1911	-0.000000	104.189323	0.000000	24.5
1912	-0.634280	104.158265	0.003224	20.7
1913	-0.544497	104.127231	0.002372	22.5
1914	-0.495570	104.096222	0.002184	23.7
1915	-0.017599	104.065238	0.000926	21.5
1916	-0.269869	104.034279	0.008718	22.7
1917	-0.637092	104.003344	0.002059	25.5
1918	-0.618464	103.972433	0.002650	26.1
1919	-0.000000	103.941547	0.000000	24.4
1920	-0.000000	103.910686	0.000000	22.2
1921	-0.055272	103.879849	0.000611	26.6
1922	-0.458744	103.849036	0.001533	27.5
1923	-0.522478	103.818248	0.003365	28.8
1924	-0.000000	103.787484	0.000000	31.5
1925	-0.000000	103.756744	0.000000	24.6
1926	-0.531761	103.726029	0.003366	25.2
1927	-0.000000	103.695338	0.000000	23.7
1928	-0.205844	103.664671	0.000408	24.7
1929	-0.536386	103.634028	0.002662	30.6
1930	-0.046992	103.603409	0.000429	25.3
1931	-0.732645	103.572814	0.002747	28.5
1932	-0.000865	103.542244	0.000614	24.3
1933	-0.388154	103.511698	0.002379	30.4
1934	-0.000000	103.481175	0.000000	24.5
1935	-0.411613	103.450677	0.002016	25.3
1936	-0.000000	103.420202	0.000000	24.2
1937	-0.397708	103.389752	0.002269	29.2
1938	-0.060820	103.359325	0.000349	23.2
1939	-0.328065	103.328922	0.000852	21.3
1940	-0.353374	103.298543	0.003828	24.2
1941	-0.652445	103.268188	0.002157	25.6
1942	-0.194743	103.237857	0.000480	24.0
1943	-0.000000	103.207549	0.000000	27.3
1944	-0.281573	103.177265	0.001550	21.7
1945	-0.632660	103.147005	0.003199	24.6
1946	-0.430697	103.116768	0.001829	25.1
1947	-0.000002	103.086556	0.000002	20.7
1948	-0.196041	103.056366	0.001766	24.7
1949	-0.000000	103.026200	0.000000	25.2
1950	-0.180563	102.996058	0.001321	28.3
1951	-0.000006	102.965939	0.000017	29.2
1952	-0.262835	102.935844	0.007054	23.3
1953	-0.464401	102.905772	0.001965	23.1
1954	-0.221570	102.875724	0.001213	23.5
1955	-0.000000	102.845699	0.000000	26.4
1956	-0.342167	102.815697	0.002134	23.4
1957	-0.000000	102.785719	0.000000	25.1
1958	-0.522651	102.755764	0.002211	26.7
1959	-0.000000	102.725832	0.000000	27.8
1960	-0.000000	102.695924	0.000000	21.4
1961	-0.000000	102.666038	0.000000	32.4
1962	-0.687311	102.636176	0.001733	25.0
1963	-0.689397	102.606337	0.002373	26.4
1964	-0.347875	102.576521	0.002675	29.5
1965	-0.453532	102.546728	0.002142	31.3
1966	-0.000198	102.516959	0.000005	24.1
1967	-0.462847	102.487212	0.002152	28.2
1968	-0.000000	102.457488	0.000000	29.6
1969	-0.679312	102.427788	0.003580	22.6
1970	-0.337999	102.398110	0.001854	35.2
1971	-0.000000	102.368455	0.000000	22.5
1972	-0.128984	102.338823	0.001465	24.0
1973	-0.455503	102.309214	0.001970	23.2
1974	-0.236899	102.279628	0.002235	24.6
1975	-0.000000	102.250064	0.000000	24.4
1976	-0.450229	102.220524	0.002474	21.4
1977	-0.241179	102.191006	0.001432	22.0
1978	-0.230080	102.161511	0.001228	30.2
1979	-0.000000	102.132038	0.000000	25.2
1980	-0.000000	102.102588	0.000000	28.3
1981	-0.000000	102.073161	0.000000	20.2
1982	-0.410970	102.043757	0.001970	30.4
1983	-0.000000	102.014375	0.000000	22.7
1984	-0.000000	101.985015	0.000000	21.0
1985	-0.075694	101.955678	0.000870	25.1
1986	-0.033336	101.926364	0.000292	29.1
1987	-0.314004	101.897072	0.001442	26.9
1988	-0.066669	101.867802	0.000870	24.8
1989	-0.219414	101.838555	0.000856	22.0
1990	-0.219552	101.809330	0.000845	23.3
1991	-0.597323	101.780128	0.002067	29.8
1992	-0.467747	101.750948	0.001855	26.4
1993	-0.488941	101.721790	0.001482	34.8
1994	-0.000000	101.692654	0.000000	21.7
1995	-0.000000	101.663541	0.000000	24.4
1996	-0.113507	101.634450	0.001074	21.8
1997	-0.000000	101.605381	0.000000	23.0
1998	-0.000000	101.576335	0.000000	25.0
1999	-0.311776	101.547310	0.002151	24.1
