1:ItNr	2:Metric	3a:Time	3b:StepSize	4:||Gradient||	Time[ms]
0	-0.711069	0.000000	385.175333	0.006026	2008.0
1	-0.692966	0.000000	385.175333	0.008166	10.1
2	-0.684209	1.000000	367.667370	0.006168	19.0
3	-0.692763	0.619765	374.133675	0.007210	7.3
4	-0.679823	1.619744	357.593877	0.003642	15.5
5	-0.687516	2.120416	349.850197	0.006072	12.5
6	-0.649203	3.115332	335.416575	0.007139	6.7
7	-0.674680	4.115314	322.061748	0.001971	9.4
8	-0.712751	4.464969	317.639573	0.007040	13.4
9	-0.693117	4.286317	319.883752	0.009573	11.2
10	-0.662903	5.286317	307.714541	0.008067	5.4
11	-0.689627	6.286314	296.437322	0.004681	13.1
12	-0.681664	5.906284	300.624272	0.013639	12.5
13	-0.686331	6.906267	289.851806	0.009783	7.1
14	-0.700430	7.906267	279.824506	0.005489	7.7
15	-0.683671	8.906267	270.467789	0.005431	11.4
16	-0.683546	9.897448	261.791264	0.005387	17.0
17	-0.683400	10.661397	255.474577	0.003807	2.8
18	-0.688995	11.230663	250.962321	0.004053	11.5
19	-0.683288	11.836255	246.333877	0.010638	11.4
20	-0.668514	12.836162	239.054358	0.008297	6.0
21	-0.686005	13.836162	232.192111	0.011683	6.4
22	-0.705629	14.836162	225.712842	0.014160	11.0
23	-0.696139	15.836162	219.585362	0.006534	3.1
24	-0.688170	16.836162	213.781778	0.010621	13.8
25	-0.691328	17.835705	208.279522	0.010565	21.3
26	-0.705088	18.835705	203.051059	0.007069	15.0
27	-0.691110	18.455465	205.007902	0.005475	8.0
28	-0.670281	18.249002	206.086313	0.004440	14.8
29	-0.701285	19.230438	201.058761	0.005949	13.1
30	-0.660080	20.181880	196.413618	0.006830	7.0
31	-0.701978	21.181877	191.757281	0.005720	11.2
32	-0.689419	22.174000	187.350766	0.005340	9.2
33	-0.686687	23.117412	183.344435	0.008536	6.7
34	-0.697853	22.737232	184.938133	0.006949	6.2
35	-0.688941	23.737232	180.804258	0.005163	10.8
36	-0.669372	23.358091	182.349643	0.009006	9.6
37	-0.679839	24.355276	178.340485	0.007304	9.4
38	-0.669480	25.355276	174.493232	0.005516	6.6
39	-0.677477	26.350784	170.824670	0.008265	7.8
40	-0.661563	27.350782	167.291647	0.007195	11.2
41	-0.667826	28.350770	163.901840	0.007530	6.1
42	-0.691910	28.106326	164.717719	0.003906	11.9
43	-0.718071	29.099286	161.453040	0.008251	9.4
44	-0.685495	28.870107	162.195001	0.005397	3.6
45	-0.699058	29.044363	161.630231	0.005962	14.0
46	-0.672052	29.892557	158.936444	0.006676	11.1
47	-0.669963	30.888450	155.885983	0.011011	10.6
48	-0.672500	31.888450	152.938535	0.007848	9.6
49	-0.678603	32.888361	150.100723	0.005181	7.4
50	-0.701483	33.767983	147.689975	0.007620	6.5
51	-0.682562	34.767528	145.042865	0.004201	6.1
52	-0.707235	35.103441	144.174435	0.006485	11.1
53	-0.686448	35.331380	143.591050	0.007444	12.3
54	-0.683784	36.331061	141.087255	0.007813	8.1
55	-0.686501	35.950823	142.029237	0.005593	10.9
56	-0.703929	36.950673	139.578742	0.007269	8.6
57	-0.696126	36.575412	140.488478	0.006986	12.9
58	-0.664274	37.356482	138.608115	0.002240	9.5
59	-0.653436	38.053558	136.971968	0.006194	5.5
60	-0.687334	37.784321	137.599310	0.005429	6.0
61	-0.669608	38.784142	135.298119	0.008310	9.1
62	-0.697067	39.784112	133.072306	0.011867	6.1
63	-0.675146	40.784112	130.918479	0.004529	11.4
64	-0.698789	41.614084	129.183107	0.004169	5.4
65	-0.699940	42.309741	127.763625	0.006286	6.0
66	-0.673021	41.931820	128.530877	0.006482	14.7
67	-0.692680	42.271879	127.840078	0.006781	7.9
68	-0.727969	42.272584	127.838654	0.005372	8.9
69	-0.666119	42.766507	126.848441	0.008663	7.3
70	-0.685026	43.213822	125.964812	0.008341	8.1
71	-0.709272	44.213822	124.033246	0.003514	14.4
72	-0.681146	45.200252	122.185064	0.008848	5.9
73	-0.683153	45.784413	121.116316	0.004673	7.4
74	-0.677495	45.404180	121.809831	0.004867	13.8
75	-0.672496	45.338598	121.930252	0.006739	13.5
76	-0.701031	44.962877	122.624761	0.005421	12.5
77	-0.691021	45.874735	120.952734	0.004287	16.8
78	-0.640373	45.545379	121.551370	0.004339	6.0
79	-0.692073	45.911528	120.886224	0.007864	10.3
80	-0.678053	46.869065	119.180691	0.006161	15.2
81	-0.707603	46.506781	119.820288	0.003135	16.5
82	-0.664449	47.134509	118.716377	0.007906	5.5
83	-0.674128	46.846398	119.220508	0.005476	13.2
84	-0.674108	46.483967	119.860796	0.007065	11.2
85	-0.692951	47.483945	118.110632	0.007405	6.6
86	-0.657773	48.483944	116.410807	0.009251	6.4
87	-0.710588	48.104852	117.049408	0.005799	9.8
88	-0.671515	49.104850	115.379777	0.008871	7.4
89	-0.676920	48.724611	116.008995	0.010586	10.7
90	-0.697137	49.724611	114.368703	0.008945	4.2
91	-0.692301	49.363274	114.956021	0.003837	5.4
92	-0.696995	48.983712	115.579494	0.009868	7.0
93	-0.688377	49.856548	114.155745	0.004987	7.2
94	-0.689052	50.855862	112.568158	0.007596	11.6
95	-0.674999	51.824096	111.071505	0.007557	6.6
96	-0.674561	52.824096	109.566963	0.005793	11.7
97	-0.654319	53.824058	108.102690	0.003930	11.4
98	-0.689705	54.467997	107.180293	0.005327	5.6
99	-0.658003	55.432328	105.828021	0.013638	9.1
100	-0.675829	56.432104	104.461607	0.007691	7.9
101	-0.679601	57.432104	103.129734	0.004829	6.1
102	-0.704354	57.052257	103.631622	0.006537	9.8
103	-0.702497	57.643658	102.852311	0.007527	6.1
104	-0.685971	57.263439	103.351988	0.004949	11.8
105	-0.715777	58.106230	102.250885	0.007038	14.1
106	-0.706059	57.774604	102.681342	0.006129	7.7
107	-0.698122	58.682788	101.511031	0.006382	6.7
108	-0.695792	59.560446	100.405129	0.005203	9.1
109	-0.683250	60.498952	99.248908	0.005895	6.2
110	-0.690207	61.391561	98.173671	0.004869	10.8
111	-0.690307	62.177800	97.245683	0.005914	6.6
112	-0.700415	62.050663	97.394550	0.003994	11.2
113	-0.706686	61.745446	97.753803	0.003881	12.1
114	-0.661133	62.528717	96.837140	0.001278	11.2
115	-0.678453	62.375233	97.015405	0.009032	11.1
116	-0.693109	62.703080	96.635417	0.012215	7.4
117	-0.698830	63.703080	95.494544	0.013454	6.0
118	-0.673202	64.703080	94.380295	0.003598	5.9
119	-0.676129	64.327227	94.796026	0.008839	5.8
120	-0.688577	65.172903	93.865725	0.002726	8.3
121	-0.690667	66.159746	92.802955	0.008103	8.6
122	-0.672833	65.784680	93.204031	0.003825	5.9
123	-0.680859	65.716986	93.276789	0.004106	5.9
124	-0.688059	65.400261	93.618722	0.004450	5.9
125	-0.674237	66.288292	92.666288	0.006266	5.9
126	-0.691321	67.258040	91.648103	0.002646	6.5
127	-0.682044	67.916249	90.969671	0.007287	4.7
128	-0.713327	67.613636	91.280331	0.007259	7.6
129	-0.698559	68.613634	90.261734	0.003988	7.2
130	-0.703542	68.237333	90.642355	0.007819	8.7
131	-0.663076	68.274823	90.604291	0.007732	11.6
132	-0.690267	69.274822	89.600642	0.003539	12.3
133	-0.684256	68.990041	89.884190	0.006079	6.0
134	-0.695537	68.614690	90.260670	0.003799	6.1
135	-0.677247	68.438295	90.438687	0.004989	6.2
136	-0.667059	68.535312	90.340692	0.005472	11.4
137	-0.681034	68.156062	90.724980	0.007424	5.8
138	-0.692818	67.778104	91.111227	0.009052	8.1
139	-0.702819	68.778092	90.096390	0.005426	7.8
140	-0.694501	68.397859	90.479594	0.006949	6.4
141	-0.705259	68.283688	90.595295	0.012769	10.3
142	-0.713048	69.283688	89.591843	0.006327	5.0
143	-0.671682	70.283687	88.610378	0.004770	9.6
144	-0.702034	69.906786	88.977758	0.007643	10.9
145	-0.671026	70.895897	88.020056	0.008456	5.0
146	-0.688401	71.894827	87.073546	0.008339	6.1
147	-0.695436	72.891956	86.148828	0.005884	5.9
148	-0.713762	73.880014	85.251695	0.010244	6.0
149	-0.698013	74.495130	84.702560	0.009294	6.5
150	-0.680332	74.114894	85.041172	0.004535	9.6
151	-0.672773	73.843401	85.284605	0.006274	10.5
152	-0.708534	73.574868	85.526759	0.007118	8.7
153	-0.662122	74.158550	85.002157	0.005399	6.0
154	-0.680123	74.994574	84.261867	0.006406	6.3
155	-0.692276	75.994372	83.393313	0.002609	7.6
156	-0.679818	76.423978	83.025577	0.011219	8.1
157	-0.674243	76.131828	83.275299	0.011937	13.5
158	-0.690433	77.131828	82.426693	0.004554	6.4
159	-0.680556	77.031943	82.510677	0.003507	14.6
160	-0.697833	77.675687	81.972391	0.004180	8.5
161	-0.668330	77.394850	82.206355	0.005922	5.8
162	-0.697502	78.327583	81.434398	0.005091	8.7
163	-0.697482	79.289942	80.652973	0.006536	10.5
164	-0.685286	80.288438	79.857901	0.007708	13.7
165	-0.687054	81.194669	79.149745	0.006801	8.4
166	-0.690118	82.194601	78.382802	0.006107	9.4
167	-0.687444	83.194599	77.630530	0.006673	1.7
168	-0.684554	82.814371	77.914858	0.008787	11.1
169	-0.697572	83.814371	77.171498	0.002180	6.1
170	-0.659395	84.170566	76.910131	0.003115	6.1
171	-0.696965	84.094665	76.965677	0.007795	8.7
172	-0.698177	85.089915	76.243647	0.004907	4.6
173	-0.692584	84.711147	76.516831	0.009246	6.1
174	-0.688605	84.741441	76.494910	0.004703	11.3
175	-0.683291	85.739249	75.779829	0.005754	3.4
176	-0.694231	85.360880	76.049408	0.005579	11.0
177	-0.694986	86.359415	75.342083	0.007855	7.2
178	-0.695463	87.359361	74.646823	0.006930	6.5
179	-0.695868	88.359361	73.964240	0.007445	12.0
180	-0.667090	89.359321	73.294054	0.005707	10.7
181	-0.687980	90.119855	72.792410	0.004512	2.3
182	-0.648451	89.859405	72.963426	0.008066	3.1
183	-0.669926	89.535301	73.177364	0.006562	6.7
184	-0.712060	90.507694	72.539228	0.013463	6.1
185	-0.709380	90.127456	72.787430	0.007466	14.5
186	-0.684684	91.127456	72.138281	0.006770	6.9
187	-0.696170	92.070351	71.536720	0.006374	8.2
188	-0.697325	91.691177	71.777420	0.007573	11.9
189	-0.692347	92.465263	71.287738	0.005119	2.7
190	-0.702365	93.464863	70.665196	0.004360	12.0
191	-0.686512	93.132865	70.870752	0.005565	11.6
192	-0.672595	93.801715	70.457850	0.005899	6.8
193	-0.705088	94.801024	69.849832	0.005037	11.2
194	-0.695407	94.666038	69.931349	0.003972	3.8
195	-0.689533	94.292916	70.157667	0.003553	6.9
196	-0.675108	94.336474	70.131171	0.007419	5.9
197	-0.688597	93.956710	70.362852	0.005727	9.8
198	-0.697362	94.405621	70.089151	0.006449	7.7
199	-0.694169	94.115164	70.265999	0.008389	11.9
200	-0.672361	95.115162	69.660859	0.005073	7.0
201	-0.686285	96.115016	69.066139	0.008648	9.0
202	-0.681147	95.734934	69.291014	0.006307	7.9
203	-0.688946	96.734913	68.702493	0.007802	6.5
204	-0.689462	96.355170	68.924803	0.004343	6.0
205	-0.710169	97.354925	68.342589	0.005819	7.3
206	-0.684719	98.312991	67.793808	0.006413	6.5
207	-0.684632	98.528360	67.671655	0.005115	6.2
208	-0.710555	98.156748	67.882702	0.008930	7.2
209	-0.667048	99.149484	67.321821	0.007580	7.8
210	-0.665170	98.769243	67.535552	0.004767	8.0
211	-0.683497	99.769203	66.976363	0.006733	6.1
212	-0.691429	99.389529	67.187587	0.008201	9.7
213	-0.700310	100.389344	66.634202	0.005584	6.1
214	-0.708799	100.009145	66.843560	0.008085	6.0
215	-0.689367	101.008642	66.295976	0.006807	5.9
216	-0.699097	102.008642	65.757022	0.006330	10.0
217	-0.688042	101.994270	65.764706	0.005556	6.5
218	-0.710767	101.617493	65.966787	0.006175	6.2
219	-0.693598	101.237946	66.171613	0.009461	5.9
220	-0.684889	102.237945	65.634671	0.003937	7.3
221	-0.697967	101.860889	65.836102	0.004381	11.2
222	-0.659701	101.538394	66.009369	0.004833	10.2
223	-0.670842	101.820174	65.857926	0.007155	5.8
224	-0.691212	102.812375	65.330158	0.004458	11.1
225	-0.707857	102.469910	65.511362	0.005994	11.9
226	-0.705474	102.115313	65.700048	0.006101	6.0
227	-0.713496	103.114219	65.171276	0.010434	7.1
228	-0.684287	104.022455	64.697833	0.005725	8.7
229	-0.694388	105.022450	64.184453	0.004263	6.1
230	-0.704623	105.203654	64.092296	0.009490	4.0
231	-0.684481	106.201260	63.589637	0.005059	6.8
232	-0.687332	105.821022	63.780294	0.007423	6.8
233	-0.706316	105.455814	63.964493	0.005194	6.2
234	-0.695644	106.455351	63.462867	0.006104	6.4
235	-0.666091	106.749851	63.316567	0.006226	11.3
236	-0.659757	106.549528	63.416009	0.006176	12.8
237	-0.686767	107.548503	62.923191	0.005476	8.7
238	-0.702820	108.336322	62.539910	0.004861	11.9
239	-0.702064	109.333323	62.061504	0.008150	5.7
240	-0.688223	108.953087	62.243092	0.006982	5.9
241	-0.702569	109.952301	61.768155	0.005337	10.8
242	-0.687354	109.573221	61.947480	0.004569	5.4
243	-0.668372	109.305162	62.074916	0.003460	9.5
244	-0.677375	108.937607	62.250508	0.004168	2.7
245	-0.677420	108.681983	62.373213	0.006070	7.8
246	-0.708005	108.305063	62.555029	0.006584	11.4
247	-0.687584	109.303627	62.075647	0.008684	16.1
248	-0.685266	109.803849	61.838257	0.004088	8.0
249	-0.680804	110.770172	61.384772	0.005739	6.6
250	-0.644770	110.448812	61.534843	0.003557	5.2
251	-0.674826	111.067333	61.246652	0.006522	7.0
252	-0.693661	110.814507	61.364126	0.006257	7.6
253	-0.705124	110.435587	61.541034	0.005770	10.7
254	-0.687950	111.435231	61.076512	0.007455	11.0
255	-0.700114	111.054992	61.252376	0.006515	11.6
256	-0.723240	112.054150	60.792407	0.005901	8.8
257	-0.697383	112.964055	60.379495	0.008135	6.5
258	-0.709610	113.964038	59.932128	0.005549	11.6
259	-0.700698	114.964037	59.491334	0.004117	5.7
260	-0.695242	115.394425	59.303611	0.008418	10.9
261	-0.655152	116.394350	58.872013	0.008285	8.6
262	-0.676436	116.014110	59.035394	0.004072	5.6
263	-0.668156	115.679072	59.180106	0.007085	11.7
264	-0.695726	116.672132	58.753227	0.005231	1.7
265	-0.674930	117.669974	58.330450	0.007511	10.7
266	-0.685555	118.659396	57.917206	0.005746	5.7
267	-0.683171	119.006600	57.773576	0.006797	7.1
268	-0.687744	118.661594	57.916295	0.004201	6.2
269	-0.647658	119.660438	57.505025	0.009215	11.7
270	-0.662199	119.280508	57.660769	0.005864	6.7
271	-0.680405	120.280506	57.252640	0.008262	6.3
272	-0.697983	121.252657	56.861377	0.010563	15.3
273	-0.686034	122.252639	56.464454	0.006102	7.9
274	-0.680813	123.240669	56.077680	0.006200	11.2
275	-0.692979	122.868032	56.222928	0.005078	8.6
276	-0.682569	122.610457	56.323768	0.006199	11.2
277	-0.670248	122.230974	56.472995	0.004268	11.4
278	-0.712171	122.162444	56.500027	0.010215	11.0
279	-0.698945	121.790293	56.647282	0.004402	5.5
280	-0.711938	121.410249	56.798454	0.007054	13.2
281	-0.681216	121.030243	56.950420	0.003383	10.6
282	-0.688178	121.956736	56.581328	0.004886	6.0
283	-0.702220	121.611366	56.718355	0.006312	6.0
284	-0.660951	122.570993	56.339249	0.006944	10.3
285	-0.698684	122.190940	56.488784	0.008693	4.2
286	-0.672200	123.190929	56.097024	0.004993	10.2
287	-0.686234	123.751668	55.879715	0.006338	1.8
288	-0.691463	123.380213	56.023480	0.007948	12.9
289	-0.683438	124.380200	55.638127	0.003955	9.7
290	-0.711012	124.000277	55.783907	0.004709	6.8
291	-0.667889	124.284677	55.674708	0.003327	10.8
292	-0.666062	124.630580	55.542469	0.004708	5.8
293	-0.682014	125.128382	55.353258	0.009786	6.5
294	-0.694531	126.124081	54.978641	0.007925	13.0
295	-0.699883	127.124080	54.607475	0.007387	2.8
296	-0.703286	128.124079	54.241287	0.004798	6.5
297	-0.687446	128.622416	54.060630	0.005404	6.1
298	-0.672830	129.243845	53.837027	0.004968	10.9
299	-0.658828	130.234243	53.484461	0.007805	2.5
300	-0.695610	130.179148	53.503953	0.009596	11.3
301	-0.681947	129.798908	53.638863	0.004931	8.7
302	-0.689942	130.798898	53.285512	0.005610	2.8
303	-0.695712	130.747776	53.303463	0.009575	13.9
304	-0.671769	130.367555	53.437357	0.004473	3.4
305	-0.706927	131.367549	53.086645	0.001887	3.6
306	-0.682692	131.868854	52.912557	0.007289	5.9
307	-0.681309	132.644142	52.645561	0.012031	6.2
308	-0.702983	132.271167	52.773670	0.004815	6.1
309	-0.678390	131.891022	52.904885	0.005438	11.4
310	-0.704245	132.876779	52.565969	0.006128	6.2
311	-0.687528	133.870468	52.228692	0.004150	6.4
312	-0.705017	134.860394	51.896969	0.004477	9.4
313	-0.694997	134.486698	52.021698	0.003801	6.1
314	-0.716483	134.405080	52.049019	0.005304	9.3
315	-0.675199	134.626580	51.974939	0.006884	8.1
316	-0.688265	135.626248	51.643209	0.003518	8.0
317	-0.659006	136.340350	51.408822	0.003177	8.7
318	-0.687194	136.473010	51.365513	0.005041	12.8
319	-0.683716	136.913401	51.222264	0.005290	6.0
320	-0.694363	136.893288	51.228789	0.007294	8.3
321	-0.696272	137.893249	50.906392	0.004273	6.4
322	-0.703835	137.515939	51.027563	0.005060	11.5
323	-0.705570	138.425302	50.736501	0.006271	5.6
324	-0.695331	139.398243	50.428744	0.005360	11.4
325	-0.698018	139.019252	50.548180	0.008755	8.2
326	-0.696376	140.007742	50.237845	0.008472	12.4
327	-0.683985	141.007742	49.927750	0.004611	11.4
328	-0.684271	140.627510	50.045206	0.005386	5.9
329	-0.708254	141.553123	49.760237	0.006218	6.4
330	-0.706615	142.553022	49.456023	0.006271	11.8
331	-0.688286	143.317407	49.225959	0.005293	7.6
332	-0.708445	144.303975	48.932169	0.005331	6.4
333	-0.688302	143.925410	49.044486	0.006440	8.2
334	-0.702694	144.920061	48.750476	0.005004	11.5
335	-0.683526	144.925651	48.748834	0.005040	11.6
336	-0.701638	144.549641	48.859556	0.006836	9.9
337	-0.682379	145.480351	48.586406	0.005923	5.7
338	-0.688778	145.100220	48.697599	0.004371	11.2
339	-0.710945	146.097006	48.407103	0.008158	10.0
340	-0.682249	145.726339	48.514722	0.006395	6.1
341	-0.692452	146.726339	48.225473	0.005661	6.5
342	-0.683326	147.016925	48.142066	0.003145	6.4
343	-0.702671	146.824943	48.197138	0.003256	6.1
344	-0.703236	146.641680	48.249827	0.004615	11.8
345	-0.697218	146.461311	48.301795	0.003132	6.1
346	-0.681195	147.137400	48.107572	0.009415	8.6
347	-0.724863	146.993720	48.148716	0.005820	13.5
348	-0.686806	146.616353	48.257117	0.006970	6.5
349	-0.693229	147.605149	47.974110	0.006869	6.6
350	-0.703995	148.605148	47.691253	0.008320	9.1
351	-0.708461	149.605148	47.411711	0.006605	7.7
352	-0.696209	149.228779	47.516536	0.003669	8.2
353	-0.682456	148.935391	47.598572	0.007534	6.5
354	-0.678530	148.968039	47.589429	0.005794	11.6
355	-0.708547	148.587801	47.696131	0.004895	8.8
356	-0.700096	148.347378	47.763845	0.007044	6.3
357	-0.665660	147.973653	47.869486	0.007765	6.0
358	-0.692868	148.972132	47.588283	0.003899	10.8
359	-0.684586	148.602655	47.691954	0.010160	8.8
360	-0.718668	148.224930	47.798407	0.005469	11.7
361	-0.685431	147.844776	47.906025	0.004084	7.3
362	-0.691364	148.822506	47.630212	0.005421	11.8
363	-0.667918	149.660550	47.396320	0.002232	12.6
364	-0.687931	149.911618	47.326695	0.004682	7.0
365	-0.689931	149.579037	47.418969	0.008495	5.9
366	-0.713592	150.051747	47.287924	0.006199	6.0
367	-0.685710	149.683633	47.389910	0.008631	6.0
368	-0.684690	150.683633	47.113880	0.005733	7.2
369	-0.680946	150.306563	47.217584	0.006038	6.1
370	-0.694228	151.238156	46.962196	0.007329	9.9
371	-0.696504	152.238134	46.691117	0.008191	14.9
372	-0.714532	153.238132	46.423145	0.009057	2.0
373	-0.707899	154.231656	46.159936	0.005029	9.9
374	-0.704441	154.221188	46.162693	0.004852	11.6
375	-0.684420	154.723755	46.030669	0.011306	6.3
376	-0.709449	154.345657	46.129925	0.005355	9.6
377	-0.648559	153.965417	46.230176	0.005784	7.5
378	-0.680549	154.931343	45.976356	0.007972	8.4
379	-0.685796	154.551263	46.075898	0.007595	11.9
380	-0.705427	154.171032	46.175911	0.007063	4.6
381	-0.686824	153.791211	46.276251	0.002351	5.8
382	-0.666554	154.060848	46.204974	0.005602	11.7
383	-0.690333	154.667604	46.045382	0.008411	7.7
384	-0.678237	155.667591	45.784753	0.003605	9.5
385	-0.673892	156.663347	45.528141	0.009259	7.6
386	-0.703747	156.284233	45.625501	0.005286	8.3
387	-0.691063	157.284212	45.369592	0.001621	11.9
388	-0.676237	157.363772	45.349355	0.005751	5.8
389	-0.681674	157.611850	45.286368	0.003746	6.3
390	-0.678782	157.613045	45.286065	0.002321	7.8
391	-0.669002	157.374391	45.346655	0.008825	7.8
392	-0.682124	157.012276	45.438900	0.003426	6.1
393	-0.727097	156.710818	45.515980	0.005146	6.4
394	-0.690934	156.364779	45.604782	0.005687	7.5
395	-0.703541	156.098682	45.673304	0.007785	9.2
396	-0.712999	157.092496	45.418432	0.003882	6.5
397	-0.696627	158.062458	45.172406	0.004823	13.9
398	-0.684702	158.565277	45.045914	0.004457	4.3
399	-0.703833	158.188233	45.140698	0.007171	9.5
400	-0.685164	159.187431	44.890379	0.004540	11.2
401	-0.715476	160.186972	44.642735	0.004890	8.5
402	-0.681170	161.177053	44.400114	0.005756	6.6
403	-0.721358	160.799337	44.492363	0.005368	11.1
404	-0.677495	161.656867	44.283481	0.007053	3.0
405	-0.677170	162.612768	44.052938	0.008381	6.4
406	-0.703947	162.238439	44.142932	0.003715	9.6
407	-0.690529	163.028682	43.953377	0.003320	6.9
408	-0.688743	162.684666	44.035695	0.006496	11.2
409	-0.691223	162.319197	44.123486	0.002562	9.6
410	-0.673191	163.232934	43.904647	0.004263	11.1
411	-0.686101	163.312853	43.885610	0.008889	6.6
412	-0.691284	162.962346	43.969226	0.007640	6.3
413	-0.694045	162.603431	44.055179	0.007714	5.8
414	-0.676896	163.603379	43.816544	0.006162	5.9
415	-0.694640	163.223575	43.906878	0.007547	5.9
416	-0.690582	162.845816	43.997096	0.004230	9.7
417	-0.688033	163.845600	43.759127	0.004173	1.5
418	-0.669629	164.649454	43.569651	0.005876	7.6
419	-0.693984	165.640224	43.338364	0.005648	11.0
420	-0.670071	166.637654	43.107989	0.004281	9.9
421	-0.692467	167.630894	42.881003	0.005597	10.4
422	-0.695920	167.251928	42.967326	0.003044	11.5
423	-0.685241	166.949082	43.036560	0.008696	5.8
424	-0.681868	166.595665	43.117638	0.005527	7.9
425	-0.668334	167.589924	42.890319	0.003752	11.7
426	-0.655178	168.356280	42.716735	0.003290	4.3
427	-0.704800	168.846713	42.606384	0.008450	7.1
428	-0.667980	168.470764	42.690924	0.005244	5.8
429	-0.663911	169.470711	42.466802	0.008627	5.5
430	-0.691286	170.240567	42.295848	0.010666	6.1
431	-0.680322	171.238246	42.076341	0.008304	11.2
432	-0.714689	172.237208	41.858823	0.006002	3.5
433	-0.699806	173.219603	41.647094	0.005652	8.4
434	-0.703747	172.839535	41.728753	0.008561	7.9
435	-0.687791	173.835909	41.515355	0.009131	8.0
436	-0.692083	173.994451	41.481601	0.004493	11.8
437	-0.695820	173.614337	41.562621	0.004448	7.1
438	-0.692217	174.262582	41.424639	0.006654	6.3
439	-0.687277	175.040798	41.260197	0.004765	5.9
440	-0.689318	174.660571	41.340378	0.007090	11.4
441	-0.696544	175.659959	41.130294	0.005038	5.8
442	-0.699207	176.659371	40.922330	0.008901	11.2
443	-0.704384	176.355308	40.985379	0.003659	8.7
444	-0.691797	176.219036	41.013698	0.007100	10.8
445	-0.696214	175.922380	41.075484	0.007817	10.8
446	-0.678915	176.825208	40.888025	0.002741	6.6
447	-0.692964	176.451568	40.965398	0.012087	5.9
448	-0.691006	177.440234	40.761300	0.004951	6.4
449	-0.695726	178.438489	40.557277	0.006204	12.2
450	-0.703204	178.060972	40.634193	0.009747	8.3
451	-0.688461	179.060972	40.431084	0.003848	6.3
452	-0.686236	180.060933	40.230003	0.005600	9.6
453	-0.677863	179.681398	40.306088	0.003724	5.5
454	-0.676025	180.301338	40.181958	0.005126	11.6
455	-0.684272	180.070087	40.228172	0.006080	10.2
456	-0.715293	179.781687	40.285955	0.007007	4.9
457	-0.715184	179.401457	40.362391	0.008243	6.6
458	-0.686110	180.401457	40.161984	0.005540	5.8
459	-0.706419	180.021241	40.237947	0.008029	10.5
460	-0.725228	181.021213	40.038776	0.007382	6.1
461	-0.701554	182.021145	39.841574	0.006728	8.8
462	-0.690961	182.312465	39.784486	0.003066	11.1
463	-0.684620	181.939109	39.857680	0.003409	9.8
464	-0.696995	182.614001	39.725569	0.005592	11.1
465	-0.694441	182.460662	39.755508	0.005975	6.9
466	-0.697013	182.080556	39.829918	0.009821	6.4
467	-0.689119	183.080550	39.634752	0.005944	6.6
468	-0.695159	184.080549	39.441488	0.007644	6.7
469	-0.680665	185.074970	39.251162	0.008399	10.9
470	-0.701651	184.694733	39.323719	0.005550	6.8
471	-0.685066	185.694578	39.133499	0.006408	6.2
472	-0.669101	185.314419	39.205607	0.012024	9.7
473	-0.709441	184.934179	39.277997	0.008053	11.6
474	-0.686065	185.934179	39.088188	0.005698	7.3
475	-0.684508	186.350583	39.009690	0.006469	7.2
476	-0.679350	187.350198	38.822531	0.006136	6.4
477	-0.688498	187.087179	38.871602	0.005188	6.4
478	-0.681439	186.717231	38.940833	0.006838	11.2
479	-0.682363	186.348984	39.009991	0.007949	13.0
480	-0.690953	187.339141	38.824591	0.009089	10.7
481	-0.695921	186.963503	38.894719	0.005139	5.9
482	-0.694599	186.583334	38.965951	0.005931	7.7
483	-0.686899	186.603545	38.962157	0.005364	8.9
484	-0.682142	187.602532	38.775570	0.006175	11.2
485	-0.676316	187.744734	38.749155	0.006268	1.5
486	-0.673953	188.744216	38.564506	0.008515	10.2
487	-0.686603	188.375680	38.632386	0.005339	6.5
488	-0.690524	187.998505	38.702105	0.007123	8.0
489	-0.730474	187.618309	38.772637	0.005662	5.9
490	-0.664840	188.282041	38.649671	0.003170	14.4
491	-0.690639	188.604357	38.590238	0.007758	11.8
492	-0.696453	189.573575	38.412617	0.005341	8.0
493	-0.694207	189.284170	38.465482	0.004210	12.2
494	-0.698388	190.255730	38.288580	0.008730	7.0
495	-0.682057	190.699231	38.208367	0.010056	7.0
496	-0.691485	190.343329	38.272710	0.008367	6.0
497	-0.705577	189.963089	38.341693	0.006788	7.8
498	-0.695883	190.963089	38.160804	0.009261	6.1
499	-0.701909	190.583019	38.229353	0.009259	6.3
500	-0.659399	191.508845	38.062801	0.009570	7.1
501	-0.682354	191.128606	38.131029	0.008648	11.1
502	-0.663108	190.748366	38.199501	0.005267	6.4
503	-0.656360	190.368182	38.268210	0.007620	6.3
504	-0.693228	190.624686	38.221826	0.002538	11.1
505	-0.700486	190.441809	38.254885	0.003824	7.4
506	-0.694817	190.633378	38.220257	0.011198	12.0
507	-0.694271	191.108038	38.134726	0.005178	4.8
508	-0.655431	191.532396	38.058584	0.005851	6.4
509	-0.686167	191.582361	38.049639	0.008700	11.7
510	-0.674932	191.529279	38.059142	0.006513	6.7
511	-0.664607	191.149628	38.127250	0.008991	11.1
512	-0.691793	192.148593	37.948559	0.005598	6.2
513	-0.663379	191.768363	38.016376	0.006471	11.1
514	-0.688731	192.643097	37.860722	0.005822	2.2
515	-0.701532	193.643028	37.684345	0.010145	8.8
516	-0.691571	194.642788	37.509634	0.004837	13.0
517	-0.683027	194.986579	37.449929	0.006955	4.0
518	-0.698065	195.911641	37.290216	0.004462	11.1
519	-0.674854	195.531411	37.355698	0.006365	11.8
520	-0.712804	195.159474	37.419974	0.007299	4.1
521	-0.688342	196.159305	37.247688	0.006860	6.2
522	-0.683670	197.158836	37.077031	0.004348	6.2
523	-0.713143	198.124370	36.913658	0.007280	6.0
524	-0.695529	198.493901	36.851511	0.004926	9.7
525	-0.677053	198.114252	36.915362	0.003989	3.0
526	-0.696529	198.113139	36.915550	0.007649	5.9
527	-0.712802	197.733341	36.979648	0.003004	11.3
528	-0.685994	197.456226	37.026557	0.004976	11.0
529	-0.684552	198.013583	36.932330	0.003560	7.0
530	-0.705798	197.676970	36.989181	0.003790	5.9
531	-0.692095	198.349750	36.875729	0.007495	6.3
532	-0.680861	197.982921	36.937502	0.008265	5.8
533	-0.702265	198.982916	36.769592	0.006923	6.1
534	-0.702224	198.602676	36.833258	0.007192	7.3
535	-0.692878	199.598967	36.666908	0.007937	7.1
536	-0.692066	199.218728	36.730219	0.007764	11.7
537	-0.666654	200.218727	36.564183	0.007529	10.3
538	-0.682599	199.838487	36.627139	0.003321	6.8
539	-0.683054	199.458586	36.690256	0.007476	6.6
540	-0.710728	199.081060	36.753194	0.009186	7.8
541	-0.698869	200.010568	36.598621	0.004481	6.0
542	-0.699553	200.999738	36.435548	0.003239	6.1
543	-0.671931	201.904666	36.287630	0.004668	5.9
544	-0.698022	201.613085	36.335160	0.003175	12.0
545	-0.704450	201.925071	36.284308	0.006507	1.6
546	-0.655030	202.573375	36.179093	0.006574	6.9
547	-0.697958	203.573132	36.018031	0.006156	6.4
548	-0.715423	203.210424	36.076298	0.009144	6.2
549	-0.700132	202.946973	36.118738	0.004240	7.3
550	-0.705329	203.946620	35.958229	0.006374	11.2
551	-0.670135	203.569393	36.018631	0.007050	7.6
552	-0.685499	204.569155	35.858990	0.011631	8.0
553	-0.708135	205.424345	35.723553	0.006681	6.1
554	-0.705326	206.424345	35.566474	0.008116	11.3
555	-0.700040	206.044108	35.626038	0.008764	5.1
556	-0.678648	207.043118	35.469968	0.008538	8.3
557	-0.676293	206.662877	35.529209	0.007496	8.0
558	-0.681631	207.594438	35.384422	0.007951	8.0
559	-0.676590	208.594438	35.230305	0.004020	7.6
560	-0.709327	209.592810	35.077772	0.007647	6.1
561	-0.688454	209.375136	35.110916	0.007037	10.1
562	-0.668378	210.375057	34.959179	0.004833	7.4
563	-0.675747	209.995338	35.016646	0.004986	7.9
564	-0.662843	209.650628	35.068979	0.005777	7.9
565	-0.675753	210.646684	34.918186	0.003531	12.0
566	-0.661551	210.846403	34.888107	0.009153	5.9
567	-0.709677	210.559317	34.931361	0.010742	6.0
568	-0.713694	210.180101	34.988660	0.006767	5.9
569	-0.701576	211.180097	34.837965	0.004297	11.9
570	-0.672152	210.800935	34.894950	0.005788	1.6
571	-0.689693	211.694691	34.760922	0.004246	6.8
572	-0.679787	212.691710	34.612618	0.005250	12.0
573	-0.668376	213.591741	34.479824	0.005683	1.8
574	-0.661997	213.292673	34.523837	0.005152	4.8
575	-0.679352	212.931714	34.577107	0.004888	7.9
576	-0.695786	212.807882	34.595421	0.004635	8.1
577	-0.682398	212.440557	34.649857	0.005929	8.0
578	-0.673327	212.164419	34.690893	0.003240	6.3
579	-0.680954	211.988928	34.717023	0.004037	11.7
580	-0.652411	211.751704	34.752407	0.006296	3.1
581	-0.654711	212.745041	34.604721	0.004583	6.8
582	-0.718381	213.017808	34.564387	0.004054	7.8
583	-0.678273	213.908228	34.433370	0.005730	8.0
584	-0.669534	213.613023	34.476696	0.003663	6.2
585	-0.694995	214.126661	34.401382	0.004186	5.1
586	-0.705347	214.711025	34.316095	0.005176	3.9
587	-0.654848	215.541681	34.195589	0.010269	3.8
588	-0.648921	215.161442	34.250646	0.007159	6.8
589	-0.673754	214.781214	34.305880	0.007105	5.8
590	-0.675514	214.401047	34.361283	0.003389	11.9
591	-0.688932	214.735598	34.312518	0.004891	10.8
592	-0.690088	214.932410	34.283895	0.003069	6.2
593	-0.679679	214.597489	34.332632	0.004353	6.1
594	-0.689130	214.292204	34.377178	0.004453	6.0
595	-0.684489	214.060649	34.411042	0.007342	10.9
596	-0.667785	213.686905	34.465843	0.005889	8.1
597	-0.697259	214.686613	34.319650	0.003744	5.8
598	-0.683393	214.310134	34.374559	0.005248	10.0
599	-0.705761	215.195213	34.245749	0.003561	6.8
600	-0.704982	216.124633	34.111521	0.004854	7.9
601	-0.693630	216.194165	34.101522	0.004528	8.0
602	-0.702542	216.012885	34.127604	0.005237	11.6
603	-0.680018	216.758423	34.020591	0.003726	4.3
604	-0.718998	216.404895	34.071252	0.008106	11.4
605	-0.708724	216.701716	34.028707	0.008953	8.5
606	-0.688288	217.701715	33.886149	0.005382	10.8
607	-0.675666	218.701546	33.744805	0.004658	8.5
608	-0.706973	218.418560	33.784691	0.006410	6.2
609	-0.673380	218.450887	33.780130	0.005515	6.2
610	-0.710592	219.321302	33.657782	0.008146	7.3
611	-0.708945	220.321218	33.518321	0.004179	7.8
612	-0.697707	221.321102	33.380015	0.004412	8.0
613	-0.718757	221.027594	33.420495	0.009735	6.4
614	-0.681509	221.738544	33.322611	0.003886	10.7
615	-0.671096	221.358761	33.374828	0.004184	4.8
616	-0.675543	221.571554	33.345551	0.007319	11.8
617	-0.662397	222.425321	33.228597	0.003289	4.9
618	-0.685162	223.416179	33.093889	0.006610	5.1
619	-0.689225	224.195099	32.988759	0.007104	5.7
620	-0.679456	223.930249	33.024431	0.011396	9.1
621	-0.677424	223.550009	33.075779	0.006592	8.0
622	-0.667232	223.169782	33.127285	0.005533	7.9
623	-0.669627	224.156115	32.994005	0.002957	10.7
624	-0.699423	223.911124	33.027009	0.007700	6.4
625	-0.685504	224.592792	32.935340	0.004139	6.1
626	-0.686764	225.536508	32.809267	0.012816	12.4
627	-0.682639	226.534913	32.676934	0.006277	8.0
628	-0.706632	227.534913	32.545456	0.004863	6.7
629	-0.663262	227.160063	32.594616	0.003599	9.1
630	-0.703931	226.966936	32.620002	0.008718	8.0
631	-0.672366	227.942557	32.492162	0.005040	5.7
632	-0.716758	227.562390	32.541858	0.005495	10.1
633	-0.697269	228.557624	32.412081	0.004200	7.5
634	-0.693608	229.530740	32.286186	0.005935	7.4
635	-0.687096	230.521943	32.158952	0.007845	5.5
636	-0.702790	231.521754	32.031624	0.008268	6.4
637	-0.691388	231.151610	32.078645	0.011603	6.3
638	-0.698463	231.925345	31.980512	0.006394	6.2
639	-0.694460	231.628347	32.018109	0.009714	5.9
640	-0.698917	231.248160	32.066367	0.008432	10.9
641	-0.671048	230.867920	32.114777	0.003580	7.8
642	-0.703679	231.867689	31.987804	0.004243	8.4
643	-0.710461	231.571791	32.025279	0.004004	5.9
644	-0.684991	231.250162	32.066112	0.004429	5.8
645	-0.661079	230.927136	32.107228	0.004843	11.1
646	-0.696424	230.610422	32.147643	0.006101	1.5
647	-0.680757	231.174227	32.075768	0.005859	5.9
648	-0.707196	232.146382	31.952588	0.005943	11.0
649	-0.697416	233.145912	31.826922	0.008008	11.1
650	-0.684155	232.765672	31.874611	0.007822	16.3
651	-0.689665	233.744338	31.752156	0.004093	6.7
652	-0.683888	234.541145	31.653149	0.005212	11.8
653	-0.696503	234.217685	31.693266	0.004898	7.4
654	-0.695258	235.179143	31.574319	0.005861	10.6
655	-0.692682	234.931678	31.604849	0.005617	6.1
656	-0.682644	235.916039	31.483756	0.004770	6.1
657	-0.714845	235.576821	31.525381	0.007075	9.8
658	-0.715084	235.202182	31.571480	0.002956	5.9
659	-0.688668	234.907316	31.607858	0.007175	9.9
660	-0.698123	235.439301	31.542287	0.003114	8.0
661	-0.689693	235.065875	31.588286	0.004504	6.1
662	-0.720572	235.872699	31.489068	0.011465	6.3
663	-0.701588	236.867951	31.367535	0.004264	15.7
664	-0.680195	237.867950	31.246363	0.004197	4.4
665	-0.697060	237.555046	31.284178	0.002175	5.9
666	-0.675159	237.631809	31.274892	0.004915	6.0
667	-0.681948	237.502254	31.290567	0.003342	6.0
668	-0.698595	238.011540	31.229041	0.005194	12.0
669	-0.673991	238.519686	31.167894	0.008380	9.3
670	-0.698396	238.351213	31.188140	0.004405	10.7
671	-0.694163	237.971862	31.233826	0.003756	5.9
672	-0.681808	237.814878	31.252771	0.008253	6.2
673	-0.689567	237.514167	31.289125	0.004875	6.3
674	-0.690739	238.392698	31.183152	0.004360	11.3
675	-0.690730	239.023747	31.107474	0.004599	6.2
676	-0.689349	239.053103	31.103963	0.004545	11.8
677	-0.674224	239.354471	31.067959	0.010200	8.0
678	-0.692341	239.039100	31.105638	0.010636	6.3
679	-0.695437	238.727337	31.142975	0.007028	6.7
680	-0.675380	238.347097	31.188635	0.004367	10.9
681	-0.702138	237.983118	31.232468	0.004255	6.7
682	-0.686955	238.844693	31.128910	0.004662	6.8
683	-0.708873	238.945227	31.116871	0.006219	5.8
684	-0.721217	239.944260	30.997739	0.004229	6.3
685	-0.667051	239.564860	31.042874	0.006025	11.8
686	-0.678260	239.324849	31.071494	0.008134	6.3
687	-0.667584	238.944662	31.116938	0.011046	7.5
688	-0.691219	238.564602	31.162500	0.007401	12.0
689	-0.668184	239.564602	31.042904	0.005436	7.5
690	-0.684875	239.184407	31.088266	0.003460	9.4
691	-0.682954	238.836120	31.129937	0.007027	5.6
692	-0.694759	238.480754	31.172570	0.003440	9.0
693	-0.675039	238.332042	31.190446	0.006956	6.1
694	-0.694580	239.328285	31.071084	0.005314	5.8
695	-0.683155	239.766106	31.018916	0.004207	6.5
696	-0.676234	240.758750	30.901286	0.003623	9.3
697	-0.666314	240.389493	30.944939	0.004428	5.7
698	-0.659203	241.117087	30.859041	0.005189	5.9
699	-0.706317	241.974021	30.758483	0.006875	6.3
700	-0.681734	242.971757	30.642225	0.005237	13.4
701	-0.694699	243.937597	30.530518	0.006155	6.8
702	-0.671836	243.558322	30.574287	0.004484	9.3
703	-0.707191	243.912399	30.533422	0.008098	6.4
704	-0.677554	244.909619	30.418915	0.002191	5.9
705	-0.711439	245.480453	30.353754	0.005468	11.2
706	-0.673112	245.778390	30.319855	0.004299	5.6
707	-0.680462	246.335202	30.256704	0.004145	6.1
708	-0.682919	246.914237	30.191311	0.002177	6.8
709	-0.702997	247.136077	30.166332	0.004476	11.0
710	-0.680483	247.535310	30.121484	0.004428	10.3
711	-0.711182	247.161172	30.163509	0.004093	5.9
712	-0.680823	247.888890	30.081875	0.008444	11.1
713	-0.680334	248.732216	29.987823	0.004431	12.5
714	-0.697069	249.731939	29.877088	0.006564	7.1
715	-0.686349	250.538604	29.788332	0.006955	5.9
716	-0.683052	250.160814	29.829834	0.005218	5.9
717	-0.662312	249.787349	29.870975	0.007225	8.3
718	-0.699354	249.407627	29.912921	0.009740	6.9
719	-0.670364	249.027387	29.955043	0.006655	11.8
720	-0.675512	248.647147	29.997284	0.004584	10.8
721	-0.701433	248.268739	30.039440	0.008598	10.7
722	-0.665783	249.268677	29.928300	0.007926	7.3
723	-0.692068	250.198756	29.825660	0.004796	11.5
724	-0.693328	251.191476	29.716882	0.004709	5.9
725	-0.698308	252.181554	29.609181	0.003939	11.5
726	-0.691663	252.015550	29.627184	0.008201	7.5
727	-0.664603	252.743689	29.548378	0.011198	6.3
728	-0.695976	253.003687	29.520340	0.007248	5.9
729	-0.719554	252.623447	29.561363	0.009064	6.4
730	-0.684613	253.623447	29.453720	0.007126	6.0
731	-0.709276	254.621181	29.347099	0.004678	11.1
732	-0.674950	255.567743	29.246657	0.006058	4.9
733	-0.717676	255.188280	29.286840	0.006483	11.0
734	-0.676521	254.981315	29.308803	0.005521	3.6
735	-0.695814	254.601124	29.349234	0.012052	10.4
736	-0.689488	254.220884	29.389783	0.006072	10.4
737	-0.682866	255.203757	29.285199	0.004767	11.4
738	-0.665912	256.196602	29.180307	0.002871	11.6
739	-0.708160	256.462954	29.152295	0.004801	10.5
740	-0.675540	257.011192	29.094807	0.006728	5.9
741	-0.692786	257.811646	29.011277	0.005418	5.8
742	-0.669541	257.445934	29.049381	0.007072	6.1
743	-0.682458	258.394034	28.950804	0.005339	5.8
744	-0.676979	259.394007	28.847557	0.010912	9.9
745	-0.688925	259.377598	28.849245	0.005610	5.3
746	-0.673510	259.386873	28.848291	0.006568	14.0
747	-0.672701	260.382537	28.746212	0.009481	7.5
748	-0.661518	261.382461	28.644421	0.002622	6.3
749	-0.698636	261.151840	28.667834	0.008876	6.5
750	-0.670827	262.056037	28.576257	0.006220	11.8
751	-0.693407	263.047992	28.476463	0.010511	4.5
752	-0.698676	264.047991	28.376562	0.003661	9.8
753	-0.706410	263.679013	28.413341	0.005435	6.8
754	-0.710568	263.712823	28.409967	0.004243	6.9
755	-0.706163	264.594652	28.322246	0.005169	6.1
756	-0.701468	264.578059	28.323892	0.004576	7.1
757	-0.703232	264.745078	28.307336	0.002340	8.7
758	-0.695654	264.559976	28.325685	0.004314	10.6
759	-0.671221	264.342866	28.347238	0.005371	9.2
760	-0.685391	264.476310	28.333987	0.007202	11.7
761	-0.707650	264.953202	28.286733	0.005884	6.6
762	-0.685870	265.953161	28.188161	0.004836	6.3
763	-0.698124	266.918669	28.093635	0.004054	5.8
764	-0.696159	266.618183	28.122986	0.006122	12.3
765	-0.691535	266.362208	28.148037	0.002477	6.1
766	-0.701373	266.154980	28.168350	0.004769	10.8
767	-0.721209	265.987451	28.184793	0.006879	2.7
768	-0.690799	265.786811	28.204512	0.004756	6.4
769	-0.674473	266.786005	28.106586	0.007220	6.2
770	-0.695760	267.057843	28.080062	0.004622	13.6
771	-0.701515	266.677642	28.117173	0.007958	1.7
772	-0.668367	267.107173	28.075254	0.006369	11.8
773	-0.665774	266.732465	28.111816	0.004686	6.5
774	-0.699998	267.732001	28.014498	0.004707	6.1
775	-0.698347	267.370921	28.049576	0.004183	6.3
776	-0.696753	267.314166	28.055097	0.007428	5.3
777	-0.686805	268.275233	27.961889	0.008899	5.9
778	-0.705129	269.275233	27.865560	0.004691	9.7
779	-0.704182	270.274037	27.770007	0.007678	5.1
780	-0.686924	271.263084	27.676030	0.006308	9.0
781	-0.677392	270.883013	27.712068	0.005466	6.2
782	-0.705945	271.864067	27.619237	0.006838	9.5
783	-0.701753	271.483859	27.655140	0.004282	6.1
784	-0.685373	272.474287	27.561808	0.006255	9.7
785	-0.670599	272.949106	27.517287	0.006075	11.9
786	-0.722770	273.932771	27.425511	0.004021	8.7
787	-0.699410	273.722959	27.445035	0.007210	6.8
788	-0.708145	274.715774	27.352893	0.005684	7.9
789	-0.700805	274.354369	27.386363	0.004426	11.5
790	-0.695288	274.941521	27.332028	0.007184	6.9
791	-0.671151	274.564954	27.366851	0.006365	6.2
792	-0.672902	274.856678	27.339866	0.003318	5.9
793	-0.704396	275.509678	27.279656	0.003592	6.0
794	-0.684938	275.382423	27.291369	0.004406	11.3
795	-0.687581	276.168696	27.219159	0.003924	6.8
796	-0.696402	276.888506	27.153387	0.006364	8.8
797	-0.659416	276.533687	27.185769	0.007762	11.2
798	-0.690807	277.516116	27.096299	0.005701	6.3
799	-0.693180	277.389177	27.107826	0.003078	6.4
800	-0.699021	277.786012	27.071823	0.009851	7.7
801	-0.700944	278.783346	26.981759	0.008128	9.6
802	-0.709421	278.403105	27.016026	0.005443	5.6
803	-0.694439	279.399281	26.926436	0.003337	5.8
804	-0.657965	280.111454	26.862751	0.006287	12.6
805	-0.703980	279.913164	26.880452	0.004042	9.6
806	-0.706300	280.910429	26.791661	0.003746	6.0
807	-0.692002	281.653198	26.725910	0.003287	9.9
808	-0.687295	281.364585	26.751420	0.006708	7.7
809	-0.693002	281.078940	26.776716	0.003160	14.0
810	-0.700533	281.298196	26.757295	0.006416	11.3
811	-0.684182	280.946172	26.788490	0.007668	3.5
812	-0.693519	280.578547	26.821145	0.007252	12.4
813	-0.700793	281.578547	26.732503	0.005183	6.8
814	-0.690759	282.571932	26.645026	0.004193	11.5
815	-0.700854	282.721297	26.631922	0.003581	10.8
816	-0.662673	282.498085	26.651509	0.002508	9.3
817	-0.669071	282.323976	26.666807	0.004797	12.7
818	-0.675382	281.977310	26.697319	0.005679	5.3
819	-0.668839	282.973586	26.609819	0.010024	7.6
820	-0.685445	282.593455	26.643137	0.004579	11.4
821	-0.676765	283.593447	26.555667	0.006388	12.1
822	-0.666169	283.832476	26.534843	0.006108	12.1
823	-0.678110	283.555807	26.558949	0.005371	12.4
824	-0.706222	284.554146	26.472172	0.004344	4.6
825	-0.697726	284.976523	26.435629	0.007760	10.3
826	-0.695672	284.742504	26.455864	0.009958	13.0
827	-0.669048	285.742504	26.369616	0.006439	6.1
828	-0.671220	285.362264	26.402344	0.006402	11.2
829	-0.673410	284.982034	26.435153	0.008335	12.6
830	-0.686156	285.241371	26.412767	0.006779	7.7
831	-0.659127	286.241366	26.326800	0.008060	5.9
832	-0.686599	285.861127	26.359422	0.008574	9.9
833	-0.668769	286.861127	26.273801	0.006983	8.0
834	-0.673477	287.861127	26.188734	0.005126	7.7
835	-0.685262	287.482026	26.220918	0.006213	6.0
836	-0.683694	288.229716	26.157518	0.006805	6.6
837	-0.689107	287.849657	26.189707	0.008273	6.0
838	-0.696517	288.849652	26.105183	0.006895	7.2
839	-0.673770	289.476335	26.052491	0.007242	11.1
840	-0.681258	289.097711	26.084301	0.007965	5.8
841	-0.699987	290.096255	26.000577	0.002571	8.8
842	-0.700592	290.954614	25.929035	0.006962	6.6
843	-0.687861	290.608598	25.957827	0.004258	9.2
844	-0.729800	290.612759	25.957480	0.010097	7.7
845	-0.678953	290.232582	25.989188	0.008937	8.0
846	-0.677982	289.852341	26.020978	0.005048	6.1
847	-0.693030	289.527868	26.048168	0.009659	9.9
848	-0.687439	290.527853	25.964555	0.005374	3.8
849	-0.693831	290.147613	25.996285	0.004118	9.1
850	-0.689820	290.027281	26.006342	0.006931	11.3
851	-0.683780	289.647170	26.038164	0.003392	5.7
852	-0.680269	290.635889	25.955553	0.003666	6.7
853	-0.719052	290.391816	25.975898	0.005170	11.4
854	-0.713416	290.311501	25.982599	0.005196	11.3
855	-0.677078	289.933619	26.014176	0.003335	6.1
856	-0.678402	289.634448	26.039231	0.005126	6.3
857	-0.669986	289.278016	26.069143	0.002862	8.2
858	-0.693205	290.222756	25.990008	0.004959	6.0
859	-0.690818	290.088657	26.001212	0.005772	6.0
860	-0.673441	290.291467	25.984271	0.008875	6.0
861	-0.662965	291.291088	25.901098	0.003589	6.0
862	-0.696122	292.286068	25.818837	0.005927	6.0
863	-0.714750	292.505700	25.800749	0.005285	9.6
864	-0.684806	292.386938	25.810527	0.006186	7.9
865	-0.684744	292.017565	25.840984	0.006291	7.9
866	-0.668826	291.734168	25.864401	0.003254	7.3
867	-0.676953	292.230328	25.823432	0.005725	8.6
868	-0.692049	292.553723	25.796798	0.005085	6.6
869	-0.685605	293.551068	25.715004	0.007494	6.1
870	-0.698126	293.410634	25.726490	0.005651	11.2
871	-0.693644	294.409432	25.645023	0.008983	4.5
872	-0.694225	295.367248	25.567381	0.004792	6.3
873	-0.711495	294.987926	25.598073	0.005567	11.2
874	-0.675385	294.796999	25.613549	0.003733	7.1
875	-0.692618	294.481350	25.639176	0.002721	7.5
876	-0.731544	294.598573	25.629653	0.002918	14.6
877	-0.709480	294.611521	25.628602	0.002050	8.0
878	-0.708385	294.403108	25.645537	0.002892	9.1
879	-0.686439	294.341421	25.650553	0.006695	10.9
880	-0.716867	294.719538	25.619834	0.007038	6.1
881	-0.663088	294.932496	25.602564	0.004457	12.7
882	-0.702739	295.923037	25.522544	0.004212	12.1
883	-0.685817	296.185139	25.501453	0.004560	7.7
884	-0.681890	295.862943	25.527384	0.004494	6.0
885	-0.707750	295.647516	25.544751	0.012048	10.0
886	-0.655077	296.647493	25.464334	0.013233	1.9
887	-0.686729	296.267282	25.494851	0.005057	11.8
888	-0.678680	295.890136	25.525193	0.007396	11.9
889	-0.683435	296.890046	25.444905	0.004491	3.9
890	-0.656725	296.612889	25.467109	0.005988	11.2
891	-0.672701	297.147834	25.424288	0.005219	10.2
892	-0.673578	296.767633	25.454707	0.013107	1.6
893	-0.662194	297.767633	25.374854	0.004727	10.9
894	-0.688746	298.314994	25.331357	0.004530	7.6
895	-0.688277	299.299347	25.253508	0.008082	11.0
896	-0.690097	298.919194	25.283516	0.007073	1.9
897	-0.678181	298.550666	25.312675	0.004497	2.4
898	-0.691182	298.181490	25.341952	0.005065	5.5
899	-0.695999	297.801889	25.372127	0.004321	11.2
900	-0.689670	298.415439	25.323391	0.006991	5.8
901	-0.688275	299.402817	25.245352	0.003915	6.9
902	-0.681256	299.022749	25.275334	0.006754	8.1
903	-0.693395	300.002929	25.198156	0.006685	6.5
904	-0.707185	301.002252	25.119955	0.007440	13.2
905	-0.695817	302.002251	25.042185	0.003049	2.3
906	-0.708156	301.737159	25.062754	0.007059	9.7
907	-0.688442	301.535319	25.078438	0.004395	7.0
908	-0.699572	301.421969	25.087255	0.004622	5.9
909	-0.706760	302.149396	25.030782	0.005774	11.1
910	-0.691063	301.777838	25.059595	0.007031	10.5
911	-0.697913	301.597155	25.073631	0.004770	11.1
912	-0.667461	302.552892	24.999566	0.006037	5.9
913	-0.678277	302.239316	25.023819	0.006333	6.3
914	-0.687830	303.199996	24.949667	0.008751	8.3
915	-0.687168	304.190701	24.873657	0.006153	6.1
916	-0.702448	305.189776	24.797472	0.005751	5.9
917	-0.673732	305.233211	24.794171	0.004301	6.0
918	-0.689334	305.746299	24.755237	0.003324	6.0
919	-0.687251	305.662174	24.761612	0.005281	7.9
920	-0.682328	306.569584	24.693019	0.009264	6.0
921	-0.676450	307.569441	24.617877	0.003845	9.9
922	-0.699660	307.198453	24.645704	0.009466	5.6
923	-0.702438	306.820632	24.674109	0.006294	6.0
924	-0.705353	306.504392	24.697934	0.004679	6.5
925	-0.687329	306.552760	24.694287	0.007178	13.8
926	-0.684475	307.544435	24.619750	0.015128	8.7
927	-0.692836	307.164195	24.648277	0.012022	11.0
928	-0.690787	306.783954	24.676870	0.007714	6.1
929	-0.669866	307.783952	24.601815	0.004157	9.8
930	-0.670486	308.783013	24.527285	0.004861	6.2
931	-0.714814	308.410995	24.554985	0.005188	6.6
932	-0.685638	309.352528	24.485001	0.003618	6.1
933	-0.674210	310.097199	24.429932	0.010470	10.2
934	-0.690795	309.734578	24.456717	0.006050	10.3
935	-0.684712	310.345158	24.411650	0.005165	7.6
936	-0.680914	309.996417	24.437370	0.010421	12.0
937	-0.698086	309.616294	24.465467	0.011760	6.4
938	-0.708742	309.236054	24.493637	0.004485	6.7
939	-0.683631	310.235905	24.419702	0.006681	7.2
940	-0.683850	311.235165	24.346255	0.003561	6.6
941	-0.693922	312.206894	24.275254	0.007714	7.7
942	-0.703841	311.827978	24.302891	0.004259	6.7
943	-0.703562	312.783177	24.233342	0.010052	6.6
944	-0.669529	312.551118	24.250202	0.006116	11.5
945	-0.677041	313.551118	24.177716	0.003131	6.2
946	-0.675211	314.288775	24.124524	0.003866	10.0
947	-0.676355	313.956185	24.148478	0.006870	7.9
948	-0.677987	314.556433	24.105281	0.006040	6.2
949	-0.714334	315.545686	24.034425	0.008970	9.8
950	-0.701588	316.545619	23.963226	0.004130	11.1
951	-0.704139	316.263434	23.983276	0.008445	16.4
952	-0.693497	317.079311	23.925398	0.006152	4.2
953	-0.693278	316.699440	23.952311	0.005566	7.9
954	-0.701662	316.319760	23.979271	0.005608	5.9
955	-0.691477	315.998878	24.002104	0.006523	10.0
956	-0.677992	315.619435	24.029159	0.009648	8.8
957	-0.705925	316.619435	23.957987	0.011027	7.2
958	-0.685943	317.619435	23.887235	0.005301	8.0
959	-0.663542	318.573767	23.820103	0.008558	8.2
960	-0.673085	319.208672	23.775649	0.003963	6.4
961	-0.687407	320.198538	23.706673	0.005375	11.8
962	-0.674123	319.828300	23.732425	0.005506	9.1
963	-0.681334	319.457334	23.758284	0.004846	7.8
964	-0.703901	319.083174	23.784423	0.005196	8.7
965	-0.694024	318.705727	23.810850	0.005453	6.1
966	-0.693021	319.689134	23.742119	0.005446	5.8
967	-0.678864	320.662287	23.674495	0.006422	7.3
968	-0.711129	321.662164	23.605413	0.005334	6.3
969	-0.705877	322.644584	23.537930	0.007623	11.3
970	-0.670575	323.631237	23.470542	0.004651	4.4
971	-0.700560	323.293985	23.493533	0.006482	6.1
972	-0.704531	323.004806	23.513282	0.005713	11.1
973	-0.694946	322.667653	23.536349	0.009284	11.8
974	-0.702795	323.665634	23.468200	0.008637	10.6
975	-0.688893	323.285394	23.494119	0.009694	6.4
976	-0.674922	324.285394	23.426076	0.008690	11.4
977	-0.696352	323.905154	23.451902	0.011020	9.0
978	-0.715133	324.905154	23.384104	0.003182	5.0
979	-0.663014	324.786075	23.392157	0.006558	6.0
980	-0.674610	324.744429	23.394974	0.005966	6.1
981	-0.690121	325.168913	23.366286	0.005807	9.8
982	-0.693867	325.662676	23.333005	0.003246	6.0
983	-0.676610	326.230579	23.294844	0.007385	9.9
984	-0.682472	326.438484	23.280904	0.004438	7.9
985	-0.678765	327.140853	23.233935	0.005971	9.2
986	-0.699643	328.076507	23.171660	0.005291	6.5
987	-0.691240	329.075597	23.105529	0.009131	16.2
988	-0.684039	328.696376	23.130586	0.009085	5.0
989	-0.702542	329.215854	23.096276	0.007011	11.2
990	-0.693750	330.211937	23.030772	0.002520	11.6
991	-0.682539	330.567994	23.007447	0.006188	7.2
992	-0.717627	330.466050	23.014120	0.004974	8.7
993	-0.694249	331.459153	22.949275	0.005906	9.9
994	-0.661443	331.078959	22.974057	0.006391	8.8
995	-0.661259	330.699827	22.998823	0.002688	16.9
996	-0.687748	330.460869	23.014460	0.006317	4.4
997	-0.669651	330.110663	23.037415	0.003859	11.2
998	-0.657032	330.266671	23.027183	0.004847	11.8
999	-0.693127	330.011658	23.043913	0.005061	5.9
1000	-0.690723	330.868165	22.987820	0.008215	9.9
1001	-0.688231	331.732513	22.931490	0.005417	8.0
1002	-0.677195	332.687421	22.869578	0.005786	11.0
1003	-0.670605	332.336143	22.892314	0.007797	11.6
1004	-0.700162	332.988713	22.850113	0.003147	9.3
1005	-0.680043	333.842005	22.795165	0.005256	11.5
1006	-0.685581	333.853828	22.794405	0.008745	8.2
1007	-0.675535	333.512136	22.816375	0.007148	8.5
1008	-0.692220	334.512126	22.752197	0.005414	6.6
1009	-0.686370	334.347731	22.762723	0.003700	8.6
1010	-0.709412	335.318690	22.700695	0.006234	8.0
1011	-0.674611	335.015747	22.720012	0.009338	8.0
1012	-0.693221	336.015451	22.656392	0.009062	6.0
1013	-0.681618	337.015451	22.593109	0.005608	11.2
1014	-0.683995	336.678899	22.614367	0.003749	6.6
1015	-0.694830	336.299900	22.638355	0.005139	7.9
1016	-0.673241	337.077237	22.589210	0.007373	6.4
1017	-0.679862	336.709052	22.612461	0.005769	9.6
1018	-0.706216	337.699879	22.549999	0.008993	11.8
1019	-0.658678	338.699827	22.487311	0.004886	5.9
1020	-0.696584	339.699654	22.424979	0.005454	11.6
1021	-0.675679	340.659801	22.365444	0.004468	6.9
1022	-0.666130	340.374960	22.383073	0.003112	11.0
1023	-0.689011	340.382395	22.382612	0.005171	8.6
1024	-0.685945	340.052618	22.403056	0.004621	5.9
1025	-0.709855	339.675994	22.426450	0.006194	6.7
1026	-0.697615	340.592909	22.369581	0.005350	5.9
1027	-0.680685	340.233997	22.391807	0.004715	9.3
1028	-0.701680	341.046797	22.341537	0.003260	11.0
1029	-0.682578	341.234420	22.329965	0.004598	6.3
1030	-0.677274	341.144967	22.335481	0.005940	10.3
1031	-0.691615	340.765096	22.358934	0.003350	6.1
1032	-0.686978	340.764930	22.358945	0.011334	6.0
1033	-0.669294	340.384716	22.382468	0.008980	5.9
1034	-0.692895	341.384716	22.320704	0.002910	6.1
1035	-0.672450	342.248127	22.267650	0.007209	8.0
1036	-0.694400	342.885949	22.228619	0.004699	7.5
1037	-0.694934	342.508030	22.251729	0.006210	7.9
1038	-0.684402	342.130245	22.274878	0.004528	15.9
1039	-0.694166	342.246611	22.267742	0.005729	11.9
1040	-0.686909	341.900654	22.288971	0.008733	13.4
1041	-0.701247	342.900109	22.227754	0.002467	6.5
1042	-0.702631	343.529322	22.189386	0.004273	7.0
1043	-0.661126	343.538862	22.188806	0.008171	11.5
1044	-0.695058	343.214163	22.208587	0.005035	10.6
1045	-0.702085	344.213769	22.147801	0.007731	11.5
1046	-0.691430	343.833563	22.170882	0.003628	12.0
1047	-0.720422	343.453703	22.193990	0.007486	6.8
1048	-0.659912	343.352187	22.200174	0.007173	5.7
1049	-0.694535	344.352155	22.139412	0.007117	11.7
1050	-0.724131	345.352097	22.078984	0.005137	8.4
1051	-0.691188	346.121538	22.032709	0.003076	6.8
1052	-0.685703	345.822782	22.050653	0.004863	10.2
1053	-0.672806	346.397315	22.016171	0.004180	8.0
1054	-0.684427	346.039041	22.037661	0.004161	8.9
1055	-0.724296	346.496704	22.010216	0.005214	6.0
1056	-0.679802	347.367432	21.958190	0.006452	5.9
1057	-0.704285	348.262723	21.904951	0.008805	11.2
1058	-0.661401	349.253213	21.846352	0.005727	11.8
1059	-0.665855	348.872983	21.868810	0.002354	4.6
1060	-0.700846	349.813079	21.813368	0.004205	5.9
1061	-0.680542	349.489933	21.832393	0.008662	11.2
1062	-0.661402	349.168681	21.851341	0.007222	8.7
1063	-0.676229	348.788569	21.873802	0.003303	6.8
1064	-0.703671	348.475269	21.892350	0.004665	6.5
1065	-0.687756	348.924643	21.865756	0.002934	7.9
1066	-0.679045	349.157256	21.852015	0.006647	16.0
1067	-0.685819	349.332823	21.841656	0.001996	2.6
1068	-0.674759	349.283967	21.844537	0.005981	6.0
1069	-0.698914	349.487340	21.832546	0.007199	5.4
1070	-0.678131	349.107159	21.854973	0.003349	5.5
1071	-0.668141	348.768894	21.874966	0.006973	5.2
1072	-0.700590	349.660066	21.822372	0.009118	5.3
1073	-0.677725	349.279826	21.844782	0.008851	11.2
1074	-0.703779	348.899586	21.867237	0.006640	2.1
1075	-0.692763	349.432389	21.835785	0.005508	5.5
1076	-0.699575	349.154345	21.852187	0.005867	8.5
1077	-0.693578	348.774228	21.874650	0.006319	9.1
1078	-0.688892	348.394137	21.897159	0.005608	11.0
1079	-0.694139	348.923486	21.865824	0.008014	6.0
1080	-0.697337	349.921601	21.806986	0.004211	1.6
1081	-0.690420	350.666423	21.763284	0.002485	11.5
1082	-0.713940	350.369418	21.780690	0.005302	7.5
1083	-0.675247	350.290007	21.785348	0.004882	6.2
1084	-0.679587	351.097332	21.738081	0.010597	6.5
1085	-0.695128	352.096633	21.679858	0.004880	5.8
1086	-0.691021	351.716436	21.701973	0.004640	10.0
1087	-0.705372	351.459323	21.716954	0.004103	5.7
1088	-0.685667	351.227255	21.730494	0.003800	14.9
1089	-0.693998	351.385292	21.721271	0.004993	5.7
1090	-0.695607	351.284854	21.727132	0.007385	5.8
1091	-0.702666	351.312624	21.725511	0.004118	6.3
1092	-0.694806	352.277641	21.669345	0.004369	15.9
1093	-0.704310	352.550552	21.653514	0.007471	7.1
1094	-0.703693	353.090320	21.622270	0.005947	6.2
1095	-0.699298	354.090316	21.564625	0.004453	6.4
1096	-0.701233	354.876969	21.519493	0.003857	5.8
1097	-0.677116	354.510715	21.540483	0.005176	10.2
1098	-0.677620	355.440470	21.487281	0.006344	5.9
1099	-0.710343	355.936488	21.459005	0.008961	9.8
1100	-0.668294	356.915209	21.403431	0.005385	8.0
1101	-0.698559	356.534972	21.424987	0.002899	12.8
1102	-0.673150	356.616526	21.420360	0.006125	6.6
1103	-0.702523	357.493956	21.370703	0.003961	7.8
1104	-0.674573	358.465708	21.315976	0.004741	7.3
1105	-0.673939	358.135701	21.334530	0.005329	8.2
1106	-0.693144	359.083026	21.281355	0.005961	11.8
1107	-0.685868	358.703744	21.302613	0.004755	5.7
1108	-0.679188	358.876504	21.292925	0.008731	6.4
1109	-0.691786	358.496404	21.314252	0.005511	7.5
1110	-0.692627	358.145600	21.333973	0.009104	8.0
1111	-0.710044	359.060000	21.282645	0.006248	11.5
1112	-0.719644	358.734980	21.300861	0.005590	11.9
1113	-0.690240	359.730267	21.245177	0.004847	12.2
1114	-0.674910	360.725350	21.189795	0.009613	9.4
1115	-0.677532	361.725338	21.134430	0.005874	7.0
1116	-0.691620	361.345098	21.155448	0.004980	6.1
1117	-0.706396	362.331337	21.101019	0.005262	8.0
1118	-0.689363	363.290421	21.048357	0.007080	8.0
1119	-0.721487	364.283655	20.994096	0.007348	4.9
1120	-0.698174	363.904396	21.014782	0.009374	3.0
1121	-0.676283	363.524156	21.035563	0.008319	11.2
1122	-0.671605	364.524155	20.980999	0.008405	6.0
1123	-0.684187	365.389679	20.934001	0.004646	11.3
1124	-0.700214	366.389675	20.879963	0.007124	7.2
1125	-0.685175	367.389334	20.826221	0.008189	9.5
1126	-0.694179	368.059285	20.790358	0.007156	6.0
1127	-0.690243	369.059281	20.737058	0.009935	11.7
1128	-0.702915	370.059281	20.684030	0.008831	10.0
1129	-0.700646	371.059281	20.631273	0.008142	8.0
1130	-0.701807	372.057029	20.578902	0.008344	11.3
1131	-0.700201	373.057026	20.526679	0.004419	8.6
1132	-0.682267	372.678137	20.546434	0.005195	6.1
1133	-0.697853	373.654926	20.495581	0.006091	12.3
1134	-0.698909	374.653147	20.443871	0.005182	9.5
1135	-0.683002	374.287062	20.462805	0.004381	4.0
1136	-0.697390	373.913689	20.482151	0.004356	5.7
1137	-0.707339	374.598069	20.446718	0.005434	5.8
1138	-0.698411	374.226384	20.465946	0.007994	12.1
1139	-0.703585	375.226010	20.414314	0.007653	6.1
1140	-0.681057	376.121973	20.368256	0.005204	5.9
1141	-0.663977	376.713322	20.337971	0.004910	9.3
1142	-0.709046	377.701427	20.287567	0.005615	6.1
1143	-0.672535	378.061582	20.269258	0.007496	7.2
1144	-0.682838	379.061412	20.218601	0.005458	7.6
1145	-0.707855	380.061391	20.168189	0.009213	10.6
1146	-0.703737	381.041474	20.119024	0.004460	11.9
1147	-0.698603	382.041235	20.069118	0.006963	6.3
1148	-0.705982	382.624585	20.040112	0.006063	8.6
1149	-0.696179	382.244356	20.059009	0.005819	10.7
1150	-0.709012	383.239819	20.009612	0.006859	6.3
1151	-0.702885	382.860838	20.028389	0.004954	10.7
1152	-0.691928	383.860668	19.978928	0.005165	9.4
1153	-0.701317	383.500392	19.996722	0.005886	10.8
1154	-0.712775	383.197988	20.011683	0.005555	4.9
1155	-0.691723	382.861677	20.028347	0.005375	6.3
1156	-0.671041	382.922046	20.025354	0.009789	11.5
1157	-0.683119	383.921465	19.975928	0.005640	9.8
1158	-0.702754	384.537072	19.945604	0.005612	6.4
1159	-0.669587	385.250927	19.910556	0.004708	5.9
1160	-0.681116	386.238724	19.862261	0.003641	7.5
1161	-0.672056	386.911157	19.829519	0.003883	8.8
1162	-0.687883	386.549002	19.847140	0.010730	10.6
1163	-0.691922	387.548993	19.798561	0.008005	5.3
1164	-0.695847	388.548993	19.750218	0.004547	6.3
1165	-0.686205	389.168667	19.720380	0.004867	6.1
1166	-0.686929	390.067176	19.677275	0.007116	9.8
1167	-0.680226	389.928966	19.683893	0.005143	5.9
1168	-0.648441	389.549752	19.702075	0.003481	9.8
1169	-0.681360	390.004390	19.680281	0.004754	11.1
1170	-0.701767	390.894671	19.637744	0.007189	6.1
1171	-0.678675	391.443759	19.611600	0.005850	11.6
1172	-0.673990	391.063843	19.629681	0.005134	5.8
1173	-0.674210	390.687201	19.647640	0.006642	11.0
1174	-0.675620	390.622425	19.650732	0.002936	9.4
1175	-0.721041	391.588111	19.604738	0.005650	8.4
1176	-0.688553	392.066653	19.582026	0.011769	6.1
1177	-0.698918	391.756378	19.596746	0.005600	7.3
1178	-0.701369	391.376138	19.614816	0.005421	6.7
1179	-0.681501	392.371454	19.567587	0.007737	11.1
1180	-0.674071	391.991507	19.585589	0.007854	6.8
1181	-0.723398	391.611267	19.603638	0.007301	9.3
1182	-0.696839	391.231168	19.621714	0.002772	7.9
1183	-0.706924	390.937601	19.635697	0.005513	6.0
1184	-0.683043	390.755700	19.644372	0.007227	5.9
1185	-0.681476	391.751192	19.596992	0.010408	6.3
1186	-0.689189	392.751160	19.549630	0.006622	12.2
1187	-0.716698	392.623220	19.555677	0.004006	6.5
1188	-0.675721	393.539594	19.512447	0.005784	6.1
1189	-0.670654	393.162733	19.530202	0.008657	8.9
1190	-0.701873	392.793560	19.547627	0.003923	6.0
1191	-0.693565	392.850710	19.544927	0.003508	9.7
1192	-0.699539	393.826409	19.498956	0.003600	5.8
1193	-0.691677	394.446905	19.469833	0.002625	11.1
1194	-0.704624	394.500137	19.467339	0.004295	8.5
1195	-0.700844	395.359348	19.427166	0.006898	11.3
1196	-0.660957	396.349136	19.381092	0.003363	8.7
1197	-0.671999	396.022774	19.396260	0.004674	9.5
1198	-0.699754	395.667658	19.412791	0.004340	7.7
1199	-0.698953	396.635443	19.367805	0.007043	5.9
1200	-0.689052	396.255604	19.385436	0.001749	11.4
1201	-0.651270	395.939598	19.400129	0.005536	10.5
1202	-0.680254	395.846584	19.404458	0.008186	7.2
1203	-0.705585	396.826619	19.358944	0.006221	5.9
1204	-0.672712	396.446390	19.376577	0.003511	7.3
1205	-0.678719	396.076520	19.393760	0.003790	12.1
1206	-0.712915	395.877104	19.403037	0.004062	10.6
1207	-0.671393	395.685893	19.411941	0.005063	5.5
1208	-0.698579	396.579031	19.370422	0.006461	6.3
1209	-0.686740	396.877544	19.356584	0.004947	11.2
1210	-0.679027	396.500702	19.374056	0.003055	11.8
1211	-0.688427	396.426687	19.377491	0.005342	5.8
1212	-0.670100	396.108476	19.392274	0.007526	10.5
1213	-0.711710	395.764998	19.408257	0.006926	13.6
1214	-0.684556	396.760228	19.362020	0.005027	10.0
1215	-0.659217	397.730893	19.317137	0.003010	6.6
1216	-0.672036	397.780131	19.314866	0.005649	9.6
1217	-0.684025	397.950315	19.307020	0.004874	14.6
1218	-0.678972	398.944149	19.261328	0.005747	1.6
1219	-0.673425	398.569622	19.278522	0.005590	9.9
1220	-0.695949	399.566794	19.232812	0.012089	7.0
1221	-0.706857	400.566791	19.187190	0.003477	11.3
1222	-0.694999	401.557932	19.142185	0.005706	1.6
1223	-0.697558	402.255369	19.110642	0.006414	8.1
1224	-0.691463	403.201726	19.068008	0.009554	9.4
1225	-0.710917	403.775223	19.042264	0.006945	10.3
1226	-0.689141	404.775223	18.997540	0.005067	11.8
1227	-0.650443	405.495281	18.965467	0.003858	5.3
1228	-0.707927	405.787131	18.952497	0.006767	5.9
1229	-0.692324	405.418658	18.968874	0.009267	5.7
1230	-0.704332	406.418658	18.924494	0.004226	10.0
1231	-0.687896	406.184984	18.934846	0.004956	11.7
1232	-0.704449	407.013724	18.898184	0.008941	7.9
1233	-0.671744	408.013663	18.854136	0.007505	6.2
1234	-0.700350	408.817725	18.818866	0.005735	6.0
1235	-0.663507	408.437487	18.835528	0.004906	7.6
1236	-0.674240	408.067708	18.851761	0.005384	6.1
1237	-0.683467	408.412587	18.836621	0.005848	13.8
1238	-0.661027	408.033085	18.853283	0.005495	5.4
1239	-0.679828	407.657601	18.869797	0.005644	5.8
1240	-0.728951	408.576399	18.829438	0.003231	11.4
1241	-0.679812	408.214365	18.845320	0.007097	7.4
1242	-0.668017	409.170141	18.803448	0.004082	6.0
1243	-0.666701	409.849411	18.773803	0.004963	6.0
1244	-0.704691	410.581199	18.741970	0.007332	6.4
1245	-0.687966	411.573622	18.698972	0.006537	8.1
1246	-0.692412	411.193386	18.715423	0.004437	6.3
1247	-0.686481	410.882689	18.728887	0.003826	5.3
1248	-0.665017	410.602460	18.741047	0.004749	5.9
1249	-0.704754	410.544462	18.743566	0.002582	6.0
1250	-0.666485	410.410912	18.749368	0.009974	5.9
1251	-0.656941	411.337859	18.709169	0.004624	6.5
1252	-0.693623	412.337798	18.665997	0.009975	11.1
1253	-0.688110	411.961883	18.682203	0.005059	9.4
1254	-0.692849	411.584483	18.698502	0.005078	2.5
1255	-0.716207	411.660190	18.695231	0.005532	5.9
1256	-0.682585	411.972747	18.681735	0.003921	6.6
1257	-0.703327	411.795856	18.689370	0.004919	12.3
1258	-0.660656	412.714864	18.649769	0.008518	6.2
1259	-0.663549	412.335198	18.666109	0.002700	11.3
1260	-0.672914	412.533488	18.657571	0.009888	6.1
1261	-0.686828	412.652368	18.652457	0.005916	8.8
1262	-0.670009	412.272132	18.668826	0.006556	6.8
1263	-0.658093	411.891901	18.685224	0.005286	6.4
1264	-0.678896	411.514891	18.701511	0.004656	13.5
1265	-0.679037	411.134983	18.717952	0.005222	7.8
1266	-0.694918	410.759980	18.734210	0.003153	11.0
1267	-0.701625	410.539984	18.743760	0.002394	6.1
1268	-0.690392	410.209592	18.758122	0.003318	6.5
1269	-0.720058	410.211660	18.758032	0.003965	6.0
1270	-0.686742	410.935360	18.726603	0.007742	11.5
1271	-0.701620	410.595605	18.741345	0.007236	10.8
1272	-0.691780	411.595605	18.698022	0.003527	7.2
1273	-0.679406	412.507773	18.658678	0.005110	6.3
1274	-0.660603	412.278350	18.668558	0.005405	6.4
1275	-0.670422	413.017333	18.636772	0.005793	11.1
1276	-0.682091	412.637161	18.653111	0.005459	6.4
1277	-0.651991	412.411844	18.662808	0.001576	6.0
1278	-0.688878	412.079648	18.677123	0.006190	11.1
1279	-0.692944	411.950771	18.682683	0.007285	12.7
1280	-0.702923	411.609226	18.697433	0.003809	6.5
1281	-0.713245	412.599343	18.654738	0.008021	5.8
1282	-0.679941	412.222397	18.670969	0.003186	5.9
1283	-0.680239	411.870395	18.686152	0.007026	5.9
1284	-0.701900	412.850389	18.643943	0.004900	6.6
1285	-0.672031	413.846399	18.601239	0.004041	7.1
1286	-0.702699	413.801057	18.603179	0.008537	8.8
1287	-0.678298	414.620818	18.568171	0.007552	11.5
1288	-0.685913	415.620818	18.525644	0.005394	8.2
1289	-0.683730	416.058478	18.507093	0.004756	12.0
1290	-0.657444	416.073894	18.506440	0.004346	7.9
1291	-0.666870	415.736747	18.520727	0.006855	6.1
1292	-0.710536	415.356583	18.536863	0.005691	11.1
1293	-0.698591	414.989708	18.552461	0.002204	6.0
1294	-0.707748	414.770256	18.561804	0.004719	8.6
1295	-0.713286	414.938392	18.554645	0.004974	8.9
1296	-0.691386	414.807081	18.560235	0.005739	6.1
1297	-0.686285	414.492325	18.573650	0.004749	8.8
1298	-0.698256	415.286349	18.539847	0.006156	11.6
1299	-0.677108	414.906595	18.555998	0.003520	7.4
1300	-0.718379	415.886189	18.514392	0.011757	10.2
1301	-0.682433	415.659549	18.524001	0.002960	6.1
1302	-0.700736	415.306696	18.538982	0.007808	6.1
1303	-0.694203	415.271256	18.540488	0.002183	11.3
1304	-0.689198	414.903131	18.556146	0.006335	6.9
1305	-0.691724	415.801283	18.517990	0.006190	6.6
1306	-0.706362	415.421052	18.534124	0.007259	5.9
1307	-0.678704	416.420488	18.491777	0.004495	6.1
1308	-0.677505	416.040532	18.507853	0.006670	6.6
1309	-0.690052	417.036210	18.465784	0.005125	10.4
1310	-0.695883	416.657530	18.481761	0.007056	5.2
1311	-0.673741	416.641017	18.482459	0.006541	9.1
1312	-0.669925	417.641005	18.440323	0.003687	11.4
1313	-0.687687	418.436405	18.406946	0.008886	8.0
1314	-0.705350	419.178882	18.375897	0.005463	6.6
1315	-0.720011	420.178325	18.334269	0.003971	9.4
1316	-0.730895	419.816932	18.349300	0.007859	7.7
1317	-0.679296	420.811372	18.307999	0.009192	6.6
1318	-0.681813	421.811372	18.266654	0.005228	11.4
1319	-0.690252	422.811371	18.225495	0.005804	10.5
1320	-0.690372	423.757149	18.186739	0.006843	6.9
1321	-0.692296	424.731921	18.146966	0.007437	6.2
1322	-0.683808	425.731823	18.106348	0.007747	9.6
1323	-0.683261	426.730984	18.065942	0.009640	7.7
1324	-0.679244	427.730789	18.025690	0.005147	7.9
1325	-0.683807	427.354290	18.040827	0.004980	6.5
1326	-0.704145	427.065493	18.052455	0.009965	5.9
1327	-0.691005	428.064061	18.012312	0.005885	5.9
1328	-0.691783	427.683823	18.027577	0.006226	12.4
1329	-0.704693	427.304571	18.042827	0.004965	9.1
1330	-0.719313	427.039267	18.053511	0.008141	9.5
1331	-0.690488	426.659040	18.068845	0.009658	1.9
1332	-0.684348	426.282939	18.084039	0.003745	10.5
1333	-0.660436	425.942032	18.097832	0.007850	10.9
1334	-0.687398	426.909073	18.058759	0.007732	16.3
1335	-0.696556	426.528905	18.074100	0.005037	5.4
1336	-0.699944	426.152236	18.089325	0.008937	10.9
1337	-0.709121	425.771997	18.104720	0.007421	6.0
1338	-0.701007	425.391815	18.120140	0.002979	6.0
1339	-0.677577	425.031123	18.134793	0.004253	6.3
1340	-0.681419	425.267780	18.125176	0.008207	9.8
1341	-0.700814	424.929667	18.138919	0.005466	2.9
1342	-0.674621	424.718301	18.147520	0.005469	6.0
1343	-0.695978	425.334570	18.122464	0.006485	5.9
1344	-0.678632	424.954426	18.137912	0.007095	6.0
1345	-0.685471	424.782934	18.144889	0.005380	6.0
1346	-0.665366	424.544368	18.154605	0.005409	11.4
1347	-0.710859	424.849444	18.142183	0.005213	9.3
1348	-0.695159	424.475711	18.157403	0.005050	5.5
1349	-0.684919	425.366284	18.121176	0.007108	6.0
1350	-0.686564	424.986058	18.136625	0.006845	9.1
1351	-0.668340	425.154826	18.129765	0.006353	11.4
1352	-0.683904	426.154776	18.089222	0.006680	8.5
1353	-0.698520	425.790269	18.103980	0.005159	7.3
1354	-0.692147	426.544843	18.073456	0.008836	10.5
1355	-0.668054	427.544841	18.033162	0.007026	10.9
1356	-0.668905	428.288797	18.003302	0.006372	4.4
1357	-0.700908	429.288796	17.963321	0.004479	7.2
1358	-0.683618	428.911463	17.978386	0.006460	14.2
1359	-0.681379	428.575424	17.991824	0.005463	6.7
1360	-0.690230	429.357847	17.960566	0.007738	7.9
1361	-0.690157	429.515145	17.954295	0.004320	6.1
1362	-0.695963	429.135356	17.969444	0.003343	6.0
1363	-0.704959	429.372716	17.959973	0.002650	6.0
1364	-0.689869	429.445297	17.957079	0.004323	6.0
1365	-0.674857	429.641895	17.949245	0.003334	11.0
1366	-0.691315	429.699996	17.946932	0.006099	5.8
1367	-0.685717	429.438462	17.957352	0.007573	6.5
1368	-0.697404	430.438420	17.917576	0.005972	16.3
1369	-0.658957	430.066113	17.932365	0.008690	3.6
1370	-0.674883	431.066107	17.892697	0.007960	8.4
1371	-0.695676	430.685867	17.907760	0.005415	11.1
1372	-0.680011	430.337293	17.921590	0.006110	10.8
1373	-0.685844	430.220555	17.926227	0.004565	5.6
1374	-0.680156	429.841821	17.941286	0.003110	10.6
1375	-0.708145	430.717758	17.906495	0.005231	8.3
1376	-0.707034	430.708412	17.906866	0.004125	7.9
1377	-0.693882	431.667863	17.868912	0.006597	5.9
1378	-0.696532	431.336535	17.882000	0.006037	6.0
1379	-0.676207	430.969109	17.896537	0.005317	11.1
1380	-0.696168	430.757372	17.904925	0.004995	2.2
1381	-0.694360	431.487513	17.876034	0.002980	10.0
1382	-0.709085	431.491013	17.875895	0.005359	6.8
1383	-0.695399	432.243038	17.846236	0.004462	5.8
1384	-0.657572	432.105337	17.851659	0.005587	11.2
1385	-0.669661	432.112414	17.851380	0.003023	10.5
1386	-0.692865	432.665538	17.829615	0.003294	5.9
1387	-0.691132	432.388463	17.840511	0.008730	10.0
1388	-0.679455	432.050686	17.853812	0.004203	5.6
1389	-0.690931	432.735224	17.826877	0.003968	6.0
1390	-0.702824	432.462625	17.837594	0.012188	5.7
1391	-0.677690	433.462592	17.798345	0.008203	12.5
1392	-0.673634	433.082352	17.813249	0.006921	4.9
1393	-0.686188	432.702112	17.828178	0.005257	5.6
1394	-0.686563	433.700529	17.789031	0.006840	10.0
1395	-0.700539	434.102679	17.773312	0.004580	6.7
1396	-0.701246	434.730366	17.748833	0.004934	9.0
1397	-0.689261	435.059943	17.736006	0.005389	5.8
1398	-0.718760	436.058920	17.697241	0.006807	6.2
1399	-0.670023	437.058624	17.658617	0.005566	7.7
1400	-0.713461	436.715562	17.671853	0.007425	9.6
1401	-0.719276	436.337804	17.686450	0.006645	10.4
1402	-0.695012	437.324841	17.648360	0.007134	5.4
1403	-0.682348	438.323713	17.609981	0.005069	11.5
1404	-0.705513	439.319793	17.571875	0.006264	3.5
1405	-0.671227	438.939578	17.586401	0.004903	6.8
1406	-0.681399	439.133836	17.578977	0.004897	7.7
1407	-0.679492	438.773899	17.592739	0.004564	10.6
1408	-0.687461	439.162324	17.577888	0.008829	9.8
1409	-0.702251	440.107384	17.541862	0.010507	7.9
1410	-0.691232	441.107384	17.503901	0.010518	6.4
1411	-0.675860	442.107384	17.466105	0.008977	5.9
1412	-0.672646	443.107377	17.428471	0.005950	6.4
1413	-0.679294	442.727141	17.442762	0.002557	6.0
1414	-0.684884	442.405747	17.454859	0.007265	11.0
1415	-0.694225	442.419079	17.454357	0.009478	7.3
1416	-0.696034	442.041163	17.468602	0.009654	6.4
1417	-0.683021	443.033649	17.431240	0.005823	6.2
1418	-0.698375	444.033640	17.393757	0.004573	6.3
1419	-0.687817	445.023677	17.356805	0.004038	6.4
1420	-0.714763	444.739460	17.367397	0.003364	12.8
1421	-0.689777	444.494714	17.376528	0.003624	10.3
1422	-0.700017	444.210213	17.387155	0.007429	6.0
1423	-0.667768	443.884829	17.399325	0.006590	6.2
1424	-0.683188	444.884814	17.361978	0.005799	13.3
1425	-0.708398	444.504610	17.376159	0.004940	14.3
1426	-0.696587	444.446272	17.378337	0.007898	7.7
1427	-0.664224	444.134392	17.389989	0.002096	2.8
1428	-0.671436	444.300728	17.383772	0.008144	8.4
1429	-0.679743	443.988799	17.395434	0.007553	7.3
1430	-0.681302	443.620188	17.409235	0.008812	8.8
1431	-0.678199	443.239948	17.423494	0.004937	9.7
1432	-0.678368	442.859771	17.437774	0.003496	6.1
1433	-0.707775	443.305312	17.421041	0.007992	7.9
1434	-0.675479	442.979307	17.433282	0.005752	6.0
1435	-0.692536	442.599067	17.447580	0.005825	6.1
1436	-0.676589	442.219847	17.461864	0.005780	6.2
1437	-0.660922	443.218606	17.424295	0.009859	6.2
1438	-0.681825	442.903024	17.436148	0.005176	6.8
1439	-0.686601	442.522784	17.450452	0.006412	7.3
1440	-0.674392	443.408263	17.417179	0.010730	10.4
1441	-0.691469	444.408263	17.379756	0.005037	6.0
1442	-0.691317	445.394725	17.342996	0.003459	8.1
1443	-0.710654	445.099309	17.353988	0.004685	6.3
1444	-0.707506	444.818545	17.364448	0.005229	11.8
1445	-0.691165	445.800449	17.327922	0.007598	6.1
1446	-0.697690	446.796911	17.291012	0.006847	6.5
1447	-0.685308	446.435276	17.304389	0.004092	8.8
1448	-0.690320	446.381493	17.306381	0.009545	11.3
1449	-0.691292	446.648583	17.296496	0.005415	8.0
1450	-0.698639	447.648583	17.259589	0.006698	6.7
1451	-0.671689	447.269122	17.273575	0.008034	16.9
1452	-0.672863	448.269122	17.236766	0.008586	6.8
1453	-0.686496	447.888882	17.250744	0.003133	5.9
1454	-0.703666	448.826029	17.216334	0.006038	6.4
1455	-0.688324	448.459448	17.229778	0.005780	6.3
1456	-0.689076	448.688522	17.221375	0.007707	7.1
1457	-0.693651	448.535356	17.226992	0.006701	6.2
1458	-0.712442	449.101140	17.206259	0.005223	14.9
1459	-0.688126	450.096631	17.169900	0.003665	2.8
1460	-0.676404	450.812292	17.143856	0.006745	7.9
1461	-0.684096	450.440285	17.157384	0.005055	6.0
1462	-0.693534	450.064169	17.171083	0.011164	8.1
1463	-0.696312	449.688950	17.184771	0.005821	10.5
1464	-0.680497	449.351701	17.197093	0.006323	10.9
1465	-0.696512	450.320674	17.161738	0.003945	5.8
1466	-0.690465	451.221003	17.129018	0.001769	10.1
1467	-0.676560	451.090036	17.133770	0.004914	7.8
1468	-0.705642	450.864441	17.141961	0.004948	13.4
1469	-0.669794	451.019351	17.136336	0.005570	6.5
1470	-0.694174	450.659289	17.149417	0.003460	4.0
1471	-0.714387	451.035095	17.135764	0.004268	5.3
1472	-0.685867	450.782047	17.144955	0.003556	8.2
1473	-0.690147	450.539325	17.153780	0.004009	6.3
1474	-0.699397	451.224945	17.128875	0.003359	8.0
1475	-0.664497	452.139461	17.095767	0.006437	6.3
1476	-0.706961	451.760477	17.109472	0.004505	6.3
1477	-0.679895	452.102190	17.097114	0.003154	12.8
1478	-0.705019	452.603376	17.079021	0.004973	4.8
1479	-0.711873	453.271917	17.054946	0.005526	5.6
1480	-0.680324	454.204938	17.021460	0.005918	11.4
1481	-0.680438	455.159791	16.987327	0.004481	11.3
1482	-0.690268	454.787476	17.000620	0.006916	11.2
1483	-0.706542	455.786629	16.964993	0.003765	8.0
1484	-0.686868	455.412733	16.978308	0.004301	5.9
1485	-0.686905	455.604452	16.971478	0.003922	10.8
1486	-0.657974	455.763263	16.965825	0.009562	4.1
1487	-0.677496	456.756759	16.930544	0.005868	11.4
1488	-0.672582	456.380126	16.943902	0.008103	5.6
1489	-0.694945	456.641729	16.934622	0.005401	10.6
1490	-0.698064	456.641937	16.934614	0.002886	6.0
1491	-0.701420	456.371902	16.944194	0.003903	6.4
1492	-0.697106	456.124498	16.952980	0.006719	7.4
1493	-0.697107	455.745782	16.966447	0.003276	11.3
1494	-0.689307	456.624288	16.935240	0.008760	10.3
1495	-0.679927	456.464364	16.940912	0.003946	2.8
1496	-0.713780	457.464344	16.905506	0.008727	6.0
1497	-0.685443	458.275160	16.876906	0.008671	11.4
1498	-0.691280	457.894920	16.890307	0.006342	10.5
1499	-0.688999	458.894901	16.855111	0.005380	6.6
1500	-0.679565	459.886804	16.820345	0.003275	6.3
1501	-0.697091	459.555002	16.831959	0.006731	5.9
1502	-0.681735	459.909916	16.819537	0.005495	9.8
1503	-0.686910	460.909774	16.784640	0.004047	11.0
1504	-0.684152	461.390198	16.767924	0.006288	12.0
1505	-0.702560	461.196209	16.774669	0.003403	6.6
1506	-0.709020	462.175884	16.740658	0.006793	9.7
1507	-0.689400	461.797255	16.753786	0.004465	14.1
1508	-0.702233	461.417136	16.766987	0.009055	15.2
1509	-0.692206	462.417090	16.732305	0.005137	11.3
1510	-0.657786	463.415763	16.697809	0.007850	12.2
1511	-0.716253	463.035524	16.710926	0.006698	11.0
1512	-0.667720	462.655284	16.724064	0.004425	11.8
1513	-0.652544	463.643492	16.689963	0.005101	15.7
1514	-0.662416	463.267848	16.702909	0.006162	9.8
1515	-0.688893	463.133400	16.707548	0.005190	11.3
1516	-0.702581	464.107457	16.674001	0.004950	11.3
1517	-0.700669	465.021667	16.642637	0.006292	11.0
1518	-0.700031	465.901539	16.612562	0.008391	13.5
1519	-0.702902	465.521299	16.625546	0.006787	5.4
1520	-0.676898	465.311325	16.632724	0.003395	13.3
1521	-0.677864	466.181371	16.603020	0.002714	5.6
1522	-0.702740	466.575667	16.589593	0.006378	6.2
1523	-0.707811	466.197888	16.602457	0.002958	11.8
1524	-0.732041	466.210359	16.602032	0.006079	6.5
1525	-0.665517	465.855720	16.614125	0.004601	4.4
1526	-0.691812	465.476435	16.627079	0.007623	14.7
1527	-0.702957	465.273345	16.634023	0.007331	7.4
1528	-0.702904	466.273234	16.599890	0.007406	8.0
1529	-0.704115	467.265884	16.566142	0.007391	11.3
1530	-0.685421	468.265855	16.532284	0.005351	11.1
1531	-0.691853	467.885714	16.545139	0.009847	16.0
1532	-0.665356	468.724546	16.516799	0.006903	9.4
1533	-0.676816	468.344772	16.529618	0.002293	5.9
1534	-0.702597	468.488546	16.524763	0.008512	11.6
1535	-0.692438	468.300582	16.531111	0.011112	11.8
1536	-0.720328	467.920342	16.543967	0.006059	12.8
1537	-0.685621	467.540101	16.556843	0.006325	12.0
1538	-0.682553	468.527611	16.523444	0.005279	11.8
1539	-0.699559	469.352428	16.495650	0.009929	7.3
1540	-0.660860	468.972188	16.508451	0.008859	13.8
1541	-0.682894	469.972188	16.474827	0.003842	8.6
1542	-0.714475	470.237477	16.465930	0.003378	14.7
1543	-0.711053	470.339908	16.462497	0.003445	8.1
1544	-0.690645	470.242574	16.465759	0.006531	10.8
1545	-0.686953	469.901153	16.477211	0.009759	12.0
1546	-0.679807	469.520926	16.489984	0.009105	12.0
1547	-0.692549	469.140718	16.502775	0.010711	10.2
1548	-0.712332	470.140718	16.469174	0.002147	11.0
1549	-0.679083	470.335336	16.462651	0.006115	7.9
1550	-0.684820	470.850267	16.445415	0.005528	14.1
1551	-0.686827	471.843302	16.412279	0.007927	18.4
1552	-0.678458	472.843282	16.379046	0.003638	13.6
1553	-0.676794	473.078417	16.371251	0.005087	12.4
1554	-0.676232	473.622156	16.353254	0.007596	7.9
1555	-0.680344	473.242485	16.365817	0.004092	10.1
1556	-0.698608	472.882268	16.377753	0.006013	15.5
1557	-0.710708	473.809954	16.347048	0.007815	10.3
1558	-0.699011	473.429723	16.359619	0.006937	16.5
1559	-0.692187	473.049504	16.372210	0.007896	6.9
1560	-0.704511	472.700445	16.383785	0.008697	10.6
1561	-0.694928	472.320204	16.396413	0.005695	14.5
1562	-0.697259	473.193851	16.367427	0.004738	13.1
1563	-0.693200	472.858212	16.378551	0.007546	16.4
1564	-0.692195	472.988295	16.374238	0.006469	9.9
1565	-0.688971	472.608062	16.386851	0.005627	13.1
1566	-0.700719	472.410191	16.393423	0.004367	11.8
1567	-0.695273	473.391978	16.360868	0.004956	8.9
1568	-0.649076	474.076961	16.338231	0.003273	14.8
1569	-0.677641	474.063253	16.338684	0.005858	10.2
1570	-0.693017	474.359465	16.328914	0.003951	9.7
1571	-0.674203	474.684577	16.318204	0.006602	18.3
1572	-0.730816	474.386944	16.328008	0.005786	7.4
1573	-0.698421	475.379986	16.295343	0.002893	15.3
1574	-0.660421	475.798902	16.281602	0.006613	7.3
1575	-0.693598	475.703187	16.284739	0.006466	14.9
1576	-0.698252	476.703140	16.252021	0.003526	6.9
1577	-0.677079	477.558154	16.224149	0.008690	14.3
1578	-0.671582	477.178441	16.236516	0.006560	10.6
1579	-0.692225	478.178441	16.203989	0.006045	12.4
1580	-0.662517	479.169965	16.171867	0.010247	6.8
1581	-0.678378	478.792535	16.184079	0.002752	11.4
1582	-0.702830	479.786137	16.151969	0.008434	7.2
1583	-0.672381	479.406817	16.164212	0.007283	9.3
1584	-0.673348	479.631057	16.156972	0.004465	12.4
1585	-0.656407	479.281987	16.168246	0.003348	8.2
1586	-0.691690	479.636347	16.156801	0.006336	6.2
1587	-0.682390	480.478805	16.129659	0.006911	5.9
1588	-0.710157	481.478766	16.097560	0.006162	11.2
1589	-0.697225	481.098635	16.109747	0.004652	7.4
1590	-0.687344	482.094979	16.077843	0.005771	6.8
1591	-0.701557	481.886197	16.084518	0.004665	6.0
1592	-0.703415	482.247416	16.072973	0.005784	9.6
1593	-0.691338	481.867736	16.085108	0.007430	5.4
1594	-0.688506	482.866574	16.053222	0.003259	6.1
1595	-0.681990	483.850426	16.021938	0.006863	5.9
1596	-0.684548	484.058281	16.015344	0.008132	5.8
1597	-0.686842	485.058281	15.983697	0.003812	7.4
1598	-0.682691	484.680245	15.995646	0.002527	12.5
1599	-0.699315	485.218462	15.978639	0.003559	8.6
1600	-0.701887	484.881027	15.989297	0.004238	7.1
1601	-0.700505	484.614815	15.997716	0.003047	5.4
1602	-0.677331	485.230332	15.978264	0.007155	11.6
1603	-0.685983	484.850751	15.990254	0.007254	7.9
1604	-0.667570	484.474159	16.002167	0.003564	11.0
1605	-0.704295	484.095392	16.014167	0.004681	7.5
1606	-0.691891	483.727381	16.025843	0.006348	6.6
1607	-0.675930	484.699199	15.995046	0.005678	11.6
1608	-0.699816	484.318980	16.007081	0.004459	13.5
1609	-0.697505	485.185568	15.979677	0.009408	3.9
1610	-0.688286	484.808792	15.991580	0.006825	6.7
1611	-0.694011	485.808792	15.960027	0.009362	6.9
1612	-0.671963	486.803975	15.928749	0.004237	10.8
1613	-0.696778	486.831609	15.927882	0.006189	6.7
1614	-0.709385	486.451505	15.939813	0.008294	11.0
1615	-0.695502	486.071367	15.951762	0.007178	8.5
1616	-0.698559	485.691127	15.963733	0.003812	5.9
1617	-0.669783	485.332118	15.975052	0.003249	10.1
1618	-0.686225	485.399169	15.972937	0.004324	5.5
1619	-0.691456	485.820586	15.959656	0.005041	10.5
1620	-0.686860	485.459527	15.971033	0.004278	6.1
1621	-0.673396	486.306025	15.944384	0.006646	11.3
1622	-0.702456	487.301939	15.913144	0.005874	10.1
1623	-0.661972	486.921945	15.925049	0.010835	4.4
1624	-0.676200	487.921904	15.893759	0.005037	5.6
1625	-0.690759	487.542151	15.905627	0.007835	11.4
1626	-0.669763	488.541900	15.874420	0.006639	5.9
1627	-0.691296	488.195883	15.885207	0.006530	6.7
1628	-0.705379	489.195841	15.854073	0.005567	6.2
1629	-0.694867	490.195754	15.823062	0.004821	7.4
1630	-0.688328	489.829276	15.834414	0.005881	8.0
1631	-0.666786	490.034386	15.828058	0.003808	6.8
1632	-0.677467	491.012525	15.797821	0.008831	7.1
1633	-0.690169	492.010845	15.767078	0.004807	10.0
1634	-0.686525	493.010690	15.736408	0.005032	6.1
1635	-0.688399	492.637630	15.747838	0.002902	9.8
1636	-0.686067	492.404949	15.754975	0.004657	11.4
1637	-0.688067	492.430481	15.754191	0.003421	11.2
1638	-0.680662	492.071244	15.765222	0.003846	10.7
1639	-0.702847	492.694146	15.746105	0.006652	10.0
1640	-0.682953	493.666067	15.716369	0.010968	9.7
1641	-0.691913	493.285827	15.727989	0.002470	6.2
1642	-0.670092	492.908165	15.739548	0.007818	5.9
1643	-0.701478	493.735526	15.714249	0.006351	11.7
1644	-0.697349	493.595205	15.718534	0.004326	3.2
1645	-0.685585	493.377459	15.725188	0.004816	8.0
1646	-0.662162	494.370847	15.694877	0.003303	7.9
1647	-0.679220	494.404118	15.693864	0.007199	11.4
1648	-0.704497	494.349517	15.695526	0.005520	9.4
1649	-0.714797	493.969300	15.707115	0.006028	10.4
1650	-0.678967	493.589118	15.718719	0.007342	8.8
1651	-0.693384	493.378863	15.725145	0.004426	11.2
1652	-0.680788	493.930894	15.708286	0.008908	11.0
1653	-0.688892	494.718791	15.684288	0.004020	11.1
1654	-0.687976	494.338893	15.695850	0.009056	15.3
1655	-0.672965	493.979661	15.706799	0.006838	5.0
1656	-0.716284	493.643484	15.717059	0.007508	19.7
1657	-0.700547	493.263273	15.728679	0.005856	8.2
1658	-0.672707	493.260218	15.728773	0.009138	11.7
1659	-0.703783	494.260195	15.698247	0.004320	13.8
1660	-0.677749	495.259239	15.667869	0.006173	13.4
1661	-0.716243	495.000468	15.675726	0.003917	13.0
1662	-0.715219	494.631587	15.686940	0.008322	12.6
1663	-0.681363	494.251660	15.698507	0.005910	8.6
1664	-0.660832	493.871420	15.710101	0.003155	16.4
1665	-0.693519	494.032534	15.705186	0.007234	9.9
1666	-0.693179	493.656622	15.716658	0.007525	11.8
1667	-0.684747	494.656622	15.686179	0.004146	11.7
1668	-0.711462	495.609695	15.657240	0.003266	9.9
1669	-0.669410	495.619189	15.656952	0.006357	11.1
1670	-0.702752	495.242774	15.668368	0.007908	11.6
1671	-0.668663	496.242774	15.638076	0.006506	7.3
1672	-0.690422	495.862534	15.649581	0.005211	8.1
1673	-0.699636	495.482425	15.661098	0.007542	8.0
1674	-0.682740	496.480134	15.630903	0.005228	8.9
1675	-0.679843	496.152400	15.640809	0.003545	12.0
1676	-0.673563	495.774129	15.652258	0.004240	4.7
1677	-0.695792	496.497701	15.630373	0.008482	5.5
1678	-0.670068	496.125901	15.641611	0.005150	11.3
1679	-0.686508	495.746009	15.653110	0.006748	5.8
1680	-0.695366	496.745038	15.622906	0.006247	6.3
1681	-0.686822	496.365765	15.634359	0.006160	11.7
1682	-0.673020	495.985746	15.645851	0.006405	3.6
1683	-0.694292	496.980559	15.615802	0.003194	6.7
1684	-0.689073	496.881983	15.618775	0.009280	11.0
1685	-0.719396	497.849588	15.589647	0.006900	1.6
1686	-0.664025	498.849588	15.559658	0.009339	6.0
1687	-0.675735	498.519022	15.569559	0.009420	6.3
1688	-0.697766	498.138785	15.580963	0.005682	6.2
1689	-0.708276	497.758548	15.592383	0.004341	8.7
1690	-0.696472	497.382413	15.603697	0.008231	8.0
1691	-0.680491	497.005539	15.615049	0.006003	5.8
1692	-0.655808	498.005438	15.584966	0.002615	11.2
1693	-0.714282	498.236835	15.578020	0.004358	8.9
1694	-0.676031	498.281382	15.576684	0.006152	5.4
1695	-0.664776	499.187509	15.549551	0.009213	10.6
1696	-0.699467	500.187509	15.519716	0.006707	11.6
1697	-0.684500	501.187489	15.489996	0.007458	6.6
1698	-0.672582	501.009231	15.495285	0.003258	6.5
1699	-0.686826	501.117333	15.492077	0.005478	6.2
1700	-0.690361	502.007217	15.465718	0.004924	10.9
1701	-0.718017	502.815795	15.441844	0.008118	10.7
1702	-0.688824	503.815557	15.412428	0.006634	9.3
1703	-0.685736	504.813829	15.383167	0.010704	7.6
1704	-0.665292	505.813828	15.353967	0.007803	6.1
1705	-0.702351	505.433591	15.365057	0.003285	4.9
1706	-0.687268	505.995200	15.348682	0.003319	5.0
1707	-0.686637	505.906490	15.351267	0.007002	4.3
1708	-0.699419	505.680225	15.357862	0.004182	7.3
1709	-0.708479	505.720580	15.356685	0.007157	11.9
1710	-0.660678	506.687130	15.328557	0.005782	6.1
1711	-0.698089	506.306890	15.339610	0.005323	9.8
1712	-0.721184	505.993451	15.348733	0.003722	6.8
1713	-0.692834	506.775976	15.325976	0.005301	8.4
1714	-0.672645	507.689870	15.299484	0.003274	11.0
1715	-0.702112	508.616560	15.272714	0.006231	5.9
1716	-0.689548	509.419548	15.249593	0.003639	6.4
1717	-0.670451	509.567483	15.245341	0.003842	8.5
1718	-0.696334	510.117253	15.229560	0.008872	5.9
1719	-0.671713	509.742159	15.240323	0.009149	6.9
1720	-0.706309	510.742159	15.211662	0.006234	16.3
1721	-0.687671	510.472377	15.219384	0.003420	2.8
1722	-0.680952	511.169325	15.199452	0.005379	11.3
1723	-0.688597	510.835809	15.208983	0.004409	3.8
1724	-0.688478	511.803082	15.181372	0.006467	6.6
1725	-0.692058	511.773078	15.182227	0.004195	5.9
1726	-0.695899	511.618560	15.186632	0.006491	6.1
1727	-0.675426	511.241387	15.197394	0.008381	14.3
1728	-0.710358	512.240616	15.168916	0.006848	8.6
1729	-0.657821	511.860376	15.179740	0.004550	7.9
1730	-0.672428	512.851127	15.151569	0.002202	6.3
1731	-0.683662	513.482199	15.133679	0.004269	6.2
1732	-0.663109	513.364868	15.137002	0.003396	11.2
1733	-0.681568	513.078638	15.145114	0.006126	8.9
1734	-0.718674	512.783605	15.153485	0.005564	7.3
1735	-0.677733	513.783300	15.125158	0.003792	8.4
1736	-0.677654	514.153060	15.114708	0.003693	7.2
1737	-0.685358	513.781003	15.125223	0.006737	8.0
1738	-0.709946	513.955538	15.120288	0.006799	6.8
1739	-0.702636	513.603991	15.130231	0.006024	9.1
1740	-0.672186	513.958202	15.120213	0.004601	16.0
1741	-0.683890	513.586411	15.130729	0.002899	6.8
1742	-0.692695	513.301212	15.138805	0.003767	6.9
1743	-0.697061	513.043693	15.146105	0.008458	6.5
1744	-0.703683	513.743754	15.126277	0.005524	11.2
1745	-0.686391	513.365007	15.136998	0.005626	7.0
1746	-0.695418	512.985279	15.147762	0.002900	8.4
1747	-0.656470	512.947745	15.148827	0.005088	11.3
1748	-0.715006	513.431901	15.135103	0.008060	8.4
1749	-0.695116	514.431893	15.106836	0.008581	5.8
1750	-0.664542	515.431893	15.078675	0.009861	10.2
1751	-0.691419	515.051654	15.089370	0.001984	1.6
1752	-0.683071	514.687919	15.099616	0.004559	8.7
1753	-0.693795	514.442768	15.106530	0.004885	7.9
1754	-0.693340	514.087128	15.116570	0.007219	10.9
1755	-0.713884	515.086849	15.088380	0.004857	11.6
1756	-0.664059	515.950237	15.064119	0.006748	10.5
1757	-0.691737	516.917972	15.037018	0.006550	10.1
1758	-0.656447	517.917459	15.009130	0.005494	5.8
1759	-0.705435	518.181372	15.001783	0.004563	11.6
1760	-0.662102	517.828786	15.011600	0.004438	15.9
1761	-0.683095	518.750369	14.985968	0.009572	1.8
1762	-0.701462	518.385404	14.996108	0.006344	10.8
1763	-0.676946	519.385404	14.968358	0.008330	9.0
1764	-0.685169	519.005166	14.978897	0.005403	11.9
1765	-0.682970	519.396939	14.968038	0.010005	11.2
1766	-0.692631	519.016762	14.978576	0.004818	6.5
1767	-0.676554	519.763330	14.957897	0.009084	9.9
1768	-0.697388	520.763308	14.930288	0.004431	13.4
1769	-0.672560	521.763294	14.902780	0.006481	10.0
1770	-0.693972	521.973074	14.897022	0.007358	7.9
1771	-0.710160	522.709418	14.876847	0.003911	11.2
1772	-0.693115	522.382969	14.885785	0.004370	6.5
1773	-0.690036	523.146886	14.864887	0.003720	11.6
1774	-0.687996	522.845676	14.873120	0.004092	8.6
1775	-0.664203	522.499835	14.882584	0.007729	12.0
1776	-0.713066	523.491975	14.855466	0.006323	11.9
1777	-0.681563	524.192769	14.836371	0.008147	3.4
1778	-0.715504	523.812551	14.846725	0.004429	9.7
1779	-0.675562	523.457213	14.856414	0.006802	7.8
1780	-0.685089	524.448827	14.829406	0.004124	10.9
1781	-0.687457	525.259019	14.807411	0.008067	10.9
1782	-0.691118	524.921306	14.816571	0.007575	5.0
1783	-0.702832	525.085406	14.812119	0.003396	14.9
1784	-0.673874	524.715804	14.822151	0.004097	8.0
1785	-0.692851	525.666109	14.796385	0.003467	1.8
1786	-0.684907	526.104186	14.784537	0.006866	8.3
1787	-0.687823	526.507570	14.773644	0.009080	7.4
1788	-0.683615	526.127330	14.783911	0.006046	8.5
1789	-0.700947	525.747090	14.794193	0.005197	10.0
1790	-0.677369	526.271910	14.780006	0.009290	5.5
1791	-0.706397	527.271902	14.753049	0.003827	11.4
1792	-0.685878	527.340672	14.751198	0.006610	6.3
1793	-0.655338	527.102512	14.757608	0.011041	6.6
1794	-0.714560	528.102198	14.730741	0.004687	6.0
1795	-0.701877	527.730020	14.740732	0.003442	9.6
1796	-0.675601	528.567178	14.718277	0.008741	11.5
1797	-0.688583	528.188778	14.728418	0.006500	7.9
1798	-0.689928	527.808674	14.738619	0.004409	6.0
1799	-0.691020	528.716067	14.714291	0.008149	9.1
1800	-0.689193	529.227931	14.700602	0.004534	11.0
1801	-0.690220	528.936109	14.708403	0.004638	7.7
1802	-0.718376	529.326737	14.697963	0.004216	9.0
1803	-0.653163	530.262928	14.673002	0.005327	6.4
1804	-0.648053	531.168329	14.648942	0.004464	11.3
1805	-0.700890	530.856553	14.657218	0.004595	6.5
1806	-0.677735	531.595488	14.637619	0.005554	7.6
1807	-0.688694	532.389720	14.616610	0.006996	5.9
1808	-0.686842	532.057070	14.625402	0.009429	6.1
1809	-0.653857	531.677300	14.635452	0.003923	7.4
1810	-0.705043	532.199400	14.621639	0.006848	8.1
1811	-0.708304	533.015199	14.600108	0.006471	14.4
1812	-0.656442	532.634965	14.610136	0.005598	3.3
1813	-0.652307	532.263623	14.619942	0.007388	6.2
1814	-0.670119	532.800237	14.605776	0.004634	6.5
1815	-0.667814	532.435607	14.615399	0.006074	11.2
1816	-0.682275	533.418071	14.589499	0.005331	6.9
1817	-0.665825	534.377568	14.564294	0.007393	7.8
1818	-0.682046	534.054225	14.572778	0.006563	5.8
1819	-0.692859	535.054224	14.546571	0.009045	10.1
1820	-0.689412	536.046000	14.520672	0.003494	11.8
1821	-0.692647	536.955794	14.496994	0.008907	11.9
1822	-0.664982	536.580470	14.506753	0.005574	10.6
1823	-0.689532	537.580469	14.480782	0.005676	4.1
1824	-0.698333	538.567494	14.455239	0.004118	11.7
1825	-0.694313	539.564811	14.429522	0.002960	5.9
1826	-0.692181	540.119886	14.415247	0.007677	6.3
1827	-0.700659	539.748213	14.424802	0.004051	6.3
1828	-0.707419	539.368131	14.434586	0.009362	11.6
1829	-0.683010	539.492282	14.431389	0.004858	6.7
1830	-0.676294	540.255133	14.411774	0.005562	8.7
1831	-0.657239	541.251885	14.386225	0.006578	6.7
1832	-0.684156	540.954945	14.393827	0.009756	9.2
1833	-0.702404	541.954945	14.368258	0.002889	11.6
1834	-0.677691	541.675620	14.375391	0.006546	11.9
1835	-0.674043	541.790345	14.372460	0.005845	8.3
1836	-0.684734	542.551813	14.353040	0.005894	5.7
1837	-0.706422	542.171779	14.362726	0.007401	6.5
1838	-0.677857	541.791539	14.372430	0.002578	11.1
1839	-0.682415	541.877944	14.370224	0.009216	10.0
1840	-0.677445	541.501390	14.379844	0.007337	5.0
1841	-0.679646	541.121154	14.389571	0.002949	5.9
1842	-0.686514	541.374934	14.383077	0.004663	5.8
1843	-0.677256	541.272328	14.385702	0.008263	13.2
1844	-0.697111	541.247474	14.386338	0.004647	7.2
1845	-0.695537	541.215841	14.387147	0.004951	11.3
1846	-0.719093	541.383092	14.382868	0.003802	11.8
1847	-0.688885	542.025263	14.366464	0.005712	14.6
1848	-0.683816	542.000458	14.367097	0.007191	4.6
1849	-0.650427	542.997214	14.341706	0.005142	6.2
1850	-0.672495	542.616977	14.351381	0.004305	11.1
1851	-0.664688	542.261233	14.360445	0.004694	13.4
1852	-0.673707	541.887562	14.369978	0.008539	5.2
1853	-0.699100	541.605747	14.377176	0.007556	11.4
1854	-0.696437	541.225507	14.386900	0.006337	11.2
1855	-0.681890	540.859539	14.396271	0.004899	10.2
1856	-0.708542	540.484106	14.405897	0.004636	6.4
1857	-0.704250	540.455047	14.406642	0.003413	9.5
1858	-0.702095	540.089221	14.416035	0.006779	5.6
1859	-0.694955	539.966361	14.419193	0.005869	10.9
1860	-0.663275	540.966358	14.393534	0.004666	1.6
1861	-0.670070	540.593767	14.403084	0.005719	7.5
1862	-0.692926	540.270620	14.411376	0.006583	10.9
1863	-0.703822	541.270415	14.385751	0.009539	12.0
1864	-0.659133	542.270402	14.360211	0.006959	12.9
1865	-0.699663	541.890162	14.369912	0.006660	5.0
1866	-0.673441	542.575795	14.352430	0.006162	10.1
1867	-0.683197	542.257465	14.360541	0.008789	10.5
1868	-0.691895	543.202561	14.336486	0.006415	9.4
1869	-0.673020	542.823594	14.346122	0.005329	6.8
1870	-0.691699	542.590502	14.352055	0.009198	7.0
1871	-0.669332	543.585480	14.326762	0.011069	5.8
1872	-0.686859	544.546404	14.302420	0.007129	13.5
1873	-0.682342	545.546404	14.277175	0.004821	15.3
1874	-0.700786	546.150616	14.261965	0.003751	6.8
1875	-0.697633	546.767270	14.246475	0.006844	3.9
1876	-0.694819	546.685178	14.248535	0.004277	8.8
1877	-0.691971	547.672438	14.223798	0.004055	13.3
1878	-0.691772	547.380442	14.231105	0.007698	10.5
1879	-0.680298	547.003279	14.240555	0.007794	10.2
1880	-0.699006	546.629738	14.249926	0.007928	6.4
1881	-0.691798	547.629738	14.224866	0.006056	12.4
1882	-0.682284	547.249529	14.234384	0.007582	7.2
1883	-0.678873	546.869290	14.243915	0.005261	12.2
1884	-0.699196	547.023936	14.240037	0.005391	11.6
1885	-0.705655	547.231205	14.234843	0.006039	8.6
1886	-0.688537	547.096162	14.238227	0.003539	7.3
1887	-0.719822	546.716694	14.247744	0.008760	7.8
1888	-0.695045	546.336554	14.257290	0.009699	16.0
1889	-0.698075	545.956314	14.266852	0.007321	1.9
1890	-0.709073	546.956312	14.241733	0.006751	10.2
1891	-0.677764	546.576072	14.251274	0.008171	11.3
1892	-0.680488	546.195917	14.260825	0.005585	11.2
1893	-0.675615	545.816861	14.270362	0.003789	11.4
1894	-0.679337	546.259604	14.259224	0.003587	13.8
1895	-0.652907	545.944588	14.267147	0.004891	11.1
1896	-0.719891	545.570637	14.276564	0.005502	8.1
1897	-0.691294	545.190660	14.286145	0.008766	8.6
1898	-0.686576	546.190405	14.260964	0.006824	13.6
1899	-0.712935	545.810165	14.270531	0.003501	1.5
1900	-0.698277	545.476336	14.278941	0.008306	11.6
1901	-0.673738	546.475815	14.253792	0.004972	11.1
1902	-0.673648	546.095609	14.263348	0.003588	10.4
1903	-0.689553	545.960206	14.266754	0.007703	13.0
1904	-0.699619	545.671204	14.274030	0.007092	2.1
1905	-0.673568	545.290968	14.283615	0.003927	8.2
1906	-0.678465	546.188164	14.261020	0.012942	2.8
1907	-0.734736	545.807932	14.270587	0.006087	7.5
1908	-0.688246	545.427692	14.280167	0.006352	6.5
1909	-0.708543	545.353979	14.282026	0.006093	6.0
1910	-0.676178	544.974068	14.291612	0.007190	6.0
1911	-0.683758	545.936828	14.267343	0.006878	6.0
1912	-0.655769	546.933474	14.242305	0.005862	11.5
1913	-0.706511	547.933328	14.217276	0.004557	6.5
1914	-0.679085	548.348053	14.206920	0.006681	6.7
1915	-0.685811	548.207279	14.210433	0.005921	10.9
1916	-0.696001	547.829633	14.219867	0.004187	7.4
1917	-0.679187	547.823330	14.220025	0.007022	12.0
1918	-0.668561	547.500509	14.228100	0.011281	5.8
1919	-0.696556	548.500509	14.203116	0.003321	10.9
1920	-0.680768	548.722117	14.197592	0.009607	5.8
1921	-0.681182	548.574759	14.201265	0.008637	6.7
1922	-0.668992	549.508060	14.178033	0.003820	5.8
1923	-0.691952	549.961562	14.166772	0.004385	7.2
1924	-0.676152	549.790914	14.171007	0.008279	6.9
1925	-0.654006	549.917550	14.167864	0.006218	5.9
1926	-0.695494	549.537319	14.177306	0.009052	6.3
1927	-0.688124	550.529567	14.152692	0.004860	6.9
1928	-0.698839	551.529539	14.127973	0.004786	13.1
1929	-0.692068	551.383874	14.131569	0.009371	5.8
1930	-0.694563	551.003671	14.140962	0.005207	11.1
1931	-0.667071	550.630827	14.150185	0.007785	5.9
1932	-0.703095	550.251437	14.159583	0.007904	9.0
1933	-0.678399	551.251437	14.134839	0.010380	6.3
1934	-0.694180	550.871196	14.144237	0.004962	9.6
1935	-0.683003	551.871196	14.119547	0.008018	5.5
1936	-0.688680	552.864279	14.095113	0.005130	11.3
1937	-0.686662	552.484070	14.104458	0.007381	5.9
1938	-0.692925	552.104131	14.113809	0.005466	6.0
1939	-0.674163	551.727173	14.123098	0.004849	8.3
1940	-0.670421	551.972905	14.117041	0.006915	11.4
1941	-0.674998	551.592669	14.126416	0.006257	5.3
1942	-0.698983	551.213050	14.135787	0.003621	9.8
1943	-0.668343	551.010006	14.140805	0.002593	6.4
1944	-0.686933	551.437972	14.130233	0.011441	9.3
1945	-0.688804	551.230992	14.135344	0.004902	6.0
1946	-0.713534	550.926879	14.142860	0.007626	12.3
1947	-0.682104	550.546647	14.152269	0.003195	10.9
1948	-0.673433	550.916751	14.143111	0.002674	12.3
1949	-0.691604	551.405255	14.131041	0.006342	6.4
1950	-0.680656	551.314084	14.133292	0.006115	6.5
1951	-0.693511	551.213055	14.135787	0.007491	10.9
1952	-0.714081	551.983080	14.116790	0.008076	11.9
1953	-0.680616	552.453950	14.105199	0.005975	6.5
1954	-0.709974	553.453915	14.080646	0.005686	5.8
1955	-0.682138	553.272855	14.085085	0.001756	12.2
1956	-0.691117	552.942389	14.093195	0.008924	9.3
1957	-0.670138	552.604865	14.101488	0.004975	8.1
1958	-0.710517	553.601598	14.077027	0.004335	4.8
1959	-0.693026	553.222768	14.086314	0.007311	11.5
1960	-0.693858	552.845841	14.095566	0.008205	8.4
1961	-0.667267	553.430869	14.081211	0.003923	6.4
1962	-0.692597	553.279340	14.084926	0.005337	7.7
1963	-0.684322	553.386560	14.082297	0.003602	6.7
1964	-0.680716	553.136172	14.088438	0.007931	11.2
1965	-0.683048	553.611917	14.076774	0.009005	1.6
1966	-0.689627	554.611917	14.052319	0.007200	11.1
1967	-0.705171	554.236247	14.061496	0.003470	4.0
1968	-0.685597	553.985520	14.067627	0.004313	6.3
1969	-0.673380	554.180193	14.062866	0.005561	11.0
1970	-0.699139	553.803172	14.072090	0.006671	6.0
1971	-0.660956	553.423023	14.081403	0.004741	11.5
1972	-0.696217	553.042922	14.090727	0.004188	4.0
1973	-0.657246	553.709191	14.074391	0.003458	10.0
1974	-0.680308	553.642327	14.076029	0.005928	12.7
1975	-0.673480	553.295958	14.084518	0.003615	5.5
1976	-0.693187	552.916946	14.093820	0.003647	8.0
1977	-0.705280	552.678985	14.099666	0.006948	6.0
1978	-0.692243	552.560721	14.102573	0.006414	9.8
1979	-0.674845	552.400964	14.106502	0.004622	10.8
1980	-0.691921	552.925673	14.093605	0.009849	9.8
1981	-0.684972	552.546224	14.102930	0.005399	12.5
1982	-0.699517	553.545794	14.078394	0.006230	7.5
1983	-0.692784	553.684775	14.074989	0.005879	14.6
1984	-0.721883	554.684608	14.050544	0.006489	9.8
1985	-0.655311	555.231425	14.037211	0.005468	11.7
1986	-0.697273	556.211199	14.013384	0.012215	8.6
1987	-0.677275	557.204606	13.989307	0.003072	14.4
1988	-0.695825	557.348393	13.985829	0.009580	7.3
1989	-0.654272	557.184082	13.989804	0.007472	6.4
1990	-0.702253	557.530442	13.981428	0.006644	11.5
1991	-0.662246	558.468034	13.958806	0.003098	10.7
1992	-0.697919	558.433371	13.959641	0.007007	7.1
1993	-0.679233	559.030445	13.945271	0.002853	13.0
1994	-0.690515	558.653985	13.954328	0.005940	7.5
1995	-0.664166	558.329993	13.962132	0.003633	6.1
1996	-0.664019	557.951587	13.971258	0.005600	9.7
1997	-0.706158	558.940412	13.947436	0.006405	8.0
1998	-0.688089	559.932202	13.923625	0.008275	7.9
1999	-0.702376	560.911895	13.900183	0.005462	10.9
