1:ItNr	2:Metric	3a:Time	3b:StepSize	4:||Gradient||	Time[ms]
0	-0.383713	0.000000	991.416743	0.007100	2077.1
1	-0.395065	0.000000	991.416743	0.005490	6.4
2	-0.420651	0.000000	991.416743	0.003066	7.1
3	-0.447401	0.000000	991.416743	0.004633	11.2
4	-0.468716	0.000000	991.416743	0.004278	6.7
5	-0.449051	0.000000	991.416743	0.008703	11.0
6	-0.492823	0.000000	991.416743	0.006943	12.7
7	-0.550802	0.000000	991.416743	0.006405	10.9
8	-0.615111	0.000000	991.416743	0.005623	11.9
9	-0.581888	0.000000	991.416743	0.007543	17.2
10	-0.589640	0.999991	946.352737	0.007244	12.1
11	-0.609352	1.999991	905.206950	0.005318	7.1
12	-0.631592	1.748528	915.213127	0.007777	12.0
13	-0.696018	1.497389	925.429679	0.006022	16.7
14	-0.696317	1.245926	935.890518	0.009779	6.8
15	-0.671632	2.103726	901.142576	0.008500	7.6
16	-0.733919	3.103726	863.756549	0.011215	6.3
17	-0.692422	4.103726	829.349046	0.014276	11.8
18	-0.701208	5.103726	797.577756	0.011319	6.3
19	-0.720006	6.103726	768.150889	0.015207	6.1
20	-0.676351	7.103726	740.818183	0.014131	9.2
21	-0.745159	8.103726	715.363774	0.013409	11.5
22	-0.712989	9.103726	691.600477	0.018613	6.6
23	-0.708263	10.103726	669.365184	0.020786	6.1
24	-0.733660	11.103726	648.515107	0.015512	6.3
25	-0.779424	12.103726	628.924711	0.011560	6.8
26	-0.777978	13.103726	610.483186	0.014257	10.4
27	-0.750514	14.103726	593.092349	0.018087	6.1
28	-0.745048	15.103726	576.664894	0.017078	5.9
29	-0.773144	16.103726	561.122927	0.022081	6.1
30	-0.689639	17.103726	546.396731	0.022074	9.7
31	-0.742992	18.103726	532.423722	0.018331	12.9
32	-0.765588	19.103726	519.147556	0.013314	1.9
33	-0.765230	20.103726	506.517374	0.010736	8.8
34	-0.799554	21.103726	494.487147	0.009440	15.9
35	-0.792805	22.103726	483.015120	0.012376	9.2
36	-0.764322	23.103726	472.063321	0.009620	11.0
37	-0.808806	24.103726	461.597150	0.010568	9.4
38	-0.772899	25.103726	451.585006	0.017391	7.8
39	-0.742915	26.103726	441.997972	0.016808	5.8
40	-0.801222	27.103726	432.809537	0.009722	5.6
41	-0.787544	28.103726	423.995348	0.008383	5.8
42	-0.784297	28.129905	423.769424	0.011707	18.1
43	-0.814454	29.129905	415.315999	0.007877	4.1
44	-0.778201	30.129905	407.193238	0.008368	7.4
45	-0.817870	30.039789	407.912179	0.007636	6.5
46	-0.798375	31.039789	400.073716	0.009454	6.1
47	-0.798436	32.039789	392.530818	0.007590	5.9
48	-0.793391	33.039789	385.267081	0.009573	6.1
49	-0.822224	34.039789	378.267289	0.011155	11.3
50	-0.793871	35.039789	371.517312	0.006614	6.3
51	-0.788832	36.039789	365.004011	0.006777	6.2
52	-0.802874	37.039789	358.715152	0.004146	6.6
53	-0.803478	38.039789	352.639332	0.005305	12.9
54	-0.816676	39.039789	346.765904	0.007736	10.8
55	-0.782092	40.039789	341.084923	0.009477	6.6
56	-0.825330	41.039789	335.587082	0.003691	6.2
57	-0.821265	42.039789	330.263665	0.002756	8.1
58	-0.835299	41.788388	331.586016	0.003622	11.2
59	-0.812149	42.640227	327.147662	0.004076	6.9
60	-0.832286	43.638747	322.093985	0.005023	8.0
61	-0.837223	44.638747	317.186914	0.009325	10.9
62	-0.804554	45.638747	312.427117	0.012753	11.0
63	-0.814237	46.638747	307.808061	0.009179	9.7
64	-0.825247	47.638747	303.323596	0.008654	11.5
65	-0.820244	48.638747	298.967924	0.007346	9.5
66	-0.788068	49.638747	294.735573	0.006516	7.7
67	-0.780354	49.387284	295.788534	0.006916	11.3
68	-0.833854	50.387284	291.645099	0.008233	5.0
69	-0.797933	51.387284	287.616144	0.005801	5.9
70	-0.809553	52.387284	283.696989	0.007712	6.2
71	-0.812084	52.135822	284.672424	0.010412	6.1
72	-0.808560	53.135822	280.832547	0.011246	5.8
73	-0.795579	54.135822	277.094882	0.011083	5.8
74	-0.796915	55.135822	273.455401	0.007053	5.8
75	-0.804152	56.135822	269.910285	0.009102	6.1
76	-0.812658	57.135822	266.455912	0.011385	6.1
77	-0.820443	58.135822	263.088841	0.006250	5.8
78	-0.785256	59.135822	259.805805	0.006102	6.1
79	-0.836979	60.135822	256.603695	0.011450	6.2
80	-0.816533	61.135822	253.479556	0.006804	9.4
81	-0.799837	62.135822	250.430575	0.003188	6.4
82	-0.822075	62.279297	249.999129	0.008616	6.1
83	-0.803125	62.027834	250.756290	0.009316	9.9
84	-0.808641	63.027834	247.772085	0.007918	5.9
85	-0.824888	64.027834	244.858074	0.006256	10.9
86	-0.840245	65.027834	242.011808	0.007056	5.3
87	-0.812113	66.027834	239.230953	0.004025	6.3
88	-0.842449	67.027635	236.513814	0.007924	11.0
89	-0.826746	68.027635	233.857180	0.005050	5.7
90	-0.802773	69.027635	231.259565	0.006708	5.7
91	-0.783449	70.027635	228.719022	0.002480	6.1
92	-0.781853	71.027632	226.233700	0.006179	5.8
93	-0.830302	70.776169	226.853571	0.008525	10.1
94	-0.797646	71.776169	224.408400	0.007254	5.5
95	-0.786185	72.776169	222.015378	0.005188	10.5
96	-0.827409	73.763438	219.702366	0.008386	4.8
97	-0.818938	74.763438	217.408147	0.003836	5.9
98	-0.823688	75.763438	215.161346	0.006745	5.8
99	-0.811701	76.763438	212.960509	0.005408	6.0
100	-0.821679	77.763438	210.804241	0.006323	5.8
101	-0.821473	78.763438	208.691200	0.004960	6.1
102	-0.799235	78.511975	209.218554	0.007414	6.0
103	-0.804681	79.496307	207.169320	0.002997	6.3
104	-0.798926	80.496307	205.128169	0.003249	11.0
105	-0.819209	80.265609	205.595482	0.004022	7.7
106	-0.777503	81.265609	203.585075	0.005806	9.0
107	-0.798434	82.265609	201.613605	0.004752	6.9
108	-0.802937	83.265609	199.679951	0.002523	7.7
109	-0.848126	83.014146	200.162693	0.003018	6.2
110	-0.810939	82.762683	200.647775	0.002750	9.7
111	-0.851909	82.512371	201.132979	0.003534	6.5
112	-0.794547	83.275348	199.661301	0.011522	11.8
113	-0.792292	84.275348	197.764738	0.002847	5.5
114	-0.821986	84.023925	198.238179	0.008069	7.3
115	-0.817462	85.019770	196.376125	0.004407	6.0
116	-0.798184	84.970326	196.467751	0.006248	9.7
117	-0.829121	84.718863	196.935068	0.002735	7.8
118	-0.796086	84.508907	197.326957	0.005211	6.1
119	-0.841125	85.507760	195.476383	0.007629	6.0
120	-0.808468	86.507760	193.658129	0.006457	11.3
121	-0.819883	87.507760	191.873389	0.004648	9.1
122	-0.816862	88.507760	190.121245	0.006585	8.4
123	-0.842463	89.507760	188.400811	0.007181	5.9
124	-0.823507	90.507760	186.711236	0.006137	10.0
125	-0.810932	91.507760	185.051695	0.005734	10.7
126	-0.820111	92.507760	183.421395	0.003502	9.0
127	-0.835634	93.507760	181.819570	0.005010	11.6
128	-0.792292	94.507760	180.245480	0.009994	5.9
129	-0.806520	95.507760	178.698412	0.008523	6.1
130	-0.832498	96.507760	177.177674	0.009248	11.0
131	-0.805543	97.507760	175.682602	0.003275	8.4
132	-0.823181	98.507760	174.212550	0.006467	6.6
133	-0.808332	98.256297	174.579893	0.004660	11.3
134	-0.799462	98.023163	174.921848	0.003679	5.4
135	-0.798096	98.925185	173.606167	0.004953	11.9
136	-0.824691	99.925185	172.170517	0.006049	11.4
137	-0.827487	100.925185	170.758418	0.003168	5.9
138	-0.824338	101.918686	169.378248	0.004313	6.1
139	-0.811390	101.667223	169.725466	0.005579	5.9
140	-0.802632	101.433311	170.049731	0.009572	6.1
141	-0.805753	102.433311	168.672066	0.006118	11.1
142	-0.793973	103.433311	167.316544	0.002983	3.2
143	-0.818470	103.181863	167.655333	0.009724	5.7
144	-0.855530	102.930400	167.995516	0.008308	10.0
145	-0.811556	103.930400	166.650803	0.009545	7.8
146	-0.823832	104.930400	165.327447	0.004981	6.0
147	-0.811443	105.930400	164.024942	0.010824	11.3
148	-0.815018	105.678940	164.350536	0.005777	11.0
149	-0.808944	106.678940	163.063319	0.003099	11.1
150	-0.819196	106.803361	162.904570	0.010809	11.3
151	-0.793459	107.803361	161.639816	0.006793	3.0
152	-0.801238	108.803361	160.394549	0.003023	6.0
153	-0.833062	109.803361	159.168322	0.006467	11.3
154	-0.810128	109.551899	159.474905	0.007035	2.6
155	-0.806272	110.551899	158.262646	0.004197	7.1
156	-0.814641	110.300667	158.565467	0.003566	5.1
157	-0.803717	111.300667	157.366943	0.005208	6.2
158	-0.829541	112.300210	156.186938	0.005941	7.8
159	-0.825962	113.300210	155.023970	0.006691	7.6
160	-0.833462	114.300210	153.878192	0.005339	6.3
161	-0.826743	115.300210	152.749227	0.004807	6.5
162	-0.811875	115.048747	153.031557	0.006359	6.0
163	-0.854575	116.048747	151.914936	0.004920	6.1
164	-0.816443	115.797340	152.194126	0.004052	6.5
165	-0.777609	116.797340	151.089648	0.003354	5.9
166	-0.828721	116.545877	151.365872	0.007827	6.0
167	-0.823321	117.545877	150.273339	0.006240	6.2
168	-0.818575	117.300853	150.539575	0.008914	7.7
169	-0.829606	118.300853	149.458896	0.003802	6.6
170	-0.832213	118.049390	149.729183	0.003681	14.7
171	-0.792806	119.049390	148.660066	0.006275	8.9
172	-0.833764	118.797927	148.927470	0.006470	11.0
173	-0.817610	119.797927	147.869731	0.004893	6.3
174	-0.806803	119.546464	148.134296	0.005802	6.1
175	-0.821874	120.546464	147.087755	0.004243	11.1
176	-0.786856	121.546464	146.055896	0.009100	2.5
177	-0.802798	121.295001	146.314005	0.006623	11.4
178	-0.838394	122.295001	145.292937	0.003399	4.7
179	-0.803953	122.044547	145.547328	0.004135	13.0
180	-0.812216	121.793084	145.803641	0.005578	7.8
181	-0.773907	122.793084	144.789659	0.009100	10.7
182	-0.824872	123.793084	143.789683	0.010450	11.7
183	-0.804683	124.793084	142.803424	0.004989	5.8
184	-0.815988	125.793084	141.830603	0.006237	6.9
185	-0.828011	126.793084	140.870946	0.007576	11.1
186	-0.834041	127.793084	139.924189	0.007361	6.4
187	-0.813432	128.793084	138.990072	0.005864	6.1
188	-0.806650	129.793084	138.068345	0.006283	6.0
189	-0.790089	129.541621	138.298973	0.007415	11.9
190	-0.800267	130.541621	137.386359	0.005293	11.8
191	-0.810936	130.290216	137.614660	0.008770	10.6
192	-0.763705	131.290216	136.711026	0.004276	4.0
193	-0.835687	132.290216	135.819181	0.004039	6.0
194	-0.813249	132.038804	136.042304	0.007154	5.9
195	-0.820385	133.038803	135.159136	0.006026	11.3
196	-0.863348	132.787341	135.380139	0.007139	1.6
197	-0.819243	133.787341	134.505519	0.003470	6.6
198	-0.791874	134.787341	133.642127	0.003776	10.4
199	-0.817639	135.787341	132.789749	0.004338	6.3
200	-0.818444	135.535885	133.003060	0.005020	11.3
201	-0.832788	136.535885	132.158788	0.003500	6.8
202	-0.815613	136.284422	132.370080	0.007036	12.3
203	-0.807599	136.032959	132.582050	0.007290	7.1
204	-0.803977	137.032959	131.743098	0.007816	8.0
205	-0.800485	138.032959	130.914696	0.007437	8.3
206	-0.817841	139.032959	130.096648	0.005073	9.2
207	-0.814744	138.781497	130.301393	0.006891	5.8
208	-0.819760	139.781497	129.490968	0.007183	5.9
209	-0.822190	140.781497	128.690561	0.007684	6.2
210	-0.827019	141.781497	127.899989	0.003815	6.1
211	-0.817321	141.530034	128.097873	0.007465	6.4
212	-0.802210	142.530034	127.314543	0.006552	6.4
213	-0.852056	143.530034	126.540736	0.007708	5.9
214	-0.802375	143.278571	126.734433	0.007570	6.1
215	-0.810509	144.278571	125.967640	0.004840	11.4
216	-0.802867	144.027108	126.159586	0.005571	5.2
217	-0.868644	145.027108	125.399712	0.003825	5.9
218	-0.811444	144.775646	125.589929	0.005950	6.0
219	-0.823096	145.775638	124.836887	0.004399	8.4
220	-0.824481	146.775638	124.092817	0.004214	7.0
221	-0.821640	146.524176	124.279087	0.004436	6.0
222	-0.811372	146.273192	124.465561	0.012245	10.7
223	-0.821234	146.021729	124.652952	0.006348	5.1
224	-0.819551	147.021729	123.911066	0.003001	5.9
225	-0.800617	148.013530	123.183935	0.003811	6.0
226	-0.819326	149.013519	122.459389	0.005161	8.5
227	-0.844301	148.762056	122.640784	0.006905	6.2
228	-0.826927	149.762037	121.922600	0.004431	5.9
229	-0.831662	150.762037	121.212766	0.006024	5.7
230	-0.815963	151.761986	120.511185	0.004466	7.5
231	-0.798765	152.761986	119.817643	0.004650	6.3
232	-0.831711	152.510523	119.991291	0.005679	6.4
233	-0.809858	152.259061	120.165442	0.004697	6.1
234	-0.809638	152.007598	120.340100	0.002933	5.9
235	-0.806403	153.007598	119.648520	0.007307	10.5
236	-0.824776	152.756135	119.821678	0.004537	7.4
237	-0.813613	152.504672	119.995337	0.007122	8.4
238	-0.810670	153.504672	119.307703	0.006441	5.9
239	-0.793855	153.253210	119.479874	0.002951	6.8
240	-0.822404	153.897564	119.039689	0.004638	6.1
241	-0.820348	153.646102	119.211087	0.006669	6.6
242	-0.820232	154.646102	118.532386	0.007365	5.1
243	-0.824145	154.394639	118.702326	0.006417	6.0
244	-0.817275	154.143176	118.872753	0.005555	11.8
245	-0.826798	153.891714	119.043671	0.006470	11.4
246	-0.814159	153.640251	119.215081	0.006155	2.8
247	-0.829247	153.388788	119.386985	0.010393	8.7
248	-0.804245	153.137328	119.559383	0.003541	6.0
249	-0.811484	154.137328	118.876723	0.004993	6.0
250	-0.811954	153.885866	119.047652	0.009230	5.7
251	-0.815639	153.634403	119.219073	0.004010	6.7
252	-0.808435	154.634403	118.540282	0.005385	11.2
253	-0.827992	154.382940	118.710244	0.005420	6.6
254	-0.809614	155.382940	118.037218	0.006068	6.0
255	-0.847480	156.382940	117.371781	0.007538	9.8
256	-0.823057	157.382940	116.713804	0.006523	5.6
257	-0.816423	157.131477	116.878566	0.006865	6.5
258	-0.834939	158.131477	116.226092	0.003650	9.0
259	-0.818128	159.131477	115.580863	0.004106	4.7
260	-0.826765	158.890967	115.735392	0.006148	5.5
261	-0.840957	159.890967	115.095584	0.003868	16.0
262	-0.834462	159.639505	115.255805	0.006494	5.6
263	-0.819333	159.388042	115.416473	0.006485	10.6
264	-0.842220	160.388042	114.780177	0.005836	8.1
265	-0.836563	161.388042	114.150859	0.006296	5.8
266	-0.824469	162.388042	113.528403	0.005123	10.1
267	-0.817558	162.136579	113.684288	0.006965	5.7
268	-0.811284	161.885171	113.840567	0.006212	6.0
269	-0.820890	162.885171	113.221482	0.006564	11.3
270	-0.816428	163.885171	112.609094	0.004533	7.0
271	-0.805675	164.883949	112.004031	0.004035	9.7
272	-0.822150	164.632490	112.155752	0.005569	4.1
273	-0.797416	165.632490	111.554808	0.005803	5.4
274	-0.837054	165.381028	111.705316	0.005805	9.1
275	-0.802765	165.680645	111.526032	0.004084	12.6
276	-0.819543	166.680645	110.931799	0.006479	21.5
277	-0.821866	167.680645	110.343865	0.009650	15.2
278	-0.828632	168.680645	109.762130	0.004532	17.8
279	-0.805233	169.612551	109.225502	0.004685	2.7
280	-0.804555	169.430243	109.330069	0.009470	11.4
281	-0.840769	169.178781	109.474630	0.007378	6.1
282	-0.777256	170.178781	108.902000	0.006249	12.8
283	-0.785011	171.178781	108.335330	0.006590	5.3
284	-0.809932	172.178781	107.774526	0.003992	10.9
285	-0.826748	173.178781	107.219499	0.004574	1.6
286	-0.831581	172.928470	107.357891	0.002661	5.9
287	-0.818507	172.677008	107.497280	0.007188	9.5
288	-0.793041	172.425545	107.637032	0.006130	11.1
289	-0.838414	173.425545	107.083416	0.006895	12.5
290	-0.824090	173.174083	107.222093	0.004909	12.1
291	-0.816094	174.174083	106.672727	0.005682	7.9
292	-0.820486	173.922620	106.810341	0.009656	7.9
293	-0.787177	174.922320	106.265338	0.004911	8.0
294	-0.849962	175.922320	105.725708	0.006596	11.2
295	-0.829101	175.670857	105.860888	0.006650	3.5
296	-0.799820	175.419394	105.996415	0.004816	7.5
297	-0.842398	175.167932	106.132289	0.006575	11.3
298	-0.800362	176.167932	105.594005	0.004494	6.0
299	-0.803098	177.167932	105.061154	0.004770	11.0
300	-0.824822	176.916469	105.194639	0.011478	11.1
301	-0.828319	177.916469	104.665801	0.002823	11.9
302	-0.831199	178.916469	104.142254	0.001831	11.7
303	-0.829828	179.399230	103.891375	0.006899	11.3
304	-0.832823	179.203316	103.993041	0.002858	8.8
305	-0.823220	180.203316	103.476185	0.003547	11.0
306	-0.812033	179.952304	103.605438	0.004134	7.0
307	-0.805971	180.952297	103.092423	0.005640	11.0
308	-0.775623	181.952297	102.584459	0.005397	10.6
309	-0.819835	182.950326	102.082463	0.004439	7.1
310	-0.832587	183.950326	101.584379	0.007963	6.3
311	-0.809796	184.950326	101.091132	0.005247	6.2
312	-0.844326	184.698868	101.214712	0.003368	11.4
313	-0.824722	185.614664	100.766089	0.007053	6.0
314	-0.780330	186.614664	100.280737	0.006682	11.3
315	-0.806915	186.363201	100.402345	0.009728	11.2
316	-0.824912	187.363201	99.920483	0.004484	5.9
317	-0.810505	188.363201	99.443223	0.004199	6.3
318	-0.809508	188.111738	99.562807	0.003295	11.1
319	-0.820018	189.111733	99.088953	0.003472	11.5
320	-0.807105	190.093128	98.628277	0.004328	10.7
321	-0.815048	191.093128	98.163254	0.004916	7.9
322	-0.820209	192.093073	97.702620	0.004785	6.0
323	-0.805897	191.841610	97.818051	0.005172	9.9
324	-0.820832	192.841610	97.360619	0.007067	5.9
325	-0.816049	192.590148	97.475243	0.004849	7.6
326	-0.832341	193.590148	97.021004	0.005368	10.0
327	-0.815369	194.522750	96.601178	0.004823	5.9
328	-0.803780	194.271287	96.714020	0.005769	5.9
329	-0.814272	194.972925	96.399822	0.014435	5.8
330	-0.838759	195.972925	95.955528	0.004429	6.4
331	-0.824554	195.721462	96.066866	0.005095	11.1
332	-0.831620	195.470000	96.178462	0.005735	3.5
333	-0.819204	196.470000	95.736201	0.004069	6.5
334	-0.824063	197.469830	95.298063	0.005038	11.9
335	-0.815143	198.469830	94.863843	0.003963	9.7
336	-0.835409	198.236035	94.965007	0.004971	6.0
337	-0.797605	198.061788	95.040544	0.006609	7.5
338	-0.810050	199.061278	94.608882	0.002883	8.4
339	-0.795269	200.061278	94.180907	0.006623	6.1
340	-0.821932	199.809815	94.288162	0.002384	6.1
341	-0.811723	199.558354	94.395661	0.007788	6.6
342	-0.812818	200.558354	93.969608	0.004621	7.0
343	-0.804829	201.558354	93.547383	0.006238	11.1
344	-0.819338	202.558354	93.128936	0.002934	15.6
345	-0.829310	203.111933	92.898898	0.007210	6.8
346	-0.823124	202.860642	93.003180	0.005469	7.8
347	-0.821666	203.860642	92.589576	0.005043	16.0
348	-0.825343	203.609271	92.693198	0.004359	4.1
349	-0.815982	203.357812	92.797088	0.003983	9.3
350	-0.783390	203.106350	92.901212	0.007534	10.5
351	-0.839798	204.106350	92.488513	0.004806	7.4
352	-0.795826	205.106350	92.079464	0.005896	10.7
353	-0.833938	206.090289	91.680501	0.004036	11.0
354	-0.837410	207.090289	91.278553	0.006951	10.1
355	-0.835284	208.090289	90.880114	0.004972	7.2
356	-0.840313	207.838827	90.979979	0.004541	10.8
357	-0.809637	207.587364	91.080063	0.004002	5.8
358	-0.815483	208.430726	90.745263	0.005031	7.3
359	-0.818103	208.179263	90.844832	0.003587	6.2
360	-0.816428	209.179252	90.450166	0.004747	6.1
361	-0.826744	210.179252	90.058911	0.004872	6.0
362	-0.815137	211.179252	89.671025	0.003709	10.1
363	-0.822547	210.927798	89.768246	0.004864	5.3
364	-0.840210	211.927797	89.382855	0.006565	6.4
365	-0.799662	212.927797	89.000760	0.005647	6.2
366	-0.800217	213.927797	88.621916	0.005349	5.9
367	-0.801985	213.676340	88.716875	0.008109	6.4
368	-0.809381	213.424878	88.812040	0.004188	7.7
369	-0.810435	214.424862	88.434804	0.008388	11.1
370	-0.809378	214.173399	88.529364	0.005187	6.9
371	-0.818527	215.173399	88.154515	0.004903	8.2
372	-0.810370	214.921944	88.248474	0.003706	9.3
373	-0.831092	215.921555	87.876139	0.003603	11.1
374	-0.816673	216.110453	87.806131	0.002931	11.9
375	-0.822072	216.904476	87.513072	0.005441	10.6
376	-0.829084	217.894692	87.150332	0.009115	9.5
377	-0.822449	218.894692	86.787046	0.005047	5.8
378	-0.808655	219.894692	86.426776	0.004523	6.1
379	-0.815678	220.756230	86.118780	0.005446	11.1
380	-0.821181	220.561625	86.188158	0.002706	1.6
381	-0.826376	220.310163	86.277973	0.005171	12.4
382	-0.824477	220.058700	86.367974	0.007074	14.3
383	-0.808180	221.058700	86.011168	0.003805	8.2
384	-0.817749	222.058700	85.657298	0.003213	6.3
385	-0.843872	223.058700	85.306328	0.003032	8.2
386	-0.836338	224.043222	84.963589	0.002731	8.0
387	-0.808872	223.883963	85.018845	0.004973	5.8
388	-0.815441	224.883963	84.673076	0.006317	4.8
389	-0.825741	224.632500	84.759759	0.003832	11.0
390	-0.825550	225.632500	84.416091	0.007067	13.9
391	-0.830671	225.381038	84.502248	0.007039	11.8
392	-0.825420	226.381038	84.160661	0.004259	10.6
393	-0.811617	227.381038	83.821824	0.006555	12.3
394	-0.801973	228.375613	83.487520	0.005330	12.2
395	-0.811612	229.375613	83.154071	0.002753	8.9
396	-0.821527	230.375613	82.823275	0.006128	11.4
397	-0.811717	231.375613	82.495101	0.005205	11.5
398	-0.818467	232.375613	82.169516	0.003589	11.3
399	-0.824201	232.124150	82.251147	0.004096	11.3
400	-0.809756	233.124149	81.927482	0.005245	11.8
401	-0.822558	232.872687	82.008631	0.006189	5.4
402	-0.813970	233.872687	81.686868	0.003241	6.2
403	-0.806941	234.872687	81.367620	0.006596	8.7
404	-0.808829	235.872467	81.050927	0.006688	9.4
405	-0.805153	236.872467	80.736621	0.006087	7.7
406	-0.827654	236.621004	80.815428	0.004209	11.8
407	-0.823079	236.369541	80.894388	0.006158	5.8
408	-0.820677	236.704250	80.789322	0.005934	11.0
409	-0.813778	237.704250	80.477037	0.006499	14.0
410	-0.820993	238.704250	80.167158	0.008800	1.9
411	-0.820203	239.704250	79.859656	0.012858	11.2
412	-0.825712	240.704250	79.554503	0.005645	11.6
413	-0.823599	241.704250	79.251674	0.004900	11.4
414	-0.806699	241.452787	79.327607	0.006317	13.4
415	-0.785977	242.452787	79.026500	0.010991	10.1
416	-0.796522	242.201324	79.102002	0.003227	11.0
417	-0.814193	243.201324	78.802601	0.003007	9.7
418	-0.818119	244.181353	78.511371	0.007419	6.0
419	-0.837457	243.929890	78.585891	0.004343	8.0
420	-0.832064	244.929890	78.290378	0.006480	11.1
421	-0.803721	245.929890	77.997078	0.010216	14.1
422	-0.822214	246.929890	77.705968	0.007437	6.2
423	-0.828549	246.678428	77.778967	0.006311	11.4
424	-0.815997	247.678426	77.489480	0.004491	8.8
425	-0.835158	248.678426	77.202140	0.005870	11.5
426	-0.810969	249.678426	76.916923	0.003121	7.2
427	-0.825574	249.426964	76.988446	0.004670	11.1
428	-0.784113	250.425750	76.705145	0.003852	8.7
429	-0.816208	251.425750	76.423582	0.002108	17.0
430	-0.834399	251.176205	76.493651	0.005536	3.0
431	-0.819082	252.176205	76.213635	0.004477	8.3
432	-0.839261	251.924742	76.283856	0.004375	11.7
433	-0.817409	252.924742	76.005371	0.003229	6.1
434	-0.814877	252.891951	76.014470	0.006615	6.5
435	-0.824918	253.891951	75.737946	0.006928	16.3
436	-0.811857	253.640488	75.807292	0.004703	2.9
437	-0.810063	253.389025	75.876765	0.008115	11.8
438	-0.788696	254.389025	75.601239	0.004337	5.9
439	-0.819936	255.389025	75.327707	0.006479	11.3
440	-0.817959	256.389025	75.056148	0.004629	9.7
441	-0.823878	257.389025	74.786539	0.004047	7.9
442	-0.811926	258.389025	74.518860	0.003050	7.4
443	-0.835308	259.388950	74.253110	0.003238	13.7
444	-0.802940	259.145024	74.317763	0.003751	10.6
445	-0.810191	259.965224	74.100813	0.002382	4.2
446	-0.820232	260.965167	73.838027	0.005775	11.5
447	-0.821218	260.713705	73.903936	0.004492	11.0
448	-0.810586	261.713705	73.642527	0.006355	8.3
449	-0.800595	262.713705	73.382961	0.004319	5.2
450	-0.816571	263.713705	73.125218	0.003621	8.3
451	-0.820211	264.553202	72.910237	0.007128	12.3
452	-0.817930	264.301740	72.974499	0.010464	7.2
453	-0.810418	265.301740	72.719613	0.007313	11.3
454	-0.813590	266.301740	72.466500	0.005275	6.8
455	-0.825430	266.050277	72.529983	0.005977	6.2
456	-0.790877	267.050277	72.278186	0.004509	6.8
457	-0.807777	268.050277	72.028132	0.004129	4.6
458	-0.813313	267.801780	72.090108	0.003349	5.9
459	-0.823863	267.550333	72.152929	0.006260	10.8
460	-0.835860	267.298870	72.215863	0.005831	5.2
461	-0.813511	268.298870	71.966239	0.006455	5.9
462	-0.836332	269.298870	71.718335	0.005885	11.1
463	-0.841537	269.047407	71.780513	0.004185	5.8
464	-0.817440	270.035383	71.536840	0.003564	6.5
465	-0.828409	271.035383	71.291880	0.005744	7.4
466	-0.805661	272.035383	71.048593	0.004006	8.0
467	-0.791577	271.783920	71.109614	0.004779	6.3
468	-0.790119	271.532457	71.170740	0.006808	6.1
469	-0.790694	272.532457	70.928278	0.003485	6.2
470	-0.806221	272.280994	70.989092	0.004151	9.1
471	-0.814404	272.029532	71.050011	0.006388	6.6
472	-0.826930	273.029532	70.808369	0.002307	6.1
473	-0.829818	273.860752	70.608758	0.007109	6.0
474	-0.799451	273.609291	70.669026	0.003039	6.5
475	-0.799659	274.609291	70.429964	0.002687	16.7
476	-0.812044	275.609291	70.192513	0.006335	5.9
477	-0.816109	275.357828	70.252072	0.004538	3.7
478	-0.813665	276.357828	70.015818	0.006281	3.8
479	-0.839135	276.106365	70.075078	0.004591	9.3
480	-0.803997	277.106365	69.840010	0.006956	6.2
481	-0.814518	278.106365	69.606515	0.003982	5.2
482	-0.837281	277.854902	69.665083	0.005034	6.0
483	-0.819296	278.854902	69.432754	0.005037	11.1
484	-0.807132	279.854902	69.201969	0.006288	10.3
485	-0.817787	279.608177	69.258767	0.006968	5.8
486	-0.807862	280.608177	69.029135	0.005430	6.0
487	-0.819815	280.357846	69.086476	0.007161	7.5
488	-0.850915	281.357846	68.857984	0.004727	11.4
489	-0.789931	282.214201	68.663511	0.007286	8.5
490	-0.823752	281.962818	68.720484	0.002893	11.6
491	-0.798433	281.712990	68.777199	0.005826	5.3
492	-0.783239	282.712988	68.550745	0.004956	5.9
493	-0.830736	283.712988	68.325777	0.002372	6.0
494	-0.839052	284.712976	68.102283	0.007016	5.7
495	-0.826466	285.605768	67.903979	0.002668	5.9
496	-0.813898	285.354305	67.959716	0.004707	5.9
497	-0.818771	286.354301	67.738605	0.009102	10.1
498	-0.812014	286.102843	67.794070	0.004107	14.9
499	-0.840943	287.100319	67.574586	0.002403	10.3
500	-0.815664	286.849150	67.629719	0.004850	13.6
501	-0.818593	286.599491	67.684610	0.004825	7.4
502	-0.788647	287.599486	67.465283	0.005250	14.0
503	-0.832288	287.348024	67.520302	0.012687	10.7
504	-0.822122	288.348024	67.302035	0.006717	11.5
505	-0.799005	289.348024	67.085175	0.003991	12.0
506	-0.821854	289.737252	67.001145	0.003695	9.9
507	-0.824568	290.737239	66.786219	0.003861	7.6
508	-0.812043	291.737239	66.572666	0.003275	3.1
509	-0.840751	291.485796	66.626234	0.003084	6.6
510	-0.809986	292.485795	66.413700	0.003564	14.2
511	-0.811875	293.283502	66.245131	0.003917	2.2
512	-0.818354	293.830239	66.130089	0.004788	10.4
513	-0.821983	293.578776	66.182951	0.003803	5.8
514	-0.817841	294.578776	65.973231	0.003208	6.1
515	-0.813721	295.518014	65.777462	0.005233	7.7
516	-0.825193	295.266551	65.829761	0.005324	16.0
517	-0.797533	296.266551	65.622271	0.004522	12.0
518	-0.831638	297.266544	65.416086	0.007128	6.3
519	-0.805874	298.266544	65.211191	0.005425	15.9
520	-0.804141	299.266544	65.007576	0.010397	2.3
521	-0.785875	299.015081	65.058658	0.005855	14.5
522	-0.811842	300.015081	64.855992	0.005286	4.2
523	-0.837913	301.015081	64.654585	0.004181	8.6
524	-0.806499	300.763625	64.705113	0.002234	4.7
525	-0.798815	301.497777	64.557814	0.004557	6.1
526	-0.826169	302.465163	64.364741	0.003722	9.8
527	-0.798078	302.213701	64.414818	0.003580	11.7
528	-0.818509	301.962238	64.464972	0.002446	6.5
529	-0.824568	301.722349	64.512891	0.005513	6.9
530	-0.807619	302.722349	64.313606	0.005301	11.3
531	-0.819557	302.470886	64.363603	0.003776	12.6
532	-0.822361	302.219424	64.413677	0.004544	12.5
533	-0.821554	301.967961	64.463830	0.006127	14.6
534	-0.801995	302.967961	64.264847	0.006845	12.3
535	-0.792553	302.716498	64.314768	0.005593	6.9
536	-0.831842	303.716498	64.116704	0.006448	16.8
537	-0.825078	303.465035	64.166395	0.003714	6.6
538	-0.807148	304.465035	63.969242	0.003540	16.8
539	-0.858034	304.213573	64.018704	0.003209	2.1
540	-0.802157	304.563612	63.949873	0.005606	10.7
541	-0.848149	305.041404	63.856159	0.008837	12.4
542	-0.832180	304.789941	63.905446	0.003841	11.5
543	-0.801809	305.789941	63.709891	0.005474	4.9
544	-0.790400	305.538479	63.758953	0.004503	14.7
545	-0.799898	305.350112	63.795754	0.007128	15.2
546	-0.803567	305.098649	63.844949	0.012962	7.8
547	-0.843508	304.847186	63.894219	0.004107	11.7
548	-0.821117	304.595724	63.943566	0.008294	14.4
549	-0.839928	305.595724	63.747778	0.003297	11.5
550	-0.832566	305.344261	63.796898	0.004904	14.4
551	-0.838283	305.562995	63.754167	0.008122	9.4
552	-0.816033	305.311533	63.803297	0.004587	6.2
553	-0.785734	306.311533	63.608365	0.005705	16.1
554	-0.800921	306.060130	63.657260	0.003489	4.2
555	-0.852496	305.808667	63.706241	0.003276	6.0
556	-0.817774	305.607905	63.745400	0.005753	10.0
557	-0.805009	306.607905	63.550822	0.003753	11.4
558	-0.817572	307.607905	63.357428	0.003654	14.2
559	-0.825993	308.607905	63.165207	0.002914	7.7
560	-0.824981	308.356443	63.213433	0.005940	14.9
561	-0.802596	308.104980	63.261734	0.006417	6.5
562	-0.824362	309.104980	63.070092	0.002534	11.3
563	-0.824626	308.858032	63.117310	0.003976	12.5
564	-0.808025	308.611955	63.164431	0.002837	9.1
565	-0.808719	308.366439	63.211515	0.005497	7.2
566	-0.810198	309.366435	63.020178	0.006609	7.5
567	-0.826425	310.366435	62.829995	0.004210	9.0
568	-0.825770	311.366435	62.640957	0.005341	6.0
569	-0.808040	311.114972	62.688386	0.002514	11.3
570	-0.806209	310.863509	62.735887	0.004025	5.6
571	-0.835899	310.612047	62.783460	0.002936	7.1
572	-0.831578	311.384624	62.637529	0.005719	11.1
573	-0.813685	311.133161	62.684953	0.004534	4.2
574	-0.818391	312.133161	62.496785	0.005310	6.6
575	-0.824410	313.132464	62.309874	0.004094	7.1
576	-0.823536	314.132464	62.123947	0.004914	6.2
577	-0.817059	315.132464	61.939128	0.005994	9.8
578	-0.822150	316.130905	61.755690	0.004179	16.2
579	-0.805383	317.130905	61.573051	0.004188	6.5
580	-0.811463	318.130905	61.391490	0.002769	10.6
581	-0.811846	319.130904	61.210996	0.003038	11.2
582	-0.822528	318.879603	61.256255	0.002951	9.8
583	-0.827582	319.879596	61.076556	0.004591	11.1
584	-0.807817	320.879242	60.897969	0.007133	8.7
585	-0.790158	321.879188	60.720371	0.006698	6.1
586	-0.807491	322.879188	60.543796	0.005077	6.1
587	-0.832266	322.912369	60.537955	0.007450	6.0
588	-0.821808	323.912369	60.362438	0.009254	11.0
589	-0.796169	324.912369	60.187936	0.004702	4.9
590	-0.816700	324.660906	60.231722	0.007351	5.8
591	-0.847325	325.660906	60.057974	0.004503	6.2
592	-0.813774	325.409443	60.101571	0.003341	5.9
593	-0.794469	325.157981	60.145231	0.004216	6.1
594	-0.829500	324.906589	60.188942	0.003588	5.9
595	-0.817859	324.676176	60.229061	0.005068	10.2
596	-0.822910	325.633425	60.062735	0.006233	5.5
597	-0.811263	326.633425	59.889959	0.003166	5.3
598	-0.812137	326.381962	59.933312	0.005084	5.3
599	-0.808960	326.130542	59.976721	0.005151	6.8
600	-0.815296	327.130498	59.804446	0.006013	5.0
601	-0.834618	326.879036	59.847675	0.006397	5.4
602	-0.804745	327.879036	59.676133	0.003909	6.2
603	-0.803175	327.635373	59.717840	0.005432	6.0
604	-0.836073	328.635373	59.547040	0.009289	6.7
605	-0.811705	328.383910	59.589898	0.002666	6.5
606	-0.823208	328.132448	59.632818	0.008883	7.9
607	-0.843191	329.132448	59.462503	0.003868	6.3
608	-0.790838	330.132448	59.293158	0.003525	6.4
609	-0.792704	331.132445	59.124775	0.004408	6.0
610	-0.836447	330.880983	59.167027	0.003427	6.0
611	-0.801124	331.880975	58.999360	0.004056	9.8
612	-0.829429	332.851323	58.837569	0.005746	8.6
613	-0.832088	332.599860	58.879411	0.006779	11.7
614	-0.832048	333.599860	58.713367	0.005725	2.3
615	-0.817492	334.599860	58.548256	0.006186	11.3
616	-0.809686	335.599860	58.384071	0.003841	6.5
617	-0.819615	336.599860	58.220805	0.005296	6.3
618	-0.796814	336.423618	58.249513	0.007730	11.6
619	-0.806652	337.423617	58.086997	0.008703	7.9
620	-0.827124	338.423617	57.925386	0.006634	5.9
621	-0.841476	339.423617	57.764671	0.006086	10.2
622	-0.810054	339.172155	57.805001	0.007248	8.9
623	-0.834180	338.920692	57.845387	0.006544	6.5
624	-0.831645	339.920692	57.685115	0.003777	6.2
625	-0.814143	339.807768	57.703169	0.006661	6.5
626	-0.838705	339.556307	57.743413	0.003374	12.2
627	-0.782977	340.556307	57.583705	0.004980	6.7
628	-0.838348	341.496152	57.434407	0.004052	6.3
629	-0.797910	341.245174	57.474200	0.005195	5.8
630	-0.810627	342.245174	57.315976	0.006103	5.9
631	-0.805906	343.245174	57.158620	0.005154	15.4
632	-0.830875	342.993711	57.198108	0.005288	3.8
633	-0.820272	342.742248	57.237650	0.003817	5.8
634	-0.833755	343.742248	57.080724	0.004215	6.2
635	-0.835066	344.742232	56.924658	0.005126	8.1
636	-0.843192	345.742227	56.769442	0.003443	6.8
637	-0.860355	346.742227	56.615069	0.003175	6.3
638	-0.809633	346.490846	56.653796	0.003383	6.1
639	-0.825327	347.446737	56.506815	0.008649	8.6
640	-0.826649	347.195275	56.545407	0.002414	11.9
641	-0.815521	348.195275	56.392248	0.006714	11.0
642	-0.847455	349.195221	56.239925	0.007100	8.6
643	-0.857714	350.195221	56.088415	0.005118	6.3
644	-0.828670	351.195221	55.937719	0.006598	9.4
645	-0.826625	352.195221	55.787830	0.003745	10.9
646	-0.821636	353.194639	55.638829	0.002547	8.7
647	-0.804050	352.943176	55.676244	0.007738	7.9
648	-0.794317	352.691714	55.713710	0.006713	9.8
649	-0.823199	353.691714	55.565017	0.003950	4.9
650	-0.810725	354.691713	55.417117	0.003281	8.4
651	-0.815734	355.691713	55.270002	0.005371	11.0
652	-0.824178	355.440250	55.306922	0.001989	6.1
653	-0.831722	356.438932	55.160583	0.004499	10.7
654	-0.843500	357.438896	55.014830	0.004413	5.6
655	-0.807741	357.187433	55.051410	0.003298	5.5
656	-0.821089	356.935971	55.088039	0.005844	8.8
657	-0.806337	356.684508	55.124717	0.007133	7.9
658	-0.820074	357.684508	54.979148	0.005394	7.3
659	-0.821928	357.433045	55.015681	0.006958	5.9
660	-0.819963	357.181583	55.052262	0.006542	9.9
661	-0.819225	358.181583	54.907075	0.007048	5.9
662	-0.832845	359.181583	54.762652	0.007893	6.4
663	-0.828451	360.181583	54.618986	0.003305	5.9
664	-0.811831	361.181583	54.476072	0.007226	9.5
665	-0.830104	362.181583	54.333905	0.003702	10.3
666	-0.810467	363.181583	54.192477	0.004825	9.3
667	-0.822585	362.930120	54.227971	0.002475	7.4
668	-0.821694	362.678657	54.263512	0.011324	6.2
669	-0.810005	362.427194	54.299100	0.008098	17.7
670	-0.818873	362.208870	54.330036	0.006322	4.0
671	-0.820621	363.208870	54.188628	0.006543	7.1
672	-0.816906	362.957408	54.224118	0.003641	11.2
673	-0.844584	363.957134	54.083298	0.005054	6.3
674	-0.811629	364.087933	54.064929	0.005052	11.7
675	-0.807621	365.087932	53.924896	0.010568	5.9
676	-0.815130	364.836470	53.960041	0.005999	9.1
677	-0.823664	365.836470	53.820550	0.005062	15.9
678	-0.804466	365.585007	53.855559	0.004921	6.7
679	-0.799071	366.585007	53.716607	0.003167	8.8
680	-0.810463	366.333547	53.751481	0.006310	11.3
681	-0.837245	366.082103	53.786397	0.004231	11.2
682	-0.838553	365.830650	53.821360	0.004723	13.0
683	-0.819386	365.579187	53.856370	0.005127	11.9
684	-0.805172	365.687961	53.841220	0.006784	8.0
685	-0.828061	366.662248	53.705904	0.005205	13.8
686	-0.812735	366.410785	53.740764	0.007999	6.2
687	-0.815629	367.410785	53.602403	0.006805	6.2
688	-0.795081	368.410785	53.464753	0.005890	6.8
689	-0.809762	368.159322	53.499301	0.007114	10.1
690	-0.831065	367.907859	53.533893	0.008401	6.1
691	-0.805915	368.907859	53.396594	0.004261	6.2
692	-0.821951	368.656397	53.431053	0.006336	6.8
693	-0.829004	369.656275	53.294297	0.005294	10.3
694	-0.829481	370.656275	53.158223	0.007699	10.8
695	-0.820855	371.656275	53.022842	0.008539	7.9
696	-0.837114	372.656275	52.888149	0.005766	8.3
697	-0.816947	373.656275	52.754138	0.004744	13.3
698	-0.806415	373.405020	52.787745	0.006772	15.3
699	-0.810216	373.153558	52.821422	0.006881	2.9
700	-0.838241	374.087522	52.696556	0.007036	11.7
701	-0.803526	375.087522	52.563513	0.008989	11.0
702	-0.801999	374.836059	52.596905	0.009327	8.5
703	-0.827722	375.836059	52.464364	0.003231	13.3
704	-0.801196	375.584597	52.497630	0.005499	7.9
705	-0.803992	375.333134	52.530939	0.007235	8.0
706	-0.835364	375.081671	52.564289	0.005674	13.0
707	-0.784200	374.830209	52.597682	0.006455	7.1
708	-0.791517	375.830209	52.465138	0.003319	11.4
709	-0.820075	376.830208	52.333260	0.005111	12.1
710	-0.827300	376.578746	52.366360	0.005987	12.1
711	-0.788174	376.327283	52.399502	0.006190	6.4
712	-0.854929	377.327283	52.267953	0.005721	5.9
713	-0.801684	378.327283	52.137063	0.006695	6.4
714	-0.792521	378.075820	52.169915	0.006664	10.9
715	-0.800381	379.075820	52.039515	0.003610	2.7
716	-0.814253	378.824357	52.072244	0.004423	11.5
717	-0.798487	379.824357	51.942331	0.004140	11.5
718	-0.803107	380.824340	51.813067	0.007244	8.3
719	-0.795291	381.824340	51.684443	0.003900	11.2
720	-0.812912	381.572878	51.716727	0.008485	12.1
721	-0.852729	382.572878	51.588580	0.007402	11.5
722	-0.818158	383.572878	51.461066	0.004784	9.9
723	-0.809614	384.572878	51.334181	0.003073	15.9
724	-0.816922	385.572877	51.207921	0.012313	4.0
725	-0.831036	386.572877	51.082279	0.003873	9.1
726	-0.817648	386.321414	51.113815	0.004959	7.6
727	-0.829859	386.140336	51.136549	0.005759	11.4
728	-0.835315	385.888877	51.168151	0.005994	11.8
729	-0.816627	386.888877	51.042705	0.004456	11.6
730	-0.826662	386.637415	51.074192	0.005876	10.9
731	-0.799945	387.637366	50.949211	0.005147	6.1
732	-0.792991	388.637366	50.824835	0.004270	7.3
733	-0.827259	389.637366	50.701064	0.003948	11.3
734	-0.844500	390.637366	50.577895	0.006383	8.2
735	-0.823613	390.385904	50.608811	0.003789	8.0
736	-0.796780	391.384150	50.486304	0.002775	5.9
737	-0.801943	392.382958	50.364320	0.005912	5.9
738	-0.840204	392.131495	50.394976	0.004430	6.1
739	-0.811782	391.880032	50.425668	0.004070	6.3
740	-0.788592	391.628681	50.456385	0.005360	5.9
741	-0.807436	391.377253	50.487148	0.004739	12.8
742	-0.807366	392.377253	50.365015	0.002972	2.5
743	-0.804070	393.377253	50.243471	0.004400	6.4
744	-0.834951	393.907798	50.179225	0.008219	6.2
745	-0.817155	393.656336	50.209655	0.004459	5.9
746	-0.826761	393.404873	50.240123	0.004568	10.9
747	-0.833733	394.403914	50.119296	0.004789	5.5
748	-0.847100	394.152452	50.149653	0.004683	11.9
749	-0.843156	395.152452	50.029146	0.005770	7.3
750	-0.837421	394.901530	50.059329	0.005101	2.6
751	-0.830700	395.901530	49.939255	0.004221	5.8
752	-0.796617	396.901529	49.819755	0.007377	9.5
753	-0.824656	396.650066	49.849750	0.004411	18.7
754	-0.850828	397.217506	49.782114	0.005752	7.8
755	-0.826111	398.217506	49.663364	0.005494	11.2
756	-0.822538	399.217506	49.545179	0.004364	3.7
757	-0.803126	398.966043	49.574845	0.004041	5.8
758	-0.798821	399.966043	49.457081	0.005026	11.8
759	-0.794349	399.714580	49.486641	0.004757	11.6
760	-0.813841	400.714580	49.369295	0.002008	5.9
761	-0.820191	401.574356	49.268848	0.004472	6.0
762	-0.816542	402.574356	49.152531	0.003547	6.1
763	-0.789975	403.574301	49.036768	0.006697	5.9
764	-0.821369	404.574288	48.921545	0.001998	6.2
765	-0.831508	405.574270	48.806862	0.008852	6.4
766	-0.806872	405.322813	48.835650	0.003121	5.9
767	-0.807885	405.071351	48.864472	0.006166	6.8
768	-0.847562	406.063098	48.750996	0.007272	11.4
769	-0.829228	407.063098	48.637109	0.007974	8.5
770	-0.811079	406.811636	48.665697	0.003733	8.0
771	-0.815645	406.560173	48.694319	0.004341	12.1
772	-0.813525	406.318750	48.721830	0.003933	5.4
773	-0.820405	406.067288	48.750518	0.007573	9.9
774	-0.831767	407.067288	48.636633	0.006230	11.7
775	-0.818618	406.815825	48.665221	0.002964	7.9
776	-0.814275	406.564362	48.693842	0.005692	6.1
777	-0.808827	407.564361	48.580221	0.006148	15.0
778	-0.806601	408.564240	48.467143	0.003873	1.5
779	-0.816045	408.312783	48.495531	0.004728	11.0
780	-0.802935	409.312783	48.382833	0.009920	6.5
781	-0.816806	409.061320	48.411123	0.006979	6.0
782	-0.788740	408.809858	48.439446	0.006209	11.2
783	-0.787122	408.558395	48.467803	0.005661	6.2
784	-0.823793	408.307020	48.496182	0.004752	5.0
785	-0.843129	409.307020	48.383481	0.005546	9.6
786	-0.823810	410.307020	48.271302	0.008233	9.7
787	-0.815542	410.055558	48.299462	0.006155	5.4
788	-0.818196	411.055558	48.187672	0.003296	6.0
789	-0.802629	410.804095	48.215734	0.006356	8.5
790	-0.823989	410.554763	48.243591	0.002476	11.2
791	-0.814879	410.324257	48.269373	0.005354	8.8
792	-0.829780	410.076154	48.297154	0.006777	11.5
793	-0.806658	409.824691	48.325344	0.005921	8.0
794	-0.820181	410.824691	48.213435	0.006865	8.0
795	-0.813510	411.824691	48.102042	0.005246	7.9
796	-0.813097	412.824691	47.991163	0.004248	6.0
797	-0.833124	413.810640	47.882342	0.003733	6.1
798	-0.811661	414.810640	47.772472	0.008021	6.0
799	-0.819668	415.810640	47.663105	0.003826	6.0
800	-0.822529	415.559178	47.690560	0.004299	6.3
801	-0.830926	416.559178	47.581568	0.007115	9.2
802	-0.803684	416.307715	47.608928	0.004927	8.0
803	-0.836590	416.056335	47.636311	0.004702	7.8
804	-0.813690	417.056335	47.527566	0.005683	5.8
805	-0.818822	416.942403	47.539931	0.005445	5.7
806	-0.815986	417.942403	47.431625	0.004946	6.3
807	-0.835844	417.690946	47.458813	0.003610	6.2
808	-0.819492	417.439484	47.486033	0.008532	7.8
809	-0.818487	418.439484	47.377972	0.005157	7.9
810	-0.805736	418.188021	47.405099	0.007694	6.2
811	-0.821003	419.188021	47.297406	0.002374	5.9
812	-0.843155	418.936558	47.324441	0.005354	5.8
813	-0.824785	419.936558	47.217114	0.010264	11.2
814	-0.821003	419.685096	47.244057	0.005677	5.8
815	-0.805234	420.685096	47.137093	0.009706	6.0
816	-0.797083	420.433633	47.163945	0.007750	6.0
817	-0.818139	421.433633	47.057344	0.004917	6.6
818	-0.807951	422.433633	46.951223	0.006248	9.7
819	-0.795540	422.182170	46.977864	0.009090	2.1
820	-0.835262	421.930708	47.004534	0.003934	8.8
821	-0.838698	422.930708	46.898652	0.004854	6.3
822	-0.840988	422.679245	46.925232	0.004057	13.5
823	-0.828984	422.427782	46.951843	0.005133	4.8
824	-0.817066	422.176319	46.978484	0.004104	7.0
825	-0.814313	421.924916	47.005149	0.007869	6.0
826	-0.815460	421.674106	47.031781	0.003505	6.1
827	-0.810997	421.422643	47.058513	0.006559	5.8
828	-0.813036	421.171180	47.085275	0.003105	10.6
829	-0.822065	422.171180	46.979029	0.004420	6.2
830	-0.800504	423.133881	46.877197	0.004293	6.2
831	-0.818545	424.133881	46.771887	0.005551	5.8
832	-0.825240	425.133881	46.667049	0.003039	6.0
833	-0.797999	426.133881	46.562679	0.007391	6.5
834	-0.816386	427.133806	46.458784	0.005742	7.9
835	-0.822042	428.133806	46.355343	0.008544	5.8
836	-0.819251	429.133806	46.252362	0.009968	6.0
837	-0.800577	430.133806	46.149837	0.004836	7.9
838	-0.817986	431.133806	46.047766	0.006715	6.6
839	-0.809749	430.882343	46.073390	0.004054	6.1
840	-0.826487	431.882337	45.971657	0.006353	6.2
841	-0.825744	432.882337	45.870372	0.005045	6.1
842	-0.831057	433.882337	45.769532	0.008377	6.4
843	-0.829495	433.630874	45.794848	0.003886	11.2
844	-0.813661	433.379480	45.820184	0.009292	7.6
845	-0.810211	434.379480	45.719565	0.005548	5.8
846	-0.826758	434.128018	45.744825	0.005280	5.9
847	-0.799914	435.128018	45.644536	0.005453	7.1
848	-0.812473	434.876555	45.669713	0.002705	12.9
849	-0.807526	435.876555	45.569753	0.007897	10.9
850	-0.835437	436.876555	45.470229	0.004587	5.2
851	-0.843452	436.625092	45.495214	0.006686	11.6
852	-0.824690	437.473192	45.411056	0.005951	1.6
853	-0.814199	437.221730	45.435976	0.005627	5.9
854	-0.819786	436.970267	45.460924	0.005257	7.3
855	-0.814069	437.970267	45.361874	0.009834	5.8
856	-0.834167	438.970267	45.263255	0.004740	6.4
857	-0.826316	439.970267	45.165064	0.004723	7.6
858	-0.833709	439.721935	45.189408	0.003374	7.4
859	-0.825339	440.721460	45.091583	0.009507	5.9
860	-0.847616	441.721460	44.994134	0.006211	11.0
861	-0.820787	442.721460	44.897106	0.004366	5.9
862	-0.808762	443.721449	44.800496	0.004570	8.9
863	-0.848914	443.469986	44.824751	0.003900	8.0
864	-0.861019	443.218523	44.849032	0.003834	5.9
865	-0.807569	444.218523	44.752628	0.005476	6.1
866	-0.802889	444.017434	44.771981	0.005382	7.9
867	-0.829231	445.017434	44.675907	0.003322	6.7
868	-0.842623	444.852528	44.691722	0.006192	10.3
869	-0.843181	445.852528	44.595992	0.007390	10.7
870	-0.822240	445.601065	44.620026	0.006332	8.1
871	-0.790080	446.545850	44.529861	0.003536	6.6
872	-0.815553	446.297559	44.553521	0.006616	12.0
873	-0.824571	446.046162	44.577503	0.004045	18.0
874	-0.807153	446.034009	44.578663	0.003261	2.7
875	-0.802053	447.034009	44.483416	0.006524	11.3
876	-0.838189	448.034009	44.388576	0.005099	11.9
877	-0.825058	449.034009	44.294139	0.004237	6.1
878	-0.809638	450.033999	44.200104	0.004694	9.8
879	-0.819130	451.033999	44.106466	0.007465	6.4
880	-0.803550	450.782536	44.129975	0.004401	12.6
881	-0.795781	450.531074	44.153509	0.008329	11.2
882	-0.826270	451.531074	44.060069	0.004945	11.5
883	-0.801251	452.531074	43.967023	0.006663	9.8
884	-0.817830	453.531074	43.874369	0.009488	12.4
885	-0.804376	453.279611	43.897632	0.004708	12.4
886	-0.845435	454.279611	43.805270	0.004612	6.7
887	-0.817972	455.279602	43.713297	0.004469	6.2
888	-0.807083	455.028142	43.736388	0.002805	11.5
889	-0.800430	454.776680	43.759504	0.009170	6.1
890	-0.806596	454.525217	43.782645	0.005809	6.0
891	-0.814567	454.273754	43.805810	0.003485	6.1
892	-0.801272	454.022292	43.828999	0.007342	6.3
893	-0.852300	455.022291	43.736926	0.006148	6.4
894	-0.815859	454.770828	43.760042	0.005143	12.4
895	-0.829688	455.770828	43.668258	0.004443	6.1
896	-0.800302	455.519365	43.691302	0.005291	8.4
897	-0.818721	455.267903	43.714371	0.006435	7.1
898	-0.799008	456.267903	43.622778	0.004964	5.9
899	-0.804636	457.267903	43.531568	0.005560	6.9
900	-0.807717	457.016440	43.554468	0.004183	7.1
901	-0.810051	456.764977	43.577392	0.004391	6.5
902	-0.809149	457.764927	43.486376	0.004925	6.1
903	-0.828028	457.513464	43.509228	0.007121	8.0
904	-0.838975	458.513464	43.418492	0.002102	6.1
905	-0.832781	459.513464	43.328134	0.005100	9.8
906	-0.807075	460.511137	43.238359	0.005565	6.4
907	-0.794873	461.505052	43.149292	0.004862	11.4
908	-0.798348	462.505052	43.060050	0.002882	9.5
909	-0.816180	462.259279	43.081949	0.005884	11.3
910	-0.806205	462.007816	43.104378	0.004480	8.3
911	-0.816759	463.007816	43.015321	0.003244	8.0
912	-0.833234	462.756364	43.037680	0.003972	11.3
913	-0.809969	463.756363	42.948898	0.006693	6.6
914	-0.836814	464.756363	42.860481	0.008715	9.7
915	-0.821835	464.504900	42.882681	0.005458	6.2
916	-0.795684	465.504900	42.794536	0.003122	5.4
917	-0.832793	466.376058	42.718043	0.002609	12.2
918	-0.835203	466.124977	42.740062	0.003376	15.1
919	-0.818817	465.873567	42.762132	0.002861	12.2
920	-0.821275	466.569851	42.701064	0.003277	7.2
921	-0.818868	467.569244	42.613717	0.003555	11.7
922	-0.795551	468.569244	42.526674	0.004390	10.9
923	-0.812688	468.317781	42.548529	0.006853	11.3
924	-0.803274	469.317781	42.461751	0.009733	11.2
925	-0.849188	469.066318	42.483539	0.002253	11.2
926	-0.825264	470.066318	42.397026	0.002731	6.3
927	-0.827535	469.815915	42.418656	0.004677	10.6
928	-0.791414	469.687329	42.429772	0.003517	6.0
929	-0.824146	469.449574	42.450341	0.008325	6.7
930	-0.793728	469.198232	42.472107	0.002338	11.2
931	-0.832778	470.133282	42.391246	0.006174	7.9
932	-0.812341	469.881820	42.412961	0.004304	11.9
933	-0.822396	469.630357	42.434699	0.006028	10.8
934	-0.807671	470.630357	42.348385	0.005667	8.9
935	-0.847526	470.378894	42.370057	0.003922	8.0
936	-0.818705	471.378894	42.284005	0.003301	4.5
937	-0.818183	472.378767	42.198313	0.004224	8.0
938	-0.822485	473.378765	42.112957	0.010183	6.6
939	-0.813901	474.378765	42.027945	0.004127	9.4
940	-0.806975	475.378765	41.943276	0.005256	12.7
941	-0.816634	475.830599	41.905131	0.004507	11.0
942	-0.842111	475.579137	41.926352	0.004716	11.1
943	-0.824231	476.579137	41.842091	0.003655	8.5
944	-0.817576	476.327674	41.863248	0.005061	6.1
945	-0.794619	477.327674	41.779240	0.004183	6.2
946	-0.790980	477.076211	41.800333	0.007014	6.8
947	-0.818711	476.825206	41.821409	0.004922	8.7
948	-0.817684	477.825206	41.737569	0.004627	7.9
949	-0.827375	477.573743	41.758620	0.004950	6.1
950	-0.787257	478.573743	41.675032	0.003183	6.4
951	-0.815447	478.322281	41.696020	0.005284	11.5
952	-0.835470	479.322280	41.612681	0.008599	11.7
953	-0.803959	479.070818	41.633606	0.010072	7.0
954	-0.809170	480.070818	41.550517	0.005011	8.9
955	-0.835617	479.819355	41.571380	0.004653	8.0
956	-0.860274	480.819355	41.488538	0.006568	6.1
957	-0.791611	481.819355	41.406027	0.006035	5.9
958	-0.830303	481.567892	41.426744	0.004500	6.2
959	-0.815763	482.567892	41.344478	0.004501	5.9
960	-0.842464	482.826180	41.323283	0.004627	7.6
961	-0.838012	483.826180	41.241426	0.003712	6.1
962	-0.827187	483.649161	41.255893	0.002128	6.0
963	-0.811309	484.649158	41.174303	0.003686	13.7
964	-0.818842	484.575041	41.180339	0.006821	4.6
965	-0.818546	485.575041	41.099047	0.005682	7.7
966	-0.818208	485.359441	41.116547	0.002948	6.2
967	-0.787473	486.358725	41.035564	0.003308	6.1
968	-0.807389	486.219138	41.046857	0.005254	5.9
969	-0.788513	487.219127	40.966092	0.003235	6.4
970	-0.801588	486.967666	40.986372	0.004251	7.0
971	-0.804968	487.967665	40.905843	0.006324	6.0
972	-0.831046	487.716202	40.926064	0.003351	6.3
973	-0.801146	487.464739	40.946304	0.010463	6.4
974	-0.815350	488.464739	40.865932	0.004678	6.1
975	-0.803842	489.464739	40.785876	0.006238	6.9
976	-0.827560	489.271793	40.801298	0.004200	6.0
977	-0.821995	489.020364	40.821412	0.009475	9.8
978	-0.815642	490.020364	40.741530	0.003930	11.0
979	-0.801428	489.768901	40.761588	0.003857	7.4
980	-0.810898	490.768901	40.681940	0.006283	5.9
981	-0.804508	491.768901	40.602602	0.004467	5.9
982	-0.841527	492.010259	40.583499	0.002582	5.7
983	-0.824164	491.758796	40.603402	0.006158	10.8
984	-0.796220	491.507334	40.623324	0.005209	6.1
985	-0.802814	492.507334	40.544215	0.005773	7.3
986	-0.818176	492.255871	40.564079	0.006472	8.0
987	-0.804165	493.255871	40.485200	0.004639	6.1
988	-0.797442	493.004408	40.505006	0.003180	8.3
989	-0.818466	494.004406	40.426356	0.003938	6.6
990	-0.826585	494.976541	40.350190	0.004491	6.9
991	-0.815007	495.969028	40.272725	0.005333	11.3
992	-0.808443	495.717565	40.292324	0.004330	7.8
993	-0.813850	496.717565	40.214497	0.003741	8.0
994	-0.835163	497.717565	40.136970	0.002957	6.0
995	-0.811753	498.638295	40.065853	0.007216	5.9
996	-0.811280	499.638295	39.988898	0.004439	6.4
997	-0.847639	499.386832	40.008221	0.005537	15.4
998	-0.826536	500.386774	39.931492	0.003707	2.3
999	-0.800677	501.386774	39.855051	0.006815	10.7
1000	-0.825112	501.135349	39.874243	0.005906	2.1
1001	-0.815750	502.135349	39.798021	0.007123	7.7
1002	-0.799420	501.883886	39.817160	0.007601	6.1
1003	-0.797875	501.632423	39.836318	0.006248	10.9
1004	-0.828624	502.632423	39.760241	0.009733	10.7
1005	-0.795331	503.632423	39.684455	0.006365	10.8
1006	-0.819208	504.632423	39.608956	0.003985	2.0
1007	-0.818337	505.632423	39.533744	0.004958	10.5
1008	-0.807383	505.380960	39.552630	0.003155	7.4
1009	-0.817980	505.817750	39.519837	0.007581	5.8
1010	-0.817088	505.566287	39.538710	0.004557	5.9
1011	-0.819870	506.566287	39.463764	0.003628	6.0
1012	-0.812429	507.481076	39.395453	0.006180	6.4
1013	-0.834051	507.229613	39.414207	0.007011	6.4
1014	-0.808822	508.229613	39.339733	0.004705	6.0
1015	-0.823797	509.229613	39.265539	0.002790	15.2
1016	-0.810884	510.228629	39.191697	0.004387	3.4
1017	-0.811833	509.977193	39.210256	0.004045	8.5
1018	-0.813569	510.977193	39.136549	0.006315	7.0
1019	-0.810085	511.977193	39.063119	0.007933	8.9
1020	-0.827410	512.977192	38.989964	0.003852	8.0
1021	-0.809007	513.977192	38.917083	0.004676	5.8
1022	-0.820020	514.977192	38.844473	0.005547	5.9
1023	-0.788005	515.977192	38.772134	0.008091	10.6
1024	-0.800033	516.977192	38.700064	0.007744	6.4
1025	-0.816439	516.725732	38.718161	0.003564	6.3
1026	-0.819516	516.490358	38.735116	0.005814	10.8
1027	-0.827154	517.490358	38.663184	0.005895	6.4
1028	-0.803019	518.490358	38.591517	0.003786	11.2
1029	-0.804395	519.490358	38.520117	0.002652	7.6
1030	-0.831296	520.486716	38.449238	0.003983	11.6
1031	-0.828526	520.235253	38.467102	0.003521	4.3
1032	-0.837044	519.984326	38.484944	0.005719	3.6
1033	-0.815345	520.984326	38.413937	0.005423	3.8
1034	-0.831245	521.984326	38.343191	0.003574	4.4
1035	-0.819728	522.984326	38.272705	0.006440	4.3
1036	-0.815924	522.732863	38.290405	0.004553	3.6
1037	-0.813357	523.732863	38.220113	0.005194	3.7
1038	-0.853276	524.732863	38.150079	0.002742	3.7
1039	-0.816336	525.728058	38.080635	0.004034	8.3
1040	-0.809962	526.095549	38.055056	0.005662	6.5
1041	-0.801671	525.844087	38.072555	0.005216	12.0
1042	-0.818672	525.592624	38.090071	0.003879	9.8
1043	-0.838437	526.592624	38.020511	0.004111	11.1
1044	-0.836620	526.341161	38.037979	0.005471	14.9
1045	-0.819287	526.094376	38.055137	0.003093	11.0
1046	-0.841322	525.842913	38.072637	0.002853	5.5
1047	-0.834455	525.591450	38.090152	0.006567	5.8
1048	-0.798231	525.339996	38.107683	0.006283	6.3
1049	-0.814944	526.339996	38.038060	0.006922	11.5
1050	-0.799702	526.088533	38.055544	0.003981	12.6
1051	-0.824911	527.088533	37.986111	0.004934	15.0
1052	-0.815457	526.837070	38.003547	0.004661	8.8
1053	-0.844471	526.585608	38.020999	0.005618	11.8
1054	-0.836720	527.581200	37.951996	0.004266	6.7
1055	-0.804741	528.581200	37.882940	0.006840	13.3
1056	-0.794060	528.329737	37.900281	0.004233	7.6
1057	-0.827241	529.329737	37.831413	0.007754	11.7
1058	-0.802938	529.078274	37.848707	0.004996	8.2
1059	-0.811259	530.078274	37.780026	0.006604	11.9
1060	-0.849697	531.078274	37.711594	0.005867	6.2
1061	-0.817244	530.826812	37.728779	0.004907	11.2
1062	-0.821648	530.575349	37.745979	0.004815	6.5
1063	-0.804637	531.575349	37.677670	0.004500	11.8
1064	-0.829611	531.323886	37.694824	0.008783	8.7
1065	-0.814368	531.072423	37.711993	0.003580	8.0
1066	-0.813101	532.072423	37.643807	0.002243	12.5
1067	-0.833179	531.820962	37.660930	0.005941	10.7
1068	-0.815212	532.820962	37.592928	0.008165	8.8
1069	-0.809305	533.816234	37.525491	0.004672	6.5
1070	-0.815344	534.816234	37.457977	0.005543	14.8
1071	-0.788348	534.564771	37.474931	0.002519	3.8
1072	-0.793862	535.564768	37.407599	0.002832	14.4
1073	-0.825860	536.564654	37.340515	0.005058	5.9
1074	-0.829802	537.352840	37.287805	0.005261	7.2
1075	-0.845167	537.113434	37.303799	0.002523	5.9
1076	-0.825272	537.261370	37.293914	0.004031	5.8
1077	-0.821391	538.261221	37.227240	0.005493	11.0
1078	-0.832598	539.248674	37.161626	0.005389	8.9
1079	-0.855408	540.248674	37.095413	0.005462	6.3
1080	-0.806163	539.997212	37.112041	0.003867	9.6
1081	-0.796597	540.091894	37.105779	0.008212	10.7
1082	-0.810608	541.091894	37.039765	0.003500	6.0
1083	-0.824861	542.091894	36.973986	0.005633	6.0
1084	-0.807981	543.091894	36.908440	0.005364	10.9
1085	-0.821664	544.091894	36.843126	0.006254	6.6
1086	-0.838628	545.091894	36.778042	0.009192	6.8
1087	-0.837601	546.091894	36.713188	0.005629	10.9
1088	-0.844297	547.091894	36.648563	0.003360	8.9
1089	-0.807824	548.088541	36.584380	0.008229	13.2
1090	-0.828239	547.837078	36.600553	0.005466	5.8
1091	-0.789466	547.585875	36.616723	0.003591	8.7
1092	-0.812269	548.585875	36.552437	0.007789	6.1
1093	-0.820317	548.334412	36.568581	0.005655	6.1
1094	-0.819979	548.082949	36.584740	0.004581	5.4
1095	-0.818916	549.082949	36.520565	0.003955	6.1
1096	-0.807180	550.082919	36.456618	0.004771	9.8
1097	-0.822273	549.831457	36.472677	0.004776	8.9
1098	-0.840959	549.584030	36.488493	0.004623	6.0
1099	-0.795712	550.568914	36.425619	0.003738	9.9
1100	-0.824686	550.317451	36.441652	0.007979	5.8
1101	-0.819151	551.317451	36.377978	0.004008	9.8
1102	-0.815667	552.317451	36.314526	0.002405	7.4
1103	-0.814145	552.151974	36.325011	0.005298	6.1
1104	-0.841298	551.900513	36.340955	0.004162	9.8
1105	-0.814088	551.649089	36.356910	0.003188	5.6
1106	-0.843672	551.397626	36.372882	0.003791	6.3
1107	-0.807337	551.146164	36.388869	0.006021	5.7
1108	-0.812636	552.146164	36.325379	0.005052	10.1
1109	-0.817712	553.146164	36.262110	0.005053	12.3
1110	-0.819284	552.894701	36.277999	0.006816	6.4
1111	-0.802821	553.894701	36.214896	0.007766	6.1
1112	-0.822270	553.643238	36.230743	0.003420	5.9
1113	-0.799319	553.391776	36.246605	0.006993	7.9
1114	-0.808432	554.369997	36.184980	0.003967	7.1
1115	-0.795931	554.118535	36.200801	0.005582	11.8
1116	-0.797703	553.867072	36.216636	0.006341	5.7
1117	-0.810927	553.615609	36.232485	0.003291	6.9
1118	-0.835599	553.364147	36.248348	0.005255	6.1
1119	-0.825625	553.112687	36.264225	0.003392	5.9
1120	-0.810967	553.161995	36.261111	0.005990	5.9
1121	-0.802086	552.910536	36.276998	0.004171	9.9
1122	-0.833239	552.659073	36.292900	0.007500	7.8
1123	-0.822049	552.407610	36.308816	0.003493	7.0
1124	-0.822766	552.156147	36.324746	0.003984	6.6
1125	-0.825694	551.904690	36.340690	0.003055	6.3
1126	-0.786123	552.904690	36.277368	0.005605	6.3
1127	-0.842872	553.904690	36.214266	0.005448	6.2
1128	-0.829559	554.904690	36.151384	0.002843	5.7
1129	-0.821743	554.909377	36.151090	0.004861	9.9
1130	-0.792076	554.657914	36.166882	0.004278	6.9
1131	-0.830628	555.657914	36.104163	0.008804	9.1
1132	-0.848021	555.406452	36.119914	0.008223	10.9
1133	-0.837396	555.154989	36.135679	0.004262	6.2
1134	-0.817718	554.903577	36.151454	0.004307	6.0
1135	-0.848043	554.655474	36.167035	0.005004	6.0
1136	-0.812061	555.655474	36.104316	0.005266	12.9
1137	-0.826657	556.098189	36.076619	0.009771	6.0
1138	-0.812162	557.098189	36.014213	0.004806	6.2
1139	-0.829705	558.098189	35.952023	0.004246	5.8
1140	-0.830350	557.846872	35.967633	0.003200	6.2
1141	-0.822569	558.844082	35.905776	0.006752	6.1
1142	-0.829857	558.592619	35.921354	0.002989	6.0
1143	-0.826094	559.592619	35.859484	0.004032	5.9
1144	-0.804374	560.592167	35.797854	0.001782	5.8
1145	-0.798809	561.591435	35.736453	0.003381	5.4
1146	-0.817848	561.405771	35.747846	0.002942	4.3
1147	-0.813215	561.154388	35.763282	0.005249	4.4
1148	-0.841176	560.902991	35.778733	0.005288	4.3
1149	-0.823775	561.902991	35.717352	0.004186	4.4
1150	-0.785079	562.902991	35.656182	0.002957	4.3
1151	-0.811123	562.658160	35.671139	0.004468	4.4
1152	-0.808697	563.550260	35.616701	0.005929	5.5
1153	-0.814452	563.298797	35.632029	0.004531	11.7
1154	-0.813761	564.298797	35.571150	0.006786	5.0
1155	-0.831658	564.047334	35.586440	0.007922	5.9
1156	-0.840545	565.047334	35.525717	0.008372	5.8
1157	-0.803638	564.795872	35.540967	0.003030	11.0
1158	-0.844682	564.544409	35.556230	0.005220	5.8
1159	-0.814624	564.295944	35.571324	0.007477	4.9
1160	-0.828876	564.044496	35.586612	0.006052	6.0
1161	-0.791116	565.044496	35.525889	0.006659	6.1
1162	-0.810248	564.793033	35.541139	0.004108	5.9
1163	-0.809082	564.541611	35.556400	0.007825	6.3
1164	-0.822910	564.290148	35.571676	0.004136	6.0
1165	-0.834334	565.234459	35.514377	0.002817	11.2
1166	-0.825060	566.234458	35.453900	0.003732	6.3
1167	-0.830323	566.849384	35.416813	0.004839	10.8
1168	-0.851332	566.597922	35.431969	0.004138	11.4
1169	-0.821133	567.597922	35.371772	0.003363	5.7
1170	-0.825217	568.597332	35.311814	0.006673	5.9
1171	-0.786109	568.345869	35.326881	0.003789	6.0
1172	-0.808536	568.094406	35.341961	0.004466	11.1
1173	-0.815900	568.906905	35.293283	0.006619	9.7
1174	-0.841354	569.906902	35.233556	0.008294	7.8
1175	-0.783617	570.906902	35.174031	0.005092	7.9
1176	-0.797992	571.906902	35.114706	0.004732	5.9
1177	-0.818988	571.655439	35.129605	0.003715	5.8
1178	-0.798246	571.403976	35.144517	0.004072	5.8
1179	-0.835721	571.152532	35.159440	0.003998	5.6
1180	-0.834447	571.336929	35.148495	0.004063	7.3
1181	-0.831002	572.213096	35.096581	0.004777	9.1
1182	-0.799504	573.213095	35.037517	0.004577	5.8
1183	-0.796265	572.961633	35.052351	0.005030	6.4
1184	-0.809792	572.710170	35.067197	0.007373	5.9
1185	-0.832734	572.458707	35.082056	0.009533	9.6
1186	-0.828315	573.458707	35.023041	0.003578	5.8
1187	-0.820235	573.207245	35.037862	0.004554	5.5
1188	-0.830768	572.955783	35.052696	0.007851	6.1
1189	-0.825650	572.704320	35.067543	0.004386	5.9
1190	-0.793488	572.452857	35.082402	0.004807	6.3
1191	-0.822176	572.201395	35.097274	0.007398	6.0
1192	-0.797774	573.149091	35.041292	0.005468	6.1
1193	-0.801953	572.897629	35.056129	0.004903	11.3
1194	-0.782296	573.760391	35.005276	0.010249	11.1
1195	-0.820652	574.760391	34.946519	0.003741	11.2
1196	-0.809920	575.760391	34.887958	0.005292	3.3
1197	-0.796136	575.953967	34.876645	0.006515	5.9
1198	-0.823602	576.953967	34.818318	0.004482	6.2
1199	-0.843770	577.953967	34.760187	0.004526	6.1
1200	-0.802735	577.702504	34.774786	0.004281	11.0
1201	-0.820917	578.702504	34.716800	0.004056	7.6
1202	-0.810407	578.451041	34.731363	0.006999	8.8
1203	-0.839360	578.199578	34.745938	0.007380	6.9
1204	-0.807274	579.199578	34.688048	0.004034	11.1
1205	-0.823801	578.948116	34.702587	0.007271	8.0
1206	-0.823644	578.696653	34.717138	0.005036	8.0
1207	-0.824237	578.445190	34.731702	0.003247	7.9
1208	-0.805097	579.445190	34.673859	0.003517	6.1
1209	-0.797571	580.445012	34.616218	0.006194	6.0
1210	-0.814915	581.299614	34.567101	0.004552	8.0
1211	-0.816664	581.048152	34.581539	0.007568	5.9
1212	-0.838231	582.048152	34.524194	0.005632	6.0
1213	-0.817459	583.048152	34.467040	0.003559	5.9
1214	-0.806160	582.796689	34.481394	0.008461	5.7
1215	-0.805166	583.796689	34.424381	0.002866	6.0
1216	-0.818338	584.716792	34.372089	0.006968	11.2
1217	-0.820811	584.465329	34.386365	0.003183	2.0
1218	-0.817998	585.429196	34.331710	0.005602	10.9
1219	-0.815042	585.179867	34.345832	0.005214	7.1
1220	-0.825523	586.177141	34.289419	0.001898	7.7
1221	-0.797645	586.972134	34.244582	0.004492	7.8
1222	-0.828241	586.720815	34.258744	0.006317	6.7
1223	-0.814417	587.720815	34.202464	0.006319	6.0
1224	-0.817634	588.720815	34.146368	0.004373	7.5
1225	-0.818038	589.720815	34.090457	0.003449	5.9
1226	-0.822611	589.469352	34.104499	0.004037	5.8
1227	-0.847836	590.469352	34.048725	0.006405	6.0
1228	-0.818527	590.217890	34.062733	0.007085	11.5
1229	-0.850492	591.217890	34.007094	0.005573	3.2
1230	-0.817745	592.217890	33.951638	0.009080	5.8
1231	-0.842784	591.966427	33.965566	0.005121	6.1
1232	-0.783883	592.966427	33.910244	0.003126	6.1
1233	-0.812951	592.784204	33.920312	0.004463	11.3
1234	-0.797265	592.532742	33.934214	0.005859	6.5
1235	-0.809341	593.532742	33.878995	0.003304	7.8
1236	-0.830318	593.430912	33.884610	0.003436	8.4
1237	-0.820223	593.179449	33.898483	0.005148	6.0
1238	-0.805609	594.179449	33.843380	0.009282	9.8
1239	-0.801734	593.927986	33.857219	0.004332	5.9
1240	-0.818094	594.927986	33.802250	0.003214	6.0
1241	-0.814892	595.923565	33.747700	0.006228	8.0
1242	-0.834216	595.982990	33.744450	0.004435	8.0
1243	-0.796662	595.731528	33.758209	0.004857	7.9
1244	-0.798362	595.723537	33.758646	0.008577	8.0
1245	-0.800276	595.472074	33.772416	0.008150	7.9
1246	-0.827839	596.472074	33.717722	0.003825	10.3
1247	-0.832954	597.472074	33.663204	0.003927	11.6
1248	-0.835104	597.254370	33.675058	0.007235	11.3
1249	-0.823034	597.930035	33.638296	0.005601	6.7
1250	-0.823761	598.930035	33.584034	0.007158	9.8
1251	-0.842443	599.930035	33.529948	0.005558	5.8
1252	-0.834082	600.762165	33.485073	0.005130	5.8
1253	-0.818818	600.510703	33.498621	0.002409	6.3
1254	-0.816952	601.494384	33.445686	0.004861	10.9
1255	-0.810559	601.410428	33.450197	0.002941	10.6
1256	-0.804167	602.410423	33.396541	0.005991	9.2
1257	-0.827110	603.295906	33.349172	0.004120	15.9
1258	-0.816579	604.264902	33.297490	0.004357	4.0
1259	-0.832938	604.013699	33.310872	0.002673	6.0
1260	-0.843402	604.479564	33.286062	0.004680	9.8
1261	-0.806373	605.462618	33.233829	0.004699	11.7
1262	-0.843152	606.462603	33.180864	0.004094	6.4
1263	-0.837682	606.211140	33.194167	0.003095	9.5
1264	-0.813071	605.975343	33.206651	0.006865	6.1
1265	-0.851783	605.723880	33.219975	0.006807	9.7
1266	-0.847678	606.723880	33.167054	0.004287	7.8
1267	-0.819092	606.472520	33.180340	0.004155	8.0
1268	-0.827807	607.460144	33.128197	0.003828	11.7
1269	-0.819722	607.208681	33.141458	0.003870	8.2
1270	-0.824340	606.957219	33.154729	0.003483	7.7
1271	-0.802108	607.957219	33.102015	0.003838	11.8
1272	-0.853472	608.957209	33.049470	0.006094	6.6
1273	-0.830030	609.957138	32.997093	0.006516	11.2
1274	-0.797856	610.957134	32.944879	0.004221	13.2
1275	-0.813804	611.957134	32.892830	0.005803	4.4
1276	-0.816228	611.705671	32.905903	0.006076	10.9
1277	-0.808499	612.591336	32.859906	0.006170	8.3
1278	-0.824720	613.591336	32.808125	0.003767	11.4
1279	-0.809046	614.591336	32.756506	0.006442	7.4
1280	-0.829709	614.339918	32.769469	0.004014	13.2
1281	-0.830807	615.339871	32.717974	0.005286	15.0
1282	-0.809019	615.088408	32.730909	0.005110	4.8
1283	-0.830605	614.836945	32.743853	0.005063	7.7
1284	-0.835615	615.836881	32.692440	0.005276	11.3
1285	-0.815778	615.632747	32.702923	0.004335	5.0
1286	-0.792414	616.632532	32.651646	0.003312	11.4
1287	-0.821643	616.381069	32.664528	0.004335	6.2
1288	-0.821464	617.381068	32.613360	0.008346	13.6
1289	-0.813123	617.129606	32.626212	0.005579	10.6
1290	-0.839409	618.129606	32.575164	0.004313	11.0
1291	-0.824456	618.004985	32.581517	0.006783	11.0
1292	-0.803001	617.797144	32.592118	0.009722	7.6
1293	-0.829508	617.545681	32.604952	0.005905	6.0
1294	-0.825761	618.545681	32.553971	0.009768	6.2
1295	-0.836480	618.294219	32.566776	0.003542	4.7
1296	-0.816069	619.294219	32.515914	0.004586	5.9
1297	-0.834805	619.042756	32.528689	0.004995	11.2
1298	-0.823004	620.042755	32.477945	0.006260	6.8
1299	-0.826381	619.791292	32.490691	0.002370	16.5
1300	-0.811946	620.791292	32.440066	0.005319	1.6
1301	-0.844329	620.539829	32.452781	0.004611	5.9
1302	-0.845896	621.539829	32.402274	0.006097	6.1
1303	-0.834460	621.288366	32.414960	0.003917	5.9
1304	-0.815723	622.200715	32.368981	0.003022	6.2
1305	-0.824896	623.200661	32.318737	0.007108	10.9
1306	-0.840706	624.200661	32.268646	0.003607	5.9
1307	-0.796631	623.949835	32.281195	0.004149	6.3
1308	-0.830145	624.949835	32.231221	0.006304	5.8
1309	-0.801994	625.949835	32.181400	0.006562	5.9
1310	-0.809765	625.698372	32.193914	0.006021	5.9
1311	-0.795693	626.698372	32.144209	0.005631	9.6
1312	-0.837557	626.450042	32.156538	0.005026	6.2
1313	-0.827740	627.449961	32.106952	0.006891	11.1
1314	-0.830261	627.198499	32.119407	0.002131	10.9
1315	-0.815097	628.198499	32.069932	0.004506	6.4
1316	-0.839378	627.947036	32.082359	0.003706	6.1
1317	-0.816444	627.695576	32.094795	0.004324	6.0
1318	-0.793234	628.695491	32.045400	0.005380	5.9
1319	-0.823942	628.444028	32.057807	0.006628	5.9
1320	-0.817536	629.444028	32.008521	0.004629	6.2
1321	-0.810322	630.444028	31.959387	0.003851	6.1
1322	-0.823484	630.192566	31.971728	0.003341	11.1
1323	-0.817575	631.192565	31.922706	0.003853	8.5
1324	-0.839679	632.190291	31.873945	0.003697	13.7
1325	-0.805335	631.938829	31.886221	0.002279	16.9
1326	-0.830170	631.687368	31.898505	0.003492	6.3
1327	-0.844958	631.623519	31.901626	0.004437	5.8
1328	-0.834882	631.372058	31.913923	0.004418	6.1
1329	-0.816924	631.120595	31.926229	0.004579	5.8
1330	-0.815446	630.869133	31.938545	0.005937	6.1
1331	-0.815594	631.868680	31.889647	0.002460	6.5
1332	-0.807595	632.316175	31.867804	0.005403	5.9
1333	-0.795045	633.315894	31.819113	0.007432	6.0
1334	-0.833499	633.064432	31.831347	0.004726	8.0
1335	-0.798210	632.812972	31.843589	0.005484	5.5
1336	-0.814639	633.812972	31.794959	0.003519	6.4
1337	-0.826456	633.561510	31.807174	0.004421	5.9
1338	-0.820092	634.561510	31.758655	0.002880	10.1
1339	-0.815448	635.537010	31.711467	0.003896	16.4
1340	-0.804773	636.531267	31.663516	0.003782	3.9
1341	-0.831130	637.143192	31.634076	0.008295	7.1
1342	-0.811399	638.143192	31.586083	0.008693	9.8
1343	-0.815464	637.902559	31.597618	0.004020	6.0
1344	-0.804245	638.902559	31.549736	0.008156	5.2
1345	-0.811627	638.655676	31.561544	0.006144	5.8
1346	-0.832700	639.655676	31.513771	0.007446	6.9
1347	-0.837437	640.655676	31.466142	0.005596	7.9
1348	-0.862571	641.655676	31.418657	0.008401	7.9
1349	-0.829393	641.451246	31.428353	0.002571	11.0
1350	-0.817729	642.402991	31.383265	0.005252	1.7
1351	-0.816217	643.402936	31.336032	0.006198	11.5
1352	-0.842397	643.151474	31.347896	0.002747	11.2
1353	-0.844573	644.151474	31.300767	0.005416	23.4
1354	-0.844096	643.900011	31.312605	0.004604	8.8
1355	-0.788637	643.648548	31.324452	0.003131	15.9
1356	-0.791808	643.397213	31.336302	0.005165	11.8
1357	-0.854456	644.397213	31.289208	0.003605	7.3
1358	-0.823560	644.163923	31.300182	0.004758	8.8
1359	-0.808484	645.163923	31.253196	0.008083	7.7
1360	-0.816580	646.163923	31.206351	0.005361	6.5
1361	-0.829468	645.912460	31.218118	0.005113	12.6
1362	-0.829356	646.912460	31.171378	0.008430	9.1
1363	-0.814992	647.912460	31.124778	0.003339	10.4
1364	-0.820081	648.912460	31.078317	0.006040	10.9
1365	-0.807584	649.912460	31.031994	0.005952	10.3
1366	-0.802202	650.912460	30.985810	0.006074	7.8
1367	-0.842763	651.912460	30.939762	0.007560	8.0
1368	-0.813467	652.912459	30.893852	0.004853	5.9
1369	-0.813917	653.912459	30.848077	0.004585	10.8
1370	-0.841053	653.660997	30.859575	0.005981	12.0
1371	-0.797984	653.409534	30.871081	0.002979	10.4
1372	-0.816993	653.893635	30.848938	0.006171	13.9
1373	-0.800418	653.642172	30.860436	0.004874	2.4
1374	-0.826536	654.642172	30.814760	0.004305	6.1
1375	-0.815481	654.390709	30.826233	0.005697	7.4
1376	-0.813366	655.390709	30.780659	0.002958	6.7
1377	-0.819476	656.389148	30.735290	0.004870	9.0
1378	-0.819929	657.389148	30.689983	0.005217	7.9
1379	-0.814687	658.389148	30.644810	0.003746	6.4
1380	-0.812401	659.326455	30.602590	0.007376	6.1
1381	-0.821965	660.326455	30.557674	0.007561	11.0
1382	-0.812633	660.074992	30.568956	0.006054	7.3
1383	-0.794745	661.074992	30.524139	0.006023	11.3
1384	-0.808025	660.827373	30.535224	0.002746	6.6
1385	-0.821379	661.827373	30.490505	0.004832	5.9
1386	-0.809396	661.575911	30.501738	0.003731	8.5
1387	-0.810278	661.324448	30.512979	0.006305	8.4
1388	-0.803920	662.324448	30.468325	0.002783	11.7
1389	-0.805148	662.072985	30.479542	0.008132	8.5
1390	-0.811264	661.821522	30.490766	0.007487	16.8
1391	-0.827923	662.821522	30.446178	0.007155	19.6
1392	-0.808002	663.821522	30.401719	0.003519	17.0
1393	-0.800065	664.821522	30.357390	0.006176	19.7
1394	-0.804396	664.570060	30.368525	0.005818	12.6
1395	-0.833573	665.570060	30.324293	0.008363	11.0
1396	-0.820775	666.570060	30.280189	0.004014	8.4
1397	-0.793523	667.570041	30.236215	0.003133	11.4
1398	-0.812980	668.568795	30.192421	0.003084	12.8
1399	-0.820027	669.565437	30.148847	0.004411	11.8
1400	-0.800025	669.314176	30.159820	0.005730	11.4
1401	-0.817321	670.314176	30.116194	0.006304	12.0
1402	-0.818974	671.314176	30.072693	0.004789	6.6
1403	-0.825046	671.062714	30.083620	0.002433	9.2
1404	-0.810849	670.811251	30.094555	0.007365	12.2
1405	-0.801915	671.417300	30.068214	0.004321	5.7
1406	-0.795171	671.165837	30.079138	0.006325	16.1
1407	-0.816392	672.165837	30.035744	0.005717	7.0
1408	-0.822373	671.914390	30.046643	0.004050	6.4
1409	-0.840698	671.662927	30.057551	0.008259	6.3
1410	-0.813289	672.662927	30.014220	0.005665	9.6
1411	-0.842814	673.662927	29.971013	0.003569	7.8
1412	-0.835067	673.411465	29.981866	0.004658	7.9
1413	-0.820397	673.160002	29.992727	0.005518	5.9
1414	-0.840354	672.908542	30.003596	0.004935	9.9
1415	-0.811832	673.908542	29.960420	0.004375	11.1
1416	-0.811932	673.657079	29.971265	0.005840	8.6
1417	-0.853432	673.405618	29.982119	0.003562	12.5
1418	-0.813870	674.405618	29.939004	0.004301	5.8
1419	-0.791521	674.154155	29.949834	0.004011	11.2
1420	-0.809157	675.154155	29.906812	0.004258	14.1
1421	-0.820276	674.902693	29.917619	0.003393	10.0
1422	-0.804290	674.944418	29.915825	0.003034	6.0
1423	-0.813808	675.307737	29.900216	0.003102	7.5
1424	-0.835807	675.056281	29.911017	0.003005	6.8
1425	-0.800417	674.804819	29.921827	0.005299	6.3
1426	-0.838563	675.804735	29.878889	0.004376	5.8
1427	-0.820369	675.553273	29.889676	0.005649	6.3
1428	-0.815183	675.301810	29.900470	0.005534	6.0
1429	-0.828093	676.301810	29.857590	0.004650	11.2
1430	-0.804713	676.050347	29.868361	0.005119	7.5
1431	-0.819062	677.050347	29.825573	0.004406	6.1
1432	-0.816116	678.050347	29.782907	0.002907	6.7
1433	-0.798941	678.842122	29.749212	0.004226	11.7
1434	-0.817014	678.598046	29.759591	0.003001	8.1
1435	-0.828409	679.598040	29.717114	0.002388	7.7
1436	-0.793058	679.381468	29.726303	0.002712	12.6
1437	-0.819856	680.240110	29.689904	0.008337	7.8
1438	-0.827024	679.988647	29.700555	0.003658	7.9
1439	-0.839602	680.988647	29.658245	0.007265	7.9
1440	-0.816843	680.737184	29.668873	0.004411	11.4
1441	-0.834441	680.485722	29.679509	0.003515	10.4
1442	-0.823898	680.234259	29.690152	0.007294	3.1
1443	-0.810240	681.234259	29.647872	0.005893	8.9
1444	-0.803818	682.234259	29.605713	0.005162	11.7
1445	-0.794963	683.234259	29.563673	0.003145	11.2
1446	-0.834279	683.020105	29.572666	0.004055	12.6
1447	-0.807136	683.909185	29.535367	0.005079	16.1
1448	-0.825184	684.909185	29.493527	0.005789	13.2
1449	-0.793728	684.657722	29.504037	0.006523	10.7
1450	-0.797403	684.406259	29.514555	0.004533	7.0
1451	-0.809882	685.406259	29.472773	0.005297	3.5
1452	-0.818302	685.154797	29.483269	0.006403	11.5
1453	-0.826899	686.154797	29.441576	0.003095	3.2
1454	-0.806647	685.903334	29.452049	0.004748	6.3
1455	-0.815849	686.903334	29.410444	0.006318	8.5
1456	-0.805201	687.592566	29.381837	0.006374	6.1
1457	-0.834721	688.592566	29.340431	0.005807	9.4
1458	-0.799234	689.592566	29.299141	0.004235	11.2
1459	-0.804177	690.592566	29.257967	0.005956	11.5
1460	-0.822207	691.592566	29.216908	0.003503	9.5
1461	-0.819067	692.592566	29.175965	0.004744	10.3
1462	-0.803234	693.592564	29.135136	0.003190	10.8
1463	-0.800955	694.592564	29.094421	0.005675	10.9
1464	-0.802787	695.224217	29.068762	0.004496	10.8
1465	-0.815843	694.972754	29.078972	0.003350	11.0
1466	-0.825027	694.721291	29.089189	0.005090	11.0
1467	-0.833625	695.721252	29.048604	0.006445	11.3
1468	-0.822800	696.629443	29.011841	0.002340	11.2
1469	-0.821881	697.629434	28.971471	0.004921	10.5
1470	-0.819455	697.378017	28.981610	0.003671	18.9
1471	-0.809722	697.126555	28.991758	0.005647	11.3
1472	-0.831037	698.126555	28.951443	0.005782	13.0
1473	-0.776865	697.875092	28.961570	0.005465	6.8
1474	-0.816538	697.623629	28.971705	0.010310	10.8
1475	-0.791248	697.372166	28.981846	0.004714	18.1
1476	-0.852739	698.372166	28.941558	0.004371	9.4
1477	-0.822858	699.372166	28.901383	0.003917	14.6
1478	-0.837496	699.202899	28.908175	0.005559	12.4
1479	-0.832011	698.951437	28.918272	0.003759	15.4
1480	-0.784111	699.951437	28.878161	0.006414	12.7
1481	-0.864479	699.699975	28.888237	0.007167	10.5
1482	-0.798883	699.448512	28.898320	0.005272	12.7
1483	-0.775534	700.094451	28.872434	0.007499	7.5
1484	-0.828802	701.094451	28.832449	0.002538	14.4
1485	-0.823041	700.843342	28.842479	0.005855	7.5
1486	-0.839575	700.593336	28.852472	0.003576	12.1
1487	-0.809360	700.343039	28.862484	0.006005	11.9
1488	-0.849522	701.343039	28.822527	0.008703	13.2
1489	-0.802415	701.091577	28.832564	0.006841	4.5
1490	-0.820725	702.091577	28.792690	0.006847	12.5
1491	-0.822128	701.840114	28.802706	0.007110	6.7
1492	-0.806107	702.840114	28.762915	0.004341	17.8
1493	-0.809021	703.840114	28.723233	0.003291	1.7
1494	-0.825415	704.839550	28.683683	0.005713	14.8
1495	-0.821961	704.588087	28.693624	0.002468	12.5
1496	-0.826689	704.340950	28.703400	0.004346	20.0
1497	-0.826834	705.340950	28.663882	0.005465	8.3
1498	-0.827387	706.340943	28.624474	0.003650	7.2
1499	-0.809162	706.089481	28.634373	0.006166	8.3
1500	-0.836103	706.904889	28.602297	0.005464	7.9
1501	-0.820028	707.904835	28.563059	0.006200	7.6
1502	-0.810689	707.653373	28.572916	0.007364	6.5
1503	-0.815419	708.653373	28.533756	0.003888	9.6
1504	-0.798211	708.401910	28.543593	0.003204	15.2
1505	-0.836385	709.401910	28.504514	0.002654	12.5
1506	-0.806419	710.401909	28.465542	0.005631	13.8
1507	-0.814529	711.401909	28.426676	0.006074	5.8
1508	-0.822419	711.150447	28.436439	0.005836	11.0
1509	-0.847716	710.898984	28.446209	0.009417	2.6
1510	-0.836424	711.898984	28.407396	0.003881	8.3
1511	-0.809078	712.898984	28.368688	0.004773	12.0
1512	-0.834781	713.898984	28.330086	0.007028	6.4
1513	-0.831882	714.898984	28.291589	0.006096	12.9
1514	-0.813427	715.893051	28.253424	0.005867	8.1
1515	-0.797714	716.543892	28.228492	0.003346	6.0
1516	-0.820746	717.543889	28.190270	0.004803	9.9
1517	-0.837877	718.543889	28.152151	0.007987	6.3
1518	-0.808448	719.543889	28.114136	0.007193	6.2
1519	-0.817406	719.292427	28.123686	0.003371	6.6
1520	-0.802669	720.292427	28.085747	0.004978	6.5
1521	-0.808297	720.040964	28.095278	0.007198	11.4
1522	-0.836405	721.040964	28.057415	0.007485	7.6
1523	-0.804729	720.789501	28.066927	0.007142	7.0
1524	-0.835990	721.789501	28.029141	0.004577	10.0
1525	-0.809999	722.789501	27.991457	0.002348	5.8
1526	-0.796763	723.412086	27.968046	0.008249	6.0
1527	-0.824179	723.172889	27.977036	0.003239	7.2
1528	-0.809647	722.983077	27.984174	0.004337	8.0
1529	-0.831489	722.731615	27.993635	0.009035	7.8
1530	-0.831580	722.480153	28.003103	0.005543	5.8
1531	-0.814748	722.228690	28.012578	0.009457	6.3
1532	-0.820816	721.977227	28.022059	0.006848	11.0
1533	-0.823507	722.877564	27.988143	0.004166	8.5
1534	-0.812886	723.877564	27.950569	0.004773	10.7
1535	-0.811470	723.627777	27.959945	0.004866	11.0
1536	-0.817639	724.627777	27.922446	0.007680	11.6
1537	-0.849682	725.627777	27.885048	0.008223	7.6
1538	-0.805024	725.376315	27.894443	0.004983	6.7
1539	-0.814488	726.376315	27.857120	0.003264	5.9
1540	-0.845252	727.376214	27.819900	0.005203	5.9
1541	-0.841717	727.126530	27.829185	0.004488	10.7
1542	-0.824379	726.875068	27.838542	0.005098	5.0
1543	-0.845225	727.875068	27.801368	0.007219	9.4
1544	-0.826408	727.623605	27.810707	0.003344	7.9
1545	-0.818131	727.372142	27.820052	0.003331	7.9
1546	-0.833831	727.120679	27.829403	0.003009	6.0
1547	-0.808170	728.118491	27.792334	0.003969	13.9
1548	-0.820422	728.138229	27.791602	0.004056	4.0
1549	-0.803880	729.138229	27.754553	0.003104	5.7
1550	-0.805977	728.886981	27.763853	0.003725	11.9
1551	-0.823754	728.665593	27.772052	0.004451	6.5
1552	-0.841063	728.607837	27.774191	0.005247	7.3
1553	-0.818597	728.356374	27.783512	0.003812	8.8
1554	-0.818374	729.170353	27.753365	0.002709	11.1
1555	-0.811133	730.170353	27.716418	0.005806	7.5
1556	-0.806727	731.170353	27.679570	0.004197	6.1
1557	-0.815327	730.918899	27.688826	0.005411	10.0
1558	-0.817105	730.667437	27.698089	0.003434	2.4
1559	-0.835671	731.667437	27.661289	0.006604	12.2
1560	-0.802801	732.667437	27.624587	0.008935	7.5
1561	-0.814840	733.667437	27.587982	0.004535	11.2
1562	-0.816491	734.667437	27.551474	0.004007	8.4
1563	-0.805959	734.415974	27.560645	0.004408	7.1
1564	-0.804823	735.415960	27.524210	0.003449	6.4
1565	-0.819067	736.415960	27.487870	0.005356	11.7
1566	-0.828173	736.182463	27.496347	0.004891	10.7
1567	-0.816029	735.931000	27.505481	0.003919	7.2
1568	-0.812457	735.679821	27.514612	0.006785	5.9
1569	-0.826510	735.428359	27.523759	0.008539	10.0
1570	-0.789534	735.176896	27.532912	0.003527	11.9
1571	-0.829952	734.925433	27.542071	0.005555	6.0
1572	-0.826143	734.673970	27.551236	0.003357	9.8
1573	-0.812453	734.422554	27.560405	0.010455	5.9
1574	-0.811252	734.171091	27.569582	0.003734	7.3
1575	-0.809002	733.919628	27.578766	0.006151	6.3
1576	-0.817723	734.919628	27.542282	0.003887	7.1
1577	-0.790102	735.919628	27.505895	0.003070	4.8
1578	-0.829396	736.902269	27.470233	0.003570	6.3
1579	-0.824004	736.650806	27.479350	0.003550	6.0
1580	-0.792821	736.399344	27.488473	0.005617	6.7
1581	-0.816389	736.148081	27.497595	0.005630	6.1
1582	-0.807953	737.148081	27.461326	0.004033	9.3
1583	-0.802285	736.896618	27.470437	0.005930	10.1
1584	-0.818550	736.645156	27.479555	0.005080	8.5
1585	-0.816921	736.393693	27.488678	0.004605	11.6
1586	-0.812563	737.393693	27.452432	0.004433	8.3
1587	-0.830662	737.142230	27.461538	0.004463	6.0
1588	-0.818255	736.890768	27.470649	0.005775	6.0
1589	-0.817077	736.639305	27.479767	0.006378	6.4
1590	-0.829702	737.639248	27.443547	0.004911	11.3
1591	-0.793005	737.387802	27.452646	0.006658	11.2
1592	-0.821727	738.387802	27.416495	0.005917	4.1
1593	-0.808529	738.136340	27.425576	0.003263	9.3
1594	-0.797302	737.884877	27.434664	0.004312	7.8
1595	-0.812308	737.633414	27.443758	0.004009	11.2
1596	-0.815041	738.521889	27.411654	0.007901	5.9
1597	-0.817019	739.521889	27.375611	0.003907	5.8
1598	-0.826868	740.521889	27.339663	0.003829	6.2
1599	-0.794022	740.270428	27.348693	0.006202	10.7
1600	-0.821155	741.100662	27.318900	0.007016	11.3
1601	-0.819139	740.849200	27.327917	0.005110	7.4
1602	-0.815326	741.849200	27.292093	0.004628	6.2
1603	-0.816045	742.849200	27.256364	0.006940	6.1
1604	-0.814732	743.849200	27.220727	0.005945	6.9
1605	-0.839175	744.849200	27.185184	0.006645	6.6
1606	-0.840292	744.597737	27.194113	0.006452	6.6
1607	-0.820349	744.346274	27.203048	0.003301	5.8
1608	-0.822797	744.094813	27.211989	0.002365	7.6
1609	-0.835052	745.091469	27.176587	0.004127	2.1
1610	-0.807814	744.900614	27.183359	0.005339	1.9
1611	-0.832229	745.900614	27.147914	0.004452	9.9
1612	-0.819616	746.900612	27.112560	0.003528	9.2
1613	-0.825529	747.898787	27.077363	0.006239	3.1
1614	-0.839685	747.814493	27.080332	0.005117	7.8
1615	-0.827883	747.563030	27.089192	0.005908	8.2
1616	-0.816245	748.563030	27.053991	0.009271	6.0
1617	-0.844825	749.563030	27.018882	0.004074	6.1
1618	-0.816109	749.340194	27.026698	0.007077	5.9
1619	-0.818769	749.116594	27.034545	0.003520	10.4
1620	-0.812769	748.900283	27.042140	0.006649	6.8
1621	-0.833931	748.648833	27.050975	0.003977	8.8
1622	-0.828485	749.648833	27.015874	0.004587	7.9
1623	-0.773481	750.574643	26.983457	0.003128	6.2
1624	-0.818353	750.599295	26.982595	0.003470	9.7
1625	-0.801288	750.347833	26.991392	0.005277	14.0
1626	-0.831093	750.096391	27.000193	0.002089	3.2
1627	-0.815487	751.096138	26.965232	0.008138	5.9
1628	-0.804430	751.058661	26.966541	0.004436	5.9
1629	-0.820467	752.058661	26.931658	0.005784	10.5
1630	-0.797407	751.807198	26.940421	0.006690	6.6
1631	-0.809448	751.555735	26.949190	0.005567	6.5
1632	-0.826387	751.304874	26.957944	0.009007	6.1
1633	-0.804700	751.053411	26.966724	0.004242	11.2
1634	-0.825382	752.053411	26.931841	0.006576	1.6
1635	-0.776410	753.053411	26.897048	0.005474	11.2
1636	-0.821492	752.801949	26.905789	0.002904	9.9
1637	-0.798431	753.800116	26.871126	0.006874	7.7
1638	-0.819514	754.800115	26.836489	0.003669	6.0
1639	-0.801368	754.548653	26.845191	0.007036	11.4
1640	-0.803133	754.297190	26.853898	0.004231	6.5
1641	-0.817152	754.045727	26.862611	0.006207	7.1
1642	-0.808330	755.045727	26.827996	0.003187	5.9
1643	-0.817482	754.794276	26.836691	0.009110	6.5
1644	-0.816186	755.794276	26.802143	0.007326	7.4
1645	-0.832077	756.794276	26.767684	0.008454	7.8
1646	-0.822372	757.794276	26.733314	0.007846	11.9
1647	-0.807692	757.557598	26.741440	0.005318	8.5
1648	-0.807044	757.306135	26.750080	0.007553	12.3
1649	-0.852413	757.054673	26.758726	0.004375	14.3
1650	-0.820916	758.054673	26.724378	0.003948	11.0
1651	-0.816618	757.803228	26.733006	0.004548	14.9
1652	-0.804955	758.803228	26.698725	0.007210	13.1
1653	-0.837061	758.552008	26.707329	0.005108	15.3
1654	-0.815104	759.552008	26.673113	0.004289	27.5
1655	-0.824561	760.552008	26.638984	0.005003	10.3
1656	-0.813867	760.300545	26.647558	0.003397	15.9
1657	-0.816730	760.063454	26.655647	0.004437	14.0
1658	-0.807941	761.063454	26.621563	0.006951	13.6
1659	-0.809757	760.811992	26.630126	0.002502	14.1
1660	-0.826553	761.773372	26.597419	0.005544	21.9
1661	-0.819660	761.521910	26.605966	0.004502	16.3
1662	-0.814958	762.521910	26.572009	0.010253	15.1
1663	-0.805778	763.521910	26.538139	0.007112	17.3
1664	-0.805378	764.521910	26.504355	0.004293	11.9
1665	-0.796171	764.270447	26.512842	0.005212	17.5
1666	-0.806457	764.018984	26.521335	0.005304	14.2
1667	-0.823504	763.767522	26.529833	0.003951	10.8
1668	-0.813348	764.767522	26.496070	0.007310	12.3
1669	-0.826267	764.516059	26.504552	0.008190	23.5
1670	-0.801305	765.516059	26.470854	0.003917	24.2
1671	-0.814626	765.264596	26.479320	0.006135	18.4
1672	-0.793921	766.264596	26.445685	0.005801	13.2
1673	-0.815587	766.013133	26.454135	0.006816	12.3
1674	-0.819993	767.013133	26.420564	0.007064	18.4
1675	-0.803993	768.013133	26.387079	0.006451	5.2
1676	-0.806901	768.195907	26.380968	0.004883	15.2
1677	-0.852665	769.195907	26.347582	0.006135	13.4
1678	-0.821751	770.195907	26.314281	0.003598	16.1
1679	-0.835593	769.944445	26.322647	0.005933	14.7
1680	-0.820538	769.692982	26.331019	0.002611	9.8
1681	-0.804831	770.692653	26.297770	0.001999	15.0
1682	-0.820107	770.447955	26.305901	0.005733	19.8
1683	-0.808541	770.196492	26.314262	0.006715	18.9
1684	-0.843709	769.945032	26.322628	0.005627	8.7
1685	-0.824828	770.945032	26.289390	0.006511	10.7
1686	-0.795732	771.945032	26.256236	0.006109	26.9
1687	-0.821104	771.693569	26.264565	0.008289	13.3
1688	-0.825391	772.693569	26.231473	0.007405	22.9
1689	-0.816828	773.693569	26.198465	0.006514	12.9
1690	-0.799961	774.693569	26.165540	0.002954	21.1
1691	-0.824094	775.609118	26.135467	0.008134	11.0
1692	-0.826880	775.357655	26.143720	0.007281	10.9
1693	-0.834668	775.106193	26.151978	0.006973	14.8
1694	-0.818864	774.854730	26.160241	0.004072	14.9
1695	-0.796565	774.603267	26.168509	0.003185	14.7
1696	-0.802038	775.597655	26.135843	0.005953	31.3
1697	-0.830936	776.597655	26.103075	0.006234	11.8
1698	-0.811513	777.597655	26.070389	0.008419	15.8
1699	-0.831228	777.346192	26.078601	0.003802	17.8
1700	-0.804327	777.094729	26.086818	0.003198	17.2
1701	-0.790911	777.524515	26.072777	0.005583	30.3
1702	-0.825443	777.273053	26.080990	0.006176	11.1
1703	-0.824601	777.021591	26.089208	0.004179	15.3
1704	-0.818604	778.021591	26.056557	0.003794	14.4
1705	-0.819930	779.000543	26.024672	0.006094	21.0
1706	-0.853395	779.999360	25.992220	0.003632	14.0
1707	-0.825677	779.747969	26.000380	0.005739	11.8
1708	-0.793849	780.747968	25.967951	0.007319	17.0
1709	-0.811688	780.496506	25.976098	0.002712	7.7
1710	-0.806584	780.254784	25.983934	0.005168	11.2
1711	-0.822412	781.254592	25.951552	0.001910	11.7
1712	-0.822511	781.950108	25.929073	0.006795	13.0
1713	-0.831233	781.698646	25.937195	0.003406	19.6
1714	-0.822945	781.544554	25.942175	0.006510	19.3
1715	-0.811812	781.293091	25.950306	0.009049	8.0
1716	-0.836034	782.293091	25.918002	0.003891	5.7
1717	-0.839823	782.041628	25.926117	0.005310	7.2
1718	-0.817115	781.835954	25.932759	0.006416	11.2
1719	-0.837772	782.835954	25.900498	0.003717	11.9
1720	-0.832160	782.585138	25.908582	0.005756	14.1
1721	-0.831017	783.585138	25.876381	0.005941	16.7
1722	-0.817717	783.333675	25.884471	0.005619	1.8
1723	-0.791561	783.082213	25.892566	0.003801	11.7
1724	-0.826083	782.830750	25.900666	0.007924	10.8
1725	-0.813905	783.830750	25.868484	0.002185	13.6
1726	-0.814668	784.550658	25.845366	0.006892	12.3
1727	-0.803416	784.299200	25.853436	0.004717	12.9
1728	-0.826621	784.047738	25.861512	0.004523	11.6
1729	-0.822810	783.796275	25.869592	0.004305	12.0
1730	-0.816035	784.796275	25.837488	0.003899	17.5
1731	-0.804542	785.796274	25.805463	0.004045	8.8
1732	-0.847729	786.796088	25.773524	0.006038	13.0
1733	-0.823352	787.796088	25.741657	0.004812	8.0
1734	-0.805138	787.544668	25.749662	0.002593	12.1
1735	-0.808305	788.544668	25.717854	0.003864	8.4
1736	-0.799308	789.544668	25.686125	0.007887	6.1
1737	-0.827676	789.293205	25.694096	0.005265	11.6
1738	-0.820090	790.293205	25.662426	0.004726	14.1
1739	-0.828305	790.041749	25.670382	0.006555	10.7
1740	-0.804491	789.790286	25.678344	0.003181	6.1
1741	-0.810095	790.790286	25.646712	0.004801	11.6
1742	-0.820923	791.789648	25.615178	0.007430	10.8
1743	-0.824082	792.789648	25.583702	0.005231	6.5
1744	-0.840362	792.538186	25.591610	0.007410	6.2
1745	-0.852575	793.538122	25.560193	0.006828	9.4
1746	-0.837587	793.286659	25.568086	0.004943	1.6
1747	-0.819536	793.041209	25.575796	0.003225	6.0
1748	-0.843669	792.789746	25.583699	0.006624	8.8
1749	-0.813591	792.538283	25.591606	0.004249	11.0
1750	-0.806382	792.841416	25.582074	0.005270	6.3
1751	-0.804020	792.589953	25.589981	0.004384	7.1
1752	-0.815170	792.342078	25.597780	0.004790	11.5
1753	-0.830715	793.342074	25.566346	0.004822	9.7
1754	-0.860632	794.342074	25.534990	0.003310	11.4
1755	-0.824978	795.342074	25.503710	0.003760	4.8
1756	-0.828945	795.112343	25.510889	0.006182	6.0
1757	-0.808270	794.860880	25.518752	0.003946	10.7
1758	-0.816050	794.609418	25.526620	0.002202	11.2
1759	-0.837897	794.358065	25.534489	0.004853	10.1
1760	-0.819116	795.343339	25.503671	0.004492	12.0
1761	-0.828967	795.091930	25.511527	0.007541	6.7
1762	-0.814084	796.091930	25.480305	0.005844	5.9
1763	-0.821996	797.091930	25.449159	0.005693	11.2
1764	-0.834147	796.840467	25.456984	0.006402	12.0
1765	-0.815132	796.590086	25.464780	0.004417	5.8
1766	-0.802435	797.274886	25.443469	0.005629	6.0
1767	-0.802230	797.024167	25.451267	0.006060	8.0
1768	-0.820961	796.772704	25.459093	0.005120	12.1
1769	-0.832481	796.521241	25.466924	0.006135	15.8
1770	-0.818371	796.269779	25.474760	0.006019	6.8
1771	-0.791360	797.269779	25.443628	0.004253	14.4
1772	-0.814062	797.018316	25.451449	0.006841	12.8
1773	-0.824524	796.768445	25.459226	0.002410	5.3
1774	-0.820141	796.516983	25.467057	0.007080	14.1
1775	-0.825083	796.265520	25.474893	0.004981	10.6
1776	-0.802993	797.265520	25.443760	0.008062	8.5
1777	-0.797158	797.014057	25.451582	0.003985	11.7
1778	-0.827882	798.014057	25.420506	0.003327	9.3
1779	-0.811097	799.014057	25.389506	0.002485	5.6
1780	-0.812622	800.013727	25.358591	0.004821	10.1
1781	-0.830974	799.762264	25.366361	0.006724	12.1
1782	-0.825495	800.762263	25.335492	0.002332	7.5
1783	-0.819005	800.510804	25.343247	0.002647	11.5
1784	-0.835923	800.272054	25.350615	0.004749	3.5
1785	-0.817679	801.269761	25.319856	0.005906	11.1
1786	-0.810744	802.269759	25.289100	0.005867	2.3
1787	-0.801116	802.018297	25.296827	0.003004	5.9
1788	-0.812543	801.766834	25.304559	0.004332	6.4
1789	-0.821068	801.515371	25.312295	0.003525	5.8
1790	-0.777661	802.515235	25.281562	0.002435	8.4
1791	-0.831711	803.360804	25.255630	0.008120	11.5
1792	-0.791037	803.109704	25.263325	0.003010	6.3
1793	-0.815774	802.858241	25.271036	0.006624	6.7
1794	-0.814208	803.858241	25.240400	0.007220	11.5
1795	-0.815659	803.606779	25.248097	0.005087	8.6
1796	-0.817110	804.606779	25.217515	0.006216	6.1
1797	-0.801147	805.606779	25.187008	0.004983	10.8
1798	-0.849019	806.606779	25.156575	0.005152	4.0
1799	-0.816839	806.355316	25.164220	0.004720	6.9
1800	-0.817968	806.103853	25.171871	0.005685	6.2
1801	-0.825851	806.056676	25.173307	0.005475	5.9
1802	-0.791727	806.663231	25.154859	0.003474	7.3
1803	-0.797957	806.966844	25.145634	0.002951	11.5
1804	-0.814246	807.786406	25.120769	0.003770	7.4
1805	-0.799534	807.536675	25.128340	0.010916	11.6
1806	-0.816558	808.536675	25.098048	0.008125	5.6
1807	-0.799357	809.470210	25.069836	0.004295	11.2
1808	-0.843341	810.470210	25.039684	0.004561	2.8
1809	-0.813047	810.218748	25.047259	0.009452	11.4
1810	-0.815941	809.967285	25.054839	0.006756	10.7
1811	-0.808918	809.715822	25.062423	0.006563	13.7
1812	-0.837456	810.715822	25.032290	0.003599	6.9
1813	-0.826256	811.715783	25.002230	0.005662	6.0
1814	-0.794527	812.715782	24.972241	0.004257	7.6
1815	-0.820832	812.464319	24.979776	0.006570	10.8
1816	-0.829859	813.464319	24.949840	0.003716	8.3
1817	-0.814320	814.464319	24.919977	0.003096	10.9
1818	-0.818697	814.212862	24.927480	0.005933	11.8
1819	-0.813384	815.212861	24.897670	0.003907	11.5
1820	-0.800821	816.212861	24.867931	0.005464	3.0
1821	-0.851471	815.961398	24.875402	0.005652	8.2
1822	-0.834718	816.961398	24.845717	0.005298	11.6
1823	-0.779977	816.709935	24.853175	0.005556	10.5
1824	-0.827695	817.709935	24.823542	0.003726	7.6
1825	-0.815641	817.458472	24.830987	0.007167	7.0
1826	-0.805527	818.458472	24.801407	0.004119	6.7
1827	-0.840368	818.207010	24.808839	0.004830	9.0
1828	-0.805988	817.956050	24.816260	0.005542	4.4
1829	-0.819329	818.956050	24.786715	0.003115	10.5
1830	-0.810209	819.956050	24.757241	0.003328	3.6
1831	-0.832537	820.956050	24.727837	0.004068	7.9
1832	-0.848237	821.956050	24.698502	0.005313	6.6
1833	-0.826614	821.704587	24.705872	0.004615	11.2
1834	-0.821989	822.704587	24.676589	0.002281	17.6
1835	-0.818270	823.571294	24.651266	0.008025	6.7
1836	-0.794228	823.319831	24.658608	0.005384	7.3
1837	-0.797122	823.068368	24.665954	0.003256	6.4
1838	-0.804899	822.816906	24.673305	0.006288	11.6
1839	-0.824434	823.816906	24.644099	0.005158	9.5
1840	-0.814052	823.565445	24.651437	0.006877	8.1
1841	-0.808648	823.313982	24.658779	0.004387	10.9
1842	-0.824172	823.062519	24.666125	0.006101	11.3
1843	-0.841338	824.062519	24.636936	0.007722	9.2
1844	-0.820842	823.811056	24.644270	0.003815	11.9
1845	-0.814916	823.559603	24.651607	0.005206	11.8
1846	-0.837714	824.558514	24.622485	0.005183	13.7
1847	-0.819903	824.307052	24.629809	0.006359	6.8
1848	-0.839782	825.307052	24.600707	0.003324	12.6
1849	-0.821112	826.307052	24.571673	0.002671	9.6
1850	-0.832327	826.055745	24.578963	0.002853	7.0
1851	-0.844816	825.804282	24.586262	0.001733	12.0
1852	-0.834325	825.742490	24.588056	0.008445	11.2
1853	-0.821269	826.575289	24.563896	0.004082	6.5
1854	-0.826930	827.575289	24.534949	0.003010	13.9
1855	-0.809606	828.575286	24.506070	0.002886	7.2
1856	-0.794259	829.491355	24.479675	0.006217	8.8
1857	-0.799699	830.491355	24.450925	0.006250	10.8
1858	-0.791731	830.239892	24.458148	0.004269	12.4
1859	-0.830211	829.988987	24.465360	0.006601	4.9
1860	-0.828205	829.737524	24.472591	0.006613	6.1
1861	-0.845921	830.737524	24.443859	0.006550	7.7
1862	-0.828917	831.737524	24.415193	0.003148	11.4
1863	-0.796978	832.737524	24.386595	0.003372	16.1
1864	-0.833607	832.486061	24.393780	0.005200	8.7
1865	-0.811178	833.486061	24.365233	0.004572	7.9
1866	-0.831831	833.234599	24.372405	0.009903	6.4
1867	-0.811252	834.234590	24.343907	0.004192	6.0
1868	-0.817172	835.234590	24.315476	0.010451	11.2
1869	-0.788196	834.983128	24.322619	0.004415	11.0
1870	-0.814378	834.731668	24.329766	0.006663	8.8
1871	-0.815660	835.731668	24.301368	0.006799	5.9
1872	-0.823706	836.731400	24.273044	0.006765	10.0
1873	-0.829645	837.731400	24.244777	0.005356	12.1
1874	-0.778552	838.731400	24.216577	0.004062	7.7
1875	-0.813128	839.731400	24.188442	0.005755	11.2
1876	-0.807709	839.479937	24.195511	0.003582	1.5
1877	-0.819044	840.479937	24.167425	0.003141	7.0
1878	-0.842738	841.479916	24.139405	0.004747	5.8
1879	-0.809015	842.479913	24.111449	0.004970	5.9
1880	-0.787004	843.479913	24.083557	0.002708	11.5
1881	-0.836349	843.228450	24.090565	0.006259	7.9
1882	-0.796734	844.215313	24.063087	0.005124	10.1
1883	-0.825021	843.963850	24.070083	0.003689	5.9
1884	-0.834432	843.712387	24.077083	0.002072	9.5
1885	-0.797434	844.548292	24.053830	0.003954	5.7
1886	-0.808599	844.296830	24.060820	0.003609	11.8
1887	-0.823573	845.296830	24.033046	0.003329	7.1
1888	-0.832758	846.286873	24.005611	0.007903	9.6
1889	-0.803876	847.286872	23.977964	0.004834	6.4
1890	-0.823350	847.035409	23.984910	0.003050	9.7
1891	-0.843316	848.035409	23.957311	0.004080	8.1
1892	-0.847646	849.035409	23.929775	0.008305	7.2
1893	-0.821212	848.783946	23.936693	0.006418	6.5
1894	-0.803966	849.783946	23.909205	0.006273	7.5
1895	-0.881567	849.532899	23.916100	0.002982	5.3
1896	-0.812922	850.532899	23.888658	0.005180	6.5
1897	-0.785539	851.027660	23.875105	0.004895	11.4
1898	-0.817987	852.009435	23.848255	0.005872	11.5
1899	-0.821090	851.757973	23.855126	0.003506	11.7
1900	-0.846179	851.824548	23.853307	0.004606	8.9
1901	-0.823022	852.824548	23.826009	0.008093	8.4
1902	-0.815342	853.824548	23.798774	0.002671	11.6
1903	-0.810920	854.752911	23.773545	0.004367	11.5
1904	-0.800622	854.501522	23.780372	0.005989	10.2
1905	-0.823768	855.501522	23.753241	0.009085	12.0
1906	-0.817330	855.250059	23.760057	0.006027	6.1
1907	-0.796349	856.250059	23.732973	0.002887	9.1
1908	-0.803985	855.998597	23.739778	0.003087	11.0
1909	-0.826938	856.476894	23.726837	0.005338	7.6
1910	-0.825272	856.228711	23.733550	0.007839	5.3
1911	-0.842172	855.977248	23.740355	0.004611	14.4
1912	-0.823366	856.977248	23.713316	0.005313	10.7
1913	-0.832163	857.977248	23.686337	0.007484	10.6
1914	-0.809011	858.977248	23.659420	0.003523	6.1
1915	-0.844261	858.727499	23.666137	0.004949	6.9
1916	-0.823350	859.696060	23.640110	0.007150	7.7
1917	-0.823903	859.444597	23.646862	0.005065	10.8
1918	-0.800903	859.193134	23.653617	0.005847	7.1
1919	-0.820965	858.941671	23.660377	0.005256	7.8
1920	-0.821710	859.941671	23.633519	0.005778	8.0
1921	-0.851366	859.690209	23.640267	0.002997	6.0
1922	-0.808927	860.535079	23.617610	0.002823	5.7
1923	-0.812917	861.319798	23.596605	0.003730	8.0
1924	-0.816743	861.417746	23.593986	0.005207	6.0
1925	-0.803788	862.417746	23.567278	0.005328	12.5
1926	-0.808643	863.417743	23.540631	0.010462	6.3
1927	-0.820412	863.166280	23.547326	0.005453	11.7
1928	-0.834346	864.166280	23.520724	0.002900	5.9
1929	-0.832038	865.166279	23.494182	0.001898	10.3
1930	-0.818359	866.166136	23.467703	0.004670	4.1
1931	-0.802716	865.914698	23.474356	0.005615	12.0
1932	-0.788906	866.914698	23.447919	0.006611	6.0
1933	-0.777299	867.914697	23.421541	0.004275	11.2
1934	-0.807933	868.914697	23.395222	0.004739	6.3
1935	-0.805417	869.914697	23.368962	0.007678	7.3
1936	-0.817302	870.914697	23.342761	0.006540	5.8
1937	-0.796428	871.914697	23.316619	0.005144	11.0
1938	-0.798429	872.914697	23.290535	0.002813	5.4
1939	-0.831899	872.663234	23.297089	0.012101	5.9
1940	-0.845178	873.663234	23.271049	0.006421	9.3
1941	-0.809037	874.663234	23.245067	0.010303	6.0
1942	-0.815168	875.645198	23.219610	0.006405	10.0
1943	-0.846142	876.645103	23.193745	0.004495	7.8
1944	-0.818225	876.408733	23.199854	0.002827	8.0
1945	-0.813422	876.514310	23.197125	0.006671	6.2
1946	-0.831877	876.354945	23.201245	0.004422	6.2
1947	-0.832311	877.354945	23.175418	0.005038	6.3
1948	-0.844242	878.354945	23.149649	0.007131	9.0
1949	-0.816281	878.103482	23.156124	0.006898	8.0
1950	-0.791461	879.103482	23.130398	0.006829	6.5
1951	-0.796967	878.852020	23.136862	0.001629	9.4
1952	-0.820138	878.611130	23.143057	0.004798	6.0
1953	-0.799403	878.359668	23.149528	0.006493	6.0
1954	-0.812800	878.680024	23.141285	0.006412	13.2
1955	-0.818547	879.680024	23.115592	0.006992	10.0
1956	-0.805268	880.680024	23.089955	0.004189	6.6
1957	-0.807917	881.680024	23.064376	0.006920	6.0
1958	-0.825842	882.680024	23.038853	0.004829	6.9
1959	-0.807450	883.680024	23.013387	0.004653	7.0
1960	-0.811381	883.428561	23.019786	0.008356	9.6
1961	-0.808177	884.428561	22.994361	0.006802	6.0
1962	-0.812887	885.428561	22.968993	0.003840	6.0
1963	-0.813659	886.428561	22.943681	0.007647	5.9
1964	-0.835432	887.319767	22.921170	0.004167	11.0
1965	-0.807075	888.319767	22.895963	0.005134	9.5
1966	-0.824242	888.069611	22.902263	0.003790	6.1
1967	-0.800644	887.818149	22.908600	0.008404	11.2
1968	-0.820003	888.818149	22.883421	0.002837	10.1
1969	-0.816033	889.818149	22.858297	0.004353	11.7
1970	-0.799374	889.566747	22.864608	0.009028	11.1
1971	-0.824500	890.566747	22.839525	0.006479	11.1
1972	-0.817975	890.315284	22.845827	0.005447	6.0
1973	-0.817120	891.315284	22.820786	0.005660	6.4
1974	-0.789638	891.063822	22.827078	0.009829	8.8
1975	-0.829324	890.812359	22.833373	0.003475	6.8
1976	-0.848175	891.812359	22.808359	0.004058	9.1
1977	-0.812131	891.560896	22.814644	0.002502	10.6
1978	-0.811307	891.345454	22.820031	0.007084	11.2
1979	-0.827258	891.093991	22.826323	0.003510	6.5
1980	-0.857738	892.093991	22.801324	0.004979	6.4
1981	-0.806639	892.909137	22.780986	0.007903	5.9
1982	-0.807382	893.909137	22.756087	0.005273	10.8
1983	-0.818716	893.673021	22.761961	0.006657	6.0
1984	-0.821344	893.421558	22.768220	0.005165	11.2
1985	-0.820630	894.421558	22.743349	0.007805	2.2
1986	-0.824612	895.421558	22.718531	0.004209	10.5
1987	-0.807500	895.170096	22.724767	0.004828	6.0
1988	-0.815023	894.918633	22.731006	0.005597	11.5
1989	-0.820401	895.918631	22.706215	0.004539	11.2
1990	-0.809685	896.918631	22.681478	0.008291	15.8
1991	-0.824134	897.918631	22.656796	0.005880	15.0
1992	-0.829876	898.918631	22.632166	0.003216	10.4
1993	-0.823087	898.667168	22.638355	0.005925	11.9
1994	-0.811475	899.323351	22.622214	0.004686	8.5
1995	-0.804387	899.071888	22.628397	0.004464	13.9
1996	-0.839608	900.071272	22.603844	0.003690	3.1
1997	-0.805495	899.819810	22.610017	0.005397	13.0
1998	-0.826279	900.819810	22.585489	0.006681	6.9
1999	-0.809311	900.568347	22.591652	0.008881	14.1
