1:ItNr	2:Metric	3:StepSize	4:||Gradient||	Time[ms]
0	-0.000000	627.201626	0.000000	1729.3
1	-0.529779	623.504937	0.012827	15.7
2	-0.811999	619.865785	0.011562	11.5
3	-0.486614	616.282728	0.008708	7.8
4	-0.618949	612.754375	0.025750	7.8
5	-0.415508	609.279381	0.012006	6.7
6	-0.289924	605.856447	0.005148	6.7
7	-0.000000	602.484317	0.000000	6.3
8	-0.705535	599.161779	0.011824	6.6
9	-0.000000	595.887656	0.000000	12.2
10	-0.934745	592.660813	0.016681	8.2
11	-0.000000	589.480151	0.000000	16.9
12	-0.141793	586.344606	0.002637	4.8
13	-0.000000	583.253145	0.000000	13.2
14	-0.838462	580.204771	0.009745	12.3
15	-0.901257	577.198517	0.012589	6.8
16	-0.068577	574.233444	0.003303	8.0
17	-0.052048	571.308645	0.001304	6.6
18	-0.812930	568.423237	0.010736	6.9
19	-0.000000	565.576365	0.000000	7.3
20	-0.000000	562.767201	0.000000	8.4
21	-0.000000	559.994938	0.000000	9.9
22	-0.500127	557.258797	0.006447	9.9
23	-0.000000	554.558018	0.000000	8.3
24	-0.555856	551.891865	0.010494	6.4
25	-1.139381	549.259621	0.017272	6.5
26	-1.117560	546.660592	0.014266	12.2
27	-0.932315	544.094102	0.004934	10.2
28	-0.012674	541.559494	0.000933	10.1
29	-0.676659	539.056129	0.007899	6.6
30	-0.583857	536.583387	0.014294	6.5
31	-0.775162	534.140663	0.016386	7.2
32	-0.847464	531.727370	0.015821	12.3
33	-0.453475	529.342935	0.002713	13.7
34	-0.314527	526.986802	0.008200	6.6
35	-0.953155	524.658430	0.009940	17.2
36	-0.120173	522.357290	0.000984	3.6
37	-0.887378	520.082868	0.013916	7.0
38	-0.615478	517.834665	0.009240	6.6
39	-0.000000	515.612193	0.000000	8.5
40	-0.899432	513.414976	0.018712	6.8
41	-1.223755	511.242551	0.015825	7.0
42	-0.578900	509.094468	0.015215	7.0
43	-1.040183	506.970285	0.011814	6.5
44	-1.099824	504.869574	0.009249	6.9
45	-0.004115	502.791916	0.000062	13.8
46	-0.143918	500.736903	0.000932	11.9
47	-0.151679	498.704137	0.003066	6.4
48	-0.000001	496.693228	0.000001	9.1
49	-0.904158	494.703798	0.008011	8.0
50	-0.407921	492.735476	0.006604	10.8
51	-0.400666	490.787900	0.009073	6.6
52	-0.152188	488.860718	0.002130	6.8
53	-1.103634	486.953585	0.009558	6.9
54	-0.799409	485.066164	0.017971	8.5
55	-1.116115	483.198126	0.016937	12.0
56	-0.000000	481.349149	0.000000	11.8
57	-0.000000	479.518920	0.000000	7.4
58	-0.518095	477.707132	0.005519	7.7
59	-0.000000	475.913485	0.000000	6.9
60	-1.228633	474.137684	0.011325	10.9
61	-0.018774	472.379445	0.000727	10.1
62	-0.292580	470.638485	0.005743	7.5
63	-0.501572	468.914531	0.007062	6.4
64	-0.907992	467.207315	0.006884	7.7
65	-1.305991	465.516573	0.006940	9.6
66	-0.631555	463.842050	0.013243	8.7
67	-1.257340	462.183494	0.012403	7.3
68	-0.393708	460.540658	0.001515	13.8
69	-0.779175	458.913303	0.011634	10.7
70	-0.000000	457.301192	0.000000	6.4
71	-0.000000	455.704096	0.000000	6.7
72	-0.775757	454.121787	0.006726	8.3
73	-0.000003	452.554045	0.000002	11.8
74	-1.101800	451.000653	0.013578	12.3
75	-0.463359	449.461399	0.014843	9.2
76	-1.425347	447.936075	0.018618	6.9
77	-0.000000	446.424477	0.000000	7.1
78	-0.028062	444.926406	0.000696	6.9
79	-0.059521	443.441666	0.000501	8.6
80	-0.000000	441.970065	0.000000	11.7
81	-0.880536	440.511415	0.012185	8.2
82	-0.000000	439.065533	0.000000	12.2
83	-0.000000	437.632238	0.000000	6.5
84	-0.003449	436.211351	0.000063	8.3
85	-0.000000	434.802701	0.000000	7.0
86	-0.636650	433.406117	0.011442	6.7
87	-0.445468	432.021430	0.003600	10.0
88	-0.000000	430.648479	0.000000	7.9
89	-0.000000	429.287101	0.000000	6.2
90	-0.496722	427.937140	0.006917	12.8
91	-0.939135	426.598440	0.016535	6.9
92	-1.094262	425.270849	0.009351	12.7
93	-0.007287	423.954220	0.000485	6.5
94	-0.000000	422.648404	0.000000	10.6
95	-0.191576	421.353259	0.003018	11.9
96	-0.841281	420.068643	0.018457	6.5
97	-0.434773	418.794419	0.009965	6.7
98	-0.772470	417.530451	0.006485	6.9
99	-0.637069	416.276604	0.019592	7.3
100	-0.376058	415.032748	0.011975	11.7
101	-1.276473	413.798754	0.017460	12.5
102	-0.000000	412.574495	0.000000	7.8
103	-0.901730	411.359849	0.014015	7.9
104	-0.322433	410.154691	0.005529	7.4
105	-0.913083	408.958904	0.006789	12.4
106	-0.446564	407.772368	0.008806	6.9
107	-0.000000	406.594968	0.000000	11.3
108	-0.382570	405.426590	0.004931	8.1
109	-0.004605	404.267122	0.000126	12.4
110	-0.000000	403.116456	0.000000	10.7
111	-1.352813	401.974481	0.011635	10.2
112	-0.342461	400.841093	0.007367	7.5
113	-0.876890	399.716187	0.012118	6.8
114	-1.075845	398.599660	0.023000	6.5
115	-0.000000	397.491411	0.000000	6.6
116	-0.190826	396.391342	0.004705	11.6
117	-0.000000	395.299353	0.000000	6.6
118	-0.000000	394.215350	0.000000	6.8
119	-0.919865	393.139238	0.013930	7.0
120	-0.032555	392.070924	0.000939	6.7
121	-0.376576	391.010316	0.004405	8.7
122	-0.231586	389.957325	0.004394	7.3
123	-0.000000	388.911862	0.000000	8.6
124	-1.138509	387.873839	0.010678	9.6
125	-0.000001	386.843173	0.000000	7.1
126	-0.000000	385.819777	0.000000	7.6
127	-0.000000	384.803569	0.000000	12.2
128	-0.948432	383.794468	0.021832	11.4
129	-0.000000	382.792393	0.000000	8.2
130	-0.973892	381.797264	0.012361	11.2
131	-0.262652	380.809005	0.001644	9.8
132	-0.853554	379.827537	0.017921	6.8
133	-1.243086	378.852786	0.006823	6.8
134	-0.850185	377.884678	0.018464	11.4
135	-1.158060	376.923138	0.017305	6.8
136	-0.935801	375.968095	0.007775	7.7
137	-0.000000	375.019479	0.000000	6.7
138	-0.001202	374.077218	0.000344	6.6
139	-0.000000	373.141244	0.000000	6.7
140	-0.000000	372.211489	0.000000	8.0
141	-0.838901	371.287887	0.016003	6.7
142	-0.611239	370.370370	0.016005	12.4
143	-0.000254	369.458876	0.000001	3.2
144	-0.916078	368.553338	0.014544	9.6
145	-0.386560	367.653696	0.009131	6.1
146	-1.067523	366.759885	0.007930	11.9
147	-0.009260	365.871846	0.000405	9.0
148	-0.829335	364.989518	0.009503	7.9
149	-1.316018	364.112841	0.017115	7.9
150	-0.442386	363.241757	0.005467	12.0
151	-0.000000	362.376208	0.000000	12.0
152	-0.640780	361.516137	0.008286	7.8
153	-0.000000	360.661488	0.000000	16.2
154	-1.126097	359.812206	0.016175	3.3
155	-0.778499	358.968236	0.012113	11.2
156	-0.000000	358.129524	0.000000	6.4
157	-0.897084	357.296018	0.012199	9.4
158	-0.008044	356.467665	0.000283	12.0
159	-0.227069	355.644414	0.006139	7.1
160	-0.000000	354.826213	0.000000	6.7
161	-0.000000	354.013012	0.000000	6.2
162	-0.000000	353.204763	0.000000	11.7
163	-0.000000	352.401415	0.000000	7.3
164	-0.758984	351.602922	0.006159	6.8
165	-0.000000	350.809235	0.000000	7.0
166	-0.568424	350.020308	0.007924	6.8
167	-0.681022	349.236095	0.006175	7.8
168	-1.248618	348.456550	0.022992	11.8
169	-0.448369	347.681627	0.012439	10.7
170	-0.071709	346.911283	0.000859	8.8
171	-0.000000	346.145474	0.000000	8.0
172	-0.000000	345.384157	0.000000	6.8
173	-0.763595	344.627288	0.022032	6.7
174	-0.887866	343.874826	0.016079	10.9
175	-0.555972	343.126729	0.007127	10.4
176	-0.190436	342.382957	0.005709	6.8
177	-0.577025	341.643469	0.009430	10.7
178	-0.307036	340.908224	0.006839	7.9
179	-0.001442	340.177184	0.000097	6.5
180	-0.328608	339.450309	0.006480	6.6
181	-0.147276	338.727561	0.005016	10.7
182	-1.080352	338.008902	0.006382	7.1
183	-0.376991	337.294295	0.007056	7.9
184	-0.636930	336.583703	0.007040	6.7
185	-0.000000	335.877089	0.000000	6.6
186	-0.558222	335.174416	0.003769	9.0
187	-0.377517	334.475651	0.008804	6.9
188	-0.687338	333.780756	0.008208	6.6
189	-0.335477	333.089698	0.003502	6.3
190	-0.997374	332.402443	0.012935	6.6
191	-0.536092	331.718955	0.016315	11.9
192	-1.126002	331.039203	0.009517	9.5
193	-1.378494	330.363153	0.014418	11.8
194	-0.346631	329.690771	0.004331	6.8
195	-0.632130	329.022027	0.008105	12.3
196	-0.914521	328.356888	0.015135	12.5
197	-0.000000	327.695322	0.000000	12.2
198	-0.373077	327.037299	0.006701	7.3
199	-0.000000	326.382787	0.000000	7.7
200	-0.000000	325.731758	0.000000	11.8
201	-1.136417	325.084179	0.011752	6.5
202	-0.971657	324.440023	0.008572	6.7
203	-0.546998	323.799258	0.007787	12.7
204	-0.801215	323.161858	0.007659	13.5
205	-0.000000	322.527792	0.000000	6.6
206	-0.681513	321.897034	0.007896	6.4
207	-0.826242	321.269554	0.006214	11.2
208	-0.917572	320.645325	0.013265	6.6
209	-0.994167	320.024320	0.011589	6.7
210	-0.564298	319.406512	0.015995	6.7
211	-0.379498	318.791875	0.014111	11.1
212	-0.408333	318.180381	0.004496	7.0
213	-0.000000	317.572005	0.000000	7.7
214	-0.498970	316.966721	0.015098	7.0
215	-1.178879	316.364504	0.010520	10.4
216	-0.495422	315.765329	0.009228	7.9
217	-0.463709	315.169170	0.005331	7.6
218	-0.528527	314.576003	0.018200	8.3
219	-0.814970	313.985804	0.007011	7.9
220	-0.000000	313.398548	0.000000	12.9
221	-0.624724	312.814213	0.007761	8.1
222	-0.314466	312.232773	0.003264	7.0
223	-0.000000	311.654207	0.000000	7.8
224	-1.347054	311.078491	0.014691	8.2
225	-0.037896	310.505602	0.000158	7.4
226	-0.365523	309.935518	0.006279	17.7
227	-1.298878	309.368217	0.017373	11.1
228	-0.000005	308.803676	0.000002	3.2
229	-0.784951	308.241874	0.011556	6.6
230	-0.181752	307.682789	0.003613	9.0
231	-1.245627	307.126400	0.008625	6.7
232	-0.603991	306.572687	0.003496	6.7
233	-1.024500	306.021627	0.017133	7.4
234	-0.911326	305.473201	0.006228	6.0
235	-0.000000	304.927388	0.000000	6.4
236	-1.063713	304.384168	0.009174	7.9
237	-0.174807	303.843521	0.003260	12.1
238	-0.203307	303.305427	0.002954	14.3
239	-0.602477	302.769867	0.014707	2.7
240	-0.000000	302.236821	0.000000	11.3
241	-1.223673	301.706270	0.015688	6.8
242	-0.648079	301.178196	0.003872	6.8
243	-0.458805	300.652580	0.013698	8.6
244	-1.111599	300.129402	0.011044	7.7
245	-0.450939	299.608645	0.004448	8.2
246	-1.148025	299.090291	0.012712	7.0
247	-0.000000	298.574321	0.000000	9.0
248	-0.000000	298.060718	0.000000	11.8
249	-0.000000	297.549465	0.000000	8.3
250	-0.658368	297.040543	0.006445	11.6
251	-1.007889	296.533936	0.010084	6.7
252	-0.000000	296.029626	0.000000	6.7
253	-0.000000	295.527597	0.000000	10.3
254	-0.300358	295.027832	0.008097	11.7
255	-1.145669	294.530315	0.011266	8.3
256	-1.039122	294.035028	0.017147	7.0
257	-1.344366	293.541956	0.007147	6.6
258	-0.245266	293.051083	0.002177	11.8
259	-0.591021	292.562393	0.014568	7.1
260	-0.000000	292.075870	0.000000	6.5
261	-0.388213	291.591498	0.004987	6.8
262	-0.476550	291.109263	0.006005	8.9
263	-0.489341	290.629149	0.006261	8.7
264	-0.000000	290.151140	0.000000	8.1
265	-1.004037	289.675222	0.008931	7.3
266	-0.127266	289.201380	0.003995	11.7
267	-0.000000	288.729600	0.000000	7.9
268	-0.428130	288.259866	0.010784	7.3
269	-0.636284	287.792165	0.004234	6.6
270	-0.332218	287.326481	0.010708	7.9
271	-0.000000	286.862802	0.000000	11.7
272	-0.657997	286.401113	0.001696	8.2
273	-1.401676	285.941400	0.015418	9.9
274	-0.519099	285.483649	0.009143	6.8
275	-0.734754	285.027847	0.005039	7.8
276	-1.269446	284.573981	0.011956	6.9
277	-1.039132	284.122037	0.007017	6.8
278	-0.000000	283.672002	0.000000	10.3
279	-0.861958	283.223863	0.012570	8.0
280	-1.418946	282.777607	0.012278	7.1
281	-0.687328	282.333221	0.006370	7.2
282	-0.000000	281.890692	0.000000	6.8
283	-0.000000	281.450008	0.000000	7.7
284	-0.265928	281.011157	0.009754	8.0
285	-0.730436	280.574125	0.010630	6.7
286	-1.352427	280.138901	0.008219	8.7
287	-0.728766	279.705473	0.007734	8.2
288	-0.402919	279.273829	0.008490	8.0
289	-1.368670	278.843956	0.025471	6.5
290	-0.000000	278.415844	0.000000	6.7
291	-0.861452	277.989479	0.016119	6.5
292	-1.112825	277.564851	0.009698	6.8
293	-0.811309	277.141949	0.014314	12.3
294	-1.074597	276.720761	0.016552	9.8
295	-0.000000	276.301275	0.000000	7.0
296	-0.222407	275.883480	0.002313	6.5
297	-0.521637	275.467366	0.011440	13.5
298	-1.102200	275.052922	0.019246	10.2
299	-0.865044	274.640136	0.014388	9.6
300	-0.000000	274.228998	0.000000	6.7
301	-0.130609	273.819497	0.002413	6.8
302	-0.094099	273.411623	0.000314	12.7
303	-0.809834	273.005365	0.005066	6.6
304	-0.309309	272.600712	0.005019	6.6
305	-0.528923	272.197655	0.013592	6.1
306	-0.000000	271.796184	0.000000	6.8
307	-0.180436	271.396287	0.004186	11.4
308	-0.000000	270.997956	0.000000	6.7
309	-1.411811	270.601180	0.005450	9.1
310	-0.892684	270.205949	0.007609	12.0
311	-0.466935	269.812254	0.003056	7.9
312	-0.286442	269.420085	0.003620	7.0
313	-0.675421	269.029432	0.013789	7.2
314	-0.000000	268.640287	0.000000	9.6
315	-0.000000	268.252638	0.000000	7.5
316	-0.390180	267.866478	0.005075	12.4
317	-0.000000	267.481796	0.000000	6.6
318	-1.305370	267.098584	0.012193	12.8
319	-0.000000	266.716833	0.000000	6.5
320	-0.000000	266.336533	0.000000	6.6
321	-0.000000	265.957676	0.000000	13.2
322	-0.157121	265.580253	0.002250	5.9
323	-0.996751	265.204254	0.008164	7.5
324	-1.179925	264.829672	0.019767	6.9
325	-0.000000	264.456497	0.000000	9.4
326	-0.644090	264.084721	0.005524	7.4
327	-0.000000	263.714335	0.000000	8.4
328	-0.645381	263.345332	0.008909	8.0
329	-0.000000	262.977702	0.000000	6.2
330	-0.119398	262.611438	0.001172	7.0
331	-0.997561	262.246531	0.010908	7.2
332	-1.017789	261.882973	0.013068	14.3
333	-0.003351	261.520756	0.000282	9.1
334	-0.776703	261.159871	0.013257	8.1
335	-0.769789	260.800312	0.004645	12.8
336	-0.919870	260.442070	0.010022	6.7
337	-0.617548	260.085137	0.014193	8.0
338	-1.099701	259.729505	0.010424	11.9
339	-1.031227	259.375167	0.002559	10.4
340	-0.901100	259.022116	0.005535	9.4
341	-1.196431	258.670343	0.008895	8.0
342	-0.994202	258.319841	0.011235	7.6
343	-0.676591	257.970602	0.009175	8.3
344	-0.132649	257.622620	0.003439	13.6
345	-0.713330	257.275887	0.004592	11.8
346	-0.562611	256.930396	0.024148	6.4
347	-1.166932	256.586139	0.011990	8.1
348	-0.484347	256.243109	0.003703	7.9
349	-0.000000	255.901300	0.000000	11.5
350	-0.108880	255.560703	0.001811	6.7
351	-0.000000	255.221313	0.000000	11.9
352	-1.138923	254.883122	0.007190	6.7
353	-0.812279	254.546124	0.005113	7.4
354	-0.646667	254.210311	0.008163	6.9
355	-0.285662	253.875677	0.005237	11.9
356	-1.387308	253.542215	0.008285	7.1
357	-0.395421	253.209918	0.002219	8.0
358	-0.487716	252.878781	0.005539	7.7
359	-1.009441	252.548795	0.005956	7.7
360	-0.000008	252.219956	0.000003	12.6
361	-0.005247	251.892255	0.001008	10.4
362	-0.910718	251.565688	0.011741	7.3
363	-0.063755	251.240247	0.000545	6.6
364	-0.906161	250.915926	0.009800	11.5
365	-0.000000	250.592720	0.000000	7.6
366	-0.355338	250.270621	0.001906	13.4
367	-0.676612	249.949624	0.008446	7.0
368	-0.116838	249.629723	0.001547	7.3
369	-1.258207	249.310911	0.014567	6.5
370	-1.357849	248.993182	0.010056	8.1
371	-0.000000	248.676531	0.000000	7.5
372	-0.743430	248.360952	0.013137	9.8
373	-0.530257	248.046438	0.014556	6.7
374	-0.362092	247.732984	0.005454	12.2
375	-0.000000	247.420584	0.000000	6.5
376	-0.063215	247.109233	0.000627	7.3
377	-0.798089	246.798924	0.011509	6.8
378	-0.978015	246.489652	0.008187	11.5
379	-0.462395	246.181412	0.008347	7.9
380	-0.698633	245.874197	0.008582	8.0
381	-1.269391	245.568002	0.014958	7.8
382	-0.000000	245.262822	0.000000	7.9
383	-0.433232	244.958652	0.004045	12.0
384	-0.000000	244.655485	0.000000	7.7
385	-0.177681	244.353317	0.004446	6.6
386	-0.933248	244.052142	0.025799	7.0
387	-0.000000	243.751955	0.000000	7.1
388	-1.266917	243.452750	0.012163	6.5
389	-1.124580	243.154523	0.011794	11.9
390	-0.000000	242.857268	0.000000	12.0
391	-0.000000	242.560980	0.000000	5.7
392	-0.000000	242.265654	0.000000	6.4
393	-0.000096	241.971285	0.000037	11.5
394	-0.939416	241.677868	0.006585	7.0
395	-0.000000	241.385397	0.000000	11.8
396	-0.004229	241.093869	0.000610	8.0
397	-0.951374	240.803278	0.006813	6.0
398	-0.203721	240.513619	0.001125	8.6
399	-1.336453	240.224887	0.006117	7.4
400	-1.045265	239.937077	0.008516	6.7
401	-0.966041	239.650186	0.007154	12.3
402	-0.000000	239.364207	0.000000	7.5
403	-0.000000	239.079136	0.000000	8.0
404	-0.794001	238.794969	0.009364	11.8
405	-0.000000	238.511701	0.000000	6.1
406	-0.000000	238.229327	0.000000	9.9
407	-0.873244	237.947843	0.014452	11.7
408	-1.022139	237.667244	0.009022	12.1
409	-0.164593	237.387526	0.005361	6.7
410	-0.552562	237.108684	0.013317	6.7
411	-0.250155	236.830714	0.001882	6.8
412	-1.123751	236.553610	0.008606	13.8
413	-0.513662	236.277370	0.007070	7.3
414	-0.810153	236.001989	0.006686	6.5
415	-0.281200	235.727461	0.005537	6.6
416	-0.706077	235.453784	0.005954	8.8
417	-0.626286	235.180952	0.004377	7.0
418	-1.290909	234.908962	0.007402	11.2
419	-1.001889	234.637809	0.005218	6.6
420	-0.623245	234.367488	0.005693	8.0
421	-0.495950	234.097997	0.004949	7.6
422	-0.392211	233.829331	0.005783	7.9
423	-0.000000	233.561485	0.000000	6.8
424	-1.101464	233.294456	0.011379	7.5
425	-0.314936	233.028239	0.005664	8.7
426	-0.000000	232.762831	0.000000	17.4
427	-1.048235	232.498228	0.008294	2.3
428	-1.048172	232.234425	0.010100	6.7
429	-0.918107	231.971419	0.005071	9.3
430	-1.197087	231.709205	0.008017	12.8
431	-0.052400	231.447781	0.001307	8.4
432	-0.000000	231.187141	0.000000	14.5
433	-1.098903	230.927283	0.009492	6.0
434	-1.100458	230.668202	0.012349	6.9
435	-0.038543	230.409895	0.000603	12.6
436	-0.011041	230.152358	0.000466	10.3
437	-0.992037	229.895587	0.011375	6.5
438	-0.530352	229.639578	0.014974	6.8
439	-1.413343	229.384329	0.017508	7.6
440	-0.000000	229.129834	0.000000	6.6
441	-0.488416	228.876091	0.003347	6.7
442	-0.457041	228.623096	0.008799	6.6
443	-0.000000	228.370846	0.000000	7.3
444	-0.780785	228.119336	0.007101	6.5
445	-1.326718	227.868563	0.011834	8.2
446	-0.893000	227.618525	0.008569	12.1
447	-0.707770	227.369216	0.010487	11.4
448	-0.531693	227.120635	0.004964	6.5
449	-0.038146	226.872777	0.001581	8.2
450	-0.228060	226.625638	0.008307	7.0
451	-0.493526	226.379217	0.013180	10.0
452	-0.806588	226.133509	0.004638	7.4
453	-1.169609	225.888510	0.011368	12.0
454	-1.337696	225.644218	0.018253	10.2
455	-0.000000	225.400630	0.000000	7.3
456	-1.034340	225.157741	0.007488	10.8
457	-0.507589	224.915549	0.014030	5.4
458	-1.112745	224.674051	0.006127	18.2
459	-1.337352	224.433242	0.017273	8.3
460	-0.000000	224.193121	0.000000	6.3
461	-0.011817	223.953684	0.000631	6.6
462	-0.326034	223.714927	0.003628	10.8
463	-0.793390	223.476848	0.008254	8.0
464	-0.398018	223.239444	0.005895	7.0
465	-0.209409	223.002710	0.001485	6.9
466	-1.315414	222.766645	0.010754	6.6
467	-0.550124	222.531245	0.007934	7.1
468	-0.433587	222.296508	0.007401	6.7
469	-1.069827	222.062429	0.010522	12.0
470	-0.965547	221.829007	0.008935	7.8
471	-0.195419	221.596238	0.001057	8.7
472	-0.000000	221.364119	0.000000	12.5
473	-0.642516	221.132647	0.011046	8.7
474	-1.136158	220.901820	0.009750	9.9
475	-1.103581	220.671634	0.008947	7.0
476	-0.000000	220.442086	0.000000	7.9
477	-0.504566	220.213174	0.011873	12.7
478	-0.000000	219.984895	0.000000	12.5
479	-0.873964	219.757246	0.011902	5.1
480	-0.003940	219.530224	0.000215	12.1
481	-0.000000	219.303826	0.000000	9.6
482	-0.000000	219.078050	0.000000	7.7
483	-0.000000	218.852893	0.000000	6.5
484	-0.134250	218.628352	0.003729	9.4
485	-0.515119	218.404424	0.009431	8.0
486	-1.116308	218.181106	0.005613	12.0
487	-1.019267	217.958397	0.008313	6.7
488	-0.791763	217.736292	0.005439	6.5
489	-0.005559	217.514790	0.000379	10.2
490	-0.568170	217.293888	0.008013	7.8
491	-1.107287	217.073584	0.008904	7.0
492	-0.000000	216.853873	0.000000	12.8
493	-0.925999	216.634755	0.016345	11.9
494	-0.610292	216.416227	0.016101	8.0
495	-0.945309	216.198285	0.010222	7.8
496	-1.081573	215.980927	0.004542	6.6
497	-0.000000	215.764151	0.000000	13.7
498	-0.384958	215.547955	0.003244	10.1
499	-1.281106	215.332335	0.003796	4.6
500	-0.966528	215.117289	0.010499	17.1
501	-1.266574	214.902815	0.016634	5.2
502	-0.000000	214.688911	0.000000	10.5
503	-0.761628	214.475573	0.013666	7.6
504	-0.236862	214.262800	0.004809	7.9
505	-0.796768	214.050588	0.009598	7.0
506	-1.083453	213.838936	0.009842	8.0
507	-0.000000	213.627842	0.000000	6.3
508	-0.540308	213.417302	0.008877	7.3
509	-0.626142	213.207314	0.004199	7.0
510	-0.764907	212.997877	0.022068	11.9
511	-0.000000	212.788987	0.000000	11.8
512	-1.246045	212.580642	0.011736	10.2
513	-1.347783	212.372841	0.007792	6.7
514	-0.870430	212.165581	0.003498	9.2
515	-0.000000	211.958859	0.000000	13.7
516	-0.538994	211.752673	0.005338	13.9
517	-0.364029	211.547021	0.003254	6.6
518	-0.191944	211.341902	0.002842	6.7
519	-0.245120	211.137311	0.007545	8.0
520	-1.177548	210.933248	0.008001	7.1
521	-0.000000	210.729710	0.000000	11.2
522	-0.132558	210.526695	0.001055	11.9
523	-0.000000	210.324200	0.000000	12.7
524	-1.083869	210.122224	0.012110	10.9
525	-0.781629	209.920765	0.011379	8.2
526	-1.445943	209.719820	0.011837	8.0
527	-0.517546	209.519387	0.007049	11.8
528	-0.915033	209.319463	0.011957	8.1
529	-1.093496	209.120048	0.006543	7.0
530	-0.610355	208.921139	0.006988	6.8
531	-0.648456	208.722733	0.009615	6.7
532	-0.000000	208.524829	0.000000	11.4
533	-0.000000	208.327425	0.000000	7.8
534	-0.000000	208.130518	0.000000	7.8
535	-0.080762	207.934107	0.002700	8.5
536	-1.028468	207.738189	0.014684	7.4
537	-0.238151	207.542762	0.003695	7.8
538	-0.000009	207.347825	0.000005	8.1
539	-0.795779	207.153376	0.010173	6.9
540	-0.568746	206.959412	0.010603	6.8
541	-0.881282	206.765932	0.009874	6.9
542	-0.817011	206.572933	0.010753	11.2
543	-0.587878	206.380414	0.009768	7.9
544	-0.134929	206.188373	0.001710	11.9
545	-0.218274	205.996807	0.003788	6.8
546	-0.070533	205.805716	0.001099	9.0
547	-0.955442	205.615096	0.009157	12.0
548	-1.111043	205.424946	0.012788	7.2
549	-0.000000	205.235265	0.000000	7.1
550	-1.146895	205.046050	0.009900	6.7
551	-0.978262	204.857299	0.014027	10.7
552	-0.122456	204.669011	0.002446	6.5
553	-0.000000	204.481184	0.000000	6.7
554	-1.366735	204.293816	0.007357	6.8
555	-0.418647	204.106905	0.008666	6.5
556	-0.899719	203.920449	0.011318	9.2
557	-0.612739	203.734447	0.014327	8.0
558	-0.917952	203.548896	0.010997	12.2
559	-0.416459	203.363795	0.007043	7.9
560	-0.138422	203.179143	0.001313	10.1
561	-0.404023	202.994937	0.007974	11.8
562	-1.115961	202.811176	0.011105	6.8
563	-0.512379	202.627857	0.008159	6.9
564	-0.259480	202.444980	0.002865	7.8
565	-0.219602	202.262543	0.004137	6.8
566	-1.000257	202.080543	0.013568	7.3
567	-0.119207	201.898979	0.002233	8.0
568	-0.000000	201.717849	0.000000	11.0
569	-0.816184	201.537153	0.004975	7.7
570	-1.317214	201.356887	0.008531	6.9
571	-1.335470	201.177050	0.014605	9.4
572	-0.135730	200.997642	0.001048	6.9
573	-0.296165	200.818659	0.006850	6.9
574	-0.000000	200.640100	0.000000	6.5
575	-1.125359	200.461965	0.010468	7.0
576	-1.077016	200.284250	0.019312	7.8
577	-0.000000	200.106955	0.000000	6.5
578	-0.453219	199.930078	0.003610	6.7
579	-0.760949	199.753617	0.005674	9.7
580	-0.000000	199.577571	0.000000	7.4
581	-1.183643	199.401938	0.006795	7.2
582	-0.000000	199.226717	0.000000	7.7
583	-1.050331	199.051905	0.007546	7.1
584	-0.644039	198.877502	0.010394	9.0
585	-0.139202	198.703506	0.001827	9.0
586	-1.167733	198.529916	0.010198	7.7
587	-0.000000	198.356729	0.000000	8.2
588	-0.000000	198.183944	0.000000	7.9
589	-0.340669	198.011560	0.008796	6.9
590	-1.340945	197.839576	0.008757	6.9
591	-0.324092	197.667989	0.003961	12.2
592	-0.190033	197.496798	0.005854	7.8
593	-1.163733	197.326002	0.004544	6.9
594	-0.739925	197.155600	0.009363	6.6
595	-0.169111	196.985589	0.001970	6.7
596	-1.243946	196.815969	0.006940	12.4
597	-0.000000	196.646738	0.000000	12.6
598	-0.184711	196.477894	0.005125	6.7
599	-0.000000	196.309436	0.000000	6.6
600	-0.174290	196.141363	0.001175	7.7
601	-0.027114	195.973673	0.001923	10.4
602	-0.775841	195.806365	0.008999	6.6
603	-0.353737	195.639437	0.011962	6.5
604	-0.808795	195.472888	0.005389	7.4
605	-0.804453	195.306717	0.006660	8.0
606	-0.000000	195.140922	0.000000	6.8
607	-0.514025	194.975501	0.020365	9.1
608	-0.309470	194.810454	0.004738	12.3
609	-0.000000	194.645779	0.000000	11.4
610	-0.726238	194.481475	0.004985	7.7
611	-0.755929	194.317540	0.008867	6.6
612	-0.779138	194.153973	0.012752	9.4
613	-0.926866	193.990773	0.012295	6.5
614	-1.327307	193.827938	0.010109	12.0
615	-0.082422	193.665467	0.001956	17.4
616	-1.058028	193.503358	0.010221	7.8
617	-0.296504	193.341611	0.009496	6.6
618	-0.348004	193.180224	0.005954	10.8
619	-0.419041	193.019196	0.005087	8.9
620	-0.088253	192.858525	0.001214	11.8
621	-0.928306	192.698210	0.023449	6.5
622	-0.670622	192.538251	0.007553	13.0
623	-0.883237	192.378644	0.015401	8.4
624	-0.487347	192.219391	0.006963	9.5
625	-1.319346	192.060488	0.016382	7.9
626	-0.017602	191.901935	0.000416	7.7
627	-1.071626	191.743730	0.006053	7.1
628	-0.131073	191.585873	0.001992	8.0
629	-0.000000	191.428362	0.000000	13.2
630	-0.539005	191.271196	0.003320	12.2
631	-0.000498	191.114374	0.000007	12.5
632	-0.775318	190.957893	0.015652	2.9
633	-0.153695	190.801755	0.000820	11.8
634	-0.000000	190.645956	0.000000	8.0
635	-0.645061	190.490495	0.002835	11.9
636	-1.011050	190.335373	0.003716	12.0
637	-0.000000	190.180587	0.000000	6.7
638	-0.484407	190.026136	0.006395	6.7
639	-0.881554	189.872019	0.011169	11.9
640	-0.000000	189.718235	0.000000	7.0
641	-0.025593	189.564782	0.000950	11.3
642	-0.366570	189.411661	0.002852	6.5
643	-0.369810	189.258868	0.005527	12.0
644	-0.000000	189.106404	0.000000	6.8
645	-0.000000	188.954267	0.000000	10.4
646	-0.203678	188.802456	0.003773	6.5
647	-0.341561	188.650969	0.006369	11.5
648	-0.850241	188.499807	0.004861	7.2
649	-1.003713	188.348967	0.005151	7.1
650	-0.061304	188.198448	0.001291	7.6
651	-1.112404	188.048250	0.011230	11.7
652	-0.785604	187.898371	0.009197	14.9
653	-0.040792	187.748810	0.001956	3.6
654	-0.000000	187.599566	0.000000	6.4
655	-0.000000	187.450638	0.000000	6.8
656	-1.217962	187.302025	0.010294	6.7
657	-1.175470	187.153725	0.015594	9.3
658	-0.000000	187.005739	0.000000	8.1
659	-0.748550	186.858064	0.008899	7.8
660	-0.058018	186.710699	0.000844	6.5
661	-1.307881	186.563645	0.002563	6.9
662	-0.018868	186.416898	0.002194	6.5
663	-0.946619	186.270459	0.008543	13.8
664	-0.000000	186.124326	0.000000	12.4
665	-0.548327	185.978499	0.005257	12.1
666	-0.576812	185.832976	0.006555	9.2
667	-0.702347	185.687756	0.006032	6.6
668	-0.017025	185.542838	0.000434	6.8
669	-0.022484	185.398222	0.000442	6.7
670	-0.000000	185.253906	0.000000	11.7
671	-0.947481	185.109889	0.009242	7.0
672	-0.788590	184.966170	0.008110	7.4
673	-0.591763	184.822748	0.008088	6.9
674	-0.588095	184.679623	0.006030	13.4
675	-0.139208	184.536792	0.005451	10.4
676	-0.933536	184.394256	0.007750	8.8
677	-0.000000	184.252013	0.000000	6.9
678	-1.169887	184.110062	0.007971	11.9
679	-0.671866	183.968403	0.007548	6.4
680	-0.002225	183.827034	0.000402	7.1
681	-0.330476	183.685954	0.010415	12.3
682	-0.000000	183.545163	0.000000	8.6
683	-0.375162	183.404658	0.003954	12.0
684	-1.222864	183.264441	0.021960	7.2
685	-1.067382	183.124509	0.011388	12.7
686	-0.314920	182.984861	0.008261	6.1
687	-0.386468	182.845497	0.005281	7.5
688	-0.683831	182.706416	0.007259	7.5
689	-0.578051	182.567616	0.005646	9.6
690	-0.960237	182.429098	0.008822	9.0
691	-0.838914	182.290859	0.003837	8.0
692	-0.154910	182.152899	0.002440	6.6
693	-0.000000	182.015217	0.000000	11.9
694	-0.702016	181.877813	0.006305	6.3
695	-0.632105	181.740684	0.005288	7.4
696	-0.000000	181.603832	0.000000	9.6
697	-0.222141	181.467253	0.003022	7.7
698	-0.733920	181.330948	0.003999	8.5
699	-0.431800	181.194916	0.006449	6.9
700	-1.284587	181.059155	0.009765	8.4
701	-0.509068	180.923666	0.018027	6.8
702	-0.005174	180.788446	0.000334	6.8
703	-0.000000	180.653496	0.000000	11.7
704	-0.896667	180.518814	0.014252	8.7
705	-0.755210	180.384399	0.006948	7.1
706	-0.437376	180.250251	0.005818	6.0
707	-0.000000	180.116369	0.000000	7.0
708	-0.898154	179.982752	0.015492	13.1
709	-0.000000	179.849398	0.000000	8.0
710	-0.977142	179.716308	0.007302	11.7
711	-1.187927	179.583480	0.010444	6.8
712	-0.457084	179.450913	0.011703	8.9
713	-0.000000	179.318607	0.000000	7.5
714	-0.693234	179.186561	0.011057	8.3
715	-0.493279	179.054774	0.013299	7.7
716	-0.060946	178.923245	0.002438	6.6
717	-0.000000	178.791973	0.000000	13.5
718	-0.001020	178.660958	0.000218	7.7
719	-0.146114	178.530199	0.003976	7.3
720	-0.974756	178.399694	0.004689	8.1
721	-1.062614	178.269444	0.009464	7.8
722	-0.000000	178.139447	0.000000	7.3
723	-1.209768	178.009702	0.012922	7.5
724	-1.175956	177.880209	0.013196	7.3
725	-0.000000	177.750967	0.000000	6.5
726	-0.605015	177.621975	0.006397	6.8
727	-0.000000	177.493232	0.000000	8.3
728	-0.000000	177.364738	0.000000	12.1
729	-0.838351	177.236492	0.008048	7.8
730	-1.146555	177.108492	0.019546	6.4
731	-0.766579	176.980739	0.008715	12.1
732	-1.075644	176.853231	0.006122	7.5
733	-1.115129	176.725968	0.015921	6.9
734	-0.000000	176.598949	0.000000	8.5
735	-0.000000	176.472173	0.000000	7.1
736	-1.011366	176.345639	0.011795	7.2
737	-0.926955	176.219348	0.015866	7.5
738	-0.019285	176.093296	0.000652	6.2
739	-0.611374	175.967486	0.013446	7.2
740	-0.145712	175.841914	0.000822	6.9
741	-0.139376	175.716581	0.002695	6.9
742	-0.275445	175.591486	0.007224	15.1
743	-1.277943	175.466629	0.016136	5.5
744	-0.938114	175.342008	0.011367	9.8
745	-0.000000	175.217622	0.000000	10.0
746	-0.077995	175.093472	0.006733	11.9
747	-1.327798	174.969556	0.013289	12.0
748	-0.000020	174.845873	0.000010	6.7
749	-0.576176	174.722423	0.009737	6.6
750	-1.423320	174.599206	0.011355	6.8
751	-0.000000	174.476220	0.000000	6.5
752	-0.000000	174.353464	0.000000	13.7
753	-0.867960	174.230939	0.012967	7.3
754	-0.126734	174.108643	0.000734	6.5
755	-0.124814	173.986576	0.002484	11.5
756	-0.094220	173.864737	0.001354	13.8
757	-1.115303	173.743124	0.015814	4.2
758	-0.000000	173.621739	0.000000	6.3
759	-1.320115	173.500579	0.013806	10.8
760	-0.000001	173.379645	0.000000	11.4
761	-0.000001	173.258935	0.000001	6.4
762	-0.003081	173.138449	0.000377	8.0
763	-0.210875	173.018186	0.004108	11.7
764	-1.343332	172.898146	0.009780	12.2
765	-0.002212	172.778327	0.000391	7.9
766	-0.879545	172.658730	0.003574	7.0
767	-1.217330	172.539353	0.007473	9.0
768	-0.980418	172.420196	0.008209	7.7
769	-0.714279	172.301258	0.011412	8.1
770	-0.865709	172.182539	0.006002	6.5
771	-0.233246	172.064037	0.003271	6.9
772	-0.000000	171.945753	0.000000	6.6
773	-0.000000	171.827686	0.000000	7.3
774	-0.000000	171.709834	0.000000	7.1
775	-0.561299	171.592198	0.011805	13.3
776	-0.000276	171.474776	0.000094	11.8
777	-0.439967	171.357568	0.008376	7.9
778	-0.000000	171.240574	0.000000	11.9
779	-0.000000	171.123793	0.000000	6.6
780	-0.252187	171.007223	0.006138	6.9
781	-0.229677	170.890865	0.002719	6.6
782	-0.586395	170.774718	0.005720	8.0
783	-0.449851	170.658782	0.007695	7.3
784	-1.482670	170.543055	0.010211	6.7
785	-1.338810	170.427537	0.012736	9.4
786	-0.799205	170.312227	0.010888	7.4
787	-0.971009	170.197125	0.008209	7.0
788	-0.000000	170.082231	0.000000	6.9
789	-0.000000	169.967543	0.000000	7.2
790	-0.784703	169.853061	0.011343	11.9
791	-0.206259	169.738784	0.005140	8.0
792	-0.095818	169.624713	0.001663	11.3
793	-0.000000	169.510845	0.000000	5.9
794	-0.962556	169.397181	0.006756	6.7
795	-0.597370	169.283720	0.009283	6.6
796	-0.621053	169.170462	0.005084	6.5
797	-0.528972	169.057405	0.005434	12.4
798	-0.344087	168.944549	0.007662	7.1
799	-0.000044	168.831895	0.000019	12.2
800	-0.722785	168.719440	0.007644	10.1
801	-0.000000	168.607185	0.000000	7.9
802	-1.387527	168.495129	0.011196	12.0
803	-0.000000	168.383271	0.000000	7.5
804	-1.175945	168.271611	0.008647	12.2
805	-1.407966	168.160148	0.012535	8.0
806	-0.795138	168.048882	0.012908	6.6
807	-0.000000	167.937812	0.000000	9.3
808	-0.466326	167.826938	0.004912	6.8
809	-0.240155	167.716258	0.002188	7.0
810	-0.252682	167.605773	0.003046	7.1
811	-1.268821	167.495482	0.010408	6.9
812	-0.000000	167.385384	0.000000	7.4
813	-0.637353	167.275479	0.005620	7.5
814	-0.450933	167.165766	0.004209	10.5
815	-0.063367	167.056245	0.000721	6.6
816	-0.683328	166.946915	0.007718	11.6
817	-0.000000	166.837776	0.000000	10.5
818	-1.034657	166.728826	0.003728	6.3
819	-0.000000	166.620067	0.000000	10.4
820	-0.153843	166.511496	0.003270	7.0
821	-1.454957	166.403113	0.015357	8.6
822	-0.532882	166.294919	0.008037	11.9
823	-0.520568	166.186912	0.007052	6.8
824	-0.200641	166.079091	0.002982	12.3
825	-0.000101	165.971458	0.000034	7.5
826	-1.284439	165.864009	0.013501	7.2
827	-0.900684	165.756747	0.005491	12.5
828	-0.047831	165.649669	0.000866	8.9
829	-0.055081	165.542775	0.000487	6.7
830	-0.050446	165.436065	0.002872	7.3
831	-0.000000	165.329538	0.000000	7.1
832	-0.000001	165.223194	0.000000	10.9
833	-1.011309	165.117032	0.010028	6.8
834	-0.803833	165.011052	0.006518	13.3
835	-0.867925	164.905253	0.016209	12.3
836	-0.656924	164.799635	0.008999	7.6
837	-0.636757	164.694197	0.005709	7.2
838	-0.157262	164.588939	0.005620	7.3
839	-1.097961	164.483859	0.013490	7.0
840	-1.071299	164.378959	0.007431	6.7
841	-0.254781	164.274237	0.004973	7.4
842	-0.010142	164.169692	0.000510	8.0
843	-1.267264	164.065325	0.014515	12.0
844	-0.000005	163.961135	0.000002	14.4
845	-0.000000	163.857120	0.000000	12.2
846	-0.972240	163.753282	0.011463	7.0
847	-1.076232	163.649619	0.006352	6.5
848	-1.052502	163.546130	0.004548	6.6
849	-0.000000	163.442816	0.000000	7.6
850	-0.556872	163.339676	0.004514	8.9
851	-0.000000	163.236709	0.000000	7.9
852	-1.181441	163.133915	0.022204	6.4
853	-0.011189	163.031294	0.000748	6.5
854	-0.436681	162.928844	0.006191	6.4
855	-0.393741	162.826566	0.006977	6.7
856	-0.594628	162.724459	0.018546	7.5
857	-0.845285	162.622523	0.005680	10.0
858	-0.000000	162.520757	0.000000	3.9
859	-0.840446	162.419160	0.007700	6.8
860	-0.447315	162.317733	0.007646	8.2
861	-0.186369	162.216474	0.002198	7.8
862	-0.350720	162.115383	0.004354	7.3
863	-0.545605	162.014461	0.008773	6.7
864	-0.547473	161.913705	0.004603	6.8
865	-0.000000	161.813117	0.000000	6.5
866	-0.670715	161.712695	0.010069	12.3
867	-0.000000	161.612439	0.000000	6.4
868	-0.000000	161.512349	0.000000	7.0
869	-1.403694	161.412424	0.017187	12.8
870	-0.613304	161.312663	0.005862	6.4
871	-0.000000	161.213067	0.000000	11.1
872	-0.504717	161.113635	0.004841	5.3
873	-1.186714	161.014366	0.012343	11.5
874	-0.046747	160.915260	0.001633	3.1
875	-1.101253	160.816316	0.008878	8.0
876	-0.273749	160.717535	0.006163	6.6
877	-0.023997	160.618915	0.000527	6.6
878	-0.369908	160.520456	0.005649	6.8
879	-0.900047	160.422158	0.010067	9.1
880	-0.267373	160.324021	0.008199	12.0
881	-0.012670	160.226043	0.000644	6.7
882	-0.000000	160.128225	0.000000	14.1
883	-0.449918	160.030566	0.005686	7.0
884	-0.000000	159.933066	0.000000	12.0
885	-0.766328	159.835723	0.008197	7.0
886	-0.000000	159.738539	0.000000	6.4
887	-0.470323	159.641512	0.008248	6.6
888	-0.425194	159.544642	0.002648	7.1
889	-0.389407	159.447929	0.004114	8.3
890	-0.000000	159.351372	0.000000	6.5
891	-0.048462	159.254971	0.000106	7.3
892	-0.003237	159.158725	0.000152	10.0
893	-0.000000	159.062634	0.000000	8.3
894	-1.143422	158.966697	0.008806	7.4
895	-1.493501	158.870915	0.006018	15.4
896	-0.506241	158.775286	0.008172	14.0
897	-0.114726	158.679811	0.002028	7.1
898	-0.197982	158.584489	0.004108	7.7
899	-0.002650	158.489319	0.000262	7.1
900	-1.109155	158.394302	0.004190	8.4
901	-0.766375	158.299436	0.005174	6.8
902	-0.950486	158.204721	0.011180	6.9
903	-0.990289	158.110158	0.013640	10.2
904	-1.042277	158.015745	0.005853	7.4
905	-0.000000	157.921482	0.000000	7.4
906	-1.095313	157.827369	0.013277	9.0
907	-1.212851	157.733406	0.015635	7.3
908	-0.964934	157.639591	0.014509	8.8
909	-1.058228	157.545925	0.015803	7.3
910	-0.717258	157.452408	0.005883	6.9
911	-0.672249	157.359038	0.018433	7.0
912	-1.186446	157.265816	0.010129	6.9
913	-0.008129	157.172741	0.000760	12.8
914	-0.929151	157.079813	0.004724	7.3
915	-0.000000	156.987031	0.000000	6.4
916	-1.312092	156.894395	0.007359	12.0
917	-0.965978	156.801904	0.007049	14.4
918	-0.075007	156.709559	0.001112	9.0
919	-0.596802	156.617359	0.005578	7.2
920	-0.000000	156.525304	0.000000	9.8
921	-1.257703	156.433392	0.006837	11.9
922	-0.000012	156.341624	0.000007	8.5
923	-0.021128	156.250000	0.002795	7.3
924	-0.967920	156.158519	0.010310	5.5
925	-0.000000	156.067180	0.000000	6.3
926	-0.000000	155.975984	0.000000	12.0
927	-0.374077	155.884930	0.006818	10.3
928	-1.292174	155.794017	0.014553	14.9
929	-0.363961	155.703246	0.010024	3.2
930	-0.000000	155.612615	0.000000	8.7
931	-0.491566	155.522125	0.008631	6.9
932	-0.119687	155.431775	0.000567	6.3
933	-0.130988	155.341565	0.001942	6.7
934	-0.446123	155.251495	0.011610	6.6
935	-0.000000	155.161563	0.000000	12.1
936	-0.173139	155.071771	0.002967	5.7
937	-1.162582	154.982117	0.009356	10.1
938	-1.061040	154.892601	0.008334	12.4
939	-0.000000	154.803222	0.000000	7.2
940	-0.000000	154.713981	0.000000	7.2
941	-1.208498	154.624878	0.009670	12.7
942	-0.392711	154.535910	0.002893	7.5
943	-0.000000	154.447080	0.000000	6.8
944	-1.382066	154.358385	0.015696	12.2
945	-0.696604	154.269826	0.006955	8.8
946	-0.000000	154.181402	0.000000	7.7
947	-1.176973	154.093114	0.007946	9.9
948	-0.548637	154.004960	0.006427	6.7
949	-0.000000	153.916940	0.000000	6.5
950	-0.000000	153.829054	0.000000	8.4
951	-0.293311	153.741303	0.003816	7.9
952	-0.257154	153.653684	0.003338	8.7
953	-0.096717	153.566198	0.002338	8.2
954	-0.966777	153.478846	0.009163	10.8
955	-1.227415	153.391625	0.014662	7.2
956	-0.163254	153.304537	0.006143	7.0
957	-1.427751	153.217580	0.016717	7.2
958	-1.308051	153.130755	0.015404	7.9
959	-0.135202	153.044061	0.001400	6.8
960	-0.170065	152.957498	0.002294	12.8
961	-0.267145	152.871065	0.006026	10.3
962	-0.761008	152.784762	0.012075	8.2
963	-0.852463	152.698589	0.004659	11.7
964	-0.777637	152.612545	0.013260	8.4
965	-0.146038	152.526631	0.001324	6.8
966	-0.407737	152.440845	0.009108	7.2
967	-0.254180	152.355188	0.006204	11.0
968	-0.472331	152.269660	0.009678	10.3
969	-0.040254	152.184259	0.001850	6.6
970	-1.073390	152.098986	0.012027	6.8
971	-0.950789	152.013840	0.013274	10.5
972	-0.291440	151.928821	0.002888	6.8
973	-0.000000	151.843928	0.000000	12.1
974	-0.221000	151.759163	0.007931	8.8
975	-0.000021	151.674523	0.000011	6.5
976	-0.172352	151.590009	0.004297	12.2
977	-0.968490	151.505620	0.007828	8.9
978	-1.033861	151.421357	0.008409	6.7
979	-1.040188	151.337218	0.019992	7.0
980	-0.000000	151.253204	0.000000	10.1
981	-0.000000	151.169314	0.000000	7.0
982	-0.219296	151.085549	0.003440	7.2
983	-0.000000	151.001907	0.000000	9.7
984	-0.000678	150.918388	0.000082	11.9
985	-0.482454	150.834992	0.008538	15.9
986	-0.371993	150.751719	0.010301	8.8
987	-0.004732	150.668569	0.000258	6.8
988	-1.083736	150.585541	0.009468	7.9
989	-0.238444	150.502634	0.005520	12.5
990	-0.000000	150.419849	0.000000	6.7
991	-0.059803	150.337186	0.000569	8.6
992	-1.135408	150.254644	0.007193	6.6
993	-1.043593	150.172222	0.008453	9.3
994	-0.273133	150.089921	0.005837	7.0
995	-0.966102	150.007740	0.007002	7.0
996	-0.000000	149.925679	0.000000	9.8
997	-0.006208	149.843737	0.000426	12.3
998	-0.573448	149.761915	0.002884	8.2
999	-0.000330	149.680212	0.000128	9.6
1000	-0.592639	149.598627	0.004799	6.7
1001	-1.436232	149.517161	0.010080	6.7
1002	-0.993553	149.435814	0.014785	6.9
1003	-0.550907	149.354584	0.006369	7.1
1004	-0.125835	149.273472	0.000607	12.1
1005	-0.000000	149.192477	0.000000	5.8
1006	-0.849393	149.111599	0.009885	6.9
1007	-0.563396	149.030838	0.011815	9.0
1008	-0.721752	148.950194	0.017365	12.7
1009	-1.385217	148.869666	0.012651	7.5
1010	-1.011438	148.789253	0.013373	12.0
1011	-0.720671	148.708957	0.006549	5.7
1012	-0.439723	148.628776	0.004640	7.0
1013	-0.240626	148.548710	0.004181	6.7
1014	-0.000000	148.468759	0.000000	11.9
1015	-0.526013	148.388923	0.003400	6.1
1016	-0.572835	148.309201	0.004975	6.7
1017	-0.171141	148.229594	0.001955	6.6
1018	-1.129599	148.150100	0.006274	13.4
1019	-1.377942	148.070719	0.011208	7.4
1020	-1.280764	147.991452	0.009000	6.5
1021	-0.212937	147.912298	0.002632	12.6
1022	-0.771921	147.833257	0.010217	6.6
1023	-0.000000	147.754329	0.000000	6.6
1024	-0.358942	147.675512	0.003213	12.3
1025	-0.252162	147.596808	0.002850	7.2
1026	-0.119482	147.518216	0.001693	7.2
1027	-0.861798	147.439735	0.012196	7.2
1028	-1.410050	147.361365	0.007280	7.6
1029	-0.000151	147.283106	0.000062	11.2
1030	-0.915823	147.204958	0.014537	14.8
1031	-1.096471	147.126920	0.008908	10.6
1032	-0.519577	147.048993	0.010649	10.4
1033	-0.819804	146.971175	0.012136	8.1
1034	-0.742755	146.893468	0.006770	7.8
1035	-0.138832	146.815869	0.002407	7.2
1036	-0.967200	146.738380	0.004849	10.2
1037	-0.533437	146.661000	0.007803	6.9
1038	-0.253612	146.583729	0.003633	7.5
1039	-0.000000	146.506566	0.000000	6.7
1040	-0.859728	146.429511	0.008286	12.2
1041	-0.000000	146.352565	0.000000	16.7
1042	-0.000000	146.275726	0.000000	9.0
1043	-0.409708	146.198994	0.006689	5.9
1044	-0.302372	146.122370	0.012571	4.4
1045	-1.187552	146.045853	0.004281	6.5
1046	-0.770149	145.969442	0.005808	10.2
1047	-1.319039	145.893139	0.005401	8.2
1048	-0.000000	145.816941	0.000000	12.1
1049	-0.147762	145.740849	0.004863	6.1
1050	-1.193756	145.664863	0.011594	9.2
1051	-0.000000	145.588983	0.000000	11.8
1052	-0.875761	145.513208	0.016195	7.8
1053	-0.137371	145.437538	0.001587	10.4
1054	-0.171015	145.361973	0.003273	7.3
1055	-0.000000	145.286513	0.000000	10.2
1056	-0.740133	145.211157	0.007196	5.9
1057	-0.000000	145.135905	0.000000	12.1
1058	-0.953137	145.060757	0.005345	10.8
1059	-0.542086	144.985712	0.002775	7.7
1060	-0.843152	144.910771	0.010970	13.5
1061	-0.330118	144.835934	0.002676	11.2
1062	-0.110631	144.761199	0.002992	7.6
1063	-1.065605	144.686567	0.010154	11.8
1064	-0.000000	144.612037	0.000000	5.9
1065	-1.071222	144.537610	0.008414	10.4
1066	-0.283742	144.463285	0.008657	6.8
1067	-0.000002	144.389062	0.000001	11.6
1068	-0.000106	144.314940	0.000043	7.4
1069	-1.013850	144.240920	0.004927	6.6
1070	-0.000000	144.167001	0.000000	8.8
1071	-0.000000	144.093182	0.000000	11.4
1072	-0.319186	144.019465	0.006167	14.6
1073	-0.000001	143.945848	0.000001	7.6
1074	-0.000000	143.872331	0.000000	6.6
1075	-0.000000	143.798914	0.000000	8.7
1076	-0.505572	143.725597	0.003603	6.8
1077	-0.308959	143.652380	0.004309	6.6
1078	-0.000000	143.579262	0.000000	9.2
1079	-0.000000	143.506243	0.000000	7.2
1080	-0.556086	143.433323	0.007118	8.7
1081	-0.404698	143.360502	0.010668	6.5
1082	-0.856591	143.287780	0.017884	8.2
1083	-0.510818	143.215155	0.005227	13.1
1084	-0.000000	143.142629	0.000000	8.4
1085	-1.046281	143.070201	0.011971	7.2
1086	-0.358907	142.997870	0.014738	12.2
1087	-0.636981	142.925637	0.011055	6.9
1088	-0.262175	142.853501	0.006223	6.6
1089	-1.447916	142.781462	0.005424	6.7
1090	-0.305380	142.709519	0.001955	7.4
1091	-0.996746	142.637674	0.009156	6.8
1092	-0.000000	142.565924	0.000000	13.4
1093	-0.000000	142.494271	0.000000	5.6
1094	-0.000000	142.422714	0.000000	6.0
1095	-0.000000	142.351252	0.000000	12.2
1096	-0.403522	142.279886	0.003059	9.6
1097	-1.260571	142.208616	0.002684	6.9
1098	-0.002045	142.137440	0.000357	6.9
1099	-1.020262	142.066360	0.014577	8.9
1100	-0.599131	141.995374	0.009533	8.1
1101	-0.000000	141.924483	0.000000	6.3
1102	-0.306823	141.853685	0.007633	11.9
1103	-0.000000	141.782983	0.000000	6.3
1104	-0.136805	141.712373	0.000417	7.2
1105	-0.588096	141.641858	0.004976	7.0
1106	-0.058290	141.571436	0.001256	8.3
1107	-1.136834	141.501108	0.019075	6.8
1108	-0.906904	141.430872	0.008680	11.8
1109	-0.785315	141.360730	0.007663	8.0
1110	-0.000000	141.290680	0.000000	9.3
1111	-0.243306	141.220722	0.002327	6.6
1112	-1.394796	141.150857	0.006904	7.0
1113	-1.137712	141.081084	0.010287	6.7
1114	-0.000000	141.011403	0.000000	7.4
1115	-1.038674	140.941813	0.009769	6.8
1116	-0.000000	140.872315	0.000000	12.2
1117	-0.000000	140.802909	0.000000	6.6
1118	-1.104817	140.733593	0.006911	6.8
1119	-0.000000	140.664369	0.000000	12.2
1120	-0.570792	140.595235	0.010408	8.2
1121	-0.798554	140.526192	0.012510	12.5
1122	-0.000011	140.457239	0.000006	7.0
1123	-0.866268	140.388376	0.008006	7.2
1124	-0.453517	140.319603	0.001804	7.1
1125	-0.557779	140.250920	0.002998	6.6
1126	-1.204504	140.182326	0.007327	10.0
1127	-0.794453	140.113822	0.009710	5.0
1128	-0.864098	140.045407	0.007665	6.6
1129	-0.435132	139.977081	0.013098	6.7
1130	-1.301588	139.908844	0.008774	7.1
1131	-1.514219	139.840696	0.008405	7.8
1132	-0.357386	139.772635	0.006830	11.4
1133	-0.674328	139.704664	0.010412	13.2
1134	-1.055942	139.636780	0.009832	7.3
1135	-0.747362	139.568984	0.005724	6.9
1136	-1.055846	139.501276	0.008913	7.0
1137	-0.541021	139.433655	0.007127	7.1
1138	-0.000008	139.366122	0.000005	9.2
1139	-1.300407	139.298676	0.008754	7.9
1140	-0.000000	139.231317	0.000000	7.9
1141	-0.948922	139.164045	0.005804	7.9
1142	-1.223135	139.096859	0.012960	10.3
1143	-0.530896	139.029760	0.007072	8.4
1144	-0.536832	138.962747	0.007881	9.1
1145	-0.000000	138.895820	0.000000	11.9
1146	-1.185114	138.828978	0.005080	6.5
1147	-0.000000	138.762223	0.000000	6.4
1148	-0.039131	138.695553	0.000224	12.3
1149	-1.093194	138.628969	0.014950	10.6
1150	-0.000000	138.562469	0.000000	7.3
1151	-0.922294	138.496055	0.007887	6.2
1152	-0.011286	138.429725	0.001065	6.5
1153	-1.071536	138.363481	0.007939	6.9
1154	-0.561808	138.297320	0.007403	7.5
1155	-0.475000	138.231244	0.005980	9.2
1156	-1.285242	138.165252	0.007561	11.9
1157	-0.567378	138.099344	0.008733	11.7
1158	-0.484039	138.033520	0.006897	10.2
1159	-0.221505	137.967779	0.007126	7.1
1160	-0.000000	137.902122	0.000000	6.3
1161	-0.006418	137.836548	0.000163	8.0
1162	-0.513204	137.771057	0.011022	7.0
1163	-0.186635	137.705649	0.003428	8.9
1164	-0.334972	137.640324	0.003972	6.8
1165	-0.259460	137.575081	0.005785	6.7
1166	-0.191165	137.509921	0.001310	11.8
1167	-1.236861	137.444842	0.014665	14.2
1168	-0.000000	137.379846	0.000000	6.4
1169	-0.544562	137.314932	0.012629	11.9
1170	-0.775216	137.250100	0.008749	8.3
1171	-0.000263	137.185349	0.000103	6.8
1172	-0.813452	137.120680	0.016828	7.1
1173	-0.869532	137.056092	0.007529	6.5
1174	-0.206520	136.991585	0.003700	6.8
1175	-0.724745	136.927158	0.008602	11.9
1176	-1.045465	136.862813	0.005521	13.5
1177	-0.000004	136.798548	0.000002	11.7
1178	-0.000000	136.734363	0.000000	6.8
1179	-0.000000	136.670259	0.000000	7.7
1180	-0.504508	136.606235	0.012091	12.2
1181	-0.000000	136.542291	0.000000	6.5
1182	-0.974403	136.478426	0.005817	7.0
1183	-0.000000	136.414641	0.000000	6.5
1184	-0.691907	136.350936	0.005770	9.7
1185	-0.322996	136.287310	0.004764	11.2
1186	-0.748256	136.223763	0.010296	7.9
1187	-1.091873	136.160295	0.006279	7.8
1188	-1.398711	136.096905	0.011576	7.0
1189	-0.333356	136.033594	0.004273	12.8
1190	-0.401159	135.970362	0.007312	7.5
1191	-0.831459	135.907208	0.004116	7.0
1192	-0.354853	135.844133	0.003806	7.0
1193	-0.177264	135.781135	0.003244	10.3
1194	-0.158030	135.718215	0.003221	11.5
1195	-0.566484	135.655373	0.004548	11.5
1196	-1.056690	135.592608	0.013124	11.7
1197	-0.491258	135.529921	0.005617	8.8
1198	-0.163928	135.467311	0.001790	11.7
1199	-0.486996	135.404778	0.009610	7.3
1200	-1.192885	135.342322	0.009716	13.5
1201	-0.000000	135.279942	0.000000	11.0
1202	-0.707105	135.217640	0.007834	11.6
1203	-0.506506	135.155413	0.006030	6.5
1204	-1.084778	135.093263	0.010435	9.9
1205	-0.000000	135.031190	0.000000	7.9
1206	-0.542527	134.969192	0.003026	8.1
1207	-0.960905	134.907270	0.008037	11.4
1208	-0.000000	134.845424	0.000000	6.7
1209	-0.778922	134.783653	0.013874	14.8
1210	-0.757196	134.721958	0.011624	7.4
1211	-0.224581	134.660338	0.002490	6.6
1212	-0.000216	134.598793	0.000079	6.7
1213	-1.380948	134.537323	0.003793	7.0
1214	-0.488610	134.475927	0.004731	8.0
1215	-0.360094	134.414607	0.006218	6.7
1216	-1.103415	134.353361	0.006172	6.8
1217	-1.074988	134.292189	0.008489	7.0
1218	-0.377355	134.231092	0.003794	6.7
1219	-0.898142	134.170068	0.009230	7.1
1220	-0.357441	134.109119	0.002628	6.5
1221	-0.000000	134.048243	0.000000	7.1
1222	-0.011949	133.987441	0.001785	6.6
1223	-0.273363	133.926713	0.005490	7.2
1224	-0.000000	133.866057	0.000000	12.0
1225	-0.000000	133.805475	0.000000	8.5
1226	-1.357954	133.744966	0.034199	6.5
1227	-1.361677	133.684530	0.012896	9.5
1228	-0.000000	133.624167	0.000000	6.4
1229	-0.606186	133.563877	0.003449	6.9
1230	-0.017257	133.503658	0.000354	7.2
1231	-0.149481	133.443513	0.001430	12.2
1232	-0.810494	133.383439	0.011654	7.0
1233	-0.723147	133.323437	0.008601	6.5
1234	-0.519912	133.263508	0.012014	11.8
1235	-0.281861	133.203650	0.005677	17.4
1236	-0.802776	133.143864	0.011156	1.9
1237	-0.990217	133.084149	0.009372	10.0
1238	-0.000000	133.024506	0.000000	7.9
1239	-0.569611	132.964934	0.013238	11.9
1240	-0.792215	132.905433	0.004480	6.7
1241	-0.000000	132.846003	0.000000	6.6
1242	-1.119373	132.786643	0.006009	6.5
1243	-0.640616	132.727355	0.012958	7.3
1244	-0.065658	132.668137	0.004459	11.8
1245	-0.012744	132.608989	0.000421	8.6
1246	-0.000000	132.549912	0.000000	7.9
1247	-0.401460	132.490904	0.009916	11.9
1248	-0.818334	132.431967	0.005193	7.4
1249	-0.421623	132.373100	0.006606	6.8
1250	-0.293445	132.314302	0.008320	6.6
1251	-0.074721	132.255574	0.001463	10.9
1252	-0.093459	132.196916	0.002492	7.9
1253	-0.090887	132.138326	0.001859	6.6
1254	-0.988927	132.079806	0.016166	7.8
1255	-0.000000	132.021355	0.000000	9.4
1256	-0.000000	131.962973	0.000000	7.4
1257	-1.435775	131.904660	0.014699	12.3
1258	-0.000000	131.846415	0.000000	13.4
1259	-0.761833	131.788239	0.011565	7.1
1260	-0.564923	131.730131	0.003136	7.4
1261	-0.555557	131.672092	0.005158	8.1
1262	-0.063473	131.614121	0.003970	7.9
1263	-0.000000	131.556217	0.000000	9.5
1264	-0.000000	131.498382	0.000000	10.3
1265	-0.000000	131.440614	0.000000	6.3
1266	-0.525313	131.382914	0.008464	7.3
1267	-1.033174	131.325282	0.005347	7.6
1268	-0.699729	131.267717	0.015994	10.3
1269	-0.797062	131.210219	0.005259	11.8
1270	-0.006617	131.152788	0.000611	7.9
1271	-0.239638	131.095424	0.003198	11.6
1272	-0.000000	131.038127	0.000000	4.5
1273	-0.228240	130.980897	0.004384	6.9
1274	-0.000000	130.923733	0.000000	10.1
1275	-0.321115	130.866636	0.005814	7.4
1276	-0.040475	130.809605	0.000491	14.5
1277	-0.326462	130.752641	0.002856	5.2
1278	-0.000000	130.695742	0.000000	7.0
1279	-1.009051	130.638910	0.007255	12.1
1280	-0.864440	130.582143	0.006299	8.2
1281	-0.539153	130.525442	0.013104	6.3
1282	-0.000000	130.468807	0.000000	6.6
1283	-0.946601	130.412237	0.014075	5.9
1284	-0.000000	130.355733	0.000000	13.8
1285	-0.060200	130.299294	0.001237	6.6
1286	-0.860113	130.242920	0.003692	6.8
1287	-1.279825	130.186611	0.010284	7.6
1288	-0.285464	130.130366	0.008108	12.0
1289	-0.028739	130.074187	0.001272	7.7
1290	-0.000000	130.018072	0.000000	6.7
1291	-0.831692	129.962022	0.012800	8.4
1292	-0.305917	129.906036	0.004735	8.7
1293	-0.000000	129.850114	0.000000	11.6
1294	-0.721047	129.794257	0.008920	6.8
1295	-0.498610	129.738463	0.010431	6.6
1296	-1.149810	129.682734	0.025969	6.4
1297	-0.437277	129.627068	0.004472	8.2
1298	-0.837631	129.571466	0.009270	7.9
1299	-0.861620	129.515927	0.002944	6.6
1300	-0.744493	129.460452	0.006423	12.3
1301	-0.207114	129.405040	0.003564	7.2
1302	-0.089297	129.349692	0.002172	11.8
1303	-0.635546	129.294406	0.009255	13.0
1304	-0.767034	129.239183	0.008977	7.2
1305	-0.594918	129.184024	0.010734	7.3
1306	-0.625978	129.128927	0.007635	6.8
1307	-0.851706	129.073892	0.019976	8.4
1308	-1.124146	129.018921	0.005976	7.3
1309	-0.333434	128.964011	0.006094	6.4
1310	-1.289006	128.909164	0.006084	6.6
1311	-0.000000	128.854379	0.000000	6.7
1312	-0.766704	128.799656	0.011457	11.6
1313	-0.003504	128.744995	0.000422	7.9
1314	-0.867491	128.690396	0.015746	7.5
1315	-0.000000	128.635858	0.000000	11.6
1316	-1.068061	128.581382	0.014842	8.5
1317	-0.492112	128.526968	0.007316	11.9
1318	-1.045669	128.472615	0.006700	6.8
1319	-0.126074	128.418323	0.001371	6.6
1320	-0.940782	128.364092	0.012613	6.5
1321	-1.016697	128.309922	0.013168	7.8
1322	-0.000000	128.255814	0.000000	7.9
1323	-1.146773	128.201766	0.008125	11.9
1324	-0.177958	128.147778	0.000650	6.9
1325	-0.554408	128.093852	0.010284	7.1
1326	-0.000000	128.039985	0.000000	12.4
1327	-0.196125	127.986180	0.002437	12.7
1328	-0.021765	127.932434	0.000305	6.5
1329	-0.460585	127.878749	0.005055	7.1
1330	-0.000000	127.825123	0.000000	6.9
1331	-0.428602	127.771558	0.002986	7.8
1332	-0.458505	127.718052	0.006556	12.0
1333	-0.000167	127.664606	0.000066	2.8
1334	-1.446911	127.611220	0.009850	6.5
1335	-0.571017	127.557893	0.008663	10.6
1336	-0.529297	127.504625	0.004534	12.7
1337	-0.000000	127.451417	0.000000	6.6
1338	-0.448731	127.398268	0.011461	11.6
1339	-1.289815	127.345178	0.009940	8.7
1340	-0.890185	127.292147	0.007514	11.9
1341	-0.000000	127.239175	0.000000	6.6
1342	-1.057815	127.186261	0.015889	6.5
1343	-1.259139	127.133407	0.012587	6.9
1344	-0.044126	127.080610	0.000880	7.7
1345	-0.248228	127.027872	0.010907	6.6
1346	-1.154752	126.975193	0.015719	12.4
1347	-0.780649	126.922572	0.003784	6.9
1348	-0.529339	126.870008	0.005125	10.0
1349	-0.269743	126.817503	0.007722	12.4
1350	-0.320359	126.765056	0.013000	8.3
1351	-0.441244	126.712667	0.006683	10.0
1352	-0.449076	126.660335	0.007566	6.2
1353	-1.005606	126.608061	0.014317	7.4
1354	-1.116271	126.555844	0.009936	10.5
1355	-0.996865	126.503685	0.010516	6.3
1356	-1.187765	126.451583	0.012949	11.8
1357	-0.811013	126.399538	0.009301	6.9
1358	-0.000044	126.347550	0.000025	7.4
1359	-0.068739	126.295619	0.001118	11.9
1360	-0.000000	126.243745	0.000000	11.9
1361	-0.088747	126.191928	0.001977	6.8
1362	-0.000000	126.140168	0.000000	9.0
1363	-0.506578	126.088464	0.007708	7.9
1364	-0.000002	126.036817	0.000001	16.9
1365	-1.014206	125.985226	0.007474	7.0
1366	-0.968086	125.933691	0.005795	6.7
1367	-1.058114	125.882212	0.009826	7.7
1368	-0.729349	125.830790	0.013598	8.8
1369	-0.000000	125.779423	0.000000	8.8
1370	-0.908671	125.728113	0.010720	6.8
1371	-0.709931	125.676858	0.007894	12.9
1372	-0.658847	125.625659	0.005073	11.7
1373	-1.356499	125.574515	0.009142	10.7
1374	-0.000000	125.523427	0.000000	11.3
1375	-0.500629	125.472394	0.003320	9.5
1376	-0.936626	125.421417	0.005488	11.0
1377	-0.816179	125.370495	0.009825	7.7
1378	-1.038994	125.319628	0.012261	9.2
1379	-1.088534	125.268815	0.009804	11.8
1380	-1.073032	125.218058	0.006627	12.9
1381	-0.509731	125.167356	0.006937	7.3
1382	-1.262851	125.116708	0.011251	7.3
1383	-1.025385	125.066115	0.012994	7.2
1384	-1.223732	125.015576	0.009011	9.8
1385	-0.468059	124.965092	0.006437	7.2
1386	-0.000000	124.914662	0.000000	10.0
1387	-0.549479	124.864287	0.004931	6.7
1388	-0.420256	124.813965	0.005670	6.7
1389	-0.409159	124.763698	0.002430	8.0
1390	-1.018254	124.713485	0.010435	6.8
1391	-1.031261	124.663325	0.008480	6.7
1392	-0.000000	124.613219	0.000000	7.0
1393	-0.000000	124.563167	0.000000	9.3
1394	-0.000000	124.513168	0.000000	13.9
1395	-0.391719	124.463223	0.009109	6.2
1396	-1.279329	124.413332	0.007518	6.7
1397	-0.000000	124.363493	0.000000	6.7
1398	-1.324022	124.313708	0.014149	7.0
1399	-1.183642	124.263976	0.013378	6.7
1400	-0.063820	124.214297	0.001611	6.7
1401	-0.862198	124.164671	0.012310	6.6
1402	-0.000000	124.115097	0.000000	6.6
1403	-1.239346	124.065577	0.019041	7.0
1404	-0.687164	124.016109	0.006556	6.8
1405	-1.416171	123.966693	0.009072	7.8
1406	-0.630432	123.917330	0.009460	8.4
1407	-0.376234	123.868020	0.001989	8.7
1408	-0.000000	123.818762	0.000000	7.7
1409	-0.000000	123.769556	0.000000	7.5
1410	-0.900103	123.720402	0.009807	15.9
1411	-0.000000	123.671300	0.000000	2.7
1412	-1.363334	123.622250	0.018385	6.4
1413	-1.337971	123.573252	0.005880	11.9
1414	-1.041043	123.524305	0.013987	7.2
1415	-0.643086	123.475411	0.013231	7.2
1416	-0.000000	123.426568	0.000000	7.5
1417	-0.016834	123.377776	0.000168	6.4
1418	-0.639025	123.329036	0.003452	11.6
1419	-0.216129	123.280347	0.002956	7.4
1420	-0.754294	123.231709	0.014860	8.9
1421	-0.000000	123.183122	0.000000	6.8
1422	-0.000000	123.134587	0.000000	6.8
1423	-0.016589	123.086102	0.000853	11.8
1424	-0.000003	123.037669	0.000001	6.8
1425	-0.000014	122.989286	0.000005	6.5
1426	-0.000000	122.940954	0.000000	6.8
1427	-0.000000	122.892672	0.000000	6.4
1428	-0.858357	122.844441	0.008628	12.4
1429	-0.638355	122.796261	0.005345	9.5
1430	-0.041738	122.748130	0.001412	11.9
1431	-0.729543	122.700050	0.006267	10.9
1432	-0.898769	122.652021	0.010595	6.0
1433	-0.000000	122.604041	0.000000	6.7
1434	-0.000000	122.556111	0.000000	6.5
1435	-0.979974	122.508232	0.011060	6.6
1436	-1.291259	122.460402	0.013757	6.6
1437	-0.486907	122.412622	0.010427	7.1
1438	-0.303161	122.364891	0.007270	6.6
1439	-0.121322	122.317210	0.001690	16.0
1440	-0.780654	122.269579	0.005369	4.2
1441	-0.348852	122.221997	0.005418	6.6
1442	-0.428696	122.174465	0.008900	14.1
1443	-0.000000	122.126981	0.000000	10.9
1444	-1.082055	122.079547	0.023797	7.6
1445	-1.391607	122.032162	0.011909	6.6
1446	-0.931003	121.984826	0.011159	8.2
1447	-1.024742	121.937539	0.006814	11.5
1448	-0.407816	121.890301	0.007371	6.4
1449	-0.000000	121.843112	0.000000	11.3
1450	-1.134919	121.795971	0.006059	7.5
1451	-0.446247	121.748879	0.003020	6.6
1452	-0.047103	121.701835	0.002888	9.4
1453	-1.251634	121.654840	0.014866	6.7
1454	-0.685507	121.607893	0.011048	9.1
1455	-0.573620	121.560994	0.014396	7.9
1456	-0.000000	121.514144	0.000000	11.9
1457	-1.341222	121.467342	0.007763	7.1
1458	-0.000000	121.420588	0.000000	6.6
1459	-0.000000	121.373882	0.000000	6.6
1460	-0.145463	121.327223	0.001935	11.4
1461	-0.770567	121.280613	0.012278	7.9
1462	-1.155218	121.234050	0.014614	6.5
1463	-0.000000	121.187535	0.000000	6.4
1464	-0.000000	121.141067	0.000000	6.1
1465	-0.318071	121.094647	0.002961	11.7
1466	-0.903086	121.048274	0.007133	8.5
1467	-0.473918	121.001949	0.008269	12.1
1468	-0.710059	120.955671	0.015241	6.7
1469	-0.129796	120.909440	0.001401	9.5
1470	-0.827567	120.863256	0.010205	11.7
1471	-1.272215	120.817119	0.006209	6.1
1472	-0.000000	120.771029	0.000000	6.9
1473	-0.952594	120.724986	0.014403	6.8
1474	-0.697849	120.678990	0.005885	7.0
1475	-0.524513	120.633040	0.006288	6.9
1476	-0.844787	120.587137	0.005895	7.0
1477	-0.545221	120.541281	0.004870	6.9
1478	-0.342084	120.495471	0.004088	7.5
1479	-0.098243	120.449707	0.003834	12.4
1480	-0.719301	120.403990	0.003998	9.9
1481	-1.148418	120.358319	0.012217	12.0
1482	-1.308867	120.312694	0.026066	6.6
1483	-0.000000	120.267115	0.000000	11.9
1484	-0.493214	120.221582	0.006733	6.7
1485	-0.764351	120.176096	0.012821	6.8
1486	-0.642061	120.130655	0.012494	7.1
1487	-1.120062	120.085260	0.008160	9.9
1488	-1.143978	120.039910	0.014987	7.9
1489	-0.114146	119.994606	0.002371	14.6
1490	-0.591715	119.949348	0.002676	12.8
1491	-0.022326	119.904135	0.000491	8.4
1492	-0.232015	119.858968	0.007458	11.9
1493	-0.486795	119.813846	0.010055	6.7
1494	-0.190850	119.768769	0.001605	6.8
1495	-0.442131	119.723738	0.008896	6.8
1496	-0.410390	119.678752	0.005111	7.4
1497	-0.739943	119.633810	0.012601	8.0
1498	-0.000000	119.588914	0.000000	6.8
1499	-0.261611	119.544062	0.002997	13.2
1500	-0.000000	119.499256	0.000000	9.4
1501	-1.295343	119.454494	0.011109	11.9
1502	-0.464815	119.409777	0.008089	9.8
1503	-0.516084	119.365104	0.004924	6.9
1504	-0.000000	119.320476	0.000000	6.6
1505	-0.000000	119.275893	0.000000	6.7
1506	-1.087614	119.231353	0.005575	10.4
1507	-0.000000	119.186859	0.000000	7.0
1508	-0.000000	119.142408	0.000000	6.6
1509	-1.151884	119.098002	0.006171	6.8
1510	-0.350773	119.053639	0.007792	6.7
1511	-0.000000	119.009321	0.000000	11.8
1512	-0.376868	118.965047	0.001626	18.6
1513	-0.088414	118.920816	0.003423	2.7
1514	-0.009182	118.876630	0.000608	9.3
1515	-0.390394	118.832487	0.005824	10.5
1516	-0.199751	118.788388	0.003831	6.7
1517	-0.918647	118.744332	0.011496	6.8
1518	-1.163615	118.700320	0.012104	6.6
1519	-0.674413	118.656352	0.005262	6.7
1520	-0.924186	118.612427	0.005886	13.8
1521	-0.000000	118.568545	0.000000	6.9
1522	-0.000000	118.524706	0.000000	12.2
1523	-0.797080	118.480911	0.003710	12.1
1524	-0.453117	118.437159	0.005909	7.1
1525	-0.816260	118.393450	0.009476	7.5
1526	-0.886611	118.349784	0.018285	6.8
1527	-1.008163	118.306160	0.006232	10.9
1528	-0.935845	118.262580	0.013404	8.1
1529	-0.071113	118.219042	0.001236	7.2
1530	-1.479479	118.175548	0.011529	7.1
1531	-0.848383	118.132095	0.011303	6.9
1532	-0.521272	118.088686	0.004628	7.1
1533	-0.400379	118.045319	0.001085	9.0
1534	-0.936200	118.001994	0.005845	12.1
1535	-0.000635	117.958712	0.000129	7.9
1536	-0.778567	117.915472	0.010838	16.0
1537	-0.885593	117.872274	0.011692	8.0
1538	-0.497150	117.829118	0.006578	11.8
1539	-0.194995	117.786005	0.002804	11.9
1540	-0.000000	117.742933	0.000000	5.9
1541	-0.000000	117.699904	0.000000	9.9
1542	-0.741154	117.656916	0.009730	12.4
1543	-0.940716	117.613971	0.008537	3.6
1544	-1.380780	117.571067	0.010691	6.8
1545	-0.863899	117.528205	0.003808	10.0
1546	-0.435487	117.485384	0.005898	7.4
1547	-0.098818	117.442605	0.001789	6.7
1548	-0.000000	117.399867	0.000000	6.4
1549	-0.000000	117.357171	0.000000	6.7
1550	-0.020976	117.314517	0.000484	6.7
1551	-0.000000	117.271903	0.000000	9.7
1552	-0.907607	117.229331	0.006610	6.6
1553	-0.518205	117.186800	0.007652	7.3
1554	-0.470117	117.144311	0.009217	7.6
1555	-0.500215	117.101862	0.006181	10.2
1556	-0.917105	117.059454	0.017447	12.5
1557	-0.000000	117.017087	0.000000	6.5
1558	-0.828547	116.974762	0.006103	12.3
1559	-0.433861	116.932476	0.006117	7.6
1560	-0.902212	116.890232	0.012488	7.9
1561	-1.314144	116.848028	0.006991	8.6
1562	-0.103049	116.805865	0.001401	6.8
1563	-0.548929	116.763743	0.004653	6.7
1564	-0.807926	116.721661	0.009216	10.3
1565	-1.075242	116.679619	0.011514	9.1
1566	-0.619015	116.637618	0.014359	7.5
1567	-0.217861	116.595657	0.004581	6.9
1568	-0.000000	116.553736	0.000000	8.8
1569	-1.278879	116.511855	0.012781	6.9
1570	-0.000000	116.470015	0.000000	17.0
1571	-0.563857	116.428214	0.004144	9.4
1572	-0.000000	116.386454	0.000000	4.4
1573	-0.180627	116.344733	0.004394	11.9
1574	-1.277749	116.303052	0.010354	7.0
1575	-0.000062	116.261412	0.000010	12.8
1576	-0.201943	116.219810	0.002430	6.7
1577	-0.796969	116.178249	0.019522	7.0
1578	-0.581766	116.136727	0.008141	12.9
1579	-1.339351	116.095245	0.006628	8.4
1580	-0.532256	116.053802	0.007379	6.8
1581	-0.000000	116.012398	0.000000	6.7
1582	-0.655380	115.971034	0.006939	7.0
1583	-1.128980	115.929710	0.007659	15.8
1584	-1.305138	115.888424	0.010119	6.7
1585	-0.171448	115.847178	0.004050	9.9
1586	-0.923006	115.805970	0.010448	6.5
1587	-1.354087	115.764802	0.007964	6.9
1588	-0.912771	115.723673	0.006403	6.8
1589	-0.527360	115.682583	0.007069	7.5
1590	-0.000000	115.641532	0.000000	11.4
1591	-0.166261	115.600519	0.003530	9.3
1592	-1.442420	115.559546	0.010946	7.7
1593	-0.000000	115.518610	0.000000	8.2
1594	-0.000000	115.477714	0.000000	7.9
1595	-1.049773	115.436856	0.005444	12.0
1596	-0.000005	115.396037	0.000003	11.9
1597	-0.084946	115.355256	0.001421	12.7
1598	-0.526768	115.314514	0.004797	3.1
1599	-0.000000	115.273810	0.000000	6.8
1600	-0.204722	115.233144	0.003398	11.8
1601	-0.000002	115.192517	0.000001	7.3
1602	-0.676063	115.151927	0.015693	8.4
1603	-0.000000	115.111376	0.000000	7.9
1604	-0.304269	115.070863	0.005867	8.5
1605	-0.000000	115.030388	0.000000	6.9
1606	-0.000000	114.989951	0.000000	8.4
1607	-0.000000	114.949551	0.000000	11.8
1608	-1.374499	114.909190	0.007779	7.8
1609	-0.000000	114.868866	0.000000	6.9
1610	-0.111539	114.828580	0.002622	7.6
1611	-0.918322	114.788332	0.009495	11.9
1612	-0.215494	114.748121	0.006045	7.2
1613	-0.602307	114.707948	0.003173	11.9
1614	-0.005597	114.667812	0.000985	5.8
1615	-0.017793	114.627714	0.001341	6.8
1616	-0.251445	114.587653	0.007313	8.4
1617	-0.374520	114.547629	0.002719	8.0
1618	-0.548504	114.507643	0.006564	6.9
1619	-1.021660	114.467693	0.011632	6.6
1620	-0.319932	114.427781	0.005168	7.6
1621	-0.000000	114.387907	0.000000	10.6
1622	-0.202924	114.348069	0.003910	6.6
1623	-0.000000	114.308268	0.000000	11.2
1624	-0.556856	114.268504	0.005143	4.2
1625	-0.000000	114.228777	0.000000	11.4
1626	-0.497695	114.189086	0.006033	12.3
1627	-1.191647	114.149433	0.006034	7.2
1628	-0.624702	114.109816	0.009190	10.3
1629	-0.000000	114.070235	0.000000	4.1
1630	-0.398613	114.030692	0.009567	11.0
1631	-0.506291	113.991185	0.002295	6.7
1632	-0.550841	113.951714	0.010484	8.2
1633	-1.189594	113.912280	0.004380	7.3
1634	-0.000000	113.872882	0.000000	12.3
1635	-0.336747	113.833521	0.008698	8.8
1636	-0.114658	113.794195	0.001812	8.1
1637	-0.961726	113.754906	0.007890	7.5
1638	-1.162875	113.715653	0.007925	8.3
1639	-1.008365	113.676437	0.014384	7.9
1640	-0.266736	113.637256	0.003123	7.9
1641	-0.706668	113.598111	0.011642	11.0
1642	-1.058154	113.559002	0.016253	7.7
1643	-0.512039	113.519929	0.003618	6.6
1644	-0.670794	113.480892	0.012434	17.5
1645	-0.000000	113.441891	0.000000	6.9
1646	-0.328861	113.402925	0.002316	7.7
1647	-1.264430	113.363995	0.009562	6.6
1648	-1.166457	113.325101	0.014997	12.0
1649	-0.000000	113.286242	0.000000	7.4
1650	-0.000000	113.247419	0.000000	12.3
1651	-0.897215	113.208631	0.012269	6.4
1652	-0.216404	113.169879	0.003707	6.6
1653	-1.074786	113.131162	0.011076	7.7
1654	-0.704073	113.092480	0.008774	6.9
1655	-0.000000	113.053833	0.000000	9.1
1656	-0.858277	113.015222	0.012986	7.8
1657	-0.802995	112.976646	0.011256	12.1
1658	-0.000000	112.938105	0.000000	7.0
1659	-0.000000	112.899599	0.000000	6.9
1660	-0.963123	112.861128	0.010674	6.8
1661	-0.614189	112.822692	0.011804	6.5
1662	-0.560516	112.784291	0.004883	7.2
1663	-0.000000	112.745924	0.000000	12.0
1664	-0.566821	112.707593	0.008464	14.2
1665	-0.250972	112.669296	0.006513	2.3
1666	-1.377322	112.631034	0.019019	6.6
1667	-0.424080	112.592806	0.004084	6.9
1668	-0.514293	112.554613	0.006587	13.8
1669	-0.722376	112.516455	0.005688	11.6
1670	-0.965253	112.478331	0.005443	6.2
1671	-0.000000	112.440241	0.000000	12.1
1672	-1.242464	112.402186	0.008236	12.9
1673	-0.795374	112.364165	0.005848	6.8
1674	-0.768690	112.326179	0.007052	14.4
1675	-0.000000	112.288227	0.000000	6.6
1676	-1.039293	112.250309	0.006032	8.0
1677	-0.979723	112.212425	0.014012	10.4
1678	-0.000000	112.174575	0.000000	7.8
1679	-1.121009	112.136759	0.005167	10.1
1680	-1.190382	112.098977	0.010085	12.3
1681	-0.000000	112.061229	0.000000	3.2
1682	-0.934530	112.023515	0.010612	6.9
1683	-0.000000	111.985834	0.000000	6.2
1684	-0.000000	111.948188	0.000000	6.8
1685	-0.334769	111.910575	0.008885	10.8
1686	-0.158368	111.872996	0.003433	8.1
1687	-1.092604	111.835450	0.008522	6.2
1688	-0.171763	111.797939	0.004133	6.6
1689	-0.791712	111.760460	0.006905	6.5
1690	-0.791114	111.723015	0.006499	11.7
1691	-0.631810	111.685604	0.005387	7.0
1692	-0.000000	111.648226	0.000000	6.4
1693	-1.403328	111.610881	0.003336	6.8
1694	-0.795643	111.573570	0.006696	8.1
1695	-0.773712	111.536292	0.009416	13.0
1696	-0.606918	111.499047	0.004489	8.8
1697	-0.662339	111.461835	0.004859	6.8
1698	-0.758311	111.424656	0.010200	7.2
1699	-1.038499	111.387510	0.009820	7.4
1700	-1.287118	111.350398	0.011494	6.4
1701	-0.020842	111.313318	0.001394	7.8
1702	-1.232367	111.276271	0.017142	11.7
1703	-0.199795	111.239257	0.006000	6.7
1704	-0.285354	111.202276	0.003212	6.8
1705	-0.636474	111.165328	0.006987	12.2
1706	-1.326060	111.128412	0.007303	7.1
1707	-0.380367	111.091529	0.013966	7.6
1708	-0.000000	111.054679	0.000000	11.8
1709	-1.123978	111.017861	0.008984	6.8
1710	-0.436362	110.981076	0.007637	6.9
1711	-1.147591	110.944323	0.009641	6.7
1712	-1.149937	110.907603	0.005256	6.6
1713	-1.075618	110.870915	0.014084	7.1
1714	-0.110314	110.834259	0.002248	6.6
1715	-0.650269	110.797636	0.008251	12.4
1716	-0.000000	110.761045	0.000000	7.8
1717	-1.106827	110.724486	0.014387	10.4
1718	-0.410902	110.687959	0.005408	11.9
1719	-0.000000	110.651465	0.000000	12.9
1720	-1.102517	110.615002	0.012018	8.3
1721	-0.033009	110.578572	0.002943	7.9
1722	-0.458597	110.542173	0.007771	8.0
1723	-0.063038	110.505807	0.000825	6.5
1724	-1.353662	110.469472	0.014227	7.4
1725	-0.689382	110.433169	0.007380	7.0
1726	-0.126698	110.396898	0.002307	11.1
1727	-0.469025	110.360659	0.008686	8.0
1728	-0.257728	110.324451	0.007615	7.9
1729	-1.082498	110.288276	0.007503	7.8
1730	-1.047413	110.252131	0.006136	6.7
1731	-1.165396	110.216019	0.006324	7.2
1732	-0.793507	110.179937	0.004867	6.8
1733	-0.649106	110.143888	0.006259	7.0
1734	-0.673444	110.107869	0.007542	6.6
1735	-0.000000	110.071882	0.000000	11.9
1736	-0.566682	110.035927	0.008771	6.5
1737	-0.000000	110.000003	0.000000	9.4
1738	-0.787950	109.964110	0.006038	12.1
1739	-0.777066	109.928248	0.006590	6.5
1740	-0.000000	109.892417	0.000000	7.6
1741	-0.894479	109.856618	0.005987	6.6
1742	-0.819789	109.820850	0.016185	11.5
1743	-0.661492	109.785112	0.003901	12.0
1744	-1.065850	109.749406	0.009621	5.9
1745	-1.361332	109.713730	0.004359	6.6
1746	-0.302208	109.678086	0.007043	6.7
1747	-0.459707	109.642472	0.004592	7.5
1748	-0.125370	109.606890	0.001848	11.7
1749	-1.012970	109.571337	0.010555	15.1
1750	-0.000000	109.535816	0.000000	12.7
1751	-0.196159	109.500326	0.005878	11.8
1752	-0.675507	109.464866	0.007906	11.0
1753	-0.594662	109.429436	0.004378	8.1
1754	-0.000000	109.394038	0.000000	7.9
1755	-0.542698	109.358669	0.013834	12.0
1756	-0.454745	109.323331	0.007823	7.9
1757	-0.000000	109.288024	0.000000	6.2
1758	-0.974911	109.252747	0.007889	6.7
1759	-0.640078	109.217501	0.004256	8.7
1760	-0.003324	109.182284	0.000009	10.1
1761	-0.916899	109.147098	0.015700	6.3
1762	-0.755310	109.111942	0.008568	6.8
1763	-0.598519	109.076817	0.009955	9.3
1764	-0.563770	109.041721	0.005640	9.3
1765	-0.712164	109.006656	0.010238	7.6
1766	-0.000001	108.971620	0.000000	6.5
1767	-0.965800	108.936615	0.008291	9.7
1768	-0.916794	108.901640	0.017022	7.2
1769	-1.311893	108.866694	0.007845	6.8
1770	-0.000000	108.831779	0.000000	7.1
1771	-0.000000	108.796893	0.000000	9.3
1772	-0.627424	108.762037	0.006631	7.2
1773	-0.898784	108.727211	0.006819	4.8
1774	-0.497616	108.692415	0.006892	6.9
1775	-0.365982	108.657648	0.003935	6.8
1776	-0.575490	108.622911	0.008890	6.6
1777	-0.283156	108.588203	0.002155	6.5
1778	-0.000000	108.553525	0.000000	8.0
1779	-1.090942	108.518877	0.005597	6.8
1780	-0.032438	108.484258	0.000760	6.8
1781	-0.811741	108.449668	0.010170	7.6
1782	-1.091100	108.415108	0.012491	11.6
1783	-1.325480	108.380578	0.008058	7.0
1784	-0.787715	108.346076	0.005367	19.8
1785	-0.733786	108.311604	0.008564	7.9
1786	-0.415297	108.277161	0.005849	6.4
1787	-1.227711	108.242747	0.013513	7.7
1788	-0.652404	108.208363	0.004544	14.6
1789	-0.836358	108.174007	0.006002	3.6
1790	-0.981581	108.139681	0.007457	6.5
1791	-0.413790	108.105383	0.004313	7.0
1792	-0.242837	108.071115	0.003900	7.2
1793	-0.455111	108.036875	0.006941	6.7
1794	-0.000000	108.002665	0.000000	7.0
1795	-0.913460	107.968483	0.006481	11.9
1796	-0.000000	107.934330	0.000000	7.3
1797	-0.000000	107.900206	0.000000	12.5
1798	-0.000000	107.866111	0.000000	6.6
1799	-0.236496	107.832044	0.004483	6.8
1800	-0.236253	107.798007	0.001894	6.8
1801	-0.986202	107.763997	0.005222	6.6
1802	-0.000000	107.730017	0.000000	12.0
1803	-0.000000	107.696065	0.000000	8.1
1804	-0.941551	107.662141	0.009200	7.4
1805	-0.000000	107.628246	0.000000	6.5
1806	-0.410639	107.594379	0.005069	9.5
1807	-0.000000	107.560541	0.000000	12.6
1808	-1.096228	107.526731	0.014933	6.8
1809	-0.203931	107.492949	0.003137	6.9
1810	-0.000000	107.459196	0.000000	7.0
1811	-0.869010	107.425471	0.004840	9.3
1812	-1.069924	107.391774	0.011429	9.1
1813	-0.965158	107.358106	0.007403	7.0
1814	-0.000000	107.324465	0.000000	7.8
1815	-0.937141	107.290853	0.007460	7.7
1816	-0.000000	107.257268	0.000000	12.0
1817	-0.485521	107.223712	0.009908	12.0
1818	-0.557292	107.190184	0.006139	12.0
1819	-0.830577	107.156683	0.018727	7.0
1820	-0.566137	107.123211	0.004326	7.3
1821	-0.656638	107.089766	0.006491	7.4
1822	-0.822892	107.056349	0.009306	7.0
1823	-0.194414	107.022960	0.000954	10.7
1824	-0.585393	106.989599	0.005120	7.9
1825	-0.832748	106.956265	0.010333	7.0
1826	-0.988123	106.922960	0.007083	8.9
1827	-0.000000	106.889681	0.000000	7.3
1828	-0.000000	106.856431	0.000000	12.0
1829	-0.952830	106.823208	0.011302	11.8
1830	-1.183517	106.790012	0.014981	12.6
1831	-0.272762	106.756844	0.007823	7.4
1832	-0.000463	106.723703	0.000101	6.4
1833	-0.000000	106.690590	0.000000	15.3
1834	-0.300916	106.657505	0.002159	9.0
1835	-0.385930	106.624446	0.004798	9.5
1836	-0.555439	106.591415	0.006587	11.9
1837	-0.434043	106.558411	0.009816	3.9
1838	-0.054867	106.525435	0.002031	7.0
1839	-0.000000	106.492485	0.000000	7.2
1840	-1.301100	106.459563	0.017476	13.3
1841	-0.966978	106.426668	0.005554	7.9
1842	-0.000000	106.393800	0.000000	7.2
1843	-0.469107	106.360959	0.006900	7.6
1844	-1.147528	106.328145	0.011400	6.5
1845	-0.845074	106.295358	0.015517	6.8
1846	-0.604365	106.262598	0.005846	7.5
1847	-0.000000	106.229865	0.000000	12.2
1848	-0.000000	106.197158	0.000000	6.4
1849	-0.751348	106.164479	0.006115	9.2
1850	-0.759152	106.131826	0.005493	11.9
1851	-1.162382	106.099201	0.010889	14.1
1852	-0.032366	106.066602	0.000859	7.8
1853	-0.007082	106.034029	0.000526	12.3
1854	-0.539268	106.001483	0.007701	7.3
1855	-0.252957	105.968964	0.003464	11.2
1856	-1.300167	105.936472	0.008154	7.5
1857	-0.000001	105.904006	0.000000	7.1
1858	-1.057092	105.871566	0.010952	11.0
1859	-1.227484	105.839153	0.010137	7.0
1860	-0.335707	105.806767	0.008917	11.8
1861	-0.229298	105.774407	0.002658	11.5
1862	-1.377852	105.742073	0.009354	10.5
1863	-0.639167	105.709766	0.006700	7.8
1864	-0.665950	105.677485	0.013387	11.9
1865	-1.203902	105.645230	0.020511	7.8
1866	-0.668456	105.613001	0.014929	6.5
1867	-0.239261	105.580799	0.005036	6.8
1868	-1.421944	105.548623	0.007522	12.1
1869	-0.023712	105.516473	0.003180	7.8
1870	-0.143628	105.484349	0.001648	11.8
1871	-1.029759	105.452251	0.007667	4.8
1872	-0.959450	105.420179	0.005832	12.1
1873	-0.000000	105.388133	0.000000	8.1
1874	-0.782080	105.356113	0.006303	7.2
1875	-0.411296	105.324119	0.004633	6.7
1876	-0.000000	105.292151	0.000000	6.6
1877	-1.147974	105.260209	0.012658	10.8
1878	-0.472339	105.228293	0.005517	12.5
1879	-0.000000	105.196402	0.000000	6.7
1880	-0.541102	105.164537	0.008365	6.7
1881	-0.248754	105.132698	0.002650	7.7
1882	-0.000000	105.100885	0.000000	9.9
1883	-0.000028	105.069097	0.000004	10.8
1884	-1.372817	105.037335	0.014167	7.7
1885	-0.718718	105.005598	0.008871	7.6
1886	-0.334861	104.973887	0.004535	8.3
1887	-1.009171	104.942202	0.020591	7.0
1888	-0.596796	104.910542	0.004083	6.8
1889	-0.926135	104.878907	0.006164	6.6
1890	-0.000000	104.847298	0.000000	8.6
1891	-1.264356	104.815715	0.007365	7.3
1892	-0.000005	104.784156	0.000002	7.0
1893	-1.042565	104.752623	0.008156	9.6
1894	-0.281151	104.721116	0.003546	8.0
1895	-0.234560	104.689633	0.002734	12.1
1896	-0.696790	104.658176	0.005051	13.1
1897	-0.609915	104.626744	0.009113	7.3
1898	-0.000000	104.595337	0.000000	8.8
1899	-0.655311	104.563955	0.004877	7.1
1900	-0.811281	104.532599	0.014639	17.0
1901	-0.102963	104.501267	0.000480	6.2
1902	-1.123753	104.469960	0.008560	6.8
1903	-1.392366	104.438679	0.018155	9.0
1904	-0.000017	104.407422	0.000005	7.9
1905	-1.089678	104.376191	0.015207	8.0
1906	-0.918455	104.344984	0.007349	6.8
1907	-0.000000	104.313802	0.000000	10.7
1908	-0.200524	104.282645	0.001474	7.1
1909	-0.384936	104.251513	0.003811	12.6
1910	-0.000000	104.220405	0.000000	6.7
1911	-1.214058	104.189323	0.011825	6.6
1912	-0.331152	104.158265	0.005167	6.6
1913	-0.320769	104.127231	0.002200	6.8
1914	-1.102043	104.096222	0.017773	7.5
1915	-1.043001	104.065238	0.007275	11.9
1916	-1.006758	104.034279	0.011480	6.7
1917	-0.844497	104.003344	0.009715	7.5
1918	-0.536036	103.972433	0.006719	6.8
1919	-0.000000	103.941547	0.000000	10.6
1920	-0.000039	103.910686	0.000023	7.6
1921	-0.578205	103.879849	0.004555	12.0
1922	-0.532753	103.849036	0.007214	7.1
1923	-0.799687	103.818248	0.007951	8.7
1924	-0.705208	103.787484	0.010852	7.1
1925	-1.331362	103.756744	0.005478	12.2
1926	-0.815429	103.726029	0.002554	12.5
1927	-0.137255	103.695338	0.003463	7.9
1928	-0.747018	103.664671	0.014505	11.9
1929	-0.001695	103.634028	0.000121	7.1
1930	-1.110904	103.603409	0.011880	12.2
1931	-0.000000	103.572814	0.000000	8.6
1932	-1.101900	103.542244	0.006147	7.8
1933	-1.143696	103.511698	0.014352	12.1
1934	-0.434419	103.481175	0.002729	7.7
1935	-0.000000	103.450677	0.000000	7.0
1936	-0.554445	103.420202	0.006185	8.8
1937	-0.286645	103.389752	0.003059	11.9
1938	-1.340616	103.359325	0.009854	6.6
1939	-0.000000	103.328922	0.000000	7.0
1940	-0.128413	103.298543	0.001420	11.8
1941	-1.008121	103.268188	0.005726	7.2
1942	-0.095504	103.237857	0.000565	12.9
1943	-0.000000	103.207549	0.000000	10.0
1944	-0.000000	103.177265	0.000000	6.6
1945	-0.939562	103.147005	0.007143	12.8
1946	-0.626304	103.116768	0.008264	7.8
1947	-0.000000	103.086556	0.000000	6.5
1948	-0.000000	103.056366	0.000000	10.0
1949	-0.000000	103.026200	0.000000	7.4
1950	-0.357315	102.996058	0.004904	7.6
1951	-0.773017	102.965939	0.006898	6.7
1952	-0.593865	102.935844	0.006566	11.9
1953	-0.331866	102.905772	0.009551	17.2
1954	-0.000000	102.875724	0.000000	4.8
1955	-0.861674	102.845699	0.011635	6.7
1956	-0.456700	102.815697	0.005881	9.2
1957	-0.536954	102.785719	0.006873	7.0
1958	-0.000000	102.755764	0.000000	7.0
1959	-1.063473	102.725832	0.007516	7.3
1960	-0.000000	102.695924	0.000000	8.1
1961	-1.444985	102.666038	0.003595	6.9
1962	-1.050610	102.636176	0.021726	6.8
1963	-0.000000	102.606337	0.000000	8.2
1964	-0.471296	102.576521	0.006516	9.8
1965	-1.304652	102.546728	0.009686	6.6
1966	-0.181088	102.516959	0.001063	6.8
1967	-0.090762	102.487212	0.001502	6.5
1968	-0.435590	102.457488	0.005301	12.2
1969	-0.746759	102.427788	0.007034	15.8
1970	-1.240623	102.398110	0.008443	6.9
1971	-0.974405	102.368455	0.007810	7.0
1972	-1.112760	102.338823	0.007134	11.6
1973	-0.000000	102.309214	0.000000	11.5
1974	-0.000000	102.279628	0.000000	12.0
1975	-0.013570	102.250064	0.000667	8.3
1976	-0.779200	102.220524	0.006488	8.1
1977	-0.205804	102.191006	0.003231	6.9
1978	-0.762086	102.161511	0.010292	6.6
1979	-1.159590	102.132038	0.005349	6.3
1980	-0.454230	102.102588	0.007712	7.7
1981	-1.034493	102.073161	0.006694	12.0
1982	-1.078820	102.043757	0.013353	7.8
1983	-1.133652	102.014375	0.004061	11.7
1984	-1.005454	101.985015	0.005101	6.5
1985	-0.547196	101.955678	0.003732	13.4
1986	-0.752450	101.926364	0.005564	11.6
1987	-0.000000	101.897072	0.000000	6.5
1988	-0.000000	101.867802	0.000000	11.2
1989	-1.187649	101.838555	0.017675	7.4
1990	-0.784279	101.809330	0.008336	12.7
1991	-0.000000	101.780128	0.000000	12.1
1992	-0.000000	101.750948	0.000000	6.6
1993	-0.694169	101.721790	0.010950	11.0
1994	-1.207899	101.692654	0.012582	7.3
1995	-0.585637	101.663541	0.006183	8.6
1996	-0.747355	101.634450	0.009704	8.5
1997	-0.271788	101.605381	0.002352	11.3
1998	-1.315689	101.576335	0.006847	7.9
1999	-0.209141	101.547310	0.002462	6.7
