1:ItNr	2:Metric	3:StepSize	4:||Gradient||	Time[ms]
0	-0.173735	627.201626	0.003549	1722.9
1	-0.073919	623.504937	0.000657	11.1
2	-0.093938	619.865785	0.001970	6.4
3	-0.125434	616.282728	0.005017	6.5
4	-0.501770	612.754375	0.004812	6.9
5	-0.292106	609.279381	0.001156	11.8
6	-0.046082	605.856447	0.000830	8.9
7	-0.607634	602.484317	0.005860	6.8
8	-0.485649	599.161779	0.006970	8.8
9	-0.000000	595.887656	0.000000	7.7
10	-0.054438	592.660813	0.000736	6.8
11	-0.136835	589.480151	0.000762	6.9
12	-0.000001	586.344606	0.000000	6.8
13	-0.035456	583.253145	0.000591	11.5
14	-0.315742	580.204771	0.003604	6.3
15	-0.032637	577.198517	0.000770	9.3
16	-0.057307	574.233444	0.000258	6.4
17	-0.000000	571.308645	0.000000	8.1
18	-0.008828	568.423237	0.000403	12.4
19	-0.557397	565.576365	0.005356	6.9
20	-0.381317	562.767201	0.002618	6.8
21	-0.601079	559.994938	0.007123	6.8
22	-0.027029	557.258797	0.000366	7.2
23	-0.052297	554.558018	0.001007	8.0
24	-0.109821	551.891865	0.001460	12.7
25	-0.575705	549.259621	0.007039	7.6
26	-0.205275	546.660592	0.004717	8.2
27	-0.057382	544.094102	0.001626	11.7
28	-0.441847	541.559494	0.003357	5.4
29	-0.000000	539.056129	0.000000	5.9
30	-0.000000	536.583387	0.000000	8.9
31	-0.430991	534.140663	0.006090	6.8
32	-0.632664	531.727370	0.005971	6.7
33	-0.000000	529.342935	0.000000	6.6
34	-0.000000	526.986802	0.000000	10.3
35	-0.000000	524.658430	0.000000	6.8
36	-0.078547	522.357290	0.000677	6.5
37	-0.050971	520.082868	0.001587	6.9
38	-0.014766	517.834665	0.000390	7.0
39	-0.000000	515.612193	0.000000	6.6
40	-0.006081	513.414976	0.000194	6.6
41	-0.001489	511.242551	0.000061	6.4
42	-0.573064	509.094468	0.005573	6.8
43	-0.000000	506.970285	0.000000	6.4
44	-0.577931	504.869574	0.003698	7.5
45	-0.564429	502.791916	0.006472	9.5
46	-0.269888	500.736903	0.006857	10.5
47	-0.095210	498.704137	0.001118	7.4
48	-0.224009	496.693228	0.002773	6.9
49	-0.000000	494.703798	0.000000	12.2
50	-0.000000	492.735476	0.000000	8.1
51	-0.000000	490.787900	0.000000	11.4
52	-0.038801	488.860718	0.001788	9.0
53	-0.640135	486.953585	0.004510	7.2
54	-0.425538	485.066164	0.005064	12.6
55	-0.003218	483.198126	0.000348	6.4
56	-0.091320	481.349149	0.000972	7.6
57	-0.116824	479.518920	0.001501	6.7
58	-0.156221	477.707132	0.001570	12.1
59	-0.000000	475.913485	0.000000	6.6
60	-0.055391	474.137684	0.002752	8.0
61	-0.000000	472.379445	0.000000	7.4
62	-0.000000	470.638485	0.000000	7.1
63	-0.437837	468.914531	0.002191	9.3
64	-0.000000	467.207315	0.000000	7.4
65	-0.209821	465.516573	0.003709	8.5
66	-0.059454	463.842050	0.000351	15.8
67	-0.383509	462.183494	0.004560	6.0
68	-0.000000	460.540658	0.000000	6.9
69	-0.268745	458.913303	0.002157	10.9
70	-0.348865	457.301192	0.003854	6.7
71	-0.103072	455.704096	0.003399	7.3
72	-0.140573	454.121787	0.000713	6.6
73	-0.019991	452.554045	0.000483	12.5
74	-0.108071	451.000653	0.001075	19.3
75	-0.486506	449.461399	0.007095	10.5
76	-0.000284	447.936075	0.000000	12.6
77	-0.644675	446.424477	0.003122	18.2
78	-0.000000	444.926406	0.000000	7.6
79	-0.038673	443.441666	0.001407	12.0
80	-0.043097	441.970065	0.002056	18.1
81	-0.000000	440.511415	0.000000	7.6
82	-0.000000	439.065533	0.000000	8.1
83	-0.049658	437.632238	0.000285	6.9
84	-0.000000	436.211351	0.000000	9.9
85	-0.098705	434.802701	0.001091	14.0
86	-0.269548	433.406117	0.003552	17.1
87	-0.119313	432.021430	0.001793	4.1
88	-0.090170	430.648479	0.002047	12.2
89	-0.040371	429.287101	0.001102	5.8
90	-0.161777	427.937140	0.000206	7.6
91	-0.248469	426.598440	0.003896	9.9
92	-0.000538	425.270849	0.000049	7.4
93	-0.170760	423.954220	0.002185	7.0
94	-0.407055	422.648404	0.006953	6.8
95	-0.000000	421.353259	0.000000	7.4
96	-0.086922	420.068643	0.000578	11.3
97	-0.004104	418.794419	0.000104	5.8
98	-0.527058	417.530451	0.004482	7.0
99	-0.534644	416.276604	0.007464	7.6
100	-0.091304	415.032748	0.000376	7.1
101	-0.671763	413.798754	0.003295	7.1
102	-0.445825	412.574495	0.008178	6.7
103	-0.355664	411.359849	0.003385	6.6
104	-0.493979	410.154691	0.005065	7.7
105	-0.132930	408.958904	0.000560	7.7
106	-0.193974	407.772368	0.003026	6.8
107	-0.000000	406.594968	0.000000	16.0
108	-0.199575	405.426590	0.001866	2.0
109	-0.000000	404.267122	0.000000	12.7
110	-0.000000	403.116456	0.000000	7.9
111	-0.000000	401.974481	0.000000	7.8
112	-0.000181	400.841093	0.000000	7.9
113	-0.000000	399.716187	0.000000	7.4
114	-0.071796	398.599660	0.000313	8.5
115	-0.000000	397.491411	0.000000	8.0
116	-0.000000	396.391342	0.000000	13.0
117	-0.263314	395.299353	0.002051	12.8
118	-0.000003	394.215350	0.000000	13.1
119	-0.000000	393.139238	0.000000	11.8
120	-0.057444	392.070924	0.001099	7.6
121	-0.012145	391.010316	0.000041	13.2
122	-0.000000	389.957325	0.000000	13.1
123	-0.119841	388.911862	0.001780	11.2
124	-0.000000	387.873839	0.000000	12.7
125	-0.154397	386.843173	0.001124	9.1
126	-0.000000	385.819777	0.000000	7.4
127	-0.016545	384.803569	0.000853	6.9
128	-0.131105	383.794468	0.002359	6.6
129	-0.000000	382.792393	0.000000	7.4
130	-0.262968	381.797264	0.003888	7.4
131	-0.000000	380.809005	0.000000	7.2
132	-0.109539	379.827537	0.000837	6.7
133	-0.256679	378.852786	0.001251	6.6
134	-0.031031	377.884678	0.000517	12.1
135	-0.000000	376.923138	0.000000	12.6
136	-0.555702	375.968095	0.001399	12.0
137	-0.090662	375.019479	0.002096	12.2
138	-0.033087	374.077218	0.000939	6.2
139	-0.507762	373.141244	0.003758	11.0
140	-0.546629	372.211489	0.002142	8.0
141	-0.000000	371.287887	0.000000	12.0
142	-0.157918	370.370370	0.002214	7.1
143	-0.059967	369.458876	0.000837	12.7
144	-0.071595	368.553338	0.002320	8.0
145	-0.000000	367.653696	0.000000	16.9
146	-0.316783	366.759885	0.002558	8.8
147	-0.012544	365.871846	0.000251	8.7
148	-0.680675	364.989518	0.008322	14.4
149	-0.000000	364.112841	0.000000	11.4
150	-0.211649	363.241757	0.003190	15.9
151	-0.041690	362.376208	0.001544	13.7
152	-0.012182	361.516137	0.000225	11.9
153	-0.000000	360.661488	0.000000	9.7
154	-0.000000	359.812206	0.000000	16.0
155	-0.126976	358.968236	0.002446	7.7
156	-0.664490	358.129524	0.005218	11.8
157	-0.206504	357.296018	0.001993	14.6
158	-0.389076	356.467665	0.003143	5.6
159	-0.338339	355.644414	0.002887	10.2
160	-0.086192	354.826213	0.000744	7.7
161	-0.000002	354.013012	0.000000	6.6
162	-0.000000	353.204763	0.000000	6.6
163	-0.694388	352.401415	0.003657	6.8
164	-0.260599	351.602922	0.002575	6.8
165	-0.297228	350.809235	0.005309	7.1
166	-0.000000	350.020308	0.000000	9.7
167	-0.000000	349.236095	0.000000	6.6
168	-0.097056	348.456550	0.001494	13.3
169	-0.000000	347.681627	0.000000	4.9
170	-0.017325	346.911283	0.000634	6.7
171	-0.203315	346.145474	0.003014	7.4
172	-0.639970	345.384157	0.005068	6.9
173	-0.055286	344.627288	0.000708	6.6
174	-0.386380	343.874826	0.003869	8.5
175	-0.000000	343.126729	0.000000	7.4
176	-0.570968	342.382957	0.006285	7.6
177	-0.025169	341.643469	0.000725	8.2
178	-0.000000	340.908224	0.000000	7.4
179	-0.005536	340.177184	0.000551	7.9
180	-0.000000	339.450309	0.000000	6.5
181	-0.012846	338.727561	0.000450	9.9
182	-0.004574	338.008902	0.000054	7.4
183	-0.000000	337.294295	0.000000	6.8
184	-0.123466	336.583703	0.000957	8.8
185	-0.000000	335.877089	0.000000	7.7
186	-0.002899	335.174416	0.000012	6.7
187	-0.047753	334.475651	0.000946	11.5
188	-0.000000	333.780756	0.000000	3.6
189	-0.026904	333.089698	0.001073	7.6
190	-0.237742	332.402443	0.003397	9.7
191	-0.021053	331.718955	0.000528	7.1
192	-0.120604	331.039203	0.001874	7.3
193	-0.000000	330.363153	0.000000	12.3
194	-0.023107	329.690771	0.000390	13.3
195	-0.079790	329.022027	0.002201	7.2
196	-0.493670	328.356888	0.002607	8.3
197	-0.166043	327.695322	0.001004	8.1
198	-0.106366	327.037299	0.001108	6.9
199	-0.406817	326.382787	0.002103	7.5
200	-0.061913	325.731758	0.001075	7.4
201	-0.121940	325.084179	0.001188	8.1
202	-0.052150	324.440023	0.001038	7.5
203	-0.304617	323.799258	0.002619	7.1
204	-0.000000	323.161858	0.000000	6.8
205	-0.000000	322.527792	0.000000	11.8
206	-0.000000	321.897034	0.000000	10.0
207	-0.107606	321.269554	0.001600	4.2
208	-0.511875	320.645325	0.004060	11.1
209	-0.000000	320.024320	0.000000	1.7
210	-0.036644	319.406512	0.000294	7.6
211	-0.278460	318.791875	0.001406	6.7
212	-0.012702	318.180381	0.000485	7.0
213	-0.000000	317.572005	0.000000	6.9
214	-0.010844	316.966721	0.000417	6.7
215	-0.000000	316.364504	0.000000	7.1
216	-0.000000	315.765329	0.000000	13.2
217	-0.199036	315.169170	0.003588	8.2
218	-0.000000	314.576003	0.000000	8.2
219	-0.000029	313.985804	0.000003	13.2
220	-0.000000	313.398548	0.000000	5.9
221	-0.000000	312.814213	0.000000	6.6
222	-0.365146	312.232773	0.001172	6.9
223	-0.000162	311.654207	0.000007	6.6
224	-0.000000	311.078491	0.000000	6.7
225	-0.395112	310.505602	0.004555	9.2
226	-0.052301	309.935518	0.001246	6.7
227	-0.287947	309.368217	0.004934	6.9
228	-0.003521	308.803676	0.000008	7.5
229	-0.000000	308.241874	0.000000	8.7
230	-0.269056	307.682789	0.002306	11.9
231	-0.041273	307.126400	0.000743	7.0
232	-0.305899	306.572687	0.002116	7.0
233	-0.015216	306.021627	0.000731	6.8
234	-0.000000	305.473201	0.000000	6.8
235	-0.000000	304.927388	0.000000	6.6
236	-0.064668	304.384168	0.000789	6.7
237	-0.000000	303.843521	0.000000	12.6
238	-0.054189	303.305427	0.001337	5.4
239	-0.053629	302.769867	0.000269	7.1
240	-0.301850	302.236821	0.002475	6.8
241	-0.157369	301.706270	0.000931	7.2
242	-0.000000	301.178196	0.000000	7.5
243	-0.000000	300.652580	0.000000	8.2
244	-0.000000	300.129402	0.000000	8.3
245	-0.114805	299.608645	0.001131	7.2
246	-0.000000	299.090291	0.000000	6.5
247	-0.393664	298.574321	0.006418	7.2
248	-0.040953	298.060718	0.000869	6.5
249	-0.059463	297.549465	0.001446	6.6
250	-0.261434	297.040543	0.002542	12.0
251	-0.074379	296.533936	0.000124	9.5
252	-0.092000	296.029626	0.001767	8.7
253	-0.236157	295.527597	0.001936	11.8
254	-0.014367	295.027832	0.000199	10.1
255	-0.709757	294.530315	0.003453	14.2
256	-0.003172	294.035028	0.000073	11.8
257	-0.040886	293.541956	0.000567	6.9
258	-0.028363	293.051083	0.000764	8.8
259	-0.021919	292.562393	0.000805	11.9
260	-0.000000	292.075870	0.000000	16.0
261	-0.000000	291.591498	0.000000	3.4
262	-0.000000	291.109263	0.000000	12.4
263	-0.000000	290.629149	0.000000	11.7
264	-0.000000	290.151140	0.000000	11.8
265	-0.004120	289.675222	0.000240	13.4
266	-0.128626	289.201380	0.004193	12.0
267	-0.058482	288.729600	0.002230	6.6
268	-0.006938	288.259866	0.000352	18.4
269	-0.071860	287.792165	0.003209	8.0
270	-0.000000	287.326481	0.000000	11.9
271	-0.000000	286.862802	0.000000	12.5
272	-0.000000	286.401113	0.000000	16.0
273	-0.604965	285.941400	0.003102	19.9
274	-0.000000	285.483649	0.000000	11.4
275	-0.669102	285.027847	0.003524	16.0
276	-0.000000	284.573981	0.000000	17.0
277	-0.209375	284.122037	0.002019	3.4
278	-0.123588	283.672002	0.001010	7.2
279	-0.602353	283.223863	0.002983	11.9
280	-0.200162	282.777607	0.003692	12.0
281	-0.000000	282.333221	0.000000	10.2
282	-0.299005	281.890692	0.003215	6.7
283	-0.147099	281.450008	0.003266	9.1
284	-0.000000	281.011157	0.000000	7.1
285	-0.048530	280.574125	0.000982	9.3
286	-0.240508	280.138901	0.002702	13.9
287	-0.001672	279.705473	0.000097	5.9
288	-0.134532	279.273829	0.001065	8.9
289	-0.128128	278.843956	0.002466	6.8
290	-0.054642	278.415844	0.001480	9.1
291	-0.010803	277.989479	0.000334	7.9
292	-0.000000	277.564851	0.000000	7.0
293	-0.000003	277.141949	0.000003	7.2
294	-0.017564	276.720761	0.000569	7.2
295	-0.046879	276.301275	0.000870	7.0
296	-0.319027	275.883480	0.004273	7.5
297	-0.662146	275.467366	0.004143	7.3
298	-0.598930	275.052922	0.004133	7.0
299	-0.000000	274.640136	0.000000	15.0
300	-0.000018	274.228998	0.000009	10.2
301	-0.259538	273.819497	0.002416	12.8
302	-0.518849	273.411623	0.005997	15.6
303	-0.000489	273.005365	0.000010	11.0
304	-0.000000	272.600712	0.000000	5.4
305	-0.020322	272.197655	0.000457	13.5
306	-0.001006	271.796184	0.000010	9.1
307	-0.000000	271.396287	0.000000	11.8
308	-0.446863	270.997956	0.003279	13.4
309	-0.029618	270.601180	0.000475	10.2
310	-0.149160	270.205949	0.000997	13.1
311	-0.419278	269.812254	0.005059	6.7
312	-0.209801	269.420085	0.004398	12.2
313	-0.000000	269.029432	0.000000	3.3
314	-0.482308	268.640287	0.003504	11.2
315	-0.576341	268.252638	0.006475	12.3
316	-0.000000	267.866478	0.000000	14.5
317	-0.148536	267.481796	0.001335	12.7
318	-0.176163	267.098584	0.001852	14.8
319	-0.255785	266.716833	0.002580	8.5
320	-0.016810	266.336533	0.000362	12.0
321	-0.004630	265.957676	0.000165	8.0
322	-0.052102	265.580253	0.000840	13.9
323	-0.000000	265.204254	0.000000	12.5
324	-0.633940	264.829672	0.002996	9.5
325	-0.065160	264.456497	0.000876	11.2
326	-0.000000	264.084721	0.000000	14.2
327	-0.000000	263.714335	0.000000	13.4
328	-0.523426	263.345332	0.003589	3.9
329	-0.546354	262.977702	0.001528	12.8
330	-0.398057	262.611438	0.003185	10.7
331	-0.044592	262.246531	0.000535	10.3
332	-0.585305	261.882973	0.004884	11.2
333	-0.000000	261.520756	0.000000	7.6
334	-0.366024	261.159871	0.002602	10.1
335	-0.061518	260.800312	0.000823	7.6
336	-0.052306	260.442070	0.001366	13.0
337	-0.000000	260.085137	0.000000	6.4
338	-0.108588	259.729505	0.001747	13.2
339	-0.000000	259.375167	0.000000	10.7
340	-0.079873	259.022116	0.001683	18.3
341	-0.322167	258.670343	0.002162	8.4
342	-0.029547	258.319841	0.000113	16.8
343	-0.112101	257.970602	0.001965	2.5
344	-0.037915	257.622620	0.001376	6.8
345	-0.336032	257.275887	0.004167	10.7
346	-0.141042	256.930396	0.002998	8.3
347	-0.161462	256.586139	0.001566	6.5
348	-0.063206	256.243109	0.001550	7.0
349	-0.000000	255.901300	0.000000	6.7
350	-0.000000	255.560703	0.000000	6.9
351	-0.674080	255.221313	0.001725	6.6
352	-0.099483	254.883122	0.001830	7.1
353	-0.262294	254.546124	0.003044	7.0
354	-0.000000	254.210311	0.000000	7.0
355	-0.000000	253.875677	0.000000	6.3
356	-0.007728	253.542215	0.000272	6.7
357	-0.042437	253.209918	0.000974	7.8
358	-0.520183	252.878781	0.005099	6.7
359	-0.511007	252.548795	0.005880	10.8
360	-0.000000	252.219956	0.000000	7.5
361	-0.123545	251.892255	0.000976	6.8
362	-0.267052	251.565688	0.002880	6.6
363	-0.630899	251.240247	0.005793	7.6
364	-0.070410	250.915926	0.001537	6.8
365	-0.053926	250.592720	0.001005	7.4
366	-0.032650	250.270621	0.000250	8.7
367	-0.000000	249.949624	0.000000	18.0
368	-0.718618	249.629723	0.003796	7.7
369	-0.669755	249.310911	0.003551	17.1
370	-0.000000	248.993182	0.000000	12.9
371	-0.221328	248.676531	0.002354	14.1
372	-0.376347	248.360952	0.003214	10.5
373	-0.000000	248.046438	0.000000	14.9
374	-0.000000	247.732984	0.000000	14.6
375	-0.521513	247.420584	0.005851	14.3
376	-0.413106	247.109233	0.001556	8.8
377	-0.504418	246.798924	0.002646	11.7
378	-0.023240	246.489652	0.000175	9.0
379	-0.009448	246.181412	0.000631	14.2
380	-0.549570	245.874197	0.003259	3.5
381	-0.530872	245.568002	0.006711	7.0
382	-0.000000	245.262822	0.000000	8.8
383	-0.034720	244.958652	0.000478	6.8
384	-0.000000	244.655485	0.000000	6.8
385	-0.008175	244.353317	0.000258	12.5
386	-0.000000	244.052142	0.000000	6.9
387	-0.159655	243.751955	0.003518	7.0
388	-0.248841	243.452750	0.002048	9.1
389	-0.000000	243.154523	0.000000	7.3
390	-0.000000	242.857268	0.000000	7.4
391	-0.105277	242.560980	0.002809	9.7
392	-0.344596	242.265654	0.004420	6.8
393	-0.000000	241.971285	0.000000	6.3
394	-0.029859	241.677868	0.000427	7.5
395	-0.433622	241.385397	0.001552	7.4
396	-0.228706	241.093869	0.003855	6.9
397	-0.000000	240.803278	0.000000	6.7
398	-0.301695	240.513619	0.004562	7.3
399	-0.188996	240.224887	0.003318	9.2
400	-0.000277	239.937077	0.000053	8.6
401	-0.000000	239.650186	0.000000	13.0
402	-0.322040	239.364207	0.003976	11.2
403	-0.392923	239.079136	0.005563	5.9
404	-0.043994	238.794969	0.000679	9.8
405	-0.300056	238.511701	0.003437	16.2
406	-0.715318	238.229327	0.003128	16.0
407	-0.000000	237.947843	0.000000	14.1
408	-0.002604	237.667244	0.000018	15.6
409	-0.233176	237.387526	0.001603	7.5
410	-0.000589	237.108684	0.000014	13.0
411	-0.409610	236.830714	0.003440	8.0
412	-0.000000	236.553610	0.000000	7.4
413	-0.169947	236.277370	0.002557	6.5
414	-0.126346	236.001989	0.002693	6.6
415	-0.000000	235.727461	0.000000	7.2
416	-0.288534	235.453784	0.001879	12.5
417	-0.000001	235.180952	0.000001	8.6
418	-0.599404	234.908962	0.003698	6.8
419	-0.009093	234.637809	0.000358	11.6
420	-0.287996	234.367488	0.002944	7.9
421	-0.098217	234.097997	0.001156	6.5
422	-0.000000	233.829331	0.000000	7.8
423	-0.000000	233.561485	0.000000	6.8
424	-0.022196	233.294456	0.000265	6.9
425	-0.000000	233.028239	0.000000	7.2
426	-0.253986	232.762831	0.005026	12.1
427	-0.028236	232.498228	0.000950	6.6
428	-0.238210	232.234425	0.002516	7.9
429	-0.018924	231.971419	0.000360	12.5
430	-0.113786	231.709205	0.003362	7.1
431	-0.000000	231.447781	0.000000	14.5
432	-0.082259	231.187141	0.002034	12.5
433	-0.095179	230.927283	0.000322	11.7
434	-0.000001	230.668202	0.000000	9.3
435	-0.000000	230.409895	0.000000	7.3
436	-0.062995	230.152358	0.000642	7.6
437	-0.022459	229.895587	0.000696	6.6
438	-0.004845	229.639578	0.000121	11.0
439	-0.623158	229.384329	0.005455	11.0
440	-0.427826	229.129834	0.002941	9.9
441	-0.239697	228.876091	0.002336	16.8
442	-0.592941	228.623096	0.005218	9.2
443	-0.036927	228.370846	0.000476	6.8
444	-0.094223	228.119336	0.001915	14.1
445	-0.002098	227.868563	0.000044	12.2
446	-0.280713	227.618525	0.002558	7.1
447	-0.000000	227.369216	0.000000	11.6
448	-0.000000	227.120635	0.000000	9.7
449	-0.000000	226.872777	0.000000	5.8
450	-0.666124	226.625638	0.005688	7.4
451	-0.000000	226.379217	0.000000	7.2
452	-0.650253	226.133509	0.006840	7.1
453	-0.207796	225.888510	0.004088	8.7
454	-0.409281	225.644218	0.001411	7.4
455	-0.000000	225.400630	0.000000	6.7
456	-0.715178	225.157741	0.002887	6.5
457	-0.167321	224.915549	0.002232	7.6
458	-0.000000	224.674051	0.000000	7.4
459	-0.000000	224.433242	0.000000	6.5
460	-0.089346	224.193121	0.002150	7.1
461	-0.000000	223.953684	0.000000	6.7
462	-0.113743	223.714927	0.003576	6.9
463	-0.204167	223.476848	0.000798	12.5
464	-0.052267	223.239444	0.001052	15.6
465	-0.078989	223.002710	0.001185	3.0
466	-0.233125	222.766645	0.002674	16.6
467	-0.012822	222.531245	0.000405	3.0
468	-0.000000	222.296508	0.000000	12.9
469	-0.331037	222.062429	0.005078	13.6
470	-0.190785	221.829007	0.003417	9.7
471	-0.000000	221.596238	0.000000	13.9
472	-0.002601	221.364119	0.000157	20.1
473	-0.000000	221.132647	0.000000	13.1
474	-0.000000	220.901820	0.000000	14.4
475	-0.022897	220.671634	0.000040	13.2
476	-0.039184	220.442086	0.000873	7.2
477	-0.025664	220.213174	0.000746	13.8
478	-0.049315	219.984895	0.001271	7.5
479	-0.000773	219.757246	0.000049	7.7
480	-0.547123	219.530224	0.004913	12.1
481	-0.384160	219.303826	0.004852	6.9
482	-0.113062	219.078050	0.001251	7.2
483	-0.009180	218.852893	0.000481	7.2
484	-0.001299	218.628352	0.000106	7.0
485	-0.584037	218.404424	0.001797	9.6
486	-0.000000	218.181106	0.000000	9.8
487	-0.372857	217.958397	0.004281	7.7
488	-0.016292	217.736292	0.000500	9.3
489	-0.000000	217.514790	0.000000	10.5
490	-0.000040	217.293888	0.000001	8.1
491	-0.615886	217.073584	0.006967	11.2
492	-0.158222	216.853873	0.001769	6.8
493	-0.025873	216.634755	0.000509	11.7
494	-0.000000	216.416227	0.000000	8.9
495	-0.170226	216.198285	0.000907	12.1
496	-0.532027	215.980927	0.004448	11.7
497	-0.666102	215.764151	0.002540	7.1
498	-0.000000	215.547955	0.000000	12.7
499	-0.088743	215.332335	0.001977	13.1
500	-0.652817	215.117289	0.004593	12.9
501	-0.011561	214.902815	0.000113	13.1
502	-0.168278	214.688911	0.001529	15.2
503	-0.003665	214.475573	0.000430	12.3
504	-0.349425	214.262800	0.003603	11.9
505	-0.335862	214.050588	0.002670	9.7
506	-0.000000	213.838936	0.000000	16.1
507	-0.027047	213.627842	0.000562	8.4
508	-0.008387	213.417302	0.000299	7.9
509	-0.109115	213.207314	0.002367	7.8
510	-0.042359	212.997877	0.001649	12.4
511	-0.350697	212.788987	0.004156	7.9
512	-0.600793	212.580642	0.001633	12.0
513	-0.000093	212.372841	0.000038	7.3
514	-0.038744	212.165581	0.001008	7.0
515	-0.108025	211.958859	0.001115	6.5
516	-0.383460	211.752673	0.005303	6.7
517	-0.032557	211.547021	0.000913	6.6
518	-0.293193	211.341902	0.001344	6.8
519	-0.000000	211.137311	0.000000	6.2
520	-0.000009	210.933248	0.000000	8.0
521	-0.225691	210.729710	0.001146	13.4
522	-0.277816	210.526695	0.002493	4.9
523	-0.359559	210.324200	0.006549	7.0
524	-0.000000	210.122224	0.000000	6.9
525	-0.137416	209.920765	0.001230	6.7
526	-0.608033	209.719820	0.004677	12.0
527	-0.003948	209.519387	0.000059	7.6
528	-0.108311	209.319463	0.001672	8.1
529	-0.000000	209.120048	0.000000	7.0
530	-0.000000	208.921139	0.000000	17.0
531	-0.064244	208.722733	0.001818	7.5
532	-0.000000	208.524829	0.000000	18.8
533	-0.090698	208.327425	0.002461	10.8
534	-0.000000	208.130518	0.000000	12.4
535	-0.000000	207.934107	0.000000	6.5
536	-0.000000	207.738189	0.000000	12.6
537	-0.006250	207.542762	0.000062	13.6
538	-0.300898	207.347825	0.004468	7.3
539	-0.036150	207.153376	0.000769	12.7
540	-0.000000	206.959412	0.000000	12.5
541	-0.303727	206.765932	0.002664	15.9
542	-0.657730	206.572933	0.005028	8.5
543	-0.648715	206.380414	0.004014	11.3
544	-0.007368	206.188373	0.000126	6.6
545	-0.006899	205.996807	0.000095	6.6
546	-0.286714	205.805716	0.002701	6.6
547	-0.000000	205.615096	0.000000	7.8
548	-0.000000	205.424946	0.000000	6.9
549	-0.757989	205.235265	0.003042	7.4
550	-0.005028	205.046050	0.000100	12.7
551	-0.000000	204.857299	0.000000	12.8
552	-0.201218	204.669011	0.003577	6.1
553	-0.000000	204.481184	0.000000	7.5
554	-0.000000	204.293816	0.000000	7.6
555	-0.000000	204.106905	0.000000	7.7
556	-0.000000	203.920449	0.000000	6.5
557	-0.000000	203.734447	0.000000	6.7
558	-0.000000	203.548896	0.000000	9.5
559	-0.279829	203.363795	0.001149	6.9
560	-0.407869	203.179143	0.001839	6.5
561	-0.000740	202.994937	0.000066	7.2
562	-0.778636	202.811176	0.001836	10.4
563	-0.036661	202.627857	0.000510	12.5
564	-0.000000	202.444980	0.000000	8.0
565	-0.510647	202.262543	0.004335	18.6
566	-0.329223	202.080543	0.000861	5.3
567	-0.000000	201.898979	0.000000	9.4
568	-0.378713	201.717849	0.004114	16.9
569	-0.235532	201.537153	0.003185	13.6
570	-0.003211	201.356887	0.000005	12.9
571	-0.564329	201.177050	0.001998	18.8
572	-0.000000	200.997642	0.000000	4.0
573	-0.000000	200.818659	0.000000	11.9
574	-0.099858	200.640100	0.001292	12.6
575	-0.000000	200.461965	0.000000	13.5
576	-0.020274	200.284250	0.000322	9.7
577	-0.023963	200.106955	0.000165	13.4
578	-0.718004	199.930078	0.005134	11.7
579	-0.043393	199.753617	0.000235	6.1
580	-0.000000	199.577571	0.000000	8.0
581	-0.258646	199.401938	0.003897	7.8
582	-0.104565	199.226717	0.001795	6.8
583	-0.002109	199.051905	0.000052	6.6
584	-0.082317	198.877502	0.002190	11.1
585	-0.019065	198.703506	0.000902	11.3
586	-0.264543	198.529916	0.002024	6.9
587	-0.000000	198.356729	0.000000	9.8
588	-0.273853	198.183944	0.001948	10.4
589	-0.510812	198.011560	0.006702	14.5
590	-0.616745	197.839576	0.005435	11.8
591	-0.014255	197.667989	0.000501	12.1
592	-0.000000	197.496798	0.000000	10.0
593	-0.279208	197.326002	0.003579	7.1
594	-0.042648	197.155600	0.000776	12.1
595	-0.044699	196.985589	0.000400	11.5
596	-0.000000	196.815969	0.000000	8.9
597	-0.036993	196.646738	0.000653	13.2
598	-0.000000	196.477894	0.000000	12.9
599	-0.007749	196.309436	0.000595	15.4
600	-0.046837	196.141363	0.000083	7.7
601	-0.000000	195.973673	0.000000	17.3
602	-0.000000	195.806365	0.000000	15.8
603	-0.001627	195.639437	0.000092	11.0
604	-0.048401	195.472888	0.000423	7.9
605	-0.221340	195.306717	0.002283	17.6
606	-0.000053	195.140922	0.000024	11.4
607	-0.050751	194.975501	0.001399	2.9
608	-0.000000	194.810454	0.000000	14.6
609	-0.618773	194.645779	0.004473	10.1
610	-0.189521	194.481475	0.001897	8.3
611	-0.344428	194.317540	0.002912	7.4
612	-0.317989	194.153973	0.004037	7.6
613	-0.548827	193.990773	0.004727	6.9
614	-0.000000	193.827938	0.000000	10.9
615	-0.088837	193.665467	0.000908	6.4
616	-0.224010	193.503358	0.001976	6.6
617	-0.068955	193.341611	0.001520	12.0
618	-0.148182	193.180224	0.001818	6.4
619	-0.010508	193.019196	0.000226	10.2
620	-0.103781	192.858525	0.001786	9.3
621	-0.123663	192.698210	0.001281	10.6
622	-0.015730	192.538251	0.000369	12.3
623	-0.157543	192.378644	0.001127	7.4
624	-0.000000	192.219391	0.000000	6.7
625	-0.361302	192.060488	0.005987	12.4
626	-0.344335	191.901935	0.003734	6.9
627	-0.445167	191.743730	0.004734	12.0
628	-0.025545	191.585873	0.000732	9.3
629	-0.000000	191.428362	0.000000	15.4
630	-0.259533	191.271196	0.003169	12.5
631	-0.000000	191.114374	0.000000	7.6
632	-0.683242	190.957893	0.004914	13.4
633	-0.396339	190.801755	0.003966	16.5
634	-0.000000	190.645956	0.000000	7.7
635	-0.000000	190.490495	0.000000	13.0
636	-0.164981	190.335373	0.002852	14.1
637	-0.132586	190.180587	0.001517	15.4
638	-0.000000	190.026136	0.000000	11.0
639	-0.000000	189.872019	0.000000	16.9
640	-0.000000	189.718235	0.000000	15.3
641	-0.000000	189.564782	0.000000	19.7
642	-0.013167	189.411661	0.000403	10.5
643	-0.314984	189.258868	0.002475	13.9
644	-0.014554	189.106404	0.000015	17.2
645	-0.448391	188.954267	0.006366	9.4
646	-0.002491	188.802456	0.000108	13.4
647	-0.139452	188.650969	0.001155	19.1
648	-0.097086	188.499807	0.000539	8.1
649	-0.423179	188.348967	0.004744	12.1
650	-0.018125	188.198448	0.000534	14.9
651	-0.019483	188.048250	0.000595	20.6
652	-0.600748	187.898371	0.002582	8.9
653	-0.098234	187.748810	0.000807	16.6
654	-0.096228	187.599566	0.000766	13.6
655	-0.217154	187.450638	0.002233	9.7
656	-0.593066	187.302025	0.003626	10.2
657	-0.000000	187.153725	0.000000	10.9
658	-0.003073	187.005739	0.000060	13.8
659	-0.000000	186.858064	0.000000	14.8
660	-0.055800	186.710699	0.000785	13.6
661	-0.568021	186.563645	0.005678	5.9
662	-0.172923	186.416898	0.003721	13.1
663	-0.000000	186.270459	0.000000	7.1
664	-0.000017	186.124326	0.000015	11.0
665	-0.012782	185.978499	0.000302	7.0
666	-0.458834	185.832976	0.006163	9.8
667	-0.412095	185.687756	0.004317	12.3
668	-0.389518	185.542838	0.002554	8.5
669	-0.046057	185.398222	0.001050	6.8
670	-0.045948	185.253906	0.000954	9.1
671	-0.000000	185.109889	0.000000	7.1
672	-0.234324	184.966170	0.001403	6.8
673	-0.022685	184.822748	0.000528	9.9
674	-0.131832	184.679623	0.001943	12.3
675	-0.000000	184.536792	0.000000	6.4
676	-0.546105	184.394256	0.004349	6.7
677	-0.023687	184.252013	0.000538	7.0
678	-0.416565	184.110062	0.004877	15.0
679	-0.058799	183.968403	0.001205	7.1
680	-0.000000	183.827034	0.000000	11.7
681	-0.076829	183.685954	0.001816	11.6
682	-0.069993	183.545163	0.001041	6.8
683	-0.714076	183.404658	0.002452	15.3
684	-0.000000	183.264441	0.000000	12.6
685	-0.402837	183.124509	0.003860	7.5
686	-0.000000	182.984861	0.000000	13.3
687	-0.048606	182.845497	0.001372	21.2
688	-0.021796	182.706416	0.000136	12.6
689	-0.000000	182.567616	0.000000	15.1
690	-0.444732	182.429098	0.006133	15.8
691	-0.085067	182.290859	0.001270	13.2
692	-0.000349	182.152899	0.000008	4.5
693	-0.047404	182.015217	0.001401	8.5
694	-0.000000	181.877813	0.000000	6.6
695	-0.152316	181.740684	0.001834	14.5
696	-0.387972	181.603832	0.005715	8.2
697	-0.239950	181.467253	0.002092	7.5
698	-0.204340	181.330948	0.003409	6.5
699	-0.006676	181.194916	0.000236	6.6
700	-0.000000	181.059155	0.000000	7.9
701	-0.000000	180.923666	0.000000	6.7
702	-0.000000	180.788446	0.000000	7.1
703	-0.233361	180.653496	0.003349	12.1
704	-0.083053	180.518814	0.001601	10.5
705	-0.662155	180.384399	0.004076	15.6
706	-0.188336	180.250251	0.004469	2.4
707	-0.217612	180.116369	0.003365	8.1
708	-0.624752	179.982752	0.002125	8.1
709	-0.000028	179.849398	0.000009	6.8
710	-0.000000	179.716308	0.000000	9.0
711	-0.451212	179.583480	0.005872	6.1
712	-0.042828	179.450913	0.000237	9.9
713	-0.548919	179.318607	0.005101	12.9
714	-0.000000	179.186561	0.000000	14.5
715	-0.130114	179.054774	0.002106	10.7
716	-0.065976	178.923245	0.001030	13.9
717	-0.000000	178.791973	0.000000	17.8
718	-0.500154	178.660958	0.004809	16.7
719	-0.334266	178.530199	0.002450	15.2
720	-0.000000	178.399694	0.000000	10.9
721	-0.126792	178.269444	0.002325	7.8
722	-0.412640	178.139447	0.002034	13.0
723	-0.400059	178.009702	0.004556	14.9
724	-0.000000	177.880209	0.000000	7.9
725	-0.000000	177.750967	0.000000	12.5
726	-0.000000	177.621975	0.000000	7.4
727	-0.209267	177.493232	0.002771	9.6
728	-0.452470	177.364738	0.003849	7.0
729	-0.447164	177.236492	0.004843	11.6
730	-0.308945	177.108492	0.002174	3.1
731	-0.014132	176.980739	0.000073	7.1
732	-0.355720	176.853231	0.002673	6.9
733	-0.142042	176.725968	0.001193	6.9
734	-0.000000	176.598949	0.000000	11.0
735	-0.352039	176.472173	0.001127	12.0
736	-0.033607	176.345639	0.000926	7.1
737	-0.018352	176.219348	0.000356	6.7
738	-0.000000	176.093296	0.000000	10.8
739	-0.771169	175.967486	0.002690	11.1
740	-0.000000	175.841914	0.000000	6.3
741	-0.000000	175.716581	0.000000	12.0
742	-0.001981	175.591486	0.000140	15.9
743	-0.063431	175.466629	0.000861	13.9
744	-0.033592	175.342008	0.000599	11.4
745	-0.000000	175.217622	0.000000	9.7
746	-0.000000	175.093472	0.000000	13.5
747	-0.347843	174.969556	0.003501	19.2
748	-0.474557	174.845873	0.005528	9.5
749	-0.107633	174.722423	0.002482	11.1
750	-0.115043	174.599206	0.001461	7.3
751	-0.399685	174.476220	0.003896	13.1
752	-0.260777	174.353464	0.003918	14.9
753	-0.022044	174.230939	0.000137	18.6
754	-0.041683	174.108643	0.001327	2.5
755	-0.008715	173.986576	0.000093	12.6
756	-0.544860	173.864737	0.001942	16.2
757	-0.000000	173.743124	0.000000	8.0
758	-0.145297	173.621739	0.002660	12.0
759	-0.000000	173.500579	0.000000	11.8
760	-0.671400	173.379645	0.001959	15.4
761	-0.344557	173.258935	0.004943	12.9
762	-0.052623	173.138449	0.000604	8.1
763	-0.383407	173.018186	0.007034	11.1
764	-0.634327	172.898146	0.006358	7.8
765	-0.053870	172.778327	0.000950	8.9
766	-0.004017	172.658730	0.000217	16.3
767	-0.007889	172.539353	0.000326	10.7
768	-0.010171	172.420196	0.000663	7.9
769	-0.000000	172.301258	0.000000	11.9
770	-0.481599	172.182539	0.001369	9.7
771	-0.000000	172.064037	0.000000	12.2
772	-0.026605	171.945753	0.000796	9.0
773	-0.137971	171.827686	0.000436	11.8
774	-0.062998	171.709834	0.001537	7.8
775	-0.539734	171.592198	0.001546	15.6
776	-0.198767	171.474776	0.001268	12.8
777	-0.000000	171.357568	0.000000	13.8
778	-0.021490	171.240574	0.000203	10.1
779	-0.130773	171.123793	0.000859	8.5
780	-0.556078	171.007223	0.005096	7.0
781	-0.000000	170.890865	0.000000	13.5
782	-0.000000	170.774718	0.000000	12.7
783	-0.000000	170.658782	0.000000	4.0
784	-0.009264	170.543055	0.000620	12.9
785	-0.155022	170.427537	0.001025	6.7
786	-0.000000	170.312227	0.000000	6.5
787	-0.000000	170.197125	0.000000	7.3
788	-0.000002	170.082231	0.000001	8.9
789	-0.390767	169.967543	0.004087	12.1
790	-0.066067	169.853061	0.000512	9.5
791	-0.000000	169.738784	0.000000	8.9
792	-0.239504	169.624713	0.002829	7.2
793	-0.276623	169.510845	0.003050	8.7
794	-0.104276	169.397181	0.000546	7.1
795	-0.000000	169.283720	0.000000	6.4
796	-0.038060	169.170462	0.000350	6.8
797	-0.032145	169.057405	0.000318	7.1
798	-0.000000	168.944549	0.000000	12.3
799	-0.000000	168.831895	0.000000	8.3
800	-0.136391	168.719440	0.004315	8.0
801	-0.325673	168.607185	0.002297	12.5
802	-0.013081	168.495129	0.000258	12.0
803	-0.040216	168.383271	0.001168	19.4
804	-0.000000	168.271611	0.000000	17.3
805	-0.071467	168.160148	0.000345	17.0
806	-0.012609	168.048882	0.000121	16.2
807	-0.000000	167.937812	0.000000	2.2
808	-0.079741	167.826938	0.000844	12.3
809	-0.000000	167.716258	0.000000	12.8
810	-0.484926	167.605773	0.001983	15.9
811	-0.000000	167.495482	0.000000	15.7
812	-0.000000	167.385384	0.000000	7.9
813	-0.000000	167.275479	0.000000	7.6
814	-0.025849	167.165766	0.000644	7.3
815	-0.031065	167.056245	0.000023	12.0
816	-0.573866	166.946915	0.004916	7.1
817	-0.000000	166.837776	0.000000	8.9
818	-0.004010	166.728826	0.000080	7.7
819	-0.187504	166.620067	0.001001	11.8
820	-0.045413	166.511496	0.001002	6.4
821	-0.000000	166.403113	0.000000	11.6
822	-0.000000	166.294919	0.000000	6.9
823	-0.076924	166.186912	0.000943	10.4
824	-0.369266	166.079091	0.002629	6.7
825	-0.000000	165.971458	0.000000	7.2
826	-0.000000	165.864009	0.000000	9.2
827	-0.000000	165.756747	0.000000	8.4
828	-0.010578	165.649669	0.000249	13.7
829	-0.036677	165.542775	0.000927	6.7
830	-0.000000	165.436065	0.000000	12.2
831	-0.000000	165.329538	0.000000	10.3
832	-0.157679	165.223194	0.002324	11.8
833	-0.700091	165.117032	0.003458	14.3
834	-0.018665	165.011052	0.000462	18.7
835	-0.222826	164.905253	0.003217	12.2
836	-0.623995	164.799635	0.001946	8.3
837	-0.737051	164.694197	0.002970	6.1
838	-0.000000	164.588939	0.000000	12.1
839	-0.000000	164.483859	0.000000	7.8
840	-0.314552	164.378959	0.002157	8.1
841	-0.000000	164.274237	0.000000	11.5
842	-0.000000	164.169692	0.000000	7.7
843	-0.577058	164.065325	0.007284	7.2
844	-0.148220	163.961135	0.001448	12.8
845	-0.189779	163.857120	0.002679	11.9
846	-0.000000	163.753282	0.000000	7.2
847	-0.627441	163.649619	0.009238	7.5
848	-0.100481	163.546130	0.001882	7.7
849	-0.049669	163.442816	0.001254	7.1
850	-0.109230	163.339676	0.001410	10.0
851	-0.583643	163.236709	0.003920	6.3
852	-0.436330	163.133915	0.001227	7.1
853	-0.205518	163.031294	0.002276	6.7
854	-0.226964	162.928844	0.001924	6.7
855	-0.669811	162.826566	0.001873	6.7
856	-0.060182	162.724459	0.002063	11.6
857	-0.000000	162.622523	0.000000	12.1
858	-0.527245	162.520757	0.004003	5.0
859	-0.256757	162.419160	0.004453	9.3
860	-0.003333	162.317733	0.000192	12.9
861	-0.336807	162.216474	0.005088	13.1
862	-0.093591	162.115383	0.000559	15.2
863	-0.170353	162.014461	0.001952	12.1
864	-0.013070	161.913705	0.000395	16.1
865	-0.277890	161.813117	0.004603	12.9
866	-0.070229	161.712695	0.002393	14.2
867	-0.000000	161.612439	0.000000	14.0
868	-0.442810	161.512349	0.003549	7.9
869	-0.000003	161.412424	0.000001	7.1
870	-0.219108	161.312663	0.003029	15.2
871	-0.022423	161.213067	0.000637	12.8
872	-0.350550	161.113635	0.004943	12.5
873	-0.000000	161.014366	0.000000	11.9
874	-0.087288	160.915260	0.001821	6.5
875	-0.059036	160.816316	0.001182	7.6
876	-0.319756	160.717535	0.003323	6.7
877	-0.360496	160.618915	0.005551	7.1
878	-0.000000	160.520456	0.000000	6.8
879	-0.285567	160.422158	0.002772	6.9
880	-0.000000	160.324021	0.000000	8.0
881	-0.042879	160.226043	0.001716	7.1
882	-0.174668	160.128225	0.003577	7.6
883	-0.195219	160.030566	0.002121	6.9
884	-0.080692	159.933066	0.001930	9.4
885	-0.019686	159.835723	0.000496	7.9
886	-0.000000	159.738539	0.000000	9.8
887	-0.267623	159.641512	0.001984	6.7
888	-0.340355	159.544642	0.000995	6.7
889	-0.000000	159.447929	0.000000	6.7
890	-0.000000	159.351372	0.000000	7.1
891	-0.636024	159.254971	0.002251	9.8
892	-0.676127	159.158725	0.002171	6.7
893	-0.391809	159.062634	0.002398	7.8
894	-0.056506	158.966697	0.000141	7.1
895	-0.448034	158.870915	0.002592	6.8
896	-0.073617	158.775286	0.001273	10.5
897	-0.039933	158.679811	0.000653	12.2
898	-0.014090	158.584489	0.000406	14.6
899	-0.085944	158.489319	0.001418	12.9
900	-0.042053	158.394302	0.001764	10.1
901	-0.251164	158.299436	0.002447	13.9
902	-0.032958	158.204721	0.000464	11.5
903	-0.567167	158.110158	0.006355	13.7
904	-0.000000	158.015745	0.000000	18.0
905	-0.016679	157.921482	0.001127	15.9
906	-0.508696	157.827369	0.006137	16.1
907	-0.195815	157.733406	0.001994	9.2
908	-0.000000	157.639591	0.000000	7.0
909	-0.250284	157.545925	0.003230	6.8
910	-0.532857	157.452408	0.002332	11.2
911	-0.327096	157.359038	0.002529	6.4
912	-0.578906	157.265816	0.003014	7.6
913	-0.318742	157.172741	0.003305	7.7
914	-0.139487	157.079813	0.003705	8.5
915	-0.000000	156.987031	0.000000	9.2
916	-0.046454	156.894395	0.001012	6.6
917	-0.000000	156.801904	0.000000	7.2
918	-0.008240	156.709559	0.000024	6.3
919	-0.035165	156.617359	0.000792	6.4
920	-0.000000	156.525304	0.000000	6.9
921	-0.002679	156.433392	0.000263	6.7
922	-0.367754	156.341624	0.004360	7.3
923	-0.000000	156.250000	0.000000	7.0
924	-0.000000	156.158519	0.000000	6.9
925	-0.000000	156.067180	0.000000	7.1
926	-0.093071	155.975984	0.000720	7.1
927	-0.000000	155.884930	0.000000	15.9
928	-0.005538	155.794017	0.000113	9.5
929	-0.000000	155.703246	0.000000	11.9
930	-0.000000	155.612615	0.000000	8.0
931	-0.560349	155.522125	0.004543	7.7
932	-0.540668	155.431775	0.001493	9.9
933	-0.663382	155.341565	0.001748	9.9
934	-0.000000	155.251495	0.000000	12.0
935	-0.210925	155.161563	0.001729	10.3
936	-0.163156	155.071771	0.000704	13.3
937	-0.391352	154.982117	0.004063	13.5
938	-0.000000	154.892601	0.000000	18.9
939	-0.000000	154.803222	0.000000	11.1
940	-0.003436	154.713981	0.000206	11.8
941	-0.000000	154.624878	0.000000	5.2
942	-0.083885	154.535910	0.001993	7.8
943	-0.067407	154.447080	0.001278	9.4
944	-0.073011	154.358385	0.000333	9.6
945	-0.024633	154.269826	0.001076	11.8
946	-0.000000	154.181402	0.000000	13.8
947	-0.003003	154.093114	0.000154	9.2
948	-0.000000	154.004960	0.000000	11.2
949	-0.484370	153.916940	0.002959	6.9
950	-0.611676	153.829054	0.003223	8.7
951	-0.017803	153.741303	0.000290	6.6
952	-0.015771	153.653684	0.000280	7.4
953	-0.014274	153.566198	0.000400	6.6
954	-0.000899	153.478846	0.000085	6.5
955	-0.000000	153.391625	0.000000	7.3
956	-0.455935	153.304537	0.006335	8.9
957	-0.553763	153.217580	0.008024	6.9
958	-0.075341	153.130755	0.001061	6.7
959	-0.536844	153.044061	0.001607	6.8
960	-0.517554	152.957498	0.003928	6.8
961	-0.018291	152.871065	0.000748	7.8
962	-0.000000	152.784762	0.000000	8.4
963	-0.306273	152.698589	0.002825	14.2
964	-0.294190	152.612545	0.004526	14.2
965	-0.568770	152.526631	0.007427	8.0
966	-0.000000	152.440845	0.000000	12.0
967	-0.052999	152.355188	0.000882	9.7
968	-0.039703	152.269660	0.000777	13.0
969	-0.380062	152.184259	0.004005	10.3
970	-0.000923	152.098986	0.000025	12.1
971	-0.032061	152.013840	0.000862	11.7
972	-0.226653	151.928821	0.003127	9.6
973	-0.083618	151.843928	0.000937	15.0
974	-0.429979	151.759163	0.006781	11.9
975	-0.148193	151.674523	0.001836	14.8
976	-0.191636	151.590009	0.001481	7.4
977	-0.000000	151.505620	0.000000	11.8
978	-0.000000	151.421357	0.000000	7.9
979	-0.102376	151.337218	0.000176	7.8
980	-0.000000	151.253204	0.000000	6.5
981	-0.000000	151.169314	0.000000	6.3
982	-0.439131	151.085549	0.003638	6.5
983	-0.000000	151.001907	0.000000	6.3
984	-0.000000	150.918388	0.000000	6.4
985	-0.000000	150.834992	0.000000	4.5
986	-0.585158	150.751719	0.005083	6.9
987	-0.069612	150.668569	0.001143	6.8
988	-0.165966	150.585541	0.003514	11.9
989	-0.000000	150.502634	0.000000	11.7
990	-0.018026	150.419849	0.000387	7.7
991	-0.014747	150.337186	0.000553	7.0
992	-0.000880	150.254644	0.000187	9.0
993	-0.090218	150.172222	0.001283	6.5
994	-0.013232	150.089921	0.000831	7.7
995	-0.000000	150.007740	0.000000	6.2
996	-0.000000	149.925679	0.000000	11.1
997	-0.000007	149.843737	0.000001	6.5
998	-0.000000	149.761915	0.000000	11.0
999	-0.237967	149.680212	0.003971	13.6
1000	-0.000506	149.598627	0.000012	20.5
1001	-0.000000	149.517161	0.000000	13.0
1002	-0.066076	149.435814	0.000642	8.9
1003	-0.162697	149.354584	0.001560	16.7
1004	-0.414794	149.273472	0.003707	10.6
1005	-0.296480	149.192477	0.002349	8.7
1006	-0.000337	149.111599	0.000019	7.1
1007	-0.156032	149.030838	0.001819	16.8
1008	-0.000000	148.950194	0.000000	13.2
1009	-0.190676	148.869666	0.001681	10.7
1010	-0.000000	148.789253	0.000000	6.7
1011	-0.000000	148.708957	0.000000	6.4
1012	-0.223901	148.628776	0.002668	11.9
1013	-0.577705	148.548710	0.004625	2.9
1014	-0.710973	148.468759	0.001747	6.6
1015	-0.000000	148.388923	0.000000	6.6
1016	-0.169864	148.309201	0.003582	10.1
1017	-0.570555	148.229594	0.002770	9.1
1018	-0.036574	148.150100	0.000921	12.6
1019	-0.751717	148.070719	0.001972	10.1
1020	-0.160338	147.991452	0.000414	7.8
1021	-0.510132	147.912298	0.003158	8.0
1022	-0.542808	147.833257	0.001562	6.7
1023	-0.000000	147.754329	0.000000	6.8
1024	-0.073671	147.675512	0.001219	6.9
1025	-0.276771	147.596808	0.002410	7.1
1026	-0.000000	147.518216	0.000000	6.6
1027	-0.120275	147.439735	0.000825	7.0
1028	-0.029101	147.361365	0.000407	12.4
1029	-0.091404	147.283106	0.002143	15.3
1030	-0.000000	147.204958	0.000000	16.1
1031	-0.090563	147.126920	0.001247	6.2
1032	-0.566364	147.048993	0.003523	16.9
1033	-0.000000	146.971175	0.000000	12.0
1034	-0.028248	146.893468	0.000949	12.4
1035	-0.009180	146.815869	0.000367	12.6
1036	-0.000000	146.738380	0.000000	8.3
1037	-0.263079	146.661000	0.002474	8.9
1038	-0.038054	146.583729	0.000937	12.0
1039	-0.586833	146.506566	0.003874	16.2
1040	-0.145151	146.429511	0.001330	14.5
1041	-0.785380	146.352565	0.002287	12.3
1042	-0.000000	146.275726	0.000000	15.4
1043	-0.013454	146.198994	0.000544	9.4
1044	-0.320392	146.122370	0.003688	8.2
1045	-0.000000	146.045853	0.000000	14.2
1046	-0.000000	145.969442	0.000000	6.7
1047	-0.409098	145.893139	0.004131	7.9
1048	-0.000000	145.816941	0.000000	6.3
1049	-0.001254	145.740849	0.000040	6.6
1050	-0.146434	145.664863	0.000279	8.3
1051	-0.445398	145.588983	0.003079	8.0
1052	-0.000000	145.513208	0.000000	8.0
1053	-0.000000	145.437538	0.000000	12.0
1054	-0.574251	145.361973	0.004668	7.7
1055	-0.126608	145.286513	0.000401	6.4
1056	-0.000000	145.211157	0.000000	7.0
1057	-0.087209	145.135905	0.001316	11.0
1058	-0.154261	145.060757	0.002314	10.7
1059	-0.000000	144.985712	0.000000	8.1
1060	-0.000000	144.910771	0.000000	6.6
1061	-0.004842	144.835934	0.000083	7.0
1062	-0.248349	144.761199	0.002473	6.9
1063	-0.000000	144.686567	0.000000	11.8
1064	-0.034650	144.612037	0.000800	6.3
1065	-0.699793	144.537610	0.003062	14.1
1066	-0.026814	144.463285	0.000362	3.9
1067	-0.101200	144.389062	0.003477	9.1
1068	-0.021918	144.314940	0.000405	8.7
1069	-0.029267	144.240920	0.000394	17.8
1070	-0.000000	144.167001	0.000000	13.6
1071	-0.216589	144.093182	0.001837	7.7
1072	-0.000000	144.019465	0.000000	14.6
1073	-0.007606	143.945848	0.000218	7.1
1074	-0.513176	143.872331	0.006476	7.7
1075	-0.261115	143.798914	0.003446	7.0
1076	-0.000000	143.725597	0.000000	13.6
1077	-0.126792	143.652380	0.002015	12.5
1078	-0.088428	143.579262	0.000826	13.0
1079	-0.578080	143.506243	0.003218	3.7
1080	-0.643152	143.433323	0.001946	16.7
1081	-0.169320	143.360502	0.001822	8.4
1082	-0.000000	143.287780	0.000000	10.3
1083	-0.521416	143.215155	0.003678	13.6
1084	-0.050783	143.142629	0.001609	12.5
1085	-0.324476	143.070201	0.003825	8.1
1086	-0.000000	142.997870	0.000000	17.6
1087	-0.581198	142.925637	0.005732	8.9
1088	-0.000000	142.853501	0.000000	13.3
1089	-0.037127	142.781462	0.000823	8.5
1090	-0.000000	142.709519	0.000000	8.7
1091	-0.000000	142.637674	0.000000	12.4
1092	-0.000000	142.565924	0.000000	8.3
1093	-0.269262	142.494271	0.002077	8.5
1094	-0.000001	142.422714	0.000000	7.5
1095	-0.002520	142.351252	0.000066	7.5
1096	-0.000000	142.279886	0.000000	7.8
1097	-0.000000	142.208616	0.000000	9.3
1098	-0.415538	142.137440	0.005862	7.3
1099	-0.000000	142.066360	0.000000	7.1
1100	-0.426583	141.995374	0.004713	7.2
1101	-0.687797	141.924483	0.005005	15.3
1102	-0.000014	141.853685	0.000001	2.3
1103	-0.000000	141.782983	0.000000	7.6
1104	-0.000000	141.712373	0.000000	6.4
1105	-0.522315	141.641858	0.003510	7.4
1106	-0.242101	141.571436	0.002599	6.4
1107	-0.071085	141.501108	0.000965	10.1
1108	-0.251993	141.430872	0.003057	11.0
1109	-0.523224	141.360730	0.004341	8.0
1110	-0.163322	141.290680	0.002998	14.5
1111	-0.629718	141.220722	0.004885	7.0
1112	-0.031221	141.150857	0.000550	6.6
1113	-0.456037	141.081084	0.007031	6.7
1114	-0.000000	141.011403	0.000000	8.0
1115	-0.186973	140.941813	0.001098	6.8
1116	-0.000000	140.872315	0.000000	6.7
1117	-0.495596	140.802909	0.006346	7.4
1118	-0.000000	140.733593	0.000000	6.9
1119	-0.057550	140.664369	0.000761	8.2
1120	-0.035730	140.595235	0.000384	7.5
1121	-0.604673	140.526192	0.004123	7.2
1122	-0.000000	140.457239	0.000000	6.9
1123	-0.588456	140.388376	0.006298	6.8
1124	-0.209526	140.319603	0.003692	6.8
1125	-0.000000	140.250920	0.000000	6.6
1126	-0.065006	140.182326	0.000244	7.3
1127	-0.000007	140.113822	0.000007	7.0
1128	-0.021807	140.045407	0.000185	7.2
1129	-0.228459	139.977081	0.003797	6.7
1130	-0.189227	139.908844	0.001229	6.7
1131	-0.620819	139.840696	0.001894	7.2
1132	-0.000000	139.772635	0.000000	8.0
1133	-0.296638	139.704664	0.003149	14.5
1134	-0.000000	139.636780	0.000000	8.1
1135	-0.000000	139.568984	0.000000	7.3
1136	-0.000000	139.501276	0.000000	16.6
1137	-0.061523	139.433655	0.000434	2.9
1138	-0.099854	139.366122	0.001534	6.6
1139	-0.383964	139.298676	0.003130	7.3
1140	-0.000000	139.231317	0.000000	6.5
1141	-0.160795	139.164045	0.002197	6.8
1142	-0.000215	139.096859	0.000088	6.7
1143	-0.600245	139.029760	0.003280	7.2
1144	-0.443901	138.962747	0.004796	7.2
1145	-0.662535	138.895820	0.001828	5.5
1146	-0.000000	138.828978	0.000000	7.6
1147	-0.121525	138.762223	0.001660	6.9
1148	-0.336406	138.695553	0.007666	6.2
1149	-0.063858	138.628969	0.001555	6.5
1150	-0.000000	138.562469	0.000000	8.0
1151	-0.498715	138.496055	0.009142	16.0
1152	-0.001842	138.429725	0.000102	4.5
1153	-0.554049	138.363481	0.003861	6.7
1154	-0.094847	138.297320	0.001623	7.2
1155	-0.143376	138.231244	0.003273	7.1
1156	-0.000000	138.165252	0.000000	7.3
1157	-0.731160	138.099344	0.002691	13.0
1158	-0.008288	138.033520	0.000339	9.7
1159	-0.205241	137.967779	0.003113	6.5
1160	-0.416569	137.902122	0.001267	12.8
1161	-0.000000	137.836548	0.000000	11.8
1162	-0.229116	137.771057	0.002381	7.6
1163	-0.000000	137.705649	0.000000	6.6
1164	-0.000000	137.640324	0.000000	7.2
1165	-0.065807	137.575081	0.001378	10.1
1166	-0.000000	137.509921	0.000000	7.0
1167	-0.024900	137.444842	0.000851	6.8
1168	-0.149650	137.379846	0.001348	6.7
1169	-0.000438	137.314932	0.000012	8.9
1170	-0.000007	137.250100	0.000000	7.8
1171	-0.281214	137.185349	0.002982	10.3
1172	-0.357740	137.120680	0.004123	7.2
1173	-0.000000	137.056092	0.000000	6.9
1174	-0.000000	136.991585	0.000000	6.3
1175	-0.001150	136.927158	0.000216	6.6
1176	-0.000000	136.862813	0.000000	7.0
1177	-0.077948	136.798548	0.001178	7.0
1178	-0.520036	136.734363	0.007228	6.9
1179	-0.000000	136.670259	0.000000	6.4
1180	-0.502229	136.606235	0.003700	6.9
1181	-0.081023	136.542291	0.001673	7.1
1182	-0.000000	136.478426	0.000000	12.9
1183	-0.000000	136.414641	0.000000	6.2
1184	-0.065315	136.350936	0.001139	6.4
1185	-0.000001	136.287310	0.000000	9.2
1186	-0.000488	136.223763	0.000019	11.8
1187	-0.064472	136.160295	0.001097	6.8
1188	-0.189439	136.096905	0.001749	9.1
1189	-0.609829	136.033594	0.005232	8.0
1190	-0.000359	135.970362	0.000089	8.7
1191	-0.033423	135.907208	0.001145	7.0
1192	-0.522157	135.844133	0.001758	8.1
1193	-0.000000	135.781135	0.000000	8.4
1194	-0.000000	135.718215	0.000000	7.8
1195	-0.347935	135.655373	0.004627	7.2
1196	-0.000000	135.592608	0.000000	8.5
1197	-0.085480	135.529921	0.001410	7.8
1198	-0.128818	135.467311	0.002396	7.4
1199	-0.554842	135.404778	0.001410	6.6
1200	-0.177315	135.342322	0.002138	6.5
1201	-0.671624	135.279942	0.006262	7.4
1202	-0.106583	135.217640	0.001532	7.9
1203	-0.000000	135.155413	0.000000	6.3
1204	-0.007593	135.093263	0.000244	6.4
1205	-0.767192	135.031190	0.002581	6.7
1206	-0.668805	134.969192	0.003901	11.9
1207	-0.010092	134.907270	0.000023	12.4
1208	-0.379661	134.845424	0.002902	6.6
1209	-0.000000	134.783653	0.000000	9.7
1210	-0.010448	134.721958	0.000211	10.8
1211	-0.000000	134.660338	0.000000	10.6
1212	-0.028549	134.598793	0.000335	3.6
1213	-0.010936	134.537323	0.000046	12.0
1214	-0.105264	134.475927	0.003073	9.3
1215	-0.000000	134.414607	0.000000	6.3
1216	-0.336403	134.353361	0.004812	7.0
1217	-0.000000	134.292189	0.000000	7.2
1218	-0.094592	134.231092	0.000806	10.2
1219	-0.256045	134.170068	0.003845	7.7
1220	-0.007906	134.109119	0.000142	8.6
1221	-0.020296	134.048243	0.000658	8.1
1222	-0.000000	133.987441	0.000000	8.6
1223	-0.500016	133.926713	0.006238	8.3
1224	-0.031330	133.866057	0.000784	7.1
1225	-0.090255	133.805475	0.002667	6.9
1226	-0.003764	133.744966	0.000046	6.5
1227	-0.606385	133.684530	0.005250	10.7
1228	-0.633156	133.624167	0.003649	7.0
1229	-0.420224	133.563877	0.006875	6.6
1230	-0.578384	133.503658	0.001459	10.8
1231	-0.038708	133.443513	0.001420	11.4
1232	-0.108939	133.383439	0.001484	7.6
1233	-0.000000	133.323437	0.000000	12.1
1234	-0.128888	133.263508	0.000899	12.6
1235	-0.005809	133.203650	0.000142	7.2
1236	-0.000000	133.143864	0.000000	7.8
1237	-0.752801	133.084149	0.001857	6.6
1238	-0.484398	133.024506	0.006652	7.5
1239	-0.083586	132.964934	0.001529	9.4
1240	-0.487271	132.905433	0.003937	8.3
1241	-0.000000	132.846003	0.000000	15.6
1242	-0.745461	132.786643	0.002406	3.2
1243	-0.000000	132.727355	0.000000	7.3
1244	-0.084011	132.668137	0.001060	7.6
1245	-0.193394	132.608989	0.003584	10.7
1246	-0.000000	132.549912	0.000000	6.4
1247	-0.309391	132.490904	0.004123	6.9
1248	-0.000001	132.431967	0.000000	13.8
1249	-0.000000	132.373100	0.000000	5.7
1250	-0.018035	132.314302	0.000073	6.8
1251	-0.000000	132.255574	0.000000	6.8
1252	-0.572520	132.196916	0.003594	7.7
1253	-0.025729	132.138326	0.000664	10.1
1254	-0.325290	132.079806	0.006991	9.5
1255	-0.340899	132.021355	0.002108	6.8
1256	-0.000000	131.962973	0.000000	12.6
1257	-0.000000	131.904660	0.000000	6.4
1258	-0.001325	131.846415	0.000027	9.6
1259	-0.519803	131.788239	0.007048	11.7
1260	-0.000000	131.730131	0.000000	11.5
1261	-0.000000	131.672092	0.000000	5.6
1262	-0.437664	131.614121	0.004956	7.0
1263	-0.371380	131.556217	0.007488	6.7
1264	-0.074504	131.498382	0.000806	11.9
1265	-0.000000	131.440614	0.000000	7.6
1266	-0.000000	131.382914	0.000000	8.7
1267	-0.000000	131.325282	0.000000	12.0
1268	-0.372316	131.267717	0.003170	6.0
1269	-0.724583	131.210219	0.002542	8.5
1270	-0.000000	131.152788	0.000000	8.6
1271	-0.031881	131.095424	0.000153	7.6
1272	-0.373010	131.038127	0.005517	9.2
1273	-0.057224	130.980897	0.001038	7.0
1274	-0.000000	130.923733	0.000000	6.8
1275	-0.509333	130.866636	0.001198	6.4
1276	-0.025827	130.809605	0.000630	9.5
1277	-0.399054	130.752641	0.002954	8.4
1278	-0.589335	130.695742	0.004658	7.2
1279	-0.007117	130.638910	0.000265	9.9
1280	-0.141342	130.582143	0.002139	11.7
1281	-0.123540	130.525442	0.001473	6.0
1282	-0.000000	130.468807	0.000000	6.8
1283	-0.072916	130.412237	0.002520	8.0
1284	-0.105730	130.355733	0.001887	6.9
1285	-0.226610	130.299294	0.002235	10.9
1286	-0.029942	130.242920	0.001340	11.5
1287	-0.003206	130.186611	0.000167	16.3
1288	-0.327001	130.130366	0.001790	12.1
1289	-0.623950	130.074187	0.001741	14.0
1290	-0.000004	130.018072	0.000003	11.8
1291	-0.006104	129.962022	0.000170	10.4
1292	-0.000000	129.906036	0.000000	15.6
1293	-0.279664	129.850114	0.004127	13.5
1294	-0.774266	129.794257	0.006702	23.6
1295	-0.015493	129.738463	0.000405	8.0
1296	-0.221593	129.682734	0.002264	14.8
1297	-0.382673	129.627068	0.004276	18.4
1298	-0.498930	129.571466	0.003215	10.2
1299	-0.443153	129.515927	0.002554	11.6
1300	-0.452240	129.460452	0.003547	9.9
1301	-0.188163	129.405040	0.002887	16.7
1302	-0.035232	129.349692	0.000471	12.2
1303	-0.065135	129.294406	0.001123	12.3
1304	-0.740833	129.239183	0.002694	13.4
1305	-0.018342	129.184024	0.000542	12.7
1306	-0.000000	129.128927	0.000000	10.6
1307	-0.000000	129.073892	0.000000	17.6
1308	-0.335788	129.018921	0.000676	7.7
1309	-0.571461	128.964011	0.002233	13.4
1310	-0.444948	128.909164	0.002838	7.0
1311	-0.034201	128.854379	0.001590	12.4
1312	-0.000000	128.799656	0.000000	2.1
1313	-0.192300	128.744995	0.001549	14.6
1314	-0.125291	128.690396	0.001748	7.5
1315	-0.000000	128.635858	0.000000	8.1
1316	-0.031176	128.581382	0.000876	12.6
1317	-0.053218	128.526968	0.001017	14.3
1318	-0.681911	128.472615	0.002883	13.6
1319	-0.477738	128.418323	0.003111	8.8
1320	-0.254820	128.364092	0.002642	4.0
1321	-0.000000	128.309922	0.000000	12.3
1322	-0.187833	128.255814	0.002674	8.3
1323	-0.616152	128.201766	0.006205	12.6
1324	-0.570464	128.147778	0.001215	3.8
1325	-0.038773	128.093852	0.000446	7.1
1326	-0.046931	128.039985	0.000944	6.8
1327	-0.038185	127.986180	0.001049	6.8
1328	-0.000000	127.932434	0.000000	6.9
1329	-0.568287	127.878749	0.003469	9.0
1330	-0.000761	127.825123	0.000047	7.9
1331	-0.000000	127.771558	0.000000	6.9
1332	-0.000049	127.718052	0.000023	7.0
1333	-0.000000	127.664606	0.000000	10.0
1334	-0.490137	127.611220	0.004135	8.1
1335	-0.301945	127.557893	0.002365	15.0
1336	-0.000000	127.504625	0.000000	8.6
1337	-0.425209	127.451417	0.003271	6.9
1338	-0.000000	127.398268	0.000000	6.6
1339	-0.000000	127.345178	0.000000	10.3
1340	-0.205865	127.292147	0.002288	8.1
1341	-0.492100	127.239175	0.007508	11.2
1342	-0.181641	127.186261	0.001844	14.3
1343	-0.000000	127.133407	0.000000	7.5
1344	-0.000000	127.080610	0.000000	6.7
1345	-0.190235	127.027872	0.003151	6.6
1346	-0.034165	126.975193	0.000197	7.4
1347	-0.294174	126.922572	0.004374	9.2
1348	-0.000000	126.870008	0.000000	11.6
1349	-0.003532	126.817503	0.000120	12.2
1350	-0.038947	126.765056	0.000725	6.6
1351	-0.000000	126.712667	0.000000	9.1
1352	-0.203856	126.660335	0.002302	13.7
1353	-0.000000	126.608061	0.000000	5.3
1354	-0.022104	126.555844	0.000904	6.9
1355	-0.087195	126.503685	0.001382	6.9
1356	-0.692476	126.451583	0.002949	11.0
1357	-0.000000	126.399538	0.000000	7.1
1358	-0.470429	126.347550	0.001154	7.0
1359	-0.068121	126.295619	0.000991	7.3
1360	-0.538178	126.243745	0.004139	7.0
1361	-0.620498	126.191928	0.003793	7.6
1362	-0.079363	126.140168	0.001295	6.8
1363	-0.000000	126.088464	0.000000	8.5
1364	-0.227562	126.036817	0.004582	11.9
1365	-0.340083	125.985226	0.002706	7.0
1366	-0.166075	125.933691	0.002724	8.0
1367	-0.000000	125.882212	0.000000	8.9
1368	-0.438931	125.830790	0.004974	7.3
1369	-0.106899	125.779423	0.001008	6.7
1370	-0.000000	125.728113	0.000000	9.9
1371	-0.620283	125.676858	0.004755	7.2
1372	-0.282667	125.625659	0.002095	13.3
1373	-0.247420	125.574515	0.002497	5.3
1374	-0.000000	125.523427	0.000000	6.8
1375	-0.000000	125.472394	0.000000	10.8
1376	-0.584723	125.421417	0.005032	10.9
1377	-0.066147	125.370495	0.001933	7.0
1378	-0.000000	125.319628	0.000000	11.9
1379	-0.000000	125.268815	0.000000	9.6
1380	-0.000000	125.218058	0.000000	7.8
1381	-0.140838	125.167356	0.000740	8.0
1382	-0.012878	125.116708	0.000259	6.9
1383	-0.552901	125.066115	0.006128	8.3
1384	-0.528803	125.015576	0.001160	12.5
1385	-0.638020	124.965092	0.004848	6.7
1386	-0.000000	124.914662	0.000000	11.5
1387	-0.389683	124.864287	0.002535	9.3
1388	-0.000000	124.813965	0.000000	15.8
1389	-0.000000	124.763698	0.000000	3.8
1390	-0.030824	124.713485	0.000154	6.9
1391	-0.313879	124.663325	0.002057	7.5
1392	-0.023076	124.613219	0.001194	6.9
1393	-0.003443	124.563167	0.000235	7.1
1394	-0.031204	124.513168	0.000521	11.4
1395	-0.151224	124.463223	0.001377	4.0
1396	-0.182253	124.413332	0.002269	7.3
1397	-0.244152	124.363493	0.002225	6.8
1398	-0.000000	124.313708	0.000000	9.9
1399	-0.056104	124.263976	0.000876	7.2
1400	-0.000000	124.214297	0.000000	12.5
1401	-0.000001	124.164671	0.000000	5.8
1402	-0.412046	124.115097	0.002635	7.2
1403	-0.000000	124.065577	0.000000	11.9
1404	-0.569580	124.016109	0.003983	7.8
1405	-0.254908	123.966693	0.002124	7.4
1406	-0.542170	123.917330	0.003768	6.9
1407	-0.040094	123.868020	0.000781	6.5
1408	-0.013064	123.818762	0.000278	6.8
1409	-0.352275	123.769556	0.002507	7.0
1410	-0.633085	123.720402	0.003552	12.0
1411	-0.040951	123.671300	0.001764	11.5
1412	-0.051625	123.622250	0.000499	6.6
1413	-0.464810	123.573252	0.005645	6.8
1414	-0.004551	123.524305	0.000034	7.0
1415	-0.046049	123.475411	0.000748	6.9
1416	-0.146886	123.426568	0.002719	7.2
1417	-0.038213	123.377776	0.000178	7.0
1418	-0.016616	123.329036	0.000114	7.4
1419	-0.084525	123.280347	0.002447	10.7
1420	-0.039288	123.231709	0.000195	7.5
1421	-0.307344	123.183122	0.002324	6.9
1422	-0.000000	123.134587	0.000000	9.4
1423	-0.000000	123.086102	0.000000	12.2
1424	-0.528699	123.037669	0.004001	11.5
1425	-0.317121	122.989286	0.003354	7.2
1426	-0.068046	122.940954	0.003346	6.8
1427	-0.042267	122.892672	0.000813	6.9
1428	-0.000000	122.844441	0.000000	14.5
1429	-0.674524	122.796261	0.003678	10.0
1430	-0.000000	122.748130	0.000000	6.5
1431	-0.592769	122.700050	0.006022	6.8
1432	-0.000001	122.652021	0.000000	6.4
1433	-0.475569	122.604041	0.006910	10.0
1434	-0.017666	122.556111	0.000454	13.8
1435	-0.169969	122.508232	0.001814	13.8
1436	-0.000000	122.460402	0.000000	14.8
1437	-0.000000	122.412622	0.000000	13.1
1438	-0.011789	122.364891	0.000371	8.9
1439	-0.289229	122.317210	0.004496	14.3
1440	-0.161001	122.269579	0.001668	8.5
1441	-0.051672	122.221997	0.000871	13.1
1442	-0.000000	122.174465	0.000000	7.3
1443	-0.000000	122.126981	0.000000	10.6
1444	-0.000000	122.079547	0.000000	15.6
1445	-0.419320	122.032162	0.003132	2.7
1446	-0.013863	121.984826	0.000304	14.3
1447	-0.000000	121.937539	0.000000	11.0
1448	-0.000020	121.890301	0.000002	11.8
1449	-0.592425	121.843112	0.000948	12.0
1450	-0.000000	121.795971	0.000000	11.4
1451	-0.456209	121.748879	0.000975	11.6
1452	-0.078039	121.701835	0.001929	11.5
1453	-0.000000	121.654840	0.000000	11.8
1454	-0.361032	121.607893	0.003721	8.1
1455	-0.037482	121.560994	0.000831	11.4
1456	-0.000000	121.514144	0.000000	12.2
1457	-0.080108	121.467342	0.000853	7.2
1458	-0.000000	121.420588	0.000000	12.3
1459	-0.000000	121.373882	0.000000	12.1
1460	-0.015433	121.327223	0.000551	12.5
1461	-0.443029	121.280613	0.001555	12.1
1462	-0.159061	121.234050	0.002359	11.4
1463	-0.000000	121.187535	0.000000	6.7
1464	-0.038347	121.141067	0.000525	13.8
1465	-0.147944	121.094647	0.003880	13.7
1466	-0.008316	121.048274	0.000027	10.0
1467	-0.000000	121.001949	0.000000	8.3
1468	-0.027454	120.955671	0.000677	11.4
1469	-0.000000	120.909440	0.000000	11.6
1470	-0.161358	120.863256	0.000790	6.4
1471	-0.034502	120.817119	0.000804	9.9
1472	-0.424289	120.771029	0.003614	7.7
1473	-0.235227	120.724986	0.001551	7.5
1474	-0.576199	120.678990	0.003343	7.5
1475	-0.574780	120.633040	0.001339	8.0
1476	-0.000000	120.587137	0.000000	7.2
1477	-0.301333	120.541281	0.001820	6.8
1478	-0.080361	120.495471	0.000948	7.0
1479	-0.098178	120.449707	0.000699	11.5
1480	-0.750130	120.403990	0.002520	10.4
1481	-0.157099	120.358319	0.002062	8.0
1482	-0.000839	120.312694	0.000017	7.0
1483	-0.047007	120.267115	0.000955	6.9
1484	-0.091868	120.221582	0.001190	6.9
1485	-0.380154	120.176096	0.003571	6.5
1486	-0.000000	120.130655	0.000000	9.9
1487	-0.164985	120.085260	0.001248	7.7
1488	-0.246343	120.039910	0.002816	7.0
1489	-0.000000	119.994606	0.000000	8.9
1490	-0.007501	119.949348	0.000247	6.6
1491	-0.097039	119.904135	0.000925	7.1
1492	-0.191310	119.858968	0.002714	7.8
1493	-0.440055	119.813846	0.003050	14.3
1494	-0.733073	119.768769	0.001326	9.1
1495	-0.000000	119.723738	0.000000	8.8
1496	-0.525042	119.678752	0.003176	9.1
1497	-0.637340	119.633810	0.005296	7.2
1498	-0.162714	119.588914	0.003031	6.6
1499	-0.000000	119.544062	0.000000	6.7
1500	-0.249855	119.499256	0.004484	7.2
1501	-0.547870	119.454494	0.004196	7.6
1502	-0.044046	119.409777	0.000660	7.2
1503	-0.000000	119.365104	0.000000	9.8
1504	-0.000000	119.320476	0.000000	12.0
1505	-0.000737	119.275893	0.000092	9.1
1506	-0.000408	119.231353	0.000018	6.7
1507	-0.044455	119.186859	0.000693	6.6
1508	-0.376894	119.142408	0.003093	7.5
1509	-0.000000	119.098002	0.000000	8.3
1510	-0.541252	119.053639	0.001384	12.0
1511	-0.000000	119.009321	0.000000	9.1
1512	-0.390309	118.965047	0.003463	7.9
1513	-0.000000	118.920816	0.000000	7.2
1514	-0.230252	118.876630	0.003547	7.8
1515	-0.010666	118.832487	0.000562	11.6
1516	-0.560558	118.788388	0.006204	11.0
1517	-0.247057	118.744332	0.002860	5.4
1518	-0.269624	118.700320	0.003394	7.3
1519	-0.000000	118.656352	0.000000	6.4
1520	-0.578991	118.612427	0.006912	6.8
1521	-0.095377	118.568545	0.002722	6.7
1522	-0.000000	118.524706	0.000000	6.5
1523	-0.000000	118.480911	0.000000	6.3
1524	-0.000000	118.437159	0.000000	7.4
1525	-0.445310	118.393450	0.004410	6.6
1526	-0.000000	118.349784	0.000000	7.2
1527	-0.106611	118.306160	0.003490	6.8
1528	-0.118747	118.262580	0.000810	9.4
1529	-0.683387	118.219042	0.004162	8.5
1530	-0.164710	118.175548	0.002110	7.2
1531	-0.049026	118.132095	0.001192	7.0
1532	-0.037824	118.088686	0.001321	6.8
1533	-0.000000	118.045319	0.000000	10.9
1534	-0.356115	118.001994	0.005357	10.7
1535	-0.000000	117.958712	0.000000	8.9
1536	-0.000000	117.915472	0.000000	7.3
1537	-0.000749	117.872274	0.000193	12.3
1538	-0.000000	117.829118	0.000000	14.7
1539	-0.089992	117.786005	0.001873	12.7
1540	-0.064750	117.742933	0.000213	11.8
1541	-0.610612	117.699904	0.004450	14.1
1542	-0.135847	117.656916	0.003058	16.4
1543	-0.561013	117.613971	0.002763	15.9
1544	-0.000000	117.571067	0.000000	10.4
1545	-0.379431	117.528205	0.004008	11.6
1546	-0.616136	117.485384	0.002267	11.1
1547	-0.000000	117.442605	0.000000	17.9
1548	-0.000000	117.399867	0.000000	15.6
1549	-0.000000	117.357171	0.000000	12.6
1550	-0.012200	117.314517	0.000514	12.3
1551	-0.000000	117.271903	0.000000	15.4
1552	-0.145711	117.229331	0.003406	12.0
1553	-0.000000	117.186800	0.000000	7.8
1554	-0.154854	117.144311	0.003114	12.0
1555	-0.154154	117.101862	0.002529	10.2
1556	-0.002989	117.059454	0.000138	8.1
1557	-0.454293	117.017087	0.004800	9.2
1558	-0.313675	116.974762	0.005320	15.6
1559	-0.000000	116.932476	0.000000	8.7
1560	-0.000000	116.890232	0.000000	11.1
1561	-0.709635	116.848028	0.002420	7.7
1562	-0.047561	116.805865	0.001419	12.6
1563	-0.581086	116.763743	0.004848	10.1
1564	-0.029487	116.721661	0.000232	7.1
1565	-0.623608	116.679619	0.003786	8.6
1566	-0.343273	116.637618	0.005165	7.3
1567	-0.171195	116.595657	0.001761	7.4
1568	-0.000000	116.553736	0.000000	8.5
1569	-0.018621	116.511855	0.000407	6.6
1570	-0.000000	116.470015	0.000000	9.9
1571	-0.007903	116.428214	0.000287	2.5
1572	-0.078163	116.386454	0.001078	7.5
1573	-0.377569	116.344733	0.002615	6.7
1574	-0.273264	116.303052	0.004096	8.0
1575	-0.077001	116.261412	0.001245	11.5
1576	-0.000000	116.219810	0.000000	10.4
1577	-0.000000	116.178249	0.000000	6.7
1578	-0.445388	116.136727	0.005874	11.7
1579	-0.286529	116.095245	0.006374	12.9
1580	-0.234124	116.053802	0.005038	12.2
1581	-0.257454	116.012398	0.001034	12.2
1582	-0.117017	115.971034	0.001907	14.1
1583	-0.059988	115.929710	0.001013	11.0
1584	-0.033956	115.888424	0.000091	11.8
1585	-0.000000	115.847178	0.000000	13.6
1586	-0.000000	115.805970	0.000000	7.3
1587	-0.286847	115.764802	0.003690	15.4
1588	-0.691984	115.723673	0.005965	15.9
1589	-0.051071	115.682583	0.001226	11.5
1590	-0.013312	115.641532	0.000416	6.2
1591	-0.460067	115.600519	0.003237	16.5
1592	-0.285442	115.559546	0.003021	13.6
1593	-0.150910	115.518610	0.003005	12.9
1594	-0.000001	115.477714	0.000000	11.2
1595	-0.360377	115.436856	0.005361	7.7
1596	-0.000000	115.396037	0.000000	12.9
1597	-0.138826	115.355256	0.002424	7.0
1598	-0.068283	115.314514	0.001468	11.2
1599	-0.298449	115.273810	0.002515	11.0
1600	-0.468421	115.233144	0.006517	8.4
1601	-0.738401	115.192517	0.002197	12.8
1602	-0.044948	115.151927	0.000543	10.6
1603	-0.758397	115.111376	0.001722	7.1
1604	-0.007316	115.070863	0.000056	14.6
1605	-0.593178	115.030388	0.003491	10.0
1606	-0.000000	114.989951	0.000000	7.1
1607	-0.000000	114.949551	0.000000	11.8
1608	-0.620571	114.909190	0.001298	12.6
1609	-0.000000	114.868866	0.000000	9.1
1610	-0.024229	114.828580	0.000436	8.2
1611	-0.066490	114.788332	0.001051	7.8
1612	-0.027855	114.748121	0.001372	7.8
1613	-0.000000	114.707948	0.000000	7.1
1614	-0.009250	114.667812	0.000568	6.7
1615	-0.000000	114.627714	0.000000	6.5
1616	-0.000000	114.587653	0.000000	10.4
1617	-0.231040	114.547629	0.002914	7.9
1618	-0.653625	114.507643	0.006728	9.1
1619	-0.334146	114.467693	0.004040	6.7
1620	-0.733801	114.427781	0.002496	6.7
1621	-0.414746	114.387907	0.003807	9.1
1622	-0.000000	114.348069	0.000000	7.4
1623	-0.000000	114.308268	0.000000	8.7
1624	-0.000000	114.268504	0.000000	7.8
1625	-0.025431	114.228777	0.000698	8.2
1626	-0.418896	114.189086	0.006562	6.9
1627	-0.336773	114.149433	0.003137	6.4
1628	-0.033041	114.109816	0.000915	7.3
1629	-0.276077	114.070235	0.002562	10.8
1630	-0.003964	114.030692	0.000080	12.9
1631	-0.177190	113.991185	0.001734	10.8
1632	-0.000000	113.951714	0.000000	12.9
1633	-0.000000	113.912280	0.000000	12.6
1634	-0.684930	113.872882	0.002098	5.3
1635	-0.000000	113.833521	0.000000	6.7
1636	-0.000673	113.794195	0.000063	6.8
1637	-0.000000	113.754906	0.000000	6.6
1638	-0.109493	113.715653	0.000826	7.0
1639	-0.159911	113.676437	0.001329	7.2
1640	-0.022818	113.637256	0.000409	10.0
1641	-0.453797	113.598111	0.003619	6.5
1642	-0.000000	113.559002	0.000000	6.7
1643	-0.686186	113.519929	0.003505	6.8
1644	-0.540931	113.480892	0.005139	7.4
1645	-0.000000	113.441891	0.000000	13.8
1646	-0.000000	113.402925	0.000000	8.6
1647	-0.154674	113.363995	0.001559	7.1
1648	-0.037957	113.325101	0.002710	6.4
1649	-0.234516	113.286242	0.001985	13.4
1650	-0.009646	113.247419	0.000262	7.1
1651	-0.206008	113.208631	0.003589	6.7
1652	-0.162927	113.169879	0.003500	12.0
1653	-0.020329	113.131162	0.000064	7.3
1654	-0.000000	113.092480	0.000000	9.8
1655	-0.000000	113.053833	0.000000	5.9
1656	-0.493347	113.015222	0.003506	7.9
1657	-0.019274	112.976646	0.000427	12.0
1658	-0.000000	112.938105	0.000000	9.0
1659	-0.407358	112.899599	0.005221	8.0
1660	-0.486500	112.861128	0.005456	11.9
1661	-0.040807	112.822692	0.001022	6.8
1662	-0.000015	112.784291	0.000003	8.8
1663	-0.000000	112.745924	0.000000	6.5
1664	-0.034678	112.707593	0.000261	6.8
1665	-0.312282	112.669296	0.000803	6.8
1666	-0.000000	112.631034	0.000000	8.1
1667	-0.401512	112.592806	0.002121	11.8
1668	-0.410091	112.554613	0.002718	12.6
1669	-0.173743	112.516455	0.003131	6.6
1670	-0.182021	112.478331	0.002131	10.7
1671	-0.104968	112.440241	0.000555	9.5
1672	-0.655758	112.402186	0.006636	7.9
1673	-0.000000	112.364165	0.000000	6.5
1674	-0.618505	112.326179	0.000803	9.4
1675	-0.299451	112.288227	0.002821	12.0
1676	-0.000025	112.250309	0.000011	6.8
1677	-0.000000	112.212425	0.000000	11.7
1678	-0.313313	112.174575	0.001392	11.5
1679	-0.000000	112.136759	0.000000	9.0
1680	-0.287779	112.098977	0.001079	10.8
1681	-0.026230	112.061229	0.000582	11.1
1682	-0.202119	112.023515	0.003710	7.6
1683	-0.690744	111.985834	0.001545	6.7
1684	-0.013236	111.948188	0.000191	6.5
1685	-0.202909	111.910575	0.004212	7.3
1686	-0.651941	111.872996	0.001983	6.9
1687	-0.619206	111.835450	0.003575	6.8
1688	-0.000000	111.797939	0.000000	7.2
1689	-0.379726	111.760460	0.002595	6.6
1690	-0.000000	111.723015	0.000000	12.0
1691	-0.015242	111.685604	0.000389	6.3
1692	-0.469343	111.648226	0.003421	7.1
1693	-0.000000	111.610881	0.000000	6.6
1694	-0.015445	111.573570	0.000297	6.8
1695	-0.036092	111.536292	0.000782	6.8
1696	-0.095751	111.499047	0.002300	6.7
1697	-0.272277	111.461835	0.002620	6.6
1698	-0.000000	111.424656	0.000000	6.4
1699	-0.451489	111.387510	0.002487	12.1
1700	-0.716591	111.350398	0.001885	10.4
1701	-0.319112	111.313318	0.002360	6.5
1702	-0.088056	111.276271	0.000450	7.3
1703	-0.000000	111.239257	0.000000	9.9
1704	-0.000000	111.202276	0.000000	6.9
1705	-0.000000	111.165328	0.000000	9.0
1706	-0.015592	111.128412	0.000586	7.2
1707	-0.000000	111.091529	0.000000	11.9
1708	-0.533011	111.054679	0.002646	12.2
1709	-0.025821	111.017861	0.002451	12.9
1710	-0.494147	110.981076	0.002744	12.6
1711	-0.065083	110.944323	0.000911	13.4
1712	-0.060183	110.907603	0.001979	13.6
1713	-0.332767	110.870915	0.003201	10.2
1714	-0.623370	110.834259	0.002342	14.9
1715	-0.000000	110.797636	0.000000	12.7
1716	-0.000000	110.761045	0.000000	13.6
1717	-0.000000	110.724486	0.000000	12.0
1718	-0.175815	110.687959	0.002406	18.2
1719	-0.000000	110.651465	0.000000	7.6
1720	-0.007076	110.615002	0.000104	15.8
1721	-0.112049	110.578572	0.002227	2.8
1722	-0.000000	110.542173	0.000000	9.0
1723	-0.000000	110.505807	0.000000	7.9
1724	-0.000000	110.469472	0.000000	11.8
1725	-0.000000	110.433169	0.000000	12.5
1726	-0.381487	110.396898	0.003368	18.0
1727	-0.100169	110.360659	0.002004	9.4
1728	-0.033960	110.324451	0.000643	23.2
1729	-0.012444	110.288276	0.000334	12.4
1730	-0.462389	110.252131	0.004827	15.4
1731	-0.042160	110.216019	0.000469	10.9
1732	-0.454207	110.179937	0.003752	12.3
1733	-0.010231	110.143888	0.000619	12.5
1734	-0.006182	110.107869	0.000378	10.0
1735	-0.093803	110.071882	0.000787	14.1
1736	-0.000000	110.035927	0.000000	9.1
1737	-0.232734	110.000003	0.002674	7.8
1738	-0.000000	109.964110	0.000000	6.5
1739	-0.159788	109.928248	0.000863	7.0
1740	-0.000000	109.892417	0.000000	9.7
1741	-0.004599	109.856618	0.000066	8.6
1742	-0.203999	109.820850	0.001676	7.1
1743	-0.017685	109.785112	0.000344	6.9
1744	-0.000000	109.749406	0.000000	8.7
1745	-0.006089	109.713730	0.000161	7.0
1746	-0.000000	109.678086	0.000000	15.5
1747	-0.003223	109.642472	0.000049	8.4
1748	-0.018200	109.606890	0.000310	7.8
1749	-0.611650	109.571337	0.003320	6.6
1750	-0.066754	109.535816	0.002103	6.5
1751	-0.000054	109.500326	0.000001	5.9
1752	-0.105890	109.464866	0.002138	7.5
1753	-0.468375	109.429436	0.004902	6.6
1754	-0.055640	109.394038	0.001357	6.8
1755	-0.000000	109.358669	0.000000	6.5
1756	-0.419118	109.323331	0.003927	11.7
1757	-0.000000	109.288024	0.000000	8.1
1758	-0.000097	109.252747	0.000038	11.8
1759	-0.000000	109.217501	0.000000	12.1
1760	-0.000000	109.182284	0.000000	10.0
1761	-0.000000	109.147098	0.000000	7.0
1762	-0.000000	109.111942	0.000000	6.1
1763	-0.008951	109.076817	0.000214	7.5
1764	-0.729168	109.041721	0.003288	7.2
1765	-0.223669	109.006656	0.002340	7.0
1766	-0.388854	108.971620	0.004150	7.0
1767	-0.441987	108.936615	0.006562	6.6
1768	-0.114757	108.901640	0.000973	6.4
1769	-0.446681	108.866694	0.003513	6.5
1770	-0.661588	108.831779	0.001007	7.8
1771	-0.047808	108.796893	0.001068	6.8
1772	-0.668051	108.762037	0.004054	7.4
1773	-0.052510	108.727211	0.001258	8.0
1774	-0.000000	108.692415	0.000000	6.9
1775	-0.000000	108.657648	0.000000	7.3
1776	-0.171324	108.622911	0.002303	10.5
1777	-0.000000	108.588203	0.000000	6.4
1778	-0.141386	108.553525	0.002504	9.9
1779	-0.000000	108.518877	0.000000	5.8
1780	-0.000000	108.484258	0.000000	7.2
1781	-0.200132	108.449668	0.007384	10.3
1782	-0.000000	108.415108	0.000000	7.4
1783	-0.000000	108.380578	0.000000	7.3
1784	-0.483365	108.346076	0.004571	6.9
1785	-0.000000	108.311604	0.000000	8.7
1786	-0.000000	108.277161	0.000000	7.6
1787	-0.000000	108.242747	0.000000	6.5
1788	-0.000000	108.208363	0.000000	7.1
1789	-0.464236	108.174007	0.005477	6.6
1790	-0.000000	108.139681	0.000000	6.6
1791	-0.505848	108.105383	0.001850	12.0
1792	-0.012887	108.071115	0.000553	10.3
1793	-0.612010	108.036875	0.004835	11.0
1794	-0.000000	108.002665	0.000000	6.1
1795	-0.000000	107.968483	0.000000	6.2
1796	-0.000000	107.934330	0.000000	6.3
1797	-0.000000	107.900206	0.000000	9.6
1798	-0.049831	107.866111	0.001076	8.0
1799	-0.662042	107.832044	0.002786	7.0
1800	-0.000000	107.798007	0.000000	9.0
1801	-0.667115	107.763997	0.002177	6.6
1802	-0.273654	107.730017	0.001916	6.4
1803	-0.592998	107.696065	0.006919	7.3
1804	-0.000000	107.662141	0.000000	7.4
1805	-0.110474	107.628246	0.001819	6.8
1806	-0.128253	107.594379	0.001172	6.5
1807	-0.393618	107.560541	0.005352	10.4
1808	-0.000000	107.526731	0.000000	7.7
1809	-0.000000	107.492949	0.000000	8.0
1810	-0.044676	107.459196	0.001021	13.6
1811	-0.015509	107.425471	0.000619	5.0
1812	-0.385462	107.391774	0.003260	6.8
1813	-0.004407	107.358106	0.000189	6.9
1814	-0.000000	107.324465	0.000000	6.8
1815	-0.437050	107.290853	0.003296	6.2
1816	-0.560542	107.257268	0.001780	6.8
1817	-0.000000	107.223712	0.000000	11.0
1818	-0.368916	107.190184	0.002948	6.6
1819	-0.697209	107.156683	0.002478	9.1
1820	-0.528162	107.123211	0.003730	6.8
1821	-0.000000	107.089766	0.000000	9.0
1822	-0.000000	107.056349	0.000000	7.9
1823	-0.018347	107.022960	0.000235	8.0
1824	-0.052654	106.989599	0.000492	12.0
1825	-0.000000	106.956265	0.000000	8.0
1826	-0.000000	106.922960	0.000000	6.6
1827	-0.000000	106.889681	0.000000	9.2
1828	-0.671506	106.856431	0.002972	6.5
1829	-0.000000	106.823208	0.000000	6.6
1830	-0.000000	106.790012	0.000000	6.2
1831	-0.727747	106.756844	0.002277	6.8
1832	-0.290191	106.723703	0.001898	12.3
1833	-0.522144	106.690590	0.003046	7.4
1834	-0.019959	106.657505	0.000296	6.8
1835	-0.008674	106.624446	0.000492	15.5
1836	-0.000000	106.591415	0.000000	3.1
1837	-0.000000	106.558411	0.000000	7.5
1838	-0.235445	106.525435	0.000490	7.6
1839	-0.685191	106.492485	0.004316	8.3
1840	-0.000000	106.459563	0.000000	7.9
1841	-0.000000	106.426668	0.000000	11.9
1842	-0.065051	106.393800	0.001644	4.2
1843	-0.012723	106.360959	0.000463	6.5
1844	-0.093407	106.328145	0.001602	15.1
1845	-0.556227	106.295358	0.003975	7.7
1846	-0.319045	106.262598	0.002370	9.0
1847	-0.112612	106.229865	0.001773	16.3
1848	-0.000000	106.197158	0.000000	16.0
1849	-0.000000	106.164479	0.000000	11.0
1850	-0.000000	106.131826	0.000000	7.6
1851	-0.002626	106.099201	0.000004	11.9
1852	-0.012091	106.066602	0.000167	15.8
1853	-0.054205	106.034029	0.002199	8.1
1854	-0.000000	106.001483	0.000000	11.7
1855	-0.091162	105.968964	0.001201	14.5
1856	-0.006401	105.936472	0.000266	14.8
1857	-0.678525	105.904006	0.001613	15.1
1858	-0.346105	105.871566	0.001068	12.2
1859	-0.016606	105.839153	0.000315	7.4
1860	-0.348083	105.806767	0.004525	12.4
1861	-0.303070	105.774407	0.001279	8.1
1862	-0.000000	105.742073	0.000000	8.1
1863	-0.000000	105.709766	0.000000	7.8
1864	-0.012568	105.677485	0.000124	7.9
1865	-0.000000	105.645230	0.000000	8.0
1866	-0.221593	105.613001	0.002409	6.5
1867	-0.000000	105.580799	0.000000	6.6
1868	-0.218653	105.548623	0.003291	10.9
1869	-0.552542	105.516473	0.004199	7.8
1870	-0.000000	105.484349	0.000000	7.2
1871	-0.040052	105.452251	0.000301	7.1
1872	-0.000000	105.420179	0.000000	12.0
1873	-0.084749	105.388133	0.001228	9.1
1874	-0.213492	105.356113	0.005527	12.1
1875	-0.382470	105.324119	0.005735	10.4
1876	-0.000000	105.292151	0.000000	7.9
1877	-0.283313	105.260209	0.003200	7.9
1878	-0.354943	105.228293	0.002015	16.2
1879	-0.000000	105.196402	0.000000	8.4
1880	-0.109654	105.164537	0.000427	15.3
1881	-0.000000	105.132698	0.000000	7.7
1882	-0.377317	105.100885	0.003371	11.8
1883	-0.372309	105.069097	0.002520	14.8
1884	-0.000000	105.037335	0.000000	7.3
1885	-0.656906	105.005598	0.001930	9.6
1886	-0.117414	104.973887	0.001312	7.7
1887	-0.000000	104.942202	0.000000	14.8
1888	-0.626331	104.910542	0.006274	14.4
1889	-0.021821	104.878907	0.000346	8.7
1890	-0.000000	104.847298	0.000000	9.7
1891	-0.103353	104.815715	0.000949	12.6
1892	-0.043626	104.784156	0.000770	10.5
1893	-0.338033	104.752623	0.002641	7.0
1894	-0.345456	104.721116	0.004497	8.9
1895	-0.383331	104.689633	0.004239	6.8
1896	-0.025153	104.658176	0.000800	6.6
1897	-0.066383	104.626744	0.000432	10.5
1898	-0.461588	104.595337	0.001558	7.7
1899	-0.182163	104.563955	0.001014	6.6
1900	-0.215266	104.532599	0.003108	9.3
1901	-0.000000	104.501267	0.000000	7.7
1902	-0.000000	104.469960	0.000000	10.3
1903	-0.061209	104.438679	0.001448	6.9
1904	-0.022653	104.407422	0.000674	12.8
1905	-0.000000	104.376191	0.000000	7.0
1906	-0.581009	104.344984	0.007453	6.5
1907	-0.008451	104.313802	0.000017	6.5
1908	-0.221851	104.282645	0.001423	6.8
1909	-0.621599	104.251513	0.001443	6.7
1910	-0.102141	104.220405	0.003723	6.8
1911	-0.030236	104.189323	0.000803	6.7
1912	-0.266845	104.158265	0.001592	6.8
1913	-0.038088	104.127231	0.000801	6.5
1914	-0.361948	104.096222	0.003482	6.9
1915	-0.005874	104.065238	0.000173	8.4
1916	-0.041273	104.034279	0.000728	9.5
1917	-0.000000	104.003344	0.000000	10.6
1918	-0.565225	103.972433	0.004941	7.5
1919	-0.000000	103.941547	0.000000	9.6
1920	-0.000121	103.910686	0.000007	6.9
1921	-0.000001	103.879849	0.000000	3.2
1922	-0.066068	103.849036	0.001581	6.6
1923	-0.068457	103.818248	0.001268	6.6
1924	-0.007468	103.787484	0.000125	7.8
1925	-0.586578	103.756744	0.004751	10.5
1926	-0.000000	103.726029	0.000000	7.3
1927	-0.094962	103.695338	0.001311	6.6
1928	-0.008108	103.664671	0.000604	7.7
1929	-0.013269	103.634028	0.000424	17.2
1930	-0.705729	103.603409	0.001932	7.6
1931	-0.216938	103.572814	0.002150	9.2
1932	-0.135713	103.542244	0.003683	10.9
1933	-0.000000	103.511698	0.000000	6.7
1934	-0.000000	103.481175	0.000000	11.7
1935	-0.318656	103.450677	0.003512	6.7
1936	-0.000000	103.420202	0.000000	11.7
1937	-0.076929	103.389752	0.001097	11.8
1938	-0.000000	103.359325	0.000000	11.2
1939	-0.000192	103.328922	0.000021	13.9
1940	-0.000000	103.298543	0.000000	6.6
1941	-0.720954	103.268188	0.002422	7.8
1942	-0.145864	103.237857	0.005914	7.4
1943	-0.002498	103.207549	0.000127	8.0
1944	-0.388327	103.177265	0.005053	6.5
1945	-0.000000	103.147005	0.000000	6.7
1946	-0.000000	103.116768	0.000000	6.6
1947	-0.624060	103.086556	0.004475	6.8
1948	-0.000000	103.056366	0.000000	6.7
1949	-0.000000	103.026200	0.000000	6.4
1950	-0.000000	102.996058	0.000000	8.1
1951	-0.375882	102.965939	0.003147	7.9
1952	-0.003543	102.935844	0.000177	12.4
1953	-0.000000	102.905772	0.000000	7.2
1954	-0.000000	102.875724	0.000000	20.1
1955	-0.296521	102.845699	0.002069	12.2
1956	-0.418841	102.815697	0.001783	7.1
1957	-0.356066	102.785719	0.005967	7.8
1958	-0.470051	102.755764	0.003342	12.1
1959	-0.333562	102.725832	0.002945	12.9
1960	-0.000000	102.695924	0.000000	11.7
1961	-0.561539	102.666038	0.004918	15.2
1962	-0.024496	102.636176	0.000660	15.8
1963	-0.053646	102.606337	0.001448	7.8
1964	-0.000000	102.576521	0.000000	12.6
1965	-0.557064	102.546728	0.005455	13.1
1966	-0.435042	102.516959	0.001416	12.1
1967	-0.014856	102.487212	0.000498	15.7
1968	-0.000000	102.457488	0.000000	10.0
1969	-0.020215	102.427788	0.000404	11.9
1970	-0.096274	102.398110	0.001357	14.3
1971	-0.024986	102.368455	0.001015	7.6
1972	-0.306240	102.338823	0.002439	15.0
1973	-0.178362	102.309214	0.002289	11.9
1974	-0.358592	102.279628	0.005006	4.5
1975	-0.000000	102.250064	0.000000	14.1
1976	-0.000000	102.220524	0.000000	14.5
1977	-0.029123	102.191006	0.001165	13.0
1978	-0.000000	102.161511	0.000000	8.5
1979	-0.648403	102.132038	0.003193	7.5
1980	-0.000000	102.102588	0.000000	16.4
1981	-0.782984	102.073161	0.001002	12.6
1982	-0.000000	102.043757	0.000000	18.1
1983	-0.062802	102.014375	0.000500	7.7
1984	-0.490581	101.985015	0.002974	7.9
1985	-0.315163	101.955678	0.000867	9.1
1986	-0.415811	101.926364	0.002817	7.1
1987	-0.771979	101.897072	0.002066	6.6
1988	-0.000000	101.867802	0.000000	8.9
1989	-0.000000	101.838555	0.000000	6.9
1990	-0.057682	101.809330	0.000697	8.0
1991	-0.660926	101.780128	0.001005	8.9
1992	-0.450912	101.750948	0.002907	6.9
1993	-0.072999	101.721790	0.001397	11.9
1994	-0.096832	101.692654	0.002046	7.5
1995	-0.020555	101.663541	0.000044	12.4
1996	-0.078714	101.634450	0.001181	12.8
1997	-0.627304	101.605381	0.001934	7.4
1998	-0.000000	101.576335	0.000000	7.3
1999	-0.089914	101.547310	0.001750	6.9
