1:ItNr	2:Metric	3a:Time	3b:StepSize	4:||Gradient||	Time[ms]
0	-0.454163	0.000000	911.896278	0.005529	1805.0
1	-0.456288	0.000000	911.896278	0.004425	6.4
2	-0.489922	0.000000	911.896278	0.004451	6.1
3	-0.475089	0.000000	911.896278	0.003169	7.6
4	-0.472441	0.998737	870.496411	0.004134	5.0
5	-0.455095	0.525768	889.623158	0.003566	5.8
6	-0.485516	1.522684	850.245991	0.003003	4.9
7	-0.493677	2.522684	814.100203	0.005521	4.5
8	-0.481558	3.522684	780.902360	0.006319	4.6
9	-0.474268	4.522684	750.305956	0.004687	4.4
10	-0.478569	5.522684	722.016739	0.004552	4.5
11	-0.453903	6.516345	695.943522	0.006927	4.6
12	-0.439845	6.993153	684.089494	0.003885	4.5
13	-0.439988	7.993153	660.494631	0.007807	4.5
14	-0.472016	7.516850	671.526553	0.006549	9.9
15	-0.477281	8.516850	648.775936	0.003751	8.8
16	-0.467044	9.516850	627.516339	0.007998	6.0
17	-0.462286	10.515922	607.623726	0.003333	9.9
18	-0.495662	11.515922	588.936767	0.004276	5.6
19	-0.498708	12.500415	571.629390	0.003369	6.2
20	-0.477235	12.730890	567.723591	0.002444	5.7
21	-0.467344	12.264805	575.678157	0.004534	5.7
22	-0.446808	13.262701	558.911621	0.003200	5.8
23	-0.460544	14.168955	544.509262	0.003151	5.9
24	-0.483734	13.692676	551.984566	0.004532	5.7
25	-0.475784	13.216373	559.668373	0.003204	6.1
26	-0.483663	14.216063	543.780883	0.004531	6.0
27	-0.477850	15.216056	528.766080	0.004458	6.4
28	-0.459388	14.739753	535.812937	0.007196	6.1
29	-0.460095	15.739753	521.228927	0.006148	7.8
30	-0.460809	16.739753	507.417789	0.005673	11.0
31	-0.499795	17.739373	494.324516	0.004602	5.3
32	-0.476673	18.739358	481.885530	0.007904	5.8
33	-0.432876	18.263055	487.731321	0.006049	5.8
34	-0.494249	17.786752	493.720685	0.004170	8.8
35	-0.475040	17.310450	499.858967	0.006470	5.9
36	-0.453939	18.310450	487.143290	0.005123	6.0
37	-0.449593	19.310422	475.058831	0.005521	5.9
38	-0.441571	20.310035	463.563432	0.004973	5.8
39	-0.467250	21.310035	452.607085	0.004285	6.3
40	-0.448742	20.833759	457.760012	0.005153	6.2
41	-0.484804	21.833759	447.073114	0.006449	5.8
42	-0.465169	21.357455	452.100383	0.004755	6.1
43	-0.496807	22.329025	441.962907	0.004718	13.2
44	-0.479212	23.287310	432.399748	0.006699	9.4
45	-0.480025	24.287233	422.852544	0.007139	6.0
46	-0.462458	25.287233	413.717141	0.003196	6.4
47	-0.453992	26.287233	404.968117	0.004928	5.7
48	-0.459127	27.273907	396.690943	0.006258	6.2
49	-0.474090	26.802137	400.605974	0.002366	5.8
50	-0.467801	26.325834	404.637807	0.005846	5.9
51	-0.469917	27.243819	396.938352	0.005824	5.9
52	-0.508049	28.243819	388.877679	0.004761	11.5
53	-0.499220	27.768045	392.671509	0.002999	6.5
54	-0.465430	28.623468	385.902530	0.007686	5.5
55	-0.443426	29.571425	378.668821	0.004867	6.3
56	-0.497734	30.571425	371.326212	0.004725	6.2
57	-0.451798	30.095122	374.787674	0.005017	10.9
58	-0.482495	31.095122	367.593379	0.005422	5.7
59	-0.465604	30.618819	370.985279	0.007233	5.8
60	-0.480110	31.618819	363.934850	0.002419	5.7
61	-0.464795	32.618377	357.150343	0.003107	6.1
62	-0.483634	33.605981	350.690921	0.005514	6.5
63	-0.500523	34.605981	344.384209	0.003113	5.7
64	-0.484060	35.605981	338.300325	0.004484	5.8
65	-0.472967	35.384840	339.627137	0.004406	5.8
66	-0.468216	36.384840	333.708725	0.005027	4.6
67	-0.488937	37.317949	328.369263	0.008124	4.5
68	-0.472970	38.317948	322.833516	0.006812	4.4
69	-0.484262	38.011108	324.512158	0.003642	4.4
70	-0.481631	39.010701	319.106786	0.004063	4.5
71	-0.475148	38.534711	321.658099	0.002265	4.4
72	-0.468097	39.534300	316.346629	0.008940	4.5
73	-0.487914	39.057997	318.855485	0.004132	4.4
74	-0.468027	40.057997	313.633311	0.003307	4.5
75	-0.471112	39.581694	316.099147	0.007499	4.6
76	-0.497908	40.581694	310.966142	0.008544	8.8
77	-0.494269	41.581694	305.997179	0.002796	10.7
78	-0.447922	41.105391	308.343955	0.005282	10.6
79	-0.480357	42.105389	303.457790	0.002728	11.9
80	-0.517193	43.105388	298.724059	0.004120	3.0
81	-0.487002	42.629363	300.958878	0.004739	5.9
82	-0.505821	43.629363	296.302189	0.006254	5.8
83	-0.475071	43.153508	298.499997	0.006613	5.9
84	-0.472147	44.153508	293.918509	0.005371	5.9
85	-0.482612	45.153508	289.475532	0.002389	8.4
86	-0.476531	46.135821	285.240003	0.005322	10.9
87	-0.482748	45.659746	287.277148	0.004751	6.4
88	-0.457055	46.659746	283.031238	0.003499	6.3
89	-0.473240	46.215802	284.900591	0.005843	6.3
90	-0.466261	45.739499	286.933855	0.001971	5.8
91	-0.499509	46.739377	282.698523	0.004327	5.8
92	-0.475034	47.719048	278.668321	0.004038	5.9
93	-0.458781	47.416498	279.900643	0.003534	5.8
94	-0.474208	47.849700	278.139512	0.004003	5.8
95	-0.464289	48.849699	274.157541	0.003166	8.2
96	-0.480932	49.849684	270.288035	0.003183	5.8
97	-0.470525	50.849061	266.528490	0.005110	10.5
98	-0.481158	51.849061	262.869851	0.002599	4.9
99	-0.459610	52.714945	259.782082	0.005538	5.8
100	-0.496172	52.238652	261.471523	0.004857	5.8
101	-0.475219	51.762349	263.183119	0.005173	10.9
102	-0.463200	51.304610	264.849252	0.004763	6.3
103	-0.480575	50.828307	266.605503	0.002678	8.8
104	-0.464720	50.415452	268.146756	0.005251	8.0
105	-0.483039	49.939160	269.947120	0.003636	7.8
106	-0.475370	50.939154	266.194705	0.007635	5.7
107	-0.487881	51.939154	262.545161	0.005159	6.1
108	-0.487819	52.939154	258.994334	0.002631	4.7
109	-0.492290	52.462854	260.673534	0.005176	4.5
110	-0.449405	51.986566	262.374611	0.005254	4.4
111	-0.455418	51.510284	264.098013	0.005115	5.4
112	-0.464731	52.510284	260.505346	0.002042	8.7
113	-0.490498	52.334418	261.130071	0.004790	5.7
114	-0.477589	53.334253	257.617733	0.004223	5.7
115	-0.502940	54.334229	254.198154	0.001826	3.6
116	-0.477752	53.858093	255.814984	0.006135	3.6
117	-0.460071	54.856067	252.449442	0.006965	3.6
118	-0.501986	54.379764	254.044598	0.003376	3.6
119	-0.466310	55.379764	250.718526	0.003172	3.6
120	-0.501871	54.903490	252.291718	0.006702	3.6
121	-0.484965	55.903480	249.011121	0.002934	8.0
122	-0.465282	55.427177	250.562987	0.006516	6.6
123	-0.468982	56.427177	247.326876	0.003861	11.0
124	-0.450240	57.427177	244.173289	0.005656	5.8
125	-0.471195	56.959539	245.637955	0.008291	5.7
126	-0.460725	57.959539	242.527020	0.004848	10.9
127	-0.483877	57.483411	243.998339	0.004165	5.4
128	-0.495861	58.483410	240.928539	0.006268	5.9
129	-0.484709	59.483410	237.935021	0.004839	6.4
130	-0.485347	60.483410	235.014978	0.004391	6.1
131	-0.483698	60.007107	236.396812	0.004059	5.7
132	-0.427759	61.007107	233.514174	0.004422	6.0
133	-0.464851	60.530804	234.878364	0.004259	6.4
134	-0.468514	60.054501	236.258588	0.002264	6.0
135	-0.453634	59.578205	237.655107	0.005184	11.3
136	-0.478998	60.578204	234.741889	0.008351	11.5
137	-0.465856	60.101901	236.120504	0.003476	6.1
138	-0.490815	61.101901	233.244560	0.003581	10.8
139	-0.473030	60.889575	233.849324	0.005171	5.8
140	-0.489501	61.889575	231.028109	0.006212	5.7
141	-0.463964	61.413272	232.363324	0.005586	6.1
142	-0.475822	62.411773	229.581763	0.004051	7.6
143	-0.447256	63.411773	226.861979	0.004612	6.3
144	-0.450043	64.411773	224.205882	0.003618	6.5
145	-0.466199	65.373262	221.710069	0.004912	7.1
146	-0.469245	66.373262	219.172564	0.001721	5.9
147	-0.461346	67.373260	216.692492	0.003428	5.7
148	-0.467093	68.152989	214.797307	0.004671	5.7
149	-0.450572	67.677226	215.949717	0.004365	10.5
150	-0.476992	68.677226	213.541639	0.002626	7.4
151	-0.473130	69.677186	211.186769	0.004250	5.9
152	-0.489638	69.888189	210.696483	0.004166	6.2
153	-0.460358	69.411886	211.806463	0.005014	6.0
154	-0.487055	70.411886	209.489407	0.003987	11.5
155	-0.474877	69.935583	210.586673	0.002124	6.0
156	-0.467615	70.934100	208.299442	0.003590	5.8
157	-0.512890	70.605780	209.046000	0.004524	6.3
158	-0.459072	71.605779	206.788627	0.005149	5.7
159	-0.501266	72.605773	204.579497	0.005982	6.4
160	-0.462466	73.605703	202.417204	0.008910	5.1
161	-0.473597	74.605703	200.299996	0.006990	6.0
162	-0.495918	75.605703	198.226619	0.005676	3.1
163	-0.501839	76.605703	196.195728	0.003272	3.1
164	-0.486105	76.129399	197.157832	0.004173	10.2
165	-0.474394	77.129399	195.148671	0.005149	11.3
166	-0.454933	78.129399	193.180045	0.003666	6.2
167	-0.441160	79.129399	191.250741	0.002225	9.5
168	-0.483482	80.129327	189.359728	0.007154	5.8
169	-0.479334	81.129327	187.505611	0.006271	6.0
170	-0.457537	82.129327	185.687451	0.001700	5.9
171	-0.449146	81.653633	186.547921	0.002919	6.0
172	-0.491400	82.210275	185.541816	0.004647	7.4
173	-0.456678	83.210275	183.761360	0.002720	5.9
174	-0.482428	84.209899	182.015400	0.005978	6.3
175	-0.495875	83.835138	182.666061	0.003889	5.8
176	-0.505364	84.835063	180.940241	0.006243	6.4
177	-0.495189	85.835063	179.246600	0.002107	5.8
178	-0.465813	85.397447	179.983847	0.002571	6.7
179	-0.502077	84.925469	180.785812	0.006642	11.6
180	-0.464487	85.925467	179.095049	0.006355	5.7
181	-0.479989	86.924604	177.437036	0.002741	6.3
182	-0.480677	86.448488	178.223278	0.006681	5.8
183	-0.467520	87.448488	176.579887	0.005078	5.8
184	-0.479820	88.448488	174.966527	0.002217	5.9
185	-0.463158	89.212848	173.753081	0.006397	5.5
186	-0.454008	88.736544	174.507243	0.003727	10.7
187	-0.477441	89.736544	172.931365	0.006257	5.3
188	-0.454246	89.260241	173.678396	0.004284	5.8
189	-0.471200	88.788603	174.424497	0.003746	6.1
190	-0.480013	88.312300	175.184511	0.007694	5.5
191	-0.489048	89.312300	173.596433	0.002608	5.2
192	-0.512884	90.312300	172.036889	0.004103	4.3
193	-0.460395	89.836003	172.776185	0.004934	4.2
194	-0.503593	90.835912	171.231418	0.003171	4.3
195	-0.494206	90.870279	171.178816	0.007430	6.5
196	-0.459521	90.393975	171.910750	0.007891	9.6
197	-0.465456	91.393975	170.381213	0.004080	5.8
198	-0.460538	92.393975	168.878653	0.004740	11.9
199	-0.465054	91.918813	169.589295	0.007588	6.3
200	-0.508485	91.442510	170.307670	0.002651	5.8
201	-0.452566	92.441825	168.807420	0.006719	5.9
202	-0.489072	93.231147	167.640984	0.003669	5.8
203	-0.430366	92.754844	168.342914	0.002957	9.4
204	-0.472726	93.582964	167.126257	0.004762	5.2
205	-0.482846	93.106661	167.823873	0.010674	6.1
206	-0.458907	94.106661	166.365888	0.003273	5.7
207	-0.498443	95.106661	164.933016	0.006656	5.7
208	-0.492728	96.105754	163.525883	0.005474	14.6
209	-0.453697	97.105754	162.141311	0.004250	8.1
210	-0.475955	96.629451	162.797851	0.003972	3.3
211	-0.434627	97.629446	161.425535	0.005488	6.4
212	-0.473351	98.629446	160.076156	0.005782	7.3
213	-0.470447	99.629446	158.749149	0.003999	5.7
214	-0.469258	100.629446	157.443962	0.004374	6.3
215	-0.480499	101.629440	156.160069	0.003181	10.8
216	-0.474013	102.572995	154.967692	0.006552	5.6
217	-0.461691	103.572951	153.723756	0.004537	7.4
218	-0.474170	104.572951	152.499577	0.002834	4.0
219	-0.456443	104.096648	153.080216	0.003477	4.0
220	-0.494458	105.092803	151.870856	0.004043	4.0
221	-0.457320	104.617560	152.445422	0.004373	3.8
222	-0.460899	105.477365	151.409083	0.003395	3.7
223	-0.464082	105.001062	151.981432	0.004372	3.7
224	-0.466276	104.524816	152.558055	0.004410	4.1
225	-0.513595	105.524816	151.352299	0.003550	6.7
226	-0.480502	105.051270	151.920896	0.007238	9.1
227	-0.482846	106.051270	150.725151	0.002637	5.9
228	-0.492112	107.051270	149.548083	0.003870	10.0
229	-0.460997	106.574986	150.106400	0.004512	5.9
230	-0.480434	107.574986	148.938938	0.005861	5.9
231	-0.476972	107.098682	149.492731	0.003924	5.8
232	-0.479305	108.098682	148.334758	0.003896	5.8
233	-0.493700	107.622379	148.884058	0.002632	6.0
234	-0.460563	107.146076	149.437442	0.003589	6.1
235	-0.452042	108.146026	148.280380	0.002312	11.1
236	-0.468144	109.051623	147.247850	0.002742	11.4
237	-0.466888	109.349420	146.911447	0.004310	5.7
238	-0.470455	108.908606	147.409955	0.002438	6.5
239	-0.474010	108.432489	147.952203	0.004081	5.8
240	-0.478190	109.432115	146.818304	0.005445	5.6
241	-0.480407	110.432114	145.701239	0.003013	5.9
242	-0.490674	110.277740	145.872574	0.005362	5.7
243	-0.457775	111.277740	144.769799	0.004613	5.7
244	-0.485649	112.277740	143.683573	0.002669	4.2
245	-0.434808	112.387224	143.565638	0.002577	4.4
246	-0.498621	111.910931	144.080112	0.002679	4.5
247	-0.469856	111.533641	144.490272	0.003439	5.5
248	-0.469258	112.533637	143.408225	0.002753	11.0
249	-0.469140	112.057344	143.921570	0.002037	6.1
250	-0.462443	112.315049	143.643362	0.005167	4.6
251	-0.447874	113.213316	142.681982	0.003808	5.8
252	-0.488256	114.199973	141.640723	0.002758	6.4
253	-0.493633	115.199920	140.600830	0.002712	5.8
254	-0.472250	114.875570	140.936460	0.004436	6.0
255	-0.467625	115.874581	139.907802	0.003399	13.0
256	-0.503791	116.868242	138.899442	0.004945	9.3
257	-0.452171	116.403608	139.369134	0.003314	5.8
258	-0.473488	116.029292	139.749841	0.006696	6.0
259	-0.471865	117.029292	138.737376	0.004451	6.0
260	-0.447315	118.028929	137.739836	0.005644	5.9
261	-0.449427	117.552626	138.213345	0.008811	7.9
262	-0.483770	118.552626	137.222942	0.003897	5.8
263	-0.480609	119.552626	136.246632	0.004495	6.1
264	-0.486743	120.552626	135.284116	0.003946	11.1
265	-0.477384	121.552623	134.335107	0.002378	6.0
266	-0.495024	121.251952	134.619044	0.008058	4.9
267	-0.471368	120.775649	135.071304	0.005483	3.7
268	-0.470624	120.299346	135.526613	0.002516	3.6
269	-0.460417	119.823043	135.985003	0.005375	3.8
270	-0.467994	120.823043	135.026167	0.002362	10.3
271	-0.448426	121.799382	134.102974	0.003778	4.9
272	-0.500334	121.379280	134.498656	0.007571	5.9
273	-0.449050	122.379229	133.560642	0.004452	6.0
274	-0.499999	121.902925	134.005807	0.005260	5.9
275	-0.456139	122.902925	133.074583	0.004931	6.0
276	-0.481677	123.899582	132.159262	0.005261	6.3
277	-0.438123	123.437492	132.582071	0.002499	6.1
278	-0.479010	122.961538	133.020403	0.002289	6.3
279	-0.475444	123.842263	132.211562	0.003894	7.3
280	-0.472693	124.842238	131.305046	0.007304	5.9
281	-0.466951	125.842238	130.410855	0.003098	9.9
282	-0.485097	126.842238	129.528760	0.004347	5.5
283	-0.479883	126.368886	129.944809	0.007232	5.7
284	-0.498644	125.897092	130.362157	0.005002	8.3
285	-0.460229	126.897092	129.480719	0.003761	11.1
286	-0.469083	126.441375	129.880923	0.002957	8.5
287	-0.493497	127.441375	129.005959	0.003920	5.9
288	-0.480702	127.060498	129.337818	0.001970	6.2
289	-0.478759	127.204005	129.212580	0.004762	5.8
290	-0.497975	126.728386	129.628586	0.003222	5.9
291	-0.472366	126.252120	130.047851	0.005030	6.1
292	-0.455562	127.252120	129.170644	0.003331	5.7
293	-0.471079	128.242238	128.313687	0.003518	4.4
294	-0.485468	127.770302	128.720729	0.002994	4.4
295	-0.472913	128.770159	127.861398	0.003058	4.4
296	-0.468278	129.769869	127.013587	0.004450	4.5
297	-0.500723	130.769857	126.176714	0.002037	4.3
298	-0.468124	131.769757	125.350869	0.004332	4.5
299	-0.467509	131.293513	125.742860	0.004273	4.4
300	-0.487567	130.817210	126.137358	0.004874	4.4
301	-0.486191	131.817210	125.311945	0.007473	4.5
302	-0.470538	131.340907	125.703741	0.006430	6.9
303	-0.485356	132.340897	124.883982	0.008306	10.9
304	-0.472328	133.340897	124.074838	0.003236	5.5
305	-0.470128	134.335227	123.280612	0.005034	6.3
306	-0.502663	135.335034	122.492197	0.005195	5.9
307	-0.468082	134.858864	122.866428	0.002561	6.1
308	-0.504079	134.382728	123.242925	0.004615	9.9
309	-0.473139	133.906424	123.621870	0.008454	5.9
310	-0.478682	134.906424	122.828946	0.003846	6.2
311	-0.472402	135.906424	122.046130	0.002618	5.9
312	-0.503330	135.953834	122.009264	0.002375	6.4
313	-0.476029	136.805353	121.350901	0.004093	6.3
314	-0.460648	137.537125	120.790773	0.007051	5.7
315	-0.515949	138.537125	120.033640	0.002250	5.8
316	-0.437179	138.063795	120.390827	0.005883	16.0
317	-0.442721	137.625445	120.723518	0.007464	2.1
318	-0.466481	137.149142	121.087105	0.002747	11.1
319	-0.446497	138.132736	120.338670	0.003951	6.2
320	-0.471462	139.132734	119.587179	0.002034	5.9
321	-0.499664	139.015028	119.675146	0.003721	5.7
322	-0.463848	138.743174	119.878811	0.003533	6.1
323	-0.501830	138.266871	120.237320	0.001859	5.8
324	-0.473460	139.266480	119.487380	0.005329	5.8
325	-0.463684	139.621782	119.223069	0.006126	5.8
326	-0.478667	140.621782	118.485402	0.005791	5.8
327	-0.441857	140.145479	118.835613	0.006198	5.8
328	-0.449859	141.016748	118.196557	0.004837	5.8
329	-0.475845	140.540445	118.545061	0.005126	5.0
330	-0.510355	141.540445	117.815734	0.002939	4.6
331	-0.465336	141.064142	118.161992	0.005295	4.4
332	-0.504317	141.206960	118.057954	0.004513	7.5
333	-0.462494	142.206960	117.334591	0.004507	6.8
334	-0.474729	141.730657	117.678022	0.003911	5.9
335	-0.472882	141.282494	118.003004	0.004619	5.3
336	-0.450176	142.244345	117.307719	0.006926	6.2
337	-0.491427	143.244345	116.593492	0.007998	6.3
338	-0.471147	144.239233	115.891496	0.006495	8.1
339	-0.452530	144.945421	115.398314	0.007941	6.2
340	-0.485105	145.945421	114.707080	0.003920	5.9
341	-0.472846	145.469118	115.035281	0.004207	10.9
342	-0.472926	146.469096	114.348392	0.003787	3.4
343	-0.471008	147.467801	113.670516	0.003976	6.2
344	-0.475566	148.416986	113.033659	0.004580	5.3
345	-0.502544	147.940692	113.352334	0.002393	6.1
346	-0.490388	148.938179	112.686989	0.002876	8.5
347	-0.510538	148.461928	113.003682	0.003252	11.1
348	-0.482351	149.461926	112.340757	0.002794	11.4
349	-0.494370	150.461901	111.685580	0.005825	5.8
350	-0.509592	150.471091	111.679594	0.003219	5.9
351	-0.478720	149.994792	111.990673	0.004296	4.5
352	-0.465725	150.025809	111.970362	0.004794	4.5
353	-0.471377	149.549506	112.283068	0.004121	4.3
354	-0.485817	149.073203	112.597525	0.006963	4.4
355	-0.492186	148.596900	112.913749	0.002703	4.4
356	-0.496703	149.596804	112.251938	0.002007	4.4
357	-0.455404	149.635659	112.226377	0.005668	4.5
358	-0.467768	150.635634	111.572530	0.002878	4.4
359	-0.470569	150.159331	111.883014	0.001926	4.3
360	-0.449177	150.935701	111.377810	0.003027	4.4
361	-0.480825	151.519738	111.000759	0.003687	5.5
362	-0.464719	152.519730	110.361063	0.005394	4.5
363	-0.454375	152.043427	110.664832	0.002631	4.5
364	-0.452105	153.043427	110.028986	0.006161	8.2
365	-0.500656	154.043414	109.400413	0.008402	11.2
366	-0.479523	155.040127	108.781004	0.003264	4.4
367	-0.468407	156.040127	108.166562	0.005886	5.9
368	-0.466451	157.040118	107.559027	0.005078	7.7
369	-0.473584	158.040118	106.958273	0.003590	4.5
370	-0.471717	158.069792	106.940549	0.005414	4.4
371	-0.507943	157.593488	107.225756	0.006221	4.3
372	-0.476921	158.593488	106.628709	0.002637	4.5
373	-0.470339	159.593488	106.038274	0.004595	4.4
374	-0.480259	159.589650	106.040528	0.004190	5.8
375	-0.464790	159.113347	106.320948	0.005030	6.0
376	-0.451585	160.113347	105.733907	0.003084	5.9
377	-0.512073	161.113347	105.153313	0.004948	11.1
378	-0.497834	160.637044	105.429055	0.004055	6.3
379	-0.493161	161.637044	104.851795	0.002653	4.6
380	-0.475247	161.179479	105.115142	0.003182	8.6
381	-0.450516	160.705140	105.389544	0.002394	11.6
382	-0.484292	161.705062	104.812760	0.002643	5.4
383	-0.496171	161.231267	105.085269	0.002664	5.8
384	-0.477986	160.768461	105.352830	0.002377	5.7
385	-0.466134	161.764476	104.778687	0.005529	5.9
386	-0.465017	161.659374	104.838976	0.003002	11.1
387	-0.510098	162.659374	104.268143	0.004182	9.5
388	-0.487222	162.183071	104.539255	0.005708	4.6
389	-0.488630	163.183071	103.971672	0.004214	5.9
390	-0.450988	162.706768	104.241243	0.003202	5.8
391	-0.464680	163.706768	103.676882	0.004414	6.7
392	-0.484413	164.706768	103.118600	0.004846	6.1
393	-0.490992	165.706768	102.566297	0.003823	16.3
394	-0.483859	165.230465	102.828621	0.002370	1.6
395	-0.477266	166.221876	102.284104	0.004439	5.8
396	-0.475646	167.153452	101.777680	0.005992	5.7
397	-0.482924	166.677149	102.035980	0.003323	8.7
398	-0.477599	167.677149	101.495183	0.003359	8.8
399	-0.490459	167.336842	101.678575	0.004475	5.8
400	-0.494867	168.333610	101.143277	0.006662	5.7
401	-0.514137	169.333610	100.611877	0.002090	8.4
402	-0.489029	168.917194	100.832481	0.003004	6.4
403	-0.456770	169.050731	100.761632	0.003743	5.8
404	-0.491962	168.598373	101.002037	0.004331	6.3
405	-0.478176	168.122070	101.256410	0.009784	5.9
406	-0.462245	169.122070	100.723824	0.003025	7.3
407	-0.475475	170.122069	100.196811	0.003953	8.0
408	-0.496845	170.141466	100.186643	0.002924	10.9
409	-0.448641	171.141320	99.665297	0.003504	5.0
410	-0.499107	170.670661	99.910032	0.003790	6.1
411	-0.470638	171.507830	99.475548	0.003648	5.8
412	-0.431455	171.031527	99.722280	0.003749	7.1
413	-0.457485	171.950587	99.247285	0.008338	5.9
414	-0.455322	171.474286	99.492884	0.003093	5.6
415	-0.454030	170.997983	99.739703	0.002490	5.9
416	-0.462889	170.533289	99.981689	0.005362	10.3
417	-0.485444	170.063156	100.227706	0.003894	5.7
418	-0.472879	170.983161	99.747403	0.002542	6.3
419	-0.473230	171.982488	99.230879	0.003551	10.6
420	-0.488267	172.980821	98.720182	0.003150	5.7
421	-0.467696	173.139770	98.639356	0.008418	7.3
422	-0.489306	172.663473	98.881950	0.003070	8.0
423	-0.460098	172.187171	99.125743	0.008925	5.7
424	-0.483109	171.710868	99.370742	0.005635	10.7
425	-0.489089	172.710868	98.857757	0.004859	4.5
426	-0.482397	172.234565	99.101431	0.004039	8.8
427	-0.480351	171.758261	99.346309	0.007102	5.8
428	-0.487387	172.758261	98.833576	0.006855	6.2
429	-0.453849	173.758261	98.326108	0.005714	5.9
430	-0.456584	174.758261	97.823825	0.004773	7.5
431	-0.449189	175.758261	97.326647	0.007007	6.2
432	-0.476050	176.758261	96.834497	0.002248	11.2
433	-0.483921	177.753589	96.349565	0.003576	6.1
434	-0.494596	177.278411	96.580469	0.003732	5.7
435	-0.475148	178.278411	96.095818	0.004747	8.7
436	-0.439154	179.276473	95.616932	0.003878	11.9
437	-0.491581	180.276473	95.141879	0.008747	5.5
438	-0.476343	179.800170	95.367558	0.008951	7.7
439	-0.490120	180.800170	94.894974	0.003459	5.4
440	-0.493058	181.791991	94.430859	0.007351	6.5
441	-0.478103	182.791991	93.967490	0.004121	6.2
442	-0.474349	183.778077	93.515000	0.003294	6.0
443	-0.501009	184.774939	93.061973	0.003313	5.8
444	-0.480706	184.298655	93.277873	0.003582	10.7
445	-0.476295	185.298603	92.825746	0.006542	6.1
446	-0.450264	184.822300	93.040559	0.005324	7.0
447	-0.499539	185.822300	92.590701	0.003814	5.5
448	-0.473673	185.345997	92.804426	0.003554	6.9
449	-0.471800	185.058969	92.933697	0.006029	5.8
450	-0.468513	186.058969	92.484870	0.002275	10.8
451	-0.488299	187.058969	92.040357	0.004470	10.8
452	-0.484742	186.582887	92.251448	0.001840	5.5
453	-0.447338	186.107514	92.463192	0.004559	7.1
454	-0.454455	185.642051	92.671466	0.004366	6.1
455	-0.484781	186.641965	92.225200	0.004460	6.3
456	-0.448958	186.165933	92.437118	0.004792	6.4
457	-0.481916	185.689630	92.650134	0.003659	10.8
458	-0.488021	185.213327	92.864133	0.003842	6.8
459	-0.483645	184.737025	93.079123	0.007788	6.3
460	-0.473670	185.737025	92.628893	0.003494	5.9
461	-0.474069	186.737025	92.182998	0.006140	13.6
462	-0.492308	186.296098	92.379075	0.008372	12.1
463	-0.483590	185.819795	92.591823	0.004402	11.1
464	-0.455049	185.343492	92.805553	0.002827	5.8
465	-0.475586	185.341125	92.806617	0.003598	5.8
466	-0.451605	186.329462	92.364209	0.002877	6.2
467	-0.463886	187.070446	92.035280	0.002387	10.8
468	-0.508977	187.734232	91.742603	0.003734	5.8
469	-0.469694	188.722858	91.310132	0.004550	6.1
470	-0.466694	189.722858	90.876813	0.002608	2.9
471	-0.440287	189.809129	90.839623	0.002349	2.9
472	-0.514609	189.719205	90.878389	0.005357	2.8
473	-0.471122	190.713606	90.451541	0.004804	3.0
474	-0.486382	190.237303	90.655493	0.003383	2.9
475	-0.448740	190.750098	90.435953	0.006003	2.8
476	-0.469349	190.446577	90.565769	0.003753	2.8
477	-0.472080	189.970274	90.770237	0.002050	5.4
478	-0.500690	190.948976	90.351094	0.004782	9.1
479	-0.494837	190.594505	90.502453	0.004873	9.0
480	-0.480326	191.594504	90.076749	0.003826	5.9
481	-0.475294	191.122624	90.277130	0.003226	6.5
482	-0.468904	192.122467	89.853604	0.004212	3.9
483	-0.468689	192.041420	89.887787	0.004680	3.7
484	-0.468176	193.041420	89.467832	0.004387	3.8
485	-0.478462	192.565126	89.667364	0.006854	3.7
486	-0.434526	192.088822	89.867791	0.002856	3.7
487	-0.496102	191.612519	90.069117	0.004541	3.7
488	-0.482421	192.612519	89.647470	0.004682	3.7
489	-0.474539	192.136216	89.847808	0.004606	3.8
490	-0.465828	191.659913	90.049044	0.001852	3.6
491	-0.492845	191.345630	90.182321	0.006076	3.7
492	-0.468905	190.870057	90.384749	0.003644	3.8
493	-0.467086	190.401222	90.585199	0.007912	3.7
494	-0.462043	191.401222	90.158718	0.003144	3.8
495	-0.502287	190.924919	90.361350	0.007278	3.9
496	-0.470548	191.924919	89.936969	0.001916	3.7
497	-0.497416	191.448616	90.138605	0.009272	3.7
498	-0.492587	190.972313	90.341147	0.003682	3.7
499	-0.474652	191.972166	89.917017	0.004787	4.5
500	-0.464381	192.972165	89.496790	0.002693	8.4
501	-0.470029	192.536038	89.679578	0.003167	5.9
502	-0.472599	193.451452	89.296769	0.003947	6.0
503	-0.474526	194.451452	88.882306	0.004407	11.3
504	-0.466609	194.201416	88.985575	0.004308	6.2
505	-0.476319	195.201416	88.573989	0.006067	6.0
506	-0.460095	196.201389	88.166203	0.004400	6.0
507	-0.479753	197.201389	87.762144	0.002808	4.4
508	-0.466216	197.752191	87.541166	0.003940	4.4
509	-0.471787	197.275951	87.732165	0.004514	4.4
510	-0.482975	198.275951	87.332066	0.002271	4.4
511	-0.483421	197.800586	87.521803	0.005353	4.6
512	-0.476539	197.324283	87.712744	0.004318	4.3
513	-0.490128	198.324283	87.312821	0.006100	4.3
514	-0.479052	199.324283	86.916529	0.004048	4.4
515	-0.470329	200.321306	86.524981	0.005470	4.6
516	-0.490663	201.316774	86.137548	0.003417	4.4
517	-0.459739	200.840471	86.322490	0.004421	4.4
518	-0.459266	200.364168	86.508228	0.004349	12.6
519	-0.472202	201.364168	86.119189	0.005282	6.3
520	-0.466244	202.364168	85.733634	0.002054	5.4
521	-0.468841	202.396090	85.721383	0.005411	5.4
522	-0.483359	202.871917	85.539187	0.005436	10.9
523	-0.477868	203.845184	85.168922	0.006612	5.0
524	-0.488347	204.845184	84.791810	0.002890	10.8
525	-0.462664	204.368881	84.971012	0.002541	6.2
526	-0.486076	203.929582	85.136965	0.004728	6.1
527	-0.505237	204.929506	84.760163	0.005004	5.7
528	-0.478316	204.453737	84.939031	0.002393	5.7
529	-0.500442	203.990377	85.113960	0.002948	10.3
530	-0.463517	204.377220	84.967868	0.002633	5.9
531	-0.484405	205.285927	84.626658	0.005920	10.9
532	-0.492359	204.810406	84.804869	0.003772	3.3
533	-0.464974	205.810389	84.430973	0.004349	5.7
534	-0.463654	206.810389	84.060354	0.004819	11.3
535	-0.477895	206.423706	84.203279	0.004353	5.2
536	-0.507549	205.947403	84.380000	0.002261	6.4
537	-0.468632	205.471100	84.557464	0.003031	8.8
538	-0.492070	205.078146	84.704436	0.003083	6.2
539	-0.465364	206.072053	84.333680	0.005056	8.5
540	-0.500379	205.610518	84.505441	0.003225	6.3
541	-0.458826	205.134215	84.683434	0.007293	5.8
542	-0.477822	204.657912	84.862178	0.002268	9.1
543	-0.463784	205.657912	84.487771	0.003985	6.1
544	-0.487182	205.195204	84.660600	0.004017	12.5
545	-0.473302	204.811200	84.804571	0.004251	11.4
546	-0.468666	205.811200	84.430671	0.002944	9.2
547	-0.482510	206.811199	84.060055	0.003727	7.7
548	-0.469720	207.810805	83.692821	0.003856	10.8
549	-0.470354	207.378963	83.851076	0.005337	5.8
550	-0.486724	206.903351	84.026065	0.006277	5.7
551	-0.455560	207.903248	83.659022	0.004436	6.8
552	-0.464659	208.903248	83.295134	0.005621	5.8
553	-0.440955	208.426945	83.468059	0.003213	6.0
554	-0.484274	209.419631	83.108465	0.004339	5.4
555	-0.479283	210.419631	82.749341	0.003050	4.5
556	-0.488136	209.943418	82.919972	0.003868	4.5
557	-0.467022	209.467738	83.091117	0.006927	4.9
558	-0.464751	208.991435	83.263196	0.002868	4.5
559	-0.482257	209.991435	82.902736	0.003329	7.3
560	-0.442483	209.573550	83.052986	0.004648	5.8
561	-0.498364	210.568169	82.696261	0.006083	6.1
562	-0.469803	210.091866	82.866707	0.006125	6.5
563	-0.466461	211.091866	82.509664	0.005563	8.8
564	-0.443022	210.615562	82.679340	0.003471	5.8
565	-0.477889	211.608853	82.326281	0.005976	6.1
566	-0.489655	211.132551	82.495203	0.003240	5.8
567	-0.479493	212.132551	82.141347	0.003184	6.3
568	-0.459556	213.132551	81.790515	0.005842	10.5
569	-0.469037	212.656259	81.957239	0.002870	6.5
570	-0.465653	212.179956	82.124648	0.002960	10.8
571	-0.471825	212.365725	82.059273	0.004129	5.7
572	-0.482156	211.890119	82.226854	0.003123	6.2
573	-0.456238	211.413820	82.395366	0.001834	7.6
574	-0.460977	212.005430	82.186161	0.006424	8.2
575	-0.475927	211.529741	82.354291	0.004494	5.8
576	-0.427271	211.053437	82.523328	0.003868	4.9
577	-0.480600	212.053170	82.169326	0.004852	5.9
578	-0.482926	213.053170	81.818254	0.002200	8.1
579	-0.478293	212.577279	81.984951	0.003958	3.9
580	-0.485817	213.574523	81.636409	0.003308	3.7
581	-0.460425	214.574418	81.289904	0.004261	3.7
582	-0.478982	215.523457	80.963732	0.003252	3.7
583	-0.463070	216.523457	80.622866	0.002938	3.8
584	-0.452659	216.047207	80.784845	0.000998	3.7
585	-0.490606	216.210621	80.729192	0.006463	3.9
586	-0.467591	216.439740	80.651292	0.004800	3.7
587	-0.460822	217.430179	80.316267	0.003608	3.6
588	-0.467814	216.967141	80.472547	0.004343	5.8
589	-0.486869	217.967141	80.135795	0.004937	5.8
590	-0.474912	217.490838	80.295839	0.004152	5.8
591	-0.467050	218.490832	79.960563	0.005685	12.7
592	-0.459811	218.022584	80.117207	0.004523	5.7
593	-0.480046	219.022584	79.783417	0.002377	5.7
594	-0.484031	219.914413	79.488070	0.003820	13.6
595	-0.462952	220.845748	79.181966	0.002426	3.8
596	-0.452168	220.521920	79.288132	0.002547	5.9
597	-0.475563	220.045694	79.444779	0.002240	5.8
598	-0.456603	219.573289	79.600782	0.003152	6.3
599	-0.474886	219.096990	79.758692	0.005261	6.0
600	-0.468887	220.096990	79.427876	0.003670	6.3
601	-0.470841	219.620686	79.585102	0.003413	7.6
602	-0.497596	219.147030	79.742072	0.006409	6.1
603	-0.518867	220.147030	79.411394	0.006177	5.7
604	-0.475416	221.147030	79.083447	0.006410	5.2
605	-0.467976	222.147030	78.758198	0.001783	3.8
606	-0.441854	223.113323	78.446443	0.003009	6.2
607	-0.470090	224.110304	78.127364	0.006042	11.0
608	-0.522035	223.984792	78.167390	0.002142	7.5
609	-0.465955	223.508540	78.319644	0.003435	3.2
610	-0.483567	224.184150	78.103833	0.002893	6.1
611	-0.457908	225.184127	77.786582	0.004427	5.7
612	-0.468523	224.713520	77.935564	0.002923	11.7
613	-0.482684	224.237220	78.086931	0.004553	6.2
614	-0.450100	225.237220	77.769810	0.005007	5.7
615	-0.458326	226.237220	77.455255	0.002082	5.7
616	-0.468576	226.880513	77.254245	0.003449	6.0
617	-0.482612	226.422881	77.397134	0.003505	10.4
618	-0.432520	225.946578	77.546415	0.004191	6.6
619	-0.467994	225.470277	77.696273	0.003466	11.5
620	-0.468831	224.993991	77.846706	0.003749	7.3
621	-0.484747	224.517700	77.997724	0.002348	12.1
622	-0.449211	224.137638	78.118652	0.002543	4.0
623	-0.475506	225.131684	77.803156	0.003215	5.7
624	-0.474306	226.131310	77.488449	0.004970	5.8
625	-0.497019	227.131251	77.176179	0.004941	6.5
626	-0.493573	228.131010	76.866472	0.006243	5.8
627	-0.480307	229.131010	76.559167	0.002603	7.8
628	-0.466374	230.130921	76.254337	0.003966	6.1
629	-0.452241	229.678032	76.392102	0.003510	5.8
630	-0.490003	229.203063	76.537120	0.003669	6.1
631	-0.466907	228.726760	76.683099	0.003019	5.8
632	-0.491220	228.250472	76.829631	0.008099	7.2
633	-0.475101	229.249598	76.522887	0.002885	8.7
634	-0.484565	230.249598	76.218318	0.004746	5.7
635	-0.467410	230.573494	76.120189	0.002989	6.0
636	-0.477748	230.097210	76.264574	0.004263	4.7
637	-0.456201	230.123400	76.256621	0.003629	4.5
638	-0.473984	231.105607	75.959524	0.002297	4.5
639	-0.479327	230.629410	76.103274	0.006906	4.4
640	-0.469057	231.629410	75.802029	0.006556	4.4
641	-0.495623	231.153107	75.945215	0.005978	4.4
642	-0.480803	232.153107	75.645217	0.009125	4.4
643	-0.482618	233.153106	75.347581	0.001911	4.4
644	-0.454312	234.153105	75.052278	0.002088	4.5
645	-0.431529	234.396127	74.980862	0.003369	4.5
646	-0.460743	235.391257	74.689840	0.003797	4.6
647	-0.456665	235.876387	74.548782	0.002628	4.4
648	-0.469236	235.400186	74.687238	0.004364	4.5
649	-0.484960	236.381310	74.402535	0.003025	4.4
650	-0.488366	235.918239	74.536638	0.005512	4.5
651	-0.481122	235.441936	74.675079	0.006184	4.5
652	-0.484492	236.441936	74.385013	0.004093	11.6
653	-0.480483	235.965633	74.522891	0.003013	5.5
654	-0.456691	235.523212	74.651419	0.003448	5.9
655	-0.473911	236.520636	74.362281	0.003558	5.3
656	-0.470992	236.044333	74.500074	0.002129	6.0
657	-0.470059	236.677502	74.317011	0.004056	11.0
658	-0.470463	236.201227	74.454628	0.003790	8.2
659	-0.456449	237.201223	74.166271	0.003268	10.9
660	-0.439083	236.724922	74.303337	0.003824	13.2
661	-0.485506	237.724886	74.016157	0.006225	3.0
662	-0.491811	238.724886	73.731178	0.005324	2.9
663	-0.501369	239.724886	73.448385	0.003118	5.9
664	-0.473341	239.248585	73.582809	0.001594	5.9
665	-0.468763	238.825517	73.702622	0.005209	6.9
666	-0.465860	239.825357	73.420092	0.003069	7.1
667	-0.495824	239.349058	73.554412	0.005437	9.3
668	-0.473359	240.349058	73.272971	0.003523	6.1
669	-0.478589	239.882152	73.404109	0.002536	12.8
670	-0.493056	239.416253	73.535432	0.002896	5.5
671	-0.463312	240.415899	73.254235	0.003023	10.9
672	-0.478199	240.540470	73.219345	0.006159	7.9
673	-0.461151	241.046798	73.077870	0.001577	10.6
674	-0.465117	242.045003	72.800554	0.002038	6.5
675	-0.493047	241.656977	72.908103	0.003000	5.5
676	-0.490982	241.228770	73.027158	0.003380	5.8
677	-0.494188	240.755400	73.159224	0.004356	5.5
678	-0.485627	240.309048	73.284190	0.003434	11.1
679	-0.466030	241.306757	73.005446	0.002454	7.7
680	-0.487332	240.830548	73.138226	0.002025	2.5
681	-0.504207	241.614527	72.919888	0.003783	8.7
682	-0.469431	242.306969	72.728124	0.004998	11.2
683	-0.493342	241.836774	72.858229	0.002907	1.3
684	-0.468062	241.360470	72.990500	0.002207	5.8
685	-0.445878	240.884428	73.123179	0.005500	6.2
686	-0.466537	240.417184	73.253875	0.004400	5.8
687	-0.485713	239.940881	73.387588	0.003461	6.2
688	-0.443117	240.940873	73.107422	0.004364	6.2
689	-0.451480	240.464570	73.240599	0.004867	10.8
690	-0.461575	241.464566	72.961551	0.004157	6.3
691	-0.472950	240.988263	73.094198	0.005046	11.1
692	-0.499423	241.988263	72.816260	0.005239	7.1
693	-0.463249	241.511960	72.948379	0.003656	5.9
694	-0.482988	242.511954	72.671549	0.005186	6.1
695	-0.478616	243.511931	72.396817	0.007424	4.6
696	-0.484134	243.035647	72.527411	0.003324	4.3
697	-0.482285	242.559356	72.658478	0.005877	4.5
698	-0.476290	242.760297	72.603125	0.004642	5.1
699	-0.474152	242.284108	72.734439	0.006170	5.3
700	-0.490132	241.807805	72.866260	0.003525	6.7
701	-0.484948	241.331501	72.998560	0.004403	6.4
702	-0.464249	242.204965	72.756309	0.006904	4.8
703	-0.477470	243.204965	72.480931	0.003793	4.4
704	-0.472838	242.728668	72.611832	0.006573	4.4
705	-0.467750	242.252365	72.743209	0.004879	4.5
706	-0.462124	243.252365	72.467930	0.002750	4.5
707	-0.475415	242.776062	72.598786	0.005306	4.4
708	-0.472537	242.299810	72.730101	0.004623	4.3
709	-0.471196	241.823507	72.861907	0.002245	10.5
710	-0.501263	241.347236	72.994182	0.006002	5.2
711	-0.477409	240.875324	73.125721	0.004720	1.6
712	-0.484950	241.875260	72.847562	0.006018	10.9
713	-0.467485	242.875260	72.571494	0.004031	11.6
714	-0.490754	242.398957	72.702725	0.005407	10.8
715	-0.462734	241.922654	72.834431	0.004314	5.8
716	-0.475747	242.922654	72.558462	0.003968	5.6
717	-0.496230	242.446351	72.689645	0.004064	6.1
718	-0.466836	241.970047	72.821304	0.004232	5.5
719	-0.488449	242.970047	72.545435	0.006125	6.1
720	-0.493997	242.520178	72.669281	0.004309	5.9
721	-0.450599	242.043874	72.800866	0.003500	5.7
722	-0.468110	243.043718	72.525194	0.005068	9.8
723	-0.474420	242.567415	72.656257	0.005340	7.4
724	-0.474509	243.567415	72.381634	0.002743	6.6
725	-0.498817	243.091112	72.512178	0.005601	10.1
726	-0.468066	242.615155	72.643099	0.004649	10.6
727	-0.446353	243.615155	72.368575	0.001554	7.0
728	-0.501785	243.139646	72.498855	0.002945	4.0
729	-0.482827	244.108513	72.233900	0.005464	3.9
730	-0.491982	245.108513	71.962455	0.005293	3.9
731	-0.457279	246.108513	71.693042	0.004479	5.8
732	-0.445868	245.632210	71.821112	0.003005	4.5
733	-0.489381	246.630082	71.553324	0.006373	8.3
734	-0.450669	246.153818	71.680884	0.004026	5.7
735	-0.472017	245.679926	71.808261	0.004836	5.9
736	-0.488362	245.533579	71.847690	0.003261	5.8
737	-0.489726	246.533578	71.579134	0.004804	10.5
738	-0.483040	246.057282	71.706795	0.004357	4.5
739	-0.463355	246.925786	71.474352	0.003940	4.3
740	-0.458379	246.449483	71.601641	0.008508	4.4
741	-0.488863	247.449483	71.334918	0.006242	11.1
742	-0.467634	248.449483	71.070175	0.005604	1.6
743	-0.470370	247.976545	71.195136	0.001956	8.4
744	-0.461265	248.816388	70.973531	0.003098	7.9
745	-0.484996	249.725576	70.735178	0.004608	10.9
746	-0.492652	250.725572	70.474861	0.003434	8.9
747	-0.457188	250.251963	70.597911	0.003602	6.0
748	-0.473390	251.251959	70.338601	0.005567	9.7
749	-0.479080	252.232944	70.086065	0.004247	5.3
750	-0.493540	253.232944	69.830494	0.003824	10.5
751	-0.489060	252.817679	69.936397	0.003502	5.4
752	-0.489436	253.817507	69.681958	0.003314	6.6
753	-0.470419	254.817507	69.429320	0.003457	7.7
754	-0.508817	255.585750	69.236473	0.003619	6.1
755	-0.473152	255.740011	69.197879	0.005772	6.0
756	-0.486056	255.263708	69.317182	0.003179	6.1
757	-0.463246	255.502298	69.257370	0.002991	4.6
758	-0.484542	255.026003	69.376876	0.001851	4.4
759	-0.473533	254.557752	69.494767	0.004156	4.3
760	-0.471856	255.556136	69.243887	0.002214	4.4
761	-0.493682	255.088854	69.361083	0.001867	4.7
762	-0.523995	254.671354	69.466129	0.003262	4.4
763	-0.498379	255.670580	69.215244	0.004057	4.3
764	-0.476695	255.194278	69.334607	0.007330	5.4
765	-0.495860	256.191162	69.085254	0.002379	5.7
766	-0.494492	255.714867	69.204167	0.003655	6.4
767	-0.445162	255.238688	69.323461	0.004670	7.8
768	-0.465158	254.762385	69.443198	0.003694	11.4
769	-0.504885	254.286291	69.563296	0.005890	9.7
770	-0.450174	255.286275	69.311521	0.006992	6.5
771	-0.469233	254.809985	69.431213	0.006138	6.2
772	-0.475205	255.809985	69.180387	0.004882	11.1
773	-0.455183	256.809985	68.931366	0.006060	4.9
774	-0.470497	257.809985	68.684132	0.006285	5.4
775	-0.478410	258.809985	68.438665	0.001767	6.4
776	-0.452881	258.335067	68.555023	0.003097	5.7
777	-0.486755	257.868920	68.669617	0.003873	6.2
778	-0.471437	258.868919	68.424253	0.005116	5.8
779	-0.488320	259.868919	68.180637	0.005406	5.9
780	-0.486350	260.868919	67.938749	0.003770	11.2
781	-0.472215	261.868919	67.698572	0.006365	5.1
782	-0.494596	262.853861	67.463665	0.004190	6.4
783	-0.485331	263.853860	67.226829	0.003279	10.8
784	-0.458551	264.853858	66.991651	0.003351	6.4
785	-0.454145	265.519865	66.835931	0.003375	6.3
786	-0.456651	265.071006	66.940799	0.003854	5.9
787	-0.476811	264.594703	67.052441	0.004362	9.7
788	-0.469602	264.785354	67.007709	0.005512	10.7
789	-0.497820	265.785354	66.774058	0.002519	5.0
790	-0.452793	265.309053	66.885143	0.008530	5.7
791	-0.476326	266.309053	66.652344	0.004188	6.0
792	-0.454961	265.832749	66.763024	0.001986	4.8
793	-0.497517	266.789368	66.541103	0.003465	4.4
794	-0.464221	267.425140	66.394427	0.005110	5.7
795	-0.469656	268.425140	66.165026	0.004807	8.2
796	-0.472080	269.425140	65.937204	0.002293	5.9
797	-0.473837	270.392174	65.718381	0.002460	10.0
798	-0.478033	270.483305	65.697834	0.003992	11.2
799	-0.477903	271.406310	65.490453	0.006692	6.1
800	-0.481588	272.406305	65.267247	0.002630	8.3
801	-0.468331	271.930002	65.373371	0.003942	6.2
802	-0.450882	271.453721	65.479836	0.003189	7.7
803	-0.487015	270.977418	65.586654	0.005193	5.7
804	-0.459058	271.977418	65.362791	0.005528	6.0
805	-0.492558	272.977418	65.140452	0.005269	6.0
806	-0.476159	272.501115	65.246164	0.007344	10.1
807	-0.497464	273.501115	65.024616	0.005499	3.6
808	-0.453945	274.501115	64.804567	0.004094	6.8
809	-0.468674	274.024811	64.909191	0.004854	8.6
810	-0.478605	273.635503	64.994957	0.004393	5.1
811	-0.456322	274.619906	64.778526	0.004761	5.2
812	-0.467207	274.143603	64.883066	0.003130	3.1
813	-0.491566	273.667305	64.987942	0.005478	5.1
814	-0.474345	274.667305	64.768141	0.003929	4.1
815	-0.478919	274.191002	64.872648	0.006858	4.3
816	-0.460526	273.714755	64.977479	0.005148	4.3
817	-0.512135	274.714720	64.757756	0.003850	4.2
818	-0.510010	274.240430	64.861787	0.003594	4.4
819	-0.488963	275.240427	64.642838	0.004953	5.3
820	-0.491140	274.764126	64.746939	0.002978	6.7
821	-0.480135	275.764110	64.528766	0.002352	6.8
822	-0.451804	276.724498	64.320612	0.002163	6.4
823	-0.453247	276.301824	64.412056	0.002356	6.0
824	-0.447826	276.255591	64.422075	0.004208	6.1
825	-0.454189	276.947214	64.272532	0.005033	6.5
826	-0.479795	277.947214	64.057536	0.004647	6.2
827	-0.463454	277.470911	64.159759	0.004736	11.6
828	-0.475814	278.470911	63.945516	0.001811	8.1
829	-0.452589	279.465308	63.733887	0.004969	7.9
830	-0.439675	279.112029	63.808911	0.003456	6.2
831	-0.508457	280.112027	63.597001	0.003200	1.4
832	-0.471447	281.090567	63.390996	0.003563	4.7
833	-0.481276	280.614629	63.491025	0.002602	6.1
834	-0.487384	280.138336	63.591445	0.006096	5.6
835	-0.461428	281.134769	63.381722	0.003270	4.9
836	-0.460981	280.658466	63.481798	0.005650	4.4
837	-0.483100	280.183517	63.581905	0.006659	4.4
838	-0.486333	281.183517	63.371497	0.004272	4.4
839	-0.457377	280.707214	63.471541	0.002822	4.4
840	-0.471536	281.696591	63.264082	0.002296	4.4
841	-0.469521	282.522525	63.091930	0.004701	4.5
842	-0.462393	282.050851	63.190127	0.003548	11.4
843	-0.462207	281.585161	63.287379	0.004761	1.5
844	-0.486206	281.236275	63.360435	0.003331	5.9
845	-0.503691	280.760017	63.460435	0.003371	5.9
846	-0.490221	280.283719	63.560759	0.004150	10.9
847	-0.470016	281.283718	63.350490	0.006816	4.6
848	-0.495233	280.807415	63.450468	0.004085	4.6
849	-0.492850	281.807415	63.240928	0.003516	3.8
850	-0.428870	281.331113	63.340559	0.005672	3.9
851	-0.489219	282.331107	63.131744	0.002549	3.8
852	-0.459823	281.855007	63.230990	0.003100	3.9
853	-0.503340	282.854580	63.022982	0.002662	3.9
854	-0.444811	282.924767	63.008428	0.006977	3.8
855	-0.460983	282.449586	63.107095	0.004621	3.8
856	-0.459967	281.973283	63.206305	0.002432	3.9
857	-0.478978	281.497022	63.305819	0.005070	3.9
858	-0.474848	281.025182	63.404719	0.006748	3.9
859	-0.476087	280.548879	63.504868	0.003430	13.2
860	-0.463443	281.548879	63.294969	0.003880	6.7
861	-0.488113	281.216144	63.364655	0.004672	6.0
862	-0.448006	282.215742	63.155764	0.002522	6.2
863	-0.469604	282.386470	63.120224	0.003170	11.3
864	-0.454178	282.010010	63.198644	0.004780	6.2
865	-0.472769	281.533707	63.298143	0.006921	9.1
866	-0.502078	281.057404	63.397955	0.002397	6.9
867	-0.478323	280.597055	63.494724	0.004745	7.7
868	-0.466651	280.421843	63.531633	0.005592	4.9
869	-0.484803	281.421568	63.321614	0.003167	4.5
870	-0.469554	282.421547	63.112927	0.002727	4.5
871	-0.484048	283.315788	62.927467	0.005158	4.4
872	-0.484048	282.839748	63.026059	0.005722	4.6
873	-0.465303	283.839748	62.819307	0.002994	4.5
874	-0.494745	284.839747	62.613908	0.005017	10.0
875	-0.464118	285.839711	62.409855	0.006568	5.9
876	-0.485484	286.839711	62.207120	0.003640	5.8
877	-0.471968	286.363836	62.303432	0.005741	6.3
878	-0.460584	286.342663	62.307724	0.002143	5.8
879	-0.472671	285.891244	62.399375	0.002746	5.7
880	-0.495577	286.890224	62.196914	0.006370	10.7
881	-0.459975	287.890223	61.995558	0.003842	5.4
882	-0.495669	287.415764	62.090931	0.002721	5.9
883	-0.469647	287.002357	62.174270	0.004654	6.1
884	-0.473636	286.530377	62.269692	0.003693	5.8
885	-0.500398	286.054074	62.366285	0.003907	6.3
886	-0.490061	285.578991	62.462929	0.003503	4.5
887	-0.436180	286.540158	62.267711	0.001869	4.4
888	-0.460534	286.066384	62.363784	0.004775	4.3
889	-0.487684	286.022916	62.372614	0.005597	4.4
890	-0.478032	285.546612	62.469527	0.006231	4.4
891	-0.467149	285.070309	62.566741	0.005862	11.5
892	-0.465534	286.070309	62.362988	0.002402	8.6
893	-0.464768	285.594006	62.459870	0.002386	10.9
894	-0.486318	285.225099	62.535115	0.002509	5.8
895	-0.490033	286.189934	62.338702	0.003266	11.0
896	-0.471863	287.183008	62.137825	0.002692	5.7
897	-0.475405	288.179532	61.937547	0.003653	5.9
898	-0.459428	287.704859	62.032784	0.005335	5.8
899	-0.473961	288.704859	61.832487	0.004769	5.8
900	-0.492411	288.228556	61.927728	0.004054	6.0
901	-0.448260	287.752253	62.023262	0.003819	10.4
902	-0.465415	287.275964	62.119088	0.003207	5.8
903	-0.509267	288.268646	61.919700	0.003089	6.0
904	-0.492034	288.036864	61.966141	0.002546	8.5
905	-0.502677	289.035713	61.766503	0.007237	7.3
906	-0.457662	290.035713	61.567920	0.003119	6.0
907	-0.453906	291.035713	61.370609	0.005291	5.9
908	-0.495627	290.559437	61.464426	0.004525	5.9
909	-0.483469	290.778199	61.421299	0.004514	5.7
910	-0.478280	290.301895	61.515275	0.005944	8.3
911	-0.472299	291.301895	61.318302	0.002870	5.6
912	-0.445430	290.847402	61.407668	0.002671	6.5
913	-0.439360	291.846561	61.211547	0.002320	5.8
914	-0.451121	291.373693	61.304208	0.005231	9.8
915	-0.468612	290.897487	61.397807	0.004502	5.6
916	-0.500930	290.421184	61.491712	0.006791	5.8
917	-0.480106	289.944881	61.585905	0.004726	6.1
918	-0.441980	289.468578	61.680386	0.006162	15.8
919	-0.487590	290.468569	61.482357	0.003512	2.5
920	-0.498520	291.468569	61.285594	0.003864	4.5
921	-0.469609	290.992273	61.379154	0.004453	5.9
922	-0.465862	290.537499	61.468754	0.004440	8.5
923	-0.466124	291.371904	61.304559	0.007045	10.8
924	-0.441257	290.895601	61.398179	0.003820	10.6
925	-0.459918	291.895601	61.201953	0.004217	1.5
926	-0.507722	291.419345	61.295250	0.006012	5.1
927	-0.465228	292.419299	61.099689	0.003824	6.1
928	-0.494278	293.419299	60.905364	0.004179	5.5
929	-0.464396	294.419299	60.712271	0.002930	4.2
930	-0.477915	293.942997	60.804088	0.005596	4.4
931	-0.483772	293.466693	60.896185	0.003341	5.9
932	-0.474656	292.991267	60.988390	0.005051	8.0
933	-0.449496	293.986052	60.795777	0.002520	8.3
934	-0.493321	294.985862	60.603413	0.004077	5.5
935	-0.466391	294.512725	60.694293	0.004786	6.1
936	-0.490574	295.512725	60.502534	0.004772	6.0
937	-0.485385	295.036517	60.593700	0.004849	5.7
938	-0.476977	294.560214	60.685159	0.004781	5.7
939	-0.465656	295.560187	60.493463	0.002525	5.8
940	-0.459624	296.560169	60.302972	0.008049	5.9
941	-0.463315	297.560168	60.113673	0.003678	5.9
942	-0.490854	297.125265	60.195853	0.002823	5.7
943	-0.480683	296.660196	60.283983	0.003504	6.8
944	-0.469366	297.620080	60.102370	0.004528	6.1
945	-0.442101	298.620080	59.914327	0.007699	6.1
946	-0.487866	298.143777	60.003745	0.002018	5.8
947	-0.481799	297.670012	60.092952	0.003450	5.9
948	-0.442480	298.641263	59.910356	0.005768	6.4
949	-0.450969	299.641260	59.723511	0.004681	6.0
950	-0.476082	299.164957	59.812361	0.003126	11.2
951	-0.461980	298.688694	59.901467	0.004569	6.5
952	-0.443744	298.742942	59.891304	0.002673	6.0
953	-0.468648	299.734660	59.706119	0.002593	5.6
954	-0.469031	300.686684	59.529420	0.004157	11.7
955	-0.494907	300.210895	59.617597	0.003075	5.5
956	-0.461161	299.746087	59.703992	0.005622	5.8
957	-0.451673	300.746086	59.518430	0.004229	5.7
958	-0.463802	300.269783	59.606670	0.003724	5.5
959	-0.482613	301.269783	59.421711	0.003340	5.9
960	-0.468652	300.858888	59.497570	0.004050	6.2
961	-0.454187	300.624465	59.540937	0.002360	5.7
962	-0.461916	300.148201	59.629236	0.006081	5.7
963	-0.483579	301.148177	59.444141	0.004846	5.9
964	-0.471189	300.671874	59.532161	0.002773	8.4
965	-0.449042	300.308307	59.599523	0.006789	6.1
966	-0.451320	301.307063	59.414838	0.003292	6.5
967	-0.490658	301.703986	59.341758	0.005670	5.8
968	-0.513095	302.703534	59.158519	0.004326	5.8
969	-0.471549	302.227231	59.245695	0.002608	5.9
970	-0.451174	303.164794	59.074342	0.005576	6.3
971	-0.483776	302.739949	59.151865	0.003108	5.8
972	-0.465097	302.263646	59.239021	0.004187	10.1
973	-0.444516	301.787347	59.326433	0.007135	5.5
974	-0.490723	302.787347	59.143206	0.005860	5.7
975	-0.487440	302.311044	59.230336	0.008503	6.1
976	-0.453771	303.311044	59.047702	0.003978	6.3
977	-0.485595	304.311044	58.866190	0.002453	10.7
978	-0.469513	303.835264	58.952411	0.001912	10.9
979	-0.466814	304.723052	58.791730	0.005659	6.3
980	-0.468800	305.419655	58.666265	0.002864	5.7
981	-0.456084	306.419655	58.487087	0.002241	3.8
982	-0.475105	307.341577	58.322866	0.002773	5.8
983	-0.474888	308.330297	58.147768	0.002670	5.4
984	-0.467636	307.897279	58.224324	0.004543	10.6
985	-0.471038	307.420985	58.308764	0.003561	2.8
986	-0.472882	308.420985	58.131761	0.002878	5.8
987	-0.499413	307.945777	58.215740	0.003215	13.5
988	-0.459186	307.469530	58.300147	0.004063	10.5
989	-0.482077	308.458464	58.125148	0.004664	5.8
990	-0.472813	307.994684	58.207086	0.002456	5.9
991	-0.490499	308.994372	58.030753	0.006334	10.9
992	-0.477096	309.956521	57.862047	0.005531	9.2
993	-0.480616	310.956521	57.687741	0.003992	5.8
994	-0.458310	311.956513	57.514483	0.002959	15.1
995	-0.468537	312.566759	57.409263	0.002063	2.9
996	-0.483233	312.138826	57.483008	0.003729	11.4
997	-0.476387	311.763476	57.547848	0.005161	5.6
998	-0.463236	312.763476	57.375427	0.003515	6.0
999	-0.456709	312.287201	57.457417	0.002598	6.1
1000	-0.447709	311.811452	57.539552	0.007098	6.0
1001	-0.479705	311.335149	57.622018	0.003346	11.1
1002	-0.466542	310.858872	57.704716	0.004366	5.8
1003	-0.490657	310.382570	57.787656	0.006550	5.8
1004	-0.489611	311.382570	57.613797	0.003421	5.8
1005	-0.480176	312.382570	57.440981	0.003986	7.7
1006	-0.500650	313.366874	57.271887	0.002225	7.5
1007	-0.448854	314.366858	57.101116	0.004843	8.2
1008	-0.453582	315.366820	56.931364	0.006438	5.7
1009	-0.483635	314.890517	57.012094	0.004023	6.3
1010	-0.464051	315.890517	56.842864	0.004563	6.3
1011	-0.460118	316.890517	56.674635	0.004946	11.1
1012	-0.457180	317.890320	56.507432	0.003966	5.5
1013	-0.465517	318.890320	56.341180	0.003559	7.8
1014	-0.488885	319.888779	56.176158	0.007900	5.8
1015	-0.461615	320.888779	56.011847	0.003511	10.9
1016	-0.468287	320.412512	56.089983	0.006909	5.8
1017	-0.463347	319.936209	56.168343	0.006569	6.0
1018	-0.491475	320.936209	56.004077	0.004036	11.3
1019	-0.493201	320.459906	56.082197	0.005657	6.0
1020	-0.469982	319.983602	56.160536	0.004994	6.3
1021	-0.478106	320.983602	55.996316	0.006491	5.8
1022	-0.474538	320.507299	56.074414	0.003325	5.7
1023	-0.493925	321.507299	55.910697	0.003812	5.4
1024	-0.475023	322.507299	55.747933	0.004368	6.9
1025	-0.490917	323.507299	55.586113	0.004910	6.1
1026	-0.479728	324.507299	55.425231	0.002659	5.8
1027	-0.496853	325.413806	55.280192	0.004965	8.5
1028	-0.478614	326.413805	55.121073	0.004398	5.8
1029	-0.451543	327.381793	54.967918	0.003257	5.8
1030	-0.491812	326.905490	55.043172	0.003203	5.7
1031	-0.474591	327.898573	54.886501	0.007378	5.7
1032	-0.452629	327.422880	54.961436	0.004790	5.7
1033	-0.480791	326.946576	55.036673	0.008202	6.5
1034	-0.443115	327.946576	54.878950	0.003596	10.8
1035	-0.473435	327.470273	54.953961	0.005071	5.7
1036	-0.448178	326.993972	55.029177	0.003907	5.8
1037	-0.471767	326.517742	55.104588	0.005886	9.6
1038	-0.478033	327.517742	54.946476	0.003040	5.8
1039	-0.473824	328.067133	54.859997	0.005281	10.8
1040	-0.473968	329.056083	54.705011	0.006185	2.1
1041	-0.480443	328.605391	54.775534	0.002807	6.2
1042	-0.456432	328.129140	54.850253	0.004340	6.8
1043	-0.457588	327.664761	54.923307	0.004425	7.9
1044	-0.477061	327.188458	54.998439	0.004722	5.8
1045	-0.487630	328.188458	54.840936	0.003058	5.8
1046	-0.480442	327.712156	54.915843	0.003840	5.8
1047	-0.461714	327.235945	54.990940	0.002276	4.5
1048	-0.468228	326.759992	55.066202	0.004059	7.2
1049	-0.451928	327.631891	54.928486	0.004890	10.5
1050	-0.469315	327.155588	55.003632	0.003960	5.5
1051	-0.483451	328.155447	54.846121	0.004255	6.1
1052	-0.465538	329.022808	54.710211	0.003462	5.6
1053	-0.464102	328.546505	54.784761	0.002386	5.8
1054	-0.472284	328.070214	54.859513	0.002840	8.4
1055	-0.476975	327.593992	54.934457	0.005083	5.8
1056	-0.469432	328.593306	54.777427	0.003123	5.8
1057	-0.475448	328.117003	54.852160	0.006364	5.8
1058	-0.473579	329.101429	54.697925	0.005670	6.4
1059	-0.470178	328.625126	54.772442	0.002430	7.9
1060	-0.478487	328.148832	54.847160	0.003971	5.8
1061	-0.501735	329.148819	54.690522	0.006332	5.7
1062	-0.460270	328.672517	54.765018	0.002759	5.5
1063	-0.448059	328.196217	54.839717	0.006544	11.4
1064	-0.472577	329.196204	54.683122	0.004862	11.1
1065	-0.477494	328.765708	54.750427	0.003618	15.6
1066	-0.468201	329.765605	54.594355	0.005672	11.4
1067	-0.495840	330.762494	54.439635	0.005912	13.2
1068	-0.489942	331.762494	54.285311	0.002622	12.4
1069	-0.434263	331.287038	54.358576	0.002579	10.9
1070	-0.484603	330.810830	54.432156	0.008462	13.8
1071	-0.453390	330.334527	54.505949	0.003656	12.6
1072	-0.493180	331.334527	54.351250	0.003504	6.2
1073	-0.454360	330.858224	54.424824	0.005580	11.0
1074	-0.474108	331.854626	54.271137	0.003597	6.6
1075	-0.467505	332.854626	54.117766	0.004672	15.1
1076	-0.459183	333.854621	53.965260	0.004768	11.5
1077	-0.493000	334.854621	53.813610	0.004650	10.7
1078	-0.476811	334.378318	53.885735	0.002956	11.5
1079	-0.490650	335.378288	53.734536	0.005675	6.2
1080	-0.514837	336.377212	53.584339	0.003653	11.2
1081	-0.466939	337.377212	53.434820	0.005048	8.8
1082	-0.480271	336.900908	53.505932	0.003751	7.4
1083	-0.454735	337.900908	53.356850	0.003866	7.2
1084	-0.468276	337.424609	53.427754	0.007085	16.3
1085	-0.492394	336.948306	53.498847	0.002983	11.3
1086	-0.458331	337.948306	53.349804	0.004643	11.0
1087	-0.476586	338.948198	53.201605	0.003726	10.6
1088	-0.467066	339.935181	53.056124	0.006055	10.9
1089	-0.474722	340.935148	52.909539	0.002044	9.5
1090	-0.454383	341.935148	52.763757	0.004506	14.5
1091	-0.482740	341.458848	52.833093	0.003530	3.8
1092	-0.501553	342.386217	52.698261	0.005900	14.0
1093	-0.432891	343.386217	52.553639	0.005253	5.7
1094	-0.474182	342.909914	52.622424	0.005377	11.0
1095	-0.457214	343.909914	52.478217	0.002834	6.7
1096	-0.506345	343.444708	52.545205	0.005500	10.9
1097	-0.485123	342.968405	52.613968	0.001989	11.1
1098	-0.487351	342.493172	52.682755	0.006577	7.9
1099	-0.472809	343.492802	52.538272	0.001882	12.0
1100	-0.488774	343.020473	52.606442	0.004919	10.3
1101	-0.448843	342.552787	52.674116	0.002547	7.8
1102	-0.464160	342.076502	52.743214	0.004524	7.9
1103	-0.493807	343.075911	52.598431	0.004461	13.9
1104	-0.470562	344.075911	52.454356	0.003781	9.7
1105	-0.462546	345.075910	52.311068	0.002674	11.1
1106	-0.483423	345.996003	52.179919	0.006353	6.0
1107	-0.491372	345.519711	52.247727	0.002632	16.5
1108	-0.477799	346.519711	52.105564	0.005939	6.6
1109	-0.481086	346.043411	52.173180	0.012007	9.5
1110	-0.468751	345.567108	52.240972	0.003585	8.8
1111	-0.469213	346.567108	52.098845	0.005905	6.5
1112	-0.488774	346.090804	52.166444	0.004048	11.1
1113	-0.474347	347.090804	52.024722	0.002867	6.7
1114	-0.473071	348.090804	51.883768	0.004690	11.4
1115	-0.468840	349.090804	51.743576	0.004680	10.8
1116	-0.457867	350.090804	51.604140	0.004730	14.2
1117	-0.480924	351.090804	51.465453	0.005959	11.4
1118	-0.477372	352.090804	51.327510	0.002897	6.6
1119	-0.455649	352.966364	51.207337	0.001896	11.0
1120	-0.445035	352.514977	51.269221	0.003548	9.0
1121	-0.467846	353.352475	51.154522	0.004682	11.0
1122	-0.471333	354.352475	51.018238	0.003741	13.0
1123	-0.479057	353.876172	51.083060	0.002969	15.2
1124	-0.454883	353.515141	51.132303	0.005751	2.9
1125	-0.479635	353.040396	51.197202	0.003336	11.0
1126	-0.513535	353.299475	51.161765	0.003449	8.7
1127	-0.476900	354.279257	51.028192	0.005312	11.3
1128	-0.453012	353.830151	51.089331	0.004176	10.1
1129	-0.473925	353.353849	51.154334	0.004336	16.0
1130	-0.482398	352.877546	51.219502	0.006072	11.4
1131	-0.459431	353.091484	51.190210	0.004832	16.4
1132	-0.471646	352.615181	51.255470	0.003498	6.5
1133	-0.464007	352.138878	51.320897	0.006574	9.1
1134	-0.432072	353.138878	51.183726	0.003370	6.4
1135	-0.475971	354.138878	51.047287	0.006815	13.9
1136	-0.497113	353.718277	51.104584	0.004555	6.8
1137	-0.477527	353.241973	51.169626	0.006177	7.4
1138	-0.460029	352.765670	51.234833	0.004717	9.5
1139	-0.477083	353.765670	51.098122	0.002123	10.4
1140	-0.489151	353.302272	51.161383	0.003325	10.5
1141	-0.483450	352.833701	51.225510	0.004627	11.0
1142	-0.473397	352.358189	51.290751	0.003933	9.0
1143	-0.496764	353.358189	51.153741	0.005203	12.8
1144	-0.445324	353.101902	51.188785	0.002876	6.5
1145	-0.458339	354.079107	51.055421	0.004143	11.4
1146	-0.462355	355.076636	50.919999	0.003681	11.1
1147	-0.459914	356.076636	50.784960	0.003902	9.1
1148	-0.464598	357.076636	50.650635	0.006292	5.6
1149	-0.469130	358.076636	50.517020	0.007116	11.2
1150	-0.480367	357.683214	50.569503	0.005087	5.6
1151	-0.485354	357.206911	50.633189	0.002554	8.3
1152	-0.486069	357.235712	50.629333	0.004878	5.3
1153	-0.488158	356.771581	50.691536	0.002219	6.5
1154	-0.496026	357.768233	50.558152	0.004975	8.4
1155	-0.464264	357.446323	50.601157	0.002996	13.3
1156	-0.481572	356.970020	50.664923	0.002117	5.2
1157	-0.499758	357.968619	50.531418	0.001811	6.0
1158	-0.487379	357.499915	50.593992	0.003152	5.9
1159	-0.487225	358.438712	50.468814	0.002403	6.3
1160	-0.460458	357.962598	50.532221	0.003465	11.1
1161	-0.450884	358.962555	50.399234	0.003745	5.8
1162	-0.467997	359.960125	50.267260	0.003182	5.8
1163	-0.499439	359.484772	50.330061	0.007388	5.7
1164	-0.456798	360.484772	50.198129	0.005824	5.9
1165	-0.461746	361.476275	50.067999	0.003417	6.1
1166	-0.473806	362.302647	49.960056	0.004108	6.1
1167	-0.485084	363.302646	49.830055	0.003372	5.8
1168	-0.478564	364.302646	49.700727	0.002836	9.0
1169	-0.477829	363.838244	49.760704	0.006048	6.6
1170	-0.476454	363.361943	49.822367	0.003973	11.4
1171	-0.476444	362.885640	49.884184	0.002534	3.9
1172	-0.505307	363.874760	49.755982	0.002590	6.1
1173	-0.470057	363.402359	49.817129	0.002338	5.9
1174	-0.461501	362.991234	49.870466	0.005785	10.8
1175	-0.460500	363.991234	49.740929	0.004368	2.7
1176	-0.491882	364.991234	49.612064	0.004573	6.2
1177	-0.470464	364.514931	49.673360	0.005995	6.6
1178	-0.452477	365.510583	49.545401	0.005510	6.0
1179	-0.474616	365.034282	49.606532	0.002412	5.7
1180	-0.470548	366.031930	49.478661	0.005648	5.9
1181	-0.482088	367.031915	49.351152	0.003160	5.9
1182	-0.455895	366.555619	49.411803	0.005552	10.4
1183	-0.473861	366.334281	49.440039	0.002063	6.0
1184	-0.467300	365.857984	49.500909	0.003591	5.8
1185	-0.452482	366.771055	49.384351	0.004852	9.0
1186	-0.442067	366.294753	49.445085	0.003358	6.0
1187	-0.472862	365.818456	49.505967	0.004406	5.8
1188	-0.467211	365.342153	49.567001	0.001251	6.2
1189	-0.492404	365.825605	49.505052	0.004437	8.6
1190	-0.451315	365.683279	49.523274	0.003169	5.9
1191	-0.460837	365.206976	49.584350	0.005481	8.8
1192	-0.481564	366.204213	49.456646	0.004461	4.3
1193	-0.487659	367.204213	49.329248	0.005904	5.7
1194	-0.474058	366.727910	49.389846	0.004554	5.7
1195	-0.462734	366.251607	49.450594	0.002645	5.8
1196	-0.467804	365.775305	49.511491	0.006374	11.1
1197	-0.451366	366.775291	49.383811	0.005691	2.7
1198	-0.491215	367.775291	49.256787	0.002631	6.3
1199	-0.463583	368.775264	49.130418	0.003378	5.7
1200	-0.466125	369.323077	49.061465	0.007663	5.8
1201	-0.439808	368.846787	49.121405	0.001217	6.2
1202	-0.451043	368.509897	49.163890	0.005056	5.8
1203	-0.479533	369.488242	49.040713	0.004659	5.7
1204	-0.466648	369.011939	49.100604	0.003291	5.2
1205	-0.481599	370.011939	48.975031	0.003162	5.8
1206	-0.487094	369.536807	49.034615	0.004448	5.8
1207	-0.469543	370.536744	48.909386	0.005056	6.0
1208	-0.479888	370.060441	48.968957	0.004833	4.9
1209	-0.453033	369.584138	49.028673	0.003296	5.2
1210	-0.508806	369.107850	49.088532	0.005977	5.8
1211	-0.457900	370.107850	48.963021	0.002929	6.9
1212	-0.474085	371.107757	48.838161	0.003749	11.4
1213	-0.470832	370.635413	48.897064	0.003427	6.5
1214	-0.448146	371.635258	48.772548	0.004832	6.0
1215	-0.470803	372.635257	48.648645	0.001722	10.8
1216	-0.493637	373.628530	48.526197	0.003873	10.6
1217	-0.479903	374.622340	48.404299	0.004416	9.4
1218	-0.482062	374.146061	48.462641	0.003667	14.5
1219	-0.459414	375.146061	48.340306	0.004374	15.7
1220	-0.479709	376.146060	48.218587	0.004599	7.5
1221	-0.464240	375.786242	48.262313	0.005523	10.3
1222	-0.462502	375.309940	48.320317	0.002783	16.5
1223	-0.479413	376.309940	48.198698	0.002625	16.3
1224	-0.493140	377.309308	48.077766	0.004008	10.8
1225	-0.497555	376.833544	48.135262	0.002576	11.4
1226	-0.433278	376.357345	48.192948	0.003815	11.1
1227	-0.468017	376.680672	48.153766	0.003663	14.9
1228	-0.478775	376.204368	48.211509	0.003996	13.7
1229	-0.474882	377.196610	48.091373	0.005472	14.3
1230	-0.463069	376.723663	48.148560	0.005072	11.8
1231	-0.476671	376.247360	48.206291	0.003856	10.8
1232	-0.486153	375.771057	48.264160	0.003329	7.6
1233	-0.472835	376.770123	48.142937	0.002525	6.8
1234	-0.443643	376.293825	48.200653	0.004142	10.2
1235	-0.453283	375.817531	48.258508	0.004921	11.0
1236	-0.467576	376.817531	48.137199	0.004914	7.1
1237	-0.446470	376.341228	48.194903	0.005805	11.0
1238	-0.468817	377.341228	48.073914	0.003370	8.1
1239	-0.458953	378.341228	47.953531	0.004953	10.8
1240	-0.461196	379.341228	47.833749	0.003703	5.7
1241	-0.475599	380.322961	47.716736	0.004989	5.7
1242	-0.451478	379.846658	47.773435	0.004138	5.8
1243	-0.468587	380.833243	47.656141	0.007765	5.9
1244	-0.503138	381.833243	47.537839	0.005052	5.6
1245	-0.481055	381.356940	47.594113	0.002403	5.9
1246	-0.476746	381.341853	47.595898	0.004656	6.0
1247	-0.488146	382.237022	47.490237	0.005492	5.8
1248	-0.476413	383.237022	47.372756	0.004386	7.4
1249	-0.470554	382.760719	47.428640	0.003568	5.4
1250	-0.461796	382.284415	47.484656	0.005028	5.9
1251	-0.481091	383.284415	47.367203	0.008446	5.7
1252	-0.454084	382.808112	47.423074	0.002633	11.1
1253	-0.466309	382.331809	47.479077	0.004409	6.8
1254	-0.476518	382.573046	47.450696	0.001719	5.1
1255	-0.460432	383.535199	47.337838	0.003589	5.8
1256	-0.455244	384.529990	47.221716	0.007396	5.7
1257	-0.477473	384.055424	47.277041	0.003142	4.4
1258	-0.454169	384.963285	47.171315	0.007850	4.4
1259	-0.489199	384.486982	47.226724	0.004451	4.4
1260	-0.517229	384.010679	47.282264	0.002357	4.4
1261	-0.466441	383.534376	47.337935	0.004886	10.4
1262	-0.458780	383.058192	47.393723	0.005759	4.7
1263	-0.484202	384.058144	47.276723	0.004567	6.1
1264	-0.475674	385.056728	47.160459	0.003813	5.7
1265	-0.459555	384.580523	47.215832	0.006294	5.9
1266	-0.480826	384.104220	47.271346	0.003495	13.4
1267	-0.482714	385.104220	47.154944	0.003232	10.0
1268	-0.448395	386.104218	47.039114	0.003112	10.5
1269	-0.482951	385.680755	47.088095	0.003412	10.1
1270	-0.475683	385.204463	47.143307	0.005406	14.0
1271	-0.479051	386.204463	47.027534	0.006433	11.0
1272	-0.468115	387.204463	46.912328	0.004395	10.5
1273	-0.470026	388.204463	46.797686	0.005676	13.9
1274	-0.496754	387.731240	46.851867	0.004223	10.8
1275	-0.490589	387.254936	46.906529	0.002824	12.0
1276	-0.473892	388.254899	46.791918	0.004003	10.2
1277	-0.468017	389.254461	46.677912	0.002645	10.7
1278	-0.457338	389.461098	46.654414	0.001962	11.2
1279	-0.508747	390.139088	46.577478	0.002324	5.3
1280	-0.477781	389.835806	46.611862	0.003474	12.5
1281	-0.494724	390.329417	46.555926	0.003710	11.6
1282	-0.476422	391.203589	46.457193	0.007017	6.4
1283	-0.460657	392.203589	46.344762	0.003676	7.9
1284	-0.468186	393.203588	46.232873	0.003931	12.1
1285	-0.492933	394.200957	46.121815	0.003567	11.2
1286	-0.480930	394.366585	46.103424	0.002964	5.5
1287	-0.507694	393.890283	46.156352	0.005157	6.3
1288	-0.482274	394.890283	46.045370	0.003689	3.3
1289	-0.491005	394.413981	46.098164	0.004804	3.5
1290	-0.459650	395.413786	45.987483	0.003143	4.1
1291	-0.460572	396.413722	45.877317	0.003420	3.7
1292	-0.476543	395.937528	45.929715	0.003699	3.7
1293	-0.468729	396.937501	45.819822	0.005701	3.7
1294	-0.468839	396.461559	45.872060	0.003919	3.8
1295	-0.490284	397.458674	45.762755	0.005031	4.2
1296	-0.471684	396.982371	45.814903	0.004184	4.3
1297	-0.501830	396.544490	45.862949	0.004697	4.3
1298	-0.494960	396.069128	45.915223	0.005727	4.3
1299	-0.483785	395.592824	45.967719	0.004725	4.3
1300	-0.484661	396.592824	45.857641	0.002807	4.4
1301	-0.445505	396.117099	45.909942	0.003400	4.6
1302	-0.494554	397.060565	45.806334	0.010993	4.3
1303	-0.451629	398.060565	45.697027	0.003809	4.3
1304	-0.467471	399.049983	45.589388	0.003427	10.3
1305	-0.482341	399.760439	45.512410	0.005905	4.7
1306	-0.505860	400.760439	45.404500	0.005063	6.0
1307	-0.483845	400.284136	45.455834	0.005217	5.9
1308	-0.452379	399.807834	45.507284	0.003264	10.1
1309	-0.472374	399.332473	45.558749	0.004253	8.1
1310	-0.501879	398.856175	45.610433	0.003413	5.4
1311	-0.439040	399.856175	45.502057	0.005030	5.9
1312	-0.476109	399.392308	45.552265	0.003767	11.7
1313	-0.444864	400.392307	45.444166	0.002887	6.5
1314	-0.485400	399.916004	45.495590	0.003548	5.8
1315	-0.462965	399.439780	45.547122	0.003503	5.8
1316	-0.468091	398.963495	45.598777	0.004344	10.0
1317	-0.470801	399.035434	45.590968	0.006548	14.3
1318	-0.480727	398.559130	45.642725	0.004212	5.6
1319	-0.509883	398.082827	45.694599	0.004114	6.7
1320	-0.476380	397.606524	45.746592	0.007061	5.9
1321	-0.476209	397.130221	45.798703	0.004264	5.9
1322	-0.453689	398.130221	45.689432	0.008812	5.7
1323	-0.463352	399.130220	45.580682	0.004107	6.2
1324	-0.463813	400.130220	45.472448	0.005307	6.1
1325	-0.455136	399.653917	45.523936	0.004015	5.8
1326	-0.487267	399.177613	45.575540	0.005400	4.8
1327	-0.491664	398.701310	45.627262	0.003600	5.8
1328	-0.446505	399.701297	45.518809	0.003459	5.7
1329	-0.496716	399.225055	45.570395	0.004293	5.4
1330	-0.462148	398.748770	45.622104	0.004917	6.2
1331	-0.485391	399.748634	45.513687	0.005781	6.0
1332	-0.476439	399.272331	45.565269	0.003448	7.6
1333	-0.449049	398.796028	45.616968	0.003859	11.0
1334	-0.491850	399.795891	45.508576	0.003861	5.3
1335	-0.486273	400.795891	45.400684	0.003153	5.9
1336	-0.501944	400.322115	45.451737	0.005406	5.9
1337	-0.503959	399.845814	45.503178	0.003718	10.9
1338	-0.469304	399.369532	45.554733	0.005379	5.5
1339	-0.480436	400.369530	45.446622	0.005695	6.1
1340	-0.463133	399.893227	45.498052	0.003926	11.2
1341	-0.482867	399.416937	45.549596	0.004866	5.1
1342	-0.467936	398.940634	45.601259	0.003961	6.9
1343	-0.490130	398.493248	45.649893	0.009009	6.1
1344	-0.479631	399.434914	45.547649	0.004434	6.2
1345	-0.479992	398.958611	45.599307	0.003435	5.0
1346	-0.456268	399.958611	45.490985	0.002472	10.7
1347	-0.491975	399.492317	45.541431	0.002840	8.5
1348	-0.462970	400.455686	45.437332	0.001944	5.7
1349	-0.449324	399.980634	45.488605	0.001811	5.8
1350	-0.481133	400.141061	45.471277	0.004887	5.8
1351	-0.451981	399.799722	45.508162	0.006376	5.8
1352	-0.445170	400.799705	45.400273	0.005211	6.5
1353	-0.475636	401.799705	45.292893	0.004105	5.6
1354	-0.464589	401.323490	45.343966	0.004834	5.8
1355	-0.490943	402.323488	45.236852	0.005155	5.9
1356	-0.471951	403.323488	45.130242	0.006122	6.3
1357	-0.489188	404.219624	45.035132	0.004532	5.9
1358	-0.496836	405.219624	44.929470	0.004465	4.6
1359	-0.494745	404.839339	44.969593	0.006678	4.4
1360	-0.485167	405.831712	44.865040	0.000850	4.3
1361	-0.478850	406.202444	44.826106	0.004692	4.3
1362	-0.445966	406.649160	44.779281	0.003371	4.6
1363	-0.494327	406.172857	44.829210	0.006404	11.0
1364	-0.499741	405.696554	44.879251	0.003653	5.9
1365	-0.458011	405.220251	44.929404	0.006008	8.4
1366	-0.486800	404.743948	44.979669	0.002581	5.9
1367	-0.486707	404.267645	45.030047	0.003146	5.7
1368	-0.481013	405.137388	44.938141	0.004267	5.8
1369	-0.460827	406.137330	44.832939	0.003689	7.6
1370	-0.472439	407.134359	44.728533	0.007731	6.6
1371	-0.455286	408.134359	44.624303	0.002624	11.0
1372	-0.495866	407.658056	44.673888	0.006423	6.6
1373	-0.465210	408.658056	44.569912	0.004093	6.1
1374	-0.460175	409.658056	44.466420	0.002729	5.5
1375	-0.487077	410.658049	44.363407	0.003418	6.0
1376	-0.484634	410.181865	44.412401	0.005009	12.6
1377	-0.491783	409.705562	44.461515	0.003705	6.0
1378	-0.501383	410.602522	44.369115	0.004060	8.7
1379	-0.451234	411.602519	44.266552	0.003869	5.6
1380	-0.464050	411.126216	44.315344	0.006764	8.3
1381	-0.492782	410.649913	44.364243	0.007041	4.1
1382	-0.472018	411.649913	44.261703	0.004152	4.2
1383	-0.462004	412.649913	44.159635	0.004635	4.2
1384	-0.460277	412.173609	44.208191	0.004856	4.3
1385	-0.475111	413.169079	44.106830	0.005067	4.2
1386	-0.488787	413.932881	44.029373	0.005038	5.6
1387	-0.512522	413.456578	44.077643	0.006313	6.0
1388	-0.504116	412.980275	44.126019	0.002880	8.6
1389	-0.464529	413.980275	44.024575	0.005045	5.8
1390	-0.491406	413.933389	44.029321	0.004117	6.3
1391	-0.469972	413.504655	44.072766	0.003303	5.8
1392	-0.437772	413.028352	44.121131	0.004588	14.0
1393	-0.461415	412.552049	44.169603	0.006196	1.5
1394	-0.463977	412.075746	44.218181	0.003409	1.6
1395	-0.501839	411.599443	44.266867	0.003897	10.6
1396	-0.485828	411.185488	44.309266	0.005512	10.8
1397	-0.468307	412.185488	44.206979	0.008249	10.5
1398	-0.470721	413.185488	44.105163	0.006740	7.3
1399	-0.468656	414.185488	44.003815	0.003086	11.0
1400	-0.460384	413.709186	44.052029	0.002044	6.7
1401	-0.469569	414.005645	44.022008	0.002123	4.3
1402	-0.449056	414.217681	44.000560	0.003825	4.3
1403	-0.484264	415.013242	43.920276	0.004655	4.4
1404	-0.491540	414.536939	43.968307	0.004420	4.5
1405	-0.489900	414.074649	44.015026	0.005901	8.0
1406	-0.477914	413.598346	44.063264	0.001993	5.9
1407	-0.485707	413.122975	44.111514	0.004008	6.2
1408	-0.463806	413.421591	44.081193	0.001721	6.0
1409	-0.440517	412.948637	44.129236	0.004162	9.6
1410	-0.482652	412.533539	44.171489	0.002810	5.6
1411	-0.478970	412.060113	44.219777	0.006943	10.1
1412	-0.463096	413.060113	44.117903	0.003443	5.6
1413	-0.499231	413.966501	44.025969	0.002373	5.8
1414	-0.454180	414.966351	43.925000	0.003993	5.9
1415	-0.478811	415.238812	43.897566	0.003476	5.8
1416	-0.475495	416.238812	43.797168	0.003855	6.0
1417	-0.472411	415.762510	43.844930	0.004253	3.2
1418	-0.483334	416.762491	43.744775	0.004482	2.9
1419	-0.493444	417.762402	43.645084	0.004114	5.4
1420	-0.466672	417.291413	43.691985	0.003228	6.0
1421	-0.470689	416.815316	43.739497	0.002724	14.0
1422	-0.457138	417.814735	43.639879	0.004383	2.9
1423	-0.495700	418.809858	43.541138	0.002447	10.1
1424	-0.496782	418.333557	43.588343	0.002049	5.9
1425	-0.473922	417.914182	43.629991	0.005244	5.8
1426	-0.487715	417.749985	43.646319	0.004026	11.2
1427	-0.471793	418.749874	43.547077	0.004729	9.7
1428	-0.472484	419.749819	43.448281	0.004862	11.0
1429	-0.490830	419.273545	43.495282	0.002241	6.0
1430	-0.440241	419.973768	43.426215	0.005923	5.8
1431	-0.487780	419.497466	43.473171	0.004526	6.1
1432	-0.469530	420.497409	43.374709	0.005497	5.8
1433	-0.482222	421.497400	43.276688	0.006717	11.3
1434	-0.465427	421.021102	43.323320	0.004210	10.8
1435	-0.504389	422.021102	43.225530	0.006835	5.9
1436	-0.461454	423.021102	43.128180	0.001923	6.0
1437	-0.445834	422.544907	43.174483	0.003640	6.1
1438	-0.466660	422.185492	43.209496	0.002475	5.9
1439	-0.470238	423.185475	43.112220	0.003593	5.7
1440	-0.468801	424.180299	43.015879	0.002394	4.4
1441	-0.491311	425.163964	42.921041	0.002472	4.4
1442	-0.471755	426.161547	42.825288	0.003078	4.4
1443	-0.461021	427.161534	42.729731	0.003520	4.4
1444	-0.497228	428.066256	42.643645	0.006716	4.4
1445	-0.471904	427.589953	42.688923	0.002808	4.4
1446	-0.507836	428.589953	42.593972	0.002673	4.4
1447	-0.457475	428.126327	42.637941	0.003964	4.4
1448	-0.475805	429.126063	42.543242	0.003700	4.4
1449	-0.479286	430.126058	42.448937	0.005848	4.5
1450	-0.486281	431.126058	42.355050	0.003862	4.5
1451	-0.507209	430.649755	42.399717	0.002849	7.6
1452	-0.471079	430.173452	42.444478	0.002222	7.0
1453	-0.485082	429.697363	42.489314	0.005664	5.9
1454	-0.482150	430.697264	42.395257	0.007744	11.2
1455	-0.449814	431.697264	42.301607	0.007842	5.6
1456	-0.451820	432.697264	42.208370	0.002346	6.2
1457	-0.474837	432.221015	42.252723	0.002934	5.7
1458	-0.505797	433.221002	42.159701	0.007057	5.8
1459	-0.475319	434.204889	42.068577	0.006057	8.0
1460	-0.444011	435.204889	41.976363	0.005623	11.8
1461	-0.474825	434.728587	42.020234	0.002741	6.4
1462	-0.470889	434.252284	42.064197	0.003880	5.9
1463	-0.469388	433.776002	42.108251	0.005783	5.7
1464	-0.471336	433.299699	42.152398	0.002733	5.9
1465	-0.483930	432.833509	42.195698	0.005923	10.3
1466	-0.495808	432.357211	42.240029	0.002972	4.8
1467	-0.458305	431.880908	42.284454	0.003584	6.7
1468	-0.479142	431.404605	42.328972	0.002911	5.9
1469	-0.503333	432.402702	42.235791	0.005527	5.8
1470	-0.469410	433.402702	42.142843	0.003062	5.8
1471	-0.454852	434.402694	42.050304	0.003279	5.8
1472	-0.478934	433.944948	42.092613	0.003868	4.6
1473	-0.482687	433.906004	42.096217	0.005241	4.3
1474	-0.476715	434.906004	42.003882	0.003498	4.4
1475	-0.456632	434.430274	42.047758	0.003536	4.4
1476	-0.490633	435.425098	41.956110	0.003386	4.5
1477	-0.478558	436.425097	41.864388	0.003312	4.4
1478	-0.476713	436.228071	41.882428	0.004278	4.4
1479	-0.487437	437.228071	41.791027	0.005090	4.3
1480	-0.486971	438.228071	41.700025	0.003360	4.4
1481	-0.480373	439.228049	41.609419	0.005937	4.3
1482	-0.449569	440.228049	41.519205	0.006173	5.2
1483	-0.447279	439.751746	41.562125	0.005260	10.8
1484	-0.458306	440.751746	41.472116	0.002029	5.5
1485	-0.487573	440.277094	41.514790	0.005824	5.9
1486	-0.455882	439.800792	41.557702	0.001433	5.9
1487	-0.458206	439.324521	41.600699	0.002875	8.1
1488	-0.453625	439.925442	41.546463	0.003132	6.8
1489	-0.490796	440.924499	41.456606	0.005668	9.1
1490	-0.485160	440.481476	41.496404	0.005773	5.8
1491	-0.484497	440.005174	41.539277	0.005670	11.0
1492	-0.456387	441.005174	41.449367	0.004495	11.0
1493	-0.502800	440.530104	41.492032	0.007101	5.6
1494	-0.504032	440.053801	41.534896	0.003671	5.7
1495	-0.467615	439.577689	41.577832	0.005890	5.7
1496	-0.487974	440.577526	41.487769	0.008816	11.1
1497	-0.450295	440.101223	41.530625	0.003180	7.3
1498	-0.469812	441.101223	41.440751	0.005541	5.8
1499	-0.494753	440.624920	41.483510	0.004659	6.0
1500	-0.468779	441.624920	41.393840	0.002673	5.8
1501	-0.474035	441.165988	41.434944	0.004807	5.9
1502	-0.460913	440.691034	41.477569	0.003322	10.9
1503	-0.458276	441.516393	41.403553	0.005784	5.8
1504	-0.456688	441.047282	41.445589	0.005969	4.5
1505	-0.479415	442.047282	41.356083	0.003035	5.4
1506	-0.488801	443.047241	41.266966	0.002504	4.5
1507	-0.490497	443.040243	41.267589	0.004536	4.4
1508	-0.464565	442.575810	41.308932	0.006020	4.5
1509	-0.470396	442.099507	41.351419	0.003577	4.4
1510	-0.494517	443.099505	41.262319	0.004218	4.4
1511	-0.461512	444.099505	41.173602	0.003402	4.4
1512	-0.480277	445.096469	41.085533	0.003636	6.7
1513	-0.451720	446.096467	40.997574	0.003643	11.5
1514	-0.477932	445.620911	41.039356	0.004746	5.6
1515	-0.470878	445.144608	41.081290	0.004056	7.2
1516	-0.470600	446.144608	40.993349	0.005133	5.3
1517	-0.453358	445.668305	41.035188	0.006597	5.2
1518	-0.459223	446.668305	40.947444	0.005632	6.0
1519	-0.482060	446.192002	40.989190	0.002676	10.3
1520	-0.506351	447.191984	40.901644	0.002151	8.0
1521	-0.469455	446.716544	40.943221	0.002506	10.9
1522	-0.478610	446.289399	40.980647	0.002916	12.2
1523	-0.478208	445.813119	41.022459	0.003903	3.1
1524	-0.462698	445.336827	41.064357	0.005021	5.9
1525	-0.474502	446.111619	40.996244	0.003887	10.3
1526	-0.492417	447.111563	40.908671	0.005267	5.9
1527	-0.494647	446.642315	40.949720	0.005167	11.2
1528	-0.457626	446.166012	40.991471	0.005924	5.9
1529	-0.466558	445.689709	41.033306	0.008348	5.9
1530	-0.507876	446.689709	40.945570	0.003507	10.9
1531	-0.449123	446.213406	40.987312	0.006291	6.3
1532	-0.467655	447.213406	40.899773	0.005236	6.9
1533	-0.480580	446.737103	40.941421	0.005066	10.5
1534	-0.484375	446.260803	40.983155	0.004241	5.4
1535	-0.470220	447.260803	40.895633	0.005374	6.3
1536	-0.478508	447.109024	40.908893	0.002626	7.9
1537	-0.479907	446.739449	40.941216	0.005603	5.7
1538	-0.473743	447.739449	40.853873	0.004390	5.9
1539	-0.469839	448.738595	40.766976	0.004220	12.3
1540	-0.481151	449.520790	40.699204	0.002563	5.0
1541	-0.445668	449.044487	40.740446	0.002732	10.1
1542	-0.451585	448.568204	40.781769	0.002542	5.6
1543	-0.472618	448.092178	40.823153	0.003125	5.8
1544	-0.480251	449.006662	40.743724	0.002980	8.4
1545	-0.483528	448.538446	40.784353	0.003928	8.0
1546	-0.450679	449.348414	40.714120	0.003086	5.9
1547	-0.480516	450.348394	40.627744	0.005219	11.2
1548	-0.459381	451.348380	40.541733	0.004869	6.1
1549	-0.471651	450.872918	40.582583	0.005526	8.3
1550	-0.481759	451.872707	40.496780	0.007401	8.0
1551	-0.476324	452.872707	40.411320	0.004400	10.1
1552	-0.481370	453.872707	40.326221	0.002830	5.4
1553	-0.426541	453.562351	40.352594	0.004559	8.3
1554	-0.501052	453.303066	40.374653	0.003552	5.7
1555	-0.461223	454.303066	40.289708	0.004181	5.8
1556	-0.485000	453.826763	40.330123	0.004352	4.4
1557	-0.483109	454.821403	40.245819	0.006272	4.4
1558	-0.493775	454.357503	40.285094	0.004102	6.2
1559	-0.465406	455.352623	40.200937	0.004407	4.3
1560	-0.478688	456.352623	40.116721	0.004862	4.4
1561	-0.470004	455.876338	40.156788	0.002660	4.4
1562	-0.469841	456.876338	40.072756	0.004021	8.1
1563	-0.462724	457.864973	39.990024	0.003129	5.7
1564	-0.459364	458.751107	39.916160	0.004962	10.6
1565	-0.471486	458.277258	39.955624	0.004731	4.0
1566	-0.504786	457.800955	39.995371	0.003164	5.9
1567	-0.448030	457.324680	40.035195	0.003630	10.9
1568	-0.472481	458.261598	39.956929	0.005336	5.1
1569	-0.459524	459.045874	39.891650	0.005865	11.1
1570	-0.455490	458.569571	39.931270	0.003108	6.0
1571	-0.447726	458.093268	39.970968	0.003113	6.2
1572	-0.483620	459.092987	39.887735	0.003921	5.8
1573	-0.445052	460.030820	39.809969	0.005366	5.8
1574	-0.440861	459.588119	39.846640	0.004301	4.8
1575	-0.488172	459.111816	39.886171	0.002887	5.5
1576	-0.505281	460.042280	39.809020	0.003065	6.0
1577	-0.480176	459.593652	39.846181	0.002946	16.2
1578	-0.457086	459.117391	39.885708	0.004356	1.4
1579	-0.462041	458.641088	39.925316	0.004340	10.1
1580	-0.467840	459.641005	39.842256	0.007958	7.8
1581	-0.482259	459.164702	39.881778	0.002128	11.2
1582	-0.491842	458.688409	39.921377	0.003372	5.8
1583	-0.460102	458.217548	39.960602	0.006561	11.0
1584	-0.476707	459.217545	39.877389	0.003402	5.0
1585	-0.457094	460.217545	39.794521	0.004990	5.9
1586	-0.479921	461.048320	39.725938	0.006570	5.8
1587	-0.460108	462.048320	39.643698	0.002552	5.9
1588	-0.477298	461.572017	39.682827	0.003908	6.8
1589	-0.484795	461.128256	39.719352	0.004466	5.7
1590	-0.484078	460.651953	39.758630	0.004792	5.9
1591	-0.465519	461.651947	39.676255	0.003789	5.9
1592	-0.474180	462.651947	39.594220	0.005184	11.5
1593	-0.486890	463.651807	39.512536	0.002943	4.2
1594	-0.461095	463.176572	39.551319	0.005133	6.1
1595	-0.497312	463.349108	39.537229	0.003430	10.7
1596	-0.437327	462.897545	39.574125	0.003763	5.7
1597	-0.513796	463.445097	39.529395	0.003499	6.0
1598	-0.467084	462.968827	39.568296	0.003260	10.8
1599	-0.518414	462.492527	39.607276	0.002246	5.6
1600	-0.425857	462.025639	39.645560	0.002590	8.3
1601	-0.475916	463.019064	39.564189	0.006960	5.3
1602	-0.468990	464.004947	39.483766	0.003195	4.2
1603	-0.454233	463.528644	39.522579	0.004311	4.2
1604	-0.481225	464.527859	39.441242	0.002165	8.9
1605	-0.490450	465.523072	39.360563	0.005330	5.8
1606	-0.472616	466.360040	39.292967	0.004380	6.1
1607	-0.490929	467.360023	39.212509	0.003372	5.4
1608	-0.494777	466.949978	39.245461	0.002652	5.8
1609	-0.488801	466.635245	39.270791	0.002516	7.6
1610	-0.470263	466.177021	39.307728	0.004421	7.0
1611	-0.442307	467.177019	39.227209	0.003960	5.2
1612	-0.487366	468.177019	39.147019	0.003730	5.8
1613	-0.487716	469.177018	39.067156	0.005675	5.9
1614	-0.480932	470.177018	38.987618	0.002614	6.2
1615	-0.438868	471.177010	38.908404	0.004963	4.6
1616	-0.494893	470.700873	38.946081	0.002063	4.4
1617	-0.495809	471.700320	38.867078	0.006382	4.4
1618	-0.475216	471.224022	38.904688	0.004478	4.4
1619	-0.504251	472.223385	38.825859	0.004916	5.8
1620	-0.481932	473.223385	38.747300	0.003536	5.8
1621	-0.485474	474.223339	38.669062	0.005742	5.8
1622	-0.460719	475.223276	38.591140	0.003860	6.1
1623	-0.453065	474.748046	38.628134	0.002225	5.9
1624	-0.468510	475.713840	38.553026	0.002753	5.9
1625	-0.471905	475.482722	38.570973	0.003494	5.8
1626	-0.492435	476.482698	38.493443	0.004428	10.8
1627	-0.469805	476.006395	38.530333	0.007341	8.4
1628	-0.494891	477.006395	38.452964	0.009121	1.6
1629	-0.507612	478.006395	38.375905	0.003398	6.5
1630	-0.455339	479.006395	38.299154	0.005553	5.7
1631	-0.459872	478.777160	38.316721	0.006001	5.8
1632	-0.458071	478.300862	38.353272	0.002239	5.8
1633	-0.489634	479.300850	38.276613	0.004649	5.8
1634	-0.484268	480.300846	38.200258	0.003853	7.3
1635	-0.447800	479.824543	38.236588	0.006055	5.9
1636	-0.461098	480.824543	38.160393	0.002681	10.1
1637	-0.491930	481.824543	38.084501	0.003486	7.7
1638	-0.452537	481.348342	38.120603	0.004752	11.0
1639	-0.507535	482.268927	38.050873	0.003354	8.0
1640	-0.489953	481.795710	38.086685	0.003321	8.5
1641	-0.496204	481.319881	38.122763	0.004517	6.5
1642	-0.455505	480.843580	38.158946	0.006995	5.9
1643	-0.472406	481.843580	38.083059	0.003826	5.9
1644	-0.495055	481.390094	38.117435	0.006649	9.9
1645	-0.445387	482.383185	38.042236	0.003968	9.9
1646	-0.482620	483.383185	37.966813	0.006305	5.3
1647	-0.506848	484.383185	37.891688	0.003729	6.0
1648	-0.472798	485.383182	37.816860	0.004499	4.5
1649	-0.471457	486.002500	37.770666	0.003042	4.4
1650	-0.483790	487.002498	37.696314	0.004384	4.4
1651	-0.487202	486.531392	37.731305	0.002283	5.5
1652	-0.489693	486.426951	37.739071	0.002289	4.5
1653	-0.472843	487.025799	37.694585	0.004934	4.4
1654	-0.475971	486.734832	37.716187	0.008301	4.4
1655	-0.477314	486.258529	37.751601	0.003766	4.2
1656	-0.479703	487.258529	37.677325	0.003176	7.3
1657	-0.456545	488.211614	37.606805	0.003307	9.1
1658	-0.474554	487.735311	37.642014	0.002516	6.8
1659	-0.466287	487.259494	37.677254	0.004766	5.0
1660	-0.475435	486.804245	37.711031	0.003917	5.4
1661	-0.462219	487.749056	37.640997	0.006955	6.3
1662	-0.481298	487.272753	37.676271	0.002240	7.0
1663	-0.479893	488.260498	37.603195	0.003991	5.9
1664	-0.472807	489.032435	37.546282	0.005465	5.4
1665	-0.445067	488.556132	37.581378	0.006279	5.8
1666	-0.453563	489.556132	37.507770	0.002949	5.5
1667	-0.470578	490.545701	37.435212	0.004332	7.2
1668	-0.474829	490.069453	37.470097	0.006139	10.9
1669	-0.459228	491.069453	37.396923	0.006885	5.8
1670	-0.484934	491.818199	37.342321	0.003737	5.8
1671	-0.476354	491.341896	37.377037	0.004597	10.1
1672	-0.464475	492.341890	37.304226	0.002016	8.9
1673	-0.469592	491.868683	37.338645	0.002881	5.9
1674	-0.451077	491.451575	37.369037	0.002535	5.9
1675	-0.496716	491.063591	37.397351	0.002886	10.5
1676	-0.476819	492.008249	37.328487	0.003586	5.9
1677	-0.477727	491.727721	37.348911	0.004984	5.8
1678	-0.474563	492.727721	37.276209	0.003582	5.5
1679	-0.518035	493.727721	37.203790	0.004513	5.7
1680	-0.445250	494.687009	37.134583	0.004427	5.8
1681	-0.462466	494.210941	37.168896	0.003474	5.7
1682	-0.448111	495.210941	37.096893	0.002384	5.8
1683	-0.469982	496.209696	37.025257	0.004382	5.7
1684	-0.481369	497.032374	36.966458	0.005566	6.0
1685	-0.449446	498.032374	36.895236	0.004270	6.1
1686	-0.451422	497.613338	36.925047	0.001787	7.4
1687	-0.483013	497.339355	36.944565	0.004305	9.2
1688	-0.463285	496.957164	36.971825	0.003350	7.4
1689	-0.476346	497.957163	36.900583	0.006285	5.8
1690	-0.457505	497.480860	36.934482	0.002559	11.3
1691	-0.431128	497.004919	36.968417	0.002330	5.4
1692	-0.501269	496.607855	36.996776	0.004465	9.0
1693	-0.494755	496.140671	37.030199	0.005347	5.8
1694	-0.486820	495.664593	37.064320	0.007073	6.3
1695	-0.467729	495.188290	37.098520	0.005231	10.8
1696	-0.458297	494.712012	37.132782	0.004248	10.8
1697	-0.504006	495.712012	37.060919	0.004565	2.7
1698	-0.485239	495.235709	37.095113	0.004002	7.6
1699	-0.491281	494.796971	37.126666	0.003606	9.4
1700	-0.460333	494.499696	37.148076	0.002340	4.9
1701	-0.494307	495.462338	37.078835	0.005116	5.6
1702	-0.480248	496.462337	37.007180	0.003823	6.0
1703	-0.470497	497.462337	36.935801	0.004894	8.1
1704	-0.476166	498.462337	36.864697	0.006872	10.8
1705	-0.469217	497.986038	36.898530	0.004584	1.5
1706	-0.459859	498.986038	36.827569	0.002096	6.0
1707	-0.482244	499.915052	36.761890	0.003727	5.8
1708	-0.444666	500.719420	36.705212	0.002896	5.8
1709	-0.485888	501.719417	36.634992	0.003303	6.0
1710	-0.481908	501.243138	36.668403	0.002941	5.7
1711	-0.457087	502.084107	36.609451	0.003116	4.3
1712	-0.480743	501.612751	36.642470	0.004555	4.3
1713	-0.472895	501.178749	36.672924	0.004106	11.5
1714	-0.481897	500.702446	36.706406	0.004933	4.8
1715	-0.466585	501.702446	36.636182	0.004130	6.3
1716	-0.482631	502.702446	36.566226	0.002967	6.6
1717	-0.480981	503.702445	36.496536	0.002489	5.8
1718	-0.497810	504.696664	36.427513	0.004744	5.9
1719	-0.476258	504.220361	36.460547	0.002094	5.9
1720	-0.478803	503.911760	36.481983	0.004019	6.2
1721	-0.475917	504.473637	36.442974	0.004747	4.1
1722	-0.460696	505.473636	36.373753	0.004973	4.0
1723	-0.494532	505.029601	36.404457	0.005772	3.8
1724	-0.509287	506.029132	36.335414	0.003332	3.7
1725	-0.489859	507.029132	36.266601	0.003293	7.1
1726	-0.453823	508.028377	36.198100	0.003732	4.9
1727	-0.476794	507.584224	36.228516	0.003623	4.2
1728	-0.485823	507.107949	36.261188	0.007512	3.6
1729	-0.447478	508.107949	36.192656	0.006580	3.9
1730	-0.480245	509.107949	36.124382	0.004545	6.6
1731	-0.483631	510.107949	36.056365	0.003476	8.9
1732	-0.468880	509.631646	36.088729	0.003269	5.9
1733	-0.458236	510.631641	36.020847	0.005283	10.1
1734	-0.490809	511.631603	35.953221	0.003778	7.7
1735	-0.465434	512.631603	35.885847	0.004127	5.9
1736	-0.504033	512.701834	35.881124	0.003172	5.8
1737	-0.457668	512.225530	35.913175	0.007123	11.0
1738	-0.513356	513.225530	35.845950	0.002554	2.6
1739	-0.456923	514.225530	35.778977	0.006271	5.8
1740	-0.484461	515.225530	35.712253	0.003935	5.9
1741	-0.470558	514.749227	35.744003	0.006746	5.8
1742	-0.477058	514.272924	35.775809	0.003188	5.5
1743	-0.473355	513.796632	35.807671	0.004287	4.0
1744	-0.497965	514.796632	35.740840	0.003035	5.8
1745	-0.450511	514.675255	35.748939	0.005980	8.4
1746	-0.451995	515.555551	35.690287	0.006034	6.7
1747	-0.480126	515.103734	35.720366	0.005904	5.1
1748	-0.497311	514.627431	35.752131	0.010390	5.8
1749	-0.450153	515.627431	35.685507	0.002389	5.8
1750	-0.477897	515.164932	35.716289	0.004897	5.7
1751	-0.453681	516.163310	35.649907	0.004300	10.2
1752	-0.473279	515.687007	35.681545	0.003843	6.1
1753	-0.493585	515.210704	35.713241	0.003234	6.6
1754	-0.464903	514.734404	35.744992	0.004569	5.1
1755	-0.478673	514.258135	35.776797	0.004906	3.1
1756	-0.461178	515.258135	35.710082	0.002701	3.0
1757	-0.489314	514.781833	35.741827	0.003006	11.3
1758	-0.474913	514.308522	35.773430	0.007214	9.8
1759	-0.476444	513.832219	35.805288	0.006307	11.6
1760	-0.469918	514.832219	35.738467	0.003304	5.7
1761	-0.455625	515.832219	35.671894	0.008064	7.0
1762	-0.504004	515.355916	35.703572	0.002669	6.1
1763	-0.461564	516.355916	35.637128	0.004855	10.8
1764	-0.494744	515.879613	35.668745	0.003465	6.1
1765	-0.504388	515.404025	35.700369	0.006791	6.1
1766	-0.440595	514.927722	35.732098	0.005709	6.6
1767	-0.459725	515.927722	35.665549	0.004029	5.8
1768	-0.445600	516.927722	35.599247	0.007376	6.1
1769	-0.454225	516.451419	35.630796	0.008908	4.5
1770	-0.471434	517.451419	35.564623	0.003565	4.4
1771	-0.459456	516.975115	35.596111	0.004082	4.5
1772	-0.483088	516.502324	35.627421	0.003698	4.4
1773	-0.460425	516.026248	35.659005	0.003542	4.3
1774	-0.487199	517.012062	35.593666	0.007363	4.4
1775	-0.484798	518.012057	35.527632	0.007445	11.7
1776	-0.484645	519.012057	35.461841	0.003604	5.6
1777	-0.499353	519.908854	35.403047	0.004136	5.9
1778	-0.478455	520.906711	35.337857	0.002965	5.9
1779	-0.441463	521.906710	35.272767	0.005602	4.4
1780	-0.501428	521.430407	35.303740	0.001814	4.5
1781	-0.480860	522.097858	35.260352	0.004686	4.5
1782	-0.467320	521.796718	35.279915	0.007494	4.5
1783	-0.491093	522.796718	35.215038	0.004176	4.5
1784	-0.471515	523.777096	35.151665	0.005104	4.3
1785	-0.460754	524.777096	35.087258	0.002817	4.4
1786	-0.492950	524.300793	35.117906	0.002389	4.6
1787	-0.479768	523.826093	35.148504	0.002855	4.6
1788	-0.492727	523.898713	35.143819	0.002372	4.5
1789	-0.475962	523.603615	35.162862	0.003757	5.6
1790	-0.483202	524.598518	35.098742	0.002724	8.8
1791	-0.493016	525.598386	35.034538	0.002765	5.9
1792	-0.474365	526.476016	34.978376	0.003017	5.7
1793	-0.457858	527.476004	34.914603	0.002657	8.6
1794	-0.483582	528.475962	34.851064	0.005039	6.1
1795	-0.458415	529.475961	34.787753	0.004126	6.6
1796	-0.474461	528.999658	34.817880	0.003146	5.8
1797	-0.516565	528.524972	34.847956	0.003553	5.8
1798	-0.488625	528.048691	34.878185	0.003399	6.0
1799	-0.463307	529.048596	34.814782	0.007836	5.9
1800	-0.444853	528.572293	34.844955	0.003237	10.9
1801	-0.496964	528.095990	34.875181	0.006478	6.1
1802	-0.490460	527.619687	34.905459	0.003827	9.5
1803	-0.455129	528.619687	34.841950	0.002965	5.7
1804	-0.466703	529.619361	34.778693	0.002347	5.8
1805	-0.478173	530.616231	34.715842	0.004123	11.2
1806	-0.483417	530.959558	34.694248	0.002746	11.0
1807	-0.480875	531.959406	34.631515	0.004965	6.5
1808	-0.438884	532.959396	34.568999	0.004285	8.3
1809	-0.476793	532.599632	34.591464	0.004340	4.8
1810	-0.502141	532.123328	34.621251	0.005852	9.7
1811	-0.456744	533.123328	34.558772	0.003690	5.1
1812	-0.474124	534.123328	34.496518	0.004873	5.9
1813	-0.400980	535.123184	34.434496	0.006424	6.0
1814	-0.489572	536.123184	34.372689	0.005788	5.9
1815	-0.477985	537.123178	34.311103	0.004862	17.1
1816	-0.493286	536.646875	34.340409	0.008666	14.8
1817	-0.465763	536.170572	34.369765	0.001905	14.1
1818	-0.499161	535.694454	34.399160	0.002847	13.1
1819	-0.466793	535.250589	34.426610	0.006428	14.8
1820	-0.483243	535.404218	34.417104	0.007134	10.8
1821	-0.474934	534.927915	34.446592	0.004200	10.8
1822	-0.443195	535.927915	34.384740	0.003749	8.6
1823	-0.481151	536.927883	34.323113	0.007271	14.0
1824	-0.477766	537.927883	34.261704	0.004794	11.8
1825	-0.481653	538.927883	34.200515	0.004547	6.8
1826	-0.476556	538.451580	34.229632	0.004064	2.9
1827	-0.464109	539.451580	34.168557	0.005164	10.9
1828	-0.488102	540.451580	34.107700	0.005675	10.9
1829	-0.488466	539.975277	34.136659	0.009169	13.7
1830	-0.487076	539.499020	34.165665	0.007610	14.5
1831	-0.470950	540.499020	34.104818	0.003108	10.3
1832	-0.435566	541.499002	34.044188	0.002416	13.3
1833	-0.477987	541.025311	34.072882	0.006316	14.5
1834	-0.484188	540.561703	34.101011	0.004144	4.9
1835	-0.471299	540.085400	34.129959	0.005499	11.7
1836	-0.472031	539.734975	34.151288	0.004007	12.0
1837	-0.501771	539.258671	34.180322	0.002884	11.1
1838	-0.480046	539.852318	34.144143	0.004712	11.3
1839	-0.454863	540.851154	34.083443	0.004429	10.9
1840	-0.457356	541.216371	34.061302	0.003318	6.6
1841	-0.470159	542.216371	34.000826	0.002984	11.3
1842	-0.447937	543.216164	33.940576	0.005809	6.4
1843	-0.462539	542.739883	33.969251	0.003198	15.6
1844	-0.468995	542.263580	33.997976	0.003903	11.1
1845	-0.491555	543.263568	33.937725	0.002830	10.9
1846	-0.499292	544.077879	33.888819	0.002980	3.0
1847	-0.474598	543.623747	33.916076	0.006567	14.1
1848	-0.477101	543.147444	33.944711	0.003635	11.6
1849	-0.474769	542.671140	33.973394	0.004011	1.6
1850	-0.468028	542.194837	34.002126	0.002216	10.8
1851	-0.461740	543.155977	33.944197	0.005738	10.9
1852	-0.477004	542.704905	33.971359	0.007504	8.3
1853	-0.477457	542.228602	34.000088	0.002733	8.8
1854	-0.509501	541.856269	34.022579	0.003182	5.6
1855	-0.474781	542.811495	33.964937	0.005903	6.6
1856	-0.467642	542.335386	33.993643	0.007123	5.7
1857	-0.484825	543.335386	33.933406	0.004244	5.7
1858	-0.479169	542.859083	33.962070	0.003212	5.9
1859	-0.506034	542.382809	33.990781	0.004986	5.9
1860	-0.471744	541.906506	34.019543	0.005672	11.5
1861	-0.475116	542.906506	33.959214	0.002799	2.9
1862	-0.473983	543.906506	33.899099	0.007356	9.7
1863	-0.450628	544.904438	33.839321	0.002367	5.9
1864	-0.506674	544.431880	33.867602	0.005178	5.8
1865	-0.477379	543.955742	33.896145	0.004375	5.9
1866	-0.459656	543.479439	33.924746	0.003094	10.0
1867	-0.487424	544.479213	33.864767	0.003516	7.1
1868	-0.463737	545.478571	33.805024	0.005561	6.1
1869	-0.473257	545.002268	33.833472	0.004552	6.2
1870	-0.487747	544.526285	33.861948	0.004584	4.6
1871	-0.465737	544.050049	33.890488	0.008224	4.5
1872	-0.482239	543.573746	33.919080	0.001985	4.6
1873	-0.454113	543.097449	33.947719	0.005518	4.4
1874	-0.497394	544.074333	33.889031	0.006232	4.4
1875	-0.509087	545.074333	33.829165	0.003749	4.5
1876	-0.460696	544.598029	33.857653	0.003558	4.3
1877	-0.513745	544.121726	33.886189	0.004678	5.6
1878	-0.471516	545.121726	33.826333	0.003646	5.7
1879	-0.471253	544.645476	33.854813	0.002970	5.8
1880	-0.487578	544.175090	33.882990	0.004970	4.7
1881	-0.468199	545.166010	33.823687	0.005335	10.5
1882	-0.445363	545.397134	33.809885	0.003980	8.1
1883	-0.461160	544.920947	33.838334	0.003464	5.8
1884	-0.458793	544.444657	33.866837	0.005577	6.8
1885	-0.466799	545.444457	33.807060	0.004700	11.0
1886	-0.466858	546.403180	33.749937	0.003048	8.1
1887	-0.507950	547.172080	33.704264	0.004089	5.7
1888	-0.480849	548.172059	33.645049	0.003569	5.8
1889	-0.457170	548.979238	33.597402	0.002604	5.8
1890	-0.468139	549.979237	33.538561	0.005935	6.8
1891	-0.489771	549.502935	33.566561	0.003376	6.3
1892	-0.492404	549.026632	33.594609	0.005195	5.7
1893	-0.479680	548.550329	33.622703	0.003873	5.8
1894	-0.489907	548.074026	33.650845	0.002891	4.4
1895	-0.461277	548.345850	33.634779	0.001735	5.2
1896	-0.497419	548.045166	33.652552	0.003112	6.0
1897	-0.448472	549.019962	33.595002	0.006130	6.1
1898	-0.486411	548.543658	33.623097	0.005402	4.4
1899	-0.464650	549.543658	33.564166	0.001328	10.0
1900	-0.484583	550.394867	33.514165	0.004879	6.7
1901	-0.472088	551.353534	33.458030	0.002851	4.2
1902	-0.441118	552.029578	33.418557	0.002915	5.8
1903	-0.512231	552.305046	33.402500	0.004065	5.9
1904	-0.482217	551.828746	33.430274	0.003590	10.4
1905	-0.460266	551.352467	33.458093	0.002723	5.7
1906	-0.475514	552.348787	33.399952	0.003251	6.3
1907	-0.469863	551.872550	33.427718	0.006863	11.1
1908	-0.467431	552.872515	33.369470	0.006004	7.0
1909	-0.489397	553.857765	33.312278	0.007516	11.5
1910	-0.457851	554.857765	33.254430	0.004764	5.5
1911	-0.478723	555.857765	33.196783	0.004683	7.0
1912	-0.468299	555.390073	33.223719	0.003406	6.2
1913	-0.479094	556.390072	33.166178	0.003847	6.4
1914	-0.477538	555.913780	33.193559	0.004907	6.1
1915	-0.471819	555.437477	33.220987	0.006720	6.4
1916	-0.483549	556.101349	33.182771	0.006462	6.2
1917	-0.481833	557.101349	33.125371	0.004650	9.1
1918	-0.457792	556.625046	33.152686	0.002395	7.7
1919	-0.485813	557.615634	33.095929	0.006950	11.1
1920	-0.468757	557.139514	33.123185	0.004053	12.8
1921	-0.495329	556.663211	33.150496	0.002485	17.5
1922	-0.463096	556.191787	33.177572	0.003692	10.7
1923	-0.450037	557.191055	33.120232	0.004125	7.5
1924	-0.487149	558.191055	33.063048	0.003579	5.5
1925	-0.480419	557.714752	33.090260	0.006553	6.4
1926	-0.475682	558.714752	33.033180	0.003806	5.8
1927	-0.476152	558.238449	33.060343	0.005283	5.8
1928	-0.460820	559.238449	33.003366	0.004087	5.8
1929	-0.493251	560.238387	32.946588	0.004539	5.8
1930	-0.470565	559.762083	32.973609	0.006711	8.3
1931	-0.521353	560.762083	32.916930	0.004329	5.7
1932	-0.457696	560.285780	32.943902	0.003887	5.8
1933	-0.487428	561.285780	32.887325	0.005404	8.7
1934	-0.441406	560.809477	32.914249	0.003336	8.0
1935	-0.478522	561.809277	32.857785	0.003577	8.0
1936	-0.475418	561.334251	32.884588	0.004025	7.9
1937	-0.466558	562.334251	32.828214	0.001918	7.1
1938	-0.487442	561.870307	32.854344	0.003780	8.9
1939	-0.500877	562.759068	32.804324	0.002267	5.8
1940	-0.469544	562.727193	32.806116	0.003380	6.1
1941	-0.469297	562.654539	32.810199	0.004579	8.0
1942	-0.469432	563.653580	32.754134	0.002088	5.7
1943	-0.474140	563.438000	32.766216	0.006306	14.1
1944	-0.479065	562.965078	32.792752	0.004031	2.5
1945	-0.483541	562.519799	32.817776	0.002428	5.9
1946	-0.508513	562.051182	32.844152	0.006136	5.8
1947	-0.457734	561.574879	32.871005	0.004048	6.1
1948	-0.471193	561.098576	32.897902	0.004613	5.0
1949	-0.481073	561.816554	32.857375	0.004528	6.0
1950	-0.448094	562.815185	32.801171	0.004763	5.7
1951	-0.491529	562.338882	32.827954	0.004227	6.1
1952	-0.522272	561.862578	32.854780	0.006676	5.7
1953	-0.474854	562.862578	32.798509	0.002381	6.0
1954	-0.469613	563.862576	32.742430	0.002782	8.3
1955	-0.476344	564.163468	32.725594	0.003562	5.9
1956	-0.477234	565.147321	32.670663	0.002198	6.2
1957	-0.473449	564.671119	32.697228	0.003996	10.9
1958	-0.462032	565.624372	32.644095	0.003804	5.7
1959	-0.475171	566.623424	32.588595	0.003964	6.0
1960	-0.467753	566.147495	32.615011	0.002204	6.1
1961	-0.438426	567.147404	32.559562	0.004467	6.2
1962	-0.460661	567.974603	32.513833	0.005390	6.1
1963	-0.472594	568.974603	32.458722	0.003824	6.5
1964	-0.485511	568.498300	32.484948	0.007860	6.7
1965	-0.505424	569.498300	32.429936	0.004461	7.2
1966	-0.471314	570.044544	32.399964	0.002743	6.0
1967	-0.451925	569.568334	32.426090	0.004680	6.5
1968	-0.440663	570.561055	32.371674	0.004446	6.1
1969	-0.502005	570.084752	32.397760	0.006721	5.9
1970	-0.479923	569.608449	32.423887	0.003642	11.0
1971	-0.477437	570.608449	32.369081	0.002093	5.0
1972	-0.477518	571.607570	32.314508	0.003466	11.1
1973	-0.463061	571.158359	32.339021	0.002585	3.7
1974	-0.464667	572.155690	32.284647	0.002231	4.2
1975	-0.472168	573.015223	32.237931	0.003090	4.4
1976	-0.488523	574.013675	32.183835	0.005978	4.4
1977	-0.458334	573.543762	32.209272	0.007324	4.5
1978	-0.476403	573.067459	32.235096	0.002778	4.4
1979	-0.489552	574.067459	32.180926	0.003404	4.3
1980	-0.440392	573.591165	32.206704	0.005492	4.3
1981	-0.442910	574.590955	32.152640	0.003968	4.3
1982	-0.478078	575.590945	32.098747	0.004925	4.5
1983	-0.482072	576.588459	32.045167	0.002422	4.3
1984	-0.497275	577.586977	31.991711	0.002927	4.4
1985	-0.477815	577.494668	31.996646	0.003861	8.2
1986	-0.467202	577.619640	31.989966	0.002028	6.1
1987	-0.489645	578.267070	31.955405	0.001733	10.4
1988	-0.461278	578.275507	31.954955	0.004779	7.5
1989	-0.462101	578.088563	31.964926	0.003483	6.3
1990	-0.483440	579.076010	31.912327	0.005161	6.1
1991	-0.458204	579.464949	31.891656	0.002157	5.8
1992	-0.478054	580.455053	31.839157	0.004535	9.7
1993	-0.475560	580.012965	31.862577	0.005265	5.5
1994	-0.478797	579.536662	31.887848	0.002593	6.0
1995	-0.495953	579.067106	31.912800	0.004084	8.3
1996	-0.442110	578.633304	31.935888	0.003824	11.0
1997	-0.477054	578.157083	31.961271	0.003270	5.8
1998	-0.440779	577.727578	31.984199	0.004106	12.3
1999	-0.493035	577.251400	32.009657	0.002935	2.1
