1:ItNr	2:Metric	3a:Time	3b:StepSize	4:||Gradient||	Time[ms]
0	-0.231377	0.000000	245.312255	0.002101	1796.8
1	-0.217312	0.000000	245.312255	0.007384	5.8
2	-0.242584	0.000000	245.312255	0.008771	5.7
3	-0.238567	1.000000	234.161698	0.003125	5.9
4	-0.242060	1.998609	223.994296	0.002770	3.8
5	-0.238030	1.152215	232.552697	0.004138	3.9
6	-0.233592	1.523244	228.721817	0.004451	3.7
7	-0.243458	2.513588	219.088526	0.010572	3.8
8	-0.231513	1.608137	227.862972	0.003317	3.8
9	-0.239510	2.588564	218.392161	0.002847	3.8
10	-0.222359	1.843527	225.514971	0.001794	4.0
11	-0.222704	1.505856	228.898526	0.002739	6.2
12	-0.230181	1.983570	224.140873	0.004390	6.7
13	-0.230941	1.388204	230.101408	0.002598	5.9
14	-0.233220	1.564798	228.300619	0.001959	4.3
15	-0.234701	2.063187	223.367107	0.005932	3.8
16	-0.208874	2.986742	214.766867	0.001322	4.0
17	-0.233123	2.402619	220.127383	0.001900	3.9
18	-0.228204	2.111604	222.899171	0.002065	4.0
19	-0.247506	2.509483	219.126785	0.004935	3.7
20	-0.241118	1.663118	227.310173	0.001773	3.7
21	-0.254720	0.966728	234.516370	0.006607	4.9
22	-0.240999	0.115432	243.971200	0.002122	4.5
23	-0.219686	0.000000	245.312255	0.003273	3.7
24	-0.225148	0.427200	240.421397	0.002473	3.9
25	-0.225491	0.056213	244.657352	0.004291	6.4
26	-0.236283	0.000000	245.312255	0.002863	8.0
27	-0.241758	0.748500	236.869545	0.003549	5.8
28	-0.227345	1.662434	227.317041	0.002090	6.5
29	-0.246018	2.159406	222.439093	0.004824	6.0
30	-0.228409	1.354689	230.446392	0.006568	3.8
31	-0.248652	2.353111	220.594049	0.003148	9.2
32	-0.232034	3.049230	214.208828	0.006264	10.3
33	-0.236707	2.212683	221.928565	0.003000	6.0
34	-0.240787	1.324806	230.754851	0.005627	5.7
35	-0.229799	0.424584	240.450758	0.004620	6.5
36	-0.238365	1.242311	231.610703	0.002666	6.7
37	-0.233389	1.886083	225.095633	0.003332	11.0
38	-0.226417	2.643173	217.887737	0.004144	4.1
39	-0.220145	1.823288	225.714953	0.002403	5.8
40	-0.254079	1.849836	225.452702	0.002418	5.7
41	-0.234967	2.501577	219.200496	0.002124	6.3
42	-0.224964	3.099137	213.765218	0.002818	5.9
43	-0.242479	3.060026	214.112714	0.005414	6.1
44	-0.215763	2.575350	218.514566	0.005720	5.6
45	-0.235262	3.552538	209.817713	0.003333	5.9
46	-0.232301	4.475999	202.212183	0.002400	7.9
47	-0.233901	5.352709	195.484929	0.002004	6.1
48	-0.242404	5.653414	193.279457	0.002307	5.7
49	-0.240546	5.849585	191.867298	0.002189	6.1
50	-0.225032	6.584171	186.757738	0.003660	7.3
51	-0.245778	7.459646	181.012698	0.003987	5.8
52	-0.240351	6.590578	186.714366	0.001907	5.8
53	-0.241762	5.959513	191.084959	0.006049	6.1
54	-0.235061	6.580044	186.785680	0.001487	5.9
55	-0.240329	6.311680	188.621036	0.004339	7.8
56	-0.251426	6.024845	190.623011	0.004612	11.7
57	-0.231994	5.249440	196.253989	0.006806	6.3
58	-0.238337	6.244385	189.086939	0.003925	6.1
59	-0.221619	5.530803	194.172689	0.011789	7.9
60	-0.222239	4.625095	201.035642	0.009853	12.0
61	-0.229888	5.625095	193.485035	0.003030	6.2
62	-0.239604	4.727078	200.238725	0.003393	5.9
63	-0.233978	3.898348	206.903585	0.004569	11.2
64	-0.240055	4.886933	199.002226	0.002193	6.3
65	-0.255754	4.739045	200.145627	0.004429	4.7
66	-0.245364	4.048778	205.661027	0.003893	4.2
67	-0.242120	5.038685	197.842452	0.002196	4.6
68	-0.238665	4.417119	202.680619	0.005209	4.3
69	-0.243954	5.370305	195.354482	0.002147	4.4
70	-0.236593	6.163853	189.647521	0.003112	4.3
71	-0.228059	6.202088	189.380951	0.003721	4.3
72	-0.247110	5.450430	194.762707	0.002046	5.3
73	-0.228213	4.785607	199.784218	0.003801	4.4
74	-0.242265	4.149286	204.839109	0.012772	4.3
75	-0.235779	5.141358	197.065403	0.001413	4.4
76	-0.247150	4.671887	200.669210	0.001957	4.3
77	-0.233414	4.659790	200.763816	0.002284	4.5
78	-0.227663	4.465099	202.298739	0.003981	12.0
79	-0.232948	5.418713	194.996530	0.003785	5.4
80	-0.235596	6.376580	188.173879	0.007289	6.0
81	-0.234121	7.351600	181.702529	0.005221	5.8
82	-0.226078	8.351600	175.511980	0.001869	7.1
83	-0.232634	7.762335	179.107757	0.002037	4.7
84	-0.222280	8.023468	177.496270	0.003630	4.3
85	-0.230240	7.192115	182.730435	0.002275	4.4
86	-0.232366	7.929738	178.071345	0.003574	4.4
87	-0.231316	8.811189	172.806169	0.003480	4.3
88	-0.228637	7.972085	177.811065	0.003302	4.4
89	-0.234314	8.831497	172.688527	0.004258	7.5
90	-0.223441	7.999460	177.643214	0.003385	6.8
91	-0.233450	7.266378	182.250355	0.009949	6.3
92	-0.234784	8.266353	176.023207	0.002605	4.7
93	-0.253287	9.220302	170.466775	0.003625	4.6
94	-0.235460	9.822908	167.134045	0.005940	4.6
95	-0.276077	10.805613	161.970069	0.007672	4.3
96	-0.246882	11.801846	157.050838	0.003535	7.2
97	-0.237838	12.741656	152.676481	0.003887	6.0
98	-0.238689	13.706679	148.431298	0.008450	5.4
99	-0.237000	14.143011	146.588390	0.005999	7.0
100	-0.230561	13.237302	150.466219	0.006069	4.0
101	-0.257931	14.237292	146.196177	0.005897	3.9
102	-0.213184	13.331580	150.053021	0.004766	4.2
103	-0.247370	12.785019	152.480524	0.002251	4.3
104	-0.248098	11.951048	156.339713	0.003621	4.3
105	-0.237051	11.472210	158.645113	0.006653	4.3
106	-0.242054	10.575000	163.153043	0.006891	4.4
107	-0.240001	11.575000	158.144509	0.002449	4.4
108	-0.235409	12.166469	155.324264	0.003645	4.4
109	-0.249117	13.116190	151.000369	0.011016	4.4
110	-0.217357	14.114755	146.706343	0.002550	4.4
111	-0.247601	14.967141	143.229549	0.003458	4.4
112	-0.232510	15.771982	140.094635	0.004827	4.5
113	-0.233227	14.870754	143.614414	0.004650	4.4
114	-0.228954	15.869058	139.725767	0.002498	4.5
115	-0.229304	16.707930	136.617346	0.002869	4.5
116	-0.228061	17.107945	135.183288	0.002982	4.6
117	-0.233174	17.883784	132.486008	0.001862	8.2
118	-0.226796	18.161360	131.546948	0.001782	5.8
119	-0.234814	18.340498	130.947946	0.004859	10.9
120	-0.229267	17.641085	133.318133	0.008274	3.9
121	-0.268294	17.336449	134.377532	0.005145	6.2
122	-0.232109	18.336448	130.961425	0.010120	9.7
123	-0.237031	17.430780	134.047691	0.003023	5.6
124	-0.245032	16.832967	136.165829	0.007818	5.8
125	-0.255081	15.996313	139.245156	0.010796	10.2
126	-0.246784	16.996313	135.580454	0.002757	6.4
127	-0.236652	16.104565	138.838910	0.004752	5.8
128	-0.248970	17.056194	135.367119	0.003695	6.3
129	-0.246482	16.178782	138.561755	0.001720	6.0
130	-0.228526	16.645804	136.842804	0.002319	7.9
131	-0.230745	16.546509	137.204697	0.004991	11.5
132	-0.227159	15.728543	140.260325	0.005074	5.2
133	-0.237121	14.842581	143.727297	0.003857	7.8
134	-0.230827	13.952661	147.386702	0.002754	5.5
135	-0.260289	13.292725	150.223038	0.004964	6.1
136	-0.240817	13.657422	148.642253	0.003595	3.2
137	-0.217713	14.602497	144.696516	0.001914	6.2
138	-0.238839	15.009487	143.061116	0.003816	6.1
139	-0.240603	14.365570	145.665893	0.003197	4.4
140	-0.240812	15.020770	143.016303	0.000977	4.4
141	-0.229122	15.161257	142.460683	0.001970	4.4
142	-0.219715	15.236208	142.166016	0.003290	4.4
143	-0.236567	14.893170	143.524724	0.001343	4.5
144	-0.238606	14.919446	143.419731	0.005599	4.6
145	-0.243501	15.051658	142.893769	0.005815	4.5
146	-0.231135	16.051536	139.037621	0.003228	4.4
147	-0.231907	16.844075	136.125862	0.006793	4.4
148	-0.244025	15.939518	139.459245	0.002830	4.4
149	-0.229406	15.269692	142.034769	0.005434	7.3
150	-0.232809	16.259953	138.259900	0.001241	7.1
151	-0.227349	16.138586	138.711727	0.002857	6.3
152	-0.232493	16.156544	138.644685	0.025637	5.5
153	-0.243539	15.250831	142.108668	0.006246	5.9
154	-0.225391	16.250831	138.293755	0.003186	5.8
155	-0.226818	15.345439	141.738757	0.006966	6.0
156	-0.213641	14.712057	144.252607	0.003134	5.9
157	-0.242744	13.976089	147.287977	0.004840	5.7
158	-0.226060	13.864144	147.760900	0.002835	10.9
159	-0.235098	14.408686	145.488522	0.006595	10.4
160	-0.224218	15.388309	141.571772	0.006458	5.8
161	-0.208490	14.482596	145.185469	0.005632	7.9
162	-0.233891	13.576883	148.988482	0.002987	5.7
163	-0.238970	12.686330	152.927235	0.003090	8.6
164	-0.235244	12.159139	155.358600	0.002704	8.6
165	-0.246532	11.829043	156.920731	0.003755	10.9
166	-0.236177	11.701667	157.531951	0.002394	6.9
167	-0.242414	11.670003	157.684632	0.002472	4.1
168	-0.237824	11.562997	158.202802	0.002064	6.4
169	-0.223848	11.158747	160.191484	0.002465	8.0
170	-0.240659	10.701700	162.500980	0.002721	7.9
171	-0.237190	9.932269	166.543144	0.003653	5.1
172	-0.247352	9.118310	171.044038	0.005522	6.8
173	-0.240656	8.237606	176.196277	0.004112	5.7
174	-0.234757	8.443618	174.963461	0.005290	6.1
175	-0.262477	7.664783	179.717297	0.003259	5.7
176	-0.234152	8.509802	174.571057	0.001766	5.7
177	-0.249428	8.636616	173.824073	0.008404	10.9
178	-0.235769	8.025245	177.485403	0.005163	6.1
179	-0.220739	9.024509	171.578404	0.003974	5.8
180	-0.231371	10.022179	166.060463	0.002620	5.8
181	-0.233337	9.287713	170.087367	0.005053	10.9
182	-0.228581	10.152861	165.363860	0.003937	4.7
183	-0.228257	9.251072	170.293381	0.004313	10.0
184	-0.212293	8.836503	172.659556	0.005167	5.6
185	-0.241130	7.931132	178.062763	0.002843	4.3
186	-0.230324	7.683824	179.597998	0.003115	9.4
187	-0.229307	6.837074	185.061020	0.002925	5.7
188	-0.234118	6.155082	189.708778	0.005344	5.8
189	-0.225372	5.272261	196.083517	0.004319	5.8
190	-0.233557	6.239200	189.122932	0.002125	5.9
191	-0.237720	6.166438	189.629473	0.002242	7.8
192	-0.212202	6.146133	189.771316	0.002321	8.3
193	-0.237792	6.318553	188.573577	0.004452	6.2
194	-0.241129	6.525113	187.158446	0.005254	6.1
195	-0.243972	6.500485	187.326053	0.007804	5.8
196	-0.229210	6.426686	187.830105	0.001942	5.9
197	-0.226885	5.584266	193.782195	0.002363	10.9
198	-0.236504	5.435567	194.872210	0.005182	5.8
199	-0.241380	5.996177	190.825438	0.002174	6.1
200	-0.231949	6.077503	190.252305	0.004622	3.6
201	-0.230167	6.093464	190.140225	0.009213	6.0
202	-0.236163	5.187751	196.716293	0.001992	6.0
203	-0.219039	4.366789	203.082752	0.002270	6.0
204	-0.239836	3.996303	206.092768	0.001709	9.1
205	-0.251218	3.629749	209.159959	0.002982	7.9
206	-0.226540	3.981528	206.214661	0.003367	5.8
207	-0.238752	4.037476	205.753861	0.003787	5.7
208	-0.237435	4.434946	202.538558	0.005694	6.2
209	-0.236753	5.406477	195.086889	0.013510	5.8
210	-0.242466	4.501518	202.009833	0.003077	5.9
211	-0.231174	3.993166	206.118641	0.007101	5.9
212	-0.229363	4.892903	198.956344	0.005487	4.6
213	-0.238791	5.878015	191.664352	0.004628	4.5
214	-0.233579	4.973835	198.336416	0.002356	4.3
215	-0.217987	5.774407	192.406027	0.003155	4.4
216	-0.239066	5.219273	196.479796	0.003308	4.3
217	-0.243119	6.146945	189.765641	0.002367	4.3
218	-0.237280	5.631642	193.437464	0.003604	8.9
219	-0.235812	6.273403	188.885759	0.004767	1.5
220	-0.234047	5.436231	194.867312	0.004410	4.8
221	-0.225794	5.162193	196.908468	0.001167	5.9
222	-0.231388	4.804950	199.634464	0.010183	4.1
223	-0.226497	5.744822	192.618869	0.005431	5.1
224	-0.222908	4.845335	199.322524	0.006259	11.7
225	-0.232036	3.949895	206.476115	0.002697	1.5
226	-0.229891	4.354486	203.181297	0.001984	1.5
227	-0.226201	4.106155	205.191011	0.002675	7.9
228	-0.250541	4.133328	204.969166	0.003531	5.7
229	-0.240807	3.605839	209.363203	0.003177	5.7
230	-0.241065	2.796273	216.485888	0.002801	6.0
231	-0.237804	3.164299	213.188780	0.003502	10.9
232	-0.222711	3.305545	211.949878	0.003082	3.6
233	-0.232775	3.577718	209.602756	0.002199	4.7
234	-0.223665	4.287580	203.718871	0.012761	3.9
235	-0.205015	5.287352	195.970947	0.008245	5.4
236	-0.248942	6.287352	188.789197	0.001809	5.9
237	-0.215144	7.232199	182.470991	0.004288	5.9
238	-0.229184	7.237457	182.437017	0.009796	5.7
239	-0.237551	6.331745	188.482560	0.004722	5.8
240	-0.250718	7.302997	182.014556	0.001633	6.4
241	-0.247182	7.680254	179.620354	0.002296	8.2
242	-0.229664	7.344619	181.747277	0.002629	5.7
243	-0.247729	6.956930	184.267633	0.014486	5.7
244	-0.240362	7.764089	179.096837	0.000854	5.8
245	-0.251500	8.369808	175.403165	0.008117	5.8
246	-0.219360	8.133448	176.826217	0.003694	6.9
247	-0.219986	7.350737	181.708057	0.004300	10.8
248	-0.228468	6.957182	184.265976	0.002783	3.8
249	-0.225810	6.075363	190.267342	0.004501	7.7
250	-0.237018	6.424548	187.844752	0.006112	6.4
251	-0.252836	5.558979	193.966691	0.001955	5.8
252	-0.215452	6.316141	188.590234	0.004993	6.0
253	-0.234979	6.128715	189.893154	0.001198	7.4
254	-0.234231	5.710379	192.867251	0.004798	10.8
255	-0.234709	6.060968	190.368554	0.002862	6.7
256	-0.226328	5.389522	195.212223	0.002222	6.6
257	-0.223832	5.110589	197.297634	0.004233	5.9
258	-0.240831	4.479773	202.182227	0.008317	5.8
259	-0.230487	5.479185	194.551202	0.001555	5.7
260	-0.239811	6.165192	189.638174	0.004158	9.6
261	-0.239468	6.634229	186.419437	0.002553	3.5
262	-0.228239	6.105660	190.054675	0.002448	6.2
263	-0.252670	6.551419	186.979745	0.025382	5.8
264	-0.226661	5.645706	193.335364	0.002384	4.5
265	-0.226995	6.645706	186.342044	0.003687	5.1
266	-0.221465	6.794754	185.342795	0.005824	5.7
267	-0.231461	7.677572	179.637153	0.007756	5.9
268	-0.224905	6.773582	185.484081	0.004968	4.6
269	-0.211119	5.867871	191.736719	0.002865	4.6
270	-0.237916	5.203961	196.594602	0.005005	10.4
271	-0.244146	4.426866	202.602925	0.004433	6.5
272	-0.244418	3.567757	209.687733	0.001014	6.1
273	-0.222573	3.104221	213.720132	0.004198	6.8
274	-0.249872	3.410170	211.041435	0.002776	5.9
275	-0.238078	2.522785	219.002871	0.003913	9.8
276	-0.231252	3.484097	210.404221	0.005949	5.8
277	-0.246967	4.473757	202.229976	0.004290	5.9
278	-0.233394	5.473516	194.592866	0.002762	5.8
279	-0.217934	5.942003	191.209146	0.004275	10.6
280	-0.233176	6.435961	187.766611	0.002930	4.7
281	-0.241509	5.639153	193.382923	0.001021	5.8
282	-0.225162	5.579097	193.819878	0.002067	5.3
283	-0.228657	5.677877	193.102226	0.003615	5.8
284	-0.237393	6.347381	188.374796	0.003833	7.7
285	-0.248844	6.730538	185.771995	0.002483	7.0
286	-0.222182	7.487335	180.836757	0.003280	5.9
287	-0.231473	8.131539	176.837806	0.007176	4.6
288	-0.233817	9.098682	171.155576	0.002002	4.4
289	-0.220743	9.834962	167.068711	0.003277	4.4
290	-0.239440	9.619543	168.244095	0.002668	11.2
291	-0.249955	10.379504	164.169494	0.003174	1.7
292	-0.235577	10.542221	163.322596	0.004197	5.7
293	-0.247789	11.473947	158.636623	0.002890	6.5
294	-0.210792	12.454797	153.985610	0.005176	5.5
295	-0.248343	13.408115	149.719257	0.004497	10.8
296	-0.251487	12.556756	153.517739	0.002782	6.0
297	-0.229754	13.520840	149.230361	0.004976	6.4
298	-0.253376	14.307716	145.904576	0.001978	5.7
299	-0.240130	15.050152	142.899739	0.002303	11.1
300	-0.236050	14.590154	144.746700	0.007692	5.9
301	-0.244081	13.707208	148.429032	0.005400	7.2
302	-0.237481	14.707206	144.272203	0.002470	5.8
303	-0.239661	15.231820	142.183235	0.002332	10.9
304	-0.225460	14.653542	144.489357	0.003278	5.7
305	-0.236322	15.209314	142.271608	0.006600	5.9
306	-0.249702	14.769298	144.021763	0.005726	7.4
307	-0.231294	15.715241	140.311143	0.004054	5.7
308	-0.237836	16.715094	136.591396	0.005778	6.8
309	-0.250431	17.680947	133.180746	0.007162	6.8
310	-0.247780	18.680946	129.824458	0.016560	6.6
311	-0.228937	17.775234	132.856901	0.004699	9.9
312	-0.228557	16.869521	136.034395	0.002712	11.0
313	-0.232636	17.844552	132.619818	0.002493	6.0
314	-0.222440	17.319301	134.437665	0.003664	5.8
315	-0.212340	17.054530	135.373039	0.002705	7.5
316	-0.222885	17.831784	132.663422	0.004063	6.0
317	-0.245428	18.801613	129.430869	0.003144	5.9
318	-0.237088	18.169084	131.521005	0.002281	7.6
319	-0.222070	18.528598	130.324817	0.002323	9.7
320	-0.243518	18.797477	129.444320	0.005938	4.1
321	-0.238627	19.649719	126.730454	0.003753	5.8
322	-0.228060	20.649080	123.689582	0.001767	6.1
323	-0.239822	20.044780	125.510658	0.001836	6.4
324	-0.237947	20.111310	125.307546	0.005133	5.7
325	-0.239685	21.020844	122.595284	0.005451	8.6
326	-0.244675	22.020778	119.745796	0.001553	6.8
327	-0.228025	22.033126	119.711438	0.003663	15.9
328	-0.229114	21.655090	120.772394	0.002789	1.4
329	-0.231299	20.873194	123.027570	0.004395	6.4
330	-0.229687	21.747751	120.510606	0.001383	5.7
331	-0.225899	21.750238	120.503593	0.007116	5.8
332	-0.253080	22.381221	118.750862	0.006562	16.4
333	-0.224357	21.476026	121.281528	0.005725	1.4
334	-0.227929	22.432843	118.609719	0.004013	4.6
335	-0.246078	23.410330	115.999080	0.003570	8.3
336	-0.224618	22.589145	118.184410	0.007966	11.5
337	-0.244176	23.294858	116.301475	0.002800	6.0
338	-0.233880	22.389699	118.727658	0.004126	8.0
339	-0.217942	21.614826	120.886505	0.001646	12.0
340	-0.223733	21.968700	119.890928	0.004065	5.8
341	-0.221792	22.207322	119.228804	0.006352	11.2
342	-0.238503	22.910415	117.319715	0.003988	5.8
343	-0.210879	23.890490	114.758324	0.003508	5.9
344	-0.235420	24.751651	112.598283	0.004091	6.6
345	-0.230705	24.171401	114.044666	0.003527	8.3
346	-0.225937	24.499373	113.222601	0.002230	6.9
347	-0.216255	25.006647	111.974197	0.005202	9.0
348	-0.217272	24.456968	113.328222	0.003001	5.9
349	-0.240693	24.935071	112.148674	0.003528	6.0
350	-0.244231	24.525586	113.157409	0.003025	5.9
351	-0.221434	24.730671	112.649939	0.002948	5.8
352	-0.239506	25.512978	110.755269	0.003857	6.1
353	-0.232341	25.734320	110.230711	0.001135	11.4
354	-0.240733	26.110408	109.350727	0.005849	3.3
355	-0.223738	26.154909	109.247530	0.003447	5.7
356	-0.227653	25.292169	111.283561	0.003967	5.7
357	-0.249548	24.960637	112.086290	0.003811	6.0
358	-0.228435	25.715700	110.274648	0.003447	6.4
359	-0.237342	26.580651	108.270006	0.007194	5.9
360	-0.244798	27.560015	106.086403	0.003371	5.8
361	-0.228366	28.249733	104.600716	0.001181	6.0
362	-0.235167	27.912373	105.322172	0.002476	6.0
363	-0.238057	28.210320	104.684491	0.003248	5.8
364	-0.235771	28.559707	103.946485	0.004018	11.3
365	-0.234761	27.748310	105.676635	0.002298	11.1
366	-0.240593	27.050636	107.211013	0.003402	5.3
367	-0.246497	26.528894	108.387907	0.002901	10.7
368	-0.229400	27.210656	106.855159	0.003468	8.6
369	-0.226963	26.514398	108.420974	0.005774	1.7
370	-0.234442	27.477006	106.268060	0.003166	1.5
371	-0.223487	28.452750	104.171302	0.002251	1.5
372	-0.239970	29.010547	103.009418	0.002045	4.5
373	-0.235387	29.083984	102.858379	0.013980	5.9
374	-0.241172	28.317509	104.456967	0.004343	11.0
375	-0.238828	29.317492	102.381043	0.004411	5.8
376	-0.242276	30.145095	100.724368	0.004477	8.0
377	-0.250417	29.876340	101.256446	0.005716	5.4
378	-0.239486	30.855745	99.344004	0.010464	6.4
379	-0.229059	31.827709	97.516199	0.002306	6.2
380	-0.243207	32.827426	95.705066	0.002504	12.2
381	-0.227048	32.824854	95.709639	0.003591	8.7
382	-0.237909	32.266687	96.712554	0.004319	3.6
383	-0.222322	31.471917	98.177419	0.002241	3.8
384	-0.226407	30.771610	99.505450	0.004161	5.2
385	-0.223757	31.648972	97.847255	0.004370	6.0
386	-0.242095	30.764827	99.518488	0.001998	10.9
387	-0.218000	30.880291	99.297002	0.005170	5.9
388	-0.222787	31.508558	98.108908	0.006879	5.8
389	-0.232869	30.627673	99.782869	0.008700	5.7
390	-0.241553	31.627672	97.886856	0.005065	4.3
391	-0.229474	32.627657	96.061578	0.003512	10.3
392	-0.252767	33.612158	94.329863	0.003395	8.9
393	-0.234713	32.730925	95.876953	0.008084	5.2
394	-0.226277	31.844492	97.485228	0.002118	5.6
395	-0.257882	32.803485	95.747652	0.000829	7.6
396	-0.232768	32.775040	95.798299	0.004357	11.1
397	-0.239607	33.041553	95.325857	0.005087	10.0
398	-0.243977	34.040710	93.595401	0.006540	9.0
399	-0.230245	33.135111	95.161111	0.011754	8.6
400	-0.239099	34.135111	93.435150	0.005740	5.9
401	-0.258373	35.131285	91.776937	0.007346	5.7
402	-0.235892	34.225600	93.282054	0.008386	5.7
403	-0.247513	33.319927	94.837339	0.017156	6.3
404	-0.257634	34.319927	93.122996	0.005522	8.6
405	-0.237306	33.541911	94.451354	0.002068	5.7
406	-0.240865	33.355274	94.775667	0.003223	5.7
407	-0.230767	32.779020	95.791209	0.006416	5.9
408	-0.246880	33.777593	94.044975	0.003499	10.8
409	-0.217839	32.967027	95.457498	0.005078	6.7
410	-0.241743	32.067415	97.075716	0.013058	6.1
411	-0.240839	31.161703	98.761295	0.008169	6.2
412	-0.241296	32.161703	96.903542	0.004080	7.9
413	-0.241771	33.161701	95.114394	0.005687	4.2
414	-0.247212	32.326685	96.603742	0.001644	3.9
415	-0.242997	32.558431	96.185740	0.007847	5.8
416	-0.209358	31.889289	97.402659	0.001375	5.9
417	-0.260260	32.154164	96.917286	0.013484	5.8
418	-0.220178	31.251709	98.591174	0.005547	11.9
419	-0.225577	32.251689	96.739793	0.003592	6.3
420	-0.232111	33.232823	94.989658	0.001750	6.8
421	-0.236996	33.057960	95.296925	0.012632	5.8
422	-0.237476	34.049194	93.580977	0.003584	5.9
423	-0.241921	33.150339	95.134351	0.004291	9.1
424	-0.237141	32.251454	96.740220	0.009138	11.3
425	-0.249655	31.345766	98.414022	0.004413	8.5
426	-0.251432	30.440055	100.146810	0.004375	6.3
427	-0.239361	29.661453	101.685938	0.003104	11.3
428	-0.224156	28.797245	103.450649	0.005120	4.0
429	-0.227743	29.734970	101.538591	0.002308	4.3
430	-0.237370	30.643664	99.751972	0.002773	4.4
431	-0.218151	30.771588	99.505493	0.002382	4.4
432	-0.239132	31.193794	98.700573	0.002818	4.5
433	-0.243956	31.969567	97.255040	0.003889	4.4
434	-0.236276	31.297919	98.504060	0.004867	4.4
435	-0.249813	31.539549	98.051039	0.005025	4.4
436	-0.231784	32.539365	96.219993	0.004440	4.6
437	-0.232810	32.927566	95.527348	0.001861	4.4
438	-0.236150	33.753594	94.086196	0.004834	4.5
439	-0.240719	34.573507	92.698079	0.004861	4.6
440	-0.235475	34.273919	93.200509	0.007373	8.7
441	-0.249024	35.271375	91.548453	0.006329	5.6
442	-0.251014	36.271360	89.949974	0.003226	5.8
443	-0.222453	35.375707	91.379029	0.003748	4.4
444	-0.242810	35.078422	91.863451	0.007075	4.6
445	-0.230799	36.065714	90.274125	0.003883	4.4
446	-0.229232	35.169865	91.713899	0.013646	4.4
447	-0.237602	36.131389	90.170350	0.006241	4.4
448	-0.238526	35.225676	91.622862	0.002887	4.4
449	-0.230103	34.766501	92.377274	0.006796	5.4
450	-0.244923	35.672546	90.900405	0.001800	6.0
451	-0.229179	34.868689	92.208309	0.003882	5.9
452	-0.228294	34.677701	92.524606	0.002952	5.8
453	-0.241685	35.646196	90.942689	0.003690	6.0
454	-0.221867	35.019008	91.960882	0.003872	11.3
455	-0.245444	36.013561	90.356703	0.002680	1.4
456	-0.241211	35.287692	91.521914	0.005971	5.8
457	-0.224886	36.249979	89.983567	0.010135	11.0
458	-0.204260	37.244935	88.446443	0.005123	5.8
459	-0.221767	37.424896	88.174010	0.005435	5.4
460	-0.228177	38.423059	86.692901	0.004867	6.3
461	-0.227934	39.422836	85.258451	0.001750	6.0
462	-0.242410	40.170721	84.216064	0.003040	5.9
463	-0.241202	40.642665	83.571295	0.001976	5.7
464	-0.221982	41.337854	82.639312	0.003431	5.8
465	-0.242373	41.106567	82.947064	0.004462	5.6
466	-0.224291	40.990368	83.102546	0.005463	6.3
467	-0.229948	40.085601	84.333416	0.002672	5.7
468	-0.228283	40.055812	84.374561	0.005379	5.6
469	-0.241169	40.670471	83.533615	0.002836	5.7
470	-0.229082	40.746937	83.430168	0.003318	5.8
471	-0.233686	41.648588	82.229424	0.002802	5.9
472	-0.234708	41.637111	82.244492	0.005170	5.8
473	-0.243420	40.806808	83.349352	0.004357	8.3
474	-0.235480	41.331624	82.647571	0.001477	6.5
475	-0.227480	41.210760	82.808141	0.001262	11.0
476	-0.223018	41.431436	82.515438	0.002963	5.3
477	-0.242538	41.098695	82.957578	0.011904	3.8
478	-0.235123	40.193006	84.185395	0.003923	4.8
479	-0.220193	39.288070	85.449034	0.002229	6.5
480	-0.226142	38.818183	86.120259	0.004195	5.9
481	-0.220929	38.137866	87.110977	0.003449	10.9
482	-0.220960	37.727515	87.719655	0.001847	5.8
483	-0.236826	37.214904	88.492069	0.007634	6.5
484	-0.231674	37.286919	88.382736	0.004035	7.0
485	-0.239036	36.469151	89.640395	0.003097	11.7
486	-0.228268	36.653037	89.354484	0.003367	10.9
487	-0.229640	35.983618	90.404182	0.002596	6.0
488	-0.226798	35.308565	91.487989	0.005032	5.7
489	-0.223935	36.300088	89.904877	0.007866	11.7
490	-0.232824	35.394376	91.348778	0.014194	5.5
491	-0.226106	36.364725	89.803575	0.002577	10.9
492	-0.242721	35.629761	90.969081	0.002182	6.0
493	-0.243222	35.691531	90.869963	0.001519	10.1
494	-0.248423	35.617561	90.988683	0.004555	8.0
495	-0.241905	35.766722	90.749601	0.003996	7.9
496	-0.239877	36.682938	89.308165	0.008765	5.6
497	-0.240681	35.777341	90.732627	0.003516	5.6
498	-0.228193	36.777311	89.162289	0.003968	6.4
499	-0.240276	35.880261	90.568454	0.004183	10.9
500	-0.234515	35.044108	91.919696	0.003158	2.5
501	-0.218251	34.866975	92.211138	0.004226	9.0
502	-0.230710	35.859610	90.601349	0.004234	5.4
503	-0.250113	36.198582	90.064424	0.005346	6.5
504	-0.229648	35.321281	91.467332	0.002659	3.1
505	-0.238281	35.033098	91.937758	0.001707	9.0
506	-0.240065	35.566410	91.070962	0.006196	5.7
507	-0.237099	35.730870	90.806951	0.003344	5.7
508	-0.221694	34.826045	92.278744	0.005623	5.7
509	-0.229682	34.828065	92.275405	0.002029	6.6
510	-0.241988	33.974344	93.708392	0.006302	10.5
511	-0.245712	34.316040	93.129540	0.002451	6.6
512	-0.241696	33.426663	94.651355	0.004119	6.4
513	-0.245059	32.805083	95.744808	0.002175	11.0
514	-0.245557	33.745840	94.099522	0.003386	5.9
515	-0.232168	34.066385	93.551762	0.006070	7.3
516	-0.238208	35.053483	91.904322	0.003668	6.0
517	-0.235860	36.050386	90.298379	0.003214	5.7
518	-0.219648	36.614590	89.414111	0.004084	7.9
519	-0.233104	37.027483	88.777887	0.003098	5.8
520	-0.226045	37.162234	88.572206	0.003273	5.7
521	-0.243575	36.726091	89.241402	0.004264	5.8
522	-0.229130	36.009565	90.363036	0.002223	5.9
523	-0.235345	36.077523	90.255446	0.004499	5.8
524	-0.229602	36.815482	89.103422	0.003069	5.8
525	-0.244655	37.360179	88.271789	0.008903	5.7
526	-0.257763	38.352336	86.796203	0.018325	5.8
527	-0.241344	38.830246	86.102895	0.004527	5.8
528	-0.214167	39.830246	84.687433	0.006136	5.8
529	-0.243176	40.251415	84.105116	0.006603	11.1
530	-0.234084	39.345702	85.367428	0.003482	10.7
531	-0.218358	40.338244	83.986058	0.003324	5.5
532	-0.233749	40.469396	83.806864	0.004752	5.9
533	-0.240371	39.606214	85.000481	0.007573	5.7
534	-0.238073	38.795246	86.153293	0.003841	10.9
535	-0.243335	39.779509	84.758128	0.004624	4.7
536	-0.221602	38.883053	86.026967	0.001677	5.8
537	-0.225431	39.130230	85.673335	0.002060	6.1
538	-0.225597	39.237460	85.520827	0.001416	5.9
539	-0.234852	38.983320	85.883165	0.001052	6.2
540	-0.221639	39.025278	85.823132	0.003646	11.3
541	-0.244096	39.539084	85.094736	0.003303	1.5
542	-0.228998	40.501829	83.762669	0.002663	9.9
543	-0.246153	40.812265	83.341993	0.004463	7.2
544	-0.239367	40.141238	84.256674	0.003394	10.8
545	-0.240511	41.005864	83.081777	0.004082	5.5
546	-0.226983	41.791279	82.042562	0.009388	7.2
547	-0.238882	40.924961	83.190320	0.003436	5.8
548	-0.225004	40.051349	84.380729	0.006691	5.9
549	-0.231236	39.343014	85.371231	0.004043	4.5
550	-0.230314	40.339568	83.984246	0.002844	4.4
551	-0.243785	39.484377	85.171703	0.001963	4.4
552	-0.230662	40.153359	84.239974	0.002553	4.3
553	-0.243979	40.521912	83.735326	0.006148	4.3
554	-0.236051	39.942296	84.531723	0.004541	4.5
555	-0.247915	40.937819	83.173051	0.003960	6.3
556	-0.237827	41.445170	82.497291	0.004833	5.0
557	-0.229186	40.598422	83.631320	0.003104	3.7
558	-0.226339	41.022672	83.059261	0.023397	3.7
559	-0.241541	42.022084	81.742098	0.005813	11.0
560	-0.253699	41.117312	82.932715	0.006926	5.3
561	-0.228259	42.117306	81.618777	0.002479	5.7
562	-0.231861	41.744025	82.104349	0.003778	5.7
563	-0.238382	42.231199	81.471765	0.004046	4.6
564	-0.217503	43.064544	80.411988	0.001997	4.5
565	-0.228498	42.369241	81.294288	0.005605	4.3
566	-0.235494	41.653004	82.223630	0.001249	4.4
567	-0.227945	41.083038	82.978500	0.002969	4.5
568	-0.234122	40.777554	83.388821	0.004431	4.5
569	-0.217875	41.430746	82.516351	0.001430	4.4
570	-0.228533	41.159423	82.876531	0.002640	6.6
571	-0.228462	41.291573	82.700710	0.005226	4.4
572	-0.255017	41.547003	82.362977	0.020593	11.2
573	-0.228894	42.547003	81.066881	0.002806	4.0
574	-0.227277	43.102978	80.363775	0.003804	9.1
575	-0.225846	43.461005	79.917422	0.002027	11.9
576	-0.219745	43.387948	80.008099	0.002808	6.9
577	-0.234078	43.199553	80.242885	0.003759	5.8
578	-0.245567	42.327138	81.348336	0.003155	5.7
579	-0.209145	41.474271	82.458863	0.002762	7.3
580	-0.234626	40.803336	83.354033	0.005354	6.1
581	-0.222603	41.310529	82.675552	0.003520	9.1
582	-0.227109	42.300097	81.383088	0.004929	6.0
583	-0.231743	43.177317	80.270688	0.005296	5.9
584	-0.225642	44.175506	79.041309	0.008852	5.9
585	-0.232868	45.175505	77.846892	0.001582	6.4
586	-0.232488	44.910824	78.159504	0.004022	5.9
587	-0.244867	44.444855	78.716003	0.002689	5.7
588	-0.224039	45.349512	77.642731	0.002591	5.7
589	-0.236502	44.738508	78.364379	0.004910	4.5
590	-0.205420	45.531891	77.429895	0.004113	11.4
591	-0.243075	44.631636	78.491985	0.008986	6.2
592	-0.225292	43.932589	79.337008	0.003540	5.8
593	-0.237060	43.281704	80.140336	0.007673	6.1
594	-0.254695	44.098223	79.135145	0.004133	5.7
595	-0.247069	45.097769	77.938445	0.002862	6.0
596	-0.248767	45.791533	77.128898	0.002703	5.5
597	-0.230715	45.367799	77.621338	0.005101	5.8
598	-0.239017	46.041214	76.841648	0.004042	7.1
599	-0.235639	45.135902	77.893507	0.004443	5.7
600	-0.239275	46.104436	76.769252	0.004261	5.7
601	-0.240364	46.908421	75.860361	0.006488	4.4
602	-0.230805	47.400539	75.314572	0.002832	10.6
603	-0.230040	46.518412	76.298556	0.004298	5.9
604	-0.236171	47.389070	75.327202	0.007188	4.9
605	-0.237531	48.389048	74.241649	0.002877	10.7
606	-0.236598	49.109532	73.478702	0.003889	8.4
607	-0.244177	48.257225	74.382959	0.006361	1.4
608	-0.253557	48.960407	73.635326	0.007057	9.6
609	-0.242107	48.058579	74.596921	0.003835	11.0
610	-0.247300	49.047117	73.544174	0.003139	5.2
611	-0.229117	49.562359	73.007158	0.002622	5.8
612	-0.225676	49.989643	72.567731	0.004430	6.2
613	-0.233500	49.368277	73.208519	0.003713	6.2
614	-0.233538	50.355517	72.195642	0.003715	6.0
615	-0.234481	49.495726	73.076166	0.004251	5.8
616	-0.241622	48.793199	73.811739	0.004686	8.2
617	-0.249982	47.898874	74.769834	0.017822	5.8
618	-0.250716	48.476779	74.147901	0.007307	6.1
619	-0.242422	47.571067	75.127275	0.006036	6.1
620	-0.234131	48.569290	74.049302	0.004842	9.8
621	-0.238505	49.567413	73.001930	0.003845	5.8
622	-0.230213	50.559492	71.989854	0.003493	10.1
623	-0.236537	50.689541	71.859260	0.005304	10.6
624	-0.233204	50.143466	72.410829	0.009008	5.8
625	-0.249361	50.235438	72.317340	0.004685	5.3
626	-0.213168	51.212682	71.338679	0.002229	4.5
627	-0.231912	51.549272	71.007706	0.002922	4.3
628	-0.217878	52.131244	70.442633	0.003561	4.3
629	-0.241355	52.007048	70.562466	0.002086	4.3
630	-0.232999	51.865851	70.699199	0.003553	11.1
631	-0.228350	52.196160	70.380159	0.003111	5.9
632	-0.245529	52.807718	69.797001	0.003371	6.4
633	-0.246399	52.011661	70.558008	0.003032	10.9
634	-0.228374	51.450561	71.104451	0.001502	8.5
635	-0.220754	51.859943	70.704933	0.004403	6.7
636	-0.228523	51.996904	70.572271	0.001619	11.1
637	-0.232460	51.479214	71.076341	0.003172	5.4
638	-0.224468	51.113058	71.437233	0.003330	5.9
639	-0.238784	51.175053	71.375872	0.003135	6.2
640	-0.237525	52.048785	70.522150	0.016484	5.8
641	-0.239990	53.010031	69.606204	0.006228	6.1
642	-0.246803	52.231166	70.346515	0.003173	5.8
643	-0.236224	51.426189	71.128378	0.003108	6.3
644	-0.255973	52.295595	70.284679	0.001283	5.9
645	-0.226418	51.972982	70.595407	0.003618	4.6
646	-0.238439	51.830049	70.733954	0.004978	4.3
647	-0.234504	50.925075	71.623941	0.006643	4.2
648	-0.232571	50.019375	72.537351	0.002796	8.1
649	-0.233028	49.116104	73.471814	0.005909	7.8
650	-0.229260	48.227028	74.415405	0.002805	11.5
651	-0.234270	47.628458	75.064449	0.002468	5.8
652	-0.242240	48.228707	74.413601	0.006232	5.7
653	-0.221158	49.110621	73.477560	0.003760	5.7
654	-0.235849	50.001623	72.555487	0.002803	5.8
655	-0.229173	50.882552	71.666311	0.001981	9.7
656	-0.236618	50.978762	71.570519	0.001817	5.7
657	-0.222734	50.990117	71.559230	0.003629	6.0
658	-0.227627	50.313611	72.238066	0.003105	5.4
659	-0.232190	50.892845	71.656050	0.001657	12.6
660	-0.234977	50.944637	71.604466	0.003574	11.8
661	-0.246449	51.524967	71.031502	0.002629	5.9
662	-0.240084	51.309483	71.243178	0.001434	6.3
663	-0.233389	51.773375	70.789040	0.003626	6.1
664	-0.232860	52.371617	70.211855	0.001462	7.6
665	-0.241414	52.194255	70.381990	0.003672	6.0
666	-0.236560	52.562591	70.029580	0.003543	5.8
667	-0.238713	52.420327	70.165273	0.002510	5.7
668	-0.234598	53.208365	69.420171	0.006901	6.0
669	-0.228698	54.087368	68.607510	0.002896	4.0
670	-0.242150	54.043222	68.647870	0.003128	5.9
671	-0.244977	54.833994	67.932032	0.007460	6.2
672	-0.233733	54.165177	68.536489	0.009746	6.0
673	-0.252004	55.165177	67.636649	0.002234	5.9
674	-0.249406	56.164783	66.760472	0.001760	5.7
675	-0.238302	56.185812	66.742284	0.002110	6.2
676	-0.233966	56.223651	66.709580	0.007908	5.8
677	-0.238410	57.213049	65.865702	0.004747	10.9
678	-0.252662	57.733009	65.430718	0.002610	6.3
679	-0.249439	57.175136	65.897645	0.003588	7.9
680	-0.225561	56.497293	66.474030	0.001292	8.0
681	-0.229394	56.738983	66.267362	0.008101	5.6
682	-0.224415	57.707639	65.451809	0.002460	5.8
683	-0.236724	58.600657	64.717523	0.004657	11.1
684	-0.223484	57.752675	65.414379	0.002707	9.1
685	-0.247575	57.796624	65.377894	0.005834	5.6
686	-0.228251	58.788155	64.565440	0.003645	5.8
687	-0.248780	57.895492	65.295966	0.002342	10.9
688	-0.239945	58.566234	64.745522	0.004053	7.6
689	-0.228929	58.476853	64.818336	0.003517	10.9
690	-0.226296	58.838147	64.525012	0.004354	5.7
691	-0.225078	58.113344	65.116163	0.007876	6.4
692	-0.239289	59.110621	64.305548	0.003493	8.8
693	-0.229922	60.109090	63.513934	0.003017	5.7
694	-0.236138	60.847252	62.941116	0.001912	6.1
695	-0.218811	60.510132	63.201435	0.003003	5.8
696	-0.230315	60.966617	62.849457	0.019785	6.0
697	-0.230821	60.060905	63.551688	0.004751	5.7
698	-0.240116	61.060905	62.777243	0.003360	5.8
699	-0.235585	60.161318	63.473062	0.003616	5.7
700	-0.242147	60.329337	63.341932	0.004845	5.8
701	-0.233818	59.432412	64.048276	0.003752	5.8
702	-0.243558	59.518243	63.980002	0.002914	6.2
703	-0.235662	58.684165	64.649700	0.003159	6.1
704	-0.240519	58.132427	65.100459	0.011990	5.8
705	-0.222977	57.226723	65.854188	0.002414	7.8
706	-0.243042	58.226474	65.023181	0.005059	4.8
707	-0.234656	58.494351	64.804068	0.004301	6.8
708	-0.235885	57.682930	65.472363	0.002767	7.9
709	-0.242721	58.495333	64.803268	0.004976	5.9
710	-0.226496	59.445095	64.038179	0.002466	6.0
711	-0.234829	60.266471	63.390933	0.002167	5.7
712	-0.224459	59.964290	63.627525	0.001360	11.0
713	-0.245929	59.863807	63.706589	0.004812	1.5
714	-0.262151	59.944801	63.642844	0.002212	10.7
715	-0.239431	59.332482	64.127950	0.002844	5.2
716	-0.244642	58.765700	64.583616	0.005099	14.7
717	-0.236742	59.725331	63.815871	0.006001	8.6
718	-0.243969	60.725008	63.035263	0.002494	9.2
719	-0.236740	61.660473	62.321895	0.001023	10.7
720	-0.244009	61.981698	62.080645	0.005444	6.0
721	-0.208065	61.807926	62.210921	0.005032	10.3
722	-0.244018	62.130861	61.969253	0.003013	2.5
723	-0.220916	62.979759	61.342845	0.005480	5.8
724	-0.236951	62.614584	61.610752	0.003330	10.9
725	-0.231526	61.916164	62.129711	0.002901	6.3
726	-0.222388	62.678083	61.563998	0.001810	5.8
727	-0.234908	62.221451	61.901797	0.005405	3.8
728	-0.242788	61.833149	62.191978	0.004929	3.8
729	-0.255668	60.952674	62.860150	0.005996	3.8
730	-0.234951	61.912569	62.132405	0.004328	3.7
731	-0.253601	61.008967	62.817001	0.002779	10.6
732	-0.223553	61.972097	62.087829	0.002580	8.4
733	-0.254691	62.642523	61.590172	0.006538	5.0
734	-0.226322	61.821370	62.200823	0.003828	6.0
735	-0.227913	62.821329	61.458788	0.002297	4.0
736	-0.242173	62.026812	62.046913	0.002995	3.9
737	-0.241121	61.378844	62.534956	0.004202	3.7
738	-0.258703	60.558540	63.163924	0.002352	3.8
739	-0.237089	59.727173	63.814416	0.002884	3.8
740	-0.230987	59.736877	63.806746	0.003714	3.7
741	-0.261171	60.651081	63.092335	0.009088	3.7
742	-0.253640	61.651078	62.328980	0.002981	3.8
743	-0.232850	60.793632	62.982377	0.006351	3.8
744	-0.232799	60.378165	63.303926	0.002644	3.7
745	-0.242342	61.306303	62.590071	0.003087	3.7
746	-0.231501	62.135708	61.965640	0.005396	3.7
747	-0.222138	62.379081	61.784770	0.002139	3.7
748	-0.231246	63.253305	61.143682	0.006988	9.1
749	-0.218883	62.351694	61.805071	0.003208	8.5
750	-0.240404	61.453672	62.478205	0.002275	9.6
751	-0.239076	61.054248	62.782335	0.006986	6.0
752	-0.245667	60.163398	63.471435	0.001902	5.9
753	-0.220338	59.585089	63.926930	0.002403	5.9
754	-0.227112	60.130209	63.497400	0.002525	6.0
755	-0.219728	59.563909	63.943736	0.003681	6.2
756	-0.239587	58.937600	64.444734	0.003911	5.8
757	-0.249788	58.085647	65.138967	0.003295	5.8
758	-0.206913	57.276690	65.812151	0.002400	6.0
759	-0.240959	56.549950	66.428893	0.003796	5.7
760	-0.244715	56.690609	66.308624	0.003719	6.6
761	-0.240563	57.636012	65.511426	0.002335	10.0
762	-0.250659	57.120619	65.943632	0.003375	5.6
763	-0.233147	57.619818	65.524921	0.004128	5.9
764	-0.226863	58.518687	64.784236	0.002371	11.1
765	-0.218869	58.119978	65.110702	0.003371	10.3
766	-0.242969	57.639240	65.508738	0.002896	11.1
767	-0.239125	56.852606	66.170647	0.002019	7.9
768	-0.229054	56.326616	66.620753	0.003478	5.7
769	-0.235240	55.842858	67.040158	0.015022	5.9
770	-0.251865	56.842841	66.178948	0.002514	8.2
771	-0.230641	57.842768	65.339631	0.002878	5.8
772	-0.242681	57.217074	65.862312	0.011943	10.1
773	-0.232848	58.180311	65.061090	0.007068	5.7
774	-0.224148	59.180311	64.249656	0.002105	5.7
775	-0.245017	58.284464	64.975622	0.002668	5.9
776	-0.238378	58.595041	64.722089	0.005102	6.2
777	-0.227037	59.581284	63.929949	0.002563	8.3
778	-0.218266	60.472175	63.230881	0.001360	11.5
779	-0.253154	60.552004	63.168986	0.003722	6.8
780	-0.247959	60.696706	63.057100	0.003703	6.2
781	-0.241926	61.605377	62.363462	0.014902	5.7
782	-0.242482	60.701206	63.053627	0.002222	5.7
783	-0.241196	59.798271	63.758262	0.006335	6.2
784	-0.237998	58.974349	64.415121	0.002678	5.9
785	-0.217105	59.215174	64.221731	0.001822	10.1
786	-0.228247	58.623651	64.698834	0.001628	5.7
787	-0.223155	58.417663	64.866645	0.003259	6.1
788	-0.242341	58.900169	64.474925	0.005756	5.7
789	-0.248886	57.997447	65.211694	0.002634	5.8
790	-0.217255	57.146076	65.922150	0.003312	7.1
791	-0.216282	56.827950	66.191610	0.003031	6.2
792	-0.228578	57.454845	65.662705	0.005599	11.0
793	-0.247477	56.568283	66.413193	0.002633	10.4
794	-0.250922	55.703118	67.162294	0.001004	5.8
795	-0.247524	55.500926	67.339804	0.007349	6.2
796	-0.229755	55.833664	67.048180	0.004403	9.3
797	-0.236949	55.049303	67.739705	0.002678	4.6
798	-0.230974	54.678043	68.072021	0.002707	4.5
799	-0.243859	55.252034	67.559605	0.009760	4.4
800	-0.236326	56.237526	66.697597	0.003136	4.4
801	-0.233191	55.331944	67.488880	0.005042	4.5
802	-0.238432	54.892043	67.880072	0.004455	4.7
803	-0.248666	55.891259	66.997958	0.004216	4.5
804	-0.242254	56.426925	66.534444	0.003936	4.5
805	-0.245960	55.839950	67.042695	0.004070	4.5
806	-0.221180	55.145472	67.654152	0.004371	5.8
807	-0.235597	55.946983	66.949439	0.002921	5.8
808	-0.238526	56.519215	66.455231	0.001926	5.7
809	-0.233220	55.974629	66.925394	0.005363	11.5
810	-0.254490	55.120851	67.676034	0.004255	6.2
811	-0.239713	54.249602	68.459596	0.003300	4.6
812	-0.228241	53.348581	69.289249	0.002663	6.1
813	-0.236562	52.522612	70.067660	0.002524	4.5
814	-0.249006	53.246207	69.384789	0.003439	4.5
815	-0.231564	52.949292	69.663376	0.002487	4.3
816	-0.229928	52.329500	70.252182	0.006119	4.5
817	-0.230479	51.428183	71.126420	0.006336	4.3
818	-0.256329	52.428168	70.157781	0.002046	4.4
819	-0.242081	53.335210	69.301713	0.001937	4.4
820	-0.249354	53.704923	68.958740	0.003596	4.4
821	-0.230244	53.223764	69.405768	0.002985	4.4
822	-0.230046	53.328503	69.307965	0.003656	4.3
823	-0.237788	54.194061	68.510163	0.004618	4.5
824	-0.249617	53.323729	69.312418	0.002091	4.4
825	-0.239507	52.543150	70.048092	0.002062	4.4
826	-0.245459	52.877610	69.730969	0.002662	4.4
827	-0.225452	53.204752	69.423551	0.004790	4.4
828	-0.233570	53.386636	69.253802	0.005744	8.2
829	-0.233790	54.169535	68.532516	0.002525	8.8
830	-0.247786	54.653220	68.094357	0.003819	10.9
831	-0.243738	55.109269	67.686333	0.011720	6.1
832	-0.241962	56.093049	66.822592	0.003682	10.9
833	-0.239578	57.093030	65.966929	0.005368	5.6
834	-0.237734	56.249425	66.687323	0.002820	5.4
835	-0.242585	56.909189	66.122590	0.002350	6.2
836	-0.232381	56.252400	66.684755	0.002758	6.2
837	-0.223465	56.389145	66.566924	0.004088	6.0
838	-0.242059	56.425876	66.535345	0.003054	6.1
839	-0.242836	55.613336	67.241000	0.004405	10.9
840	-0.225621	56.221760	66.711214	0.001572	5.5
841	-0.243211	56.375799	66.578406	0.013526	9.2
842	-0.241236	55.832520	67.049178	0.005552	4.5
843	-0.254776	54.926808	67.848992	0.002195	6.2
844	-0.222640	55.894460	66.995169	0.005538	5.5
845	-0.239451	55.057623	67.732295	0.002482	5.5
846	-0.243583	56.051927	66.858255	0.013949	4.5
847	-0.251501	55.146613	67.653139	0.002696	7.5
848	-0.226727	54.240924	68.467492	0.003963	5.8
849	-0.240767	53.909247	68.770646	0.006300	5.8
850	-0.240132	54.843058	67.923914	0.006663	6.2
851	-0.246725	53.937441	68.744773	0.001354	5.6
852	-0.211250	54.282985	68.429239	0.003407	5.7
853	-0.231210	53.797779	68.873132	0.004497	11.5
854	-0.232448	54.747394	68.009697	0.003413	3.9
855	-0.221805	55.616071	67.238600	0.004489	4.3
856	-0.240192	56.533277	66.443178	0.004432	10.2
857	-0.239909	57.519783	65.608400	0.018295	4.1
858	-0.247099	58.519609	64.783484	0.004530	5.9
859	-0.235378	59.519609	63.978916	0.004369	9.2
860	-0.245218	59.663204	63.865022	0.004049	5.6
861	-0.248007	58.764513	64.584578	0.003748	6.2
862	-0.226041	59.426202	64.053222	0.008027	5.7
863	-0.235608	60.240342	63.411320	0.002064	4.5
864	-0.221084	60.295781	63.368077	0.006059	4.4
865	-0.231771	59.625802	63.894650	0.004054	4.4
866	-0.251900	58.733427	64.609757	0.002623	4.3
867	-0.226935	58.881139	64.490285	0.001892	4.5
868	-0.235073	58.607027	64.712345	0.003302	6.5
869	-0.246298	57.930113	65.267326	0.002308	5.9
870	-0.235891	57.420646	65.691341	0.007837	11.5
871	-0.243457	57.068710	65.987479	0.001242	6.0
872	-0.236480	56.879266	66.147995	0.005345	6.4
873	-0.251949	56.921970	66.111744	0.007440	6.2
874	-0.211393	56.016260	66.889217	0.004487	8.7
875	-0.231636	57.016249	66.031851	0.006660	5.7
876	-0.232599	57.886852	65.303118	0.006547	10.6
877	-0.227576	58.109692	65.119168	0.001831	6.4
878	-0.234572	58.524167	64.779771	0.003710	9.2
879	-0.243024	58.465708	64.827427	0.002403	5.8
880	-0.242818	59.337493	64.123950	0.008522	5.7
881	-0.229314	58.844116	64.520188	0.004031	4.4
882	-0.232949	59.844111	63.722110	0.008597	4.4
883	-0.238985	59.174781	64.254087	0.003253	4.3
884	-0.245763	58.744979	64.600398	0.004622	4.4
885	-0.229949	57.893744	65.297413	0.004792	4.4
886	-0.231906	58.893334	64.480440	0.000734	4.4
887	-0.227763	58.799931	64.555912	0.002168	4.5
888	-0.213746	58.817628	64.541599	0.003865	5.4
889	-0.230517	58.921813	64.457463	0.002067	7.9
890	-0.234807	58.572372	64.740528	0.004117	8.0
891	-0.250636	57.811139	65.365853	0.005119	5.9
892	-0.250808	56.907590	66.123947	0.004430	10.1
893	-0.248498	56.003333	66.900447	0.002838	5.5
894	-0.232510	55.180440	67.623098	0.003951	6.2
895	-0.236025	56.098254	66.818080	0.003451	5.7
896	-0.224567	55.438954	67.394399	0.007246	6.1
897	-0.228240	54.865321	67.903982	0.004512	5.6
898	-0.225603	55.417906	67.412961	0.004847	6.0
899	-0.233689	56.412428	66.546903	0.005204	4.6
900	-0.228972	57.057965	65.996562	0.003068	5.4
901	-0.252017	57.874883	65.313027	0.000975	5.7
902	-0.237974	58.119955	65.110722	0.003060	6.0
903	-0.234339	58.204689	65.041065	0.004455	10.2
904	-0.219771	58.416061	64.867953	0.003919	11.0
905	-0.242131	58.170193	65.069405	0.003344	6.6
906	-0.249103	59.111399	64.304923	0.008900	5.8
907	-0.232864	58.205694	65.040240	0.027056	5.9
908	-0.249007	57.299982	65.792574	0.007059	6.6
909	-0.228666	58.299982	64.962907	0.005669	5.8
910	-0.251387	57.394269	65.713443	0.004779	4.2
911	-0.228745	56.489195	66.480977	0.003440	4.3
912	-0.227559	55.603149	67.249942	0.003412	4.5
913	-0.256611	56.104390	66.812763	0.009021	4.5
914	-0.241425	57.104367	65.957354	0.007183	4.4
915	-0.225468	58.104367	65.123552	0.003109	4.4
916	-0.243009	59.002768	64.392239	0.011672	4.4
917	-0.227813	60.002758	63.597308	0.003316	4.5
918	-0.234571	61.002758	62.821757	0.006710	4.4
919	-0.221393	60.106276	63.516137	0.005730	4.5
920	-0.240031	59.200575	64.233422	0.007614	4.5
921	-0.242047	58.294863	64.967101	0.004802	4.6
922	-0.253701	57.389153	65.717732	0.002644	7.3
923	-0.234298	58.098157	65.128665	0.002281	7.5
924	-0.225923	58.728309	64.613905	0.007861	5.2
925	-0.226528	59.261289	64.184832	0.004516	6.1
926	-0.229467	58.390406	64.888915	0.007595	5.5
927	-0.218751	59.157786	64.267710	0.004982	6.7
928	-0.237984	60.155973	63.477242	0.004881	8.0
929	-0.240265	59.259962	64.185894	0.008562	8.0
930	-0.221763	60.230941	63.418659	0.001980	11.0
931	-0.253338	59.344838	64.118088	0.007128	8.6
932	-0.240914	60.331413	63.340315	0.001434	5.7
933	-0.239563	59.556118	63.949921	0.002927	10.1
934	-0.249952	59.399270	64.074678	0.008496	3.0
935	-0.236557	58.493683	64.804613	0.003153	11.8
936	-0.251249	57.627779	65.518287	0.004309	5.6
937	-0.224603	57.180493	65.893130	0.000855	6.1
938	-0.234325	57.620617	65.524255	0.003168	8.1
939	-0.223522	57.750407	65.416263	0.002605	7.9
940	-0.233966	57.018199	66.030201	0.002753	6.0
941	-0.243935	56.715019	66.287796	0.002912	5.8
942	-0.230084	56.204145	66.726435	0.001734	5.4
943	-0.239564	55.509297	67.332436	0.004274	5.8
944	-0.228932	55.773256	67.100936	0.003051	5.8
945	-0.248569	56.335254	66.613311	0.003151	5.8
946	-0.233965	57.170117	65.901876	0.007127	5.9
947	-0.235321	56.910866	66.121166	0.003309	7.2
948	-0.240386	57.910250	65.283754	0.003125	11.5
949	-0.238936	57.416218	65.695050	0.002312	10.1
950	-0.253351	57.893732	65.297422	0.005745	10.3
951	-0.241853	58.747316	64.598505	0.002342	1.4
952	-0.252241	59.393082	64.079610	0.003063	5.8
953	-0.239032	59.843921	63.722260	0.002232	10.9
954	-0.232687	59.491102	64.001576	0.007578	8.7
955	-0.252387	60.198904	63.443681	0.004181	6.5
956	-0.246869	59.326874	64.132427	0.003355	9.4
957	-0.228647	60.193710	63.447740	0.006526	4.5
958	-0.243552	59.625957	63.894527	0.005003	3.7
959	-0.249776	60.598098	63.133302	0.006317	3.7
960	-0.216822	59.695341	63.839589	0.003984	4.3
961	-0.248228	60.694964	63.058444	0.005563	4.5
962	-0.239795	61.690844	62.299006	0.005561	5.3
963	-0.235496	60.791956	62.983667	0.002060	9.7
964	-0.249954	61.505448	62.438997	0.005601	7.6
965	-0.230536	60.981248	62.838240	0.001662	6.3
966	-0.231696	60.677077	63.072254	0.002488	5.9
967	-0.235589	60.203537	63.440061	0.001875	6.0
968	-0.248092	60.508484	63.202713	0.002498	5.9
969	-0.234075	60.416868	63.273833	0.015989	4.5
970	-0.225817	60.853647	62.936198	0.001858	4.5
971	-0.236050	61.497686	62.444871	0.001948	5.1
972	-0.230967	61.359069	62.549971	0.002524	6.0
973	-0.260616	61.857691	62.173556	0.007361	5.7
974	-0.217711	62.730126	61.525733	0.003068	5.8
975	-0.248608	61.836819	62.189222	0.003143	6.0
976	-0.235475	62.783150	61.486795	0.003498	5.7
977	-0.231253	63.606224	60.888634	0.003909	4.3
978	-0.243789	64.550464	60.216592	0.001733	4.6
979	-0.230113	65.116089	59.821079	0.004502	4.4
980	-0.226182	65.855334	59.311928	0.004554	4.3
981	-0.232360	66.855070	58.636995	0.004396	9.8
982	-0.243834	65.957405	59.242308	0.004979	5.8
983	-0.233552	65.053525	59.864571	0.001493	5.8
984	-0.245658	65.371201	59.644387	0.006182	5.9
985	-0.214033	65.933258	59.258763	0.004484	6.4
986	-0.247054	66.933180	58.584909	0.002771	6.5
987	-0.236229	66.440052	58.915305	0.004149	4.6
988	-0.247771	65.953081	59.245254	0.001522	3.2
989	-0.257175	65.675379	59.435072	0.003636	4.9
990	-0.234640	65.371371	59.644270	0.001820	4.2
991	-0.243390	65.116740	59.820626	0.010463	4.3
992	-0.244858	64.227115	60.445051	0.007265	4.3
993	-0.241244	65.226326	59.744600	0.010684	4.5
994	-0.238213	66.226326	59.059662	0.006275	4.3
995	-0.221530	67.226326	58.390252	0.002930	4.4
996	-0.228363	67.653125	58.109145	0.002681	4.5
997	-0.243955	67.877682	57.962328	0.003506	11.0
998	-0.236637	67.301657	58.340438	0.003538	5.6
999	-0.239982	66.764372	58.697592	0.002047	13.3
1000	-0.242273	67.186319	58.416741	0.012946	5.7
1001	-0.236103	66.280722	59.022855	0.003828	5.7
1002	-0.227831	65.530467	59.534607	0.005216	5.7
1003	-0.228958	66.516051	58.864143	0.003227	6.6
1004	-0.250339	65.627042	59.468236	0.005222	11.1
1005	-0.228608	64.758977	60.070182	0.002200	1.4
1006	-0.231010	64.159153	60.493290	0.006308	5.2
1007	-0.243837	64.881517	59.984471	0.013010	11.0
1008	-0.239828	63.975804	60.623814	0.004448	3.5
1009	-0.238950	64.879631	59.985788	0.004202	5.8
1010	-0.223208	65.718447	59.405554	0.003060	5.7
1011	-0.235829	64.832952	60.018410	0.004761	5.7
1012	-0.234148	64.060272	60.563612	0.003714	11.0
1013	-0.236004	63.240299	61.153123	0.006513	1.6
1014	-0.249270	62.334759	61.817630	0.005985	10.6
1015	-0.229612	61.429059	62.496860	0.007810	7.9
1016	-0.233234	62.428635	61.748072	0.005204	5.8
1017	-0.230823	61.523270	62.425511	0.002807	5.9
1018	-0.251609	60.637282	63.102999	0.001407	4.2
1019	-0.236990	60.429776	63.263803	0.003701	4.4
1020	-0.222919	60.138865	63.490627	0.004285	4.5
1021	-0.228183	59.435670	64.045682	0.005107	4.5
1022	-0.241596	59.763121	63.786011	0.010054	4.3
1023	-0.234131	58.857409	64.509448	0.004872	4.7
1024	-0.222726	59.857409	63.711631	0.003654	4.4
1025	-0.243249	60.662964	63.083154	0.005438	4.4
1026	-0.223803	61.647343	62.331796	0.008421	4.6
1027	-0.230118	60.741631	63.022444	0.002635	9.9
1028	-0.244731	61.741286	62.261026	0.001915	3.8
1029	-0.242515	61.279363	62.610564	0.002220	10.9
1030	-0.243341	61.427761	62.497844	0.005278	10.8
1031	-0.247654	62.386462	61.779301	0.002316	5.9
1032	-0.239672	62.731142	61.524986	0.012105	5.9
1033	-0.242463	63.069524	61.277347	0.004631	5.9
1034	-0.228561	62.170083	61.940029	0.004567	6.0
1035	-0.238414	63.102648	61.253212	0.001202	6.3
1036	-0.226881	62.762307	61.502095	0.003320	7.2
1037	-0.244405	62.397669	61.770999	0.005281	4.5
1038	-0.228276	61.496803	62.445539	0.018759	6.3
1039	-0.229226	62.496803	61.697660	0.001911	10.2
1040	-0.238269	63.495930	60.968112	0.005255	6.5
1041	-0.247208	62.665645	61.573151	0.005019	6.1
1042	-0.237958	63.648689	60.858088	0.001201	9.8
1043	-0.237757	63.636080	60.867154	0.004532	5.0
1044	-0.255013	63.564005	60.919032	0.004995	10.0
1045	-0.245011	63.260232	61.138656	0.001007	2.8
1046	-0.241865	63.581486	60.906441	0.004894	6.6
1047	-0.241890	63.590980	60.899606	0.004370	5.6
1048	-0.239769	64.588801	60.189619	0.002822	6.4
1049	-0.221213	65.057990	59.861465	0.004565	5.8
1050	-0.221223	66.027781	59.194401	0.002559	11.0
1051	-0.246533	65.168282	59.784844	0.004725	6.1
1052	-0.221018	64.393913	60.326985	0.002416	5.9
1053	-0.237606	63.770093	60.770929	0.002538	8.2
1054	-0.248854	63.106658	61.250292	0.005362	9.1
1055	-0.236606	62.371547	61.790353	0.004190	6.9
1056	-0.232347	61.468162	62.467227	0.006330	11.1
1057	-0.238526	60.562521	63.160840	0.002676	1.9
1058	-0.252273	61.529758	62.420604	0.008056	6.3
1059	-0.232496	62.506424	61.690552	0.010665	5.8
1060	-0.233789	63.505992	60.960853	0.005703	5.7
1061	-0.228883	62.690099	61.555159	0.003431	5.5
1062	-0.238232	61.784820	62.228285	0.003211	6.3
1063	-0.229800	61.951291	62.103402	0.003290	5.8
1064	-0.230747	62.637528	61.593850	0.002976	12.5
1065	-0.221079	61.887943	62.150865	0.010591	4.0
1066	-0.246328	62.887700	61.410164	0.002143	3.5
1067	-0.234850	63.823801	60.732451	0.007031	6.2
1068	-0.229850	62.971670	61.348755	0.001179	4.0
1069	-0.227318	62.879412	61.416231	0.004638	4.0
1070	-0.226123	63.399231	61.037966	0.003227	3.9
1071	-0.247026	63.323183	61.093013	0.002734	6.2
1072	-0.235512	62.782006	61.487634	0.002520	5.3
1073	-0.231173	62.621767	61.605459	0.002468	5.7
1074	-0.229180	63.051438	61.290532	0.003294	6.3
1075	-0.228894	63.555592	60.925094	0.005152	6.1
1076	-0.245793	62.656142	61.580145	0.004026	6.4
1077	-0.231781	63.583382	60.905077	0.003902	5.5
1078	-0.226840	64.546689	60.219249	0.007820	7.0
1079	-0.232674	65.546232	59.523762	0.002548	5.8
1080	-0.235915	66.544790	58.844819	0.004111	6.3
1081	-0.226160	66.553061	58.839261	0.003648	11.5
1082	-0.235093	66.852695	58.638581	0.003540	4.5
1083	-0.234978	67.266244	58.363845	0.004280	5.9
1084	-0.240514	66.368867	58.963307	0.005087	9.6
1085	-0.225133	65.470035	59.576215	0.003947	6.9
1086	-0.224829	64.616164	60.170382	0.005230	13.5
1087	-0.242794	65.615286	59.476307	0.006342	4.6
1088	-0.247006	66.614842	58.797770	0.002075	5.8
1089	-0.238123	65.867954	59.303312	0.002595	5.7
1090	-0.257953	65.325445	59.676001	0.005275	5.8
1091	-0.227505	64.470117	60.273199	0.005676	8.2
1092	-0.249683	63.676168	60.838338	0.002534	11.4
1093	-0.246880	62.832543	61.450567	0.001377	5.1
1094	-0.252556	62.478343	61.711303	0.001810	5.8
1095	-0.227655	62.471105	61.716654	0.003086	5.6
1096	-0.259313	62.666386	61.572605	0.003035	5.7
1097	-0.224009	63.597528	60.894892	0.004315	4.3
1098	-0.221014	62.857142	61.432541	0.001392	4.3
1099	-0.237274	62.591357	61.627871	0.004060	4.4
1100	-0.245494	62.321857	61.827203	0.006787	4.3
1101	-0.238395	63.321745	61.094055	0.002941	9.4
1102	-0.240844	63.551874	60.927773	0.002753	5.9
1103	-0.244655	64.179665	60.478723	0.013854	11.6
1104	-0.225040	63.274631	61.128210	0.003503	10.5
1105	-0.262289	64.274621	60.411378	0.004681	6.4
1106	-0.236159	63.570723	60.914193	0.002494	6.0
1107	-0.238455	64.233944	60.440209	0.004979	5.8
1108	-0.262110	64.610740	60.174195	0.003491	10.9
1109	-0.229433	64.050234	60.570761	0.003664	4.9
1110	-0.232609	64.351886	60.356690	0.004789	5.8
1111	-0.200532	65.323314	59.677475	0.001971	5.9
1112	-0.244938	64.825473	60.023641	0.003573	6.0
1113	-0.242640	64.537279	60.225874	0.003594	7.2
1114	-0.232929	63.675851	60.838566	0.005341	12.0
1115	-0.234165	64.616189	60.170365	0.002117	7.8
1116	-0.212620	65.439809	59.597047	0.006446	5.9
1117	-0.234325	64.643119	60.151445	0.004039	6.4
1118	-0.239798	63.737784	60.794100	0.001768	5.8
1119	-0.232254	63.950892	60.641592	0.013735	5.7
1120	-0.237608	63.068656	61.277979	0.001813	3.7
1121	-0.239170	64.037790	60.579624	0.001904	3.7
1122	-0.233771	63.624815	60.875257	0.003385	3.9
1123	-0.229053	64.236997	60.438044	0.007619	3.7
1124	-0.218785	64.716243	60.100130	0.003546	3.7
1125	-0.240395	65.714275	59.408412	0.003526	3.7
1126	-0.238292	65.019029	59.888578	0.004072	3.7
1127	-0.224931	65.920622	59.267378	0.003115	3.8
1128	-0.230021	65.685574	59.428081	0.003966	3.7
1129	-0.238298	66.536564	58.850349	0.004871	3.7
1130	-0.244680	66.547599	58.842931	0.008025	3.9
1131	-0.237650	67.547589	58.178403	0.004415	3.9
1132	-0.237103	68.489473	57.566071	0.005398	3.8
1133	-0.222555	67.623568	58.128526	0.003603	3.9
1134	-0.232762	68.332172	57.667436	0.001909	3.8
1135	-0.233630	68.198001	57.754179	0.002095	6.6
1136	-0.243754	68.010748	57.875677	0.007301	8.4
1137	-0.226273	68.997007	57.241430	0.001930	6.2
1138	-0.250168	69.736893	56.774672	0.003624	9.6
1139	-0.214712	70.242993	56.459759	0.005588	1.5
1140	-0.238245	69.784831	56.744693	0.007066	6.3
1141	-0.224624	68.902373	57.301684	0.004266	5.6
1142	-0.233515	69.738232	56.773834	0.003720	9.2
1143	-0.230604	68.855526	57.331559	0.002963	4.7
1144	-0.230938	68.182497	57.764219	0.007312	3.7
1145	-0.229761	69.070156	57.194942	0.004081	3.8
1146	-0.247384	70.069537	56.567295	0.003877	3.8
1147	-0.217835	71.041315	55.970054	0.007738	3.8
1148	-0.237991	70.157597	56.512650	0.001614	3.7
1149	-0.238541	69.947904	56.642947	0.002099	3.6
1150	-0.231256	69.829350	56.716880	0.002719	6.0
1151	-0.214578	69.944242	56.645228	0.002983	11.4
1152	-0.231644	70.364359	56.384759	0.002906	6.0
1153	-0.249781	69.691802	56.802900	0.016465	9.0
1154	-0.227994	70.690805	56.184012	0.004594	6.3
1155	-0.258164	71.690796	55.577874	0.009809	6.2
1156	-0.236518	70.961450	56.018662	0.003254	7.4
1157	-0.237654	71.955016	55.419897	0.005613	6.0
1158	-0.220144	72.935435	54.841470	0.002381	6.4
1159	-0.241936	72.727756	54.962986	0.003226	5.8
1160	-0.230009	73.400115	54.571516	0.002479	6.1
1161	-0.235752	73.809881	54.335659	0.003762	5.7
1162	-0.239654	74.709307	53.825041	0.004094	6.2
1163	-0.225216	75.627441	53.313606	0.003741	5.8
1164	-0.233436	76.582643	52.791738	0.003882	6.2
1165	-0.241744	75.685048	53.281841	0.002410	5.8
1166	-0.244962	76.553187	52.807679	0.002339	4.4
1167	-0.224515	75.874127	53.177845	0.004985	4.4
1168	-0.247910	76.444344	52.866664	0.001711	7.5
1169	-0.236351	76.994928	52.569633	0.002077	9.0
1170	-0.234177	76.782927	52.683607	0.003715	7.9
1171	-0.248859	77.186339	52.467150	0.002659	5.7
1172	-0.244964	77.611296	52.241047	0.005535	5.8
1173	-0.247007	78.214053	51.923666	0.006822	8.3
1174	-0.232584	77.404658	52.350747	0.005844	5.6
1175	-0.238287	76.500588	52.836167	0.006076	6.2
1176	-0.229274	75.594877	53.331579	0.002219	5.0
1177	-0.237130	76.560680	52.803623	0.004496	4.3
1178	-0.233929	77.401413	52.352473	0.004504	10.7
1179	-0.229857	76.541117	52.814213	0.002938	8.0
1180	-0.224235	75.856024	53.187785	0.008796	4.8
1181	-0.235071	74.950410	53.689790	0.011496	10.2
1182	-0.226844	75.950410	53.136004	0.002833	6.6
1183	-0.244855	76.923382	52.608042	0.003403	5.0
1184	-0.221078	76.835504	52.655295	0.002622	7.2
1185	-0.234420	76.547615	52.810695	0.002384	5.9
1186	-0.256245	77.055277	52.537278	0.003849	6.3
1187	-0.226919	77.958361	52.057828	0.004030	5.7
1188	-0.256670	77.734573	52.175820	0.007937	5.7
1189	-0.229750	76.832230	52.657057	0.001529	5.8
1190	-0.228089	77.364122	52.372321	0.003525	5.7
1191	-0.220273	77.147434	52.487947	0.001979	6.0
1192	-0.255415	76.571248	52.797904	0.020216	6.5
1193	-0.263630	77.571238	52.262277	0.003854	8.0
1194	-0.236596	76.666330	52.746503	0.002375	5.8
1195	-0.239658	77.375647	52.366185	0.004621	5.8
1196	-0.245189	76.572226	52.797374	0.012381	5.8
1197	-0.233062	75.666513	53.292057	0.001769	10.3
1198	-0.247813	74.779429	53.785634	0.003972	6.5
1199	-0.229889	75.606772	53.325013	0.001665	5.9
1200	-0.229339	75.444415	53.414781	0.004308	7.3
1201	-0.213454	75.790314	53.223893	0.004902	5.7
1202	-0.240455	76.747367	52.702774	0.005812	5.4
1203	-0.243327	77.745804	52.169886	0.005428	6.1
1204	-0.229302	78.745278	51.647130	0.002885	5.8
1205	-0.260247	79.716359	51.149162	0.002815	4.4
1206	-0.240991	79.364918	51.328267	0.005893	4.4
1207	-0.239408	79.882313	51.065020	0.001899	4.4
1208	-0.239780	80.590919	50.708837	0.003391	4.4
1209	-0.231201	80.020858	50.994987	0.003135	4.4
1210	-0.224910	79.160722	51.432909	0.004459	5.6
1211	-0.236844	79.057462	51.485989	0.004060	7.2
1212	-0.239548	78.215525	51.922896	0.002983	9.5
1213	-0.241057	77.386957	52.360166	0.001504	12.5
1214	-0.235620	77.291724	52.410896	0.004309	2.3
1215	-0.238485	77.318690	52.396521	0.005447	6.0
1216	-0.245919	76.450814	52.863154	0.003681	5.9
1217	-0.240190	75.548157	53.357387	0.002350	5.9
1218	-0.225304	76.474695	52.850202	0.002151	5.7
1219	-0.247908	75.852066	53.189959	0.002805	5.8
1220	-0.243356	75.644474	53.304210	0.003051	5.3
1221	-0.234942	76.435780	52.871310	0.002109	5.8
1222	-0.225609	76.685601	52.736097	0.004586	6.1
1223	-0.231853	77.316957	52.397445	0.001988	3.9
1224	-0.234358	76.651240	52.754654	0.001767	3.9
1225	-0.237204	76.738962	52.707306	0.004838	4.1
1226	-0.240351	77.161033	52.480676	0.002166	5.1
1227	-0.247356	78.100573	51.983124	0.002785	5.4
1228	-0.253748	77.631975	52.230095	0.004130	5.7
1229	-0.233379	78.598135	51.723432	0.002595	5.9
1230	-0.244265	79.554445	51.231523	0.007764	11.8
1231	-0.244655	78.650229	51.696392	0.003378	6.3
1232	-0.238580	79.650183	51.182792	0.004585	6.3
1233	-0.230480	79.014448	51.508132	0.001981	5.8
1234	-0.244374	78.448373	51.801324	0.002963	5.7
1235	-0.230406	77.793477	52.144711	0.001814	6.2
1236	-0.238006	78.078932	51.994478	0.005542	6.4
1237	-0.235906	77.513991	52.292647	0.002755	5.8
1238	-0.225248	76.653074	52.753663	0.005392	5.5
1239	-0.237671	76.961371	52.587641	0.008434	4.5
1240	-0.241942	77.961368	52.056246	0.004396	4.4
1241	-0.233300	78.961367	51.535483	0.003807	5.1
1242	-0.240065	78.243499	51.908260	0.007887	4.5
1243	-0.246102	77.337839	52.386319	0.002833	4.4
1244	-0.233389	77.492198	52.304218	0.002858	4.5
1245	-0.247706	76.789275	52.680187	0.002083	4.5
1246	-0.239062	76.290209	52.950419	0.005329	9.8
1247	-0.232737	75.811281	53.212366	0.002576	6.8
1248	-0.239693	75.014644	53.653871	0.003063	5.5
1249	-0.251451	75.217528	53.540737	0.005185	6.1
1250	-0.227029	74.424507	53.985685	0.004144	6.1
1251	-0.252411	74.180586	54.124035	0.003565	5.8
1252	-0.241822	73.513587	54.505997	0.003056	8.5
1253	-0.218433	73.481819	54.524324	0.004653	5.8
1254	-0.240738	72.592712	55.042291	0.006211	11.1
1255	-0.243481	71.687035	55.580129	0.005832	6.0
1256	-0.228613	72.650845	55.008124	0.003169	5.7
1257	-0.238450	73.123062	54.732148	0.003340	10.9
1258	-0.227535	72.296428	55.217091	0.001975	5.6
1259	-0.225644	73.141679	54.721324	0.001465	6.1
1260	-0.236054	72.916200	54.852702	0.003299	12.4
1261	-0.235017	72.724562	54.964859	0.001666	5.7
1262	-0.233272	72.448582	55.127186	0.003944	5.9
1263	-0.233339	72.594268	55.041376	0.002327	11.2
1264	-0.225886	72.100110	55.333526	0.004759	4.6
1265	-0.232384	72.194868	55.277264	0.003913	8.7
1266	-0.239272	73.143112	54.720491	0.002136	10.9
1267	-0.219311	73.773529	54.356500	0.006101	5.8
1268	-0.223704	73.670468	54.415674	0.003064	6.0
1269	-0.232422	72.767965	54.939417	0.002377	5.9
1270	-0.243446	72.892374	54.866621	0.005596	6.0
1271	-0.237295	73.389939	54.577399	0.006688	5.7
1272	-0.235998	74.384119	54.008544	0.002937	7.5
1273	-0.241037	73.544031	54.488446	0.003462	11.7
1274	-0.253633	74.462908	53.963969	0.003661	6.3
1275	-0.244143	75.403036	53.437709	0.002741	5.4
1276	-0.230137	75.293155	53.498687	0.002460	5.9
1277	-0.226524	75.486857	53.391286	0.001934	9.1
1278	-0.251429	75.282960	53.504352	0.005047	6.0
1279	-0.228773	74.745997	53.804415	0.002477	9.9
1280	-0.228057	74.078346	54.182236	0.004162	2.9
1281	-0.232860	74.916854	53.708573	0.003653	2.9
1282	-0.229707	74.026890	54.211575	0.003656	3.6
1283	-0.238704	74.027522	54.211214	0.004810	7.3
1284	-0.240412	74.348125	54.028932	0.001540	6.0
1285	-0.233163	74.730778	53.812969	0.005465	10.0
1286	-0.230501	73.988557	54.233452	0.004362	10.6
1287	-0.253434	74.987982	53.668774	0.004305	10.8
1288	-0.230277	74.852870	53.744425	0.003857	6.5
1289	-0.244015	74.600064	53.886547	0.005110	6.5
1290	-0.234561	75.361750	53.460604	0.003064	5.7
1291	-0.238822	74.635491	53.866585	0.005957	6.0
1292	-0.248405	74.998883	53.662680	0.001864	5.8
1293	-0.234159	75.702669	53.272132	0.009826	5.8
1294	-0.224035	76.046674	53.083296	0.001838	5.9
1295	-0.244723	76.890153	52.625899	0.003648	5.8
1296	-0.248728	76.827332	52.659694	0.002054	6.1
1297	-0.228279	77.340368	52.384971	0.004588	5.8
1298	-0.214882	77.053419	52.538274	0.003469	5.8
1299	-0.228408	76.563446	52.802126	0.005254	5.8
1300	-0.227512	75.706646	53.269941	0.006339	6.2
1301	-0.222680	76.676307	52.741115	0.004914	6.8
1302	-0.244284	75.773497	53.233142	0.005586	6.7
1303	-0.232899	76.772608	52.689168	0.005550	11.1
1304	-0.242847	77.770777	52.156696	0.002563	11.2
1305	-0.214977	78.698990	51.671108	0.004165	10.0
1306	-0.230667	77.836123	52.122212	0.006358	4.9
1307	-0.229347	76.937316	52.600557	0.005641	5.7
1308	-0.223960	76.031603	53.091541	0.004105	5.9
1309	-0.235112	76.877826	52.632527	0.008594	6.4
1310	-0.249505	77.877818	52.100233	0.001628	4.2
1311	-0.250837	76.987025	52.573872	0.006941	4.3
1312	-0.229498	76.866286	52.638734	0.002740	4.4
1313	-0.239143	77.776618	52.153611	0.013200	4.4
1314	-0.239665	76.870906	52.636249	0.006624	4.4
1315	-0.219694	77.870906	52.103875	0.002114	4.3
1316	-0.242232	77.020646	52.555839	0.002000	4.4
1317	-0.243105	77.672504	52.208641	0.003013	4.4
1318	-0.237004	77.801321	52.140572	0.002295	4.4
1319	-0.240099	77.085789	52.520935	0.001548	13.1
1320	-0.226357	77.015151	52.558786	0.002572	5.8
1321	-0.235126	76.872935	52.635158	0.004463	1.6
1322	-0.224270	76.093855	53.057502	0.002825	9.5
1323	-0.218711	76.717835	52.718701	0.006782	10.8
1324	-0.241685	75.944242	53.139384	0.013463	12.7
1325	-0.228433	75.038529	53.640527	0.002436	4.8
1326	-0.236174	74.133425	54.150866	0.002830	10.6
1327	-0.234229	73.520876	54.501794	0.006897	6.2
1328	-0.237400	72.648853	55.009295	0.005787	6.2
1329	-0.223857	72.100710	55.333169	0.025215	6.9
1330	-0.234234	71.194997	55.876756	0.009481	6.4
1331	-0.240777	70.289311	56.431112	0.004510	12.0
1332	-0.222206	69.419859	56.973738	0.004920	6.0
1333	-0.217104	68.531199	57.539242	0.004752	10.8
1334	-0.245035	67.731873	58.057575	0.005234	10.6
1335	-0.244434	66.979521	58.554051	0.004007	5.1
1336	-0.238337	66.075527	59.161943	0.007468	5.8
1337	-0.222795	67.062366	58.498966	0.002137	5.7
1338	-0.255896	67.901045	57.947095	0.002704	5.9
1339	-0.241695	68.215656	57.742750	0.004701	10.5
1340	-0.237872	67.333325	58.319523	0.003190	8.7
1341	-0.228201	68.300133	57.688126	0.003093	7.9
1342	-0.245306	68.716122	57.420642	0.008192	5.9
1343	-0.224460	69.715640	56.787974	0.004687	6.1
1344	-0.233000	68.809929	57.360666	0.001811	7.9
1345	-0.229919	69.686534	56.806199	0.005648	6.4
1346	-0.223344	69.341614	57.023083	0.004756	9.0
1347	-0.240671	68.469197	57.579117	0.003072	6.2
1348	-0.236443	68.717431	57.419805	0.002015	5.6
1349	-0.246937	68.553000	57.525235	0.008668	5.8
1350	-0.230475	67.657503	58.106276	0.004933	4.3
1351	-0.247835	67.140538	58.447083	0.004336	4.3
1352	-0.234086	66.306275	59.005580	0.002582	4.3
1353	-0.241404	66.957657	58.568606	0.005380	17.4
1354	-0.242131	67.243394	58.378957	0.015201	8.0
1355	-0.249686	66.337681	58.984361	0.004432	7.8
1356	-0.240673	67.337681	58.316647	0.002889	6.0
1357	-0.227026	68.231020	57.732808	0.002465	8.6
1358	-0.234494	68.067474	57.838817	0.001936	9.3
1359	-0.240608	67.668683	58.098950	0.002384	5.8
1360	-0.249853	67.773810	58.030149	0.002681	8.0
1361	-0.245875	68.453441	57.589259	0.002757	6.0
1362	-0.229738	68.118278	57.805845	0.003883	6.6
1363	-0.238956	69.026458	57.222704	0.012427	5.7
1364	-0.254237	68.165908	57.774966	0.003451	5.7
1365	-0.249716	67.260197	58.367843	0.005901	5.8
1366	-0.237999	66.357417	58.971036	0.004638	5.8
1367	-0.248843	65.843797	59.319808	0.003476	6.4
1368	-0.246716	66.630895	58.786999	0.004826	11.0
1369	-0.230476	67.017416	58.528841	0.004062	5.7
1370	-0.248253	67.081146	58.486493	0.002433	5.9
1371	-0.235758	67.882708	57.959050	0.003118	8.1
1372	-0.226482	67.643777	58.115274	0.004076	8.5
1373	-0.240059	66.808775	58.667911	0.010356	11.0
1374	-0.234709	67.808774	58.007302	0.002955	7.6
1375	-0.254639	68.688752	57.438165	0.006898	8.0
1376	-0.248479	69.574202	56.876652	0.015541	10.9
1377	-0.226345	70.574202	56.255553	0.003431	8.9
1378	-0.242643	71.574202	55.647872	0.003072	5.8
1379	-0.226745	72.324342	55.200575	0.001008	10.2
1380	-0.243483	72.256056	55.240995	0.023311	6.7
1381	-0.239037	73.214460	54.679052	0.001877	11.6
1382	-0.229664	74.214444	54.104788	0.002008	4.5
1383	-0.233960	73.894818	54.287025	0.005104	11.6
1384	-0.216223	73.117867	54.735169	0.005002	9.0
1385	-0.234308	72.212433	55.266848	0.002022	10.6
1386	-0.237783	71.606980	55.628176	0.008213	5.7
1387	-0.235702	70.748135	56.148905	0.003829	6.1
1388	-0.221733	71.061686	55.957669	0.005234	5.1
1389	-0.256720	71.823878	55.498191	0.002199	5.8
1390	-0.243512	72.589081	55.044427	0.003777	10.9
1391	-0.228927	73.297447	54.630931	0.002739	5.3
1392	-0.247344	72.745842	54.952382	0.016807	5.7
1393	-0.234645	73.578836	54.468395	0.001455	5.7
1394	-0.242931	73.064251	54.766368	0.002254	4.8
1395	-0.245442	72.896500	54.864211	0.004645	4.5
1396	-0.244810	73.048822	54.775352	0.003218	4.3
1397	-0.238077	73.125778	54.730569	0.003127	4.5
1398	-0.232719	72.945157	54.835795	0.004256	8.7
1399	-0.222922	72.776934	54.934163	0.003236	6.5
1400	-0.248454	73.747079	54.371675	0.003929	7.3
1401	-0.230289	74.522598	53.930248	0.002949	5.8
1402	-0.251851	73.658573	54.422512	0.004681	5.8
1403	-0.250523	74.199967	54.113016	0.000943	6.0
1404	-0.243845	74.149256	54.141856	0.003965	5.7
1405	-0.240881	74.645949	53.860696	0.005756	5.9
1406	-0.243247	75.590127	53.334202	0.002754	6.5
1407	-0.238952	76.564003	52.801824	0.003260	5.7
1408	-0.233760	75.799833	53.218660	0.004124	6.1
1409	-0.248513	74.910224	53.712285	0.005116	8.1
1410	-0.224557	75.899846	53.163731	0.003693	5.7
1411	-0.242166	76.766120	52.692664	0.004916	5.7
1412	-0.239078	75.870867	53.179635	0.008421	8.4
1413	-0.260249	74.965155	53.681541	0.001795	10.8
1414	-0.247842	75.917975	53.153786	0.004038	8.2
1415	-0.231338	76.384953	52.898905	0.009322	5.9
1416	-0.240014	76.687792	52.734915	0.019322	5.7
1417	-0.228317	77.687792	52.200554	0.003777	6.1
1418	-0.243490	76.934069	52.602301	0.007207	7.6
1419	-0.234653	76.028648	53.093158	0.003287	6.2
1420	-0.240785	75.124067	53.592794	0.003192	10.9
1421	-0.246272	74.818989	53.763428	0.004574	5.6
1422	-0.261331	73.999084	54.227442	0.003380	5.3
1423	-0.228657	74.866335	53.736876	0.002142	5.8
1424	-0.235287	74.781130	53.784679	0.001817	4.4
1425	-0.230135	74.424999	53.985406	0.006019	4.4
1426	-0.252759	75.273120	53.509820	0.007315	4.4
1427	-0.235128	74.367408	54.018008	0.005392	4.4
1428	-0.246095	75.367407	53.457465	0.002743	4.4
1429	-0.250281	74.508863	53.938003	0.002109	9.0
1430	-0.236360	74.954134	53.687706	0.007026	6.3
1431	-0.225028	74.098428	54.170794	0.012650	5.9
1432	-0.235375	73.192715	54.691675	0.004006	5.7
1433	-0.235545	74.165334	54.132709	0.009897	10.8
1434	-0.236216	75.165326	53.569801	0.004628	6.0
1435	-0.226057	74.259614	54.079133	0.006604	9.7
1436	-0.226448	73.353917	54.598235	0.003014	5.4
1437	-0.237140	73.773709	54.356397	0.003517	5.9
1438	-0.235146	72.963029	54.825365	0.002766	4.3
1439	-0.220762	72.110576	55.327306	0.003294	4.3
1440	-0.251840	72.700671	54.978873	0.004213	4.4
1441	-0.244085	72.889317	54.868408	0.010986	4.3
1442	-0.230836	73.619410	54.445038	0.006047	4.4
1443	-0.266080	74.619410	53.875645	0.005557	4.8
1444	-0.223020	73.714245	54.390523	0.004800	4.3
1445	-0.248370	72.815677	54.911477	0.005760	4.4
1446	-0.253608	72.000922	55.392541	0.005658	13.5
1447	-0.227082	71.100741	55.933940	0.012853	1.5
1448	-0.235021	72.070796	55.350954	0.005585	11.0
1449	-0.228397	71.165085	55.894891	0.003061	3.0
1450	-0.234006	70.562768	56.262578	0.003008	6.1
1451	-0.256227	70.892576	56.060648	0.010732	6.3
1452	-0.239676	71.892161	55.457396	0.002502	10.5
1453	-0.232094	72.531163	55.078513	0.006516	5.8
1454	-0.236296	73.453843	54.540474	0.010393	6.2
1455	-0.254588	74.442917	53.975271	0.002409	5.8
1456	-0.214605	73.610245	54.450312	0.006151	11.1
1457	-0.248751	72.885628	54.870564	0.004764	5.1
1458	-0.241380	71.980061	55.404969	0.012434	8.4
1459	-0.240233	71.074348	55.949974	0.002090	8.0
1460	-0.217353	71.897803	55.454028	0.002727	5.8
1461	-0.213646	71.898600	55.453552	0.006850	6.1
1462	-0.237933	70.994801	55.998353	0.002646	5.8
1463	-0.237023	70.761794	56.140547	0.002315	6.3
1464	-0.239501	70.763873	56.139275	0.003946	7.6
1465	-0.225686	71.249876	55.843515	0.003785	5.8
1466	-0.243505	70.366288	56.383569	0.002195	5.7
1467	-0.241707	69.662652	56.821163	0.001506	4.7
1468	-0.251647	69.997607	56.612009	0.009924	3.7
1469	-0.252627	70.957444	56.021102	0.004955	3.7
1470	-0.248051	71.957256	55.418561	0.002365	3.8
1471	-0.229074	71.066509	55.954738	0.009778	5.9
1472	-0.222221	70.176379	56.501009	0.005708	5.8
1473	-0.225247	69.303722	57.047010	0.004053	5.9
1474	-0.222915	68.606576	57.490840	0.001499	6.0
1475	-0.226836	69.217566	57.101489	0.002247	8.7
1476	-0.241405	69.423644	56.971353	0.002836	11.2
1477	-0.241147	69.175807	57.127932	0.002677	5.0
1478	-0.241065	68.888329	57.310636	0.004485	10.9
1479	-0.236824	69.539214	56.898631	0.002804	4.9
1480	-0.232464	69.138812	57.151379	0.003066	5.8
1481	-0.233135	69.692548	56.802433	0.007270	5.6
1482	-0.238253	68.788485	57.374366	0.005756	7.3
1483	-0.218731	67.885075	57.957507	0.007309	6.2
1484	-0.234551	68.885071	57.312714	0.007243	5.7
1485	-0.225781	67.981525	57.894685	0.005289	10.6
1486	-0.258443	68.496602	57.561485	0.005718	3.4
1487	-0.254036	67.591587	58.149510	0.003298	3.2
1488	-0.238244	68.579794	57.508028	0.003061	3.9
1489	-0.249539	69.186054	57.121441	0.004950	4.2
1490	-0.242271	68.398449	57.624684	0.004435	10.4
1491	-0.239949	68.746367	57.401291	0.005430	7.3
1492	-0.238102	69.602659	56.858787	0.004723	6.4
1493	-0.225298	69.791232	56.740692	0.001794	6.2
1494	-0.240646	69.310076	57.042996	0.002572	10.8
1495	-0.236088	68.984958	57.249094	0.006277	5.1
1496	-0.215452	69.498125	56.924465	0.006651	5.8
1497	-0.239253	70.389993	56.368944	0.003221	5.8
1498	-0.268353	69.992185	56.615382	0.002598	6.1
1499	-0.234658	70.461416	56.324925	0.001788	5.7
1500	-0.240171	69.974928	56.626122	0.003292	5.8
1501	-0.252010	69.394544	56.989693	0.009925	6.0
1502	-0.233717	70.301952	56.423299	0.001564	10.3
1503	-0.234944	69.420499	56.973335	0.002678	4.6
1504	-0.250934	69.177583	57.126806	0.003085	11.1
1505	-0.236190	69.291538	57.054708	0.004857	11.1
1506	-0.243056	70.258335	56.450267	0.006111	5.8
1507	-0.221233	69.376151	57.001292	0.004617	5.9
1508	-0.225490	68.470600	57.578214	0.004599	5.7
1509	-0.244080	67.565286	58.166778	0.004347	5.5
1510	-0.226580	68.429907	57.604414	0.001769	8.3
1511	-0.240781	69.223465	57.097755	0.008114	5.6
1512	-0.222892	70.093676	56.552305	0.003255	5.8
1513	-0.235327	71.072815	55.950905	0.005348	6.0
1514	-0.260520	72.062468	55.355907	0.004541	5.8
1515	-0.230212	73.061564	54.767932	0.005074	5.1
1516	-0.230212	73.989465	54.232934	0.001505	6.6
1517	-0.245010	74.477292	53.955838	0.002883	6.1
1518	-0.231703	74.340618	54.033186	0.001112	6.1
1519	-0.247827	74.705256	53.827319	0.005053	10.9
1520	-0.222113	74.407771	53.995155	0.002196	9.0
1521	-0.240073	75.242827	53.526663	0.003280	7.6
1522	-0.228169	75.692582	53.277689	0.005213	5.8
1523	-0.243118	74.910152	53.712326	0.003147	3.7
1524	-0.228973	74.018607	54.216300	0.005547	6.4
1525	-0.225871	75.015087	53.653624	0.001955	5.9
1526	-0.223566	74.329662	54.039396	0.005988	5.9
1527	-0.235257	74.975156	53.675947	0.009856	5.8
1528	-0.241432	74.071425	54.186180	0.003436	10.9
1529	-0.225146	75.011992	53.655353	0.002844	5.7
1530	-0.231611	75.949690	53.136398	0.005223	6.0
1531	-0.218053	75.112489	53.599250	0.006349	5.8
1532	-0.226376	74.206829	54.109116	0.002013	5.8
1533	-0.255410	75.188841	53.556705	0.003636	12.2
1534	-0.214323	75.477120	53.396674	0.005665	3.7
1535	-0.251404	74.862816	53.738848	0.005189	9.8
1536	-0.229039	74.170995	54.129489	0.005103	7.3
1537	-0.228058	75.089622	53.612005	0.004345	7.6
1538	-0.233068	76.072068	53.069410	0.002180	5.7
1539	-0.229261	76.509237	52.831480	0.006102	4.3
1540	-0.252131	75.863290	53.183795	0.001857	3.9
1541	-0.242629	75.053267	53.632297	0.012142	6.0
1542	-0.246577	75.788220	53.225045	0.002477	5.8
1543	-0.231722	74.890795	53.723169	0.003605	4.4
1544	-0.228350	75.428002	53.423873	0.022597	6.1
1545	-0.231919	76.428000	52.875532	0.003975	5.8
1546	-0.241825	75.523396	53.371074	0.002850	6.0
1547	-0.232746	75.307005	53.490993	0.004423	5.9
1548	-0.218183	75.792063	53.222932	0.001717	5.9
1549	-0.236243	76.376501	52.903496	0.001607	10.8
1550	-0.255600	76.457490	52.859532	0.005183	5.8
1551	-0.234668	77.318986	52.396364	0.002422	5.8
1552	-0.232091	78.290551	51.883661	0.001479	9.4
1553	-0.227596	78.016106	52.027469	0.002084	4.9
1554	-0.235802	78.158123	51.952953	0.003505	6.3
1555	-0.238409	78.978365	51.526721	0.003560	4.5
1556	-0.236058	78.112510	51.976863	0.002711	4.4
1557	-0.245175	78.715327	51.662643	0.002636	4.4
1558	-0.226234	79.072654	51.478173	0.003168	4.4
1559	-0.242345	78.612293	51.716080	0.003636	4.4
1560	-0.227876	78.073582	51.997286	0.008132	4.4
1561	-0.237322	77.168075	52.476911	0.001865	4.5
1562	-0.227080	76.667540	52.745850	0.002077	4.4
1563	-0.234883	77.067430	52.530767	0.011655	4.5
1564	-0.248976	76.437588	52.870329	0.003241	4.6
1565	-0.244192	75.539491	53.362177	0.003633	4.5
1566	-0.238882	76.313177	52.937922	0.003402	4.5
1567	-0.229349	76.691765	52.732770	0.005173	12.4
1568	-0.244759	76.763992	52.693811	0.002291	6.9
1569	-0.237287	75.885763	53.171459	0.005814	11.5
1570	-0.237691	76.788901	52.680389	0.001482	9.8
1571	-0.251571	76.183826	53.008382	0.002882	4.2
1572	-0.240952	76.051592	53.080606	0.003891	5.7
1573	-0.235349	76.067555	53.071877	0.007235	5.8
1574	-0.234146	77.066741	52.531136	0.003391	5.6
1575	-0.241380	77.128904	52.497859	0.003976	6.1
1576	-0.238048	78.105498	51.980541	0.001896	5.9
1577	-0.224817	78.275415	51.891572	0.003258	5.8
1578	-0.237212	77.587754	52.253522	0.002872	8.9
1579	-0.239075	78.365852	51.844343	0.003849	11.7
1580	-0.240125	77.518724	52.290135	0.007674	5.8
1581	-0.239990	78.518403	51.764872	0.001094	5.8
1582	-0.225933	77.864087	52.107469	0.002043	5.5
1583	-0.238603	77.660600	52.214940	0.004625	5.7
1584	-0.235276	77.749600	52.167881	0.004486	5.4
1585	-0.230364	78.747926	51.645759	0.006129	5.7
1586	-0.227925	79.747904	51.133147	0.005334	5.8
1587	-0.247821	80.747899	50.630602	0.002649	10.7
1588	-0.244452	79.903942	51.054074	0.004238	9.0
1589	-0.232017	79.111433	51.458232	0.012714	5.4
1590	-0.254295	80.111416	50.949315	0.004256	5.8
1591	-0.234861	81.103636	50.454201	0.002089	8.2
1592	-0.237949	80.554742	50.726901	0.005589	7.9
1593	-0.236001	79.799329	51.107060	0.005545	6.3
1594	-0.219053	78.899550	51.567373	0.004586	10.8
1595	-0.236500	79.282628	51.370386	0.003848	6.6
1596	-0.239761	80.270746	50.869156	0.017212	8.0
1597	-0.240262	80.953416	50.528541	0.004562	5.7
1598	-0.237640	81.953328	50.037793	0.005325	6.5
1599	-0.222867	82.950568	49.557761	0.002322	6.3
1600	-0.241519	82.803802	49.627829	0.002991	4.6
1601	-0.231961	83.632923	49.234573	0.003807	3.7
1602	-0.232404	83.585273	49.257005	0.002305	3.6
1603	-0.224468	84.171836	48.982290	0.004873	3.6
1604	-0.233138	85.120569	48.544381	0.005805	3.6
1605	-0.220177	84.220400	48.959682	0.001971	3.6
1606	-0.232671	83.377732	49.354946	0.003229	3.6
1607	-0.232624	82.924682	49.570104	0.003778	3.6
1608	-0.239595	82.182859	49.926484	0.002091	3.6
1609	-0.226941	81.408776	50.303866	0.010713	3.7
1610	-0.244335	82.407887	49.817838	0.003595	3.6
1611	-0.256414	83.323495	49.380606	0.002329	3.8
1612	-0.225164	84.049406	49.039376	0.005493	3.7
1613	-0.235005	83.202775	49.437814	0.002754	3.6
1614	-0.218571	83.930556	49.094921	0.002421	4.5
1615	-0.234901	84.639796	48.765310	0.003972	3.9
1616	-0.230721	85.463100	48.388196	0.005566	10.6
1617	-0.241207	86.459990	47.939306	0.004971	6.4
1618	-0.231498	87.453603	47.500103	0.007626	8.5
1619	-0.245328	87.543457	47.460782	0.003873	4.5
1620	-0.228362	86.655396	47.852291	0.005724	4.2
1621	-0.250966	87.238234	47.594618	0.003816	4.8
1622	-0.230910	88.205335	47.173129	0.002253	4.4
1623	-0.225088	88.934090	46.860417	0.001592	4.4
1624	-0.229971	89.104999	46.787679	0.005156	4.4
1625	-0.231680	89.374797	46.673312	0.004961	4.5
1626	-0.232320	90.276970	46.294910	0.004974	4.5
1627	-0.232113	89.725145	46.525632	0.003901	11.1
1628	-0.238832	89.049649	46.811211	0.006611	1.6
1629	-0.231518	89.325812	46.694035	0.007567	4.6
1630	-0.216647	90.310589	46.280928	0.004081	6.1
1631	-0.235679	91.310549	45.868864	0.001573	13.9
1632	-0.237798	91.988652	45.593582	0.003184	3.8
1633	-0.233637	91.987851	45.593905	0.005373	11.5
1634	-0.227283	92.905420	45.226622	0.006283	10.9
1635	-0.227523	91.999712	45.589119	0.009141	7.4
1636	-0.229517	91.094770	45.957161	0.003232	8.0
1637	-0.243335	90.205218	46.324781	0.003981	3.0
1638	-0.248938	89.321840	46.695716	0.004544	6.0
1639	-0.236581	90.318242	46.277746	0.001877	5.1
1640	-0.223378	90.815928	46.071767	0.004093	5.9
1641	-0.239051	91.431411	45.819556	0.002859	5.8
1642	-0.225552	90.962968	46.011261	0.002300	5.8
1643	-0.224130	90.705663	46.117244	0.002347	5.7
1644	-0.256243	90.807526	46.075229	0.004810	8.5
1645	-0.223144	90.662445	46.135094	0.020373	5.8
1646	-0.246239	89.756733	46.512363	0.002162	5.8
1647	-0.236765	88.851201	46.895776	0.003654	5.8
1648	-0.252585	88.308710	47.128516	0.001799	6.2
1649	-0.231313	88.930943	46.861759	0.003030	5.8
1650	-0.235612	88.726128	46.949231	0.013483	5.9
1651	-0.225481	88.546445	47.026239	0.002013	5.8
1652	-0.230676	87.753460	47.369135	0.003468	6.7
1653	-0.246675	87.450639	47.501401	0.002866	5.8
1654	-0.254959	88.348463	47.111383	0.001998	5.1
1655	-0.250494	88.023132	47.251966	0.008705	5.8
1656	-0.243187	88.297567	47.133322	0.016027	9.7
1657	-0.249599	87.391854	47.527163	0.003593	10.3
1658	-0.243097	88.387105	47.094741	0.009623	11.7
1659	-0.246216	89.387101	46.668110	0.002396	3.6
1660	-0.252438	88.482969	47.053505	0.003258	9.6
1661	-0.237236	89.057760	46.807761	0.005343	6.5
1662	-0.235021	89.849027	46.473636	0.004815	7.8
1663	-0.228538	89.106116	46.787204	0.003686	5.4
1664	-0.240207	88.211294	47.170555	0.003529	6.4
1665	-0.236752	87.934338	47.290482	0.004344	7.9
1666	-0.258076	88.622677	46.993537	0.007110	8.0
1667	-0.247366	89.622656	46.568737	0.007323	9.7
1668	-0.216283	89.646147	46.558850	0.002562	5.8
1669	-0.233741	89.175105	46.757907	0.006268	6.1
1670	-0.231344	88.837472	46.901638	0.002723	5.9
1671	-0.223188	89.390766	46.666561	0.001637	5.9
1672	-0.235916	88.987030	46.837862	0.003943	11.4
1673	-0.230118	89.522076	46.611117	0.002268	6.6
1674	-0.229883	89.119903	46.781346	0.006369	5.9
1675	-0.216015	88.268336	47.145930	0.001036	5.8
1676	-0.217277	87.844741	47.329410	0.002819	6.1
1677	-0.256714	88.123336	47.208576	0.008320	5.8
1678	-0.237144	87.448509	47.502335	0.002396	11.0
1679	-0.237237	88.152780	47.195842	0.001777	9.1
1680	-0.240147	88.197211	47.176639	0.004481	5.8
1681	-0.215133	88.712078	46.955244	0.002738	5.9
1682	-0.239112	88.762658	46.933606	0.002590	5.7
1683	-0.232805	89.223548	46.737357	0.004891	6.4
1684	-0.210153	88.654663	46.979829	0.001742	5.8
1685	-0.250349	88.997309	46.833485	0.002959	6.0
1686	-0.226105	88.984832	46.838798	0.004638	17.0
1687	-0.240410	88.478202	47.055553	0.001909	6.7
1688	-0.223357	88.894009	46.877509	0.006211	11.0
1689	-0.233271	89.524301	46.610178	0.001932	6.3
1690	-0.245737	90.183658	46.333764	0.004240	5.8
1691	-0.247434	89.982908	46.417574	0.001321	6.1
1692	-0.232398	90.343051	46.267435	0.005821	6.0
1693	-0.252156	90.308743	46.281695	0.002977	6.2
1694	-0.237715	91.293286	45.875916	0.003347	6.0
1695	-0.219579	90.578308	46.169882	0.004692	8.3
1696	-0.216410	89.782418	46.501579	0.001995	5.8
1697	-0.250938	90.687166	46.124882	0.006498	6.1
1698	-0.210013	89.819058	46.486204	0.003983	4.6
1699	-0.206058	90.811381	46.073640	0.001894	4.4
1700	-0.246332	90.463401	46.217479	0.002248	11.4
1701	-0.254262	90.230612	46.314205	0.003353	5.4
1702	-0.232212	89.635576	46.563299	0.004637	6.2
1703	-0.237894	88.747310	46.940170	0.008945	5.7
1704	-0.233543	89.742787	46.518220	0.002115	6.0
1705	-0.244991	89.866395	46.466356	0.003195	6.2
1706	-0.235592	89.508705	46.616756	0.002273	9.2
1707	-0.241065	89.127451	46.778140	0.009248	5.6
1708	-0.239902	88.969067	46.845513	0.008332	11.1
1709	-0.247411	88.063354	47.234540	0.001761	5.5
1710	-0.226863	88.929703	46.862288	0.005541	6.1
1711	-0.223551	88.982136	46.839946	0.012410	9.1
1712	-0.240276	89.980818	46.418448	0.008295	6.1
1713	-0.248151	90.980818	46.003927	0.001323	6.0
1714	-0.220578	91.263264	45.888184	0.002805	10.8
1715	-0.250942	91.710904	45.705936	0.002819	8.4
1716	-0.224789	92.083773	45.555231	0.002210	10.1
1717	-0.242636	92.362153	45.443362	0.006163	8.9
1718	-0.235807	91.685898	45.716078	0.001188	5.6
1719	-0.239791	91.598367	45.751617	0.002970	6.1
1720	-0.246928	91.608033	45.747690	0.002453	8.1
1721	-0.247907	91.095708	45.956776	0.013386	5.8
1722	-0.236704	92.095634	45.550453	0.005867	5.8
1723	-0.230313	91.189922	45.918183	0.001891	5.8
1724	-0.235255	90.401688	46.243082	0.001663	9.6
1725	-0.243100	90.625393	46.150407	0.003935	5.6
1726	-0.235925	90.568652	46.173878	0.004067	6.1
1727	-0.235604	91.258833	45.889996	0.001960	7.6
1728	-0.236847	91.433159	45.818844	0.002893	6.1
1729	-0.226106	91.961910	45.604375	0.003200	6.2
1730	-0.242654	91.633470	45.737358	0.011821	4.4
1731	-0.233397	92.363248	45.442923	0.007662	4.5
1732	-0.214481	91.457538	45.808911	0.002338	4.4
1733	-0.246056	91.400808	45.832031	0.007295	4.4
1734	-0.230169	92.273957	45.478744	0.003427	4.3
1735	-0.243766	91.377463	45.841553	0.007325	4.4
1736	-0.232696	90.514754	46.196195	0.003204	4.4
1737	-0.238640	89.790262	46.498286	0.016429	4.4
1738	-0.243362	90.657911	46.136967	0.002615	4.3
1739	-0.239825	91.657854	45.727459	0.002568	4.4
1740	-0.246581	90.964362	46.010688	0.003082	4.5
1741	-0.238801	90.919349	46.029193	0.011278	4.4
1742	-0.255995	90.946525	46.018019	0.019357	4.4
1743	-0.224819	91.946525	45.610587	0.005259	4.6
1744	-0.223510	91.040813	45.979293	0.007371	4.4
1745	-0.226211	90.135106	46.354006	0.001373	4.8
1746	-0.234561	89.897234	46.453434	0.004212	4.5
1747	-0.245020	89.831334	46.481055	0.003134	10.2
1748	-0.233753	89.145132	46.770631	0.004918	5.9
1749	-0.248849	88.581537	47.011180	0.003209	5.8
1750	-0.236319	89.539144	46.603919	0.012502	6.2
1751	-0.250478	90.531153	46.189403	0.002596	5.8
1752	-0.242274	91.513986	45.785929	0.001861	7.2
1753	-0.228019	91.323840	45.863437	0.004132	5.8
1754	-0.241996	91.231661	45.901106	0.002050	5.8
1755	-0.240559	92.072592	45.559735	0.001535	6.8
1756	-0.234784	92.336724	45.453558	0.005648	5.7
1757	-0.237922	91.719879	45.702297	0.013260	5.7
1758	-0.218139	91.116145	45.948399	0.003179	6.0
1759	-0.240236	90.210471	46.322593	0.001445	5.8
1760	-0.246601	89.969605	46.423138	0.010022	6.3
1761	-0.219706	89.599442	46.578511	0.003563	5.8
1762	-0.228915	90.599421	46.161148	0.002349	5.8
1763	-0.219688	89.976373	46.420308	0.003031	10.7
1764	-0.237161	89.881025	46.460225	0.003584	6.6
1765	-0.233778	89.077238	46.799479	0.002002	6.6
1766	-0.239267	88.743255	46.941904	0.002355	5.8
1767	-0.248236	88.582188	47.010901	0.004278	11.7
1768	-0.234722	88.321251	47.123110	0.003006	1.6
1769	-0.224551	87.637893	47.419526	0.006291	4.9
1770	-0.240967	88.508455	47.042554	0.001804	4.1
1771	-0.243678	89.186068	46.753255	0.007167	4.1
1772	-0.243052	89.928841	46.440198	0.003596	3.9
1773	-0.234818	90.401668	46.243090	0.001666	3.9
1774	-0.247086	90.785539	46.084291	0.003109	3.8
1775	-0.241521	91.406364	45.829766	0.015551	6.3
1776	-0.239937	92.393459	45.430816	0.003611	6.0
1777	-0.243184	93.393351	45.033713	0.002921	8.7
1778	-0.234162	93.004990	45.187122	0.005930	10.8
1779	-0.216384	94.002984	44.794989	0.002360	11.0
1780	-0.235040	93.142921	45.132517	0.005341	6.1
1781	-0.236812	94.119505	44.749648	0.003659	5.7
1782	-0.220382	95.099363	44.371969	0.003029	10.9
1783	-0.231233	94.420830	44.632822	0.007936	5.5
1784	-0.258561	93.620246	44.944567	0.003115	5.7
1785	-0.243834	93.030622	45.176964	0.002820	6.1
1786	-0.231715	93.356009	45.048418	0.004706	6.2
1787	-0.227414	92.976503	45.198415	0.002686	5.8
1788	-0.239565	93.502366	44.990838	0.003231	5.8
1789	-0.239461	92.826446	45.258001	0.003419	5.9
1790	-0.244529	93.743119	44.896438	0.007587	5.8
1791	-0.211972	94.742925	44.508616	0.003655	5.8
1792	-0.228329	95.742903	44.127371	0.002166	5.8
1793	-0.236599	96.542178	43.827309	0.005109	4.5
1794	-0.251235	96.703743	43.767150	0.011013	8.1
1795	-0.247109	97.703743	43.398441	0.001468	5.7
1796	-0.248474	96.816077	43.725419	0.004134	6.1
1797	-0.232666	97.325950	43.537004	0.003183	5.8
1798	-0.235428	97.786092	43.368354	0.005362	6.0
1799	-0.226893	96.994644	43.659248	0.004426	5.8
1800	-0.242369	97.777255	43.371581	0.009538	6.3
1801	-0.237296	97.201347	43.582899	0.003622	7.9
1802	-0.242352	96.297094	43.918883	0.001611	7.7
1803	-0.226565	96.159314	43.970532	0.002617	10.8
1804	-0.247160	95.827370	44.095466	0.013301	5.8
1805	-0.228270	95.244058	44.316737	0.004832	5.8
1806	-0.228542	96.244031	43.938760	0.003323	3.6
1807	-0.243625	97.022615	43.648900	0.004039	3.6
1808	-0.238972	96.256171	43.934211	0.004492	5.8
1809	-0.233010	95.352503	44.275432	0.002669	4.5
1810	-0.235672	96.308565	43.914588	0.005449	11.3
1811	-0.223509	97.232287	43.571494	0.003570	7.5
1812	-0.252123	98.198273	43.218389	0.003511	5.8
1813	-0.232962	97.451943	43.490695	0.006724	11.2
1814	-0.228421	96.546639	43.825646	0.018369	6.5
1815	-0.234240	97.546639	43.455954	0.004117	5.6
1816	-0.233240	98.546487	43.092503	0.002940	4.3
1817	-0.229844	99.247508	42.841282	0.004246	4.4
1818	-0.245793	100.222967	42.496546	0.002613	6.2
1819	-0.234644	99.905814	42.608020	0.006411	5.7
1820	-0.250662	100.894667	42.262369	0.004747	5.8
1821	-0.244237	101.886843	41.921147	0.002671	7.7
1822	-0.246701	101.222342	42.149064	0.004757	5.7
1823	-0.231689	102.201151	41.814198	0.003881	6.1
1824	-0.251006	102.200495	41.814421	0.009838	7.2
1825	-0.242179	101.296194	42.123611	0.004540	7.1
1826	-0.228707	100.390487	42.437900	0.007524	13.3
1827	-0.239961	99.484811	42.756903	0.003255	8.5
1828	-0.222799	100.393875	42.436716	0.004091	5.5
1829	-0.231272	99.793900	42.647496	0.003634	5.7
1830	-0.236405	98.899773	42.965531	0.002630	5.7
1831	-0.262324	98.090737	43.257414	0.006010	5.9
1832	-0.233243	98.966025	42.941803	0.005383	3.8
1833	-0.227083	98.060897	43.268256	0.003528	4.4
1834	-0.229555	99.018061	42.923184	0.003723	4.5
1835	-0.227644	98.179855	43.225068	0.001834	4.5
1836	-0.229125	97.787290	43.367917	0.001572	4.3
1837	-0.236360	97.426541	43.500024	0.002949	4.4
1838	-0.258273	97.692699	43.402479	0.002340	4.3
1839	-0.221506	97.807891	43.360397	0.003987	4.3
1840	-0.249221	97.251156	43.564541	0.005650	4.3
1841	-0.231075	97.595113	43.438193	0.004090	4.3
1842	-0.218871	98.527776	43.099249	0.008878	12.1
1843	-0.241750	99.449431	42.769462	0.005123	8.1
1844	-0.231583	98.638842	43.059238	0.002325	6.1
1845	-0.250750	99.435108	42.774548	0.002410	11.7
1846	-0.249465	99.577833	42.723917	0.004112	5.4
1847	-0.237051	98.778111	43.009172	0.005512	6.0
1848	-0.244463	98.174031	43.227181	0.003935	5.9
1849	-0.248844	99.169013	42.869266	0.002220	10.7
1850	-0.234140	98.394232	43.147456	0.003229	11.3
1851	-0.246450	97.720189	43.392429	0.007657	5.8
1852	-0.236410	98.638808	43.059250	0.001444	6.0
1853	-0.247372	99.556057	42.731635	0.004548	6.2
1854	-0.235166	99.265789	42.834770	0.003551	10.4
1855	-0.244054	100.081859	42.546071	0.007006	10.6
1856	-0.256508	101.077672	42.199014	0.019317	5.4
1857	-0.253486	102.077672	41.856149	0.002823	8.0
1858	-0.227578	102.027364	41.873265	0.001869	5.7
1859	-0.232809	101.459499	42.067438	0.004538	10.3
1860	-0.239689	101.782282	41.956846	0.001728	7.8
1861	-0.242939	101.753867	41.966559	0.006857	8.0
1862	-0.247148	102.019847	41.875823	0.003139	5.4
1863	-0.225808	102.923633	41.570419	0.003410	5.9
1864	-0.235124	103.701168	41.311220	0.004648	5.9
1865	-0.229123	104.696018	40.984253	0.008465	5.9
1866	-0.236253	104.382988	41.086574	0.009723	6.2
1867	-0.257036	103.477275	41.385525	0.006503	5.8
1868	-0.236594	104.477261	41.055705	0.004426	6.1
1869	-0.236793	105.476918	40.731205	0.004225	6.3
1870	-0.243086	104.581973	41.021472	0.002237	5.8
1871	-0.236327	105.331934	40.777950	0.003136	6.2
1872	-0.239135	105.854298	40.610034	0.005126	11.3
1873	-0.244815	106.811489	40.305902	0.002226	1.7
1874	-0.231671	107.715718	40.022753	0.003419	6.0
1875	-0.232050	108.428885	39.802223	0.003094	5.0
1876	-0.249665	109.265409	39.546625	0.003421	5.4
1877	-0.232852	108.895238	39.659324	0.003323	6.2
1878	-0.222727	108.070157	39.912846	0.002709	11.1
1879	-0.228184	107.400702	40.120944	0.003485	6.4
1880	-0.264951	108.224562	39.865156	0.008142	5.9
1881	-0.217972	109.204167	39.565227	0.002616	4.7
1882	-0.238325	109.938122	39.343449	0.002250	6.9
1883	-0.226569	110.541867	39.162872	0.004318	11.1
1884	-0.227408	110.295458	39.236371	0.001534	1.5
1885	-0.250126	109.565588	39.455705	0.006546	1.5
1886	-0.249011	108.970097	39.636482	0.008440	5.9
1887	-0.233067	109.970097	39.333844	0.003783	6.6
1888	-0.237120	110.969878	39.035857	0.003966	9.3
1889	-0.260718	110.076734	39.301844	0.003922	8.4
1890	-0.245542	111.048509	39.012613	0.015036	11.2
1891	-0.244178	112.048509	38.719392	0.001700	4.7
1892	-0.239624	111.308423	38.935974	0.003185	5.6
1893	-0.238517	111.278532	38.944773	0.005730	5.4
1894	-0.243896	112.083524	38.709205	0.003923	8.7
1895	-0.227277	112.131025	38.695393	0.017628	6.8
1896	-0.241430	113.130888	38.406943	0.006694	9.4
1897	-0.245358	112.225176	38.668047	0.004071	5.2
1898	-0.230762	113.178371	38.393351	0.002022	11.2
1899	-0.227502	113.920194	38.182256	0.005488	11.3
1900	-0.237186	114.530177	38.010408	0.011381	5.7
1901	-0.251211	115.530141	37.732015	0.003034	5.9
1902	-0.237780	114.624430	37.983993	0.003096	5.7
1903	-0.233468	115.034984	37.869357	0.002201	6.1
1904	-0.237803	115.355956	37.780215	0.003901	10.9
1905	-0.237937	114.524806	38.011915	0.002230	5.3
1906	-0.225857	114.826874	37.927379	0.001791	6.4
1907	-0.234697	114.925700	37.899804	0.011616	10.9
1908	-0.234809	114.099104	38.131692	0.005686	6.8
1909	-0.241770	113.193845	38.388924	0.001708	6.6
1910	-0.242483	114.129178	38.123205	0.004476	6.0
1911	-0.233689	113.455210	38.314301	0.002888	5.8
1912	-0.237405	112.692321	38.532934	0.011533	6.1
1913	-0.244241	111.898659	38.763050	0.002400	5.6
1914	-0.240207	112.008609	38.731007	0.004808	5.8
1915	-0.240411	111.454027	38.893173	0.004299	4.6
1916	-0.235096	112.423144	38.610673	0.006945	5.2
1917	-0.235480	111.519609	38.873925	0.002422	4.0
1918	-0.243568	112.515637	38.583925	0.013573	3.9
1919	-0.241141	111.609954	38.847441	0.003205	4.7
1920	-0.223322	111.129578	38.988676	0.005874	10.1
1921	-0.248967	110.580059	39.151505	0.002067	11.6
1922	-0.245629	111.519639	38.873916	0.004041	5.8
1923	-0.223240	110.796525	39.087202	0.003973	5.8
1924	-0.236815	111.497207	38.880498	0.005341	11.1
1925	-0.230556	110.724580	39.108550	0.005009	9.1
1926	-0.226578	111.095648	38.998691	0.003662	5.8
1927	-0.234815	110.191068	39.267592	0.005813	11.4
1928	-0.233844	111.076486	39.004349	0.002610	3.8
1929	-0.222744	111.668002	38.830444	0.003499	8.2
1930	-0.247298	112.512337	38.584879	0.007193	5.7
1931	-0.222237	112.417751	38.612233	0.005495	9.3
1932	-0.230381	113.417751	38.324978	0.002891	2.9
1933	-0.228656	112.555258	38.572479	0.004248	5.7
1934	-0.240867	113.466310	38.311138	0.007006	9.0
1935	-0.258356	114.459527	38.030233	0.003141	5.4
1936	-0.230157	115.454915	37.752817	0.008661	4.5
1937	-0.227683	116.454587	37.478250	0.006501	7.0
1938	-0.225618	115.550150	37.726486	0.006123	10.9
1939	-0.246188	116.547667	37.452888	0.021112	6.4
1940	-0.238844	117.547667	37.182563	0.001616	9.3
1941	-0.229186	116.642664	37.427039	0.004854	2.6
1942	-0.232967	116.596608	37.439566	0.003358	5.8
1943	-0.233310	117.445702	37.209948	0.007567	8.4
1944	-0.237521	116.543298	37.454078	0.003857	10.7
1945	-0.242374	117.528600	37.187681	0.012922	10.1
1946	-0.230843	118.528600	36.921157	0.002933	5.6
1947	-0.233725	119.528600	36.658427	0.003504	7.5
1948	-0.230367	118.966721	36.805587	0.007567	5.9
1949	-0.225451	119.959563	36.546349	0.003068	3.8
1950	-0.235306	119.198295	36.744793	0.002018	2.9
1951	-0.242210	118.898795	36.823458	0.007447	7.1
1952	-0.236139	118.407592	36.953205	0.008023	6.1
1953	-0.254172	119.407592	36.690020	0.008850	7.6
1954	-0.239506	118.501879	36.928229	0.004923	5.8
1955	-0.225923	119.501879	36.665398	0.002707	5.8
1956	-0.247854	120.362875	36.442081	0.004065	8.3
1957	-0.235604	120.987230	36.281836	0.001597	8.1
1958	-0.245706	121.118100	36.248425	0.001772	7.8
1959	-0.230032	121.048271	36.266245	0.001853	5.8
1960	-0.228076	121.315755	36.198082	0.005511	6.4
1961	-0.231728	122.206659	35.972890	0.003522	7.7
1962	-0.236480	123.198751	35.725395	0.002580	7.7
1963	-0.246096	122.531963	35.891360	0.002983	8.0
1964	-0.235191	121.787437	36.078506	0.004103	5.8
1965	-0.229204	122.181989	35.979088	0.002442	6.1
1966	-0.219125	123.002229	35.774150	0.004857	11.8
1967	-0.223697	123.982427	35.532288	0.003358	3.4
1968	-0.235387	123.603537	35.625390	0.003957	6.1
1969	-0.226785	124.026122	35.521583	0.004808	5.8
1970	-0.232713	124.346701	35.443236	0.002258	5.9
1971	-0.238447	124.618418	35.377100	0.007150	7.3
1972	-0.236631	125.228117	35.229595	0.002209	5.9
1973	-0.234080	124.568769	35.389166	0.002790	5.8
1974	-0.232900	124.082481	35.507784	0.001991	5.9
1975	-0.235851	124.179564	35.484039	0.003868	5.8
1976	-0.225023	124.688745	35.360023	0.003329	5.9
1977	-0.241683	123.875937	35.558406	0.006770	4.5
1978	-0.229647	124.790022	35.335459	0.001824	4.2
1979	-0.232638	125.652903	35.127551	0.009264	4.3
1980	-0.247760	126.597748	34.902683	0.002487	4.3
1981	-0.236112	127.553215	34.678195	0.002280	4.4
1982	-0.235192	127.505979	34.689225	0.006543	7.2
1983	-0.243115	126.622974	34.896718	0.005832	6.1
1984	-0.227624	127.397309	34.714628	0.009474	10.7
1985	-0.234961	127.872261	34.603877	0.002422	7.6
1986	-0.231598	126.967777	34.815400	0.003924	2.6
1987	-0.249533	126.120300	35.015952	0.003184	10.7
1988	-0.259957	125.749414	35.104449	0.003485	5.6
1989	-0.231157	126.612946	34.899089	0.004840	6.1
1990	-0.252205	125.780454	35.097026	0.002359	5.5
1991	-0.249911	126.367184	34.957290	0.003581	4.7
1992	-0.245498	126.367822	34.957138	0.005930	3.0
1993	-0.245691	127.366801	34.721766	0.003654	3.0
1994	-0.242880	126.518461	34.921442	0.003060	2.9
1995	-0.242302	125.826505	35.086018	0.009865	3.0
1996	-0.234160	124.921087	35.303721	0.014591	3.0
1997	-0.248354	124.015375	35.524215	0.007362	5.2
1998	-0.247743	125.015375	35.280924	0.005787	3.8
1999	-0.231517	126.007433	35.042836	0.009216	4.2
