1:ItNr	2:Metric	3a:Time	3b:StepSize	4:||Gradient||	Time[ms]
0	-0.327840	0.000000	510.947842	0.002342	1779.9
1	-0.334914	0.000000	510.947842	0.004794	11.4
2	-0.332723	0.970546	488.376798	0.004565	11.1
3	-0.325080	1.969186	467.143449	0.003606	8.6
4	-0.314790	2.968571	447.665593	0.003156	5.9
5	-0.336717	3.926235	430.466317	0.002031	6.6
6	-0.320026	3.367578	440.335287	0.005455	5.4
7	-0.335729	3.614316	435.921298	0.003140	6.5
8	-0.289515	2.846486	449.957486	0.006950	6.3
9	-0.311167	3.846485	431.847985	0.001968	10.9
10	-0.298873	4.027499	428.724612	0.004756	2.8
11	-0.313014	3.302807	441.508860	0.005378	6.2
12	-0.315646	4.302807	424.059856	0.003112	5.3
13	-0.305835	5.302798	407.937773	0.002810	4.7
14	-0.316350	5.121133	410.774855	0.009968	4.6
15	-0.289434	6.121132	395.628944	0.008554	4.4
16	-0.299087	7.121132	381.560202	0.004493	12.8
17	-0.311536	6.352485	392.282631	0.003412	6.2
18	-0.314464	6.177332	394.810824	0.005626	4.1
19	-0.331368	5.408886	406.299028	0.003289	4.2
20	-0.341554	4.642950	418.434873	0.003570	4.3
21	-0.314568	3.934342	430.326356	0.009273	4.6
22	-0.324202	4.934342	413.733442	0.002129	4.3
23	-0.316376	5.158503	410.188028	0.003655	4.4
24	-0.317850	6.119085	395.658806	0.003116	4.3
25	-0.318556	5.371499	406.875039	0.006026	4.4
26	-0.311746	6.371497	392.010147	0.006368	4.3
27	-0.304624	5.602850	403.336654	0.005700	4.4
28	-0.327919	6.602850	388.724516	0.005562	4.4
29	-0.320752	5.834203	399.859258	0.005247	4.6
30	-0.326050	6.826033	385.606699	0.002689	4.4
31	-0.307630	7.801210	372.550476	0.004712	4.4
32	-0.329145	7.557071	375.735478	0.003564	5.5
33	-0.324255	6.788585	386.126349	0.004453	11.8
34	-0.342578	6.963728	383.707947	0.003305	10.3
35	-0.322182	7.905651	371.204400	0.002609	9.6
36	-0.338500	8.550082	363.109138	0.004817	3.9
37	-0.331512	7.783458	372.780248	0.007326	6.3
38	-0.331506	8.779124	360.316330	0.003633	6.1
39	-0.333208	9.778817	348.613288	0.001677	5.8
40	-0.314112	9.200424	355.289874	0.004108	5.8
41	-0.332656	9.127443	356.150521	0.010074	6.3
42	-0.295871	10.127375	344.709586	0.004920	5.8
43	-0.321407	11.127375	333.980120	0.006202	6.1
44	-0.342545	10.358728	342.166447	0.002828	5.7
45	-0.320535	11.020078	335.099263	0.005697	8.6
46	-0.299653	12.020044	324.951250	0.004761	6.5
47	-0.299589	11.251398	332.695805	0.004000	9.3
48	-0.313678	12.251397	322.690344	0.004826	9.7
49	-0.312166	13.249568	313.285844	0.005855	5.3
50	-0.334227	14.249558	304.398278	0.005608	11.0
51	-0.297813	13.480911	311.183911	0.006022	3.8
52	-0.307297	12.712264	318.278972	0.006676	3.6
53	-0.336085	11.943669	325.704600	0.002993	3.6
54	-0.338373	12.159710	323.582581	0.010379	3.8
55	-0.326421	11.391064	331.261261	0.006215	3.7
56	-0.303341	10.622445	339.312934	0.006346	3.7
57	-0.323592	9.853798	347.766085	0.006976	3.7
58	-0.330613	10.853798	336.848514	0.001992	3.8
59	-0.328139	11.382205	331.351882	0.008590	3.7
60	-0.312110	12.380125	321.445909	0.004913	3.7
61	-0.307561	13.380125	312.096149	0.001984	4.4
62	-0.341162	13.225574	313.505474	0.004280	4.4
63	-0.317750	13.905857	307.395538	0.002747	4.4
64	-0.318060	13.980267	306.741650	0.005122	4.3
65	-0.327743	13.212718	313.623277	0.002464	4.7
66	-0.309029	13.099822	314.661604	0.002319	4.4
67	-0.335801	12.919162	316.337556	0.008890	16.4
68	-0.351805	12.156805	323.610932	0.001925	4.4
69	-0.306590	11.910740	326.030493	0.008517	5.7
70	-0.327954	11.323680	331.951833	0.006864	6.0
71	-0.319641	12.323680	321.990393	0.008408	5.9
72	-0.307739	13.323680	312.609395	0.003225	5.8
73	-0.327214	14.323657	303.759732	0.003667	5.6
74	-0.299441	13.658340	309.590841	0.004850	4.4
75	-0.322949	12.939345	316.149431	0.004336	4.4
76	-0.329676	13.939293	307.101364	0.006994	4.5
77	-0.331939	13.170646	314.009414	0.005647	4.7
78	-0.300672	14.170646	305.081247	0.004585	5.8
79	-0.329379	15.006167	298.001857	0.005254	6.1
80	-0.334825	16.005606	289.953490	0.002978	5.9
81	-0.302145	17.005084	282.328142	0.004382	6.0
82	-0.307825	18.002722	275.106557	0.003492	5.8
83	-0.317117	17.239858	280.594783	0.005335	5.8
84	-0.313863	18.239799	273.444433	0.005404	4.2
85	-0.320901	17.471155	278.907784	0.005537	6.9
86	-0.309715	17.145636	281.287869	0.003692	6.0
87	-0.294359	18.145397	274.103866	0.006010	6.5
88	-0.308675	17.376750	279.593884	0.004698	5.8
89	-0.326076	18.376695	272.493785	0.003139	5.8
90	-0.327513	19.371581	265.778660	0.005467	11.2
91	-0.314099	20.370283	259.362613	0.004032	5.5
92	-0.298219	19.601637	264.272711	0.001883	5.7
93	-0.321689	19.888542	262.418374	0.005894	5.5
94	-0.321359	19.353261	265.899323	0.005820	4.4
95	-0.326923	20.352778	259.472404	0.004065	4.4
96	-0.349331	21.352775	253.345963	0.010502	4.4
97	-0.318366	22.352775	247.502140	0.008123	4.4
98	-0.329460	23.352775	241.921832	0.003042	4.8
99	-0.321596	24.298194	236.872681	0.005612	4.7
100	-0.330346	25.298170	231.756562	0.003690	8.5
101	-0.318017	26.297190	226.861359	0.003127	8.3
102	-0.302888	25.654569	229.986150	0.003044	7.8
103	-0.318694	26.637024	225.242968	0.002577	4.8
104	-0.306885	27.468746	221.377807	0.003087	5.1
105	-0.329091	28.109560	218.489123	0.010562	6.2
106	-0.311366	27.341206	221.961874	0.003695	6.3
107	-0.311045	28.341206	217.463365	0.005168	5.7
108	-0.331888	27.572559	220.904659	0.006533	6.4
109	-0.325797	27.740965	220.141406	0.004461	10.0
110	-0.305666	27.287591	222.208322	0.005641	5.4
111	-0.311423	28.287254	217.701410	0.003596	7.4
112	-0.331170	29.287237	213.372326	0.004868	5.8
113	-0.318073	30.287179	209.212221	0.002488	6.2
114	-0.311873	30.438958	208.594907	0.006848	6.6
115	-0.334554	29.671449	211.754449	0.004185	5.9
116	-0.314244	30.660843	207.698986	0.005816	14.0
117	-0.308309	29.901752	210.796373	0.007179	4.7
118	-0.299573	30.901752	206.734924	0.004009	6.0
119	-0.307453	31.894880	202.853371	0.003248	8.9
120	-0.329867	31.180953	205.628762	0.003467	5.8
121	-0.340274	32.126234	201.969985	0.002121	5.8
122	-0.343642	32.028310	202.342950	0.003299	8.4
123	-0.325851	32.307732	201.282334	0.007068	5.9
124	-0.328151	33.222939	197.884971	0.007557	6.0
125	-0.312699	34.222939	194.301587	0.005067	5.9
126	-0.309182	35.222238	190.848055	0.001659	6.1
127	-0.313868	36.022545	188.169515	0.006232	7.9
128	-0.325314	35.682798	189.297370	0.003823	5.8
129	-0.335542	34.914160	191.899594	0.002091	11.7
130	-0.332437	35.418228	190.185071	0.006972	7.5
131	-0.319774	36.406244	186.911805	0.002265	3.9
132	-0.316156	35.681634	189.301258	0.004940	5.8
133	-0.336241	35.590302	189.606775	0.005943	7.4
134	-0.305317	34.821655	192.217602	0.003490	7.1
135	-0.300943	34.551377	193.152810	0.006232	1.5
136	-0.316892	33.782939	195.862160	0.006857	10.9
137	-0.302740	34.782938	192.351014	0.004832	5.9
138	-0.314353	35.671728	189.334348	0.003801	6.4
139	-0.323262	34.903089	191.937600	0.001335	8.9
140	-0.325643	35.482252	189.969492	0.007588	11.1
141	-0.308482	35.772176	188.999355	0.003118	6.0
142	-0.335783	35.542298	189.767751	0.001782	10.9
143	-0.336064	35.065159	191.382756	0.003995	10.9
144	-0.333006	34.555192	193.139549	0.006200	5.4
145	-0.330779	33.792166	195.829177	0.004584	6.0
146	-0.345526	34.792166	192.319201	0.005568	5.8
147	-0.331693	35.792093	188.933072	0.004458	5.6
148	-0.335369	36.792093	185.663889	0.002208	4.5
149	-0.333709	36.031907	188.138626	0.005865	4.3
150	-0.314722	35.336768	190.460068	0.003172	4.4
151	-0.305819	35.934183	188.461555	0.004457	4.4
152	-0.315756	35.932993	188.465494	0.005858	4.4
153	-0.339539	35.164398	191.044594	0.001976	4.5
154	-0.307053	36.148525	187.754709	0.003801	4.5
155	-0.320424	35.452239	190.070490	0.003935	4.3
156	-0.320482	34.689314	192.674392	0.002695	4.3
157	-0.307070	34.817992	192.230215	0.002677	4.5
158	-0.315272	34.063134	194.865491	0.009430	4.4
159	-0.320598	33.357312	197.395794	0.005104	9.8
160	-0.318999	34.357312	193.829945	0.002784	7.1
161	-0.331864	34.021384	195.013356	0.006129	5.9
162	-0.324825	35.019311	191.539390	0.002580	10.0
163	-0.312931	34.256626	194.183131	0.002812	4.9
164	-0.320766	35.208188	190.895760	0.008160	5.6
165	-0.292314	36.208155	187.559006	0.003311	4.6
166	-0.307253	36.993727	185.018366	0.007826	6.3
167	-0.292683	36.248965	187.425305	0.005911	4.7
168	-0.312631	37.195858	184.375745	0.003123	5.5
169	-0.313895	36.427212	186.843560	0.003054	6.5
170	-0.317402	36.641390	186.149306	0.003023	5.7
171	-0.333030	37.569697	183.198909	0.003379	6.2
172	-0.337165	38.555943	180.165137	0.004975	5.7
173	-0.304456	37.787361	182.520605	0.001833	6.0
174	-0.315893	37.256677	184.183261	0.006837	5.7
175	-0.315546	37.683879	182.842458	0.003673	6.4
176	-0.324399	38.683855	179.779015	0.003644	8.8
177	-0.318261	39.675362	176.841213	0.003630	7.0
178	-0.346549	38.914752	179.086189	0.005882	5.8
179	-0.316733	38.440820	180.514076	0.003068	5.7
180	-0.332846	39.440685	177.527848	0.007840	6.6
181	-0.312167	40.275273	175.109863	0.006504	8.7
182	-0.325814	39.506626	177.334374	0.002801	5.9
183	-0.305347	38.900604	179.128490	0.005004	6.0
184	-0.310867	38.233303	181.146484	0.006138	6.1
185	-0.327331	37.467316	183.519707	0.004638	6.7
186	-0.315197	37.129268	184.586957	0.003209	7.6
187	-0.329068	36.367103	187.039334	0.002312	8.3
188	-0.325802	35.899092	188.577785	0.002141	5.8
189	-0.296776	36.522600	186.533723	0.003987	11.2
190	-0.316174	37.474058	183.498546	0.010256	10.5
191	-0.334932	38.474058	180.413192	0.002883	8.3
192	-0.330460	37.705828	182.774096	0.005826	5.7
193	-0.320828	36.937192	185.198909	0.009168	6.0
194	-0.323566	37.937192	182.056599	0.012033	5.7
195	-0.297619	37.168545	184.462320	0.004588	5.9
196	-0.302508	36.399898	186.932470	0.003825	5.8
197	-0.318354	35.631253	189.469669	0.002634	5.4
198	-0.309505	36.627744	186.193384	0.004366	7.4
199	-0.309541	35.878027	188.647626	0.005345	5.8
200	-0.320910	35.109383	191.231915	0.001622	5.7
201	-0.317273	36.082035	187.973409	0.002576	5.5
202	-0.308855	36.722782	185.886824	0.005295	8.0
203	-0.321849	36.151636	187.744490	0.004089	5.7
204	-0.326673	36.863304	185.435397	0.006916	5.9
205	-0.322133	37.863303	182.285127	0.004530	5.9
206	-0.326193	37.094656	184.696931	0.005152	12.1
207	-0.306420	36.326050	187.173279	0.002188	2.7
208	-0.313855	37.323472	183.972324	0.006087	6.0
209	-0.331315	38.292250	180.966394	0.004358	5.9
210	-0.323730	38.619740	179.972350	0.005419	5.8
211	-0.282958	39.520395	177.294030	0.003156	6.0
212	-0.304165	38.766815	179.529472	0.002935	5.8
213	-0.305711	38.066088	181.659309	0.005893	5.8
214	-0.337047	38.723065	179.660985	0.007876	8.5
215	-0.305755	37.954418	182.003403	0.003849	5.8
216	-0.301294	38.954409	178.967734	0.007353	5.8
217	-0.319342	39.809622	176.450770	0.003599	3.9
218	-0.305745	39.040976	178.709699	0.008892	3.6
219	-0.316956	38.272329	181.027216	0.005223	3.6
220	-0.335640	39.227517	178.156184	0.003882	3.7
221	-0.301142	40.226197	175.250222	0.003926	11.3
222	-0.323353	39.464924	177.456679	0.006423	8.6
223	-0.316609	38.942538	179.003176	0.005026	3.2
224	-0.327617	38.175378	181.323804	0.002625	5.9
225	-0.323021	37.417508	183.676180	0.002867	6.5
226	-0.323063	36.663532	186.077826	0.003087	4.3
227	-0.309623	36.494813	186.623874	0.002249	4.5
228	-0.313007	36.515322	186.557325	0.002682	4.5
229	-0.319330	35.831062	188.803523	0.005765	4.4
230	-0.310553	35.175530	191.006738	0.004307	4.3
231	-0.335084	36.175529	187.666032	0.002277	4.4
232	-0.325879	35.696019	189.253229	0.003663	5.3
233	-0.351974	35.957321	188.384995	0.004713	5.8
234	-0.316202	36.714266	185.914255	0.003285	5.7
235	-0.313561	37.709539	182.762544	0.012178	3.6
236	-0.308462	36.941365	185.185569	0.003022	3.6
237	-0.326159	36.172718	187.675258	0.002184	3.6
238	-0.311864	35.447008	190.088103	0.003005	3.8
239	-0.325601	34.914282	191.899177	0.007460	3.8
240	-0.323836	34.145643	194.573935	0.004645	3.6
241	-0.302757	33.385507	197.293458	0.002691	8.3
242	-0.332146	34.383110	193.739656	0.005020	6.2
243	-0.300213	33.623464	196.433985	0.002829	4.0
244	-0.319042	32.864718	199.200981	0.006969	3.9
245	-0.336572	33.864690	195.570316	0.003153	3.7
246	-0.318538	34.864689	192.069533	0.002999	3.7
247	-0.323675	35.271092	190.682361	0.007032	3.7
248	-0.314610	34.508233	193.302941	0.003657	3.7
249	-0.315360	35.508233	189.882150	0.011717	4.1
250	-0.333014	34.739586	192.500618	0.004166	3.8
251	-0.305591	33.970939	195.192313	0.004102	3.7
252	-0.299496	33.202292	197.960348	0.005352	3.7
253	-0.287268	34.202291	194.374264	0.003454	3.9
254	-0.324364	35.176918	191.002017	0.003331	4.0
255	-0.332280	35.278455	190.657412	0.003714	3.7
256	-0.320470	36.274433	187.341962	0.006579	3.8
257	-0.322718	35.505787	189.890369	0.002479	3.9
258	-0.305333	35.829558	188.808520	0.006518	3.8
259	-0.318090	36.784387	185.688647	0.002853	3.8
260	-0.330505	37.784044	182.530904	0.003195	3.7
261	-0.297197	37.159519	184.490946	0.003727	3.7
262	-0.311854	37.743149	182.657975	0.005925	3.8
263	-0.319472	38.743032	179.600938	0.004789	3.7
264	-0.331988	39.711449	176.736100	0.001784	11.4
265	-0.313848	39.947066	176.052849	0.005596	6.0
266	-0.309037	40.915220	173.299951	0.003160	6.5
267	-0.317319	41.912935	170.551647	0.006352	5.9
268	-0.334453	41.144289	172.661155	0.003449	5.7
269	-0.337071	42.144285	169.926774	0.003959	3.9
270	-0.330329	43.141615	167.284605	0.005038	3.6
271	-0.321774	44.141513	164.716849	0.005935	3.8
272	-0.316130	44.911936	162.791526	0.003264	3.7
273	-0.310508	45.377229	161.650385	0.003725	5.7
274	-0.338030	46.375728	159.254749	0.003719	3.0
275	-0.333487	47.285669	157.132599	0.003748	3.1
276	-0.319841	48.279470	154.878562	0.004233	2.9
277	-0.342146	47.510860	156.616115	0.004329	2.8
278	-0.327754	47.313006	157.069719	0.005965	2.8
279	-0.327473	48.313006	154.803626	0.005133	3.1
280	-0.309371	47.544359	156.539572	0.003456	6.1
281	-0.327723	48.544238	154.288909	0.004134	4.2
282	-0.292146	47.775762	156.012880	0.003561	5.0
283	-0.310855	48.775608	153.777302	0.002357	4.4
284	-0.322442	49.756874	151.644697	0.003528	4.5
285	-0.326868	49.021671	153.236912	0.002398	4.4
286	-0.320129	48.259553	154.923101	0.003049	7.9
287	-0.331118	48.033001	155.431527	0.003793	12.4
288	-0.309984	47.281183	157.142924	0.005197	6.2
289	-0.324800	48.281157	154.874791	0.002378	9.3
290	-0.300377	48.907799	153.486518	0.003299	5.8
291	-0.305296	49.886861	151.366621	0.007034	5.7
292	-0.326589	49.118214	153.025926	0.003431	5.9
293	-0.322404	48.350244	154.720504	0.004704	10.4
294	-0.325904	47.582196	156.453209	0.003920	5.4
295	-0.346228	48.576025	154.218421	0.002361	6.2
296	-0.326125	48.950445	153.392943	0.003161	5.7
297	-0.345160	48.190781	155.077086	0.003292	5.6
298	-0.320323	47.454816	156.744337	0.005548	4.7
299	-0.313055	46.734921	158.410234	0.004225	6.2
300	-0.323825	47.734920	156.105581	0.004786	11.5
301	-0.328187	46.966585	157.870293	0.004690	5.2
302	-0.313629	46.197939	159.676098	0.002956	6.1
303	-0.314416	47.197881	157.334870	0.004624	6.4
304	-0.301802	46.462908	159.048949	0.002233	10.7
305	-0.328577	46.856378	158.126693	0.003229	5.7
306	-0.315852	47.337653	157.013069	0.005617	5.8
307	-0.325115	46.569012	158.799194	0.002158	5.8
308	-0.322708	45.801276	160.624248	0.005786	10.1
309	-0.329378	45.562099	161.201418	0.003043	4.8
310	-0.325942	44.793462	163.084664	0.005894	6.2
311	-0.316732	45.793293	160.643446	0.003656	5.6
312	-0.336668	46.769409	158.329618	0.009845	6.2
313	-0.304380	47.768997	156.028227	0.003652	6.6
314	-0.331609	48.768997	153.791872	0.004805	11.1
315	-0.330209	48.046419	155.401321	0.003304	7.0
316	-0.306821	49.039844	153.197153	0.001502	11.0
317	-0.319893	48.339346	154.744820	0.006995	11.3
318	-0.332178	49.337827	152.548139	0.001504	8.5
319	-0.313787	48.665840	154.019598	0.003223	5.9
320	-0.320440	48.314246	154.800857	0.003352	6.0
321	-0.298725	47.547504	156.532391	0.002515	8.0
322	-0.303126	46.786304	158.290156	0.004994	6.0
323	-0.336340	46.756124	158.360663	0.003757	10.0
324	-0.314537	45.987531	160.177641	0.003934	6.1
325	-0.319934	45.219208	162.036138	0.002764	9.5
326	-0.337281	46.216726	159.631469	0.004609	11.4
327	-0.326715	45.450375	161.472447	0.007642	5.8
328	-0.324538	46.450375	159.078503	0.003449	5.8
329	-0.333626	47.450375	156.754505	0.003811	6.3
330	-0.292774	46.711955	158.463962	0.002680	6.4
331	-0.294598	46.007258	160.130485	0.004195	6.0
332	-0.311240	45.444423	161.486911	0.005955	9.9
333	-0.303980	44.677987	163.371401	0.006045	5.8
334	-0.340885	44.230474	164.492207	0.002758	6.2
335	-0.325511	43.462061	166.453020	0.005403	6.4
336	-0.317742	43.020337	167.601504	0.002792	11.0
337	-0.341830	42.344664	169.389244	0.003418	5.1
338	-0.323464	41.927382	170.512490	0.001471	5.5
339	-0.301072	42.689123	168.473111	0.005247	11.2
340	-0.319284	43.529032	166.280267	0.002634	6.4
341	-0.318318	43.276673	166.933106	0.003688	5.7
342	-0.313337	42.551087	168.839041	0.002244	5.7
343	-0.320350	43.221960	167.075322	0.003611	6.1
344	-0.332782	44.090586	164.845722	0.004492	6.1
345	-0.346339	44.467443	163.896804	0.002202	5.6
346	-0.342920	44.111306	164.793265	0.003269	5.9
347	-0.315723	43.851377	165.453768	0.003391	5.7
348	-0.301761	43.169076	167.213015	0.006523	9.6
349	-0.316136	44.169038	164.647277	0.004988	5.6
350	-0.323681	43.400391	166.612415	0.005453	5.8
351	-0.333837	44.395526	164.077045	0.006435	5.7
352	-0.327532	45.395488	161.605931	0.012387	5.7
353	-0.329930	46.395488	159.208056	0.002723	5.9
354	-0.291070	45.626841	161.044775	0.003354	10.6
355	-0.313789	44.869180	162.897195	0.004611	11.0
356	-0.338526	44.100540	164.820518	0.004590	5.2
357	-0.315958	45.100535	162.327047	0.003988	5.9
358	-0.304619	44.331941	164.236735	0.002929	5.8
359	-0.326024	45.327378	161.771880	0.002528	5.9
360	-0.335935	46.299733	159.434580	0.004270	11.0
361	-0.317773	47.194680	157.342254	0.004125	5.8
362	-0.314694	46.434557	159.115819	0.002921	6.2
363	-0.295954	45.704463	160.857374	0.004743	11.0
364	-0.326732	46.704323	158.481825	0.004987	7.8
365	-0.321556	47.702484	156.179282	0.002680	5.7
366	-0.313031	48.526753	154.327712	0.002624	5.8
367	-0.345181	48.562664	154.248041	0.002393	3.1
368	-0.306410	47.837278	155.873460	0.004145	7.2
369	-0.320031	48.826590	153.665025	0.003872	6.1
370	-0.316499	48.062652	155.364793	0.003508	6.3
371	-0.346467	49.043577	153.188989	0.013165	6.2
372	-0.306075	48.274930	154.888713	0.002709	5.9
373	-0.319378	49.274930	152.684673	0.003430	3.9
374	-0.319645	48.507579	154.370284	0.003035	6.1
375	-0.330324	47.740942	156.091905	0.002750	4.5
376	-0.305443	47.394457	156.882666	0.005348	4.4
377	-0.314801	46.625843	158.665743	0.002387	4.4
378	-0.321029	46.852870	158.134868	0.005429	4.3
379	-0.330069	47.606703	156.397322	0.003282	4.4
380	-0.303809	46.838059	158.169393	0.003369	4.3
381	-0.319225	47.834730	155.879230	0.002147	4.4
382	-0.330279	47.534834	156.561328	0.005286	4.5
383	-0.298069	46.774465	158.317808	0.002332	4.5
384	-0.339729	47.719004	156.141737	0.011134	4.3
385	-0.337529	46.950359	157.907991	0.005756	4.5
386	-0.307503	47.949966	155.618708	0.001917	4.4
387	-0.319352	48.933646	153.429790	0.003531	4.5
388	-0.327869	49.760217	151.637533	0.004540	7.7
389	-0.348565	50.760098	149.524665	0.003518	9.6
390	-0.328971	51.760030	147.469767	0.005409	4.6
391	-0.327640	52.759503	145.471487	0.002645	5.9
392	-0.321680	53.758909	143.526770	0.004665	5.8
393	-0.323253	54.758577	141.632870	0.002649	5.8
394	-0.319207	55.757012	139.790546	0.003178	6.0
395	-0.341681	55.126310	140.948702	0.001905	6.5
396	-0.334056	56.099197	139.170123	0.001857	6.1
397	-0.326383	55.482463	140.292352	0.002223	5.9
398	-0.319316	55.184799	140.840494	0.004871	5.7
399	-0.319766	56.182119	139.020603	0.004881	5.7
400	-0.317482	55.413714	140.418572	0.006175	4.4
401	-0.296248	56.413713	138.604703	0.003972	4.6
402	-0.315049	55.645943	139.993119	0.005464	4.3
403	-0.333661	55.902581	139.525938	0.003128	4.4
404	-0.293954	55.133936	140.934585	0.005483	4.4
405	-0.298304	54.374827	142.353954	0.004396	8.5
406	-0.306458	55.374827	140.490069	0.002199	6.2
407	-0.307592	55.404790	140.434973	0.004604	5.8
408	-0.304569	56.397991	138.632857	0.003458	11.1
409	-0.296461	57.373573	136.907178	0.002855	3.6
410	-0.308350	56.660746	138.163812	0.004637	4.3
411	-0.282609	57.658662	136.410974	0.006391	4.3
412	-0.320606	58.658661	134.698531	0.002921	4.2
413	-0.333356	59.633734	133.069674	0.002506	4.3
414	-0.311791	60.376104	131.855718	0.004625	4.2
415	-0.327128	59.858453	132.699852	0.003293	4.4
416	-0.327508	59.238866	133.724531	0.002646	4.4
417	-0.315629	60.209850	132.125655	0.005802	4.3
418	-0.304102	59.448497	133.376074	0.002731	4.3
419	-0.326017	58.680698	134.661279	0.004376	4.4
420	-0.313643	58.237886	135.413819	0.003390	4.4
421	-0.335836	58.899043	134.293281	0.003157	4.6
422	-0.333164	58.471584	135.015613	0.004660	4.5
423	-0.311210	57.723686	136.298301	0.009477	4.6
424	-0.298948	56.955092	137.642127	0.003931	13.2
425	-0.329665	57.955092	135.898831	0.004178	10.3
426	-0.314421	57.186473	137.234796	0.005173	11.0
427	-0.328742	56.417828	138.597336	0.002506	5.1
428	-0.339877	55.682900	139.925651	0.005291	5.8
429	-0.318841	56.667510	138.151779	0.002407	5.7
430	-0.324251	57.664163	136.401435	0.004155	7.3
431	-0.319130	58.461508	135.032734	0.004684	7.9
432	-0.308526	59.460404	133.356336	0.002309	7.6
433	-0.324713	60.377298	131.853785	0.009232	6.3
434	-0.344187	59.746866	132.883233	0.002349	6.6
435	-0.322713	59.050501	134.039194	0.006290	11.1
436	-0.315123	60.043957	132.396111	0.005766	8.0
437	-0.341410	59.275422	133.663635	0.005089	7.1
438	-0.336845	60.275373	132.019138	0.004066	6.2
439	-0.317513	61.275350	130.414574	0.004392	5.8
440	-0.327418	61.816880	129.561807	0.004661	8.7
441	-0.325206	62.816854	128.016075	0.003867	5.9
442	-0.310649	62.656383	128.261637	0.003386	5.8
443	-0.310014	62.186256	128.986509	0.004308	6.0
444	-0.322209	63.181213	127.461987	0.001885	11.4
445	-0.333203	63.186868	127.453424	0.003248	5.9
446	-0.328654	62.463038	128.558760	0.003571	6.0
447	-0.313248	63.462606	127.037339	0.004278	6.0
448	-0.299148	64.138347	126.029046	0.002829	5.8
449	-0.313251	63.370739	127.175664	0.004096	5.8
450	-0.327357	64.369288	125.688112	0.006406	6.0
451	-0.313700	65.369288	124.232872	0.002439	10.9
452	-0.347411	66.366488	122.814879	0.002547	7.6
453	-0.320288	65.663263	123.811455	0.002071	8.0
454	-0.323248	65.231652	124.431162	0.003502	7.7
455	-0.331835	66.193796	123.058121	0.004596	6.0
456	-0.313474	65.425198	124.152503	0.002617	6.3
457	-0.315348	66.420472	122.739039	0.001757	7.8
458	-0.317345	66.930270	122.027428	0.002026	7.9
459	-0.330273	66.503692	122.622309	0.001419	5.8
460	-0.310867	66.622527	122.456006	0.004822	6.8
461	-0.296627	65.925364	123.438134	0.003875	11.4
462	-0.316951	65.157385	124.538421	0.003600	5.8
463	-0.313102	66.155121	123.112727	0.003848	6.6
464	-0.324799	66.677720	122.378919	0.004654	11.1
465	-0.306527	66.448834	122.699231	0.003831	11.3
466	-0.312848	65.686163	123.778747	0.004094	5.6
467	-0.325476	66.683430	122.370950	0.003644	6.9
468	-0.308361	67.683372	120.991167	0.005220	5.8
469	-0.339903	68.672516	119.656559	0.004857	6.1
470	-0.312968	67.922101	120.666342	0.003546	10.8
471	-0.325307	68.747547	119.556524	0.004140	4.9
472	-0.349454	69.732953	118.258078	0.005133	4.2
473	-0.315736	68.966072	119.266124	0.002795	4.2
474	-0.299728	68.197860	120.293297	0.003776	4.3
475	-0.326008	68.884936	119.373781	0.004939	4.5
476	-0.319966	68.179861	120.317576	0.005669	4.4
477	-0.336357	68.786150	119.505120	0.004282	4.3
478	-0.312585	68.020062	120.533557	0.005265	4.3
479	-0.308302	69.015260	119.200952	0.002526	4.4
480	-0.308672	68.731170	119.578344	0.004909	4.3
481	-0.315245	68.340651	120.101036	0.002180	12.7
482	-0.337021	69.339440	118.773203	0.004697	7.8
483	-0.317539	70.005233	117.904260	0.006123	7.7
484	-0.333066	71.005233	116.622765	0.006187	5.8
485	-0.327484	70.236723	117.605109	0.003257	5.8
486	-0.312825	71.100229	116.502476	0.005047	6.9
487	-0.307958	71.911608	115.485082	0.007654	6.0
488	-0.312853	72.911608	114.255361	0.008478	10.8
489	-0.289463	72.142961	115.198235	0.003001	5.7
490	-0.307693	73.142958	113.974586	0.003686	5.8
491	-0.323191	72.382766	114.902409	0.004302	8.7
492	-0.323559	71.670630	115.785386	0.006777	7.9
493	-0.328870	70.902038	116.753718	0.004257	5.7
494	-0.331449	70.133391	117.738455	0.007911	11.9
495	-0.321034	69.364745	118.739944	0.003683	6.2
496	-0.311114	70.364745	117.440318	0.006621	5.8
497	-0.332913	69.783568	118.192145	0.003401	5.8
498	-0.310765	69.014954	119.201358	0.007253	5.6
499	-0.329926	70.014953	117.891668	0.003296	4.4
500	-0.295091	69.246306	118.895777	0.003696	4.4
501	-0.326217	68.736627	119.571072	0.003575	4.4
502	-0.306690	69.672440	118.337002	0.006844	4.4
503	-0.323420	70.672421	117.046159	0.008843	4.4
504	-0.368533	71.672421	115.783149	0.010485	4.4
505	-0.301889	72.672421	114.547106	0.004418	4.4
506	-0.327377	73.672421	113.337175	0.008317	4.4
507	-0.342715	72.903774	114.264893	0.001406	4.4
508	-0.328807	72.185158	115.146070	0.003811	4.5
509	-0.322777	72.225928	115.095713	0.000731	4.3
510	-0.307925	71.867938	115.539388	0.003033	4.4
511	-0.319866	71.894538	115.506303	0.003812	4.4
512	-0.312043	71.129276	116.465744	0.002156	4.6
513	-0.316933	71.908308	115.489184	0.003942	4.5
514	-0.311217	72.650305	114.574156	0.005082	13.7
515	-0.325199	73.476058	113.572739	0.006532	11.0
516	-0.319091	74.476058	112.383197	0.002008	3.9
517	-0.320298	73.709501	113.292801	0.005091	4.2
518	-0.309771	72.943696	114.216336	0.005437	5.3
519	-0.320058	73.922304	113.038814	0.003247	6.1
520	-0.354291	74.919965	111.863100	0.006852	6.2
521	-0.327829	75.884603	110.749328	0.002662	8.6
522	-0.315453	75.961764	110.661195	0.001687	6.5
523	-0.310022	76.318320	110.255754	0.002302	9.4
524	-0.326531	76.199903	110.390077	0.002326	7.8
525	-0.329545	75.738239	110.916890	0.003660	5.6
526	-0.338326	76.717210	109.805680	0.002304	6.4
527	-0.320325	77.710262	108.701005	0.001527	12.8
528	-0.325191	78.264045	108.094574	0.003345	4.6
529	-0.315296	77.657267	108.759395	0.004093	8.0
530	-0.326537	76.888636	109.613384	0.003471	10.9
531	-0.325712	76.120010	110.480886	0.006413	5.6
532	-0.336319	77.008161	109.479706	0.004672	6.0
533	-0.301122	77.987381	108.396692	0.004104	5.7
534	-0.329654	78.987206	107.312776	0.008716	8.2
535	-0.313757	79.987194	106.250151	0.005328	6.1
536	-0.299587	79.234033	107.048518	0.004769	5.8
537	-0.307799	78.480318	107.859573	0.004903	5.4
538	-0.317908	78.261625	108.097209	0.003026	6.0
539	-0.312926	79.261480	107.019213	0.003981	5.8
540	-0.308690	78.497285	107.841181	0.002710	5.8
541	-0.307465	78.216484	108.146392	0.008048	12.9
542	-0.329807	78.249254	108.110683	0.003766	11.4
543	-0.323532	79.206973	107.077425	0.005091	4.9
544	-0.330314	80.115526	106.115303	0.004122	5.8
545	-0.324016	79.346899	106.928114	0.003562	5.7
546	-0.315096	80.104790	106.126571	0.006783	5.8
547	-0.303173	80.474010	105.740422	0.002567	6.0
548	-0.306863	81.435034	104.748388	0.002830	4.1
549	-0.304065	80.931361	105.265980	0.002534	5.8
550	-0.322796	81.044366	105.149409	0.004121	6.5
551	-0.339155	80.407409	105.809869	0.012522	5.7
552	-0.331331	79.638770	106.618003	0.004368	3.7
553	-0.305218	80.638770	105.569014	0.003222	3.7
554	-0.326870	81.569460	104.611107	0.002266	3.8
555	-0.310356	82.561324	103.609188	0.002545	3.6
556	-0.320382	83.479249	102.698907	0.006389	3.9
557	-0.311241	84.478739	101.725758	0.004632	3.6
558	-0.346807	85.478739	100.770396	0.006088	3.7
559	-0.315141	84.710130	101.503089	0.002123	11.0
560	-0.330130	83.942551	102.245510	0.003359	2.4
561	-0.321102	84.180366	102.014331	0.002203	7.9
562	-0.327244	83.458236	102.719566	0.003076	6.3
563	-0.311076	83.888468	102.298230	0.002230	6.5
564	-0.300798	84.842851	101.375809	0.003169	10.9
565	-0.313972	84.865168	101.354439	0.002479	5.4
566	-0.307296	85.831083	100.438040	0.003506	4.4
567	-0.325525	85.069180	101.159495	0.009431	4.3
568	-0.328671	86.069180	100.214690	0.003747	4.3
569	-0.315322	87.069180	99.287370	0.005725	4.3
570	-0.319506	86.300777	99.998387	0.004692	4.4
571	-0.324161	86.333360	99.968031	0.005396	4.4
572	-0.329433	87.270402	99.102843	0.004234	4.3
573	-0.321523	86.502049	99.811164	0.003353	4.3
574	-0.325073	87.070172	99.286459	0.005170	4.5
575	-0.327753	86.348372	99.954051	0.006315	4.4
576	-0.310458	87.273681	99.099842	0.002528	10.7
577	-0.337600	88.273650	98.192974	0.001446	9.2
578	-0.319470	87.694013	98.716612	0.002826	8.8
579	-0.332563	87.156752	99.206979	0.003625	5.8
580	-0.318436	86.659740	99.664969	0.007484	6.2
581	-0.317032	87.595664	98.806014	0.003100	6.1
582	-0.336218	88.595643	97.904482	0.003882	11.6
583	-0.350021	88.575053	97.922879	0.005151	6.1
584	-0.325542	89.547899	97.061136	0.003742	5.9
585	-0.328797	88.971391	97.569964	0.003290	5.8
586	-0.325122	88.202834	98.256650	0.007060	5.8
587	-0.292725	89.196558	97.370597	0.002158	6.3
588	-0.301260	90.160999	96.525803	0.003129	5.9
589	-0.301926	90.387698	96.329352	0.006078	6.2
590	-0.312538	91.377262	95.481101	0.004177	8.0
591	-0.330950	92.341011	94.669216	0.002981	7.7
592	-0.308527	91.655205	95.245529	0.007230	5.9
593	-0.334378	91.633248	95.264097	0.002494	5.8
594	-0.294124	90.865796	95.917654	0.002375	5.9
595	-0.316481	90.148232	96.536890	0.002951	5.7
596	-0.313186	89.754083	96.880443	0.002930	3.7
597	-0.338902	90.687429	96.070836	0.004220	6.0
598	-0.320234	90.179847	96.509439	0.001719	6.0
599	-0.300496	91.111365	95.707555	0.002332	5.2
600	-0.303564	91.929002	95.014607	0.008856	6.2
601	-0.344934	92.928987	94.180638	0.003101	9.1
602	-0.309077	93.928617	93.361470	0.003748	5.8
603	-0.333940	93.914205	93.373180	0.005410	5.7
604	-0.318039	93.146513	94.001160	0.003822	6.7
605	-0.310556	94.146498	93.184811	0.002953	9.4
606	-0.305177	95.120931	92.402847	0.004998	11.1
607	-0.306166	96.117610	91.616493	0.005050	8.8
608	-0.314544	95.348963	92.221747	0.002320	7.7
609	-0.307099	94.581701	92.833940	0.002725	6.6
610	-0.325031	95.286876	92.270986	0.002310	11.0
611	-0.336530	95.401221	92.180345	0.005433	5.8
612	-0.315696	94.637305	92.789301	0.005632	5.7
613	-0.322848	93.869974	93.409133	0.004694	5.7
614	-0.307424	94.869974	92.602978	0.002445	6.0
615	-0.333146	94.111707	93.212975	0.004477	6.1
616	-0.314574	93.375149	93.813252	0.003876	6.3
617	-0.329649	92.607478	94.447169	0.005132	10.4
618	-0.318449	93.015286	94.109352	0.003960	7.3
619	-0.335224	92.253808	94.742110	0.003059	10.9
620	-0.316296	91.568458	95.318927	0.005385	7.3
621	-0.325226	90.800095	95.974021	0.006385	5.9
622	-0.305192	91.800095	95.123188	0.005451	5.8
623	-0.323330	92.794229	94.292169	0.004650	5.9
624	-0.324101	92.025582	94.933417	0.005586	7.0
625	-0.311383	93.025582	94.100854	0.004203	10.5
626	-0.347031	92.258759	94.737968	0.002959	6.1
627	-0.323754	91.522205	95.358109	0.003144	5.8
628	-0.314703	92.424340	94.599666	0.005282	6.2
629	-0.329358	92.785818	94.299139	0.006952	5.9
630	-0.327965	93.785074	93.478222	0.002343	9.0
631	-0.326923	93.061264	94.071417	0.002805	6.1
632	-0.325442	92.331935	94.676797	0.004327	11.0
633	-0.326049	91.569086	95.318396	0.010409	10.4
634	-0.329066	92.569086	94.479097	0.003696	5.7
635	-0.321693	93.569086	93.654450	0.002584	6.0
636	-0.337886	92.810042	94.279068	0.008657	5.3
637	-0.317218	93.749760	93.506990	0.001951	4.3
638	-0.304827	93.121639	94.021649	0.003094	6.6
639	-0.315983	94.063376	93.252128	0.003101	4.4
640	-0.330333	93.301132	93.874002	0.008946	4.4
641	-0.329563	94.301018	93.059930	0.004522	4.5
642	-0.321794	93.532375	93.684468	0.005733	4.3
643	-0.350615	94.532297	92.873637	0.003655	4.3
644	-0.319390	93.763900	93.495469	0.006661	4.3
645	-0.326112	94.755773	92.694338	0.002325	4.5
646	-0.319884	95.753932	91.901870	0.002254	4.5
647	-0.335819	96.710180	91.155282	0.001993	4.4
648	-0.292339	96.441891	91.363521	0.003579	4.6
649	-0.318676	97.363067	90.652472	0.001846	4.5
650	-0.334362	98.260962	89.969966	0.004962	7.3
651	-0.327156	97.497596	90.549556	0.002706	8.9
652	-0.319484	98.229347	89.993822	0.003615	13.9
653	-0.305206	99.050091	89.378563	0.004682	1.5
654	-0.328513	98.283393	89.953047	0.003853	3.2
655	-0.338146	97.638862	90.441736	0.002587	6.0
656	-0.326553	98.175808	90.034251	0.004145	6.2
657	-0.306110	98.981662	89.429539	0.004345	5.7
658	-0.318415	98.213017	90.006150	0.002249	5.7
659	-0.303400	99.111178	89.333106	0.002687	4.4
660	-0.300165	98.474825	89.808917	0.003429	8.6
661	-0.330080	97.889595	90.250999	0.002845	5.7
662	-0.339988	97.824904	90.300133	0.005179	5.8
663	-0.293483	98.822968	89.547980	0.003694	6.0
664	-0.317362	98.977318	89.432776	0.003611	5.9
665	-0.335946	98.673357	89.659929	0.003088	8.2
666	-0.314030	99.132243	89.317442	0.004469	11.6
667	-0.331387	98.720733	89.624449	0.007461	5.9
668	-0.306634	97.952181	90.203513	0.002011	8.2
669	-0.335830	98.951759	89.451833	0.005649	9.2
670	-0.328414	98.293166	89.945678	0.003078	5.3
671	-0.305395	97.526507	90.527469	0.002290	5.9
672	-0.310268	96.894458	91.012800	0.002230	5.8
673	-0.344684	96.200428	91.551754	0.002807	10.4
674	-0.307504	96.058009	91.663140	0.002109	6.0
675	-0.311438	95.380595	92.196682	0.003177	6.2
676	-0.330561	94.675511	92.758654	0.004293	5.8
677	-0.307645	95.675267	91.963832	0.003499	10.8
678	-0.329179	94.942892	92.544739	0.005534	12.6
679	-0.318364	94.182044	93.156054	0.005507	4.1
680	-0.320653	93.413397	93.781890	0.003136	6.2
681	-0.340307	93.569296	93.654278	0.005807	10.0
682	-0.322091	94.249017	93.101919	0.003588	9.1
683	-0.326810	93.803919	93.462878	0.002824	10.8
684	-0.316448	93.151197	93.997304	0.003112	5.7
685	-0.322611	92.400408	94.619630	0.003393	6.2
686	-0.329680	91.668506	95.234285	0.004009	8.9
687	-0.330741	92.310879	94.694391	0.002644	5.7
688	-0.317534	91.545782	95.338132	0.002809	6.0
689	-0.309692	90.822082	95.955150	0.004295	5.8
690	-0.327967	91.407805	95.455157	0.002862	6.1
691	-0.325956	92.309708	94.695369	0.004539	10.2
692	-0.338314	93.304894	93.870912	0.004275	10.3
693	-0.311773	94.303899	93.057605	0.003185	6.0
694	-0.328474	95.303762	92.257589	0.002786	6.6
695	-0.339284	95.740800	91.912208	0.004095	5.9
696	-0.345391	94.997696	92.501016	0.005514	6.0
697	-0.329248	95.997678	91.710407	0.004814	6.0
698	-0.348104	96.944540	90.974154	0.005709	5.7
699	-0.320809	97.943862	90.209823	0.006491	5.9
700	-0.312755	98.209460	90.008835	0.004518	7.5
701	-0.318655	97.441406	90.592513	0.002116	5.7
702	-0.314813	98.419616	89.850437	0.003441	5.8
703	-0.331373	98.023977	90.149102	0.003663	5.5
704	-0.317299	98.889105	89.498580	0.005074	10.3
705	-0.324060	99.889101	88.758247	0.002117	11.0
706	-0.310918	99.122204	89.324907	0.005436	12.7
707	-0.334315	99.633129	88.946583	0.004673	7.0
708	-0.334376	98.864482	89.516965	0.004124	8.4
709	-0.335737	98.162189	90.044541	0.011482	5.5
710	-0.332914	99.046973	89.380885	0.007199	6.1
711	-0.310597	100.046973	88.642486	0.006423	5.7
712	-0.300102	99.491627	89.051040	0.004679	4.0
713	-0.318111	100.491627	88.318059	0.002820	3.7
714	-0.301969	99.884740	88.761449	0.007762	3.7
715	-0.316038	100.141371	88.573413	0.004378	4.3
716	-0.317019	99.372724	89.139004	0.003183	4.5
717	-0.289189	98.665321	89.665950	0.003993	4.2
718	-0.324496	99.662935	88.924612	0.003713	4.4
719	-0.304152	98.894319	89.494688	0.003202	4.4
720	-0.322792	98.125885	90.071983	0.003037	4.4
721	-0.330698	98.556566	89.747515	0.004473	4.7
722	-0.330824	97.831958	90.294773	0.006351	12.4
723	-0.329238	97.063506	90.882484	0.005893	11.2
724	-0.311147	96.319140	91.459114	0.007753	5.2
725	-0.316418	97.319140	90.686128	0.004077	5.8
726	-0.348828	96.556019	91.274822	0.003572	5.8
727	-0.320421	95.791677	91.872169	0.005955	5.9
728	-0.323650	96.791622	91.092257	0.004325	10.3
729	-0.332087	96.023254	91.690363	0.004646	3.0
730	-0.325538	96.717015	91.149990	0.002324	5.8
731	-0.327292	96.294627	91.478228	0.002294	10.8
732	-0.308243	95.766301	91.892135	0.004435	5.2
733	-0.326283	96.727334	91.142000	0.006650	5.8
734	-0.324469	97.727331	90.374344	0.002317	6.0
735	-0.324445	96.958722	90.963215	0.002189	10.3
736	-0.327606	97.137293	90.825720	0.005101	10.4
737	-0.303713	97.667132	90.420191	0.009122	1.5
738	-0.338641	98.667132	89.664593	0.005740	6.3
739	-0.322654	97.898485	90.244251	0.002963	5.8
740	-0.314747	98.898477	89.491585	0.002980	6.3
741	-0.328461	98.974838	89.434626	0.004404	5.8
742	-0.326468	98.206323	90.011205	0.007632	6.3
743	-0.333431	99.206323	89.262399	0.008728	5.9
744	-0.318230	98.437676	89.836851	0.008204	5.6
745	-0.314731	99.437676	89.090931	0.001399	5.8
746	-0.337289	98.673020	89.660181	0.003536	4.3
747	-0.308095	97.943424	90.210155	0.001729	3.7
748	-0.308230	97.199124	90.778208	0.005234	3.7
749	-0.330549	97.682215	90.408699	0.003983	6.0
750	-0.322335	98.682209	89.653298	0.002887	5.8
751	-0.320883	97.923431	90.225320	0.004243	7.6
752	-0.330931	97.324882	90.681727	0.001482	11.8
753	-0.314711	96.990215	90.938937	0.001703	5.1
754	-0.315151	96.586213	91.251384	0.003067	5.9
755	-0.347258	96.042488	91.675296	0.002641	10.9
756	-0.322202	95.825666	91.845440	0.006151	5.5
757	-0.321709	95.167704	92.365643	0.004781	9.1
758	-0.317342	96.167664	91.577354	0.002052	7.9
759	-0.322935	95.470335	92.125645	0.002861	7.9
760	-0.332444	96.266476	91.500188	0.005645	6.0
761	-0.320672	95.498190	92.103617	0.006200	9.9
762	-0.319853	96.498190	91.319744	0.005609	7.1
763	-0.311085	97.496756	90.550198	0.004174	10.1
764	-0.328326	98.493338	89.795003	0.005362	6.6
765	-0.327264	99.246225	89.232778	0.005339	8.0
766	-0.331965	98.477749	89.806719	0.002633	5.8
767	-0.336079	97.713413	90.384940	0.009527	5.9
768	-0.305715	97.832341	90.294482	0.002512	6.5
769	-0.307441	98.758568	89.596134	0.003361	6.1
770	-0.330175	99.249919	89.230036	0.005225	7.5
771	-0.320064	98.527627	89.769244	0.005621	5.8
772	-0.313668	97.758980	90.350260	0.002676	5.7
773	-0.312563	97.362898	90.652602	0.003089	5.8
774	-0.314338	97.058712	90.886175	0.003079	6.4
775	-0.317701	97.739167	90.365336	0.002949	7.9
776	-0.335640	98.720867	89.624349	0.005481	6.0
777	-0.320964	97.966393	90.192738	0.012563	5.9
778	-0.339095	98.966393	89.440921	0.002771	10.9
779	-0.327988	99.435567	89.092491	0.003920	10.7
780	-0.336976	100.432723	88.360900	0.003492	6.0
781	-0.329485	99.676737	88.914442	0.004739	5.5
782	-0.329329	98.932151	89.466457	0.002349	3.7
783	-0.328901	99.906743	88.745296	0.003588	3.7
784	-0.341331	99.958975	88.706974	0.003604	5.8
785	-0.331764	99.792196	88.829453	0.001634	9.2
786	-0.313579	99.790000	88.831068	0.002820	7.1
787	-0.314975	99.285076	89.203957	0.004043	6.3
788	-0.316041	98.516578	89.777543	0.005312	5.9
789	-0.312949	99.227774	89.246472	0.005051	10.5
790	-0.324293	98.602561	89.713001	0.005098	5.5
791	-0.320658	97.835896	90.291781	0.003615	5.8
792	-0.301374	98.834126	89.539642	0.004821	12.2
793	-0.328807	99.832422	88.799881	0.008831	8.0
794	-0.306645	100.718794	88.153229	0.004721	6.0
795	-0.318338	99.950561	88.713145	0.005742	6.5
796	-0.315136	100.950561	87.985693	0.002477	8.0
797	-0.321317	101.049696	87.914227	0.002824	8.0
798	-0.328773	101.766383	87.401000	0.006145	5.8
799	-0.318652	101.418270	87.649537	0.004848	5.8
800	-0.321084	100.649623	88.203354	0.003586	5.8
801	-0.348629	101.408061	87.656847	0.004949	3.7
802	-0.336999	102.408047	86.946556	0.006131	4.6
803	-0.338111	101.639408	87.491491	0.002843	6.1
804	-0.321318	100.870787	88.043287	0.003926	5.2
805	-0.300937	101.597913	87.521104	0.003425	6.3
806	-0.318150	100.909421	88.015385	0.002683	5.8
807	-0.322744	100.997993	87.951485	0.002279	10.4
808	-0.304455	101.284755	87.745236	0.005257	5.7
809	-0.324720	102.278193	87.038140	0.007314	10.9
810	-0.316411	103.276576	86.338915	0.004587	10.2
811	-0.304894	102.507941	86.876233	0.003556	3.7
812	-0.321468	103.478134	86.199112	0.005470	6.2
813	-0.316354	104.478130	85.512150	0.005343	5.8
814	-0.333936	103.709484	86.039204	0.004642	6.2
815	-0.293730	104.709469	85.354785	0.002414	7.8
816	-0.307281	105.554467	84.784875	0.002531	5.8
817	-0.350183	104.991690	85.163590	0.004192	10.2
818	-0.334466	104.424384	85.548793	0.004693	6.0
819	-0.331235	105.335147	84.932063	0.003847	6.0
820	-0.320646	106.240168	84.327967	0.006345	11.2
821	-0.309002	107.176535	83.711926	0.005360	5.6
822	-0.336608	108.176535	83.063884	0.001485	5.7
823	-0.313447	109.006777	82.533426	0.004014	10.8
824	-0.358214	109.897761	81.971644	0.003136	9.2
825	-0.326925	110.896225	81.351113	0.006522	5.7
826	-0.313196	110.133709	81.824153	0.003690	11.1
827	-0.345903	109.365062	82.306597	0.007505	5.8
828	-0.314659	108.596415	82.794764	0.003099	6.0
829	-0.319048	109.595969	82.161071	0.003726	5.8
830	-0.302922	110.588286	81.541488	0.004668	4.5
831	-0.338694	111.588114	80.926596	0.008340	4.3
832	-0.341113	110.819483	81.398473	0.006177	4.5
833	-0.313760	110.774237	81.426423	0.007931	4.4
834	-0.320750	110.005590	81.904174	0.003833	4.4
835	-0.341591	109.236943	82.387566	0.003292	6.2
836	-0.321047	110.236813	81.759869	0.003955	6.5
837	-0.307851	110.438548	81.634382	0.005573	14.0
838	-0.319240	109.669914	82.114577	0.004731	8.0
839	-0.328641	110.669914	81.490937	0.002800	3.1
840	-0.326048	111.572159	80.936335	0.002276	5.5
841	-0.299901	112.544426	80.347080	0.007127	5.3
842	-0.334758	111.775960	80.812104	0.001816	11.1
843	-0.308755	112.571078	80.331048	0.004987	5.3
844	-0.313804	111.868242	80.755977	0.006660	6.1
845	-0.317933	111.497360	80.982026	0.007172	6.0
846	-0.311501	112.497360	80.375407	0.005084	9.1
847	-0.346257	113.497359	79.777809	0.004583	4.5
848	-0.311094	112.745148	80.226497	0.003270	4.6
849	-0.324636	113.314310	79.886534	0.003047	4.4
850	-0.319931	112.552815	80.342033	0.005054	10.8
851	-0.324936	113.552765	79.744959	0.003840	7.4
852	-0.328328	112.784139	80.203115	0.004384	8.1
853	-0.323138	113.779827	79.610613	0.005108	10.6
854	-0.310331	114.760399	79.035601	0.006162	5.4
855	-0.306257	114.016329	79.471163	0.006227	5.8
856	-0.297761	115.007940	78.891752	0.005557	4.6
857	-0.309998	115.861682	78.399626	0.008390	4.4
858	-0.324806	115.093035	78.842424	0.006312	4.4
859	-0.332904	114.324552	79.290155	0.009809	4.5
860	-0.322111	113.555905	79.743098	0.002229	4.5
861	-0.332467	114.554853	79.155445	0.005758	4.5
862	-0.319014	115.551756	78.577566	0.008689	5.4
863	-0.343870	114.783109	79.022382	0.002018	5.0
864	-0.309635	115.783092	78.444671	0.003317	4.5
865	-0.308265	115.061765	78.860543	0.002711	4.3
866	-0.323110	114.736520	79.049505	0.005706	4.3
867	-0.323385	115.734385	78.472614	0.002211	10.9
868	-0.333546	115.009531	78.890829	0.003916	6.1
869	-0.311314	115.878257	78.390133	0.005517	11.2
870	-0.323593	115.118847	78.827472	0.002811	8.3
871	-0.331161	114.379706	79.257852	0.006705	5.8
872	-0.305358	115.203221	78.778641	0.002563	5.9
873	-0.313798	114.837842	78.990541	0.003238	10.8
874	-0.323815	114.085481	79.430480	0.003301	8.8
875	-0.300907	113.330734	79.876767	0.005503	11.0
876	-0.329847	112.628639	80.296445	0.005167	5.9
877	-0.317607	111.859992	80.760991	0.005259	4.4
878	-0.323521	112.859992	80.157667	0.003686	6.0
879	-0.317751	113.859982	79.563296	0.004177	3.2
880	-0.298353	114.846089	78.985746	0.003119	3.5
881	-0.298944	115.839998	78.412049	0.003065	10.9
882	-0.334441	115.073231	78.853898	0.005226	6.0
883	-0.319628	114.318367	79.293779	0.005875	9.8
884	-0.305218	115.318366	78.712098	0.006037	3.0
885	-0.305289	116.144610	78.237888	0.001700	5.8
886	-0.330969	116.073193	78.278651	0.003253	5.8
887	-0.329961	115.688270	78.499089	0.002826	6.0
888	-0.335985	114.976489	78.909999	0.004342	11.0
889	-0.321953	114.210216	79.357204	0.004481	5.2
890	-0.314649	113.622815	79.703464	0.002417	10.6
891	-0.299984	114.584444	79.138169	0.002484	2.2
892	-0.304660	114.838168	78.990352	0.003030	4.0
893	-0.330349	114.866462	78.973902	0.005052	4.4
894	-0.326310	114.230552	79.345270	0.005482	4.4
895	-0.351036	113.461906	79.798844	0.007096	8.3
896	-0.320073	114.461906	79.209757	0.005297	9.3
897	-0.345935	115.461906	78.629304	0.003424	7.8
898	-0.318699	116.346166	78.123074	0.003648	10.8
899	-0.321810	115.698809	78.493037	0.006580	5.6
900	-0.321836	114.954751	78.922617	0.002438	5.9
901	-0.313342	114.187073	79.370789	0.002445	5.7
902	-0.320745	113.960288	79.504163	0.007214	5.5
903	-0.312547	113.192513	79.959041	0.004613	5.3
904	-0.330343	114.189839	79.369165	0.003132	4.2
905	-0.328179	115.129101	78.821535	0.004545	4.0
906	-0.318687	114.490940	79.192784	0.001998	5.7
907	-0.340829	113.977321	79.494130	0.004427	5.9
908	-0.332320	113.235109	79.933668	0.001686	5.7
909	-0.315915	113.359406	79.859721	0.005275	5.8
910	-0.334968	113.418271	79.824749	0.003934	6.0
911	-0.335188	114.417745	79.235588	0.003830	11.4
912	-0.319060	113.649130	79.687887	0.001859	3.8
913	-0.324736	113.612649	79.709483	0.003437	4.0
914	-0.338452	113.228928	79.937349	0.004156	3.7
915	-0.304594	112.493738	80.377588	0.002610	3.4
916	-0.313441	111.736494	80.836131	0.003667	5.8
917	-0.347291	111.001879	81.286000	0.005265	6.3
918	-0.328608	110.234030	81.761603	0.005808	5.8
919	-0.307801	111.234026	81.143296	0.005748	10.2
920	-0.339791	110.473406	81.612739	0.005694	6.0
921	-0.336393	110.154360	81.811270	0.002499	11.0
922	-0.333942	109.385898	82.293445	0.005673	6.0
923	-0.320404	110.231244	81.763339	0.004664	5.8
924	-0.315067	111.231210	81.145024	0.006971	5.9
925	-0.311916	112.231210	80.535970	0.003349	5.8
926	-0.309524	111.463105	81.002968	0.002997	6.3
927	-0.317458	112.230904	80.536155	0.013148	8.6
928	-0.327233	111.481891	80.991482	0.003097	6.0
929	-0.295141	112.481891	80.384722	0.002825	9.7
930	-0.315786	113.348212	79.866375	0.005286	4.5
931	-0.301221	112.828646	80.176442	0.002563	6.1
932	-0.331083	112.067379	80.635124	0.002429	8.2
933	-0.325203	111.572968	80.935841	0.005823	6.4
934	-0.327113	111.595282	80.922221	0.002427	6.2
935	-0.313282	112.583267	80.323718	0.004642	5.9
936	-0.348012	112.224895	80.539787	0.004395	9.1
937	-0.310769	111.457429	81.006439	0.002933	5.1
938	-0.328593	112.303348	80.492387	0.002611	6.4
939	-0.321930	113.280570	79.906607	0.005167	5.7
940	-0.315688	112.642431	80.288159	0.004066	11.4
941	-0.283603	113.456146	79.802262	0.004324	5.8
942	-0.342286	114.455996	79.213213	0.004713	11.0
943	-0.324890	115.443262	78.640048	0.002667	6.0
944	-0.341023	116.437053	78.071411	0.002509	5.6
945	-0.297556	115.773854	78.449969	0.003548	5.8
946	-0.301356	115.146892	78.811235	0.001251	6.3
947	-0.318968	115.180780	78.791623	0.002669	9.4
948	-0.321645	115.882409	78.387755	0.006422	7.7
949	-0.316256	115.172308	78.796525	0.005894	10.4
950	-0.321132	116.172308	78.222090	0.003879	3.7
951	-0.330069	115.420197	78.653344	0.005925	6.0
952	-0.317639	114.651550	79.099020	0.003201	11.0
953	-0.327793	115.651549	78.520183	0.004924	12.7
954	-0.318773	114.887841	78.961477	0.004363	5.7
955	-0.299748	114.144807	79.395612	0.004472	11.1
956	-0.317552	113.376202	79.849739	0.002768	6.2
957	-0.316930	114.287567	79.311831	0.005437	5.5
958	-0.322841	113.780057	79.610477	0.007014	7.1
959	-0.301564	113.011412	80.067096	0.005199	5.8
960	-0.351346	114.011412	79.474057	0.003121	14.1
961	-0.308386	113.244039	79.928351	0.002556	1.5
962	-0.332925	112.508734	80.368560	0.005389	6.3
963	-0.318210	111.751700	80.826872	0.004727	5.5
964	-0.311086	112.522285	80.360403	0.004096	6.3
965	-0.323974	111.814914	80.788402	0.002848	3.9
966	-0.311014	111.117174	81.215064	0.004346	4.1
967	-0.328027	110.371012	81.676349	0.010288	5.5
968	-0.302175	111.371012	81.059323	0.002401	9.1
969	-0.315085	111.515129	80.971167	0.002747	4.2
970	-0.341086	110.982524	81.297920	0.004881	4.2
971	-0.324617	110.214471	81.773791	0.003399	4.6
972	-0.308526	109.448132	82.254184	0.003208	4.6
973	-0.316594	109.621434	82.145054	0.004078	4.3
974	-0.307111	108.853806	82.630652	0.005013	4.5
975	-0.324671	109.853799	81.999184	0.004342	4.5
976	-0.326160	109.104732	82.471287	0.004816	4.5
977	-0.330566	108.620921	82.779112	0.004912	4.4
978	-0.333660	109.620921	82.145376	0.005166	7.7
979	-0.311628	108.854991	82.629898	0.001597	6.4
980	-0.334135	108.207901	83.043719	0.004346	6.6
981	-0.299549	109.176526	82.425803	0.003687	5.7
982	-0.323354	110.148746	81.814772	0.004019	5.8
983	-0.317160	109.380193	82.297045	0.004560	7.4
984	-0.335826	108.611878	82.784887	0.004839	5.7
985	-0.321187	109.611876	82.151065	0.006654	12.2
986	-0.324419	110.611876	81.526873	0.003501	1.5
987	-0.332761	111.610390	80.913001	0.004838	11.3
988	-0.330312	112.609483	80.307958	0.005537	5.8
989	-0.305892	113.578083	79.729956	0.002512	5.9
990	-0.326331	113.861702	79.562281	0.005642	8.2
991	-0.313996	114.652325	79.098568	0.004684	5.8
992	-0.326193	113.919144	79.528408	0.002014	5.9
993	-0.340767	113.152126	79.983113	0.006353	6.0
994	-0.353269	112.385430	80.442854	0.006173	6.1
995	-0.347987	111.616783	80.909101	0.008153	5.9
996	-0.305582	112.616783	80.303570	0.003957	10.8
997	-0.316756	113.616783	79.707035	0.010157	4.9
998	-0.345704	114.571922	79.145479	0.003610	13.1
999	-0.321922	113.803719	79.596503	0.005122	7.9
1000	-0.319814	114.795242	79.015321	0.008546	5.1
1001	-0.343948	115.756263	78.460061	0.005848	6.0
1002	-0.313807	115.244824	78.754586	0.003020	5.8
1003	-0.333209	116.242052	78.182339	0.004482	4.9
1004	-0.338164	117.241264	77.617235	0.003575	4.3
1005	-0.313302	118.201519	77.081807	0.004290	6.2
1006	-0.332072	119.197746	76.534074	0.006514	5.7
1007	-0.320964	120.197746	75.992039	0.001503	9.0
1008	-0.338680	120.828440	75.654112	0.005015	5.8
1009	-0.320287	121.800137	75.139317	0.002316	5.7
1010	-0.315779	121.125786	75.495833	0.003744	4.8
1011	-0.308978	121.516185	75.289025	0.001966	5.4
1012	-0.304162	120.950113	75.589265	0.003725	5.8
1013	-0.308209	121.735099	75.173554	0.003581	5.8
1014	-0.316716	122.300338	74.877037	0.002121	10.9
1015	-0.319560	122.356291	74.847812	0.002266	5.8
1016	-0.342324	122.107530	74.977918	0.006029	5.8
1017	-0.321156	122.434993	74.806743	0.003598	11.0
1018	-0.332467	123.434992	74.288817	0.007510	6.8
1019	-0.306423	123.551011	74.229192	0.003374	5.9
1020	-0.330660	124.551005	73.719207	0.002284	5.9
1021	-0.295253	123.967733	74.015813	0.002500	11.1
1022	-0.311445	123.587681	74.210366	0.005331	6.6
1023	-0.299299	123.981474	74.008799	0.003898	5.7
1024	-0.294632	123.212851	74.403249	0.003942	6.9
1025	-0.341031	124.212833	73.890884	0.003175	5.9
1026	-0.308723	123.444622	74.283864	0.003445	6.0
1027	-0.324981	124.444149	73.773368	0.004722	6.7
1028	-0.349989	123.766102	74.118903	0.002891	7.3
1029	-0.322343	124.497513	73.746310	0.003087	10.9
1030	-0.334215	123.782322	74.110599	0.004230	5.7
1031	-0.312204	124.782133	73.602330	0.007277	6.1
1032	-0.324860	124.013486	73.992461	0.001841	6.7
1033	-0.323601	124.947298	73.519036	0.003161	4.5
1034	-0.344303	124.846295	73.569950	0.003021	4.4
1035	-0.331600	125.569879	73.206751	0.004430	4.3
1036	-0.326250	124.801294	73.592657	0.002042	4.4
1037	-0.321543	125.703694	73.139976	0.003694	4.4
1038	-0.333545	125.252327	73.365702	0.001974	4.4
1039	-0.315924	124.955140	73.515086	0.005586	6.2
1040	-0.332739	125.376675	73.303378	0.003771	5.9
1041	-0.330421	125.087532	73.448463	0.003261	5.9
1042	-0.328416	126.065978	72.959802	0.002024	6.1
1043	-0.350162	126.938906	72.529296	0.007533	5.6
1044	-0.304644	126.170467	72.908002	0.005289	6.0
1045	-0.307968	125.407347	73.288021	0.006062	11.1
1046	-0.331972	126.407346	72.790841	0.003889	1.4
1047	-0.329614	127.407343	72.300362	0.007350	7.9
1048	-0.340571	126.638699	72.676776	0.003114	10.4
1049	-0.317763	125.960256	73.012289	0.002797	1.7
1050	-0.310236	125.246210	73.368771	0.002894	10.9
1051	-0.299946	126.062460	72.961548	0.002088	6.2
1052	-0.315280	125.602407	73.190508	0.002923	5.7
1053	-0.325591	124.954538	73.515389	0.002024	6.0
1054	-0.302400	125.635892	73.173795	0.001575	5.8
1055	-0.313439	126.140517	72.922842	0.002579	5.9
1056	-0.315868	125.725611	73.129051	0.002987	5.8
1057	-0.314909	126.436477	72.776459	0.005609	5.9
1058	-0.319216	127.139942	72.430869	0.003770	12.3
1059	-0.344525	128.131470	71.949299	0.006396	9.9
1060	-0.307291	129.131470	71.470057	0.011199	2.7
1061	-0.313313	130.131470	70.997157	0.003196	5.9
1062	-0.316005	131.131345	70.530532	0.011066	11.4
1063	-0.316707	132.131345	70.069943	0.005272	1.4
1064	-0.310312	133.131345	69.615332	0.005146	5.2
1065	-0.304782	134.131345	69.166581	0.005140	4.4
1066	-0.309983	133.362698	69.510995	0.004305	5.7
1067	-0.300912	133.844251	69.294821	0.005736	6.3
1068	-0.330732	133.332192	69.524735	0.004445	8.5
1069	-0.340199	132.565502	69.871843	0.005842	5.9
1070	-0.336653	133.565501	69.419790	0.003380	10.0
1071	-0.313871	132.797112	69.766620	0.003725	3.8
1072	-0.324970	133.637059	69.387667	0.003481	10.9
1073	-0.330216	132.875905	69.730896	0.002352	8.1
1074	-0.310633	133.859568	69.287967	0.003832	10.2
1075	-0.320116	133.682190	69.367422	0.004126	5.6
1076	-0.333038	134.681818	68.922015	0.005636	10.1
1077	-0.314255	135.681817	68.482131	0.008283	5.6
1078	-0.338939	136.681817	68.047825	0.006635	5.8
1079	-0.337953	137.681817	67.618993	0.004677	5.6
1080	-0.322060	137.608454	67.650270	0.006838	6.0
1081	-0.329738	138.608453	67.226419	0.008914	10.8
1082	-0.334552	137.839806	67.551736	0.007630	8.8
1083	-0.304287	138.833434	67.131791	0.003696	11.5
1084	-0.313891	139.822392	66.718972	0.002187	6.3
1085	-0.322745	140.505679	66.436702	0.005335	10.9
1086	-0.328026	141.197799	66.153207	0.004755	6.0
1087	-0.327027	140.429152	66.468197	0.002790	6.2
1088	-0.317040	139.662014	66.785573	0.003357	5.8
1089	-0.325680	138.912103	67.098765	0.004858	6.2
1090	-0.321987	138.585631	67.236032	0.003065	10.8
1091	-0.301972	137.857040	67.544408	0.002519	5.8
1092	-0.318859	137.265456	67.796884	0.002850	9.1
1093	-0.299158	136.535440	68.111053	0.003725	7.9
1094	-0.319094	137.528453	67.684409	0.001811	5.7
1095	-0.332708	136.943339	67.935152	0.005163	5.3
1096	-0.323669	136.188529	68.261372	0.009007	10.9
1097	-0.307100	137.188529	67.829853	0.002022	9.3
1098	-0.307609	136.419968	68.161014	0.008045	9.4
1099	-0.332485	136.702199	68.039030	0.003655	7.7
1100	-0.336339	137.701721	67.610512	0.007522	2.3
1101	-0.314889	138.701715	67.187160	0.003610	6.3
1102	-0.322677	139.701715	66.769074	0.005426	5.8
1103	-0.304599	140.280387	66.529507	0.001384	5.8
1104	-0.333644	140.877331	66.284171	0.003130	5.9
1105	-0.332317	140.615915	66.391386	0.005082	3.9
1106	-0.318501	141.597315	65.990664	0.004575	4.4
1107	-0.310403	140.828668	66.304103	0.005911	4.4
1108	-0.326318	141.828641	65.896912	0.005159	4.3
1109	-0.329485	141.060001	66.209457	0.003866	4.4
1110	-0.320824	142.059978	65.803423	0.003778	4.4
1111	-0.345789	143.059338	65.402584	0.003581	4.5
1112	-0.319643	143.316197	65.300347	0.003282	7.5
1113	-0.308102	144.296385	64.913124	0.004275	4.6
1114	-0.318336	145.252706	64.539729	0.003385	7.4
1115	-0.296643	146.173044	64.184419	0.002254	6.1
1116	-0.333142	146.058983	64.228241	0.005991	5.8
1117	-0.309968	147.058262	63.846338	0.005833	6.0
1118	-0.306249	148.058262	63.468680	0.001375	6.1
1119	-0.327903	149.049480	63.098721	0.002240	7.5
1120	-0.317712	149.550906	62.913208	0.003075	3.8
1121	-0.322563	148.836470	63.177860	0.005752	3.0
1122	-0.321506	148.067916	63.465055	0.001519	2.9
1123	-0.323251	149.043765	63.100842	0.003767	5.8
1124	-0.312745	149.026425	63.107277	0.003531	5.8
1125	-0.328018	148.312586	63.373344	0.004719	6.2
1126	-0.330806	149.312582	63.001245	0.007412	10.8
1127	-0.320617	150.312581	62.633489	0.004281	6.3
1128	-0.315479	151.312573	62.270004	0.006452	10.8
1129	-0.326196	150.543926	62.549021	0.004938	7.5
1130	-0.335488	151.543926	62.186511	0.004201	6.0
1131	-0.308646	150.775279	62.464778	0.008863	11.0
1132	-0.320095	151.712850	62.125688	0.003784	5.8
1133	-0.311910	151.445165	62.222125	0.006272	8.5
1134	-0.324794	151.197985	62.311442	0.001881	5.8
1135	-0.314257	152.197290	61.951920	0.006233	5.7
1136	-0.349854	153.157658	61.610295	0.002285	6.8
1137	-0.317206	152.391267	61.882613	0.006124	9.6
1138	-0.316766	152.315187	61.909778	0.002320	2.9
1139	-0.316765	153.299756	61.560067	0.002157	3.8
1140	-0.322552	152.974698	61.675087	0.005575	3.7
1141	-0.310883	153.972358	61.323427	0.006131	3.7
1142	-0.306978	153.203711	61.594007	0.009029	10.8
1143	-0.322507	152.435064	61.866986	0.004188	5.8
1144	-0.313971	153.435064	61.512315	0.001938	7.6
1145	-0.313994	154.138931	61.265103	0.003919	6.1
1146	-0.312806	154.996545	60.966564	0.003675	5.9
1147	-0.330301	155.861749	60.668317	0.003589	5.7
1148	-0.322130	155.093183	60.933106	0.003012	6.2
1149	-0.332903	156.052176	60.603066	0.002548	7.8
1150	-0.308208	156.850694	60.330969	0.002337	10.6
1151	-0.344401	157.475053	60.119913	0.007790	5.5
1152	-0.313949	158.451742	59.792703	0.003578	5.4
1153	-0.324020	159.438147	59.465833	0.002008	10.4
1154	-0.333288	160.192734	59.218184	0.006150	5.5
1155	-0.320743	161.115602	58.918097	0.004783	5.7
1156	-0.327303	162.115602	58.596343	0.003874	10.7
1157	-0.302620	161.535763	58.782479	0.002093	4.8
1158	-0.309466	160.797567	59.021168	0.001524	5.9
1159	-0.331909	160.329741	59.173441	0.004600	5.7
1160	-0.336646	159.925151	59.305766	0.006027	11.0
1161	-0.317970	159.160585	59.557448	0.004078	8.4
1162	-0.300866	158.391956	59.812630	0.003801	7.9
1163	-0.338171	159.391462	59.481222	0.002467	11.3
1164	-0.314535	160.363263	59.162503	0.003614	5.5
1165	-0.333478	161.281710	58.864407	0.002977	5.8
1166	-0.332884	160.518621	59.111867	0.004139	5.9
1167	-0.296178	161.148843	58.907345	0.002908	5.8
1168	-0.308800	160.380852	59.156766	0.003156	5.7
1169	-0.343090	159.618822	59.406349	0.003108	5.7
1170	-0.329056	160.618243	59.079443	0.006879	11.2
1171	-0.320240	161.616309	58.756552	0.005465	1.6
1172	-0.344935	162.616309	58.436556	0.006746	5.9
1173	-0.315267	163.616309	58.120026	0.004499	11.3
1174	-0.340850	162.847662	58.363019	0.002400	6.1
1175	-0.311424	162.337861	58.525307	0.002563	8.0
1176	-0.340729	162.019910	58.626980	0.004401	5.9
1177	-0.324295	162.954344	58.329173	0.003149	10.1
1178	-0.312837	163.949429	58.015343	0.002923	7.5
1179	-0.326474	164.815913	57.744810	0.004390	5.7
1180	-0.319567	164.050706	57.983592	0.004145	6.1
1181	-0.314734	163.925326	58.022905	0.006178	5.7
1182	-0.328082	164.923941	57.711259	0.005045	6.0
1183	-0.291360	164.155294	57.950839	0.002769	7.8
1184	-0.312764	163.394778	58.189851	0.002765	6.4
1185	-0.308887	164.373690	57.882565	0.002197	7.1
1186	-0.299884	163.823953	58.054730	0.001916	5.5
1187	-0.309538	164.453253	57.857732	0.008059	9.5
1188	-0.310851	165.023726	57.680302	0.008001	5.8
1189	-0.346062	164.255079	57.919625	0.006300	6.8
1190	-0.318992	163.486432	58.160942	0.006100	6.0
1191	-0.300806	162.717789	58.404277	0.003243	8.0
1192	-0.322132	162.249878	58.553407	0.007130	10.2
1193	-0.296379	163.249651	58.235685	0.005830	5.6
1194	-0.330546	164.107468	57.965812	0.003711	7.7
1195	-0.315277	165.107459	57.654350	0.004349	5.6
1196	-0.326770	165.930330	57.400555	0.002137	5.8
1197	-0.326131	166.287107	57.291209	0.002736	11.0
1198	-0.306755	165.648641	57.487184	0.004061	5.6
1199	-0.324936	164.884549	57.723489	0.003432	5.7
1200	-0.303722	164.116677	57.962928	0.002747	5.8
1201	-0.347893	164.317504	57.900115	0.003689	5.4
1202	-0.333622	164.011195	57.995975	0.004700	5.7
1203	-0.319766	165.010820	57.684304	0.003977	6.5
1204	-0.334319	164.441038	57.861543	0.003136	5.9
1205	-0.327267	165.097182	57.657534	0.004605	8.1
1206	-0.320357	166.096507	57.349572	0.003470	8.0
1207	-0.328626	167.084396	57.048351	0.003973	5.7
1208	-0.330083	167.704010	56.861032	0.001641	3.9
1209	-0.341688	168.496188	56.623327	0.007546	5.5
1210	-0.317122	167.747064	56.848061	0.003825	8.7
1211	-0.309955	167.073087	57.051781	0.004788	5.7
1212	-0.321027	168.072936	56.750082	0.003945	10.9
1213	-0.329912	169.053188	56.457378	0.005577	7.2
1214	-0.306822	170.052925	56.161949	0.002653	8.0
1215	-0.312241	169.403435	56.353525	0.003371	10.9
1216	-0.325674	170.358662	56.072218	0.002672	8.9
1217	-0.319775	170.687640	55.975986	0.001655	6.0
1218	-0.346196	170.411810	56.056649	0.002800	5.8
1219	-0.323090	170.673615	55.980082	0.003245	5.7
1220	-0.296660	171.668920	55.690896	0.003882	4.5
1221	-0.323365	172.639133	55.411861	0.002695	5.1
1222	-0.333870	173.638760	55.127276	0.005838	4.5
1223	-0.330995	174.638739	54.845501	0.002090	4.4
1224	-0.288834	173.883007	55.058185	0.004077	4.4
1225	-0.322833	174.766986	54.809572	0.005931	4.5
1226	-0.311277	175.764387	54.531741	0.005720	4.3
1227	-0.317227	176.679405	54.279325	0.004737	4.4
1228	-0.321429	175.912732	54.490660	0.003575	10.0
1229	-0.322852	176.903060	54.217983	0.003765	4.9
1230	-0.297392	177.890545	53.948792	0.002616	10.1
1231	-0.313994	177.130233	54.155817	0.003578	5.8
1232	-0.328365	176.553594	54.313893	0.001809	5.5
1233	-0.334269	177.497535	54.055607	0.002590	3.7
1234	-0.326427	178.018550	53.914093	0.002901	3.8
1235	-0.337894	177.952625	53.931958	0.002751	3.6
1236	-0.329825	177.861907	53.956561	0.004549	3.7
1237	-0.348199	177.679621	54.006066	0.005789	4.2
1238	-0.335184	176.910985	54.215812	0.003320	4.3
1239	-0.337655	177.853554	53.958828	0.001647	4.4
1240	-0.331827	178.467190	53.792830	0.006216	6.0
1241	-0.309838	177.712537	53.997120	0.002254	5.1
1242	-0.311106	176.943929	54.206788	0.006953	6.1
1243	-0.304120	176.572356	54.308735	0.003134	5.8
1244	-0.341633	177.564803	54.037294	0.002150	5.8
1245	-0.313444	176.818303	54.241213	0.004496	5.7
1246	-0.321255	177.106681	54.162255	0.002397	9.4
1247	-0.324534	176.346078	54.371006	0.004479	6.5
1248	-0.297233	177.319312	54.104185	0.002333	6.1
1249	-0.315379	178.290209	53.840601	0.007080	11.1
1250	-0.319298	177.524725	54.048203	0.003320	5.8
1251	-0.325335	178.524550	53.777366	0.001355	6.4
1252	-0.282810	178.000734	53.918920	0.003484	5.8
1253	-0.303248	177.741848	53.989156	0.005247	4.6
1254	-0.323667	178.741359	53.718993	0.007211	4.4
1255	-0.306249	179.741359	53.451390	0.005298	4.4
1256	-0.316446	180.741359	53.186440	0.003043	4.4
1257	-0.314211	181.299566	53.039682	0.003949	4.4
1258	-0.307819	180.531442	53.241839	0.003056	4.4
1259	-0.325407	179.771457	53.443377	0.002413	4.4
1260	-0.313443	180.581998	53.228487	0.003761	4.5
1261	-0.314625	179.855484	53.421019	0.003478	4.5
1262	-0.341343	180.038009	53.372518	0.003000	6.5
1263	-0.337331	180.952354	53.130872	0.002537	6.5
1264	-0.341149	181.813911	52.905171	0.004746	5.7
1265	-0.329292	182.785599	52.652909	0.001393	6.1
1266	-0.330353	182.533176	52.718210	0.002362	10.2
1267	-0.321397	181.968785	52.864802	0.004612	4.1
1268	-0.299245	182.915923	52.619259	0.005768	4.9
1269	-0.313099	183.661735	52.427508	0.002566	3.9
1270	-0.334659	183.675573	52.423963	0.003589	3.9
1271	-0.322228	183.040102	52.587234	0.004290	3.8
1272	-0.308661	183.993411	52.342681	0.002317	3.9
1273	-0.329623	184.898007	52.112717	0.002105	3.9
1274	-0.347430	185.633337	51.927268	0.003207	3.9
1275	-0.322605	185.598066	51.936133	0.001540	3.8
1276	-0.354582	184.909896	52.109709	0.001539	3.9
1277	-0.328180	185.335229	52.002291	0.006187	3.8
1278	-0.312068	184.653238	52.174742	0.004703	3.8
1279	-0.328980	183.884591	52.370481	0.002538	3.8
1280	-0.326339	184.012596	52.337782	0.003075	3.8
1281	-0.291045	184.679298	52.168132	0.005444	3.7
1282	-0.332076	185.679225	51.915739	0.002916	3.8
1283	-0.344252	186.399493	51.735443	0.004030	4.0
1284	-0.328377	187.388773	51.489841	0.002418	7.3
1285	-0.339494	187.559488	51.447694	0.003092	6.1
1286	-0.333428	187.572103	51.444582	0.006026	6.0
1287	-0.321670	186.804786	51.634541	0.004367	5.6
1288	-0.337504	186.039807	51.825322	0.003554	11.0
1289	-0.324301	185.273842	52.017767	0.005542	10.3
1290	-0.321785	184.505199	52.212327	0.003841	2.4
1291	-0.305966	185.504110	51.959763	0.004031	5.7
1292	-0.323091	186.503901	51.709412	0.010020	5.8
1293	-0.325843	187.503884	51.461414	0.002551	5.8
1294	-0.306204	186.738473	51.651023	0.001868	10.2
1295	-0.300716	186.089677	51.812842	0.005367	4.9
1296	-0.327753	187.034939	51.577416	0.004327	6.1
1297	-0.345241	186.269814	51.767812	0.006306	6.0
1298	-0.317010	185.501167	51.960504	0.002826	8.9
1299	-0.337341	184.732630	52.154608	0.002879	10.9
1300	-0.323090	185.722501	51.904871	0.005692	6.0
1301	-0.331989	184.954342	52.098463	0.002324	5.8
1302	-0.321671	185.929978	51.852829	0.005096	11.1
1303	-0.329921	185.279576	52.016321	0.005421	3.2
1304	-0.327314	186.278407	51.765666	0.003978	5.9
1305	-0.307946	187.278404	51.517125	0.002766	5.7
1306	-0.320621	186.510417	51.707788	0.003554	5.9
1307	-0.327443	187.476205	51.468246	0.006548	5.4
1308	-0.313271	186.707611	51.658698	0.002172	4.3
1309	-0.349336	185.965510	51.843927	0.005075	4.3
1310	-0.307641	185.281848	52.015748	0.006828	4.4
1311	-0.350851	186.281847	51.764806	0.004073	4.4
1312	-0.330559	185.513208	51.957474	0.004275	4.4
1313	-0.308357	184.744595	52.151575	0.006229	4.4
1314	-0.318343	185.744595	51.899324	0.005968	10.4
1315	-0.330703	184.976037	52.092976	0.004306	6.8
1316	-0.300648	185.960105	51.845281	0.004681	6.0
1317	-0.320253	185.357980	51.996558	0.004894	6.1
1318	-0.326937	184.776129	52.143583	0.001945	11.4
1319	-0.305347	184.301810	52.264053	0.003630	8.5
1320	-0.293613	185.197422	52.037046	0.003738	5.8
1321	-0.314437	184.497254	52.214346	0.003520	11.4
1322	-0.295554	185.445354	51.974551	0.003729	6.7
1323	-0.308517	184.682124	52.167415	0.002130	6.1
1324	-0.307071	184.261212	52.274390	0.003397	5.8
1325	-0.322380	183.931643	52.358457	0.009833	5.8
1326	-0.309990	184.931643	52.104206	0.004640	6.2
1327	-0.337184	184.162996	52.299415	0.004168	12.0
1328	-0.318471	185.162882	52.045764	0.003146	5.9
1329	-0.331973	184.404508	52.237922	0.003913	6.1
1330	-0.324913	183.760672	52.402176	0.001916	5.8
1331	-0.353108	183.379270	52.499966	0.005162	6.2
1332	-0.326750	184.094552	52.316868	0.001968	5.9
1333	-0.320428	183.333489	52.511728	0.003110	5.8
1334	-0.316718	183.369067	52.502587	0.004054	5.9
1335	-0.355514	184.194992	52.291260	0.003466	5.8
1336	-0.307504	185.194661	52.037742	0.004413	6.0
1337	-0.326237	184.464211	52.222743	0.002893	5.8
1338	-0.320079	185.420574	51.980791	0.005574	4.5
1339	-0.294734	186.416566	51.731185	0.002804	4.4
1340	-0.310702	187.416380	51.483020	0.002958	4.4
1341	-0.327707	188.397793	51.241728	0.003218	4.4
1342	-0.299505	187.631585	51.429915	0.004058	4.4
1343	-0.340185	186.863468	51.619964	0.005208	4.4
1344	-0.316127	187.851486	51.375764	0.002066	5.4
1345	-0.337561	188.845898	51.132306	0.004903	11.3
1346	-0.311219	188.078133	51.320071	0.003635	4.5
1347	-0.305762	187.312785	51.508623	0.003128	6.5
1348	-0.306036	187.338213	51.502336	0.005751	7.9
1349	-0.333826	188.338206	51.256313	0.004031	11.1
1350	-0.326741	188.090751	51.316974	0.002577	5.8
1351	-0.339456	188.787133	51.146629	0.003338	5.8
1352	-0.316791	188.057468	51.325144	0.008663	5.8
1353	-0.328005	187.288821	51.514549	0.003299	3.8
1354	-0.339198	188.288821	51.268408	0.003996	4.2
1355	-0.308449	189.281126	51.026475	0.003256	3.6
1356	-0.289749	188.548588	51.204853	0.004023	3.7
1357	-0.319930	189.548136	50.961765	0.003129	3.8
1358	-0.330281	190.507183	50.730687	0.005033	3.7
1359	-0.317614	191.501900	50.493218	0.005591	3.6
1360	-0.318629	192.501899	50.256718	0.005962	3.8
1361	-0.326883	191.733252	50.438305	0.002815	3.9
1362	-0.320585	192.474213	50.263236	0.002597	3.7
1363	-0.318737	193.195493	50.093980	0.003860	8.8
1364	-0.326815	194.193548	49.861647	0.003300	6.1
1365	-0.321032	195.191513	49.631480	0.002388	8.5
1366	-0.328788	196.162985	49.409455	0.001562	6.0
1367	-0.322106	195.466095	49.568523	0.004655	5.7
1368	-0.335130	196.309663	49.376105	0.007012	6.1
1369	-0.329602	197.277676	49.157133	0.003451	5.9
1370	-0.326883	196.534822	49.324998	0.006195	11.1
1371	-0.336019	197.534822	49.099290	0.005023	6.5
1372	-0.332451	196.766175	49.272596	0.004141	11.8
1373	-0.325189	197.763203	49.048032	0.004368	5.1
1374	-0.332185	197.036800	49.211439	0.007998	6.1
1375	-0.354559	198.036798	48.986767	0.005589	6.1
1376	-0.315914	199.036798	48.764137	0.006337	5.8
1377	-0.335114	198.268151	48.935081	0.002889	11.4
1378	-0.346892	199.249402	48.717066	0.003909	4.3
1379	-0.303458	198.910246	48.792200	0.003053	5.8
1380	-0.329907	199.777058	48.600633	0.003900	5.3
1381	-0.323530	199.713245	48.614684	0.002046	10.7
1382	-0.321049	199.127704	48.743999	0.005968	8.3
1383	-0.346084	199.820677	48.591032	0.004785	5.7
1384	-0.314308	199.109002	48.748141	0.002222	5.3
1385	-0.326204	200.084548	48.533038	0.005403	5.7
1386	-0.333685	199.876887	48.578667	0.003890	10.9
1387	-0.304692	199.246052	48.717807	0.002460	4.4
1388	-0.315558	200.231885	48.500715	0.006949	6.1
1389	-0.305503	201.226571	48.283626	0.002395	6.1
1390	-0.328490	202.225137	48.067636	0.004079	5.3
1391	-0.269059	203.131295	47.873300	0.002924	9.8
1392	-0.292849	204.128452	47.661256	0.002605	10.7
1393	-0.330338	203.606847	47.771939	0.006298	5.7
1394	-0.316029	204.572174	47.567501	0.002779	5.7
1395	-0.336068	203.812968	47.728139	0.004576	4.3
1396	-0.354305	204.270865	47.631125	0.005155	4.5
1397	-0.310296	205.269684	47.420867	0.004559	4.7
1398	-0.327847	206.269538	47.212243	0.003327	4.4
1399	-0.331547	205.600644	47.351607	0.002085	4.4
1400	-0.330122	204.940772	47.489900	0.003487	4.5
1401	-0.315118	204.182049	47.649911	0.002411	4.3
1402	-0.317600	204.142413	47.658300	0.002459	4.4
1403	-0.318007	203.393304	47.817401	0.002092	4.4
1404	-0.358193	203.318303	47.833389	0.004291	4.4
1405	-0.352316	202.579273	47.991500	0.003257	4.4
1406	-0.331740	203.497954	47.795111	0.006568	4.5
1407	-0.319781	202.729834	47.959204	0.001624	4.6
1408	-0.312175	202.709742	47.963511	0.010715	4.4
1409	-0.339015	201.945673	48.127889	0.002954	4.3
1410	-0.299406	202.945669	47.912982	0.004419	11.1
1411	-0.317229	203.944137	47.700308	0.006475	6.4
1412	-0.334983	204.944137	47.489193	0.003675	2.4
1413	-0.340744	205.943115	47.280151	0.002678	6.8
1414	-0.297131	206.814842	47.099235	0.007926	11.9
1415	-0.321749	207.814727	46.893418	0.001813	12.2
1416	-0.333370	208.750547	46.702412	0.002072	10.4
1417	-0.297089	208.459221	46.761706	0.003213	8.3
1418	-0.337893	209.443466	46.561983	0.004912	11.5
1419	-0.313939	208.674830	46.717808	0.003259	6.4
1420	-0.317642	209.673612	46.515527	0.004660	5.7
1421	-0.335867	208.905035	46.671030	0.001659	5.7
1422	-0.304042	209.447080	46.561253	0.002003	6.3
1423	-0.320764	208.946236	46.662667	0.006490	6.4
1424	-0.333311	209.944866	46.460893	0.007023	6.0
1425	-0.318022	210.944866	46.260583	0.003865	5.8
1426	-0.343693	210.349975	46.379537	0.002408	6.6
1427	-0.277527	211.006421	46.248309	0.002607	7.4
1428	-0.326875	211.704805	46.109511	0.008715	5.6
1429	-0.324892	210.936158	46.262320	0.003477	5.8
1430	-0.325564	211.936158	46.063715	0.011921	5.7
1431	-0.320213	211.306449	46.188579	0.002370	5.7
1432	-0.318911	212.305597	45.990773	0.002948	8.5
1433	-0.305517	212.422119	45.967815	0.006998	5.6
1434	-0.317913	213.421099	45.771924	0.002707	6.0
1435	-0.330645	214.420706	45.577574	0.007583	5.6
1436	-0.307960	215.279880	45.411842	0.004823	6.1
1437	-0.309385	216.279880	45.220457	0.005848	8.4
1438	-0.329216	215.526932	45.364410	0.008699	8.0
1439	-0.335485	216.526932	45.173423	0.002482	5.8
1440	-0.336087	215.763381	45.319106	0.006746	5.8
1441	-0.310039	216.537012	45.171506	0.005469	5.2
1442	-0.316228	215.768464	45.318133	0.003306	7.0
1443	-0.325441	215.063719	45.453425	0.001087	6.7
1444	-0.310036	215.264506	45.414797	0.002118	11.2
1445	-0.313053	215.442853	45.380541	0.003869	5.6
1446	-0.329649	216.224424	45.231029	0.002597	8.2
1447	-0.328059	217.161698	45.053024	0.002563	6.0
1448	-0.331496	218.056891	44.884314	0.012196	6.0
1449	-0.295356	217.288244	45.029098	0.003636	7.9
1450	-0.320978	216.519597	45.174818	0.002431	4.1
1451	-0.319631	217.508874	44.987444	0.003821	4.0
1452	-0.308287	218.502668	44.800773	0.002399	6.0
1453	-0.344041	218.722021	44.759779	0.012996	6.0
1454	-0.315035	219.718783	44.574439	0.005911	5.9
1455	-0.323339	220.718783	44.390033	0.003085	11.9
1456	-0.336964	219.970147	44.527942	0.003775	1.5
1457	-0.317089	220.748649	44.384549	0.009556	5.2
1458	-0.336010	221.748649	44.201707	0.002677	6.5
1459	-0.334105	220.981281	44.341879	0.004083	7.7
1460	-0.327082	220.224211	44.481044	0.002755	6.4
1461	-0.345925	221.223742	44.297494	0.003505	9.4
1462	-0.315868	222.173197	44.124537	0.004658	7.9
1463	-0.326902	221.423623	44.260970	0.009357	5.8
1464	-0.327897	220.654976	44.401754	0.004702	5.9
1465	-0.322344	219.886329	44.543436	0.004841	7.9
1466	-0.316668	219.120980	44.685411	0.004790	8.2
1467	-0.338433	218.366378	44.826282	0.002672	8.0
1468	-0.326466	218.896926	44.727145	0.002043	5.8
1469	-0.318541	219.556769	44.604459	0.005061	6.3
1470	-0.327216	219.937151	44.534040	0.002557	5.8
1471	-0.330444	219.333848	44.645832	0.003873	11.3
1472	-0.322370	218.996990	44.708497	0.002346	6.4
1473	-0.335337	219.776244	44.563801	0.002482	10.6
1474	-0.319645	219.053919	44.697894	0.003403	1.5
1475	-0.337895	219.956414	44.530480	0.002034	5.4
1476	-0.318910	219.377849	44.637660	0.003465	4.5
1477	-0.353108	218.822764	44.740977	0.005537	4.7
1478	-0.329347	219.822761	44.555193	0.009993	4.4
1479	-0.309735	219.054114	44.697858	0.004828	4.4
1480	-0.341139	220.054114	44.512431	0.001653	4.4
1481	-0.301669	219.330922	44.646376	0.003182	5.8
1482	-0.291767	219.599046	44.596622	0.002180	5.8
1483	-0.320315	220.354636	44.457007	0.002771	6.1
1484	-0.326500	219.905370	44.539915	0.002358	5.9
1485	-0.333448	219.310726	44.650128	0.002009	6.9
1486	-0.307863	219.188785	44.672796	0.002555	6.8
1487	-0.327969	219.468380	44.620855	0.006687	8.0
1488	-0.302241	220.448031	44.439810	0.003875	11.4
1489	-0.324502	221.447888	44.256540	0.002938	5.7
1490	-0.325160	221.123863	44.315767	0.005242	5.8
1491	-0.308132	220.372533	44.453710	0.002993	7.7
1492	-0.321089	221.264382	44.290063	0.003058	6.3
1493	-0.317035	220.499702	44.430302	0.004410	10.7
1494	-0.298916	221.320347	44.279834	0.002291	8.0
1495	-0.312214	220.707119	44.392175	0.003815	7.7
1496	-0.335826	219.954407	44.530851	0.006405	10.9
1497	-0.305122	220.840916	44.367615	0.004695	6.2
1498	-0.344157	220.077376	44.508136	0.002956	6.8
1499	-0.324537	220.773429	44.380000	0.004090	5.9
1500	-0.341181	221.772031	44.197450	0.003768	6.5
1501	-0.333771	221.463103	44.253763	0.002857	7.5
1502	-0.306804	222.439508	44.076267	0.005144	8.0
1503	-0.313083	222.614714	44.044567	0.002656	7.9
1504	-0.319008	221.846081	44.183973	0.005644	5.9
1505	-0.329484	222.829314	44.005803	0.011392	5.8
1506	-0.333446	222.060667	44.144965	0.002787	5.9
1507	-0.317515	223.060615	43.964097	0.004356	6.2
1508	-0.315839	224.058137	43.785139	0.004606	5.8
1509	-0.298228	225.058135	43.607193	0.004748	11.1
1510	-0.316399	224.289564	43.743829	0.003296	1.5
1511	-0.316984	223.528337	43.880005	0.004950	5.6
1512	-0.331482	224.526871	43.701549	0.007077	5.8
1513	-0.332840	225.526871	43.524280	0.004354	11.3
1514	-0.319566	224.758224	43.660409	0.004198	13.0
1515	-0.326178	223.994998	43.796424	0.003803	4.0
1516	-0.313015	224.894380	43.636234	0.006423	5.8
1517	-0.325439	224.131496	43.772036	0.003334	9.9
1518	-0.324624	223.452884	43.893549	0.003258	6.0
1519	-0.340420	224.452315	43.714824	0.005884	9.9
1520	-0.319046	225.452313	43.537448	0.006831	5.9
1521	-0.321858	224.683666	43.673659	0.002159	6.1
1522	-0.318020	223.927963	43.808410	0.008470	6.0
1523	-0.312654	224.925251	43.630756	0.004903	9.7
1524	-0.312689	225.925251	43.454060	0.005819	4.9
1525	-0.312677	226.925251	43.278789	0.003343	10.0
1526	-0.312532	227.924175	43.105113	0.003745	7.2
1527	-0.303040	227.166926	43.236643	0.011129	11.5
1528	-0.316532	226.398279	43.370975	0.003326	6.4
1529	-0.317966	227.398279	43.196373	0.003278	10.2
1530	-0.313022	226.646900	43.327434	0.010547	5.7
1531	-0.332665	225.878253	43.462332	0.002235	5.8
1532	-0.303310	226.877672	43.287096	0.003304	6.0
1533	-0.307841	226.187682	43.407926	0.004001	9.9
1534	-0.330504	226.325730	43.383698	0.002445	10.8
1535	-0.334618	225.984081	43.443710	0.004551	5.6
1536	-0.338568	226.770642	43.305795	0.003037	7.2
1537	-0.330666	226.005355	43.439968	0.002842	5.7
1538	-0.316031	226.716625	43.315238	0.004267	5.8
1539	-0.338760	227.690690	43.145582	0.003758	5.7
1540	-0.304615	228.610821	42.986537	0.001975	6.7
1541	-0.335975	229.451740	42.842205	0.003646	5.8
1542	-0.343445	230.056902	42.738935	0.014508	5.9
1543	-0.311685	231.056902	42.569375	0.003028	4.1
1544	-0.325828	230.293591	42.698680	0.008129	5.9
1545	-0.329537	231.101115	42.561909	0.002931	6.1
1546	-0.314338	232.101100	42.393750	0.003289	4.3
1547	-0.297590	231.559628	42.484639	0.003709	3.9
1548	-0.331006	230.804106	42.612112	0.004551	4.0
1549	-0.317552	231.803893	42.443590	0.003286	4.0
1550	-0.313513	232.803625	42.276404	0.004725	4.2
1551	-0.322754	233.071296	42.231865	0.004361	4.1
1552	-0.329371	234.071294	42.066297	0.004702	3.9
1553	-0.328665	234.960095	41.920225	0.009255	7.0
1554	-0.319526	234.191450	42.046490	0.003100	5.9
1555	-0.321062	235.191443	41.882369	0.004316	5.4
1556	-0.325117	236.164427	41.723907	0.001937	5.3
1557	-0.322818	236.757340	41.627931	0.003183	6.9
1558	-0.330638	237.696698	41.476775	0.003748	4.2
1559	-0.324636	238.692187	41.317780	0.003487	4.4
1560	-0.346058	239.690349	41.159578	0.009236	11.8
1561	-0.306012	238.921867	41.281270	0.004038	7.6
1562	-0.301561	239.921866	41.123057	0.002655	6.0
1563	-0.320586	240.865725	40.974834	0.004575	5.8
1564	-0.326208	240.097541	41.095388	0.007568	8.0
1565	-0.296809	241.058930	40.944625	0.004111	6.1
1566	-0.324745	240.290283	41.065074	0.004288	5.9
1567	-0.327323	240.054015	41.102240	0.004299	5.7
1568	-0.306255	239.731772	41.153039	0.002451	5.8
1569	-0.339725	240.622782	41.012883	0.003991	6.3
1570	-0.314820	241.557025	40.866949	0.003872	5.7
1571	-0.320463	242.487966	40.722561	0.002611	5.9
1572	-0.317336	243.477916	40.570135	0.005038	6.4
1573	-0.333472	242.767085	40.679468	0.005390	6.2
1574	-0.332032	243.766333	40.525941	0.003559	9.9
1575	-0.336994	244.672044	40.387782	0.005983	5.9
1576	-0.325654	243.924269	40.501781	0.007257	6.1
1577	-0.332543	244.924269	40.349475	0.001858	5.9
1578	-0.306296	245.923936	40.198361	0.004783	9.5
1579	-0.329906	246.837832	40.061199	0.002351	5.8
1580	-0.308754	247.757935	39.924048	0.004617	9.9
1581	-0.318550	247.032645	40.032081	0.003720	5.5
1582	-0.315491	247.961881	39.893775	0.002554	6.3
1583	-0.313367	247.418648	39.974513	0.002827	7.1
1584	-0.311810	247.575480	39.951170	0.005611	8.8
1585	-0.304667	247.264220	39.997524	0.003642	5.7
1586	-0.330719	248.264219	39.848981	0.005275	6.3
1587	-0.328863	247.495844	39.963020	0.003964	5.7
1588	-0.330513	246.727198	40.077754	0.010431	7.0
1589	-0.339859	245.958552	40.193148	0.001329	10.9
1590	-0.288852	245.339059	40.286636	0.001728	5.8
1591	-0.334852	245.529597	40.257835	0.003249	6.3
1592	-0.323146	246.112068	40.170048	0.003077	11.0
1593	-0.325970	245.344148	40.285866	0.004538	6.5
1594	-0.338112	244.577626	40.402141	0.007263	8.2
1595	-0.350161	245.577517	40.250599	0.003692	6.1
1596	-0.313038	244.952669	40.345166	0.004681	6.1
1597	-0.332268	245.929172	40.197572	0.004827	11.6
1598	-0.321268	245.162262	40.313396	0.005588	7.9
1599	-0.315041	246.161679	40.162589	0.005461	5.7
1600	-0.339250	245.393032	40.278474	0.005525	5.9
1601	-0.324853	246.393031	40.127840	0.005747	3.9
1602	-0.344297	245.625587	40.243342	0.005870	3.7
1603	-0.327333	246.625587	40.092970	0.003618	3.7
1604	-0.314410	245.856944	40.208452	0.003297	8.9
1605	-0.335856	246.268473	40.146541	0.003396	5.8
1606	-0.327684	247.249099	39.999779	0.002934	5.5
1607	-0.327688	248.054481	39.880044	0.002921	5.8
1608	-0.322079	249.049140	39.733156	0.004448	5.8
1609	-0.323714	250.002581	39.593367	0.001973	8.8
1610	-0.335548	249.654038	39.644355	0.009568	5.9
1611	-0.323831	250.652375	39.498660	0.005078	9.9
1612	-0.306083	249.883728	39.610739	0.002338	8.0
1613	-0.323839	250.725493	39.488031	0.008493	6.0
1614	-0.334459	251.476869	39.379140	0.004502	5.9
1615	-0.327108	250.708256	39.490536	0.002613	7.9
1616	-0.324186	251.617908	39.358767	0.013682	7.8
1617	-0.310929	252.585537	39.219561	0.005330	11.6
1618	-0.280636	253.585535	39.076729	0.003739	6.6
1619	-0.303517	252.816926	39.186419	0.006609	8.3
1620	-0.336615	252.048280	39.296731	0.008102	5.8
1621	-0.314980	253.048280	39.153337	0.004842	6.0
1622	-0.328207	254.048280	39.010986	0.004309	6.1
1623	-0.325631	253.328790	39.113302	0.004287	5.9
1624	-0.332027	252.561515	39.223005	0.005190	11.0
1625	-0.319426	253.561514	39.080148	0.004885	11.0
1626	-0.320137	254.401546	38.960946	0.005625	6.8
1627	-0.309542	255.401546	38.819988	0.003298	1.7
1628	-0.300597	256.396844	38.680702	0.002214	5.8
1629	-0.323429	257.271527	38.559118	0.005467	5.8
1630	-0.327541	258.213891	38.428979	0.004525	7.6
1631	-0.300096	259.213887	38.291838	0.002048	6.7
1632	-0.310588	260.131404	38.166866	0.003581	6.3
1633	-0.320294	259.997631	38.185036	0.003783	5.8
1634	-0.318195	259.348709	38.273423	0.002692	5.9
1635	-0.321453	258.587393	38.377641	0.005006	6.0
1636	-0.319174	259.571090	38.243087	0.005014	5.5
1637	-0.333890	260.569072	38.107540	0.004386	5.7
1638	-0.325802	261.568800	37.972716	0.001924	11.2
1639	-0.332742	262.270309	37.878677	0.006492	2.8
1640	-0.340326	262.601187	37.834484	0.003708	5.8
1641	-0.354080	263.601162	37.701549	0.003543	5.7
1642	-0.315687	264.510089	37.581525	0.003188	6.3
1643	-0.327436	265.509418	37.450443	0.003831	4.7
1644	-0.315981	264.750398	37.549920	0.005663	4.3
1645	-0.307596	263.984748	37.650803	0.002910	9.6
1646	-0.314176	264.446385	37.589913	0.003114	1.5
1647	-0.313246	265.221935	37.488059	0.005703	6.9
1648	-0.319887	264.453672	37.588953	0.002470	5.7
1649	-0.306067	264.218418	37.619957	0.005632	5.7
1650	-0.323052	265.197479	37.491262	0.004941	10.8
1651	-0.332076	266.195803	37.360938	0.003704	5.9
1652	-0.321841	267.058648	37.249028	0.005275	4.6
1653	-0.326711	268.037362	37.122899	0.004098	7.3
1654	-0.322669	268.218873	37.099601	0.005628	6.6
1655	-0.314439	269.029960	36.995849	0.003909	5.5
1656	-0.328522	268.261313	37.094157	0.003218	6.0
1657	-0.309778	269.209372	36.972978	0.002759	5.4
1658	-0.327180	268.449257	37.070072	0.002484	5.8
1659	-0.301446	269.021209	36.996966	0.002760	6.5
1660	-0.324329	268.685810	37.039801	0.004902	6.3
1661	-0.326093	268.055419	37.120580	0.004283	5.9
1662	-0.315712	267.391137	37.206083	0.004319	14.9
1663	-0.321210	266.639236	37.303342	0.006204	5.0
1664	-0.315691	265.870589	37.403293	0.003519	8.2
1665	-0.328104	266.870573	37.273364	0.006674	11.4
1666	-0.313846	267.870535	37.144338	0.006298	7.8
1667	-0.339701	268.870534	37.016197	0.004974	5.1
1668	-0.327696	269.870498	36.888941	0.004483	6.1
1669	-0.323776	270.697710	36.784330	0.012524	6.0
1670	-0.317425	270.052568	36.865865	0.003163	6.1
1671	-0.302953	269.283922	36.963482	0.002980	8.0
1672	-0.317073	268.527470	37.060057	0.001635	11.4
1673	-0.338950	269.402495	36.948390	0.004324	4.4
1674	-0.305302	268.859206	37.017643	0.002831	10.9
1675	-0.324778	268.091420	37.115957	0.002893	5.7
1676	-0.317234	268.997051	37.000047	0.003332	10.3
1677	-0.320715	269.990886	36.873680	0.003623	6.3
1678	-0.318674	270.990082	36.747497	0.001651	6.0
1679	-0.321877	270.321399	36.831845	0.002399	8.2
1680	-0.325578	270.124239	36.856789	0.007447	6.4
1681	-0.313299	271.121155	36.731009	0.002380	6.2
1682	-0.311249	271.324912	36.705406	0.003180	6.1
1683	-0.323060	270.596551	36.797090	0.002802	9.2
1684	-0.305916	271.564606	36.675334	0.004654	5.6
1685	-0.331629	270.796332	36.771897	0.005650	6.1
1686	-0.302968	270.027788	36.869004	0.002708	10.9
1687	-0.326504	271.026865	36.742868	0.008489	6.0
1688	-0.317704	272.026270	36.617552	0.001866	10.3
1689	-0.330198	271.309409	36.707353	0.002261	5.7
1690	-0.327486	270.683723	36.786093	0.006149	5.2
1691	-0.339729	269.915645	36.883216	0.004732	5.8
1692	-0.328097	270.915645	36.756867	0.003697	4.3
1693	-0.347850	270.149806	36.853553	0.006440	11.0
1694	-0.308726	269.381367	36.951078	0.006762	7.6
1695	-0.334924	270.308164	36.833519	0.002606	5.9
1696	-0.343340	269.539619	36.930952	0.003020	5.6
1697	-0.304024	270.414788	36.820042	0.005857	10.6
1698	-0.326416	271.414785	36.694125	0.003680	8.4
1699	-0.317874	272.406241	36.570131	0.002533	6.9
1700	-0.319629	271.655691	36.663919	0.004198	5.8
1701	-0.352583	271.628598	36.667314	0.003465	10.8
1702	-0.318674	270.870881	36.762505	0.002968	6.7
1703	-0.333314	271.692234	36.659342	0.007960	5.8
1704	-0.317476	272.676503	36.536477	0.003463	5.7
1705	-0.309999	273.676503	36.412488	0.003676	9.7
1706	-0.301215	274.126650	36.356949	0.002674	3.2
1707	-0.327008	273.514061	36.432572	0.003704	3.2
1708	-0.340705	272.766508	36.525282	0.003918	6.2
1709	-0.305750	273.738458	36.404834	0.003690	6.3
1710	-0.304217	273.471745	36.437807	0.003870	5.9
1711	-0.300348	272.861102	36.513525	0.007228	6.3
1712	-0.320221	273.861019	36.389702	0.004864	6.0
1713	-0.321179	273.092373	36.484811	0.003314	5.9
1714	-0.314156	272.323902	36.580397	0.003219	5.8
1715	-0.312165	271.562294	36.675624	0.005465	9.1
1716	-0.303880	270.793648	36.772235	0.005700	6.1
1717	-0.307599	270.025003	36.869357	0.003260	5.7
1718	-0.334654	269.257007	36.966910	0.003654	5.7
1719	-0.339131	270.156553	36.852699	0.003223	6.3
1720	-0.315589	270.783370	36.773531	0.002727	5.7
1721	-0.312608	271.618737	36.668550	0.002029	5.9
1722	-0.308586	271.472557	36.686877	0.002654	12.0
1723	-0.322662	270.732014	36.780004	0.006057	6.1
1724	-0.327727	271.731923	36.654372	0.006525	5.8
1725	-0.323017	272.731923	36.529583	0.004493	6.3
1726	-0.314431	271.963277	36.625425	0.003073	4.5
1727	-0.309697	271.208505	36.720029	0.003538	6.1
1728	-0.328209	270.749153	36.777843	0.003649	9.7
1729	-0.318835	270.121151	36.857180	0.004176	5.7
1730	-0.316865	270.717908	36.781783	0.004034	5.5
1731	-0.314158	270.009085	36.871374	0.003771	4.8
1732	-0.314955	269.281327	36.963813	0.007225	4.4
1733	-0.330254	268.615761	37.048760	0.002928	4.3
1734	-0.326611	269.615723	36.921281	0.004779	4.6
1735	-0.331992	270.615243	36.794732	0.002128	4.3
1736	-0.310162	270.985852	36.748029	0.006653	4.6
1737	-0.310921	271.749733	36.652142	0.005263	4.4
1738	-0.327086	272.749728	36.527369	0.003264	13.0
1739	-0.326545	272.624760	36.542915	0.004214	7.6
1740	-0.322184	272.580102	36.548474	0.005603	4.1
1741	-0.311470	273.579117	36.424526	0.003451	4.7
1742	-0.337419	274.579106	36.301296	0.004653	4.4
1743	-0.339214	275.579000	36.178909	0.005391	4.5
1744	-0.333244	276.579000	36.057332	0.005694	4.5
1745	-0.343390	275.810433	36.150699	0.006113	4.3
1746	-0.315735	276.809910	36.029374	0.005454	4.5
1747	-0.339148	277.809910	35.908798	0.002307	4.5
1748	-0.326645	277.108691	35.993264	0.004768	4.5
1749	-0.309799	276.762747	36.035081	0.004031	4.3
1750	-0.307053	275.994105	36.128342	0.004647	4.7
1751	-0.309377	275.229798	36.221558	0.003357	4.6
1752	-0.305702	276.229698	36.099706	0.002936	4.4
1753	-0.307058	277.217471	35.980134	0.003310	4.5
1754	-0.321674	276.703706	36.042227	0.006277	4.6
1755	-0.327472	277.057265	35.999474	0.010926	4.7
1756	-0.310779	276.860376	36.023270	0.005820	4.3
1757	-0.316092	276.091729	36.116471	0.005824	10.8
1758	-0.321880	275.323082	36.210155	0.004514	7.3
1759	-0.321093	276.273835	36.094346	0.004884	5.4
1760	-0.316162	275.505595	36.187866	0.005104	6.9
1761	-0.322619	274.736949	36.281921	0.004214	3.8
1762	-0.305054	275.736948	36.159652	0.004776	4.3
1763	-0.309498	276.736942	36.038204	0.004215	4.4
1764	-0.331690	277.682576	35.924107	0.003197	5.1
1765	-0.316724	278.059067	35.878881	0.001517	10.0
1766	-0.310839	278.893926	35.779000	0.007546	11.1
1767	-0.307729	279.861005	35.663993	0.004587	5.6
1768	-0.352467	280.860946	35.545853	0.005786	6.0
1769	-0.315732	281.860946	35.428486	0.002763	5.9
1770	-0.312630	281.291339	35.495243	0.003593	6.0
1771	-0.352340	281.071016	35.521133	0.006845	5.9
1772	-0.312025	280.302572	35.611726	0.007442	10.3
1773	-0.311885	279.604715	35.694399	0.002458	5.4
1774	-0.322737	278.836458	35.785857	0.007662	6.4
1775	-0.300819	279.629061	35.691508	0.002672	5.8
1776	-0.323687	278.860504	35.782988	0.002591	6.5
1777	-0.318174	278.110207	35.872747	0.006322	10.6
1778	-0.315973	277.342584	35.965046	0.004847	5.6
1779	-0.332316	278.342584	35.844899	0.002958	5.8
1780	-0.308300	277.577238	35.936781	0.002708	6.5
1781	-0.295595	277.115969	35.992385	0.004581	6.1
1782	-0.335777	277.747548	35.916294	0.006522	5.9
1783	-0.313237	277.430333	35.954471	0.006821	6.1
1784	-0.301596	276.661686	36.047315	0.004220	8.3
1785	-0.320005	277.660558	35.926755	0.001746	5.6
1786	-0.339260	278.103104	35.873599	0.003833	5.8
1787	-0.324363	277.939593	35.893220	0.002625	7.2
1788	-0.323195	277.300037	35.970175	0.002879	9.3
1789	-0.338843	277.363494	35.962525	0.004293	5.7
1790	-0.314270	277.702807	35.921673	0.005774	6.0
1791	-0.323436	276.944583	36.013089	0.005446	7.8
1792	-0.324477	277.943051	35.892805	0.004222	5.6
1793	-0.320585	278.943046	35.773140	0.005053	4.6
1794	-0.330940	278.537226	35.821607	0.005446	5.9
1795	-0.324984	279.537225	35.702415	0.001816	10.5
1796	-0.317333	279.246117	35.737031	0.012658	4.1
1797	-0.343361	280.180643	35.626143	0.002709	3.8
1798	-0.337740	279.411996	35.717298	0.002728	3.8
1799	-0.349450	279.158663	35.747443	0.003881	3.6
1800	-0.315260	279.604464	35.694429	0.003189	3.7
1801	-0.321667	280.568363	35.580339	0.008025	5.5
1802	-0.310896	279.799737	35.671257	0.010825	5.7
1803	-0.324426	280.799737	35.553062	0.004875	3.6
1804	-0.332657	281.799737	35.435647	0.003973	5.2
1805	-0.325363	281.031092	35.525828	0.004608	11.5
1806	-0.330548	282.029226	35.408811	0.004683	6.0
1807	-0.311239	281.260607	35.498852	0.002259	11.5
1808	-0.326747	280.789935	35.554216	0.001631	5.7
1809	-0.316395	281.105304	35.517101	0.003419	5.9
1810	-0.330625	281.476991	35.473457	0.003292	6.4
1811	-0.330921	280.729372	35.561353	0.004433	7.3
1812	-0.313919	281.727116	35.444148	0.003104	4.1
1813	-0.319687	282.684279	35.332434	0.008037	6.2
1814	-0.321981	281.915640	35.422089	0.002111	5.7
1815	-0.342387	281.225874	35.502932	0.001487	6.0
1816	-0.331074	281.043460	35.524373	0.004136	5.7
1817	-0.337574	281.186516	35.507556	0.004028	4.3
1818	-0.306414	280.934374	35.537208	0.001676	4.4
1819	-0.329762	281.003800	35.529039	0.002301	8.0
1820	-0.317723	281.364408	35.486666	0.007557	5.9
1821	-0.330007	282.364341	35.369697	0.003733	5.8
1822	-0.328756	283.364341	35.253488	0.004299	8.0
1823	-0.315234	284.361262	35.138395	0.001663	10.9
1824	-0.340626	284.032612	35.176254	0.015633	15.3
1825	-0.338914	284.605535	35.110309	0.003748	6.6
1826	-0.340507	285.605535	34.995796	0.003101	10.6
1827	-0.335055	286.546499	34.888723	0.006828	10.4
1828	-0.323140	287.529108	34.777609	0.006204	5.6
1829	-0.320184	288.477155	34.671072	0.002507	9.5
1830	-0.330452	287.708633	34.757385	0.007670	16.8
1831	-0.312288	286.939988	34.844142	0.004187	1.5
1832	-0.317971	286.171341	34.931334	0.007658	6.3
1833	-0.317008	285.402694	35.018963	0.003946	6.1
1834	-0.291802	284.634047	35.107033	0.005508	12.1
1835	-0.333221	285.633485	34.992606	0.003652	1.6
1836	-0.334891	284.864839	35.080543	0.004177	5.4
1837	-0.332385	285.841397	34.968895	0.002742	9.5
1838	-0.341906	286.172623	34.931188	0.005032	5.9
1839	-0.321192	285.404329	35.018776	0.003664	5.9
1840	-0.326563	284.635686	35.106845	0.002303	6.0
1841	-0.319619	284.556994	35.115886	0.001654	5.8
1842	-0.313300	285.001740	35.064849	0.003075	8.1
1843	-0.304315	284.894252	35.077170	0.001772	5.7
1844	-0.319229	285.711732	34.983679	0.004920	8.2
1845	-0.352260	286.677636	34.873853	0.003829	2.0
1846	-0.337747	287.675653	34.761098	0.002191	5.6
1847	-0.303565	287.223190	34.812127	0.002973	8.7
1848	-0.330896	286.705565	34.870688	0.005387	7.9
1849	-0.304422	285.945979	34.956981	0.003987	6.0
1850	-0.310974	286.945976	34.843464	0.003222	5.8
1851	-0.328872	286.179355	34.930423	0.002492	11.4
1852	-0.319608	286.113402	34.937924	0.003488	5.6
1853	-0.323358	286.958389	34.842060	0.004678	6.4
1854	-0.313789	287.958256	34.729302	0.005786	5.8
1855	-0.318895	287.189609	34.815920	0.002623	4.5
1856	-0.305604	286.425069	34.902504	0.001884	4.3
1857	-0.335867	285.700885	34.984916	0.003868	4.4
1858	-0.328292	286.653630	34.876574	0.006275	4.3
1859	-0.328419	287.653629	34.763579	0.003970	4.3
1860	-0.324103	288.572614	34.660381	0.005322	7.2
1861	-0.330959	287.808028	34.746197	0.003267	6.0
1862	-0.324392	288.209372	34.701098	0.003285	3.8
1863	-0.323545	287.448836	34.786660	0.001717	3.9
1864	-0.346420	287.380412	34.794378	0.003022	3.8
1865	-0.344661	288.242445	34.697387	0.003080	3.9
1866	-0.313554	287.721627	34.755922	0.002154	3.7
1867	-0.311317	286.987315	34.838788	0.002045	3.9
1868	-0.332494	286.971084	34.840624	0.002357	3.8
1869	-0.314530	287.309372	34.802395	0.002672	4.0
1870	-0.308361	287.974301	34.727499	0.005139	3.7
1871	-0.312990	287.215652	34.812978	0.001940	3.6
1872	-0.303350	287.259608	34.808014	0.004177	3.9
1873	-0.295507	287.497504	34.781172	0.002195	3.6
1874	-0.317000	286.937471	34.844427	0.002660	3.7
1875	-0.331550	287.768348	34.750663	0.006614	4.1
1876	-0.328775	287.005614	34.836718	0.007900	3.9
1877	-0.314765	286.236996	34.923869	0.002123	3.7
1878	-0.303050	287.236556	34.810617	0.002134	5.7
1879	-0.324544	288.013010	34.723149	0.004202	6.2
1880	-0.326635	288.028417	34.721417	0.005601	9.6
1881	-0.325762	288.907941	34.622877	0.007410	13.4
1882	-0.313075	289.907941	34.511517	0.002681	7.9
1883	-0.332722	290.907938	34.400871	0.005400	10.9
1884	-0.307434	290.187795	34.480480	0.005844	5.9
1885	-0.308861	289.419148	34.565860	0.006558	5.8
1886	-0.323025	288.650501	34.651663	0.002359	5.7
1887	-0.335504	289.649309	34.540250	0.008107	11.2
1888	-0.341809	289.301940	34.578916	0.002359	7.9
1889	-0.316327	288.535150	34.664576	0.001915	6.1
1890	-0.334642	287.865641	34.739716	0.003241	5.8
1891	-0.317203	288.648562	34.651880	0.001156	5.9
1892	-0.319558	288.383867	34.681526	0.002963	6.3
1893	-0.309122	288.135954	34.709339	0.014958	6.1
1894	-0.319851	289.135954	34.597423	0.006306	11.2
1895	-0.330873	290.135954	34.486226	0.003065	4.8
1896	-0.309052	289.414589	34.566367	0.006430	5.8
1897	-0.323781	290.414571	34.455371	0.002670	5.7
1898	-0.306246	289.647351	34.540467	0.002528	6.4
1899	-0.303584	288.905208	34.623183	0.006707	5.3
1900	-0.310047	288.136718	34.709253	0.001675	7.6
1901	-0.325227	288.950819	34.618088	0.002898	5.7
1902	-0.334545	288.836389	34.630873	0.002142	5.3
1903	-0.325189	288.453464	34.673726	0.006774	6.1
1904	-0.330658	289.329342	34.575863	0.004058	8.2
1905	-0.330215	288.579277	34.659635	0.007804	5.8
1906	-0.329959	289.578244	34.548153	0.006693	5.9
1907	-0.334167	290.578244	34.437272	0.013438	8.1
1908	-0.334473	291.578244	34.327100	0.004551	5.9
1909	-0.331693	290.849949	34.407268	0.004626	10.0
1910	-0.323193	291.849898	34.297293	0.004353	8.0
1911	-0.312655	291.128799	34.376529	0.005295	5.8
1912	-0.317415	290.360645	34.461339	0.003361	5.8
1913	-0.344781	289.592018	34.546621	0.001685	5.7
1914	-0.325576	288.844831	34.629930	0.005985	6.2
1915	-0.350145	289.843744	34.518644	0.003839	5.6
1916	-0.295653	290.784316	34.414511	0.001586	4.5
1917	-0.349287	290.606133	34.434190	0.003277	12.4
1918	-0.330298	291.253695	34.362779	0.004018	5.5
1919	-0.328637	290.542531	34.441219	0.005231	6.2
1920	-0.308693	289.773885	34.526404	0.005875	5.8
1921	-0.309739	289.005238	34.612011	0.004724	5.9
1922	-0.315364	290.005238	34.500720	0.002298	5.9
1923	-0.323746	291.001940	34.390506	0.009631	5.8
1924	-0.313518	290.235570	34.475188	0.002602	8.5
1925	-0.325994	291.235569	34.364774	0.004524	6.1
1926	-0.320190	290.468366	34.449420	0.008270	6.2
1927	-0.350099	291.468366	34.339171	0.008680	6.2
1928	-0.326270	290.699719	34.423851	0.008389	5.8
1929	-0.315537	291.699719	34.313765	0.005766	5.8
1930	-0.331461	290.931143	34.398312	0.003653	5.9
1931	-0.310665	291.815295	34.301087	0.002608	5.9
1932	-0.317712	291.143041	34.374960	0.007399	5.4
1933	-0.322879	290.918541	34.399701	0.002040	5.8
1934	-0.323955	291.736170	34.309766	0.003101	3.5
1935	-0.320804	292.691857	34.205238	0.004151	3.6
1936	-0.321145	292.286091	34.249541	0.004243	3.6
1937	-0.322351	292.273698	34.250895	0.004637	3.7
1938	-0.336705	291.975683	34.283509	0.004100	3.7
1939	-0.314272	291.207049	34.367913	0.006729	3.7
1940	-0.324371	290.438402	34.452735	0.005555	3.6
1941	-0.318640	291.438402	34.342464	0.003836	3.8
1942	-0.319443	292.438399	34.232898	0.004973	3.7
1943	-0.312788	293.438391	34.124029	0.007567	3.7
1944	-0.311505	294.350884	34.025288	0.004119	3.7
1945	-0.334702	295.350883	33.917733	0.003551	6.1
1946	-0.335374	294.612891	33.997042	0.002055	5.2
1947	-0.310355	293.856592	34.078704	0.006094	6.1
1948	-0.288411	294.762560	33.980928	0.005075	9.7
1949	-0.313928	293.993913	34.063848	0.003574	3.3
1950	-0.342544	294.993890	33.956051	0.004786	5.9
1951	-0.328286	294.253473	34.035802	0.004252	4.3
1952	-0.317388	295.243962	33.929200	0.005126	3.9
1953	-0.347330	294.475317	34.011867	0.006294	3.9
1954	-0.299518	293.706940	34.094910	0.009015	10.3
1955	-0.311590	294.706940	33.986914	0.004004	3.9
1956	-0.307816	295.706936	33.879601	0.003265	3.8
1957	-0.305720	295.013155	33.953981	0.003526	4.2
1958	-0.311430	294.288856	34.031982	0.004734	4.1
1959	-0.314971	293.520296	34.115142	0.001906	3.9
1960	-0.305982	294.517971	34.007270	0.005322	4.0
1961	-0.323844	293.750000	34.090245	0.003131	4.4
1962	-0.326265	292.981355	34.173700	0.008063	4.0
1963	-0.307052	292.223650	34.256368	0.009148	3.9
1964	-0.336338	293.222160	34.147511	0.003091	5.7
1965	-0.292927	292.904970	34.182016	0.005452	10.6
1966	-0.334259	293.468188	34.120795	0.004922	5.2
1967	-0.310800	292.699852	34.204366	0.002688	5.4
1968	-0.326829	293.448153	34.122969	0.001985	6.2
1969	-0.313500	293.830721	34.081505	0.003744	7.9
1970	-0.313068	293.070317	34.164020	0.005423	6.0
1971	-0.329479	292.302406	34.247757	0.002973	6.2
1972	-0.308122	293.302184	34.138817	0.002465	9.6
1973	-0.320946	292.679104	34.206629	0.003997	5.3
1974	-0.328368	293.338210	34.134904	0.003719	6.3
1975	-0.316824	294.253598	34.035788	0.001771	11.4
1976	-0.314821	293.600190	34.106479	0.004226	5.7
1977	-0.320883	292.858237	34.187106	0.001799	6.0
1978	-0.312092	292.120390	34.267665	0.003524	8.4
1979	-0.329686	292.940891	34.178105	0.005201	10.2
1980	-0.325746	293.932693	34.070469	0.002944	6.4
1981	-0.339436	293.164297	34.153800	0.001723	8.6
1982	-0.313655	292.679836	34.206549	0.002914	10.6
1983	-0.327874	292.507311	34.225373	0.004100	9.1
1984	-0.320399	293.491010	34.118319	0.003728	11.1
1985	-0.319166	294.373927	34.022802	0.002773	8.6
1986	-0.312543	293.859200	34.078422	0.006556	5.8
1987	-0.332288	294.354631	34.024884	0.003827	5.9
1988	-0.301440	295.270827	33.926318	0.004513	5.7
1989	-0.333834	296.270799	33.819389	0.004297	5.9
1990	-0.319698	295.772586	33.872580	0.001795	15.0
1991	-0.323596	295.109101	33.943675	0.004872	3.5
1992	-0.344199	294.350808	34.025296	0.002222	5.0
1993	-0.335621	295.228018	33.930911	0.002732	4.5
1994	-0.320093	295.700870	33.880250	0.003840	4.4
1995	-0.326221	295.148027	33.939496	0.001941	4.4
1996	-0.320925	295.237772	33.929864	0.004894	4.5
1997	-0.312286	295.149212	33.939369	0.004515	4.6
1998	-0.329075	296.149096	33.832367	0.004339	4.4
1999	-0.299103	295.380456	33.914562	0.003437	4.3
