1:ItNr	2:Metric	3:StepSize	4:||Gradient||	Time[ms]
0	-0.000000	627.201626	0.000000	1791.1
1	-0.024887	623.504937	0.000118	21.7
2	-0.000000	619.865785	0.000000	28.0
3	-0.000000	616.282728	0.000000	19.9
4	-0.000000	612.754375	0.000000	22.8
5	-0.000000	609.279381	0.000000	22.9
6	-0.004570	605.856447	0.000346	25.3
7	-0.379232	602.484317	0.002007	20.6
8	-0.181953	599.161779	0.001239	23.3
9	-0.035682	595.887656	0.000818	32.0
10	-0.136185	592.660813	0.001248	23.5
11	-0.087961	589.480151	0.000528	25.0
12	-0.364362	586.344606	0.001476	23.0
13	-0.135322	583.253145	0.000620	23.3
14	-0.000000	580.204771	0.000000	21.0
15	-0.000000	577.198517	0.000000	22.7
16	-0.043881	574.233444	0.000344	20.6
17	-0.015825	571.308645	0.000132	23.2
18	-0.000000	568.423237	0.000000	19.8
19	-0.127675	565.576365	0.000800	26.5
20	-0.000000	562.767201	0.000000	20.6
21	-0.019395	559.994938	0.000396	27.3
22	-0.012860	557.258797	0.000096	20.1
23	-0.148107	554.558018	0.000388	20.6
24	-0.000000	551.891865	0.000000	20.7
25	-0.392904	549.259621	0.001534	20.9
26	-0.000000	546.660592	0.000000	24.3
27	-0.011104	544.094102	0.000090	21.0
28	-0.000000	541.559494	0.000000	22.1
29	-0.203616	539.056129	0.005421	27.4
30	-0.076720	536.583387	0.000793	21.6
31	-0.173273	534.140663	0.000606	25.8
32	-0.108965	531.727370	0.002340	22.9
33	-0.043646	529.342935	0.000410	24.5
34	-0.202821	526.986802	0.001688	19.0
35	-0.000000	524.658430	0.000000	27.3
36	-0.000000	522.357290	0.000000	33.6
37	-0.363958	520.082868	0.000937	20.4
38	-0.025074	517.834665	0.001145	20.7
39	-0.000000	515.612193	0.000000	23.2
40	-0.000000	513.414976	0.000000	20.6
41	-0.003512	511.242551	0.000135	20.9
42	-0.000000	509.094468	0.000000	27.0
43	-0.009154	506.970285	0.000420	24.0
44	-0.145878	504.869574	0.000545	24.5
45	-0.000000	502.791916	0.000000	25.8
46	-0.121601	500.736903	0.001130	20.6
47	-0.155532	498.704137	0.000919	26.0
48	-0.213467	496.693228	0.001189	23.9
49	-0.000000	494.703798	0.000000	20.9
50	-0.083230	492.735476	0.000760	21.0
51	-0.207344	490.787900	0.001505	28.2
52	-0.000000	488.860718	0.000000	22.9
53	-0.000000	486.953585	0.000000	21.6
54	-0.000197	485.066164	0.000007	23.9
55	-0.000000	483.198126	0.000000	21.1
56	-0.286676	481.349149	0.004958	25.5
57	-0.048329	479.518920	0.000319	21.1
58	-0.006738	477.707132	0.000138	29.6
59	-0.448387	475.913485	0.001375	20.6
60	-0.101743	474.137684	0.008073	21.5
61	-0.010034	472.379445	0.000153	23.1
62	-0.000000	470.638485	0.000000	22.3
63	-0.050436	468.914531	0.000439	22.3
64	-0.028712	467.207315	0.000259	20.8
65	-0.007685	465.516573	0.000174	21.8
66	-0.000000	463.842050	0.000000	19.6
67	-0.027060	462.183494	0.000290	31.1
68	-0.000000	460.540658	0.000000	20.8
69	-0.000000	458.913303	0.000000	28.9
70	-0.000000	457.301192	0.000000	25.2
71	-0.119125	455.704096	0.000814	28.1
72	-0.001164	454.121787	0.000031	21.0
73	-0.008251	452.554045	0.000191	23.5
74	-0.002832	451.000653	0.000061	24.1
75	-0.000000	449.461399	0.000000	20.3
76	-0.079354	447.936075	0.001310	26.7
77	-0.000000	446.424477	0.000000	22.2
78	-0.006540	444.926406	0.000131	24.4
79	-0.014870	443.441666	0.001389	24.9
80	-0.122098	441.970065	0.001881	20.9
81	-0.357647	440.511415	0.001804	21.2
82	-0.266345	439.065533	0.003217	22.9
83	-0.032485	437.632238	0.000205	24.2
84	-0.289421	436.211351	0.000592	20.9
85	-0.002926	434.802701	0.000068	21.0
86	-0.420307	433.406117	0.000837	24.2
87	-0.389806	432.021430	0.004625	21.5
88	-0.009048	430.648479	0.000176	27.8
89	-0.100978	429.287101	0.000574	24.9
90	-0.148698	427.937140	0.001620	20.9
91	-0.008923	426.598440	0.000214	25.8
92	-0.049193	425.270849	0.002589	20.8
93	-0.041217	423.954220	0.000216	20.8
94	-0.004783	422.648404	0.000177	25.8
95	-0.001075	421.353259	0.000058	21.6
96	-0.005301	420.068643	0.000142	24.5
97	-0.006629	418.794419	0.000202	24.2
98	-0.000000	417.530451	0.000000	20.7
99	-0.000000	416.276604	0.000000	21.5
100	-0.000000	415.032748	0.000000	25.6
101	-0.000000	413.798754	0.000000	25.5
102	-0.115208	412.574495	0.000922	20.6
103	-0.378415	411.359849	0.001212	20.8
104	-0.032255	410.154691	0.000307	23.8
105	-0.005775	408.958904	0.000096	28.5
106	-0.000000	407.772368	0.000000	20.4
107	-0.340382	406.594968	0.001335	21.3
108	-0.010326	405.426590	0.000342	21.5
109	-0.000000	404.267122	0.000000	21.5
110	-0.000000	403.116456	0.000000	26.1
111	-0.008816	401.974481	0.000193	24.2
112	-0.000475	400.841093	0.000012	20.7
113	-0.446281	399.716187	0.000909	27.1
114	-0.000000	398.599660	0.000000	23.0
115	-0.100498	397.491411	0.000499	21.3
116	-0.053635	396.391342	0.001324	20.9
117	-0.361720	395.299353	0.001856	24.2
118	-0.020954	394.215350	0.000176	22.6
119	-0.028451	393.139238	0.003509	20.8
120	-0.146679	392.070924	0.002788	22.5
121	-0.000000	391.010316	0.000000	20.8
122	-0.000000	389.957325	0.000000	32.9
123	-0.000000	388.911862	0.000000	18.6
124	-0.020636	387.873839	0.000229	20.5
125	-0.000146	386.843173	0.000008	25.9
126	-0.000000	385.819777	0.000000	20.5
127	-0.000000	384.803569	0.000000	22.9
128	-0.010400	383.794468	0.000407	20.0
129	-0.000000	382.792393	0.000000	21.1
130	-0.000000	381.797264	0.000000	21.2
131	-0.005968	380.809005	0.000102	25.4
132	-0.004367	379.827537	0.000116	24.3
133	-0.000005	378.852786	0.000002	23.1
134	-0.014345	377.884678	0.000254	22.2
135	-0.137769	376.923138	0.001191	20.3
136	-0.312817	375.968095	0.001117	21.5
137	-0.019460	375.019479	0.000471	25.0
138	-0.098640	374.077218	0.000627	23.8
139	-0.409448	373.141244	0.000876	20.8
140	-0.035923	372.211489	0.002352	24.9
141	-0.224968	371.287887	0.000635	26.4
142	-0.005546	370.370370	0.000155	20.2
143	-0.000000	369.458876	0.000000	21.4
144	-0.001840	368.553338	0.000083	20.4
145	-0.080491	367.653696	0.000895	23.5
146	-0.000000	366.759885	0.000000	23.1
147	-0.000000	365.871846	0.000000	24.4
148	-0.191617	364.989518	0.001178	20.8
149	-0.000000	364.112841	0.000000	22.5
150	-0.000083	363.241757	0.000002	25.3
151	-0.000000	362.376208	0.000000	20.7
152	-0.000000	361.516137	0.000000	20.3
153	-0.000000	360.661488	0.000000	20.2
154	-0.369787	359.812206	0.000957	25.6
155	-0.000000	358.968236	0.000000	26.4
156	-0.084530	358.129524	0.001044	20.6
157	-0.000000	357.296018	0.000000	34.3
158	-0.096365	356.467665	0.000399	28.3
159	-0.177240	355.644414	0.000953	19.6
160	-0.000005	354.826213	0.000006	21.1
161	-0.058314	354.013012	0.001109	20.8
162	-0.268893	353.204763	0.001575	22.1
163	-0.056879	352.401415	0.000776	21.4
164	-0.073278	351.602922	0.001099	25.9
165	-0.000000	350.809235	0.000000	20.5
166	-0.015174	350.020308	0.000198	22.0
167	-0.007230	349.236095	0.000196	21.8
168	-0.000000	348.456550	0.000000	21.7
169	-0.000000	347.681627	0.000000	27.8
170	-0.068961	346.911283	0.000395	20.6
171	-0.119279	346.145474	0.002870	20.6
172	-0.066946	345.384157	0.000356	23.7
173	-0.000000	344.627288	0.000000	20.5
174	-0.204162	343.874826	0.000932	20.6
175	-0.000000	343.126729	0.000000	23.8
176	-0.263738	342.382957	0.002142	28.9
177	-0.119767	341.643469	0.000553	20.6
178	-0.004328	340.908224	0.000129	22.3
179	-0.278573	340.177184	0.003182	20.8
180	-0.006518	339.450309	0.000078	22.9
181	-0.274224	338.727561	0.000515	21.2
182	-0.000029	338.008902	0.000003	21.0
183	-0.000000	337.294295	0.000000	20.2
184	-0.001410	336.583703	0.000123	24.4
185	-0.000000	335.877089	0.000000	24.5
186	-0.122515	335.174416	0.000652	21.6
187	-0.002745	334.475651	0.000059	21.9
188	-0.004370	333.780756	0.000144	21.7
189	-0.002619	333.089698	0.000048	20.7
190	-0.003029	332.402443	0.000093	29.5
191	-0.306870	331.718955	0.002961	23.1
192	-0.112208	331.039203	0.001198	21.5
193	-0.413489	330.363153	0.001469	22.8
194	-0.000050	329.690771	0.000006	23.9
195	-0.207348	329.022027	0.002870	20.6
196	-0.032422	328.356888	0.000486	21.2
197	-0.000000	327.695322	0.000000	23.4
198	-0.000000	327.037299	0.000000	23.2
199	-0.005561	326.382787	0.000177	21.5
200	-0.271600	325.731758	0.001493	20.8
201	-0.393320	325.084179	0.001493	21.3
202	-0.000000	324.440023	0.000000	23.4
203	-0.000000	323.799258	0.000000	27.8
204	-0.254294	323.161858	0.001403	20.9
205	-0.022308	322.527792	0.000915	23.4
206	-0.000000	321.897034	0.000000	20.5
207	-0.053572	321.269554	0.001229	25.8
208	-0.028857	320.645325	0.000391	24.1
209	-0.097707	320.024320	0.000902	23.8
210	-0.027395	319.406512	0.000359	30.6
211	-0.000000	318.791875	0.000000	19.1
212	-0.206577	318.180381	0.000954	22.4
213	-0.273256	317.572005	0.001768	20.6
214	-0.285206	316.966721	0.001157	21.2
215	-0.302635	316.364504	0.001551	22.3
216	-0.000000	315.765329	0.000001	26.4
217	-0.019499	315.169170	0.000326	20.8
218	-0.120418	314.576003	0.001205	21.0
219	-0.000000	313.985804	0.000000	21.3
220	-0.000942	313.398548	0.000000	24.3
221	-0.001348	312.814213	0.000098	27.8
222	-0.103682	312.232773	0.003897	24.6
223	-0.000000	311.654207	0.000000	20.8
224	-0.023470	311.078491	0.000827	27.1
225	-0.000000	310.505602	0.000000	22.8
226	-0.037818	309.935518	0.000871	20.8
227	-0.118267	309.368217	0.001696	30.8
228	-0.000000	308.803676	0.000000	21.3
229	-0.000000	308.241874	0.000000	24.2
230	-0.000000	307.682789	0.000000	20.3
231	-0.422914	307.126400	0.002139	21.1
232	-0.144312	306.572687	0.000325	21.4
233	-0.040063	306.021627	0.000697	22.3
234	-0.085728	305.473201	0.000504	23.4
235	-0.146339	304.927388	0.000756	23.2
236	-0.000000	304.384168	0.000000	27.3
237	-0.000000	303.843521	0.000000	21.6
238	-0.063773	303.305427	0.000665	21.3
239	-0.000000	302.769867	0.000000	21.2
240	-0.161125	302.236821	0.001375	20.6
241	-0.042622	301.706270	0.000527	20.4
242	-0.019243	301.178196	0.000183	22.0
243	-0.000000	300.652580	0.000000	22.5
244	-0.123013	300.129402	0.000986	23.0
245	-0.005483	299.608645	0.000081	25.5
246	-0.000000	299.090291	0.000000	28.2
247	-0.000000	298.574321	0.000000	23.3
248	-0.000000	298.060718	0.000000	35.2
249	-0.000000	297.549465	0.000000	20.3
250	-0.000000	297.040543	0.000000	22.2
251	-0.352482	296.533936	0.000821	22.1
252	-0.048700	296.029626	0.003545	22.5
253	-0.015893	295.527597	0.000229	24.3
254	-0.000000	295.027832	0.000000	21.6
255	-0.128766	294.530315	0.001372	23.4
256	-0.137236	294.035028	0.001286	22.3
257	-0.001591	293.541956	0.000077	21.0
258	-0.000000	293.051083	0.000000	21.0
259	-0.000000	292.562393	0.000000	23.5
260	-0.003469	292.075870	0.000106	20.9
261	-0.000000	291.591498	0.000000	23.4
262	-0.018798	291.109263	0.000273	21.9
263	-0.130959	290.629149	0.002763	27.9
264	-0.000000	290.151140	0.000000	28.8
265	-0.039406	289.675222	0.000758	23.4
266	-0.033138	289.201380	0.000501	20.7
267	-0.001196	288.729600	0.000029	21.9
268	-0.202639	288.259866	0.001061	21.0
269	-0.000480	287.792165	0.000089	20.8
270	-0.000000	287.326481	0.000000	20.6
271	-0.101607	286.862802	0.000486	22.0
272	-0.216289	286.401113	0.002110	23.6
273	-0.000000	285.941400	0.000000	18.5
274	-0.000000	285.483649	0.000000	21.1
275	-0.128947	285.027847	0.001353	20.9
276	-0.016779	284.573981	0.000294	21.0
277	-0.081510	284.122037	0.000798	21.9
278	-0.394826	283.672002	0.001524	21.1
279	-0.269934	283.223863	0.002065	28.3
280	-0.007629	282.777607	0.000259	29.2
281	-0.187197	282.333221	0.001274	19.8
282	-0.040600	281.890692	0.001060	22.6
283	-0.000000	281.450008	0.000000	20.9
284	-0.000000	281.011157	0.000000	20.4
285	-0.038352	280.574125	0.000303	26.1
286	-0.179669	280.138901	0.001340	20.9
287	-0.095190	279.705473	0.000646	21.0
288	-0.000000	279.273829	0.000000	20.5
289	-0.023245	278.843956	0.000302	24.1
290	-0.119561	278.415844	0.005423	28.1
291	-0.000000	277.989479	0.000000	21.4
292	-0.090958	277.564851	0.001139	20.9
293	-0.000000	277.141949	0.000000	21.2
294	-0.000000	276.720761	0.000000	22.4
295	-0.370927	276.301275	0.005364	24.6
296	-0.249404	275.883480	0.003473	22.6
297	-0.011652	275.467366	0.000226	26.0
298	-0.126782	275.052922	0.000424	24.9
299	-0.017843	274.640136	0.000431	20.8
300	-0.030995	274.228998	0.000409	21.0
301	-0.000000	273.819497	0.000000	22.7
302	-0.000002	273.411623	0.000005	25.5
303	-0.001325	273.005365	0.000133	22.0
304	-0.051834	272.600712	0.000655	20.9
305	-0.000000	272.197655	0.000000	21.1
306	-0.000000	271.796184	0.000000	33.8
307	-0.002279	271.396287	0.000090	31.4
308	-0.170337	270.997956	0.001808	22.1
309	-0.000000	270.601180	0.000000	21.2
310	-0.018975	270.205949	0.000571	25.6
311	-0.000000	269.812254	0.000000	22.0
312	-0.026599	269.420085	0.000260	23.7
313	-0.011662	269.029432	0.000273	22.8
314	-0.000897	268.640287	0.000091	25.0
315	-0.059921	268.252638	0.000383	23.4
316	-0.173326	267.866478	0.001501	21.3
317	-0.042430	267.481796	0.000271	23.8
318	-0.042916	267.098584	0.000301	23.6
319	-0.263316	266.716833	0.001120	22.1
320	-0.155597	266.336533	0.001791	22.0
321	-0.328724	265.957676	0.001014	23.1
322	-0.000000	265.580253	0.000000	20.8
323	-0.000000	265.204254	0.000000	27.0
324	-0.057393	264.829672	0.000859	21.0
325	-0.004672	264.456497	0.000089	20.5
326	-0.003326	264.084721	0.000087	23.4
327	-0.139194	263.714335	0.001511	23.1
328	-0.001935	263.345332	0.000168	24.3
329	-0.002546	262.977702	0.000083	20.5
330	-0.317684	262.611438	0.001288	20.8
331	-0.002396	262.246531	0.000129	21.0
332	-0.015447	261.882973	0.000201	28.6
333	-0.003350	261.520756	0.000174	20.5
334	-0.003977	261.159871	0.000125	23.8
335	-0.000000	260.800312	0.000000	20.9
336	-0.000000	260.442070	0.000000	23.0
337	-0.000000	260.085137	0.000000	22.9
338	-0.006803	259.729505	0.000094	21.3
339	-0.092628	259.375167	0.000650	26.7
340	-0.031372	259.022116	0.000783	29.6
341	-0.250191	258.670343	0.001665	22.1
342	-0.349834	258.319841	0.001732	20.5
343	-0.171122	257.970602	0.000956	20.9
344	-0.020289	257.622620	0.000211	23.1
345	-0.000000	257.275887	0.000000	23.1
346	-0.319280	256.930396	0.001432	22.4
347	-0.018904	256.586139	0.000189	21.0
348	-0.071771	256.243109	0.000518	20.9
349	-0.032314	255.901300	0.000809	21.3
350	-0.022697	255.560703	0.000310	26.9
351	-0.295250	255.221313	0.001671	24.5
352	-0.000000	254.883122	0.000000	20.7
353	-0.000000	254.546124	0.000000	24.0
354	-0.003559	254.210311	0.000147	28.1
355	-0.072540	253.875677	0.000436	19.3
356	-0.013211	253.542215	0.000249	20.6
357	-0.000000	253.209918	0.000000	26.3
358	-0.026573	252.878781	0.000371	23.3
359	-0.343988	252.548795	0.001655	27.3
360	-0.035429	252.219956	0.000365	23.1
361	-0.018465	251.892255	0.000390	23.1
362	-0.000000	251.565688	0.000000	24.5
363	-0.000000	251.240247	0.000000	27.8
364	-0.012301	250.915926	0.000283	23.0
365	-0.145152	250.592720	0.000795	20.2
366	-0.142739	250.270621	0.001070	21.7
367	-0.000000	249.949624	0.000000	23.7
368	-0.223112	249.629723	0.001190	23.6
369	-0.007178	249.310911	0.000122	21.6
370	-0.000000	248.993182	0.000000	20.5
371	-0.000000	248.676531	0.000000	24.0
372	-0.000000	248.360952	0.000000	22.1
373	-0.000000	248.046438	0.000000	21.1
374	-0.000457	247.732984	0.000011	23.3
375	-0.000000	247.420584	0.000000	21.8
376	-0.000000	247.109233	0.000000	23.6
377	-0.000000	246.798924	0.000000	20.8
378	-0.000000	246.489652	0.000000	22.8
379	-0.422675	246.181412	0.001395	20.6
380	-0.000087	245.874197	0.000005	25.5
381	-0.021281	245.568002	0.000216	20.8
382	-0.000000	245.262822	0.000000	24.0
383	-0.002674	244.958652	0.000082	20.9
384	-0.000000	244.655485	0.000000	24.0
385	-0.000000	244.353317	0.000000	26.4
386	-0.023197	244.052142	0.000688	21.4
387	-0.000000	243.751955	0.000000	22.9
388	-0.015276	243.452750	0.000152	20.8
389	-0.003093	243.154523	0.000076	23.8
390	-0.382849	242.857268	0.000707	20.5
391	-0.335053	242.560980	0.001303	20.9
392	-0.005621	242.265654	0.000226	20.8
393	-0.008680	241.971285	0.000394	25.8
394	-0.000000	241.677868	0.000000	24.8
395	-0.167397	241.385397	0.001320	23.3
396	-0.241123	241.093869	0.001536	24.9
397	-0.000000	240.803278	0.000000	23.3
398	-0.000000	240.513619	0.000000	21.2
399	-0.000000	240.224887	0.000000	22.0
400	-0.070780	239.937077	0.000373	20.9
401	-0.037499	239.650186	0.000471	20.7
402	-0.470224	239.364207	0.001308	26.5
403	-0.364470	239.079136	0.000894	22.7
404	-0.004650	238.794969	0.000116	24.9
405	-0.000000	238.511701	0.000000	20.6
406	-0.129540	238.229327	0.001168	22.9
407	-0.012074	237.947843	0.000136	23.6
408	-0.000000	237.667244	0.000000	20.2
409	-0.000000	237.387526	0.000000	19.9
410	-0.000000	237.108684	0.000000	20.5
411	-0.402763	236.830714	0.001259	27.5
412	-0.005369	236.553610	0.000065	20.0
413	-0.000000	236.277370	0.000000	20.8
414	-0.002950	236.001989	0.000149	21.5
415	-0.432942	235.727461	0.002258	20.7
416	-0.241872	235.453784	0.001690	26.8
417	-0.018615	235.180952	0.000239	27.8
418	-0.100596	234.908962	0.001840	23.1
419	-0.000000	234.637809	0.000000	20.1
420	-0.019095	234.367488	0.000413	25.2
421	-0.000000	234.097997	0.000000	26.9
422	-0.216937	233.829331	0.001497	30.9
423	-0.000000	233.561485	0.000000	24.9
424	-0.048699	233.294456	0.000345	24.0
425	-0.000000	233.028239	0.000000	24.6
426	-0.055789	232.762831	0.000518	26.3
427	-0.000000	232.498228	0.000000	30.3
428	-0.176003	232.234425	0.001246	27.2
429	-0.010733	231.971419	0.000478	22.9
430	-0.189987	231.709205	0.001579	30.4
431	-0.000000	231.447781	0.000000	30.3
432	-0.413858	231.187141	0.002002	28.2
433	-0.001070	230.927283	0.000056	24.8
434	-0.079845	230.668202	0.001646	24.2
435	-0.029300	230.409895	0.000380	35.5
436	-0.018133	230.152358	0.000377	29.3
437	-0.018280	229.895587	0.000132	29.1
438	-0.244590	229.639578	0.001438	29.9
439	-0.000000	229.384329	0.000000	26.7
440	-0.000000	229.129834	0.000000	27.5
441	-0.386323	228.876091	0.000743	42.1
442	-0.070646	228.623096	0.000813	27.1
443	-0.341281	228.370846	0.001068	32.7
444	-0.000106	228.119336	0.000010	32.0
445	-0.285941	227.868563	0.001922	28.3
446	-0.368208	227.618525	0.005565	37.3
447	-0.006112	227.369216	0.000677	27.1
448	-0.161462	227.120635	0.001730	26.8
449	-0.055421	226.872777	0.000653	27.7
450	-0.000000	226.625638	0.000000	34.0
451	-0.002829	226.379217	0.000147	21.8
452	-0.112436	226.133509	0.002574	26.8
453	-0.002912	225.888510	0.000139	29.6
454	-0.015174	225.644218	0.000410	33.2
455	-0.264038	225.400630	0.002271	26.8
456	-0.000000	225.157741	0.000000	28.7
457	-0.000000	224.915549	0.000000	25.1
458	-0.000000	224.674051	0.000000	30.2
459	-0.000000	224.433242	0.000000	31.4
460	-0.013457	224.193121	0.000291	24.4
461	-0.001748	223.953684	0.000046	32.9
462	-0.205816	223.714927	0.001375	21.2
463	-0.348680	223.476848	0.004897	33.8
464	-0.080889	223.239444	0.000691	31.8
465	-0.000000	223.002710	0.000000	31.7
466	-0.000000	222.766645	0.000000	25.7
467	-0.000209	222.531245	0.000014	29.6
468	-0.084580	222.296508	0.000526	31.4
469	-0.000000	222.062429	0.000000	34.5
470	-0.030632	221.829007	0.000223	31.5
471	-0.335017	221.596238	0.002422	26.2
472	-0.000000	221.364119	0.000000	27.5
473	-0.027369	221.132647	0.000262	29.3
474	-0.000000	220.901820	0.000000	25.4
475	-0.000000	220.671634	0.000000	29.2
476	-0.000000	220.442086	0.000000	29.7
477	-0.030496	220.213174	0.000222	28.9
478	-0.040307	219.984895	0.000537	28.4
479	-0.000000	219.757246	0.000000	28.9
480	-0.098975	219.530224	0.001131	30.4
481	-0.000000	219.303826	0.000000	33.6
482	-0.000000	219.078050	0.000000	23.6
483	-0.017720	218.852893	0.000184	24.6
484	-0.059079	218.628352	0.000281	33.6
485	-0.000000	218.404424	0.000000	25.8
486	-0.004756	218.181106	0.000154	30.9
487	-0.000005	217.958397	0.000001	28.5
488	-0.015364	217.736292	0.000142	34.5
489	-0.161980	217.514790	0.001176	31.8
490	-0.001791	217.293888	0.000123	25.7
491	-0.020466	217.073584	0.000363	32.3
492	-0.100915	216.853873	0.000988	27.2
493	-0.017840	216.634755	0.000154	32.0
494	-0.000000	216.416227	0.000000	34.5
495	-0.068939	216.198285	0.001027	29.0
496	-0.001026	215.980927	0.000226	30.8
497	-0.347751	215.764151	0.002273	34.8
498	-0.000000	215.547955	0.000000	29.8
499	-0.365162	215.332335	0.003016	23.3
500	-0.297174	215.117289	0.002028	31.2
501	-0.000000	214.902815	0.000000	30.6
502	-0.108580	214.688911	0.000744	28.7
503	-0.050664	214.475573	0.000648	33.7
504	-0.189061	214.262800	0.002017	30.9
505	-0.110013	214.050588	0.000813	24.9
506	-0.029395	213.838936	0.000238	28.7
507	-0.000000	213.627842	0.000000	33.8
508	-0.382317	213.417302	0.001358	28.5
509	-0.000000	213.207314	0.000000	34.9
510	-0.000000	212.997877	0.000000	34.7
511	-0.000000	212.788987	0.000000	26.1
512	-0.000000	212.580642	0.000000	27.9
513	-0.065945	212.372841	0.000338	37.4
514	-0.104179	212.165581	0.001061	27.8
515	-0.000000	211.958859	0.000000	31.3
516	-0.000000	211.752673	0.000000	34.8
517	-0.000470	211.547021	0.000009	30.7
518	-0.233603	211.341902	0.001024	30.1
519	-0.000094	211.137311	0.000048	31.4
520	-0.000000	210.933248	0.000000	37.0
521	-0.028994	210.729710	0.000895	33.0
522	-0.011509	210.526695	0.000186	24.4
523	-0.053525	210.324200	0.000702	30.2
524	-0.000000	210.122224	0.000000	29.0
525	-0.000000	209.920765	0.000000	34.9
526	-0.000000	209.719820	0.000000	29.8
527	-0.032843	209.519387	0.000544	28.0
528	-0.132042	209.319463	0.000782	28.0
529	-0.021640	209.120048	0.000366	33.6
530	-0.004162	208.921139	0.000121	30.1
531	-0.000032	208.722733	0.000007	31.6
532	-0.000000	208.524829	0.000000	31.5
533	-0.341791	208.327425	0.000870	27.4
534	-0.056418	208.130518	0.001031	27.5
535	-0.305254	207.934107	0.001571	25.4
536	-0.014961	207.738189	0.000439	31.7
537	-0.238137	207.542762	0.002307	25.4
538	-0.000000	207.347825	0.000000	29.0
539	-0.050593	207.153376	0.000370	28.2
540	-0.000000	206.959412	0.000000	28.5
541	-0.000000	206.765932	0.000000	30.3
542	-0.000000	206.572933	0.000000	28.8
543	-0.165780	206.380414	0.000930	31.0
544	-0.050529	206.188373	0.000452	24.3
545	-0.055652	205.996807	0.000324	29.0
546	-0.014653	205.805716	0.001486	30.4
547	-0.039347	205.615096	0.000668	31.2
548	-0.000000	205.424946	0.000000	26.4
549	-0.197044	205.235265	0.000695	27.7
550	-0.019885	205.046050	0.000385	26.8
551	-0.314877	204.857299	0.001592	43.0
552	-0.152459	204.669011	0.000878	20.1
553	-0.000000	204.481184	0.000000	34.4
554	-0.229029	204.293816	0.001088	26.6
555	-0.076467	204.106905	0.000711	26.0
556	-0.000000	203.920449	0.000000	36.0
557	-0.250406	203.734447	0.001290	31.5
558	-0.026386	203.548896	0.001581	33.3
559	-0.000000	203.363795	0.000000	29.4
560	-0.025787	203.179143	0.000681	32.1
561	-0.014505	202.994937	0.000259	28.9
562	-0.229203	202.811176	0.000878	38.2
563	-0.000000	202.627857	0.000000	29.5
564	-0.211248	202.444980	0.001228	31.7
565	-0.000000	202.262543	0.000000	27.5
566	-0.000000	202.080543	0.000000	25.8
567	-0.091469	201.898979	0.000789	29.9
568	-0.000000	201.717849	0.000000	23.7
569	-0.055328	201.537153	0.000631	27.9
570	-0.001012	201.356887	0.000074	28.0
571	-0.072228	201.177050	0.000560	27.3
572	-0.257596	200.997642	0.000619	28.1
573	-0.246855	200.818659	0.001212	28.7
574	-0.088317	200.640100	0.001023	35.8
575	-0.010488	200.461965	0.000134	28.9
576	-0.046957	200.284250	0.004845	22.4
577	-0.000000	200.106955	0.000000	21.4
578	-0.364977	199.930078	0.004997	24.9
579	-0.000000	199.753617	0.000000	23.1
580	-0.079360	199.577571	0.000687	27.2
581	-0.094205	199.401938	0.001358	26.3
582	-0.071704	199.226717	0.003949	21.0
583	-0.000006	199.051905	0.000005	22.6
584	-0.017940	198.877502	0.000202	21.0
585	-0.159889	198.703506	0.000752	36.4
586	-0.062040	198.529916	0.005772	28.3
587	-0.000000	198.356729	0.000000	19.3
588	-0.188625	198.183944	0.001613	26.6
589	-0.010031	198.011560	0.000191	32.8
590	-0.000000	197.839576	0.000000	24.5
591	-0.283778	197.667989	0.002094	25.3
592	-0.000000	197.496798	0.000000	25.3
593	-0.000000	197.326002	0.000000	28.2
594	-0.023076	197.155600	0.000226	26.2
595	-0.029180	196.985589	0.000480	24.4
596	-0.270206	196.815969	0.001729	27.1
597	-0.000000	196.646738	0.000000	25.8
598	-0.060931	196.477894	0.000910	25.8
599	-0.000000	196.309436	0.000000	26.0
600	-0.232744	196.141363	0.001283	27.6
601	-0.007869	195.973673	0.000335	23.3
602	-0.359539	195.806365	0.001366	21.8
603	-0.112930	195.639437	0.005530	22.0
604	-0.054024	195.472888	0.000585	27.8
605	-0.130678	195.306717	0.001223	29.6
606	-0.000000	195.140922	0.000000	26.0
607	-0.011508	194.975501	0.000201	28.0
608	-0.034323	194.810454	0.000292	30.0
609	-0.198144	194.645779	0.000698	28.0
610	-0.225009	194.481475	0.001530	25.1
611	-0.298046	194.317540	0.000847	26.8
612	-0.000000	194.153973	0.000000	29.1
613	-0.020339	193.990773	0.000362	36.5
614	-0.000151	193.827938	0.000018	23.9
615	-0.000000	193.665467	0.000000	35.7
616	-0.213324	193.503358	0.001078	27.6
617	-0.000000	193.341611	0.000000	34.8
618	-0.305447	193.180224	0.000665	25.8
619	-0.029125	193.019196	0.000335	28.6
620	-0.000000	192.858525	0.000000	32.7
621	-0.249944	192.698210	0.001269	28.1
622	-0.328605	192.538251	0.001035	27.0
623	-0.006115	192.378644	0.000144	24.5
624	-0.001334	192.219391	0.000047	34.7
625	-0.167779	192.060488	0.001846	26.5
626	-0.007249	191.901935	0.000183	26.6
627	-0.000099	191.743730	0.000006	31.4
628	-0.032228	191.585873	0.000477	32.2
629	-0.003537	191.428362	0.000063	22.1
630	-0.035319	191.271196	0.000628	33.1
631	-0.000000	191.114374	0.000000	23.1
632	-0.024906	190.957893	0.000364	27.3
633	-0.253047	190.801755	0.001273	31.6
634	-0.010342	190.645956	0.000205	23.4
635	-0.002165	190.490495	0.000077	35.1
636	-0.220280	190.335373	0.001643	25.1
637	-0.002731	190.180587	0.000026	26.1
638	-0.034860	190.026136	0.000760	30.0
639	-0.000000	189.872019	0.000000	29.3
640	-0.092575	189.718235	0.000452	31.9
641	-0.181109	189.564782	0.001112	23.5
642	-0.000000	189.411661	0.000000	31.3
643	-0.000000	189.258868	0.000000	31.3
644	-0.000000	189.106404	0.000000	21.8
645	-0.024325	188.954267	0.000472	28.0
646	-0.004284	188.802456	0.000027	26.1
647	-0.283843	188.650969	0.001250	38.5
648	-0.002750	188.499807	0.000140	26.4
649	-0.000014	188.348967	0.000006	27.8
650	-0.277502	188.198448	0.001341	27.4
651	-0.000000	188.048250	0.000000	29.3
652	-0.032633	187.898371	0.000244	26.7
653	-0.190490	187.748810	0.000928	28.0
654	-0.268817	187.599566	0.001562	30.0
655	-0.369772	187.450638	0.003989	26.0
656	-0.000000	187.302025	0.000000	34.8
657	-0.041453	187.153725	0.000525	29.0
658	-0.000000	187.005739	0.000000	29.0
659	-0.089361	186.858064	0.000787	24.5
660	-0.004595	186.710699	0.000140	26.2
661	-0.391631	186.563645	0.001497	25.3
662	-0.000717	186.416898	0.000029	27.5
663	-0.000000	186.270459	0.000000	28.8
664	-0.000000	186.124326	0.000000	22.5
665	-0.394398	185.978499	0.002135	25.5
666	-0.000000	185.832976	0.000000	25.2
667	-0.000131	185.687756	0.000000	31.2
668	-0.000000	185.542838	0.000000	19.1
669	-0.000000	185.398222	0.000000	28.4
670	-0.327578	185.253906	0.000861	24.7
671	-0.121979	185.109889	0.004155	28.7
672	-0.245737	184.966170	0.001379	30.3
673	-0.000000	184.822748	0.000000	28.8
674	-0.152976	184.679623	0.001817	22.9
675	-0.000000	184.536792	0.000000	32.9
676	-0.009693	184.394256	0.000212	28.0
677	-0.000000	184.252013	0.000000	31.6
678	-0.000000	184.110062	0.000000	28.6
679	-0.000000	183.968403	0.000000	26.1
680	-0.199442	183.827034	0.000811	27.4
681	-0.016679	183.685954	0.000359	29.0
682	-0.000000	183.545163	0.000000	26.6
683	-0.000000	183.404658	0.000000	25.0
684	-0.000000	183.264441	0.000000	23.3
685	-0.000000	183.124509	0.000000	25.2
686	-0.008651	182.984861	0.000219	23.0
687	-0.075137	182.845497	0.000910	24.9
688	-0.000000	182.706416	0.000000	22.0
689	-0.033049	182.567616	0.000279	26.0
690	-0.105008	182.429098	0.000771	28.1
691	-0.000000	182.290859	0.000000	26.4
692	-0.197732	182.152899	0.001690	24.4
693	-0.090582	182.015217	0.000958	25.4
694	-0.019055	181.877813	0.000170	26.5
695	-0.215748	181.740684	0.002430	31.7
696	-0.005066	181.603832	0.000129	24.4
697	-0.116696	181.467253	0.005223	24.4
698	-0.026738	181.330948	0.000174	26.3
699	-0.025872	181.194916	0.000248	24.5
700	-0.016882	181.059155	0.000200	26.4
701	-0.023028	180.923666	0.000091	25.3
702	-0.000000	180.788446	0.000000	29.2
703	-0.000000	180.653496	0.000000	23.6
704	-0.248423	180.518814	0.001522	26.3
705	-0.326902	180.384399	0.001172	25.4
706	-0.017061	180.250251	0.000452	27.7
707	-0.000000	180.116369	0.000000	31.9
708	-0.007816	179.982752	0.000146	36.2
709	-0.008790	179.849398	0.000062	23.3
710	-0.000000	179.716308	0.000000	30.5
711	-0.215792	179.583480	0.000616	28.8
712	-0.090186	179.450913	0.000830	27.8
713	-0.000000	179.318607	0.000000	27.3
714	-0.004279	179.186561	0.000064	31.7
715	-0.012712	179.054774	0.000137	27.6
716	-0.133014	178.923245	0.000579	21.4
717	-0.000000	178.791973	0.000000	24.9
718	-0.331185	178.660958	0.002386	24.8
719	-0.000000	178.530199	0.000000	27.2
720	-0.208459	178.399694	0.000415	26.0
721	-0.012864	178.269444	0.000528	25.7
722	-0.186898	178.139447	0.001189	27.3
723	-0.335211	178.009702	0.001394	27.5
724	-0.043312	177.880209	0.000682	30.8
725	-0.000000	177.750967	0.000000	24.7
726	-0.323933	177.621975	0.001069	22.3
727	-0.166364	177.493232	0.001644	29.7
728	-0.000000	177.364738	0.000000	28.3
729	-0.005026	177.236492	0.000176	31.3
730	-0.039921	177.108492	0.000772	25.1
731	-0.018881	176.980739	0.000220	26.1
732	-0.000000	176.853231	0.000000	32.3
733	-0.312119	176.725968	0.002858	21.9
734	-0.000000	176.598949	0.000000	29.6
735	-0.057453	176.472173	0.000685	27.8
736	-0.121614	176.345639	0.000514	23.9
737	-0.000000	176.219348	0.000000	29.4
738	-0.031797	176.093296	0.000665	28.3
739	-0.019769	175.967486	0.000162	23.6
740	-0.000003	175.841914	0.000000	31.3
741	-0.000000	175.716581	0.000000	28.3
742	-0.178977	175.591486	0.001391	23.4
743	-0.000000	175.466629	0.000000	22.9
744	-0.068075	175.342008	0.000922	35.9
745	-0.213594	175.217622	0.001487	22.7
746	-0.450921	175.093472	0.002081	25.8
747	-0.248585	174.969556	0.000544	19.4
748	-0.344624	174.845873	0.000968	29.2
749	-0.000001	174.722423	0.000000	34.5
750	-0.107005	174.599206	0.001106	28.1
751	-0.076735	174.476220	0.000754	26.1
752	-0.000000	174.353464	0.000000	31.7
753	-0.000000	174.230939	0.000000	23.6
754	-0.000006	174.108643	0.000000	29.9
755	-0.232549	173.986576	0.001392	28.0
756	-0.092506	173.864737	0.000645	28.9
757	-0.002030	173.743124	0.000051	24.4
758	-0.000417	173.621739	0.000011	27.4
759	-0.172810	173.500579	0.001721	27.9
760	-0.312916	173.379645	0.001950	26.7
761	-0.102343	173.258935	0.003073	24.4
762	-0.022601	173.138449	0.000168	20.7
763	-0.003073	173.018186	0.000127	28.7
764	-0.011585	172.898146	0.000374	29.6
765	-0.000000	172.778327	0.000000	29.5
766	-0.000000	172.658730	0.000000	28.3
767	-0.000000	172.539353	0.000000	24.9
768	-0.014880	172.420196	0.000381	27.4
769	-0.000000	172.301258	0.000000	21.4
770	-0.000000	172.182539	0.000000	28.8
771	-0.089706	172.064037	0.002657	26.7
772	-0.000014	171.945753	0.000002	22.6
773	-0.036323	171.827686	0.000521	27.8
774	-0.233116	171.709834	0.001645	28.1
775	-0.031795	171.592198	0.000515	23.4
776	-0.002801	171.474776	0.000141	21.6
777	-0.000000	171.357568	0.000000	31.0
778	-0.242485	171.240574	0.001879	28.4
779	-0.000000	171.123793	0.000000	26.3
780	-0.000000	171.007223	0.000000	29.2
781	-0.344861	170.890865	0.001576	26.7
782	-0.000000	170.774718	0.000000	26.3
783	-0.377659	170.658782	0.002558	26.5
784	-0.010289	170.543055	0.000111	29.1
785	-0.000000	170.427537	0.000000	28.6
786	-0.201202	170.312227	0.001578	31.8
787	-0.000001	170.197125	0.000001	28.0
788	-0.006250	170.082231	0.000661	26.4
789	-0.059131	169.967543	0.000294	25.7
790	-0.356406	169.853061	0.000947	28.9
791	-0.351596	169.738784	0.002085	29.6
792	-0.164072	169.624713	0.001819	26.0
793	-0.195419	169.510845	0.001091	31.7
794	-0.058438	169.397181	0.000443	23.9
795	-0.390259	169.283720	0.001894	31.8
796	-0.017242	169.170462	0.000397	24.1
797	-0.395479	169.057405	0.002527	23.9
798	-0.025768	168.944549	0.000545	22.0
799	-0.005086	168.831895	0.000136	27.1
800	-0.036529	168.719440	0.000291	23.5
801	-0.011465	168.607185	0.000271	24.0
802	-0.000000	168.495129	0.000000	23.8
803	-0.000000	168.383271	0.000000	29.5
804	-0.163882	168.271611	0.001069	22.5
805	-0.200280	168.160148	0.000738	25.5
806	-0.000000	168.048882	0.000000	23.8
807	-0.227888	167.937812	0.000572	21.5
808	-0.085620	167.826938	0.001429	25.1
809	-0.065666	167.716258	0.000564	26.8
810	-0.331404	167.605773	0.000709	22.1
811	-0.000000	167.495482	0.000000	26.1
812	-0.000190	167.385384	0.000012	22.5
813	-0.002786	167.275479	0.000095	25.4
814	-0.000000	167.165766	0.000000	21.7
815	-0.002466	167.056245	0.000075	33.6
816	-0.014096	166.946915	0.000219	22.6
817	-0.011942	166.837776	0.000184	27.3
818	-0.043314	166.728826	0.000873	27.6
819	-0.018066	166.620067	0.000402	28.2
820	-0.026042	166.511496	0.000500	23.2
821	-0.205889	166.403113	0.001559	28.9
822	-0.000000	166.294919	0.000000	32.4
823	-0.000000	166.186912	0.000000	19.0
824	-0.004292	166.079091	0.000163	28.1
825	-0.013688	165.971458	0.000126	27.5
826	-0.024656	165.864009	0.000462	26.8
827	-0.085122	165.756747	0.000493	23.1
828	-0.000000	165.649669	0.000000	22.2
829	-0.000840	165.542775	0.000031	31.1
830	-0.122985	165.436065	0.000580	23.5
831	-0.019679	165.329538	0.000353	23.5
832	-0.000000	165.223194	0.000000	24.8
833	-0.205273	165.117032	0.001680	29.8
834	-0.346020	165.011052	0.000931	25.3
835	-0.002470	164.905253	0.000132	19.7
836	-0.292111	164.799635	0.001470	20.6
837	-0.440196	164.694197	0.001269	22.0
838	-0.000000	164.588939	0.000000	20.9
839	-0.028044	164.483859	0.000329	23.1
840	-0.028948	164.378959	0.000298	20.0
841	-0.000000	164.274237	0.000000	21.3
842	-0.000808	164.169692	0.000010	21.5
843	-0.018679	164.065325	0.000185	27.0
844	-0.000000	163.961135	0.000000	22.8
845	-0.002430	163.857120	0.000043	21.1
846	-0.007908	163.753282	0.000078	18.3
847	-0.000000	163.649619	0.000000	18.7
848	-0.113784	163.546130	0.001480	19.5
849	-0.298671	163.442816	0.001624	21.1
850	-0.000000	163.339676	0.000000	20.6
851	-0.058403	163.236709	0.003686	21.3
852	-0.017820	163.133915	0.000840	28.4
853	-0.003792	163.031294	0.000070	23.5
854	-0.000000	162.928844	0.000000	21.2
855	-0.003830	162.826566	0.000096	23.1
856	-0.335740	162.724459	0.001502	20.8
857	-0.313352	162.622523	0.001908	33.8
858	-0.000000	162.520757	0.000000	22.3
859	-0.000000	162.419160	0.000000	28.5
860	-0.000000	162.317733	0.000000	28.8
861	-0.001595	162.216474	0.000276	23.0
862	-0.029684	162.115383	0.000761	31.0
863	-0.030653	162.014461	0.000416	28.1
864	-0.022649	161.913705	0.000277	28.4
865	-0.000000	161.813117	0.000000	26.6
866	-0.000000	161.712695	0.000000	33.0
867	-0.037293	161.612439	0.000258	27.9
868	-0.110129	161.512349	0.000898	24.1
869	-0.028347	161.412424	0.000656	24.3
870	-0.002835	161.312663	0.000116	21.7
871	-0.000920	161.213067	0.000047	21.0
872	-0.013877	161.113635	0.000212	25.6
873	-0.000000	161.014366	0.000000	21.2
874	-0.000230	160.915260	0.000042	21.1
875	-0.044597	160.816316	0.000428	21.3
876	-0.343317	160.717535	0.001251	25.9
877	-0.014357	160.618915	0.001669	21.3
878	-0.000000	160.520456	0.000000	28.3
879	-0.001482	160.422158	0.000042	18.4
880	-0.014670	160.324021	0.000198	25.4
881	-0.000000	160.226043	0.000000	26.4
882	-0.000000	160.128225	0.000000	20.8
883	-0.054806	160.030566	0.000424	20.7
884	-0.000000	159.933066	0.000000	22.0
885	-0.001679	159.835723	0.000090	25.1
886	-0.000000	159.738539	0.000000	20.4
887	-0.189211	159.641512	0.000667	23.9
888	-0.010229	159.544642	0.000230	21.0
889	-0.000000	159.447929	0.000000	22.6
890	-0.061614	159.351372	0.000396	21.3
891	-0.080269	159.254971	0.000531	21.6
892	-0.189020	159.158725	0.001486	21.0
893	-0.000000	159.062634	0.000000	25.0
894	-0.000000	158.966697	0.000000	28.4
895	-0.000000	158.870915	0.000000	20.8
896	-0.000000	158.775286	0.000000	21.6
897	-0.353683	158.679811	0.001809	21.2
898	-0.035720	158.584489	0.000549	22.2
899	-0.275829	158.489319	0.001059	23.9
900	-0.325509	158.394302	0.000909	23.6
901	-0.286808	158.299436	0.001395	24.4
902	-0.238318	158.204721	0.004817	22.3
903	-0.000000	158.110158	0.000000	23.0
904	-0.253000	158.015745	0.001992	23.5
905	-0.002348	157.921482	0.000074	22.3
906	-0.364888	157.827369	0.000878	21.0
907	-0.000000	157.733406	0.000000	27.3
908	-0.233610	157.639591	0.001652	22.0
909	-0.050651	157.545925	0.002609	29.8
910	-0.020314	157.452408	0.000147	31.0
911	-0.000000	157.359038	0.000000	28.3
912	-0.268811	157.265816	0.001655	18.1
913	-0.119463	157.172741	0.001032	20.5
914	-0.021498	157.079813	0.000221	21.2
915	-0.067216	156.987031	0.000644	22.2
916	-0.012540	156.894395	0.000196	23.7
917	-0.005494	156.801904	0.000090	20.7
918	-0.075478	156.709559	0.000814	21.4
919	-0.000000	156.617359	0.000000	26.3
920	-0.000000	156.525304	0.000000	22.5
921	-0.000000	156.433392	0.000000	21.3
922	-0.004908	156.341624	0.000145	20.8
923	-0.005363	156.250000	0.000220	24.7
924	-0.228900	156.158519	0.002052	21.4
925	-0.013080	156.067180	0.001271	21.2
926	-0.375983	155.975984	0.000951	26.3
927	-0.074021	155.884930	0.000839	24.5
928	-0.133369	155.794017	0.001206	28.0
929	-0.346221	155.703246	0.001449	31.6
930	-0.000000	155.612615	0.000000	24.1
931	-0.433608	155.522125	0.001606	35.3
932	-0.013389	155.431775	0.000208	25.6
933	-0.077847	155.341565	0.000544	26.4
934	-0.000000	155.251495	0.000000	28.6
935	-0.000000	155.161563	0.000000	27.7
936	-0.180975	155.071771	0.001265	23.6
937	-0.139438	154.982117	0.001288	24.2
938	-0.335753	154.892601	0.002702	26.0
939	-0.404523	154.803222	0.001734	27.7
940	-0.274509	154.713981	0.001892	20.9
941	-0.261316	154.624878	0.002546	28.2
942	-0.000000	154.535910	0.000000	29.0
943	-0.201673	154.447080	0.001582	21.8
944	-0.024080	154.358385	0.000730	20.4
945	-0.000000	154.269826	0.000000	20.6
946	-0.141492	154.181402	0.002228	21.4
947	-0.000000	154.093114	0.000000	26.7
948	-0.006171	154.004960	0.000125	21.0
949	-0.000000	153.916940	0.000000	27.3
950	-0.144316	153.829054	0.000648	26.5
951	-0.000000	153.741303	0.000000	22.1
952	-0.039816	153.653684	0.000949	20.7
953	-0.000000	153.566198	0.000000	28.6
954	-0.000000	153.478846	0.000000	27.1
955	-0.039557	153.391625	0.000741	30.7
956	-0.000004	153.304537	0.000002	27.4
957	-0.000006	153.217580	0.000000	33.2
958	-0.003048	153.130755	0.000113	21.3
959	-0.185592	153.044061	0.001259	24.0
960	-0.000895	152.957498	0.000051	24.0
961	-0.014776	152.871065	0.001143	23.3
962	-0.098258	152.784762	0.001051	23.3
963	-0.048353	152.698589	0.001152	23.1
964	-0.024253	152.612545	0.000375	21.2
965	-0.000000	152.526631	0.000000	20.6
966	-0.014955	152.440845	0.000506	24.5
967	-0.194193	152.355188	0.001104	22.9
968	-0.017206	152.269660	0.000283	21.0
969	-0.310466	152.184259	0.001381	20.8
970	-0.042759	152.098986	0.000376	27.1
971	-0.004776	152.013840	0.000122	25.2
972	-0.000000	151.928821	0.000000	24.1
973	-0.000000	151.843928	0.000000	22.0
974	-0.023227	151.759163	0.000562	22.8
975	-0.020645	151.674523	0.000237	29.1
976	-0.134351	151.590009	0.007443	23.1
977	-0.291735	151.505620	0.000636	28.2
978	-0.191128	151.421357	0.002172	22.4
979	-0.000010	151.337218	0.000003	24.1
980	-0.000000	151.253204	0.000000	30.3
981	-0.003534	151.169314	0.000166	27.0
982	-0.000000	151.085549	0.000000	23.8
983	-0.010139	151.001907	0.000216	27.1
984	-0.072035	150.918388	0.001083	20.5
985	-0.156397	150.834992	0.000474	23.7
986	-0.131151	150.751719	0.001999	22.8
987	-0.010837	150.668569	0.000397	24.0
988	-0.040398	150.585541	0.002465	30.8
989	-0.010469	150.502634	0.000211	22.4
990	-0.028412	150.419849	0.000346	28.9
991	-0.000000	150.337186	0.000000	22.6
992	-0.000000	150.254644	0.000000	22.4
993	-0.000000	150.172222	0.000000	20.9
994	-0.000000	150.089921	0.000000	26.0
995	-0.029632	150.007740	0.000404	23.4
996	-0.000000	149.925679	0.000000	23.5
997	-0.017075	149.843737	0.000203	26.1
998	-0.073736	149.761915	0.000794	22.6
999	-0.000000	149.680212	0.000000	21.2
1000	-0.382900	149.598627	0.001956	24.3
1001	-0.158546	149.517161	0.000805	22.3
1002	-0.232387	149.435814	0.002705	23.6
1003	-0.010590	149.354584	0.000065	20.9
1004	-0.452671	149.273472	0.004940	24.8
1005	-0.431980	149.192477	0.004963	21.8
1006	-0.000000	149.111599	0.000000	20.9
1007	-0.257602	149.030838	0.001329	21.5
1008	-0.116232	148.950194	0.000927	25.6
1009	-0.062014	148.869666	0.000445	23.3
1010	-0.123879	148.789253	0.000889	22.0
1011	-0.004619	148.708957	0.000123	22.9
1012	-0.022803	148.628776	0.000239	20.8
1013	-0.000000	148.548710	0.000000	22.2
1014	-0.006318	148.468759	0.000152	25.3
1015	-0.000000	148.388923	0.000000	20.7
1016	-0.040707	148.309201	0.002051	21.1
1017	-0.474396	148.229594	0.001399	25.8
1018	-0.150412	148.150100	0.000946	21.2
1019	-0.118732	148.070719	0.001094	20.7
1020	-0.189227	147.991452	0.001227	23.1
1021	-0.000000	147.912298	0.000000	20.8
1022	-0.299959	147.833257	0.000979	25.7
1023	-0.168800	147.754329	0.001182	28.8
1024	-0.000000	147.675512	0.000000	23.6
1025	-0.000535	147.596808	0.000020	28.0
1026	-0.000000	147.518216	0.000000	24.4
1027	-0.000000	147.439735	0.000000	23.2
1028	-0.118156	147.361365	0.000529	20.3
1029	-0.153783	147.283106	0.001475	21.0
1030	-0.005574	147.204958	0.000134	28.1
1031	-0.001405	147.126920	0.000041	22.4
1032	-0.203889	147.048993	0.002470	27.6
1033	-0.034721	146.971175	0.000381	26.4
1034	-0.000000	146.893468	0.000000	25.1
1035	-0.349102	146.815869	0.003003	20.4
1036	-0.035976	146.738380	0.000396	23.2
1037	-0.342997	146.661000	0.001340	23.2
1038	-0.287654	146.583729	0.001509	21.5
1039	-0.394781	146.506566	0.004461	23.4
1040	-0.233561	146.429511	0.001326	24.0
1041	-0.000000	146.352565	0.000000	22.0
1042	-0.000000	146.275726	0.000000	26.6
1043	-0.000000	146.198994	0.000000	22.8
1044	-0.000000	146.122370	0.000000	23.2
1045	-0.024857	146.045853	0.000192	29.4
1046	-0.173251	145.969442	0.001219	23.7
1047	-0.347915	145.893139	0.000918	20.7
1048	-0.337559	145.816941	0.000984	20.7
1049	-0.000000	145.740849	0.000000	24.5
1050	-0.000000	145.664863	0.000000	23.0
1051	-0.000000	145.588983	0.000000	22.3
1052	-0.381466	145.513208	0.001990	23.3
1053	-0.044797	145.437538	0.000388	21.3
1054	-0.047395	145.361973	0.000098	26.0
1055	-0.000000	145.286513	0.000000	21.4
1056	-0.015965	145.211157	0.000285	20.7
1057	-0.219954	145.135905	0.001012	20.4
1058	-0.200021	145.060757	0.001351	26.8
1059	-0.013532	144.985712	0.000191	21.7
1060	-0.053679	144.910771	0.000354	21.1
1061	-0.000000	144.835934	0.000000	20.4
1062	-0.074743	144.761199	0.000982	22.1
1063	-0.000000	144.686567	0.000000	23.6
1064	-0.000000	144.612037	0.000000	20.8
1065	-0.000000	144.537610	0.000000	22.0
1066	-0.023436	144.463285	0.000167	27.9
1067	-0.000000	144.389062	0.000000	27.8
1068	-0.008333	144.314940	0.000161	24.8
1069	-0.000055	144.240920	0.000026	20.6
1070	-0.000000	144.167001	0.000000	20.9
1071	-0.000000	144.093182	0.000000	25.5
1072	-0.002335	144.019465	0.000324	19.2
1073	-0.033895	143.945848	0.000628	23.0
1074	-0.169510	143.872331	0.000825	23.3
1075	-0.069487	143.798914	0.000683	24.3
1076	-0.144192	143.725597	0.001085	23.7
1077	-0.000053	143.652380	0.000004	21.2
1078	-0.000000	143.579262	0.000000	21.1
1079	-0.000000	143.506243	0.000000	20.6
1080	-0.000000	143.433323	0.000000	22.9
1081	-0.408844	143.360502	0.004066	20.8
1082	-0.000000	143.287780	0.000000	20.3
1083	-0.344508	143.215155	0.002860	26.1
1084	-0.001583	143.142629	0.000027	24.7
1085	-0.002627	143.070201	0.000077	26.5
1086	-0.253273	142.997870	0.001105	22.8
1087	-0.024758	142.925637	0.000443	23.2
1088	-0.000000	142.853501	0.000000	22.8
1089	-0.108419	142.781462	0.000848	27.4
1090	-0.000000	142.709519	0.000000	20.6
1091	-0.033592	142.637674	0.000356	20.7
1092	-0.416922	142.565924	0.008673	21.1
1093	-0.025453	142.494271	0.000127	25.5
1094	-0.000000	142.422714	0.000000	22.3
1095	-0.059563	142.351252	0.000606	23.2
1096	-0.080752	142.279886	0.001063	20.4
1097	-0.000000	142.208616	0.000000	23.5
1098	-0.010490	142.137440	0.000164	20.8
1099	-0.000000	142.066360	0.000000	20.6
1100	-0.000000	141.995374	0.000000	20.7
1101	-0.000000	141.924483	0.000000	20.1
1102	-0.225583	141.853685	0.001602	21.5
1103	-0.005914	141.782983	0.000120	29.0
1104	-0.000000	141.712373	0.000000	19.8
1105	-0.229657	141.641858	0.001693	23.8
1106	-0.027222	141.571436	0.000384	23.1
1107	-0.000478	141.501108	0.000000	22.7
1108	-0.000000	141.430872	0.000000	20.7
1109	-0.000000	141.360730	0.000000	20.9
1110	-0.000000	141.290680	0.000000	21.1
1111	-0.100507	141.220722	0.003528	34.8
1112	-0.014566	141.150857	0.000406	27.4
1113	-0.004620	141.081084	0.000056	34.1
1114	-0.000879	141.011403	0.000044	28.9
1115	-0.000000	140.941813	0.000000	28.1
1116	-0.378508	140.872315	0.001240	28.4
1117	-0.037778	140.802909	0.000282	24.0
1118	-0.033490	140.733593	0.000306	30.1
1119	-0.000000	140.664369	0.000000	23.1
1120	-0.000000	140.595235	0.000000	20.6
1121	-0.075169	140.526192	0.001115	25.8
1122	-0.152155	140.457239	0.000599	24.3
1123	-0.001087	140.388376	0.000046	21.0
1124	-0.000000	140.319603	0.000000	22.4
1125	-0.146054	140.250920	0.000708	26.4
1126	-0.000000	140.182326	0.000000	28.4
1127	-0.000000	140.113822	0.000000	25.2
1128	-0.000000	140.045407	0.000000	19.7
1129	-0.000000	139.977081	0.000000	23.1
1130	-0.226520	139.908844	0.001235	25.7
1131	-0.188795	139.840696	0.001188	23.2
1132	-0.000900	139.772635	0.000071	21.2
1133	-0.224728	139.704664	0.001136	23.9
1134	-0.000000	139.636780	0.000000	21.8
1135	-0.147759	139.568984	0.000659	22.0
1136	-0.428635	139.501276	0.001077	28.1
1137	-0.020852	139.433655	0.000564	20.9
1138	-0.147287	139.366122	0.000806	23.8
1139	-0.316704	139.298676	0.001558	23.2
1140	-0.000072	139.231317	0.000015	22.7
1141	-0.000000	139.164045	0.000000	22.8
1142	-0.000000	139.096859	0.000000	20.4
1143	-0.020991	139.029760	0.000130	24.1
1144	-0.019506	138.962747	0.000433	22.9
1145	-0.000000	138.895820	0.000000	25.8
1146	-0.000000	138.828978	0.000000	20.7
1147	-0.039103	138.762223	0.000119	23.4
1148	-0.089946	138.695553	0.002482	22.3
1149	-0.000000	138.628969	0.000000	22.7
1150	-0.388874	138.562469	0.001204	20.8
1151	-0.009394	138.496055	0.000257	23.3
1152	-0.153487	138.429725	0.000977	24.2
1153	-0.066795	138.363481	0.000799	27.1
1154	-0.008427	138.297320	0.000186	20.6
1155	-0.187354	138.231244	0.000844	20.9
1156	-0.021727	138.165252	0.000280	23.5
1157	-0.000052	138.099344	0.000009	33.7
1158	-0.000000	138.033520	0.000000	18.6
1159	-0.019409	137.967779	0.000172	21.8
1160	-0.000001	137.902122	0.000001	21.2
1161	-0.000000	137.836548	0.000000	26.7
1162	-0.000000	137.771057	0.000000	24.1
1163	-0.343247	137.705649	0.001594	21.2
1164	-0.077557	137.640324	0.000690	20.7
1165	-0.000000	137.575081	0.000000	27.2
1166	-0.000994	137.509921	0.000043	20.4
1167	-0.014753	137.444842	0.000680	20.5
1168	-0.000000	137.379846	0.000000	23.2
1169	-0.033010	137.314932	0.000279	21.3
1170	-0.011822	137.250100	0.000152	23.4
1171	-0.041447	137.185349	0.000522	23.5
1172	-0.106548	137.120680	0.000595	21.0
1173	-0.190633	137.056092	0.001186	34.7
1174	-0.011384	136.991585	0.000191	28.0
1175	-0.005851	136.927158	0.000104	28.1
1176	-0.023941	136.862813	0.000286	28.7
1177	-0.010266	136.798548	0.000115	25.6
1178	-0.000000	136.734363	0.000000	37.8
1179	-0.000000	136.670259	0.000000	24.6
1180	-0.003833	136.606235	0.000159	29.2
1181	-0.089486	136.542291	0.000672	25.5
1182	-0.000000	136.478426	0.000000	24.2
1183	-0.000000	136.414641	0.000000	29.3
1184	-0.345785	136.350936	0.000885	27.4
1185	-0.261670	136.287310	0.001626	34.9
1186	-0.048526	136.223763	0.000131	24.3
1187	-0.256428	136.160295	0.000726	31.1
1188	-0.004258	136.096905	0.000110	31.1
1189	-0.335342	136.033594	0.004587	37.9
1190	-0.000000	135.970362	0.000000	31.5
1191	-0.000000	135.907208	0.000000	40.3
1192	-0.128556	135.844133	0.005981	34.5
1193	-0.000000	135.781135	0.000000	31.4
1194	-0.000000	135.718215	0.000000	26.2
1195	-0.052647	135.655373	0.001112	25.8
1196	-0.202688	135.592608	0.001046	31.9
1197	-0.000000	135.529921	0.000000	37.5
1198	-0.004508	135.467311	0.000188	37.3
1199	-0.000000	135.404778	0.000000	31.2
1200	-0.000000	135.342322	0.000000	27.4
1201	-0.000000	135.279942	0.000000	26.9
1202	-0.397525	135.217640	0.001182	27.1
1203	-0.000000	135.155413	0.000000	31.9
1204	-0.000000	135.093263	0.000000	35.8
1205	-0.000000	135.031190	0.000000	35.8
1206	-0.010620	134.969192	0.000272	28.9
1207	-0.303633	134.907270	0.001489	26.8
1208	-0.085914	134.845424	0.000388	36.5
1209	-0.298521	134.783653	0.002214	26.8
1210	-0.019323	134.721958	0.000565	31.8
1211	-0.270479	134.660338	0.000588	24.8
1212	-0.258117	134.598793	0.001475	32.9
1213	-0.348998	134.537323	0.002441	30.4
1214	-0.000000	134.475927	0.000000	26.8
1215	-0.000000	134.414607	0.000000	25.8
1216	-0.317016	134.353361	0.001070	27.8
1217	-0.162375	134.292189	0.000716	32.2
1218	-0.000000	134.231092	0.000000	33.5
1219	-0.017131	134.170068	0.000345	32.1
1220	-0.000000	134.109119	0.000000	26.6
1221	-0.324354	134.048243	0.002787	27.7
1222	-0.094453	133.987441	0.000435	30.3
1223	-0.103385	133.926713	0.001653	37.7
1224	-0.000000	133.866057	0.000000	35.4
1225	-0.000000	133.805475	0.000000	27.8
1226	-0.000000	133.744966	0.000000	32.0
1227	-0.087762	133.684530	0.000766	29.6
1228	-0.000000	133.624167	0.000000	28.1
1229	-0.000000	133.563877	0.000000	21.4
1230	-0.000000	133.503658	0.000000	29.3
1231	-0.000000	133.443513	0.000000	27.6
1232	-0.115739	133.383439	0.000797	38.5
1233	-0.000852	133.323437	0.000122	32.2
1234	-0.087722	133.263508	0.000560	24.8
1235	-0.066665	133.203650	0.000479	28.5
1236	-0.338341	133.143864	0.000870	28.7
1237	-0.000000	133.084149	0.000000	30.4
1238	-0.000000	133.024506	0.000000	22.0
1239	-0.011477	132.964934	0.000228	26.2
1240	-0.143638	132.905433	0.000917	33.4
1241	-0.166213	132.846003	0.001116	26.3
1242	-0.035830	132.786643	0.000500	30.7
1243	-0.085342	132.727355	0.004339	23.4
1244	-0.000000	132.668137	0.000000	25.8
1245	-0.260234	132.608989	0.003563	23.5
1246	-0.031055	132.549912	0.000287	21.2
1247	-0.000000	132.490904	0.000000	26.7
1248	-0.006025	132.431967	0.000418	24.0
1249	-0.000000	132.373100	0.000000	21.8
1250	-0.041648	132.314302	0.000466	25.9
1251	-0.201814	132.255574	0.001566	28.3
1252	-0.000004	132.196916	0.000000	23.6
1253	-0.377758	132.138326	0.001973	22.8
1254	-0.103461	132.079806	0.001387	34.0
1255	-0.037382	132.021355	0.000514	20.5
1256	-0.006422	131.962973	0.000244	26.5
1257	-0.135960	131.904660	0.000882	23.8
1258	-0.455208	131.846415	0.001203	21.2
1259	-0.000000	131.788239	0.000000	23.6
1260	-0.000000	131.730131	0.000000	29.4
1261	-0.000000	131.672092	0.000000	27.6
1262	-0.000000	131.614121	0.000000	20.9
1263	-0.199242	131.556217	0.000578	24.3
1264	-0.010318	131.498382	0.000049	24.6
1265	-0.332029	131.440614	0.001471	27.2
1266	-0.000000	131.382914	0.000000	22.7
1267	-0.061265	131.325282	0.001605	35.8
1268	-0.013042	131.267717	0.000188	27.0
1269	-0.003042	131.210219	0.000132	31.6
1270	-0.000000	131.152788	0.000000	25.5
1271	-0.000000	131.095424	0.000000	32.6
1272	-0.017788	131.038127	0.000188	23.8
1273	-0.005524	130.980897	0.000199	22.8
1274	-0.012793	130.923733	0.000361	26.8
1275	-0.026443	130.866636	0.000457	24.6
1276	-0.000406	130.809605	0.000001	23.1
1277	-0.014018	130.752641	0.000333	24.8
1278	-0.013939	130.695742	0.000233	24.0
1279	-0.309810	130.638910	0.004771	27.9
1280	-0.186613	130.582143	0.001281	19.6
1281	-0.143853	130.525442	0.002010	29.0
1282	-0.069261	130.468807	0.000557	26.2
1283	-0.007042	130.412237	0.000122	24.5
1284	-0.274173	130.355733	0.001158	20.5
1285	-0.269707	130.299294	0.000589	27.6
1286	-0.052136	130.242920	0.000631	23.7
1287	-0.139223	130.186611	0.000891	25.5
1288	-0.019155	130.130366	0.000423	25.5
1289	-0.437210	130.074187	0.001171	22.7
1290	-0.000000	130.018072	0.000000	23.2
1291	-0.000312	129.962022	0.000000	29.3
1292	-0.000000	129.906036	0.000000	28.7
1293	-0.334914	129.850114	0.001452	26.4
1294	-0.281887	129.794257	0.001312	36.3
1295	-0.281682	129.738463	0.002686	21.5
1296	-0.027851	129.682734	0.004508	22.8
1297	-0.000003	129.627068	0.000004	22.4
1298	-0.001668	129.571466	0.000065	29.3
1299	-0.171863	129.515927	0.000791	29.5
1300	-0.000000	129.460452	0.000000	30.1
1301	-0.111473	129.405040	0.000973	26.9
1302	-0.007537	129.349692	0.000224	32.0
1303	-0.000000	129.294406	0.000000	21.4
1304	-0.313197	129.239183	0.002378	26.8
1305	-0.108792	129.184024	0.000414	26.9
1306	-0.158918	129.128927	0.000960	24.2
1307	-0.000000	129.073892	0.000000	23.5
1308	-0.000062	129.018921	0.000005	26.1
1309	-0.103140	128.964011	0.001972	24.9
1310	-0.118082	128.909164	0.000588	27.8
1311	-0.004756	128.854379	0.000111	21.2
1312	-0.039001	128.799656	0.000774	23.6
1313	-0.002563	128.744995	0.000105	30.6
1314	-0.097512	128.690396	0.001796	27.5
1315	-0.000000	128.635858	0.000000	28.0
1316	-0.000000	128.581382	0.000000	22.6
1317	-0.007476	128.526968	0.000236	24.5
1318	-0.000000	128.472615	0.000000	24.0
1319	-0.010114	128.418323	0.000173	22.4
1320	-0.038084	128.364092	0.002685	22.4
1321	-0.002763	128.309922	0.000124	30.7
1322	-0.024568	128.255814	0.000389	25.8
1323	-0.000000	128.201766	0.000000	32.6
1324	-0.000000	128.147778	0.000000	23.8
1325	-0.401639	128.093852	0.001360	27.5
1326	-0.397525	128.039985	0.003151	24.4
1327	-0.002816	127.986180	0.000073	23.9
1328	-0.000000	127.932434	0.000000	22.2
1329	-0.000000	127.878749	0.000000	20.2
1330	-0.000000	127.825123	0.000000	28.2
1331	-0.052750	127.771558	0.002096	29.4
1332	-0.024177	127.718052	0.000261	24.0
1333	-0.003145	127.664606	0.000030	24.3
1334	-0.047936	127.611220	0.000559	35.1
1335	-0.263594	127.557893	0.001981	24.4
1336	-0.008831	127.504625	0.000172	23.6
1337	-0.012013	127.451417	0.000249	23.4
1338	-0.000000	127.398268	0.000000	27.4
1339	-0.100940	127.345178	0.000615	22.9
1340	-0.042879	127.292147	0.000470	26.2
1341	-0.000000	127.239175	0.000000	23.2
1342	-0.224808	127.186261	0.002549	21.0
1343	-0.000000	127.133407	0.000000	35.4
1344	-0.032783	127.080610	0.000249	22.8
1345	-0.090170	127.027872	0.002909	24.5
1346	-0.035032	126.975193	0.000387	36.2
1347	-0.002742	126.922572	0.000172	25.5
1348	-0.420233	126.870008	0.001169	20.9
1349	-0.009893	126.817503	0.000193	26.1
1350	-0.000000	126.765056	0.000000	23.3
1351	-0.000013	126.712667	0.000001	26.9
1352	-0.000000	126.660335	0.000000	20.7
1353	-0.216083	126.608061	0.000608	23.8
1354	-0.000000	126.555844	0.000000	32.1
1355	-0.000000	126.503685	0.000000	22.5
1356	-0.013710	126.451583	0.000200	21.0
1357	-0.002077	126.399538	0.000081	24.4
1358	-0.016380	126.347550	0.001863	30.8
1359	-0.000000	126.295619	0.000000	28.0
1360	-0.000000	126.243745	0.000000	23.0
1361	-0.110680	126.191928	0.001238	20.7
1362	-0.272120	126.140168	0.002379	33.7
1363	-0.005370	126.088464	0.000116	25.2
1364	-0.423292	126.036817	0.001158	23.0
1365	-0.000000	125.985226	0.000000	22.9
1366	-0.219048	125.933691	0.000695	23.9
1367	-0.003429	125.882212	0.000175	25.9
1368	-0.086743	125.830790	0.000477	27.9
1369	-0.000000	125.779423	0.000000	20.1
1370	-0.000000	125.728113	0.000000	29.0
1371	-0.009291	125.676858	0.000148	26.4
1372	-0.000765	125.625659	0.000042	28.9
1373	-0.000000	125.574515	0.000000	37.6
1374	-0.116779	125.523427	0.001164	26.6
1375	-0.293881	125.472394	0.001993	34.2
1376	-0.037132	125.421417	0.000462	33.2
1377	-0.077972	125.370495	0.000686	22.6
1378	-0.019140	125.319628	0.000343	27.9
1379	-0.000004	125.268815	0.000000	28.3
1380	-0.159845	125.218058	0.000649	31.6
1381	-0.307114	125.167356	0.001256	27.6
1382	-0.000000	125.116708	0.000000	23.2
1383	-0.166803	125.066115	0.001311	33.5
1384	-0.000745	125.015576	0.000025	24.5
1385	-0.000000	124.965092	0.000000	27.4
1386	-0.007590	124.914662	0.000134	27.9
1387	-0.262394	124.864287	0.001314	27.5
1388	-0.015554	124.813965	0.000403	26.9
1389	-0.401269	124.763698	0.001255	27.6
1390	-0.000000	124.713485	0.000000	24.2
1391	-0.142192	124.663325	0.000958	30.4
1392	-0.010256	124.613219	0.000187	24.4
1393	-0.038011	124.563167	0.000136	27.8
1394	-0.002032	124.513168	0.000068	26.2
1395	-0.068443	124.463223	0.000377	23.7
1396	-0.000000	124.413332	0.000000	25.9
1397	-0.000000	124.363493	0.000000	22.3
1398	-0.372060	124.313708	0.001744	23.4
1399	-0.037062	124.263976	0.000344	27.2
1400	-0.000000	124.214297	0.000000	24.2
1401	-0.000000	124.164671	0.000000	19.3
1402	-0.000000	124.115097	0.000000	25.7
1403	-0.012272	124.065577	0.000234	21.9
1404	-0.003991	124.016109	0.000106	28.9
1405	-0.057038	123.966693	0.000484	22.4
1406	-0.005592	123.917330	0.000121	26.1
1407	-0.003052	123.868020	0.000055	31.0
1408	-0.000000	123.818762	0.000000	21.2
1409	-0.320173	123.769556	0.001531	22.4
1410	-0.007280	123.720402	0.000303	27.1
1411	-0.000000	123.671300	0.000000	25.0
1412	-0.007146	123.622250	0.000173	30.4
1413	-0.000000	123.573252	0.000000	23.8
1414	-0.006779	123.524305	0.000168	24.4
1415	-0.003146	123.475411	0.000108	27.4
1416	-0.026081	123.426568	0.000298	27.9
1417	-0.394567	123.377776	0.001112	22.7
1418	-0.000000	123.329036	0.000000	29.1
1419	-0.000000	123.280347	0.000000	28.4
1420	-0.017467	123.231709	0.000263	35.0
1421	-0.093429	123.183122	0.000797	36.3
1422	-0.054089	123.134587	0.000598	33.5
1423	-0.344947	123.086102	0.001813	29.2
1424	-0.000000	123.037669	0.000000	30.0
1425	-0.015119	122.989286	0.000393	22.6
1426	-0.064740	122.940954	0.001470	25.9
1427	-0.000000	122.892672	0.000000	29.1
1428	-0.111109	122.844441	0.001523	27.4
1429	-0.006756	122.796261	0.000253	27.1
1430	-0.000031	122.748130	0.000004	29.3
1431	-0.041134	122.700050	0.000309	22.8
1432	-0.007400	122.652021	0.000100	30.5
1433	-0.000000	122.604041	0.000000	39.7
1434	-0.394257	122.556111	0.001530	31.5
1435	-0.016312	122.508232	0.000153	28.3
1436	-0.004521	122.460402	0.000067	27.7
1437	-0.008364	122.412622	0.000142	24.3
1438	-0.065167	122.364891	0.000467	23.7
1439	-0.188293	122.317210	0.000565	25.5
1440	-0.023962	122.269579	0.000322	24.9
1441	-0.053654	122.221997	0.000480	26.0
1442	-0.062439	122.174465	0.002845	21.3
1443	-0.020684	122.126981	0.000246	29.8
1444	-0.000000	122.079547	0.000000	22.7
1445	-0.000000	122.032162	0.000000	23.7
1446	-0.212536	121.984826	0.001020	22.2
1447	-0.000000	121.937539	0.000000	32.1
1448	-0.035560	121.890301	0.000626	28.2
1449	-0.019790	121.843112	0.000345	33.1
1450	-0.129811	121.795971	0.000924	37.7
1451	-0.000000	121.748879	0.000000	33.5
1452	-0.000000	121.701835	0.000000	26.1
1453	-0.049640	121.654840	0.000538	31.5
1454	-0.028633	121.607893	0.000260	29.5
1455	-0.000000	121.560994	0.000000	28.7
1456	-0.106384	121.514144	0.000651	26.4
1457	-0.005241	121.467342	0.000113	32.9
1458	-0.000000	121.420588	0.000000	27.8
1459	-0.208466	121.373882	0.002467	27.8
1460	-0.381585	121.327223	0.001269	32.7
1461	-0.000000	121.280613	0.000000	33.9
1462	-0.000000	121.234050	0.000000	32.5
1463	-0.010569	121.187535	0.000176	25.8
1464	-0.083087	121.141067	0.001501	31.2
1465	-0.000000	121.094647	0.000000	26.8
1466	-0.279299	121.048274	0.000989	29.0
1467	-0.033296	121.001949	0.000346	26.1
1468	-0.164449	120.955671	0.000815	32.9
1469	-0.000000	120.909440	0.000000	28.5
1470	-0.000000	120.863256	0.000000	31.5
1471	-0.030873	120.817119	0.000506	30.9
1472	-0.056673	120.771029	0.000738	33.1
1473	-0.000002	120.724986	0.000000	24.3
1474	-0.090373	120.678990	0.000979	33.1
1475	-0.220780	120.633040	0.001460	26.2
1476	-0.000000	120.587137	0.000000	24.9
1477	-0.022644	120.541281	0.000167	30.9
1478	-0.200665	120.495471	0.001652	22.4
1479	-0.000000	120.449707	0.000000	28.7
1480	-0.000000	120.403990	0.000000	31.8
1481	-0.000000	120.358319	0.000000	36.1
1482	-0.016750	120.312694	0.000265	20.0
1483	-0.000000	120.267115	0.000000	31.0
1484	-0.000202	120.221582	0.000124	26.9
1485	-0.029207	120.176096	0.000391	26.6
1486	-0.000000	120.130655	0.000000	23.9
1487	-0.062719	120.085260	0.000956	26.7
1488	-0.035967	120.039910	0.000366	31.4
1489	-0.338146	119.994606	0.001359	26.2
1490	-0.104948	119.949348	0.000397	22.8
1491	-0.000000	119.904135	0.000000	24.5
1492	-0.000000	119.858968	0.000000	36.1
1493	-0.000004	119.813846	0.000000	26.4
1494	-0.004994	119.768769	0.000174	26.9
1495	-0.161012	119.723738	0.000370	28.9
1496	-0.005512	119.678752	0.000102	25.4
1497	-0.002221	119.633810	0.000202	29.9
1498	-0.000000	119.588914	0.000000	25.0
1499	-0.004859	119.544062	0.000129	29.2
1500	-0.000177	119.499256	0.000006	26.9
1501	-0.000000	119.454494	0.000000	26.4
1502	-0.013719	119.409777	0.000232	29.2
1503	-0.349034	119.365104	0.002194	27.6
1504	-0.011085	119.320476	0.000175	30.6
1505	-0.069330	119.275893	0.001270	36.0
1506	-0.293252	119.231353	0.001687	29.5
1507	-0.047619	119.186859	0.000552	23.5
1508	-0.065914	119.142408	0.001394	32.7
1509	-0.053357	119.098002	0.000371	27.2
1510	-0.047177	119.053639	0.000787	29.7
1511	-0.076719	119.009321	0.000309	27.9
1512	-0.035129	118.965047	0.000413	23.2
1513	-0.019027	118.920816	0.000406	33.2
1514	-0.389262	118.876630	0.001543	22.4
1515	-0.087457	118.832487	0.001397	28.7
1516	-0.000000	118.788388	0.000000	34.7
1517	-0.000000	118.744332	0.000000	32.6
1518	-0.006955	118.700320	0.000180	24.4
1519	-0.462146	118.656352	0.000804	32.1
1520	-0.024369	118.612427	0.000361	37.8
1521	-0.006595	118.568545	0.000128	29.0
1522	-0.309194	118.524706	0.002607	24.3
1523	-0.000000	118.480911	0.000000	32.8
1524	-0.032837	118.437159	0.000454	23.1
1525	-0.129079	118.393450	0.000814	33.3
1526	-0.000000	118.349784	0.000000	33.5
1527	-0.000000	118.306160	0.000000	31.7
1528	-0.153238	118.262580	0.001083	32.9
1529	-0.011324	118.219042	0.000170	39.3
1530	-0.100883	118.175548	0.000711	27.5
1531	-0.288211	118.132095	0.002196	39.1
1532	-0.177159	118.088686	0.000696	27.3
1533	-0.389567	118.045319	0.001604	26.0
1534	-0.030799	118.001994	0.000774	32.1
1535	-0.000000	117.958712	0.000000	34.6
1536	-0.000000	117.915472	0.000000	33.2
1537	-0.529027	117.872274	0.002210	31.8
1538	-0.000000	117.829118	0.000000	32.0
1539	-0.018384	117.786005	0.000190	31.5
1540	-0.003258	117.742933	0.000068	35.4
1541	-0.235736	117.699904	0.002055	28.7
1542	-0.000369	117.656916	0.000011	35.8
1543	-0.131417	117.613971	0.000686	27.7
1544	-0.447143	117.571067	0.001134	29.7
1545	-0.000000	117.528205	0.000000	35.7
1546	-0.203924	117.485384	0.001587	36.0
1547	-0.020025	117.442605	0.000244	29.3
1548	-0.000000	117.399867	0.000000	32.6
1549	-0.000000	117.357171	0.000000	23.2
1550	-0.000000	117.314517	0.000000	24.2
1551	-0.015248	117.271903	0.000138	29.4
1552	-0.019474	117.229331	0.000111	33.4
1553	-0.041163	117.186800	0.000508	24.5
1554	-0.401578	117.144311	0.001581	33.0
1555	-0.243722	117.101862	0.002465	24.8
1556	-0.000714	117.059454	0.000027	32.2
1557	-0.261336	117.017087	0.001540	24.4
1558	-0.023719	116.974762	0.000273	33.2
1559	-0.000000	116.932476	0.000000	28.5
1560	-0.000000	116.890232	0.000000	26.8
1561	-0.031290	116.848028	0.000359	32.6
1562	-0.036082	116.805865	0.000183	23.7
1563	-0.048665	116.763743	0.000354	23.3
1564	-0.000182	116.721661	0.000009	27.4
1565	-0.113482	116.679619	0.000740	30.6
1566	-0.005070	116.637618	0.000115	31.7
1567	-0.000000	116.595657	0.000000	28.8
1568	-0.407867	116.553736	0.001188	30.3
1569	-0.000000	116.511855	0.000000	26.4
1570	-0.000000	116.470015	0.000000	22.7
1571	-0.291764	116.428214	0.001176	20.9
1572	-0.014617	116.386454	0.000138	23.5
1573	-0.009915	116.344733	0.000174	27.6
1574	-0.000000	116.303052	0.000000	23.6
1575	-0.012362	116.261412	0.002420	26.1
1576	-0.023867	116.219810	0.000271	24.3
1577	-0.371427	116.178249	0.001708	24.9
1578	-0.051069	116.136727	0.000509	26.3
1579	-0.010594	116.095245	0.000185	22.0
1580	-0.138581	116.053802	0.000993	24.1
1581	-0.391321	116.012398	0.002334	26.7
1582	-0.012909	115.971034	0.000382	26.9
1583	-0.003382	115.929710	0.000080	32.7
1584	-0.072846	115.888424	0.001296	20.5
1585	-0.000000	115.847178	0.000000	20.8
1586	-0.009778	115.805970	0.000299	22.4
1587	-0.243123	115.764802	0.000987	21.8
1588	-0.000000	115.723673	0.000000	29.0
1589	-0.210430	115.682583	0.001108	26.9
1590	-0.000000	115.641532	0.000000	25.7
1591	-0.000000	115.600519	0.000000	29.8
1592	-0.151380	115.559546	0.001350	34.0
1593	-0.000159	115.518610	0.000015	25.3
1594	-0.000000	115.477714	0.000000	31.9
1595	-0.203152	115.436856	0.001466	27.4
1596	-0.194217	115.396037	0.001312	29.5
1597	-0.000000	115.355256	0.000000	20.4
1598	-0.001592	115.314514	0.000114	22.5
1599	-0.000000	115.273810	0.000000	35.2
1600	-0.053002	115.233144	0.000714	30.1
1601	-0.001973	115.192517	0.000136	34.9
1602	-0.000800	115.151927	0.000044	27.4
1603	-0.003311	115.111376	0.000112	26.4
1604	-0.011445	115.070863	0.000191	28.2
1605	-0.165111	115.030388	0.000922	23.9
1606	-0.000000	114.989951	0.000000	24.7
1607	-0.082259	114.949551	0.000628	24.0
1608	-0.038762	114.909190	0.000334	27.4
1609	-0.200777	114.868866	0.001950	20.8
1610	-0.001950	114.828580	0.000129	23.4
1611	-0.000000	114.788332	0.000000	32.3
1612	-0.024159	114.748121	0.000235	24.6
1613	-0.363725	114.707948	0.000964	26.5
1614	-0.009987	114.667812	0.000341	32.1
1615	-0.090769	114.627714	0.000925	23.2
1616	-0.028167	114.587653	0.000301	28.4
1617	-0.000000	114.547629	0.000000	24.2
1618	-0.183834	114.507643	0.003281	34.3
1619	-0.000000	114.467693	0.000000	32.0
1620	-0.086600	114.427781	0.000751	32.6
1621	-0.005173	114.387907	0.000193	36.9
1622	-0.000000	114.348069	0.000000	23.7
1623	-0.000000	114.308268	0.000000	33.8
1624	-0.000000	114.268504	0.000000	37.1
1625	-0.000000	114.228777	0.000000	30.4
1626	-0.046657	114.189086	0.001810	35.5
1627	-0.196195	114.149433	0.001766	35.6
1628	-0.140378	114.109816	0.000542	22.9
1629	-0.148502	114.070235	0.000656	23.9
1630	-0.003726	114.030692	0.000328	25.5
1631	-0.088574	113.991185	0.000716	26.9
1632	-0.348761	113.951714	0.000881	28.9
1633	-0.295907	113.912280	0.002922	27.4
1634	-0.064932	113.872882	0.000215	24.7
1635	-0.000000	113.833521	0.000000	29.1
1636	-0.217890	113.794195	0.001783	32.7
1637	-0.000000	113.754906	0.000000	23.8
1638	-0.000000	113.715653	0.000000	33.6
1639	-0.000000	113.676437	0.000000	31.4
1640	-0.216067	113.637256	0.001234	25.9
1641	-0.303289	113.598111	0.001737	31.8
1642	-0.138224	113.559002	0.000798	33.0
1643	-0.000000	113.519929	0.000000	31.4
1644	-0.083509	113.480892	0.000778	27.0
1645	-0.000000	113.441891	0.000000	29.2
1646	-0.139113	113.402925	0.000993	36.0
1647	-0.049425	113.363995	0.000716	24.2
1648	-0.000000	113.325101	0.000000	41.8
1649	-0.000000	113.286242	0.000000	25.8
1650	-0.347043	113.247419	0.001328	31.7
1651	-0.077081	113.208631	0.000416	30.1
1652	-0.000000	113.169879	0.000000	25.1
1653	-0.048022	113.131162	0.000371	30.7
1654	-0.024199	113.092480	0.000842	28.3
1655	-0.297804	113.053833	0.000959	32.0
1656	-0.023911	113.015222	0.000328	23.9
1657	-0.169868	112.976646	0.001448	35.5
1658	-0.061131	112.938105	0.000414	33.5
1659	-0.173589	112.899599	0.000977	26.9
1660	-0.029819	112.861128	0.000200	27.9
1661	-0.000000	112.822692	0.000000	30.6
1662	-0.009275	112.784291	0.000082	23.1
1663	-0.022543	112.745924	0.000076	30.3
1664	-0.015144	112.707593	0.001899	30.7
1665	-0.325613	112.669296	0.001395	29.8
1666	-0.006673	112.631034	0.000063	29.6
1667	-0.295096	112.592806	0.002319	34.0
1668	-0.064671	112.554613	0.000455	31.5
1669	-0.000000	112.516455	0.000000	32.7
1670	-0.207671	112.478331	0.001579	31.0
1671	-0.000000	112.440241	0.000000	28.1
1672	-0.171432	112.402186	0.000479	31.8
1673	-0.026017	112.364165	0.000349	36.7
1674	-0.000000	112.326179	0.000000	27.3
1675	-0.161971	112.288227	0.001439	30.0
1676	-0.022362	112.250309	0.000633	34.9
1677	-0.003010	112.212425	0.000115	26.4
1678	-0.304065	112.174575	0.000920	27.8
1679	-0.000000	112.136759	0.000000	28.7
1680	-0.174136	112.098977	0.001171	32.8
1681	-0.003718	112.061229	0.000163	25.8
1682	-0.003158	112.023515	0.000050	27.3
1683	-0.337788	111.985834	0.002239	25.6
1684	-0.307385	111.948188	0.001021	28.4
1685	-0.046082	111.910575	0.000517	31.6
1686	-0.252453	111.872996	0.000712	24.2
1687	-0.080849	111.835450	0.001034	28.7
1688	-0.008864	111.797939	0.000169	28.5
1689	-0.338266	111.760460	0.000824	27.7
1690	-0.482479	111.723015	0.001330	24.9
1691	-0.362571	111.685604	0.001533	26.7
1692	-0.170730	111.648226	0.001995	32.0
1693	-0.142709	111.610881	0.001182	26.3
1694	-0.000000	111.573570	0.000000	36.0
1695	-0.000000	111.536292	0.000000	28.9
1696	-0.436870	111.499047	0.001305	24.1
1697	-0.322501	111.461835	0.001710	33.8
1698	-0.000000	111.424656	0.000000	34.1
1699	-0.255145	111.387510	0.001037	32.0
1700	-0.320875	111.350398	0.000739	29.5
1701	-0.000000	111.313318	0.000000	31.4
1702	-0.000000	111.276271	0.000000	38.4
1703	-0.000000	111.239257	0.000000	30.2
1704	-0.053106	111.202276	0.000899	25.7
1705	-0.003643	111.165328	0.000083	29.2
1706	-0.001789	111.128412	0.000122	30.7
1707	-0.038503	111.091529	0.000499	28.5
1708	-0.168682	111.054679	0.001112	30.0
1709	-0.000000	111.017861	0.000000	29.2
1710	-0.420320	110.981076	0.001274	21.0
1711	-0.238632	110.944323	0.001472	28.3
1712	-0.000000	110.907603	0.000000	34.9
1713	-0.199223	110.870915	0.001561	36.1
1714	-0.346896	110.834259	0.001411	33.7
1715	-0.000000	110.797636	0.000000	25.0
1716	-0.036050	110.761045	0.000393	28.3
1717	-0.334061	110.724486	0.002221	33.1
1718	-0.000000	110.687959	0.000000	29.5
1719	-0.000000	110.651465	0.000000	28.3
1720	-0.000000	110.615002	0.000000	24.4
1721	-0.373753	110.578572	0.001680	24.3
1722	-0.055523	110.542173	0.000323	30.9
1723	-0.003559	110.505807	0.000107	30.6
1724	-0.000000	110.469472	0.000000	25.3
1725	-0.000000	110.433169	0.000000	29.4
1726	-0.000000	110.396898	0.000000	25.2
1727	-0.355311	110.360659	0.001596	27.7
1728	-0.121893	110.324451	0.000754	21.6
1729	-0.000000	110.288276	0.000000	25.1
1730	-0.000000	110.252131	0.000000	38.8
1731	-0.000000	110.216019	0.000000	26.2
1732	-0.076179	110.179937	0.000520	24.5
1733	-0.005507	110.143888	0.000108	33.7
1734	-0.103908	110.107869	0.001874	29.6
1735	-0.142257	110.071882	0.000568	26.8
1736	-0.099489	110.035927	0.000631	35.9
1737	-0.374488	110.000003	0.001433	30.1
1738	-0.025660	109.964110	0.000673	35.8
1739	-0.000000	109.928248	0.000000	30.3
1740	-0.012051	109.892417	0.000419	25.8
1741	-0.010884	109.856618	0.000155	37.2
1742	-0.006277	109.820850	0.000362	26.8
1743	-0.000000	109.785112	0.000000	30.6
1744	-0.078228	109.749406	0.000491	31.9
1745	-0.000000	109.713730	0.000000	37.5
1746	-0.000000	109.678086	0.000000	25.2
1747	-0.083400	109.642472	0.000959	32.5
1748	-0.042377	109.606890	0.000591	27.9
1749	-0.413887	109.571337	0.001004	24.6
1750	-0.458402	109.535816	0.001037	31.9
1751	-0.013440	109.500326	0.000506	26.9
1752	-0.000000	109.464866	0.000000	28.2
1753	-0.000000	109.429436	0.000000	31.0
1754	-0.000996	109.394038	0.000040	32.0
1755	-0.010409	109.358669	0.000241	24.2
1756	-0.184985	109.323331	0.000997	24.2
1757	-0.001024	109.288024	0.000096	28.9
1758	-0.137053	109.252747	0.000984	28.9
1759	-0.294958	109.217501	0.000744	30.1
1760	-0.002992	109.182284	0.000229	32.9
1761	-0.171814	109.147098	0.001118	23.1
1762	-0.368979	109.111942	0.002032	27.8
1763	-0.000000	109.076817	0.000000	23.5
1764	-0.000000	109.041721	0.000000	29.7
1765	-0.000000	109.006656	0.000000	33.1
1766	-0.000000	108.971620	0.000000	24.9
1767	-0.056511	108.936615	0.000374	26.8
1768	-0.010096	108.901640	0.000117	27.4
1769	-0.023117	108.866694	0.000788	33.0
1770	-0.000000	108.831779	0.000000	27.9
1771	-0.000069	108.796893	0.000000	34.1
1772	-0.222237	108.762037	0.001063	24.3
1773	-0.058934	108.727211	0.000570	26.9
1774	-0.000000	108.692415	0.000000	31.0
1775	-0.212508	108.657648	0.001833	25.4
1776	-0.000000	108.622911	0.000000	29.6
1777	-0.161059	108.588203	0.001324	29.0
1778	-0.000000	108.553525	0.000000	23.5
1779	-0.000049	108.518877	0.000001	35.0
1780	-0.323177	108.484258	0.001200	27.2
1781	-0.222093	108.449668	0.002079	29.8
1782	-0.019422	108.415108	0.000184	25.9
1783	-0.138403	108.380578	0.000582	21.9
1784	-0.336791	108.346076	0.002786	28.9
1785	-0.000000	108.311604	0.000000	25.2
1786	-0.000141	108.277161	0.000011	28.1
1787	-0.000000	108.242747	0.000000	25.8
1788	-0.000000	108.208363	0.000000	25.2
1789	-0.139120	108.174007	0.000887	34.7
1790	-0.042829	108.139681	0.000269	19.7
1791	-0.000000	108.105383	0.000000	26.2
1792	-0.300318	108.071115	0.001817	27.9
1793	-0.087858	108.036875	0.001604	28.0
1794	-0.011515	108.002665	0.000146	33.4
1795	-0.192619	107.968483	0.001136	32.2
1796	-0.006054	107.934330	0.000104	31.4
1797	-0.000000	107.900206	0.000000	26.0
1798	-0.282972	107.866111	0.001287	27.1
1799	-0.125525	107.832044	0.000494	28.7
1800	-0.000000	107.798007	0.000000	32.5
1801	-0.061039	107.763997	0.000878	33.0
1802	-0.024122	107.730017	0.000398	25.2
1803	-0.183359	107.696065	0.001309	33.0
1804	-0.206915	107.662141	0.000527	27.8
1805	-0.226323	107.628246	0.003220	31.7
1806	-0.000000	107.594379	0.000000	30.5
1807	-0.000000	107.560541	0.000000	29.3
1808	-0.000000	107.526731	0.000000	26.3
1809	-0.000000	107.492949	0.000000	24.2
1810	-0.125299	107.459196	0.002127	28.8
1811	-0.014621	107.425471	0.000171	29.2
1812	-0.362368	107.391774	0.000632	27.2
1813	-0.000000	107.358106	0.000000	28.4
1814	-0.040024	107.324465	0.000785	36.8
1815	-0.016558	107.290853	0.000364	29.5
1816	-0.015885	107.257268	0.000134	27.3
1817	-0.140858	107.223712	0.000995	40.0
1818	-0.000000	107.190184	0.000000	23.4
1819	-0.279569	107.156683	0.001885	38.0
1820	-0.000000	107.123211	0.000000	33.8
1821	-0.228960	107.089766	0.001134	27.2
1822	-0.375264	107.056349	0.001616	29.4
1823	-0.000000	107.022960	0.000000	37.6
1824	-0.000000	106.989599	0.000000	30.3
1825	-0.232219	106.956265	0.000563	19.9
1826	-0.020292	106.922960	0.000200	21.8
1827	-0.095214	106.889681	0.000689	36.6
1828	-0.005528	106.856431	0.000134	26.8
1829	-0.328333	106.823208	0.000849	28.8
1830	-0.069919	106.790012	0.000593	25.5
1831	-0.003054	106.756844	0.000083	22.0
1832	-0.000000	106.723703	0.000000	25.8
1833	-0.121602	106.690590	0.000819	28.1
1834	-0.101819	106.657505	0.000347	28.9
1835	-0.134558	106.624446	0.001570	30.0
1836	-0.000000	106.591415	0.000000	40.3
1837	-0.009571	106.558411	0.000121	23.1
1838	-0.330306	106.525435	0.001003	28.5
1839	-0.001049	106.492485	0.000030	30.2
1840	-0.215681	106.459563	0.001520	25.0
1841	-0.000000	106.426668	0.000000	24.8
1842	-0.000000	106.393800	0.000000	36.3
1843	-0.000000	106.360959	0.000000	31.2
1844	-0.143577	106.328145	0.001352	25.6
1845	-0.000000	106.295358	0.000000	26.7
1846	-0.000000	106.262598	0.000000	24.3
1847	-0.018554	106.229865	0.000397	22.9
1848	-0.000000	106.197158	0.000000	28.2
1849	-0.000000	106.164479	0.000000	34.7
1850	-0.000000	106.131826	0.000000	21.5
1851	-0.218693	106.099201	0.001356	22.1
1852	-0.244022	106.066602	0.001518	23.3
1853	-0.000000	106.034029	0.000000	24.9
1854	-0.000000	106.001483	0.000000	24.8
1855	-0.209293	105.968964	0.001047	23.3
1856	-0.019824	105.936472	0.000419	21.0
1857	-0.000000	105.904006	0.000000	21.1
1858	-0.178482	105.871566	0.005190	27.9
1859	-0.000000	105.839153	0.000000	22.9
1860	-0.355874	105.806767	0.001345	22.3
1861	-0.000000	105.774407	0.000000	27.5
1862	-0.000000	105.742073	0.000000	25.8
1863	-0.263201	105.709766	0.001692	26.2
1864	-0.013321	105.677485	0.000244	26.7
1865	-0.011327	105.645230	0.000147	29.9
1866	-0.000003	105.613001	0.000001	27.9
1867	-0.011557	105.580799	0.000188	23.5
1868	-0.000000	105.548623	0.000000	23.9
1869	-0.139834	105.516473	0.001058	28.3
1870	-0.012710	105.484349	0.000134	26.5
1871	-0.000000	105.452251	0.000000	23.5
1872	-0.000000	105.420179	0.000000	23.1
1873	-0.368124	105.388133	0.001172	20.6
1874	-0.001183	105.356113	0.000109	23.5
1875	-0.314516	105.324119	0.001289	20.8
1876	-0.000000	105.292151	0.000000	20.6
1877	-0.085090	105.260209	0.000795	21.8
1878	-0.008055	105.228293	0.000154	25.1
1879	-0.004574	105.196402	0.000035	21.7
1880	-0.022480	105.164537	0.000270	20.8
1881	-0.316200	105.132698	0.001189	26.6
1882	-0.000000	105.100885	0.000000	29.9
1883	-0.030094	105.069097	0.000401	26.4
1884	-0.000000	105.037335	0.000000	32.5
1885	-0.042656	105.005598	0.000467	26.4
1886	-0.304271	104.973887	0.000679	26.5
1887	-0.000000	104.942202	0.000000	26.9
1888	-0.111058	104.910542	0.000827	26.3
1889	-0.014259	104.878907	0.000051	32.0
1890	-0.000000	104.847298	0.000000	24.9
1891	-0.013167	104.815715	0.000561	29.0
1892	-0.066530	104.784156	0.000708	31.0
1893	-0.006054	104.752623	0.000113	28.0
1894	-0.000000	104.721116	0.000000	25.6
1895	-0.024253	104.689633	0.000204	21.9
1896	-0.000005	104.658176	0.000001	24.0
1897	-0.000000	104.626744	0.000000	26.8
1898	-0.000000	104.595337	0.000000	26.3
1899	-0.000000	104.563955	0.000000	23.9
1900	-0.000000	104.532599	0.000000	26.5
1901	-0.093099	104.501267	0.000472	29.6
1902	-0.422678	104.469960	0.001706	24.7
1903	-0.018076	104.438679	0.000170	23.1
1904	-0.000000	104.407422	0.000000	32.3
1905	-0.000000	104.376191	0.000000	24.3
1906	-0.152853	104.344984	0.000539	30.9
1907	-0.157733	104.313802	0.002657	32.1
1908	-0.364910	104.282645	0.000846	24.1
1909	-0.035392	104.251513	0.000448	26.6
1910	-0.000000	104.220405	0.000000	26.4
1911	-0.348217	104.189323	0.001073	26.5
1912	-0.338197	104.158265	0.001455	27.8
1913	-0.000000	104.127231	0.000000	28.9
1914	-0.042696	104.096222	0.000257	26.5
1915	-0.000000	104.065238	0.000000	26.7
1916	-0.113585	104.034279	0.005530	30.5
1917	-0.122594	104.003344	0.000715	24.0
1918	-0.196541	103.972433	0.000884	23.2
1919	-0.106644	103.941547	0.000935	24.0
1920	-0.029887	103.910686	0.000645	31.1
1921	-0.172477	103.879849	0.000761	32.3
1922	-0.103027	103.849036	0.000645	26.8
1923	-0.097126	103.818248	0.000837	28.9
1924	-0.000000	103.787484	0.000000	33.8
1925	-0.001990	103.756744	0.000160	40.2
1926	-0.000000	103.726029	0.000000	35.4
1927	-0.375853	103.695338	0.000927	31.4
1928	-0.000000	103.664671	0.000000	32.9
1929	-0.018720	103.634028	0.000199	31.2
1930	-0.000000	103.603409	0.000000	36.8
1931	-0.000000	103.572814	0.000000	30.3
1932	-0.000521	103.542244	0.000049	32.2
1933	-0.031803	103.511698	0.000315	31.4
1934	-0.003015	103.481175	0.000137	34.1
1935	-0.034889	103.450677	0.000108	34.6
1936	-0.000000	103.420202	0.000000	23.7
1937	-0.013640	103.389752	0.000164	31.2
1938	-0.027268	103.359325	0.000273	33.1
1939	-0.050167	103.328922	0.000533	30.9
1940	-0.000000	103.298543	0.000000	32.2
1941	-0.067945	103.268188	0.007139	35.8
1942	-0.068326	103.237857	0.000476	23.8
1943	-0.000000	103.207549	0.000000	28.3
1944	-0.250200	103.177265	0.001911	28.7
1945	-0.000089	103.147005	0.000001	27.2
1946	-0.233639	103.116768	0.001640	31.5
1947	-0.067056	103.086556	0.000607	29.8
1948	-0.007116	103.056366	0.000152	30.2
1949	-0.000000	103.026200	0.000000	37.2
1950	-0.017432	102.996058	0.000166	27.2
1951	-0.283321	102.965939	0.001371	27.6
1952	-0.000000	102.935844	0.000000	29.0
1953	-0.310342	102.905772	0.000879	23.6
1954	-0.000000	102.875724	0.000000	30.2
1955	-0.346390	102.845699	0.001239	33.3
1956	-0.003520	102.815697	0.000214	28.1
1957	-0.000106	102.785719	0.000001	31.3
1958	-0.036222	102.755764	0.000862	29.1
1959	-0.329025	102.725832	0.001277	23.5
1960	-0.344327	102.695924	0.001380	29.4
1961	-0.000000	102.666038	0.000000	31.6
1962	-0.275055	102.636176	0.001924	28.8
1963	-0.000000	102.606337	0.000000	28.5
1964	-0.065659	102.576521	0.001106	24.9
1965	-0.286127	102.546728	0.001426	24.2
1966	-0.000000	102.516959	0.000000	33.2
1967	-0.026564	102.487212	0.000231	29.6
1968	-0.065542	102.457488	0.000705	32.0
1969	-0.000000	102.427788	0.000000	32.9
1970	-0.000000	102.398110	0.000000	30.1
1971	-0.279196	102.368455	0.001594	29.6
1972	-0.004703	102.338823	0.000082	31.0
1973	-0.086982	102.309214	0.001124	30.6
1974	-0.000000	102.279628	0.000000	25.6
1975	-0.000001	102.250064	0.000000	33.6
1976	-0.000000	102.220524	0.000000	23.6
1977	-0.003403	102.191006	0.000043	26.7
1978	-0.002148	102.161511	0.000077	28.2
1979	-0.002863	102.132038	0.000011	33.9
1980	-0.311285	102.102588	0.001200	29.5
1981	-0.019575	102.073161	0.000332	23.9
1982	-0.000000	102.043757	0.000000	31.9
1983	-0.016852	102.014375	0.000194	27.4
1984	-0.000000	101.985015	0.000000	33.9
1985	-0.000000	101.955678	0.000000	31.1
1986	-0.009136	101.926364	0.000246	27.4
1987	-0.000943	101.897072	0.000031	33.8
1988	-0.000000	101.867802	0.000000	22.0
1989	-0.053155	101.838555	0.000863	24.4
1990	-0.153559	101.809330	0.001215	24.2
1991	-0.077973	101.780128	0.000210	30.2
1992	-0.000000	101.750948	0.000000	32.8
1993	-0.000000	101.721790	0.000000	24.2
1994	-0.011991	101.692654	0.000198	32.1
1995	-0.182088	101.663541	0.001062	26.0
1996	-0.148819	101.634450	0.000699	25.0
1997	-0.022365	101.605381	0.000948	27.0
1998	-0.000000	101.576335	0.000000	29.5
1999	-0.385526	101.547310	0.001120	24.9
