1:ItNr	2:Metric	3:StepSize	4:||Gradient||	Time[ms]
0	-0.342171	627.201626	0.006208	1733.1
1	-0.175857	623.504937	0.004218	14.4
2	-0.611176	619.865785	0.005756	6.3
3	-0.000000	616.282728	0.000000	9.0
4	-0.058798	612.754375	0.000365	6.7
5	-0.482985	609.279381	0.005453	12.0
6	-0.000000	605.856447	0.000000	7.1
7	-0.863100	602.484317	0.008651	6.7
8	-0.730027	599.161779	0.005997	6.8
9	-0.042393	595.887656	0.000641	7.5
10	-0.005377	592.660813	0.000338	9.5
11	-0.000000	589.480151	0.000000	7.5
12	-0.000015	586.344606	0.000008	6.5
13	-0.037094	583.253145	0.001218	9.3
14	-0.090927	580.204771	0.001484	10.7
15	-1.072636	577.198517	0.001782	4.3
16	-0.766862	574.233444	0.006889	11.3
17	-0.475143	571.308645	0.005354	7.9
18	-0.805661	568.423237	0.002994	9.5
19	-0.213145	565.576365	0.001204	6.9
20	-0.919456	562.767201	0.004366	7.0
21	-0.050476	559.994938	0.001047	7.8
22	-0.613732	557.258797	0.006673	5.9
23	-0.037138	554.558018	0.000968	6.2
24	-0.194436	551.891865	0.002489	8.1
25	-0.611669	549.259621	0.006198	5.9
26	-0.345540	546.660592	0.001959	11.8
27	-0.726629	544.094102	0.004238	6.7
28	-0.000000	541.559494	0.000000	7.3
29	-0.033541	539.056129	0.000824	6.5
30	-0.182766	536.583387	0.001028	5.4
31	-0.648935	534.140663	0.007469	5.9
32	-0.261107	531.727370	0.004572	7.1
33	-0.000000	529.342935	0.000000	8.0
34	-0.000000	526.986802	0.000000	6.8
35	-0.000000	524.658430	0.000000	6.3
36	-0.192336	522.357290	0.004039	8.7
37	-0.718430	520.082868	0.005425	6.5
38	-0.062550	517.834665	0.000297	7.5
39	-0.219580	515.612193	0.001443	6.7
40	-0.650656	513.414976	0.004624	9.0
41	-0.000000	511.242551	0.000000	7.4
42	-0.027224	509.094468	0.000668	6.9
43	-0.621524	506.970285	0.005059	7.0
44	-0.000000	504.869574	0.000000	6.5
45	-0.134625	502.791916	0.001224	6.6
46	-0.484454	500.736903	0.007384	6.7
47	-0.544325	498.704137	0.006501	6.6
48	-0.416263	496.693228	0.003197	6.3
49	-0.000000	494.703798	0.000000	7.1
50	-0.004057	492.735476	0.000011	6.6
51	-0.653250	490.787900	0.004849	6.8
52	-0.716133	488.860718	0.006571	6.8
53	-0.250395	486.953585	0.000911	6.6
54	-0.053825	485.066164	0.001137	12.7
55	-0.049140	483.198126	0.001888	7.5
56	-0.712893	481.349149	0.006361	6.7
57	-0.475082	479.518920	0.003396	6.9
58	-0.796554	477.707132	0.008424	7.6
59	-0.006141	475.913485	0.000011	10.1
60	-0.057888	474.137684	0.001065	11.9
61	-0.585172	472.379445	0.003725	8.6
62	-1.038360	470.638485	0.004949	6.7
63	-0.096132	468.914531	0.001365	6.9
64	-0.051746	467.207315	0.000139	8.4
65	-0.000000	465.516573	0.000000	13.9
66	-0.123290	463.842050	0.000659	10.7
67	-0.000000	462.183494	0.000000	11.9
68	-0.000000	460.540658	0.000000	5.4
69	-0.000000	458.913303	0.000000	6.5
70	-0.465734	457.301192	0.002072	6.8
71	-0.265159	455.704096	0.002015	6.7
72	-0.857525	454.121787	0.005109	6.8
73	-0.215598	452.554045	0.002700	6.7
74	-0.116050	451.000653	0.002864	7.2
75	-0.360733	449.461399	0.006224	6.9
76	-0.530050	447.936075	0.008953	6.8
77	-0.000000	446.424477	0.000000	7.0
78	-0.658589	444.926406	0.002871	10.4
79	-0.084745	443.441666	0.001972	10.3
80	-0.000000	441.970065	0.000000	6.7
81	-0.183426	440.511415	0.000835	6.9
82	-0.031334	439.065533	0.000669	6.7
83	-0.711297	437.632238	0.007634	7.8
84	-0.210636	436.211351	0.003713	6.9
85	-0.895933	434.802701	0.008992	7.0
86	-0.129933	433.406117	0.001573	6.6
87	-0.304013	432.021430	0.003056	6.3
88	-0.167774	430.648479	0.000814	7.3
89	-0.300948	429.287101	0.002216	6.6
90	-0.000000	427.937140	0.000000	10.6
91	-0.290897	426.598440	0.000710	12.2
92	-0.532085	425.270849	0.003764	7.0
93	-0.000000	423.954220	0.000000	6.5
94	-0.000000	422.648404	0.000000	6.6
95	-0.878366	421.353259	0.005837	6.3
96	-0.082032	420.068643	0.000278	7.7
97	-0.082452	418.794419	0.001077	6.5
98	-0.373473	417.530451	0.003542	6.7
99	-0.597829	416.276604	0.004853	6.7
100	-0.002148	415.032748	0.000473	6.4
101	-0.050456	413.798754	0.001033	6.7
102	-0.391438	412.574495	0.003416	6.7
103	-0.390982	411.359849	0.004273	6.5
104	-0.000000	410.154691	0.000000	7.2
105	-0.000781	408.958904	0.000005	7.8
106	-0.034934	407.772368	0.000680	11.5
107	-1.013828	406.594968	0.006477	7.1
108	-0.536738	405.426590	0.002856	10.3
109	-0.163789	404.267122	0.004274	10.3
110	-0.034729	403.116456	0.000589	6.6
111	-0.000000	401.974481	0.000000	6.4
112	-0.127616	400.841093	0.000540	7.2
113	-0.026028	399.716187	0.001654	6.4
114	-0.000000	398.599660	0.000000	8.8
115	-0.042014	397.491411	0.000165	8.0
116	-0.878576	396.391342	0.009409	8.0
117	-0.508644	395.299353	0.004005	14.9
118	-0.000000	394.215350	0.000000	11.7
119	-0.000925	393.139238	0.000010	11.1
120	-0.000000	392.070924	0.000000	11.8
121	-0.034263	391.010316	0.000612	6.3
122	-0.000000	389.957325	0.000000	11.2
123	-0.006074	388.911862	0.000360	12.0
124	-0.170433	387.873839	0.005361	13.0
125	-0.030216	386.843173	0.000541	11.0
126	-0.294332	385.819777	0.002301	14.1
127	-0.250991	384.803569	0.001645	7.0
128	-0.675743	383.794468	0.008001	7.1
129	-0.536422	382.792393	0.006771	13.3
130	-0.000000	381.797264	0.000000	6.6
131	-0.022703	380.809005	0.000103	6.8
132	-0.741617	379.827537	0.004946	7.7
133	-0.376829	378.852786	0.003149	6.6
134	-0.000109	377.884678	0.000029	7.7
135	-0.605256	376.923138	0.008983	6.7
136	-0.259955	375.968095	0.003414	7.8
137	-0.139650	375.019479	0.001381	11.8
138	-0.000000	374.077218	0.000000	11.4
139	-0.046923	373.141244	0.001185	7.9
140	-0.516722	372.211489	0.003891	9.3
141	-0.015356	371.287887	0.000772	6.9
142	-0.487832	370.370370	0.002952	7.6
143	-0.930860	369.458876	0.007471	8.0
144	-0.000000	368.553338	0.000000	13.1
145	-0.352893	367.653696	0.002382	7.4
146	-0.096817	366.759885	0.001734	10.7
147	-0.034512	365.871846	0.001757	12.3
148	-0.000058	364.989518	0.000029	16.3
149	-0.411310	364.112841	0.002238	4.9
150	-0.036417	363.241757	0.001286	7.0
151	-0.718201	362.376208	0.005811	7.9
152	-0.007551	361.516137	0.001826	12.0
153	-0.000000	360.661488	0.000000	6.6
154	-0.849929	359.812206	0.007706	17.1
155	-0.000000	358.968236	0.000000	2.0
156	-0.000063	358.129524	0.000007	10.1
157	-0.000000	357.296018	0.000000	7.9
158	-0.755457	356.467665	0.005190	12.0
159	-0.000013	355.644414	0.000000	15.1
160	-0.000000	354.826213	0.000000	15.6
161	-0.034914	354.013012	0.000990	16.6
162	-1.081050	353.204763	0.006090	19.7
163	-0.000000	352.401415	0.000000	13.8
164	-0.176166	351.602922	0.002824	8.3
165	-0.011443	350.809235	0.000312	17.4
166	-0.000000	350.020308	0.000000	13.2
167	-0.207199	349.236095	0.001910	14.4
168	-0.436447	348.456550	0.005630	13.2
169	-0.000000	347.681627	0.000000	12.2
170	-0.000000	346.911283	0.000000	7.3
171	-0.422274	346.145474	0.005217	15.7
172	-0.000000	345.384157	0.000000	16.6
173	-0.600800	344.627288	0.006720	13.4
174	-0.631294	343.874826	0.004390	13.4
175	-0.000000	343.126729	0.000000	18.9
176	-1.029964	342.382957	0.003399	10.1
177	-0.333209	341.643469	0.002992	12.0
178	-0.000000	340.908224	0.000000	12.0
179	-0.000000	340.177184	0.000000	15.2
180	-1.052065	339.450309	0.004326	15.6
181	-0.442422	338.727561	0.003461	13.1
182	-0.000000	338.008902	0.000000	11.3
183	-0.773699	337.294295	0.005320	12.0
184	-0.000297	336.583703	0.000002	15.9
185	-0.826031	335.877089	0.007337	14.4
186	-0.704379	335.174416	0.002270	7.7
187	-0.000000	334.475651	0.000000	10.5
188	-0.002612	333.780756	0.000085	7.1
189	-0.082082	333.089698	0.004724	8.7
190	-0.124178	332.402443	0.000547	8.8
191	-0.000000	331.718955	0.000000	6.8
192	-0.000000	331.039203	0.000000	6.3
193	-0.560073	330.363153	0.005059	7.6
194	-0.208904	329.690771	0.003190	6.9
195	-0.044608	329.022027	0.002266	6.7
196	-0.113639	328.356888	0.002087	6.8
197	-0.448461	327.695322	0.006827	9.6
198	-0.191277	327.037299	0.003377	8.1
199	-0.000000	326.382787	0.000000	11.7
200	-0.351902	325.731758	0.003047	7.0
201	-0.454701	325.084179	0.002974	6.9
202	-0.065260	324.440023	0.001721	7.2
203	-0.000000	323.799258	0.000000	6.6
204	-0.059650	323.161858	0.001457	6.6
205	-0.046241	322.527792	0.001145	6.8
206	-0.322818	321.897034	0.002940	6.6
207	-0.152402	321.269554	0.004455	10.3
208	-0.071753	320.645325	0.002624	7.0
209	-0.013699	320.024320	0.000185	11.2
210	-0.094097	319.406512	0.000685	9.3
211	-0.128616	318.791875	0.001140	7.1
212	-0.089890	318.180381	0.002970	7.4
213	-0.000003	317.572005	0.000000	8.8
214	-0.000000	316.966721	0.000000	14.3
215	-0.066405	316.364504	0.001018	11.7
216	-0.146563	315.765329	0.002206	6.3
217	-0.055177	315.169170	0.000828	7.1
218	-0.814035	314.576003	0.007201	6.6
219	-0.116742	313.985804	0.004749	6.5
220	-0.000000	313.398548	0.000000	6.6
221	-0.297157	312.814213	0.002630	7.6
222	-0.190688	312.232773	0.001419	7.3
223	-0.209495	311.654207	0.003632	7.1
224	-0.235383	311.078491	0.002673	16.4
225	-0.293609	310.505602	0.002928	7.5
226	-0.084111	309.935518	0.001254	8.3
227	-0.000000	309.368217	0.000000	6.0
228	-0.248767	308.803676	0.002347	6.9
229	-0.282681	308.241874	0.003717	6.2
230	-0.000000	307.682789	0.000000	11.5
231	-0.000014	307.126400	0.000005	7.2
232	-0.000000	306.572687	0.000000	6.5
233	-0.831521	306.021627	0.005502	6.4
234	-0.451990	305.473201	0.007903	8.9
235	-0.344600	304.927388	0.003063	6.9
236	-0.550661	304.384168	0.005448	6.4
237	-0.000000	303.843521	0.000000	15.7
238	-0.743549	303.305427	0.003669	6.8
239	-0.000000	302.769867	0.000000	8.7
240	-0.000000	302.236821	0.000000	6.9
241	-0.316389	301.706270	0.002235	6.7
242	-0.396277	301.178196	0.006007	6.5
243	-0.687797	300.652580	0.004957	6.5
244	-0.269473	300.129402	0.001749	9.8
245	-0.075442	299.608645	0.002011	12.3
246	-0.463914	299.090291	0.005169	14.3
247	-0.491831	298.574321	0.003380	11.0
248	-0.000000	298.060718	0.000000	6.4
249	-0.137531	297.549465	0.004639	6.9
250	-0.000000	297.040543	0.000000	11.5
251	-0.545845	296.533936	0.006113	6.7
252	-0.047333	296.029626	0.000914	7.0
253	-0.817158	295.527597	0.009130	7.3
254	-0.766463	295.027832	0.004367	7.0
255	-0.000082	294.530315	0.000026	7.0
256	-0.000000	294.035028	0.000000	7.0
257	-0.625173	293.541956	0.003811	6.6
258	-0.308221	293.051083	0.001954	6.5
259	-0.000000	292.562393	0.000000	6.3
260	-0.000000	292.075870	0.000000	6.1
261	-0.404573	291.591498	0.002416	6.5
262	-0.001797	291.109263	0.000500	12.9
263	-0.055532	290.629149	0.001219	10.5
264	-0.073272	290.151140	0.002658	8.1
265	-0.102669	289.675222	0.001801	6.9
266	-0.000000	289.201380	0.000000	6.7
267	-0.242228	288.729600	0.001808	7.0
268	-0.000000	288.259866	0.000000	6.9
269	-0.000000	287.792165	0.000000	10.0
270	-0.151814	287.326481	0.003166	6.7
271	-0.712067	286.862802	0.005098	6.5
272	-0.000000	286.401113	0.000000	6.3
273	-0.015926	285.941400	0.000145	8.2
274	-0.905642	285.483649	0.005259	12.0
275	-0.015579	285.027847	0.000191	7.1
276	-0.134659	284.573981	0.002470	8.8
277	-0.439264	284.122037	0.004310	11.4
278	-0.113680	283.672002	0.003271	4.1
279	-0.000000	283.223863	0.000000	9.3
280	-0.000000	282.777607	0.000000	6.9
281	-0.000000	282.333221	0.000000	6.5
282	-0.125555	281.890692	0.004257	10.5
283	-0.000000	281.450008	0.000000	11.5
284	-0.269688	281.011157	0.003614	6.6
285	-0.000000	280.574125	0.000000	11.8
286	-0.000000	280.138901	0.000000	8.4
287	-0.049107	279.705473	0.000827	9.2
288	-0.339048	279.273829	0.003344	7.1
289	-0.125113	278.843956	0.002438	7.3
290	-0.879690	278.415844	0.003054	7.0
291	-1.003963	277.989479	0.004781	6.3
292	-0.018391	277.564851	0.000040	7.0
293	-0.318310	277.141949	0.003151	12.2
294	-0.000000	276.720761	0.000000	13.2
295	-0.039762	276.301275	0.000603	12.7
296	-0.377632	275.883480	0.008989	13.5
297	-0.000000	275.467366	0.000000	6.8
298	-0.129580	275.052922	0.002882	11.8
299	-0.275966	274.640136	0.003912	15.5
300	-0.181486	274.228998	0.004911	6.9
301	-0.493959	273.819497	0.006483	6.9
302	-0.150022	273.411623	0.002125	12.6
303	-0.000000	273.005365	0.000000	11.8
304	-0.961864	272.600712	0.010841	7.8
305	-0.401403	272.197655	0.002150	12.9
306	-0.865358	271.796184	0.006615	12.3
307	-0.209728	271.396287	0.004258	15.9
308	-0.000000	270.997956	0.000000	3.2
309	-0.677661	270.601180	0.007024	6.7
310	-0.191421	270.205949	0.005566	8.4
311	-0.124737	269.812254	0.001068	6.4
312	-0.318847	269.420085	0.003038	6.5
313	-0.047154	269.029432	0.001070	7.4
314	-0.316549	268.640287	0.007675	7.4
315	-0.000000	268.252638	0.000000	6.4
316	-0.361524	267.866478	0.001293	6.4
317	-0.000000	267.481796	0.000000	10.0
318	-0.511891	267.098584	0.005111	6.0
319	-0.116756	266.716833	0.000812	12.6
320	-1.103784	266.336533	0.003480	6.6
321	-0.341342	265.957676	0.002752	7.1
322	-0.804806	265.580253	0.004709	6.8
323	-0.000000	265.204254	0.000000	7.8
324	-0.662713	264.829672	0.001233	7.6
325	-0.227836	264.456497	0.001304	6.8
326	-0.000000	264.084721	0.000000	7.2
327	-0.006220	263.714335	0.001123	7.0
328	-0.000000	263.345332	0.000000	7.0
329	-0.145166	262.977702	0.002196	7.7
330	-0.077316	262.611438	0.001935	17.6
331	-0.086858	262.246531	0.001904	3.0
332	-0.294035	261.882973	0.006035	11.7
333	-0.118516	261.520756	0.001117	7.1
334	-0.000000	261.159871	0.000000	6.6
335	-0.073242	260.800312	0.000575	7.0
336	-0.252825	260.442070	0.004664	13.2
337	-0.000000	260.085137	0.000000	7.5
338	-0.984897	259.729505	0.003656	10.0
339	-0.000000	259.375167	0.000000	8.3
340	-0.601622	259.022116	0.007567	8.0
341	-0.811040	258.670343	0.004754	11.9
342	-0.212935	258.319841	0.002478	12.0
343	-0.000000	257.970602	0.000000	7.5
344	-0.000000	257.622620	0.000000	8.3
345	-0.375106	257.275887	0.005925	7.9
346	-0.037943	256.930396	0.001463	8.2
347	-0.063410	256.586139	0.001367	7.1
348	-0.497488	256.243109	0.003195	6.7
349	-0.000000	255.901300	0.000000	6.7
350	-0.004570	255.560703	0.000131	6.7
351	-0.115172	255.221313	0.003028	6.6
352	-0.000000	254.883122	0.000000	6.6
353	-0.166288	254.546124	0.003521	7.5
354	-0.333228	254.210311	0.004160	11.4
355	-0.231390	253.875677	0.005487	7.2
356	-0.273226	253.542215	0.005131	8.7
357	-1.126530	253.209918	0.004288	11.9
358	-0.000000	252.878781	0.000000	7.3
359	-0.361832	252.548795	0.003618	7.0
360	-0.431787	252.219956	0.004378	8.9
361	-0.000000	251.892255	0.000000	6.6
362	-0.402690	251.565688	0.003399	6.4
363	-0.665360	251.240247	0.006506	6.8
364	-0.000000	250.915926	0.000000	12.6
365	-0.120536	250.592720	0.002319	8.9
366	-0.875405	250.270621	0.006306	10.9
367	-0.025175	249.949624	0.001376	6.6
368	-0.000000	249.629723	0.000000	7.1
369	-0.000000	249.310911	0.000000	6.4
370	-0.056081	248.993182	0.000870	6.2
371	-0.000000	248.676531	0.000000	7.1
372	-0.033217	248.360952	0.000022	10.3
373	-0.131517	248.046438	0.002782	7.5
374	-0.000021	247.732984	0.000007	8.1
375	-0.179916	247.420584	0.001357	8.0
376	-0.000000	247.109233	0.000000	7.9
377	-0.126222	246.798924	0.000694	11.0
378	-1.028697	246.489652	0.004120	12.3
379	-0.645611	246.181412	0.004871	12.9
380	-0.000001	245.874197	0.000000	11.7
381	-0.178626	245.568002	0.002576	7.0
382	-0.000000	245.262822	0.000000	12.3
383	-0.766545	244.958652	0.006694	7.3
384	-0.692541	244.655485	0.007468	13.0
385	-0.685825	244.353317	0.006007	6.2
386	-0.214152	244.052142	0.001791	9.7
387	-0.529877	243.751955	0.003852	11.9
388	-0.000000	243.452750	0.000000	8.1
389	-0.004545	243.154523	0.000894	12.0
390	-0.718273	242.857268	0.004458	11.6
391	-0.254347	242.560980	0.001786	12.0
392	-0.652908	242.265654	0.004632	11.6
393	-0.002121	241.971285	0.000188	11.8
394	-0.155914	241.677868	0.002516	12.3
395	-0.000000	241.385397	0.000000	11.6
396	-0.164098	241.093869	0.001630	9.2
397	-0.000000	240.803278	0.000000	6.4
398	-0.443864	240.513619	0.003957	8.4
399	-0.000000	240.224887	0.000000	12.4
400	-0.348832	239.937077	0.002737	15.9
401	-0.910266	239.650186	0.006687	3.3
402	-0.000000	239.364207	0.000000	6.8
403	-0.719971	239.079136	0.004158	7.9
404	-0.050628	238.794969	0.002448	7.5
405	-0.777336	238.511701	0.005939	12.0
406	-0.122729	238.229327	0.003499	12.1
407	-0.386794	237.947843	0.004678	14.0
408	-0.380714	237.667244	0.005393	12.9
409	-0.348022	237.387526	0.004050	11.6
410	-0.081695	237.108684	0.001404	11.4
411	-0.610113	236.830714	0.003284	7.6
412	-0.630794	236.553610	0.005808	6.6
413	-0.000000	236.277370	0.000000	9.6
414	-0.000000	236.001989	0.000000	6.4
415	-0.230539	235.727461	0.002614	9.6
416	-0.010734	235.453784	0.000997	7.3
417	-0.000000	235.180952	0.000000	8.7
418	-0.925599	234.908962	0.002959	6.0
419	-0.013248	234.637809	0.000358	6.5
420	-0.000000	234.367488	0.000000	11.1
421	-0.096002	234.097997	0.000402	12.0
422	-0.000013	233.829331	0.000000	7.9
423	-0.000000	233.561485	0.000000	7.9
424	-0.000021	233.294456	0.000000	8.0
425	-0.046807	233.028239	0.000725	12.0
426	-0.081755	232.762831	0.001220	7.2
427	-0.752351	232.498228	0.003854	8.7
428	-0.552670	232.234425	0.002123	7.8
429	-0.412590	231.971419	0.004737	7.3
430	-0.916058	231.709205	0.007449	6.6
431	-0.971405	231.447781	0.005107	9.9
432	-0.000000	231.187141	0.000000	11.1
433	-0.000000	230.927283	0.000000	6.5
434	-0.055879	230.668202	0.001466	12.2
435	-0.399615	230.409895	0.003703	6.5
436	-0.285448	230.152358	0.004253	11.9
437	-0.000000	229.895587	0.000000	10.7
438	-0.015338	229.639578	0.000324	11.8
439	-0.062618	229.384329	0.002302	12.2
440	-0.048788	229.129834	0.001257	6.8
441	-0.000000	228.876091	0.000000	6.6
442	-0.367072	228.623096	0.005377	10.1
443	-0.158758	228.370846	0.001870	7.5
444	-0.000000	228.119336	0.000000	7.0
445	-0.000000	227.868563	0.000000	9.4
446	-0.057727	227.618525	0.000443	6.8
447	-0.682016	227.369216	0.006240	9.1
448	-0.457184	227.120635	0.005765	10.7
449	-0.000000	226.872777	0.000000	16.6
450	-0.006901	226.625638	0.000147	9.9
451	-0.000001	226.379217	0.000000	7.0
452	-0.000000	226.133509	0.000000	7.5
453	-0.147207	225.888510	0.003783	9.4
454	-0.133734	225.644218	0.000786	6.7
455	-0.195669	225.400630	0.000837	7.8
456	-0.000000	225.157741	0.000000	9.2
457	-0.041833	224.915549	0.001938	7.7
458	-0.077824	224.674051	0.001349	6.8
459	-0.099685	224.433242	0.001056	6.6
460	-0.698067	224.193121	0.005321	6.9
461	-0.000000	223.953684	0.000000	18.2
462	-0.037098	223.714927	0.000370	6.2
463	-0.200572	223.476848	0.003279	7.0
464	-0.538644	223.239444	0.004798	6.4
465	-0.721509	223.002710	0.008291	9.8
466	-0.002995	222.766645	0.000109	8.0
467	-0.000000	222.531245	0.000000	7.4
468	-0.121533	222.296508	0.001651	9.4
469	-0.585141	222.062429	0.007023	7.0
470	-0.582146	221.829007	0.005927	10.6
471	-0.892427	221.596238	0.006846	6.3
472	-0.463195	221.364119	0.004353	12.7
473	-0.000000	221.132647	0.000000	13.0
474	-0.086768	220.901820	0.001168	10.1
475	-0.431826	220.671634	0.006140	6.5
476	-0.326573	220.442086	0.007704	8.5
477	-0.917744	220.213174	0.003822	8.8
478	-0.000000	219.984895	0.000000	5.9
479	-0.411166	219.757246	0.007465	6.9
480	-0.851764	219.530224	0.004929	6.5
481	-0.980155	219.303826	0.004192	11.7
482	-0.735912	219.078050	0.006751	7.4
483	-0.060126	218.852893	0.003342	6.4
484	-0.519463	218.628352	0.005422	12.6
485	-0.187979	218.404424	0.003550	7.1
486	-0.005366	218.181106	0.000100	7.5
487	-0.426587	217.958397	0.001637	6.9
488	-0.977184	217.736292	0.008087	15.8
489	-0.448854	217.514790	0.002930	3.5
490	-0.695235	217.293888	0.003942	6.6
491	-0.201594	217.073584	0.005204	6.5
492	-0.066052	216.853873	0.002794	6.7
493	-0.000000	216.634755	0.000000	12.8
494	-0.000000	216.416227	0.000000	6.6
495	-0.062733	216.198285	0.001081	8.9
496	-0.000000	215.980927	0.000000	12.2
497	-0.000000	215.764151	0.000000	11.3
498	-0.616095	215.547955	0.003783	6.6
499	-0.000000	215.332335	0.000000	7.0
500	-0.779406	215.117289	0.006437	11.8
501	-0.067574	214.902815	0.002861	7.3
502	-0.607988	214.688911	0.006997	6.6
503	-0.081626	214.475573	0.001569	6.9
504	-0.147475	214.262800	0.001219	11.3
505	-0.000000	214.050588	0.000000	5.6
506	-0.413806	213.838936	0.003085	6.6
507	-1.024086	213.627842	0.003595	10.2
508	-0.000000	213.417302	0.000000	7.9
509	-0.283182	213.207314	0.005077	8.1
510	-0.000000	212.997877	0.000000	6.9
511	-0.048112	212.788987	0.001904	6.5
512	-0.390019	212.580642	0.004441	10.2
513	-0.080495	212.372841	0.001122	11.9
514	-0.137657	212.165581	0.002218	6.9
515	-0.465324	211.958859	0.006784	7.1
516	-0.004477	211.752673	0.000313	6.3
517	-0.426635	211.547021	0.004587	7.9
518	-0.000000	211.341902	0.000000	6.5
519	-0.000000	211.137311	0.000000	6.4
520	-0.000000	210.933248	0.000000	6.6
521	-0.000000	210.729710	0.000000	12.0
522	-0.000000	210.526695	0.000000	17.0
523	-0.000000	210.324200	0.000000	5.8
524	-0.000000	210.122224	0.000000	9.0
525	-0.000001	209.920765	0.000001	7.2
526	-0.013311	209.719820	0.000128	6.6
527	-0.080794	209.519387	0.000988	8.2
528	-0.475015	209.319463	0.004093	6.4
529	-0.385463	209.120048	0.003137	6.8
530	-0.000000	208.921139	0.000000	6.7
531	-0.008465	208.722733	0.000077	7.4
532	-0.475913	208.524829	0.009595	6.8
533	-0.032739	208.327425	0.000672	7.2
534	-0.852806	208.130518	0.002394	8.0
535	-0.000000	207.934107	0.000000	6.3
536	-0.796756	207.738189	0.004802	6.7
537	-0.000000	207.542762	0.000000	11.1
538	-0.654867	207.347825	0.008371	13.9
539	-0.848727	207.153376	0.007168	17.3
540	-0.000000	206.959412	0.000000	8.7
541	-0.157073	206.765932	0.000861	12.0
542	-0.122185	206.572933	0.002201	14.4
543	-0.123428	206.380414	0.000605	9.2
544	-0.000001	206.188373	0.000000	12.9
545	-0.000000	205.996807	0.000000	6.4
546	-0.000179	205.805716	0.000061	7.5
547	-0.000000	205.615096	0.000000	6.2
548	-0.467841	205.424946	0.004803	12.9
549	-0.037717	205.235265	0.000208	9.6
550	-0.955718	205.046050	0.006505	10.2
551	-0.156216	204.857299	0.000972	24.4
552	-1.013929	204.669011	0.002308	9.2
553	-0.170061	204.481184	0.001067	11.0
554	-0.000000	204.293816	0.000000	11.8
555	-0.039425	204.106905	0.000423	17.2
556	-0.574033	203.920449	0.004547	14.5
557	-0.159413	203.734447	0.002370	13.1
558	-0.039923	203.548896	0.001673	12.6
559	-0.000000	203.363795	0.000000	7.1
560	-0.181866	203.179143	0.002115	10.3
561	-0.102671	202.994937	0.001543	11.8
562	-0.000074	202.811176	0.000016	10.3
563	-0.499135	202.627857	0.003729	11.3
564	-0.143502	202.444980	0.001710	7.0
565	-0.162213	202.262543	0.001108	20.9
566	-0.106076	202.080543	0.003059	2.4
567	-0.271077	201.898979	0.000408	9.4
568	-0.673305	201.717849	0.003313	8.6
569	-0.494422	201.537153	0.008729	10.8
570	-0.719847	201.356887	0.003215	12.0
571	-0.744982	201.177050	0.004417	6.8
572	-0.207537	200.997642	0.002455	6.7
573	-0.366675	200.818659	0.001447	13.5
574	-0.000000	200.640100	0.000000	10.2
575	-0.185397	200.461965	0.003049	12.5
576	-0.542296	200.284250	0.007484	11.2
577	-0.741267	200.106955	0.007144	6.2
578	-0.687907	199.930078	0.006244	9.7
579	-0.110133	199.753617	0.002621	11.9
580	-0.585610	199.577571	0.008417	7.2
581	-0.000000	199.401938	0.000000	8.0
582	-0.135563	199.226717	0.000965	7.1
583	-0.703365	199.051905	0.005844	8.1
584	-0.000000	198.877502	0.000000	11.5
585	-0.384837	198.703506	0.002599	6.7
586	-0.117650	198.529916	0.002206	7.1
587	-0.699947	198.356729	0.008113	9.6
588	-0.845154	198.183944	0.003733	7.7
589	-0.047289	198.011560	0.000688	12.2
590	-0.000681	197.839576	0.000191	13.3
591	-0.000000	197.667989	0.000000	13.9
592	-0.094300	197.496798	0.001747	11.0
593	-0.109167	197.326002	0.001365	12.6
594	-0.038364	197.155600	0.000926	12.5
595	-0.192519	196.985589	0.004815	11.6
596	-0.000000	196.815969	0.000000	11.6
597	-0.633507	196.646738	0.008679	11.5
598	-0.071868	196.477894	0.002162	12.0
599	-0.079255	196.309436	0.001844	11.9
600	-0.000000	196.141363	0.000000	6.3
601	-0.210915	195.973673	0.002348	7.1
602	-0.467134	195.806365	0.005046	6.9
603	-0.479658	195.639437	0.001881	10.9
604	-0.000000	195.472888	0.000000	8.5
605	-0.000000	195.306717	0.000000	12.0
606	-0.121293	195.140922	0.001627	8.0
607	-0.000000	194.975501	0.000000	6.6
608	-0.035606	194.810454	0.000146	14.1
609	-0.000000	194.645779	0.000000	11.2
610	-0.261368	194.481475	0.003851	8.0
611	-0.057299	194.317540	0.001221	6.5
612	-0.492725	194.153973	0.002568	9.4
613	-0.845289	193.990773	0.009446	7.6
614	-0.996300	193.827938	0.005545	7.2
615	-0.111889	193.665467	0.004789	6.5
616	-0.175797	193.503358	0.003964	10.1
617	-0.000000	193.341611	0.000000	6.8
618	-0.118394	193.180224	0.005788	9.4
619	-0.047500	193.019196	0.000804	6.8
620	-0.002620	192.858525	0.000112	9.1
621	-0.027482	192.698210	0.000251	9.1
622	-0.779936	192.538251	0.001916	6.4
623	-0.000020	192.378644	0.000000	6.6
624	-0.000000	192.219391	0.000000	9.7
625	-0.117466	192.060488	0.004362	8.7
626	-0.843433	191.901935	0.005433	6.6
627	-0.000000	191.743730	0.000000	8.6
628	-0.064671	191.585873	0.001628	11.9
629	-0.015169	191.428362	0.000430	18.0
630	-0.287328	191.271196	0.003680	14.0
631	-0.000000	191.114374	0.000000	15.6
632	-0.128922	190.957893	0.001094	12.2
633	-0.581812	190.801755	0.006539	13.9
634	-0.000000	190.645956	0.000000	7.3
635	-0.263538	190.490495	0.003999	12.9
636	-0.000371	190.335373	0.000014	6.9
637	-0.259104	190.180587	0.004159	10.7
638	-0.000000	190.026136	0.000000	8.0
639	-1.064250	189.872019	0.002914	6.7
640	-0.083218	189.718235	0.002748	9.2
641	-0.136492	189.564782	0.004237	12.0
642	-0.037054	189.411661	0.000225	9.0
643	-0.148661	189.258868	0.002010	6.6
644	-0.022738	189.106404	0.000891	9.2
645	-0.591059	188.954267	0.004097	6.8
646	-0.000000	188.802456	0.000000	8.3
647	-0.000000	188.650969	0.000000	8.8
648	-0.000000	188.499807	0.000000	6.3
649	-0.078531	188.348967	0.002293	11.0
650	-0.000000	188.198448	0.000000	6.7
651	-0.000000	188.048250	0.000000	7.5
652	-0.466609	187.898371	0.001824	15.8
653	-0.000000	187.748810	0.000000	13.9
654	-0.025099	187.599566	0.001029	7.6
655	-0.000139	187.450638	0.000042	15.3
656	-0.000000	187.302025	0.000000	7.2
657	-0.696917	187.153725	0.005983	6.8
658	-0.109215	187.005739	0.002664	6.7
659	-0.079717	186.858064	0.002394	13.0
660	-0.047444	186.710699	0.000966	9.0
661	-0.615591	186.563645	0.008216	11.3
662	-0.397309	186.416898	0.006631	14.7
663	-0.000000	186.270459	0.000000	20.6
664	-0.074234	186.124326	0.002890	12.3
665	-0.232529	185.978499	0.001805	15.0
666	-0.000000	185.832976	0.000000	13.7
667	-0.488920	185.687756	0.003377	13.8
668	-0.336619	185.542838	0.002916	16.5
669	-0.000000	185.398222	0.000000	12.7
670	-0.000000	185.253906	0.000000	13.6
671	-0.064169	185.109889	0.000879	18.9
672	-0.264949	184.966170	0.002894	5.8
673	-0.000000	184.822748	0.000000	7.0
674	-0.173740	184.679623	0.002869	6.8
675	-0.000000	184.536792	0.000000	6.5
676	-0.000000	184.394256	0.000000	7.5
677	-0.583970	184.252013	0.004467	11.1
678	-0.798939	184.110062	0.006289	8.8
679	-0.000000	183.968403	0.000000	6.5
680	-0.465079	183.827034	0.004155	6.6
681	-0.011956	183.685954	0.000247	9.5
682	-0.693438	183.545163	0.005640	8.0
683	-0.000000	183.404658	0.000000	6.7
684	-0.000000	183.264441	0.000000	9.1
685	-0.092024	183.124509	0.001665	11.9
686	-0.915450	182.984861	0.004955	7.8
687	-0.093894	182.845497	0.002368	6.7
688	-0.351338	182.706416	0.003041	16.1
689	-0.000000	182.567616	0.000000	8.2
690	-0.000000	182.429098	0.000000	12.7
691	-0.388901	182.290859	0.004172	12.6
692	-0.000000	182.152899	0.000000	11.4
693	-0.021680	182.015217	0.000695	7.5
694	-0.000000	181.877813	0.000000	6.8
695	-0.043291	181.740684	0.000120	6.8
696	-0.000000	181.603832	0.000000	6.2
697	-0.652258	181.467253	0.004747	8.4
698	-0.145762	181.330948	0.004079	6.5
699	-0.695997	181.194916	0.006989	13.5
700	-0.000000	181.059155	0.000000	13.6
701	-0.786210	180.923666	0.007090	13.6
702	-0.000000	180.788446	0.000000	12.6
703	-0.001577	180.653496	0.000007	7.5
704	-0.622430	180.518814	0.007253	7.1
705	-0.284026	180.384399	0.003357	9.3
706	-0.000000	180.250251	0.000000	6.5
707	-0.704014	180.116369	0.005419	7.3
708	-0.000093	179.982752	0.000027	6.5
709	-0.311855	179.849398	0.001884	7.3
710	-0.181618	179.716308	0.003353	19.3
711	-0.936782	179.583480	0.002084	4.5
712	-0.000131	179.450913	0.000046	7.3
713	-0.675417	179.318607	0.006475	11.8
714	-0.001303	179.186561	0.000030	10.8
715	-0.152808	179.054774	0.002503	11.5
716	-0.031122	178.923245	0.000644	7.4
717	-0.000209	178.791973	0.000048	6.6
718	-0.025140	178.660958	0.000588	9.3
719	-0.567047	178.530199	0.003447	6.6
720	-0.349236	178.399694	0.004625	12.1
721	-0.370764	178.269444	0.005331	8.5
722	-0.244821	178.139447	0.004006	6.9
723	-0.476645	178.009702	0.001836	7.2
724	-0.560628	177.880209	0.004969	9.7
725	-0.239693	177.750967	0.001605	7.9
726	-0.000000	177.621975	0.000000	6.6
727	-0.120434	177.493232	0.001728	9.4
728	-0.039806	177.364738	0.000697	13.0
729	-0.397168	177.236492	0.009028	2.9
730	-0.000000	177.108492	0.000000	13.0
731	-1.035540	176.980739	0.007142	6.9
732	-0.703789	176.853231	0.006041	7.9
733	-0.179452	176.725968	0.000831	7.9
734	-0.635107	176.598949	0.008149	11.9
735	-0.494177	176.472173	0.004156	8.1
736	-0.000000	176.345639	0.000000	11.5
737	-0.013762	176.219348	0.000306	15.8
738	-0.058253	176.093296	0.001599	12.4
739	-0.000000	175.967486	0.000000	6.6
740	-0.651887	175.841914	0.005557	7.0
741	-0.032513	175.716581	0.001100	7.4
742	-0.313388	175.591486	0.002817	10.9
743	-0.000000	175.466629	0.000000	11.4
744	-0.000000	175.342008	0.000000	8.6
745	-0.762021	175.217622	0.004435	8.7
746	-0.043707	175.093472	0.003862	8.0
747	-0.000000	174.969556	0.000000	6.7
748	-0.009076	174.845873	0.000272	6.6
749	-0.809190	174.722423	0.005176	11.7
750	-0.330421	174.599206	0.003753	6.8
751	-0.961708	174.476220	0.007030	11.1
752	-0.000000	174.353464	0.000000	11.1
753	-0.012409	174.230939	0.000553	11.5
754	-0.065563	174.108643	0.000494	8.7
755	-0.091881	173.986576	0.002688	7.1
756	-0.071242	173.864737	0.001475	6.9
757	-0.405601	173.743124	0.008523	7.4
758	-0.468568	173.621739	0.004598	10.4
759	-0.585979	173.500579	0.004178	8.1
760	-0.836858	173.379645	0.005462	7.8
761	-0.391284	173.258935	0.001081	8.0
762	-0.564476	173.138449	0.008822	8.0
763	-0.003493	173.018186	0.000432	7.9
764	-0.336555	172.898146	0.002420	8.0
765	-0.000000	172.778327	0.000000	11.7
766	-0.000000	172.658730	0.000000	6.8
767	-0.000000	172.539353	0.000000	11.6
768	-0.000000	172.420196	0.000000	6.9
769	-0.023791	172.301258	0.000997	7.4
770	-0.251103	172.182539	0.003716	8.0
771	-0.268590	172.064037	0.003018	7.3
772	-1.017633	171.945753	0.004641	11.9
773	-0.569937	171.827686	0.007494	7.6
774	-0.000000	171.709834	0.000000	6.8
775	-0.244938	171.592198	0.003041	9.4
776	-0.000090	171.474776	0.000020	11.8
777	-0.629717	171.357568	0.004684	12.0
778	-0.000000	171.240574	0.000000	13.2
779	-0.142817	171.123793	0.002130	16.4
780	-0.529212	171.007223	0.005153	8.8
781	-0.441815	170.890865	0.003213	9.3
782	-0.535410	170.774718	0.007292	13.4
783	-0.730102	170.658782	0.003352	6.5
784	-0.021150	170.543055	0.000830	8.1
785	-0.085045	170.427537	0.001785	6.4
786	-0.853206	170.312227	0.005397	8.7
787	-0.313900	170.197125	0.004848	8.6
788	-0.041844	170.082231	0.000974	8.0
789	-0.065455	169.967543	0.002603	7.0
790	-0.041526	169.853061	0.001076	8.1
791	-0.000012	169.738784	0.000000	6.6
792	-0.561718	169.624713	0.007463	10.0
793	-0.051165	169.510845	0.001587	13.0
794	-0.000000	169.397181	0.000000	2.3
795	-0.000000	169.283720	0.000000	8.5
796	-0.076877	169.170462	0.001768	9.8
797	-0.966514	169.057405	0.005790	11.4
798	-0.799197	168.944549	0.002204	13.7
799	-0.960065	168.831895	0.003859	8.9
800	-0.000000	168.719440	0.000000	8.0
801	-0.253960	168.607185	0.002201	8.0
802	-0.000000	168.495129	0.000000	7.9
803	-0.000048	168.383271	0.000017	8.8
804	-0.746640	168.271611	0.002710	6.8
805	-0.118154	168.160148	0.001258	8.2
806	-0.000000	168.048882	0.000000	6.8
807	-0.000000	167.937812	0.000000	8.1
808	-0.000000	167.826938	0.000000	11.9
809	-0.193667	167.716258	0.001340	9.0
810	-1.073717	167.605773	0.007356	7.1
811	-0.937645	167.495482	0.004312	8.8
812	-0.526228	167.385384	0.005314	6.9
813	-0.152398	167.275479	0.002333	12.5
814	-0.000149	167.165766	0.000009	12.6
815	-0.000000	167.056245	0.000000	6.7
816	-0.172112	166.946915	0.002093	12.3
817	-0.000000	166.837776	0.000000	16.1
818	-0.000000	166.728826	0.000000	16.2
819	-0.000000	166.620067	0.000000	7.1
820	-0.209405	166.511496	0.001609	8.4
821	-0.000033	166.403113	0.000001	6.8
822	-0.000000	166.294919	0.000000	7.6
823	-0.820826	166.186912	0.003558	6.9
824	-0.730357	166.079091	0.005582	13.4
825	-0.000000	165.971458	0.000000	11.9
826	-0.321506	165.864009	0.002965	13.6
827	-0.037719	165.756747	0.000594	6.0
828	-0.129681	165.649669	0.004077	6.6
829	-0.721413	165.542775	0.005866	14.2
830	-0.006551	165.436065	0.000499	9.3
831	-0.379741	165.329538	0.004978	8.3
832	-0.000000	165.223194	0.000000	15.7
833	-0.586494	165.117032	0.008215	2.9
834	-0.313978	165.011052	0.003421	12.8
835	-0.681439	164.905253	0.003932	8.0
836	-0.088632	164.799635	0.006237	6.4
837	-0.590511	164.694197	0.001295	7.9
838	-0.000000	164.588939	0.000000	9.6
839	-0.881155	164.483859	0.002748	13.6
840	-0.165924	164.378959	0.002900	6.9
841	-0.133494	164.274237	0.001740	11.4
842	-0.000000	164.169692	0.000000	7.9
843	-0.941825	164.065325	0.004596	8.0
844	-0.000000	163.961135	0.000000	13.2
845	-0.000180	163.857120	0.000062	10.7
846	-0.081402	163.753282	0.000646	8.0
847	-0.540543	163.649619	0.005165	14.7
848	-0.000000	163.546130	0.000000	8.0
849	-0.065095	163.442816	0.001603	13.2
850	-0.007823	163.339676	0.000089	6.5
851	-0.078197	163.236709	0.001901	9.1
852	-0.511552	163.133915	0.004168	7.1
853	-0.000072	163.031294	0.000024	11.9
854	-0.797077	162.928844	0.006904	12.6
855	-0.566655	162.826566	0.005174	6.5
856	-0.000000	162.724459	0.000000	9.4
857	-0.801833	162.622523	0.011721	11.8
858	-0.144999	162.520757	0.004452	12.1
859	-0.063918	162.419160	0.001737	9.1
860	-0.019924	162.317733	0.000298	4.0
861	-0.137029	162.216474	0.000560	9.6
862	-0.039139	162.115383	0.000772	7.6
863	-0.000000	162.014461	0.000000	8.3
864	-0.122745	161.913705	0.001852	6.7
865	-0.062556	161.813117	0.000651	14.2
866	-0.793278	161.712695	0.010101	6.5
867	-0.638323	161.612439	0.004652	12.4
868	-0.531842	161.512349	0.005024	12.0
869	-0.015022	161.412424	0.000071	8.4
870	-0.700819	161.312663	0.009230	11.6
871	-0.000000	161.213067	0.000000	12.0
872	-0.163810	161.113635	0.000568	6.6
873	-0.000000	161.014366	0.000000	9.2
874	-0.380105	160.915260	0.006771	6.6
875	-0.151701	160.816316	0.007909	8.4
876	-0.450923	160.717535	0.003503	8.8
877	-0.157213	160.618915	0.007782	12.0
878	-0.068754	160.520456	0.004194	5.9
879	-0.464303	160.422158	0.003485	12.7
880	-0.175522	160.324021	0.001431	9.0
881	-0.000000	160.226043	0.000000	7.8
882	-0.332386	160.128225	0.002486	5.6
883	-0.532921	160.030566	0.007804	7.5
884	-0.078508	159.933066	0.001381	7.1
885	-0.000000	159.835723	0.000000	11.7
886	-0.000000	159.738539	0.000000	6.7
887	-0.448051	159.641512	0.003945	9.1
888	-0.000000	159.544642	0.000000	8.4
889	-1.000989	159.447929	0.004251	10.5
890	-0.741664	159.351372	0.006088	9.4
891	-0.000000	159.254971	0.000000	6.5
892	-0.001142	159.158725	0.000013	12.3
893	-0.000000	159.062634	0.000000	6.4
894	-0.000000	158.966697	0.000000	10.2
895	-0.000000	158.870915	0.000000	6.2
896	-0.000010	158.775286	0.000001	7.4
897	-0.493305	158.679811	0.007285	6.6
898	-0.000000	158.584489	0.000000	12.5
899	-0.000252	158.489319	0.000076	5.6
900	-0.040829	158.394302	0.000571	11.3
901	-0.617665	158.299436	0.003975	6.8
902	-0.510356	158.204721	0.006122	9.6
903	-0.720174	158.110158	0.002527	13.6
904	-0.473447	158.015745	0.005061	10.3
905	-0.656782	157.921482	0.003212	7.4
906	-0.000000	157.827369	0.000000	6.3
907	-1.090424	157.733406	0.005372	11.9
908	-0.597960	157.639591	0.008942	7.3
909	-0.198485	157.545925	0.003965	8.5
910	-0.000000	157.452408	0.000000	7.2
911	-0.204616	157.359038	0.000795	12.1
912	-0.000000	157.265816	0.000000	6.7
913	-0.599329	157.172741	0.008022	8.2
914	-0.859330	157.079813	0.005677	12.0
915	-0.289845	156.987031	0.006499	7.8
916	-0.123861	156.894395	0.005362	8.4
917	-0.000000	156.801904	0.000000	11.5
918	-0.633547	156.709559	0.006055	11.7
919	-0.920009	156.617359	0.004288	10.1
920	-0.023610	156.525304	0.000133	8.1
921	-0.461250	156.433392	0.008020	9.7
922	-0.000000	156.341624	0.000000	8.0
923	-0.000000	156.250000	0.000000	12.5
924	-0.000000	156.158519	0.000000	12.9
925	-0.000000	156.067180	0.000000	12.7
926	-0.000000	155.975984	0.000000	6.8
927	-0.319366	155.884930	0.002352	7.8
928	-0.203381	155.794017	0.002414	8.4
929	-0.042759	155.703246	0.002081	12.8
930	-0.026938	155.612615	0.001393	9.6
931	-0.000000	155.522125	0.000000	11.9
932	-0.066438	155.431775	0.000715	6.9
933	-0.177361	155.341565	0.003640	9.0
934	-0.608739	155.251495	0.003099	12.0
935	-0.503709	155.161563	0.005627	7.9
936	-0.000000	155.071771	0.000000	11.9
937	-0.307106	154.982117	0.003547	12.4
938	-0.666359	154.892601	0.004182	7.4
939	-0.842892	154.803222	0.007519	15.9
940	-0.280981	154.713981	0.003649	3.5
941	-0.191410	154.624878	0.003469	7.4
942	-0.000000	154.535910	0.000000	7.3
943	-0.750355	154.447080	0.007557	9.7
944	-0.778026	154.358385	0.006362	7.9
945	-0.000000	154.269826	0.000000	13.3
946	-0.026304	154.181402	0.000607	6.7
947	-0.000000	154.093114	0.000000	11.8
948	-0.138316	154.004960	0.004989	6.5
949	-0.323075	153.916940	0.005625	12.4
950	-0.660580	153.829054	0.009288	8.8
951	-0.593424	153.741303	0.002643	12.4
952	-0.000000	153.653684	0.000000	13.1
953	-0.000000	153.566198	0.000000	16.0
954	-0.928550	153.478846	0.008160	10.5
955	-0.153427	153.391625	0.002036	15.6
956	-0.970594	153.304537	0.007466	8.8
957	-0.000000	153.217580	0.000000	15.0
958	-0.728089	153.130755	0.001896	13.1
959	-0.455098	153.044061	0.003754	17.2
960	-0.150982	152.957498	0.001044	16.3
961	-0.454376	152.871065	0.003766	13.3
962	-0.154348	152.784762	0.002436	13.5
963	-0.685882	152.698589	0.003143	16.8
964	-0.000000	152.612545	0.000000	11.5
965	-0.000000	152.526631	0.000000	16.3
966	-0.797788	152.440845	0.005323	10.1
967	-0.000000	152.355188	0.000000	13.1
968	-0.016742	152.269660	0.001172	16.3
969	-0.000000	152.184259	0.000000	8.4
970	-0.785295	152.098986	0.010372	7.2
971	-0.183596	152.013840	0.000886	24.8
972	-0.000000	151.928821	0.000000	11.4
973	-0.000000	151.843928	0.000000	12.3
974	-0.373646	151.759163	0.003204	12.0
975	-0.201077	151.674523	0.005045	11.5
976	-0.017274	151.590009	0.000719	18.4
977	-0.000004	151.505620	0.000000	10.8
978	-0.000000	151.421357	0.000000	7.1
979	-0.129207	151.337218	0.001951	8.0
980	-0.072732	151.253204	0.000477	6.9
981	-0.267517	151.169314	0.003833	7.9
982	-0.000000	151.085549	0.000000	9.0
983	-0.000001	151.001907	0.000000	11.6
984	-0.000000	150.918388	0.000000	6.6
985	-0.203701	150.834992	0.003060	9.7
986	-0.569574	150.751719	0.002523	12.0
987	-0.175553	150.668569	0.003872	7.1
988	-0.445120	150.585541	0.006553	8.7
989	-0.005352	150.502634	0.000005	9.7
990	-0.112038	150.419849	0.002274	14.2
991	-0.616735	150.337186	0.003353	5.0
992	-0.000000	150.254644	0.000000	7.6
993	-0.466041	150.172222	0.009051	8.7
994	-0.104774	150.089921	0.001819	12.0
995	-0.597686	150.007740	0.003242	6.7
996	-0.016182	149.925679	0.000628	6.6
997	-0.000000	149.843737	0.000000	16.9
998	-0.864779	149.761915	0.004651	2.6
999	-0.224221	149.680212	0.003827	6.8
1000	-0.955893	149.598627	0.007969	6.6
1001	-0.000000	149.517161	0.000000	7.8
1002	-0.001489	149.435814	0.000146	13.4
1003	-0.830467	149.354584	0.005558	12.2
1004	-0.891512	149.273472	0.004717	7.6
1005	-0.000000	149.192477	0.000000	10.8
1006	-0.992277	149.111599	0.005628	7.5
1007	-0.052014	149.030838	0.001134	6.6
1008	-0.575901	148.950194	0.004471	15.1
1009	-0.564088	148.869666	0.004647	2.3
1010	-0.109777	148.789253	0.003903	6.7
1011	-0.208497	148.708957	0.002285	7.1
1012	-0.000000	148.628776	0.000000	6.8
1013	-0.000000	148.548710	0.000000	6.9
1014	-0.094555	148.468759	0.001940	12.7
1015	-0.467541	148.388923	0.005187	11.6
1016	-0.386986	148.309201	0.004208	13.3
1017	-0.000000	148.229594	0.000000	11.7
1018	-0.102426	148.150100	0.001827	7.3
1019	-0.123142	148.070719	0.000575	12.8
1020	-0.102980	147.991452	0.003833	15.8
1021	-0.000000	147.912298	0.000000	6.3
1022	-0.213316	147.833257	0.003708	11.9
1023	-0.060818	147.754329	0.002289	9.6
1024	-0.638764	147.675512	0.003161	18.1
1025	-0.636653	147.596808	0.008003	13.3
1026	-0.559871	147.518216	0.003996	3.5
1027	-0.114922	147.439735	0.001624	9.6
1028	-0.549227	147.361365	0.003612	9.3
1029	-0.469176	147.283106	0.005547	9.0
1030	-1.002309	147.204958	0.005144	11.4
1031	-0.743525	147.126920	0.008263	7.9
1032	-0.617950	147.048993	0.007143	8.9
1033	-0.000000	146.971175	0.000000	7.5
1034	-0.000594	146.893468	0.000016	7.8
1035	-0.153104	146.815869	0.001234	7.6
1036	-0.029712	146.738380	0.000655	6.8
1037	-0.391971	146.661000	0.002801	6.6
1038	-0.165425	146.583729	0.001845	7.0
1039	-0.058690	146.506566	0.002956	6.5
1040	-1.026697	146.429511	0.002464	11.4
1041	-1.017790	146.352565	0.004665	7.2
1042	-0.212806	146.275726	0.001870	10.2
1043	-0.182870	146.198994	0.001023	7.4
1044	-0.188840	146.122370	0.003036	6.0
1045	-0.313138	146.045853	0.008960	8.5
1046	-0.027502	145.969442	0.000323	6.9
1047	-0.142702	145.893139	0.000820	13.0
1048	-0.000319	145.816941	0.000008	12.9
1049	-0.991437	145.740849	0.004393	7.0
1050	-0.059527	145.664863	0.002048	13.8
1051	-0.000000	145.588983	0.000000	12.9
1052	-0.107248	145.513208	0.002053	11.8
1053	-0.554127	145.437538	0.004330	14.0
1054	-0.557789	145.361973	0.007866	13.0
1055	-0.129610	145.286513	0.000681	9.2
1056	-0.044325	145.211157	0.000631	11.5
1057	-0.903946	145.135905	0.007431	15.3
1058	-0.098412	145.060757	0.000469	13.8
1059	-0.378559	144.985712	0.005220	11.8
1060	-0.435257	144.910771	0.003417	16.0
1061	-0.053439	144.835934	0.000259	13.9
1062	-0.000003	144.761199	0.000001	8.0
1063	-0.000000	144.686567	0.000000	8.9
1064	-0.730197	144.612037	0.004896	12.9
1065	-0.000000	144.537610	0.000000	9.8
1066	-0.594360	144.463285	0.006238	13.1
1067	-0.000027	144.389062	0.000016	17.3
1068	-0.403291	144.314940	0.005930	7.0
1069	-0.209884	144.240920	0.002144	14.9
1070	-0.000000	144.167001	0.000000	9.1
1071	-0.204997	144.093182	0.004054	12.7
1072	-0.909428	144.019465	0.005390	12.1
1073	-0.383258	143.945848	0.003979	8.1
1074	-0.222132	143.872331	0.003514	12.0
1075	-0.872688	143.798914	0.004802	11.7
1076	-0.232440	143.725597	0.002498	8.1
1077	-0.009752	143.652380	0.000293	6.6
1078	-0.000000	143.579262	0.000000	6.5
1079	-0.297828	143.506243	0.005051	6.7
1080	-0.469677	143.433323	0.003769	7.2
1081	-0.211549	143.360502	0.003819	6.6
1082	-0.000000	143.287780	0.000000	12.3
1083	-0.033072	143.215155	0.000139	6.6
1084	-0.685233	143.142629	0.005717	7.0
1085	-0.328602	143.070201	0.001881	6.6
1086	-0.504698	142.997870	0.003501	8.0
1087	-0.633533	142.925637	0.002537	7.1
1088	-0.000000	142.853501	0.000000	9.7
1089	-0.016533	142.781462	0.000791	6.5
1090	-0.000000	142.709519	0.000000	6.3
1091	-0.604343	142.637674	0.004855	6.4
1092	-0.000000	142.565924	0.000000	6.4
1093	-0.098272	142.494271	0.001549	10.1
1094	-0.355588	142.422714	0.004236	6.6
1095	-0.188154	142.351252	0.003175	6.7
1096	-0.000000	142.279886	0.000000	10.3
1097	-0.348835	142.208616	0.004124	11.4
1098	-0.063219	142.137440	0.001478	14.1
1099	-0.000000	142.066360	0.000000	8.0
1100	-0.255121	141.995374	0.001558	12.2
1101	-0.079452	141.924483	0.003990	11.8
1102	-0.000000	141.853685	0.000000	6.6
1103	-0.736725	141.782983	0.004634	12.1
1104	-0.075855	141.712373	0.000992	12.4
1105	-0.033265	141.641858	0.000344	8.4
1106	-0.491324	141.571436	0.007975	12.0
1107	-0.918800	141.501108	0.003039	18.7
1108	-0.230050	141.430872	0.005113	7.2
1109	-0.889841	141.360730	0.006170	7.4
1110	-0.000000	141.290680	0.000000	10.3
1111	-0.344155	141.220722	0.002424	7.1
1112	-0.469783	141.150857	0.005548	6.6
1113	-0.052386	141.081084	0.002225	6.9
1114	-0.000000	141.011403	0.000000	6.5
1115	-0.416609	140.941813	0.007653	12.1
1116	-0.000025	140.872315	0.000002	7.1
1117	-0.000000	140.802909	0.000000	12.1
1118	-0.411108	140.733593	0.002747	9.6
1119	-0.001820	140.664369	0.000196	7.7
1120	-0.916728	140.595235	0.002336	7.2
1121	-0.424121	140.526192	0.005941	8.1
1122	-0.987051	140.457239	0.007467	8.0
1123	-0.000015	140.388376	0.000002	8.0
1124	-0.062509	140.319603	0.000549	7.9
1125	-0.002185	140.250920	0.000026	11.9
1126	-0.321010	140.182326	0.002719	12.0
1127	-0.440454	140.113822	0.006708	11.6
1128	-0.691317	140.045407	0.007064	8.2
1129	-0.134538	139.977081	0.006597	2.0
1130	-0.000000	139.908844	0.000000	7.4
1131	-0.380469	139.840696	0.008445	7.7
1132	-0.000000	139.772635	0.000000	6.4
1133	-0.000000	139.704664	0.000000	11.4
1134	-0.000000	139.636780	0.000000	8.4
1135	-0.055148	139.568984	0.001657	7.1
1136	-0.000025	139.501276	0.000001	6.6
1137	-0.906559	139.433655	0.002084	6.7
1138	-0.000000	139.366122	0.000000	7.9
1139	-0.000000	139.298676	0.000000	7.5
1140	-0.103312	139.231317	0.001522	8.4
1141	-0.000000	139.164045	0.000000	10.1
1142	-0.546325	139.096859	0.004174	6.8
1143	-0.058064	139.029760	0.001067	12.3
1144	-0.009858	138.962747	0.000030	10.3
1145	-0.670358	138.895820	0.006235	6.8
1146	-0.716056	138.828978	0.005907	6.8
1147	-0.000000	138.762223	0.000000	6.6
1148	-0.173803	138.695553	0.003104	11.7
1149	-0.000000	138.628969	0.000000	13.5
1150	-0.507327	138.562469	0.005526	10.3
1151	-0.000960	138.496055	0.000023	12.0
1152	-0.210739	138.429725	0.002719	7.8
1153	-0.000000	138.363481	0.000000	10.7
1154	-0.351174	138.297320	0.007148	11.6
1155	-0.163261	138.231244	0.003918	8.9
1156	-0.064889	138.165252	0.000229	6.5
1157	-0.362192	138.099344	0.003750	6.5
1158	-0.575970	138.033520	0.003435	10.8
1159	-0.028408	137.967779	0.000675	6.9
1160	-0.000000	137.902122	0.000000	7.5
1161	-0.516899	137.836548	0.003989	7.0
1162	-0.114358	137.771057	0.000983	9.0
1163	-0.000000	137.705649	0.000000	11.3
1164	-0.000000	137.640324	0.000000	8.1
1165	-0.138804	137.575081	0.004144	11.8
1166	-0.109779	137.509921	0.003005	11.2
1167	-0.322163	137.444842	0.004718	7.8
1168	-0.000000	137.379846	0.000000	6.6
1169	-0.000000	137.314932	0.000000	11.7
1170	-0.995860	137.250100	0.009233	12.0
1171	-0.539603	137.185349	0.006177	9.5
1172	-0.075558	137.120680	0.002030	10.9
1173	-0.447444	137.056092	0.004506	6.8
1174	-0.169670	136.991585	0.001540	7.8
1175	-0.008210	136.927158	0.000282	10.6
1176	-0.000000	136.862813	0.000000	7.3
1177	-0.001499	136.798548	0.000025	7.1
1178	-0.482691	136.734363	0.011268	12.0
1179	-0.848263	136.670259	0.005381	7.3
1180	-0.000000	136.606235	0.000000	13.5
1181	-0.298369	136.542291	0.003040	13.7
1182	-0.001041	136.478426	0.000126	12.1
1183	-0.937339	136.414641	0.004402	10.8
1184	-0.000000	136.350936	0.000000	6.3
1185	-0.152371	136.287310	0.001283	6.4
1186	-0.337785	136.223763	0.002976	6.7
1187	-0.000234	136.160295	0.000027	11.3
1188	-0.049639	136.096905	0.000793	6.6
1189	-0.541509	136.033594	0.004263	9.2
1190	-0.380972	135.970362	0.011520	7.9
1191	-0.571282	135.907208	0.008966	10.5
1192	-0.639925	135.844133	0.005785	7.9
1193	-0.054354	135.781135	0.000924	9.3
1194	-0.741227	135.718215	0.001329	14.7
1195	-0.000000	135.655373	0.000000	5.6
1196	-0.482933	135.592608	0.006330	13.7
1197	-0.843010	135.529921	0.005241	6.2
1198	-0.024603	135.467311	0.000221	11.7
1199	-0.000000	135.404778	0.000000	11.4
1200	-0.488879	135.342322	0.003698	13.9
1201	-0.005501	135.279942	0.000068	7.2
1202	-0.000000	135.217640	0.000000	6.8
1203	-0.028796	135.155413	0.000176	12.0
1204	-0.330107	135.093263	0.006175	7.3
1205	-0.278476	135.031190	0.004246	8.0
1206	-0.091361	134.969192	0.002931	8.0
1207	-0.000000	134.907270	0.000000	12.0
1208	-0.866041	134.845424	0.007787	6.6
1209	-0.220318	134.783653	0.002384	8.8
1210	-0.000024	134.721958	0.000001	8.0
1211	-0.525799	134.660338	0.006148	8.0
1212	-0.056743	134.598793	0.001650	11.5
1213	-0.015443	134.537323	0.000196	11.9
1214	-0.000000	134.475927	0.000000	7.6
1215	-0.002443	134.414607	0.000373	15.8
1216	-0.000000	134.353361	0.000000	6.5
1217	-0.618527	134.292189	0.006083	7.5
1218	-0.123686	134.231092	0.001753	12.1
1219	-0.208116	134.170068	0.005472	14.2
1220	-0.259871	134.109119	0.006115	7.8
1221	-0.082138	134.048243	0.002138	6.7
1222	-0.000047	133.987441	0.000007	7.0
1223	-0.003614	133.926713	0.000104	7.1
1224	-0.388007	133.866057	0.004013	10.8
1225	-1.001648	133.805475	0.006869	7.9
1226	-0.000000	133.744966	0.000000	11.9
1227	-0.159908	133.684530	0.003161	7.7
1228	-0.098951	133.624167	0.001879	6.7
1229	-0.000000	133.563877	0.000000	7.2
1230	-0.238727	133.503658	0.002519	9.9
1231	-0.776818	133.443513	0.003731	12.2
1232	-0.180602	133.383439	0.002869	7.5
1233	-0.000090	133.323437	0.000004	14.3
1234	-0.555917	133.263508	0.004715	15.9
1235	-0.468287	133.203650	0.005329	2.2
1236	-0.823572	133.143864	0.002600	15.0
1237	-0.353279	133.084149	0.003200	3.1
1238	-0.000000	133.024506	0.000000	12.7
1239	-0.137325	132.964934	0.001874	6.8
1240	-0.000019	132.905433	0.000001	14.4
1241	-0.727852	132.846003	0.006555	4.2
1242	-0.364854	132.786643	0.003473	10.2
1243	-0.930658	132.727355	0.005427	6.4
1244	-0.026305	132.668137	0.001003	7.1
1245	-0.321208	132.608989	0.003617	10.5
1246	-0.520305	132.549912	0.005102	9.3
1247	-0.000000	132.490904	0.000000	10.8
1248	-0.947547	132.431967	0.005906	11.8
1249	-0.467021	132.373100	0.003756	11.9
1250	-0.686936	132.314302	0.007874	8.0
1251	-0.000000	132.255574	0.000000	11.8
1252	-0.114437	132.196916	0.002489	8.4
1253	-0.295510	132.138326	0.008157	11.9
1254	-0.787572	132.079806	0.000952	13.3
1255	-0.000000	132.021355	0.000000	11.4
1256	-0.168748	131.962973	0.002132	6.0
1257	-0.716932	131.904660	0.010312	15.7
1258	-0.000000	131.846415	0.000000	3.6
1259	-0.000000	131.788239	0.000000	6.4
1260	-0.822152	131.730131	0.006054	8.3
1261	-0.600877	131.672092	0.003697	9.3
1262	-0.072814	131.614121	0.001653	8.7
1263	-0.325719	131.556217	0.003247	7.5
1264	-0.278129	131.498382	0.006524	6.7
1265	-0.603102	131.440614	0.006024	9.2
1266	-0.000000	131.382914	0.000000	14.0
1267	-1.012736	131.325282	0.006991	10.0
1268	-0.512033	131.267717	0.003943	10.2
1269	-0.600347	131.210219	0.004712	11.7
1270	-0.898331	131.152788	0.006156	12.1
1271	-0.751834	131.095424	0.003696	10.6
1272	-0.928472	131.038127	0.004049	12.0
1273	-0.036174	130.980897	0.000614	7.9
1274	-0.487658	130.923733	0.003313	13.2
1275	-0.000000	130.866636	0.000000	11.9
1276	-0.000000	130.809605	0.000000	9.0
1277	-0.076127	130.752641	0.001761	8.6
1278	-0.195433	130.695742	0.002707	6.5
1279	-0.634301	130.638910	0.004830	6.8
1280	-0.127827	130.582143	0.002035	6.9
1281	-0.578252	130.525442	0.007326	7.0
1282	-0.000000	130.468807	0.000000	6.2
1283	-0.000000	130.412237	0.000000	6.8
1284	-0.123613	130.355733	0.002067	6.5
1285	-0.000000	130.299294	0.000000	6.9
1286	-0.212283	130.242920	0.001690	6.5
1287	-0.871708	130.186611	0.006542	6.7
1288	-0.150268	130.130366	0.002189	13.2
1289	-0.000000	130.074187	0.000000	12.0
1290	-0.037964	130.018072	0.000874	12.9
1291	-0.000000	129.962022	0.000000	5.8
1292	-0.000000	129.906036	0.000000	7.5
1293	-0.650623	129.850114	0.006082	6.6
1294	-0.281797	129.794257	0.003846	7.0
1295	-0.000000	129.738463	0.000000	6.3
1296	-0.000000	129.682734	0.000000	6.3
1297	-0.612823	129.627068	0.008449	7.1
1298	-0.010588	129.571466	0.000573	6.5
1299	-0.461658	129.515927	0.006340	12.1
1300	-0.636900	129.460452	0.007256	10.5
1301	-0.000000	129.405040	0.000000	5.7
1302	-1.015700	129.349692	0.007107	7.7
1303	-0.150544	129.294406	0.001153	12.1
1304	-1.054800	129.239183	0.003978	6.8
1305	-0.205291	129.184024	0.004357	6.4
1306	-0.681499	129.128927	0.005185	6.5
1307	-0.505626	129.073892	0.003574	6.9
1308	-0.041385	129.018921	0.000749	6.7
1309	-0.342114	128.964011	0.003861	6.3
1310	-0.461621	128.909164	0.005550	9.2
1311	-0.475837	128.854379	0.002467	6.7
1312	-0.000000	128.799656	0.000000	11.5
1313	-0.005426	128.744995	0.000104	7.4
1314	-0.455268	128.690396	0.002664	6.7
1315	-0.034880	128.635858	0.000284	6.9
1316	-0.793299	128.581382	0.008060	8.4
1317	-0.663147	128.526968	0.004000	7.0
1318	-0.000000	128.472615	0.000000	11.9
1319	-0.886844	128.418323	0.004163	6.4
1320	-0.366235	128.364092	0.003610	6.6
1321	-1.066129	128.309922	0.004568	11.9
1322	-0.000000	128.255814	0.000000	3.9
1323	-0.779290	128.201766	0.002030	6.7
1324	-0.000000	128.147778	0.000000	9.8
1325	-0.682398	128.093852	0.006709	13.3
1326	-0.967068	128.039985	0.005117	7.8
1327	-0.129733	127.986180	0.000724	6.9
1328	-0.672381	127.932434	0.007153	6.6
1329	-0.000005	127.878749	0.000002	8.3
1330	-0.822181	127.825123	0.004153	11.5
1331	-0.100304	127.771558	0.002094	8.3
1332	-0.823149	127.718052	0.005373	8.0
1333	-0.255067	127.664606	0.003779	7.0
1334	-0.362599	127.611220	0.003784	8.9
1335	-0.028411	127.557893	0.000401	6.6
1336	-0.187146	127.504625	0.000865	11.7
1337	-0.310262	127.451417	0.003438	6.9
1338	-0.630650	127.398268	0.004984	10.1
1339	-0.664093	127.345178	0.002920	7.0
1340	-0.012802	127.292147	0.000573	6.6
1341	-0.000670	127.239175	0.000028	7.0
1342	-0.724159	127.186261	0.004921	6.4
1343	-0.000000	127.133407	0.000000	6.4
1344	-0.000000	127.080610	0.000000	7.2
1345	-0.171687	127.027872	0.002597	6.8
1346	-0.142570	126.975193	0.002625	6.6
1347	-0.000000	126.922572	0.000000	6.8
1348	-0.233269	126.870008	0.006042	6.6
1349	-0.239932	126.817503	0.002424	11.7
1350	-0.401447	126.765056	0.003139	14.3
1351	-0.016853	126.712667	0.000515	7.0
1352	-0.487244	126.660335	0.003613	9.1
1353	-0.000000	126.608061	0.000000	6.8
1354	-0.108376	126.555844	0.001126	6.9
1355	-0.909208	126.503685	0.004331	10.1
1356	-0.789605	126.451583	0.008001	6.5
1357	-0.085056	126.399538	0.000305	6.9
1358	-0.000000	126.347550	0.000000	6.6
1359	-0.735693	126.295619	0.004206	11.6
1360	-0.120679	126.243745	0.001318	8.9
1361	-0.190676	126.191928	0.001594	11.9
1362	-0.414567	126.140168	0.004127	7.5
1363	-0.113690	126.088464	0.000920	8.7
1364	-0.092850	126.036817	0.001820	10.4
1365	-0.079354	125.985226	0.001710	9.1
1366	-0.483134	125.933691	0.006554	15.7
1367	-0.148570	125.882212	0.003556	13.9
1368	-0.000000	125.830790	0.000000	12.0
1369	-1.031248	125.779423	0.005035	17.8
1370	-0.064039	125.728113	0.002089	13.8
1371	-0.116678	125.676858	0.002961	10.3
1372	-0.814295	125.625659	0.004883	13.5
1373	-0.000000	125.574515	0.000000	17.3
1374	-0.116457	125.523427	0.002546	18.1
1375	-0.326548	125.472394	0.002738	16.1
1376	-0.000000	125.421417	0.000000	19.1
1377	-0.409219	125.370495	0.002134	15.8
1378	-0.862004	125.319628	0.004364	8.8
1379	-0.964547	125.268815	0.004212	16.7
1380	-0.043725	125.218058	0.000521	18.9
1381	-0.434147	125.167356	0.004013	11.7
1382	-0.394216	125.116708	0.002402	15.8
1383	-0.010680	125.066115	0.000188	13.3
1384	-0.056791	125.015576	0.000277	12.4
1385	-0.219285	124.965092	0.001312	9.6
1386	-0.270348	124.914662	0.002459	13.7
1387	-0.808031	124.864287	0.005548	15.9
1388	-0.021781	124.813965	0.000661	20.0
1389	-0.371806	124.763698	0.003802	18.0
1390	-0.393989	124.713485	0.002638	13.8
1391	-0.222113	124.663325	0.004341	19.0
1392	-0.000612	124.613219	0.000008	15.8
1393	-0.121700	124.563167	0.000733	15.2
1394	-0.457444	124.513168	0.005402	11.2
1395	-0.600194	124.463223	0.003800	16.6
1396	-0.703444	124.413332	0.008655	21.7
1397	-0.255986	124.363493	0.002173	13.8
1398	-0.996184	124.313708	0.005973	7.4
1399	-0.000000	124.263976	0.000000	14.1
1400	-0.117540	124.214297	0.002526	16.5
1401	-0.690841	124.164671	0.004741	14.5
1402	-0.000000	124.115097	0.000000	7.8
1403	-0.091117	124.065577	0.001911	15.2
1404	-0.000000	124.016109	0.000000	10.2
1405	-0.391359	123.966693	0.003842	15.2
1406	-0.081765	123.917330	0.001486	13.9
1407	-0.054614	123.868020	0.002857	12.8
1408	-0.836467	123.818762	0.008160	13.7
1409	-0.069633	123.769556	0.000522	18.9
1410	-0.000000	123.720402	0.000000	8.9
1411	-0.518066	123.671300	0.006410	16.4
1412	-0.000000	123.622250	0.000000	13.4
1413	-0.739704	123.573252	0.007412	13.6
1414	-0.750220	123.524305	0.007583	12.7
1415	-0.829322	123.475411	0.002323	11.9
1416	-0.352146	123.426568	0.007091	11.3
1417	-0.874053	123.377776	0.003525	15.0
1418	-0.101805	123.329036	0.001616	9.5
1419	-0.002418	123.280347	0.000029	11.4
1420	-0.000000	123.231709	0.000000	12.0
1421	-0.559924	123.183122	0.005184	11.1
1422	-0.641321	123.134587	0.001542	12.0
1423	-0.000000	123.086102	0.000000	7.3
1424	-0.000000	123.037669	0.000000	9.3
1425	-0.573746	122.989286	0.008725	12.6
1426	-0.607765	122.940954	0.004386	6.2
1427	-0.804253	122.892672	0.007666	17.2
1428	-0.000000	122.844441	0.000000	12.2
1429	-0.000001	122.796261	0.000000	6.6
1430	-0.574683	122.748130	0.004869	15.9
1431	-0.233865	122.700050	0.002069	8.3
1432	-0.001583	122.652021	0.000456	7.2
1433	-0.000000	122.604041	0.000000	9.6
1434	-0.725854	122.556111	0.006256	6.1
1435	-0.000000	122.508232	0.000000	6.4
1436	-0.078390	122.460402	0.000639	10.2
1437	-0.000000	122.412622	0.000000	4.9
1438	-0.034362	122.364891	0.000755	6.4
1439	-0.000000	122.317210	0.000000	16.9
1440	-0.660666	122.269579	0.003870	14.0
1441	-0.000003	122.221997	0.000001	4.1
1442	-0.726074	122.174465	0.007121	6.5
1443	-0.000000	122.126981	0.000000	12.9
1444	-0.292136	122.079547	0.006195	8.2
1445	-0.140373	122.032162	0.001866	7.2
1446	-0.028784	121.984826	0.000315	6.8
1447	-0.095412	121.937539	0.002045	6.5
1448	-0.827379	121.890301	0.005291	6.8
1449	-0.681673	121.843112	0.006998	6.6
1450	-0.415385	121.795971	0.003748	13.8
1451	-0.000000	121.748879	0.000000	5.9
1452	-0.487812	121.701835	0.000769	9.8
1453	-0.000000	121.654840	0.000000	8.2
1454	-0.921528	121.607893	0.005330	10.0
1455	-0.970639	121.560994	0.006542	7.6
1456	-0.575259	121.514144	0.004653	6.7
1457	-0.000000	121.467342	0.000000	6.9
1458	-0.768792	121.420588	0.007204	12.0
1459	-0.044188	121.373882	0.000455	11.9
1460	-0.205339	121.327223	0.003869	11.0
1461	-0.000000	121.280613	0.000000	7.8
1462	-0.082017	121.234050	0.000774	6.8
1463	-0.000000	121.187535	0.000000	9.5
1464	-0.077466	121.141067	0.001295	7.2
1465	-0.123087	121.094647	0.001480	8.8
1466	-0.000000	121.048274	0.000000	12.2
1467	-0.000000	121.001949	0.000000	12.1
1468	-0.000000	120.955671	0.000000	12.3
1469	-0.000000	120.909440	0.000000	20.7
1470	-0.000000	120.863256	0.000000	16.0
1471	-0.133112	120.817119	0.001286	14.5
1472	-0.303056	120.771029	0.005450	14.7
1473	-0.000000	120.724986	0.000000	15.5
1474	-0.201325	120.678990	0.001534	13.1
1475	-0.033005	120.633040	0.000329	19.4
1476	-0.134610	120.587137	0.004856	4.5
1477	-0.995463	120.541281	0.002895	10.0
1478	-0.228809	120.495471	0.002707	17.8
1479	-0.091722	120.449707	0.002435	8.6
1480	-0.902336	120.403990	0.007274	13.5
1481	-0.657954	120.358319	0.008431	9.0
1482	-0.791074	120.312694	0.008201	15.4
1483	-0.016549	120.267115	0.000363	17.8
1484	-0.368405	120.221582	0.005227	12.5
1485	-0.627329	120.176096	0.004664	13.2
1486	-0.069960	120.130655	0.000226	20.4
1487	-0.000000	120.085260	0.000000	10.4
1488	-0.000000	120.039910	0.000000	15.9
1489	-0.000000	119.994606	0.000000	18.4
1490	-0.169349	119.949348	0.003315	12.8
1491	-0.798029	119.904135	0.002969	19.1
1492	-0.000000	119.858968	0.000000	8.0
1493	-0.000002	119.813846	0.000001	13.8
1494	-0.304697	119.768769	0.005005	15.5
1495	-0.355949	119.723738	0.003596	14.2
1496	-0.000000	119.678752	0.000000	15.5
1497	-0.783069	119.633810	0.007159	12.4
1498	-0.161463	119.588914	0.002043	11.7
1499	-0.150397	119.544062	0.002941	15.2
1500	-0.000000	119.499256	0.000000	10.8
1501	-0.102080	119.454494	0.001051	14.3
1502	-0.000000	119.409777	0.000000	12.5
1503	-0.556382	119.365104	0.008281	12.2
1504	-0.416022	119.320476	0.001862	16.7
1505	-0.573584	119.275893	0.006303	13.7
1506	-0.014953	119.231353	0.000393	7.4
1507	-0.000000	119.186859	0.000000	8.7
1508	-0.378030	119.142408	0.002695	15.3
1509	-0.300781	119.098002	0.002503	14.1
1510	-0.278976	119.053639	0.002292	17.9
1511	-0.000000	119.009321	0.000000	17.1
1512	-0.826336	118.965047	0.006486	18.1
1513	-0.000002	118.920816	0.000000	8.7
1514	-0.984039	118.876630	0.002698	10.7
1515	-0.050982	118.832487	0.001750	15.2
1516	-0.000000	118.788388	0.000000	21.1
1517	-0.142698	118.744332	0.001215	20.9
1518	-0.000000	118.700320	0.000000	7.0
1519	-0.013433	118.656352	0.000922	9.4
1520	-0.016698	118.612427	0.000588	14.3
1521	-0.000000	118.568545	0.000000	14.7
1522	-0.198056	118.524706	0.001784	13.1
1523	-0.000000	118.480911	0.000000	15.1
1524	-0.736688	118.437159	0.003055	7.6
1525	-0.034059	118.393450	0.001052	12.1
1526	-0.707189	118.349784	0.004932	9.8
1527	-0.932354	118.306160	0.001926	16.2
1528	-0.610348	118.262580	0.005148	15.5
1529	-0.002746	118.219042	0.000110	20.1
1530	-0.000090	118.175548	0.000038	13.0
1531	-0.467534	118.132095	0.002899	9.8
1532	-0.739995	118.088686	0.005724	12.1
1533	-0.321041	118.045319	0.004273	14.4
1534	-0.045623	118.001994	0.001041	8.9
1535	-0.059926	117.958712	0.000449	14.2
1536	-0.031719	117.915472	0.000223	11.0
1537	-0.121512	117.872274	0.001465	15.3
1538	-0.335021	117.829118	0.012177	11.7
1539	-0.871290	117.786005	0.003201	4.0
1540	-0.000000	117.742933	0.000000	12.2
1541	-0.012509	117.699904	0.000033	6.4
1542	-0.000000	117.656916	0.000000	11.9
1543	-0.627772	117.613971	0.003426	7.4
1544	-0.286439	117.571067	0.002749	8.8
1545	-0.187192	117.528205	0.001907	10.0
1546	-0.183209	117.485384	0.003135	8.3
1547	-0.649740	117.442605	0.003164	6.7
1548	-0.364703	117.399867	0.003105	6.8
1549	-0.515819	117.357171	0.005316	7.4
1550	-0.052987	117.314517	0.002041	10.4
1551	-0.000000	117.271903	0.000000	18.8
1552	-0.130254	117.229331	0.003489	6.9
1553	-0.000008	117.186800	0.000003	15.8
1554	-0.072339	117.144311	0.000883	9.8
1555	-0.000000	117.101862	0.000000	14.3
1556	-0.494288	117.059454	0.004446	12.9
1557	-0.174774	117.017087	0.002426	6.5
1558	-0.750771	116.974762	0.004279	9.3
1559	-0.000000	116.932476	0.000000	14.6
1560	-0.000000	116.890232	0.000000	6.7
1561	-0.000000	116.848028	0.000000	12.4
1562	-0.000000	116.805865	0.000000	7.3
1563	-0.125098	116.763743	0.002055	6.6
1564	-0.000000	116.721661	0.000000	6.6
1565	-0.420792	116.679619	0.003459	11.8
1566	-0.967035	116.637618	0.003274	6.5
1567	-0.000000	116.595657	0.000000	10.6
1568	-0.000000	116.553736	0.000000	7.4
1569	-0.000000	116.511855	0.000000	6.6
1570	-0.047655	116.470015	0.001482	7.4
1571	-0.262129	116.428214	0.002596	14.3
1572	-0.288957	116.386454	0.003051	6.3
1573	-0.033954	116.344733	0.001319	6.5
1574	-0.000000	116.303052	0.000000	7.0
1575	-0.408310	116.261412	0.007782	11.5
1576	-0.909106	116.219810	0.007487	7.7
1577	-0.000000	116.178249	0.000000	13.5
1578	-0.014766	116.136727	0.000179	2.3
1579	-0.066751	116.095245	0.001420	10.8
1580	-0.000000	116.053802	0.000000	10.3
1581	-0.815724	116.012398	0.010369	5.2
1582	-0.459567	115.971034	0.006504	12.6
1583	-0.000000	115.929710	0.000000	6.1
1584	-0.000000	115.888424	0.000000	12.0
1585	-0.000000	115.847178	0.000000	9.7
1586	-0.070100	115.805970	0.001891	6.5
1587	-0.405178	115.764802	0.002695	11.9
1588	-0.343949	115.723673	0.003018	12.3
1589	-0.457460	115.682583	0.005759	14.4
1590	-0.449686	115.641532	0.003909	13.3
1591	-0.158620	115.600519	0.000960	12.0
1592	-0.000000	115.559546	0.000000	9.1
1593	-0.079253	115.518610	0.000729	6.9
1594	-0.356313	115.477714	0.004649	15.7
1595	-0.332929	115.436856	0.001611	9.2
1596	-0.000000	115.396037	0.000000	16.5
1597	-0.001051	115.355256	0.000036	2.4
1598	-0.000099	115.314514	0.000036	12.2
1599	-0.144282	115.273810	0.002383	16.1
1600	-0.492651	115.233144	0.006112	7.8
1601	-0.000000	115.192517	0.000000	13.5
1602	-0.000000	115.151927	0.000000	5.1
1603	-0.000000	115.111376	0.000000	7.9
1604	-0.968073	115.070863	0.003332	12.1
1605	-0.000000	115.030388	0.000000	7.5
1606	-0.123387	114.989951	0.001526	11.7
1607	-0.113454	114.949551	0.000570	11.9
1608	-0.965543	114.909190	0.003248	6.7
1609	-0.532221	114.868866	0.008927	6.9
1610	-0.600316	114.828580	0.005047	6.7
1611	-0.499875	114.788332	0.004222	6.6
1612	-0.545562	114.748121	0.006348	7.1
1613	-0.164409	114.707948	0.005181	9.7
1614	-0.327293	114.667812	0.003552	8.0
1615	-0.067087	114.627714	0.001733	8.0
1616	-0.317818	114.587653	0.002616	12.8
1617	-0.039848	114.547629	0.001595	7.3
1618	-0.000000	114.507643	0.000000	6.5
1619	-0.221297	114.467693	0.001096	8.9
1620	-0.019084	114.427781	0.000893	6.8
1621	-0.000000	114.387907	0.000000	6.4
1622	-0.063140	114.348069	0.001337	7.1
1623	-0.000000	114.308268	0.000000	7.0
1624	-0.952567	114.268504	0.004789	8.7
1625	-1.038140	114.228777	0.003069	6.8
1626	-0.283714	114.189086	0.006179	6.4
1627	-0.000009	114.149433	0.000005	6.4
1628	-0.000001	114.109816	0.000001	11.6
1629	-0.820429	114.070235	0.006872	7.2
1630	-0.323618	114.030692	0.004010	6.6
1631	-0.000000	113.991185	0.000000	13.8
1632	-0.069508	113.951714	0.001613	11.8
1633	-0.522611	113.912280	0.007532	18.5
1634	-0.000051	113.872882	0.000020	12.3
1635	-0.631352	113.833521	0.006986	14.3
1636	-0.296883	113.794195	0.001692	13.0
1637	-0.672359	113.754906	0.003678	14.9
1638	-0.000000	113.715653	0.000000	13.3
1639	-0.797405	113.676437	0.007280	11.7
1640	-0.465498	113.637256	0.004902	16.1
1641	-0.861703	113.598111	0.003155	11.8
1642	-0.127334	113.559002	0.002376	10.7
1643	-0.011930	113.519929	0.000183	15.7
1644	-0.000000	113.480892	0.000000	10.7
1645	-0.000000	113.441891	0.000000	11.6
1646	-0.274953	113.402925	0.003735	10.0
1647	-0.913785	113.363995	0.002672	7.3
1648	-0.000000	113.325101	0.000000	6.4
1649	-0.000000	113.286242	0.000000	9.6
1650	-0.211094	113.247419	0.001662	6.3
1651	-0.551181	113.208631	0.005673	11.6
1652	-0.143354	113.169879	0.002209	11.5
1653	-0.000039	113.131162	0.000013	8.2
1654	-0.283603	113.092480	0.007111	9.6
1655	-0.001888	113.053833	0.000102	9.6
1656	-0.263688	113.015222	0.002171	4.9
1657	-0.352264	112.976646	0.004002	9.3
1658	-0.105832	112.938105	0.002246	8.6
1659	-0.325770	112.899599	0.005474	7.6
1660	-0.104084	112.861128	0.003748	7.0
1661	-0.000000	112.822692	0.000000	10.7
1662	-0.472275	112.784291	0.007521	7.2
1663	-0.689792	112.745924	0.004730	7.3
1664	-0.000000	112.707593	0.000000	9.4
1665	-0.141040	112.669296	0.003624	13.3
1666	-0.167679	112.631034	0.001600	6.8
1667	-0.000000	112.592806	0.000000	10.5
1668	-0.052061	112.554613	0.000803	8.8
1669	-0.253484	112.516455	0.002142	13.3
1670	-0.084879	112.478331	0.001391	14.5
1671	-0.000000	112.440241	0.000000	12.9
1672	-0.033554	112.402186	0.000619	10.8
1673	-0.204733	112.364165	0.001621	7.7
1674	-0.137599	112.326179	0.003043	14.8
1675	-0.214492	112.288227	0.004434	12.7
1676	-0.123647	112.250309	0.002116	12.0
1677	-0.668701	112.212425	0.004998	7.4
1678	-0.529100	112.174575	0.001644	11.9
1679	-0.611749	112.136759	0.003583	7.8
1680	-0.067955	112.098977	0.000470	14.5
1681	-0.250715	112.061229	0.003642	15.5
1682	-0.983680	112.023515	0.003890	12.7
1683	-0.004975	111.985834	0.000082	12.9
1684	-0.000000	111.948188	0.000000	9.0
1685	-0.000000	111.910575	0.000000	6.6
1686	-0.044428	111.872996	0.001830	6.5
1687	-0.380722	111.835450	0.003234	7.3
1688	-0.207883	111.797939	0.003104	10.9
1689	-0.000000	111.760460	0.000000	2.0
1690	-0.000000	111.723015	0.000000	8.6
1691	-0.048415	111.685604	0.000166	6.5
1692	-0.136144	111.648226	0.006148	9.4
1693	-0.091005	111.610881	0.000655	12.0
1694	-0.000000	111.573570	0.000000	7.8
1695	-0.884028	111.536292	0.005642	7.8
1696	-0.019133	111.499047	0.000079	6.8
1697	-0.339249	111.461835	0.004005	6.7
1698	-0.696118	111.424656	0.007490	6.2
1699	-0.000000	111.387510	0.000000	7.0
1700	-0.000000	111.350398	0.000000	6.8
1701	-0.047494	111.313318	0.001093	7.6
1702	-0.445188	111.276271	0.004382	6.5
1703	-0.046051	111.239257	0.000419	6.7
1704	-0.000294	111.202276	0.000055	7.0
1705	-0.000000	111.165328	0.000000	10.3
1706	-0.000002	111.128412	0.000001	6.5
1707	-0.131483	111.091529	0.004548	6.8
1708	-0.000000	111.054679	0.000000	7.0
1709	-0.124130	111.017861	0.000453	6.6
1710	-0.042814	110.981076	0.001824	6.5
1711	-0.547850	110.944323	0.002876	6.7
1712	-0.079550	110.907603	0.002119	7.4
1713	-0.474913	110.870915	0.007081	6.5
1714	-0.153077	110.834259	0.002702	6.9
1715	-0.398295	110.797636	0.004040	6.7
1716	-0.000000	110.761045	0.000000	5.6
1717	-0.318791	110.724486	0.003098	6.5
1718	-0.364808	110.687959	0.002099	11.6
1719	-0.000867	110.651465	0.000044	12.6
1720	-0.022926	110.615002	0.000940	6.8
1721	-0.143192	110.578572	0.001600	15.1
1722	-0.141309	110.542173	0.000910	15.2
1723	-0.667623	110.505807	0.004917	12.2
1724	-0.219887	110.469472	0.002304	8.1
1725	-0.007027	110.433169	0.000229	11.4
1726	-0.526230	110.396898	0.004656	12.3
1727	-0.000018	110.360659	0.000002	11.2
1728	-0.114244	110.324451	0.001251	10.3
1729	-0.599481	110.288276	0.007084	9.6
1730	-1.118703	110.252131	0.003607	6.9
1731	-0.259229	110.216019	0.001321	7.5
1732	-0.139271	110.179937	0.003679	9.9
1733	-0.035938	110.143888	0.002552	12.0
1734	-0.000000	110.107869	0.000000	11.6
1735	-0.517462	110.071882	0.007564	7.4
1736	-0.000000	110.035927	0.000000	6.5
1737	-0.160937	110.000003	0.001126	6.7
1738	-0.009261	109.964110	0.000129	7.2
1739	-0.117656	109.928248	0.003142	7.7
1740	-0.247314	109.892417	0.001732	7.3
1741	-0.000000	109.856618	0.000000	15.8
1742	-0.002125	109.820850	0.000528	14.7
1743	-0.113292	109.785112	0.000960	6.0
1744	-0.000000	109.749406	0.000000	6.9
1745	-0.032160	109.713730	0.001582	7.1
1746	-0.000003	109.678086	0.000000	7.0
1747	-0.828919	109.642472	0.006860	6.6
1748	-0.079933	109.606890	0.000963	7.1
1749	-0.127179	109.571337	0.001082	8.6
1750	-1.046754	109.535816	0.008156	11.8
1751	-0.291917	109.500326	0.001946	8.7
1752	-0.177941	109.464866	0.000609	6.9
1753	-0.529442	109.429436	0.005847	6.8
1754	-0.000000	109.394038	0.000000	5.9
1755	-0.000000	109.358669	0.000000	6.1
1756	-0.050955	109.323331	0.002117	7.2
1757	-0.039702	109.288024	0.001368	7.4
1758	-0.195528	109.252747	0.002939	6.6
1759	-0.000000	109.217501	0.000000	6.6
1760	-0.076383	109.182284	0.003946	6.8
1761	-0.491933	109.147098	0.002782	6.8
1762	-0.048007	109.111942	0.000655	6.7
1763	-0.053985	109.076817	0.000524	11.5
1764	-0.584080	109.041721	0.004355	11.5
1765	-0.324042	109.006656	0.001757	18.1
1766	-0.060640	108.971620	0.003266	15.7
1767	-0.509679	108.936615	0.005365	11.9
1768	-0.473257	108.901640	0.003932	7.7
1769	-0.457416	108.866694	0.002898	14.1
1770	-0.217040	108.831779	0.002430	11.4
1771	-0.153973	108.796893	0.003258	12.5
1772	-0.000445	108.762037	0.000079	13.5
1773	-0.000000	108.727211	0.000000	7.9
1774	-0.202445	108.692415	0.001523	11.5
1775	-0.168544	108.657648	0.001521	8.9
1776	-0.123846	108.622911	0.001483	13.2
1777	-0.000067	108.588203	0.000009	6.9
1778	-0.000000	108.553525	0.000000	6.5
1779	-0.238382	108.518877	0.003312	6.3
1780	-0.000000	108.484258	0.000000	6.3
1781	-0.010462	108.449668	0.000375	7.0
1782	-0.000000	108.415108	0.000000	12.5
1783	-0.461794	108.380578	0.003027	11.1
1784	-0.600299	108.346076	0.005246	7.6
1785	-0.605189	108.311604	0.003370	12.9
1786	-0.000000	108.277161	0.000000	10.0
1787	-0.687204	108.242747	0.008778	3.4
1788	-0.144196	108.208363	0.003725	8.5
1789	-0.013783	108.174007	0.000297	7.9
1790	-1.015221	108.139681	0.005157	8.7
1791	-0.753343	108.105383	0.004519	6.5
1792	-0.291024	108.071115	0.002264	12.3
1793	-0.000000	108.036875	0.000000	9.1
1794	-0.120012	108.002665	0.001255	7.7
1795	-0.000000	107.968483	0.000000	7.8
1796	-0.000000	107.934330	0.000000	7.4
1797	-1.000153	107.900206	0.005173	6.2
1798	-0.501466	107.866111	0.003800	6.7
1799	-0.698213	107.832044	0.006845	6.2
1800	-0.808727	107.798007	0.008360	6.6
1801	-0.091797	107.763997	0.001281	6.6
1802	-0.332016	107.730017	0.001712	7.4
1803	-0.000000	107.696065	0.000000	6.4
1804	-0.838859	107.662141	0.006027	7.1
1805	-0.000000	107.628246	0.000000	10.2
1806	-0.000000	107.594379	0.000000	7.5
1807	-0.000000	107.560541	0.000000	8.9
1808	-0.000000	107.526731	0.000000	15.2
1809	-0.000000	107.492949	0.000000	7.1
1810	-0.065052	107.459196	0.003441	11.4
1811	-0.341726	107.425471	0.002420	7.1
1812	-0.000000	107.391774	0.000000	19.6
1813	-0.015788	107.358106	0.000740	8.1
1814	-0.590599	107.324465	0.003726	13.8
1815	-0.000000	107.290853	0.000000	7.3
1816	-0.702163	107.257268	0.007616	12.8
1817	-0.000000	107.223712	0.000000	9.8
1818	-0.137277	107.190184	0.003017	6.3
1819	-0.242828	107.156683	0.003523	6.8
1820	-0.071270	107.123211	0.001720	6.6
1821	-0.000000	107.089766	0.000000	7.3
1822	-0.095456	107.056349	0.002153	8.8
1823	-0.000000	107.022960	0.000000	9.8
1824	-0.188616	106.989599	0.001447	7.1
1825	-0.128929	106.956265	0.001738	6.9
1826	-0.601198	106.922960	0.002139	7.3
1827	-0.006791	106.889681	0.000170	6.8
1828	-0.000000	106.856431	0.000000	11.5
1829	-0.000000	106.823208	0.000000	7.2
1830	-0.269925	106.790012	0.001931	7.1
1831	-0.000000	106.756844	0.000000	11.5
1832	-0.495386	106.723703	0.004742	6.6
1833	-0.588892	106.690590	0.006712	10.3
1834	-0.000000	106.657505	0.000000	7.2
1835	-0.764225	106.624446	0.003712	9.1
1836	-0.375810	106.591415	0.002770	11.3
1837	-0.000000	106.558411	0.000000	9.6
1838	-0.166590	106.525435	0.002279	6.6
1839	-0.399173	106.492485	0.003530	7.2
1840	-0.000000	106.459563	0.000000	8.0
1841	-0.631523	106.426668	0.011035	6.7
1842	-0.701201	106.393800	0.006277	11.4
1843	-0.000000	106.360959	0.000000	3.6
1844	-0.846287	106.328145	0.006543	6.8
1845	-0.300342	106.295358	0.001754	6.7
1846	-0.077620	106.262598	0.002397	8.9
1847	-0.675703	106.229865	0.007273	11.9
1848	-0.506466	106.197158	0.005959	10.6
1849	-1.001518	106.164479	0.004636	9.3
1850	-0.138310	106.131826	0.002301	11.8
1851	-0.770936	106.099201	0.004287	11.9
1852	-0.233606	106.066602	0.003850	16.2
1853	-0.482286	106.034029	0.004740	7.6
1854	-0.071012	106.001483	0.001809	11.9
1855	-0.825375	105.968964	0.004823	4.9
1856	-0.369788	105.936472	0.001649	12.0
1857	-0.376351	105.904006	0.003382	7.1
1858	-0.263460	105.871566	0.003112	7.2
1859	-0.000043	105.839153	0.000017	13.7
1860	-0.432326	105.806767	0.002740	6.6
1861	-0.373011	105.774407	0.001011	6.7
1862	-0.000000	105.742073	0.000000	6.7
1863	-0.549935	105.709766	0.009710	10.0
1864	-0.000000	105.677485	0.000000	6.7
1865	-0.571708	105.645230	0.002362	7.6
1866	-0.054061	105.613001	0.001947	9.3
1867	-0.000000	105.580799	0.000000	6.2
1868	-0.022683	105.548623	0.000897	7.2
1869	-0.639748	105.516473	0.004463	7.0
1870	-0.000000	105.484349	0.000000	11.4
1871	-0.458333	105.452251	0.004493	6.6
1872	-0.732055	105.420179	0.005546	9.3
1873	-0.015777	105.388133	0.000062	7.2
1874	-0.173046	105.356113	0.000731	6.7
1875	-0.000000	105.324119	0.000000	6.4
1876	-0.767290	105.292151	0.006581	7.6
1877	-0.000000	105.260209	0.000000	6.5
1878	-0.000000	105.228293	0.000000	9.1
1879	-0.572724	105.196402	0.003712	6.5
1880	-0.925276	105.164537	0.005046	6.8
1881	-0.011792	105.132698	0.001554	6.7
1882	-0.000000	105.100885	0.000000	11.8
1883	-0.156095	105.069097	0.002173	11.8
1884	-0.175319	105.037335	0.004218	8.8
1885	-0.000027	105.005598	0.000003	6.0
1886	-0.494149	104.973887	0.003230	6.5
1887	-0.262900	104.942202	0.002849	6.4
1888	-0.018149	104.910542	0.000582	6.5
1889	-0.042847	104.878907	0.000615	7.9
1890	-0.657380	104.847298	0.002019	7.3
1891	-0.000246	104.815715	0.000054	8.2
1892	-0.514229	104.784156	0.004515	7.3
1893	-0.269090	104.752623	0.003007	6.5
1894	-0.000000	104.721116	0.000000	12.2
1895	-0.936090	104.689633	0.005722	11.4
1896	-0.000000	104.658176	0.000000	6.4
1897	-0.111085	104.626744	0.000663	13.8
1898	-0.407856	104.595337	0.002731	7.1
1899	-0.095935	104.563955	0.003590	8.0
1900	-0.014235	104.532599	0.000776	6.3
1901	-0.000000	104.501267	0.000000	6.7
1902	-0.262931	104.469960	0.002227	10.9
1903	-0.000000	104.438679	0.000000	7.6
1904	-0.258506	104.407422	0.002097	7.2
1905	-0.085515	104.376191	0.002225	12.7
1906	-0.101580	104.344984	0.001029	8.4
1907	-0.445327	104.313802	0.005401	11.4
1908	-0.414379	104.282645	0.006341	8.7
1909	-0.000000	104.251513	0.000000	7.3
1910	-0.000000	104.220405	0.000000	6.1
1911	-0.400325	104.189323	0.002348	7.3
1912	-0.035340	104.158265	0.000661	6.1
1913	-0.498568	104.127231	0.003119	6.6
1914	-0.022520	104.096222	0.000058	6.7
1915	-0.000000	104.065238	0.000000	6.2
1916	-0.002444	104.034279	0.000194	6.5
1917	-0.047386	104.003344	0.000332	6.6
1918	-0.000000	103.972433	0.000000	8.1
1919	-0.752363	103.941547	0.006666	8.1
1920	-0.099212	103.910686	0.002382	7.8
1921	-0.020396	103.879849	0.000091	11.9
1922	-0.331110	103.849036	0.004278	11.9
1923	-0.804523	103.818248	0.006908	9.7
1924	-0.053765	103.787484	0.001416	8.1
1925	-0.493819	103.756744	0.003840	7.3
1926	-0.635028	103.726029	0.005051	6.3
1927	-0.602578	103.695338	0.008522	6.4
1928	-0.622308	103.664671	0.002947	6.9
1929	-0.514424	103.634028	0.005007	12.2
1930	-0.314531	103.603409	0.002261	6.0
1931	-0.083068	103.572814	0.001414	6.4
1932	-0.000000	103.542244	0.000000	11.0
1933	-0.000000	103.511698	0.000000	7.7
1934	-0.000000	103.481175	0.000000	7.9
1935	-0.000000	103.450677	0.000000	6.7
1936	-0.683878	103.420202	0.004913	6.9
1937	-0.080074	103.389752	0.000507	7.5
1938	-0.582394	103.359325	0.005518	6.6
1939	-0.000000	103.328922	0.000000	6.3
1940	-0.429076	103.298543	0.004508	8.2
1941	-0.000000	103.268188	0.000000	7.0
1942	-0.302255	103.237857	0.001556	12.1
1943	-0.169126	103.207549	0.001310	3.6
1944	-0.058758	103.177265	0.001257	15.6
1945	-0.768965	103.147005	0.005368	12.2
1946	-0.332367	103.116768	0.004827	12.6
1947	-0.017487	103.086556	0.000731	12.7
1948	-0.000121	103.056366	0.000045	7.3
1949	-0.000000	103.026200	0.000000	6.7
1950	-0.670148	102.996058	0.008557	11.5
1951	-0.323945	102.965939	0.004678	13.6
1952	-0.023459	102.935844	0.001458	12.2
1953	-0.798410	102.905772	0.002269	15.6
1954	-0.000000	102.875724	0.000000	12.2
1955	-0.000000	102.845699	0.000000	7.5
1956	-0.432387	102.815697	0.003790	12.2
1957	-0.005904	102.785719	0.000293	13.2
1958	-0.000000	102.755764	0.000000	5.6
1959	-0.734796	102.725832	0.003490	10.3
1960	-0.000000	102.695924	0.000000	11.6
1961	-0.000000	102.666038	0.000000	7.0
1962	-0.000119	102.636176	0.000019	6.6
1963	-0.041853	102.606337	0.002594	10.5
1964	-0.000000	102.576521	0.000000	7.6
1965	-0.063679	102.546728	0.001001	7.1
1966	-0.180470	102.516959	0.002668	6.6
1967	-0.787716	102.487212	0.005440	6.5
1968	-0.117539	102.457488	0.003672	8.0
1969	-0.072158	102.427788	0.001063	6.3
1970	-0.447335	102.398110	0.001939	7.3
1971	-0.593040	102.368455	0.006386	8.9
1972	-0.114344	102.338823	0.003045	10.9
1973	-1.029373	102.309214	0.003610	9.0
1974	-0.000000	102.279628	0.000000	7.1
1975	-0.044274	102.250064	0.001071	7.8
1976	-0.577799	102.220524	0.008424	6.9
1977	-0.991450	102.191006	0.005429	6.7
1978	-0.000000	102.161511	0.000000	8.6
1979	-0.235547	102.132038	0.001456	6.5
1980	-0.916591	102.102588	0.002913	6.7
1981	-0.313027	102.073161	0.004602	6.8
1982	-0.012913	102.043757	0.000329	6.7
1983	-0.000000	102.014375	0.000000	6.7
1984	-0.020731	101.985015	0.000127	6.8
1985	-0.131911	101.955678	0.003011	10.6
1986	-0.979486	101.926364	0.001967	7.5
1987	-0.000346	101.897072	0.000136	7.0
1988	-0.836007	101.867802	0.005420	7.3
1989	-0.060638	101.838555	0.000820	14.8
1990	-0.687659	101.809330	0.007782	8.4
1991	-0.000000	101.780128	0.000000	10.1
1992	-0.629475	101.750948	0.007329	6.6
1993	-0.373289	101.721790	0.004400	6.8
1994	-0.000000	101.692654	0.000000	6.6
1995	-0.096385	101.663541	0.002226	6.5
1996	-0.381862	101.634450	0.004009	9.0
1997	-0.002957	101.605381	0.000079	6.7
1998	-0.746236	101.576335	0.003348	7.3
1999	-0.848777	101.547310	0.005599	7.4
