1:ItNr	2:Metric	3a:Time	3b:StepSize	4:||Gradient||	Time[ms]
0	-0.330206	0.000000	1301.099541	0.003150	2201.7
1	-0.313378	0.000000	1301.099541	0.003552	6.4
2	-0.345555	0.000000	1301.099541	0.002466	6.5
3	-0.349133	0.000000	1301.099541	0.002825	11.8
4	-0.359998	0.000000	1301.099541	0.003325	12.6
5	-0.361279	0.000000	1301.099541	0.003529	10.3
6	-0.360741	0.000000	1301.099541	0.002690	7.9
7	-0.395577	0.000000	1301.099541	0.003947	5.9
8	-0.416903	0.000000	1301.099541	0.004073	12.4
9	-0.421174	0.000000	1301.099541	0.005762	17.4
10	-0.450605	0.000000	1301.099541	0.006282	1.5
11	-0.479473	0.000000	1301.099541	0.007630	10.7
12	-0.517406	0.000000	1301.099541	0.005982	10.4
13	-0.557163	1.000000	1241.958652	0.005434	6.8
14	-0.576388	0.560967	1267.247889	0.005957	14.5
15	-0.556480	0.147625	1292.016997	0.004634	11.8
16	-0.605870	0.000000	1301.099541	0.003132	5.9
17	-0.606106	0.000000	1301.099541	0.004953	9.9
18	-0.577654	0.998646	1242.035118	0.004026	13.1
19	-0.615429	1.998646	1188.030411	0.005801	2.6
20	-0.621526	1.559644	1211.149023	0.002983	15.1
21	-0.637922	1.120984	1235.166160	0.003730	10.1
22	-0.626975	0.681951	1260.176767	0.005577	11.2
23	-0.654353	1.679471	1204.749875	0.013159	8.7
24	-0.582150	2.679471	1153.872478	0.009154	12.2
25	-0.672082	3.679471	1107.118135	0.006781	7.9
26	-0.647873	4.679471	1064.005170	0.008286	11.7
27	-0.644745	5.679471	1024.124126	0.006171	14.1
28	-0.680690	6.679471	987.124716	0.004360	14.5
29	-0.672891	7.679471	952.705507	0.005259	15.0
30	-0.682412	8.679471	920.605693	0.007233	13.7
31	-0.668167	9.679471	890.598472	0.011155	10.4
32	-0.664846	10.679471	862.485677	0.013218	11.4
33	-0.657468	11.679471	836.093400	0.010220	5.9
34	-0.681627	12.679471	811.268384	0.004792	10.7
35	-0.681751	13.679471	787.875052	0.004601	10.3
36	-0.675868	13.272865	797.222247	0.006102	13.3
37	-0.721870	14.272865	774.620674	0.006012	6.1
38	-0.695892	15.272865	753.265297	0.004689	8.8
39	-0.658915	16.272865	733.055815	0.003878	6.2
40	-0.682271	17.272637	713.906653	0.004155	12.0
41	-0.671790	18.272637	695.728433	0.006239	7.8
42	-0.677828	19.272637	678.452970	0.006199	6.1
43	-0.697691	20.272637	662.014646	0.002844	16.4
44	-0.695131	21.272637	646.354052	0.002257	11.1
45	-0.683052	22.264859	631.530781	0.005130	14.8
46	-0.685584	22.888818	622.552433	0.010596	13.0
47	-0.675309	23.888818	608.683669	0.007889	13.8
48	-0.677657	24.888818	595.419356	0.003502	4.3
49	-0.689800	25.888818	582.720819	0.004930	5.9
50	-0.707796	25.449785	588.228567	0.006429	16.2
51	-0.687976	26.449785	575.831702	0.003984	3.2
52	-0.672546	27.449776	563.946679	0.006327	12.2
53	-0.656660	28.449776	552.542245	0.006610	16.1
54	-0.687620	29.449776	541.589922	0.009291	2.5
55	-0.671038	30.449776	531.063348	0.005700	6.6
56	-0.671819	31.449776	520.938169	0.006006	7.5
57	-0.697078	32.449776	511.191857	0.009933	11.0
58	-0.702515	33.449776	501.803539	0.010610	11.0
59	-0.678914	34.449776	492.753844	0.008101	8.8
60	-0.687601	35.449776	484.024778	0.003827	7.9
61	-0.709323	35.010743	487.818744	0.005948	7.9
62	-0.681400	36.010743	479.262133	0.004517	5.8
63	-0.686590	37.010743	471.000523	0.003572	10.1
64	-0.686292	38.010743	463.018917	0.003980	6.0
65	-0.671617	39.010737	455.303363	0.005019	11.3
66	-0.683859	40.010737	447.840687	0.003200	6.2
67	-0.681402	41.010737	440.618701	0.004654	10.7
68	-0.702590	42.010737	433.625946	0.003531	8.9
69	-0.687098	43.010737	426.851677	0.005621	9.1
70	-0.683395	44.010737	420.285813	0.003183	6.6
71	-0.658836	45.010737	413.918881	0.005809	6.4
72	-0.678796	45.802371	409.013781	0.005128	5.8
73	-0.683665	46.802371	402.981341	0.006576	8.5
74	-0.684287	47.802371	397.124256	0.005465	12.0
75	-0.677739	48.802371	391.434990	0.008839	8.0
76	-0.690503	49.802371	385.906432	0.007623	8.5
77	-0.683657	50.802371	380.531868	0.001130	3.8
78	-0.671189	50.363338	382.872931	0.003333	5.9
79	-0.692605	51.353706	377.632218	0.006571	9.5
80	-0.688842	52.353706	372.484118	0.004743	16.5
81	-0.693362	53.353706	367.474494	0.002773	3.5
82	-0.685872	54.353706	362.597833	0.006969	11.9
83	-0.663580	55.353706	357.848910	0.007881	10.5
84	-0.671294	56.353706	353.222773	0.004647	9.2
85	-0.660351	57.353706	348.714718	0.001726	12.0
86	-0.683495	56.914682	350.679612	0.004671	3.9
87	-0.672696	57.914676	346.235854	0.004633	7.7
88	-0.720963	58.914676	341.903285	0.006158	12.0
89	-0.684537	58.475643	343.792000	0.003474	3.2
90	-0.701899	58.036610	345.701698	0.007150	6.2
91	-0.674576	59.036610	341.382403	0.002990	5.9
92	-0.666182	60.036610	337.169710	0.002327	11.9
93	-0.701526	61.036610	333.059719	0.003622	8.4
94	-0.681453	62.036610	329.048721	0.002845	8.0
95	-0.693821	63.036570	325.133337	0.005644	8.1
96	-0.690540	64.036570	321.309884	0.002136	11.0
97	-0.733381	65.036570	317.575310	0.005778	6.5
98	-0.675873	64.597537	319.204166	0.004112	7.2
99	-0.679667	65.597537	315.518101	0.003740	16.9
100	-0.704434	66.597537	311.916195	0.004867	2.2
101	-0.694430	67.597537	308.395598	0.003590	10.9
102	-0.677105	67.158504	309.931421	0.002457	3.1
103	-0.689821	67.154911	309.944051	0.004131	8.0
104	-0.670421	68.154905	306.467608	0.001590	11.3
105	-0.684111	68.550548	305.113602	0.004753	11.2
106	-0.674274	69.550248	301.745064	0.002927	5.8
107	-0.685573	70.516310	298.559792	0.003394	12.8
108	-0.695854	71.516309	295.332689	0.002761	7.3
109	-0.723151	72.514144	292.181367	0.004016	6.5
110	-0.675606	73.514144	289.089964	0.005559	10.3
111	-0.680035	74.514144	286.063292	0.005465	15.9
112	-0.681433	75.514144	283.099340	0.003424	8.7
113	-0.679102	76.514144	280.196178	0.004179	3.7
114	-0.696498	77.511173	277.360318	0.004145	12.3
115	-0.699628	78.511173	274.573090	0.003741	16.9
116	-0.680747	78.072140	275.789847	0.005395	6.5
117	-0.693668	79.072140	273.033936	0.004253	5.9
118	-0.688356	80.072140	270.332560	0.003655	11.6
119	-0.721063	81.066103	267.699948	0.003714	11.5
120	-0.693544	82.030870	265.193241	0.002087	11.0
121	-0.683108	82.476484	264.051207	0.003865	7.2
122	-0.684725	83.463663	261.555928	0.002916	7.9
123	-0.676981	83.024630	262.659818	0.003134	6.5
124	-0.690675	84.024629	260.158885	0.002260	9.2
125	-0.684275	85.024136	257.706325	0.005137	11.2
126	-0.690547	84.585705	258.776416	0.004695	8.2
127	-0.688591	84.146702	259.856847	0.005960	6.0
128	-0.657642	83.748074	260.845755	0.002922	11.6
129	-0.681399	84.748074	258.379084	0.004780	6.9
130	-0.717100	84.309041	259.456265	0.005612	7.5
131	-0.696306	85.309041	257.015680	0.004299	6.5
132	-0.683636	84.870008	258.081499	0.004894	9.9
133	-0.693720	85.870008	255.666588	0.004180	7.0
134	-0.703487	85.430975	256.721225	0.005556	8.9
135	-0.687717	86.430975	254.331587	0.006036	11.2
136	-0.681094	87.430975	251.986025	0.003210	12.3
137	-0.697156	88.430975	249.683331	0.003981	6.3
138	-0.682148	87.991950	250.689068	0.002045	6.2
139	-0.677325	87.789331	251.155973	0.003115	6.2
140	-0.707733	87.352438	252.168671	0.003316	11.3
141	-0.685810	88.352438	249.862654	0.004863	6.0
142	-0.676668	87.923170	250.847366	0.003021	7.3
143	-0.704133	88.923170	248.565341	0.003140	6.3
144	-0.701938	89.910794	246.351949	0.006937	6.0
145	-0.683261	90.910794	244.150625	0.002625	6.0
146	-0.699641	91.910794	241.988293	0.004914	10.0
147	-0.695158	92.910790	239.863934	0.006881	6.4
148	-0.718995	93.910790	237.776542	0.005261	9.5
149	-0.689161	94.910790	235.725166	0.004638	6.5
150	-0.712250	95.910790	233.708884	0.003255	6.2
151	-0.674891	95.471757	234.589835	0.005150	11.0
152	-0.695370	96.471757	232.592846	0.006076	11.6
153	-0.679377	97.471757	230.629569	0.007647	6.1
154	-0.653803	98.471757	228.699158	0.005542	6.4
155	-0.683668	99.471757	226.800795	0.006441	6.2
156	-0.677435	100.471757	224.933688	0.002498	6.2
157	-0.676690	101.471723	223.097133	0.003891	7.4
158	-0.666942	101.032690	223.899762	0.002762	8.1
159	-0.691215	100.604032	224.689017	0.006448	7.8
160	-0.708771	101.602370	222.859397	0.004622	6.4
161	-0.712445	102.602370	221.056362	0.005151	5.9
162	-0.707992	102.163347	221.844331	0.002159	11.9
163	-0.719176	103.163347	220.057618	0.004027	7.7
164	-0.714733	104.163343	218.299462	0.003561	6.0
165	-0.663053	103.764522	218.997276	0.004672	9.8
166	-0.690794	104.764522	217.255948	0.004646	6.2
167	-0.720738	105.764522	215.542093	0.007064	6.9
168	-0.684394	106.764522	213.855067	0.005395	6.2
169	-0.701582	107.764522	212.194244	0.002583	8.6
170	-0.679657	108.764522	210.559019	0.004597	8.0
171	-0.693943	108.656274	210.734811	0.003479	5.5
172	-0.694256	109.650678	209.130872	0.003785	6.4
173	-0.683007	110.650678	207.542344	0.003634	7.9
174	-0.696251	111.650678	205.977766	0.004960	6.5
175	-0.683694	112.650678	204.436601	0.002153	13.4
176	-0.716791	112.211645	205.110374	0.005542	3.5
177	-0.675107	111.772612	205.788603	0.003470	8.4
178	-0.688372	112.772612	204.250257	0.001975	7.3
179	-0.708540	112.353483	204.892214	0.004052	10.8
180	-0.685436	113.346841	203.377245	0.002455	5.7
181	-0.681603	114.338206	201.887488	0.002838	7.9
182	-0.709067	115.338196	200.406718	0.002979	6.1
183	-0.680531	114.899163	201.054147	0.003005	9.8
184	-0.716539	114.461350	201.703958	0.005981	4.6
185	-0.705196	114.022317	202.359810	0.003089	6.9
186	-0.714790	115.022316	200.872116	0.002755	8.1
187	-0.682200	114.586150	201.518300	0.003912	6.9
188	-0.675254	115.586150	200.042906	0.001860	11.4
189	-0.687985	116.556425	198.631873	0.003086	6.3
190	-0.711022	116.117407	199.267846	0.005818	11.3
191	-0.686492	117.117407	197.825103	0.004504	12.4
192	-0.683031	118.117407	196.403102	0.002283	8.0
193	-0.682919	119.117407	195.001399	0.002876	11.3
194	-0.690681	119.681205	194.219906	0.002718	10.9
195	-0.690007	119.598760	194.333793	0.002186	6.4
196	-0.697258	119.160311	194.941708	0.002683	5.8
197	-0.705157	118.825291	195.408786	0.006864	11.0
198	-0.687392	118.488253	195.880942	0.003732	10.8
199	-0.696343	118.049220	196.499415	0.003914	12.2
200	-0.696807	119.048831	195.096883	0.003184	11.4
201	-0.671888	118.609798	195.710407	0.003113	5.6
202	-0.686510	119.609798	194.318538	0.004338	6.3
203	-0.676653	119.170765	194.927169	0.003241	6.0
204	-0.677622	120.170765	193.546379	0.005322	5.8
205	-0.699368	119.731732	194.150175	0.004342	10.1
206	-0.679760	119.293037	194.757280	0.004414	1.6
207	-0.677674	118.854004	195.368667	0.002063	11.3
208	-0.699098	118.914143	195.284692	0.002686	6.3
209	-0.707943	118.475115	195.899393	0.003503	5.8
210	-0.700415	118.036082	196.517982	0.004541	11.7
211	-0.696228	117.597049	197.140491	0.003422	9.8
212	-0.688558	118.597048	195.728281	0.004980	7.7
213	-0.704116	118.158015	196.345789	0.005193	6.0
214	-0.697825	119.158015	194.944901	0.003305	11.2
215	-0.679742	120.158015	193.563860	0.004795	10.6
216	-0.698929	119.718982	194.167766	0.001689	6.0
217	-0.676888	119.663679	194.244105	0.002547	9.7
218	-0.675213	119.274681	194.782766	0.005062	10.0
219	-0.708508	118.835648	195.394313	0.010415	5.9
220	-0.719805	119.835648	194.006920	0.003621	11.5
221	-0.681813	119.396615	194.613597	0.003399	7.7
222	-0.693449	118.969621	195.207290	0.004893	7.9
223	-0.694927	119.082987	195.049312	0.003792	6.2
224	-0.684960	120.082987	193.666798	0.002653	9.8
225	-0.718068	119.643954	194.271346	0.003013	6.7
226	-0.695659	120.641450	192.903210	0.003292	11.7
227	-0.699923	120.203427	193.501609	0.003112	8.7
228	-0.722787	120.469581	193.137564	0.002854	8.2
229	-0.685477	121.455694	191.800619	0.002719	6.4
230	-0.693424	121.016661	192.393556	0.007477	7.6
231	-0.683041	122.016661	191.048303	0.004629	7.8
232	-0.696652	123.016661	189.721732	0.004974	6.1
233	-0.687409	124.016661	188.413457	0.008042	12.4
234	-0.667860	125.016661	187.123101	0.004167	7.5
235	-0.693277	126.016640	185.850325	0.003698	6.1
236	-0.680024	127.011413	184.601240	0.005614	11.1
237	-0.682296	128.011413	183.362401	0.003800	6.3
238	-0.691153	129.011413	182.140078	0.005048	11.3
239	-0.697756	130.011413	180.933943	0.003427	8.6
240	-0.691976	131.011413	179.743678	0.007398	9.7
241	-0.697742	132.011184	178.569237	0.003499	6.1
242	-0.682733	133.011182	177.409783	0.002453	11.0
243	-0.698818	133.517317	176.828661	0.005206	12.2
244	-0.713240	133.078348	177.332446	0.004167	7.7
245	-0.704161	132.639315	177.839184	0.004389	8.9
246	-0.683816	132.200282	178.348826	0.003274	7.9
247	-0.705370	131.762426	178.860019	0.006167	7.7
248	-0.681212	131.323393	179.375536	0.004528	8.2
249	-0.701369	132.323393	178.205620	0.004666	6.6
250	-0.683293	131.950537	178.640042	0.006827	6.2
251	-0.680793	132.950528	177.479679	0.004441	6.1
252	-0.695642	133.950528	176.334284	0.004600	9.0
253	-0.680112	133.511495	176.835324	0.005201	7.9
254	-0.683176	134.511495	175.698204	0.006705	6.5
255	-0.699045	134.072462	176.195631	0.005705	9.8
256	-0.692596	133.633429	176.695884	0.007013	7.6
257	-0.689136	133.536903	176.806250	0.006462	12.0
258	-0.700122	134.536903	175.669502	0.004220	6.7
259	-0.684236	135.536903	174.547278	0.003879	8.8
260	-0.700377	135.097870	175.038201	0.005412	11.0
261	-0.693240	136.097870	173.924002	0.007453	9.1
262	-0.674305	135.658837	174.411421	0.009069	7.5
263	-0.673675	136.658837	173.305162	0.004272	7.9
264	-0.701186	136.219804	173.789113	0.003259	8.2
265	-0.685582	137.170904	172.744099	0.001919	6.5
266	-0.701225	136.731961	173.224819	0.006448	9.4
267	-0.691553	137.667274	172.203692	0.002440	5.9
268	-0.703892	138.667187	171.125269	0.002619	10.0
269	-0.694779	138.257365	171.565631	0.003617	11.3
270	-0.699220	139.257365	170.495068	0.004449	8.6
271	-0.686896	140.257365	169.437782	0.003084	8.0
272	-0.682925	141.257365	168.393529	0.003004	11.0
273	-0.672451	140.819109	168.849591	0.005082	8.8
274	-0.683700	140.431922	169.254569	0.003149	9.5
275	-0.662840	141.431919	168.212569	0.003000	6.7
276	-0.703752	142.431845	167.183393	0.003864	7.6
277	-0.716212	143.427673	166.170875	0.003576	11.4
278	-0.696921	144.427670	165.166385	0.002319	5.9
279	-0.684178	145.427670	164.173964	0.003314	6.5
280	-0.677194	146.427670	163.193397	0.001740	13.1
281	-0.708303	146.000478	163.610851	0.004252	2.9
282	-0.657910	145.561579	164.041975	0.003743	11.0
283	-0.692684	146.561579	163.062980	0.007543	8.7
284	-0.709968	147.561579	162.095601	0.002006	11.2
285	-0.696275	148.556708	161.144261	0.002047	6.9
286	-0.716023	148.123026	161.557483	0.002347	9.8
287	-0.708656	147.684130	161.977836	0.004874	10.3
288	-0.683573	148.684130	161.023251	0.003797	5.8
289	-0.705154	149.684130	160.079852	0.001720	7.6
290	-0.666807	149.245128	160.492642	0.004534	9.2
291	-0.677952	149.606403	160.152784	0.004804	10.4
292	-0.686657	150.606399	159.219531	0.009131	16.3
293	-0.686807	150.167366	159.627918	0.003140	3.8
294	-0.730554	151.167366	158.700751	0.005016	7.9
295	-0.678896	150.728333	159.106479	0.003180	6.5
296	-0.678045	150.289300	159.514286	0.003908	11.0
297	-0.681982	149.850384	159.924080	0.004798	6.3
298	-0.691353	150.850384	158.993479	0.004831	6.1
299	-0.695226	150.411351	159.400706	0.002994	9.8
300	-0.684841	149.972318	159.810025	0.004242	5.9
301	-0.672595	149.533285	160.221451	0.005212	10.0
302	-0.731695	150.533285	159.287397	0.003718	6.1
303	-0.700286	150.094252	159.696133	0.003497	11.2
304	-0.685444	151.094252	158.768176	0.003531	6.8
305	-0.695779	150.655219	159.174248	0.003156	11.1
306	-0.695779	150.216186	159.582403	0.005121	6.3
307	-0.719303	151.216186	158.655763	0.002151	10.9
308	-0.690490	151.369730	158.514435	0.001816	10.0
309	-0.713370	151.237513	158.636118	0.005075	11.1
310	-0.704617	152.237512	157.720404	0.002736	5.9
311	-0.700259	153.237512	156.815200	0.002888	10.3
312	-0.715620	154.237511	155.920329	0.003098	12.1
313	-0.707063	154.774662	155.443851	0.004979	11.8
314	-0.676305	154.335629	155.833076	0.004090	11.9
315	-0.689294	155.335629	154.949346	0.005119	13.3
316	-0.707747	155.212853	155.057307	0.007232	11.1
317	-0.672341	154.916964	155.318110	0.003973	9.3
318	-0.705524	155.916964	154.440194	0.005237	8.8
319	-0.701087	155.477931	154.824403	0.003195	10.7
320	-0.673600	155.038898	155.210528	0.008721	6.6
321	-0.695699	156.038898	154.333825	0.004843	10.3
322	-0.680876	156.772793	153.696693	0.003610	12.7
323	-0.715591	157.772793	152.836961	0.003722	5.4
324	-0.712733	157.333761	153.213223	0.003685	7.7
325	-0.657695	156.894728	153.591344	0.004241	3.9
326	-0.701174	157.894728	152.732787	0.003673	10.9
327	-0.697551	158.894728	151.883775	0.002300	8.8
328	-0.681650	158.456018	152.255080	0.004035	10.9
329	-0.688984	158.016985	152.628481	0.002875	6.3
330	-0.705787	159.016985	151.780625	0.006210	6.2
331	-0.695419	158.577952	152.151698	0.006580	7.1
332	-0.701973	159.577952	151.309117	0.001547	8.0
333	-0.701002	160.577930	150.475833	0.002436	7.8
334	-0.697226	161.577560	149.651964	0.003593	9.0
335	-0.708863	162.569883	148.842991	0.005050	6.2
336	-0.666099	163.569883	148.036559	0.002730	11.2
337	-0.681890	164.569883	147.238819	0.004036	9.9
338	-0.698348	165.569731	146.449749	0.003330	5.5
339	-0.675337	165.132114	146.794069	0.007012	11.3
340	-0.693188	166.132114	146.009628	0.004078	8.6
341	-0.662818	165.693081	146.352988	0.005164	9.6
342	-0.688905	165.254048	146.697968	0.003853	7.6
343	-0.691630	166.254048	145.914551	0.005323	5.6
344	-0.679498	167.254031	145.139470	0.004663	6.1
345	-0.684831	166.814998	145.478746	0.004205	6.2
346	-0.685266	167.814998	144.708263	0.003873	9.8
347	-0.691450	168.284536	144.349300	0.004042	11.9
348	-0.705569	169.284536	143.590703	0.004324	5.8
349	-0.692307	168.845503	143.922768	0.005964	5.9
350	-0.688650	169.845486	143.168649	0.003275	6.3
351	-0.698447	169.406453	143.498762	0.004929	10.0
352	-0.710188	170.217893	142.889820	0.004427	6.9
353	-0.679192	171.217893	142.146446	0.005745	6.3
354	-0.685383	170.818143	142.442680	0.002176	10.6
355	-0.681679	170.379110	142.769451	0.003350	6.4
356	-0.703773	169.940078	143.097723	0.002836	11.4
357	-0.665505	169.501045	143.427509	0.003616	6.8
358	-0.679774	170.501045	142.678545	0.004132	6.2
359	-0.718806	170.062012	143.006399	0.002420	8.6
360	-0.690268	169.623316	143.335511	0.002986	11.2
361	-0.700494	169.184283	143.666395	0.005172	12.9
362	-0.701682	168.745250	143.998811	0.004000	11.0
363	-0.713735	169.152641	143.690302	0.003915	5.3
364	-0.697197	168.713608	144.022828	0.003274	7.1
365	-0.678115	169.713608	143.267650	0.006148	6.4
366	-0.682492	169.274575	143.598221	0.002825	5.8
367	-0.675692	168.835542	143.930321	0.002926	11.8
368	-0.706603	169.835293	143.176295	0.005413	8.0
369	-0.691441	169.398321	143.504891	0.005127	11.1
370	-0.709428	168.959288	143.836559	0.005491	9.0
371	-0.689196	169.959288	143.083328	0.003421	6.7
372	-0.702776	169.520255	143.413047	0.003044	6.1
373	-0.687299	170.520186	142.664285	0.003713	10.1
374	-0.682552	171.520186	141.923249	0.008946	13.5
375	-0.665705	172.520186	141.189872	0.006324	7.5
376	-0.720798	173.520186	140.464036	0.004796	8.1
377	-0.686448	173.081153	140.781781	0.005310	5.9
378	-0.696285	173.385959	140.561028	0.004257	7.1
379	-0.694567	174.385959	139.841627	0.001533	6.3
380	-0.683705	173.946938	140.156550	0.002768	11.7
381	-0.692808	174.945938	139.441984	0.003530	11.0
382	-0.707978	175.945938	138.733962	0.005117	9.0
383	-0.670408	176.945938	138.033094	0.002870	11.1
384	-0.671813	176.506905	138.339925	0.005607	11.1
385	-0.700700	177.506905	137.643022	0.003250	9.7
386	-0.670314	178.506905	136.953106	0.004538	6.2
387	-0.712193	178.337618	137.069413	0.005498	11.3
388	-0.662553	179.337618	136.385221	0.005132	7.3
389	-0.697155	178.898585	136.684761	0.002927	6.3
390	-0.677747	178.459552	136.985620	0.003158	6.0
391	-0.669344	179.457469	136.303679	0.004271	5.9
392	-0.716253	180.457447	135.627105	0.004483	6.4
393	-0.686474	181.457447	134.957201	0.002656	10.3
394	-0.692824	181.018804	135.250233	0.002474	6.9
395	-0.683111	181.523668	134.913073	0.002871	11.1
396	-0.717620	181.084635	135.206174	0.002987	9.8
397	-0.691638	182.084634	134.540412	0.002594	12.5
398	-0.689997	181.654955	134.825671	0.003680	8.1
399	-0.713332	182.654954	134.163642	0.005191	11.8
400	-0.687191	183.654954	133.508082	0.003059	10.8
401	-0.722429	184.654954	132.858897	0.002072	8.1
402	-0.708669	185.654832	132.216073	0.005789	7.8
403	-0.706988	186.654502	131.579571	0.007965	13.0
404	-0.714314	187.643081	130.956129	0.003816	6.9
405	-0.684464	188.643081	130.331467	0.002815	6.8
406	-0.698947	188.204060	130.604972	0.003772	7.3
407	-0.679500	189.204010	129.983678	0.005639	9.8
408	-0.695012	188.764977	130.255731	0.005804	11.1
409	-0.693052	189.764977	129.637717	0.006319	6.3
410	-0.692485	190.764977	129.025539	0.004517	14.4
411	-0.698619	191.764977	128.419116	0.005377	7.7
412	-0.713837	192.764977	127.818367	0.004451	8.0
413	-0.725375	193.764977	127.223213	0.006961	11.1
414	-0.720363	193.363410	127.461540	0.004334	8.8
415	-0.658985	194.363410	126.869696	0.002400	11.8
416	-0.697916	193.924377	127.128857	0.002515	6.0
417	-0.716145	194.919089	126.543190	0.002420	14.1
418	-0.677640	195.919087	125.959825	0.004024	9.3
419	-0.691719	196.916337	125.383396	0.003978	9.9
420	-0.710969	196.477304	125.636514	0.004331	6.7
421	-0.693622	197.477304	125.061459	0.001564	8.6
422	-0.691724	198.477301	124.491646	0.006957	6.0
423	-0.699870	198.038268	124.741173	0.006962	6.5
424	-0.710845	199.038268	124.174266	0.002454	7.5
425	-0.704140	198.599235	124.422521	0.004049	6.3
426	-0.680499	198.160202	124.671771	0.004012	10.7
427	-0.692344	199.104344	124.136988	0.003961	6.2
428	-0.690677	198.665311	124.385094	0.006504	9.7
429	-0.679337	198.226278	124.634194	0.003015	8.1
430	-0.696979	199.226278	124.068257	0.004913	7.6
431	-0.699101	200.226277	123.507437	0.002389	8.0
432	-0.674222	201.226277	122.951663	0.005325	7.9
433	-0.692713	200.841418	123.164965	0.004997	10.9
434	-0.658433	201.841418	122.612262	0.005313	4.3
435	-0.703441	202.841418	122.064498	0.004538	7.9
436	-0.700012	203.841418	121.521607	0.002796	6.0
437	-0.683896	204.754341	121.030188	0.003311	10.0
438	-0.680587	205.754341	120.496438	0.004238	9.5
439	-0.662630	206.754341	119.967375	0.002970	6.7
440	-0.685946	206.315739	120.198850	0.003974	6.3
441	-0.696485	207.315739	119.672391	0.005442	6.6
442	-0.685020	208.315739	119.150524	0.002485	6.2
443	-0.696641	209.315738	118.633188	0.004211	6.8
444	-0.682613	208.877179	118.859517	0.002870	6.0
445	-0.684830	208.438146	119.086956	0.003158	11.2
446	-0.705808	207.999113	119.315267	0.003607	7.4
447	-0.681504	207.560132	119.544429	0.001704	11.9
448	-0.659710	208.560128	119.023676	0.006016	10.1
449	-0.675522	209.560128	118.507439	0.004634	6.4
450	-0.677293	210.560128	117.995661	0.004682	9.4
451	-0.699214	211.560128	117.488284	0.003234	10.8
452	-0.670985	212.559064	116.985785	0.005847	9.1
453	-0.707002	213.559064	116.487037	0.002606	6.3
454	-0.702211	213.120031	116.705479	0.003750	6.4
455	-0.684611	214.120031	116.209114	0.004135	11.0
456	-0.687361	213.680998	116.426514	0.002488	6.8
457	-0.712886	213.245392	116.643022	0.002906	8.8
458	-0.697456	212.806394	116.862032	0.004073	7.9
459	-0.693881	213.228244	116.651561	0.003731	6.1
460	-0.723401	214.228244	116.155653	0.003109	9.8
461	-0.702255	215.228244	115.663944	0.003949	10.9
462	-0.713442	214.789211	115.879307	0.003466	8.5
463	-0.705988	214.409698	116.066121	0.003424	6.0
464	-0.699674	215.409689	115.575172	0.003833	6.1
465	-0.702554	215.041899	115.755255	0.003666	6.0
466	-0.678006	214.603537	115.970629	0.004021	6.7
467	-0.657698	214.164542	116.187118	0.002630	11.3
468	-0.680610	215.164521	115.695153	0.005253	8.0
469	-0.696102	216.164520	115.207327	0.004674	6.2
470	-0.690867	217.164520	114.723597	0.003906	6.0
471	-0.675102	218.164520	114.243912	0.002381	5.9
472	-0.698811	217.804138	114.416319	0.003067	11.3
473	-0.681503	217.365105	114.627057	0.004468	6.9
474	-0.704329	218.365105	114.148177	0.002976	7.5
475	-0.692055	219.365105	113.673282	0.004315	13.4
476	-0.715656	218.926093	113.881279	0.003215	10.5
477	-0.674564	218.487113	114.090023	0.002998	8.0
478	-0.701271	218.774646	113.953209	0.002206	6.1
479	-0.703202	219.774646	113.479932	0.004033	6.4
480	-0.678842	220.762502	113.016246	0.002530	7.2
481	-0.680039	220.323614	113.221785	0.002636	6.2
482	-0.691125	219.884584	113.428140	0.001892	6.0
483	-0.686062	220.881090	112.960837	0.002038	5.9
484	-0.709318	220.493170	113.142290	0.006112	6.5
485	-0.661618	221.493170	112.675711	0.003825	11.2
486	-0.681913	222.492034	112.213488	0.007212	10.0
487	-0.696294	222.053001	112.416182	0.002790	11.1
488	-0.719301	221.613968	112.619609	0.003562	9.2
489	-0.682049	221.175076	112.823709	0.005328	5.2
490	-0.712177	222.116146	112.386984	0.005789	3.8
491	-0.697599	223.116146	111.926601	0.003628	5.7
492	-0.695724	222.677113	112.128259	0.001436	9.2
493	-0.706511	223.637220	111.688198	0.003011	6.3
494	-0.690774	223.198189	111.888997	0.003040	8.8
495	-0.687901	224.198189	111.432676	0.003860	11.3
496	-0.726972	225.198187	110.980063	0.003187	8.6
497	-0.713352	226.197940	110.531222	0.004583	13.8
498	-0.680675	227.197940	110.085887	0.006096	10.1
499	-0.700340	228.197940	109.644126	0.003435	9.8
500	-0.722664	229.189915	109.209399	0.003705	2.5
501	-0.697437	228.814859	109.373359	0.002089	11.0
502	-0.686611	228.376165	109.565765	0.003448	10.8
503	-0.681440	227.937626	109.758781	0.003262	6.0
504	-0.683403	227.498593	109.952696	0.007314	11.2
505	-0.685556	228.493957	109.514036	0.004567	9.0
506	-0.672759	229.493957	109.076844	0.001881	4.1
507	-0.691209	229.054924	109.268355	0.004207	6.3
508	-0.674239	228.615901	109.460536	0.002828	7.7
509	-0.698779	228.416565	109.548018	0.001965	5.7
510	-0.703153	228.032435	109.716995	0.004194	8.1
511	-0.684549	227.593412	109.910758	0.002689	8.2
512	-0.692088	228.593412	109.470399	0.003929	7.6
513	-0.695596	229.579587	109.039570	0.003271	4.7
514	-0.680258	229.342514	109.142830	0.005780	7.3
515	-0.709020	230.342514	108.708590	0.003448	11.9
516	-0.699124	229.903481	108.898809	0.002767	7.5
517	-0.700118	229.884179	108.907188	0.003848	5.8
518	-0.687005	229.445146	109.098103	0.003359	5.9
519	-0.716375	230.444618	108.664447	0.004946	8.2
520	-0.690711	230.005585	108.854512	0.003558	11.4
521	-0.683903	231.005585	108.422559	0.003635	6.0
522	-0.661691	231.993701	107.999094	0.003402	6.2
523	-0.692669	231.556927	108.185868	0.003165	8.0
524	-0.691388	231.117894	108.374261	0.005118	6.3
525	-0.702870	232.117893	107.946104	0.002715	9.7
526	-0.720840	231.678860	108.133661	0.002936	11.8
527	-0.686993	232.666511	107.712643	0.004423	7.9
528	-0.671209	233.127337	107.517321	0.002493	5.9
529	-0.693784	234.127337	107.095895	0.003645	6.2
530	-0.689920	233.693483	107.278325	0.004349	5.5
531	-0.679487	234.693483	106.858767	0.004100	6.2
532	-0.683537	235.693483	106.442478	0.002748	7.9
533	-0.676820	236.693112	106.029572	0.006705	8.0
534	-0.676951	237.693106	105.619708	0.003760	7.9
535	-0.672220	238.692966	105.213055	0.004176	6.0
536	-0.687353	238.253933	105.391228	0.002283	11.6
537	-0.695539	237.814900	105.570005	0.006741	10.2
538	-0.691487	238.814900	105.163677	0.001975	15.5
539	-0.723971	238.375867	105.341683	0.005162	6.7
540	-0.673767	237.936899	105.520266	0.005223	7.3
541	-0.728060	237.497866	105.699482	0.002872	6.0
542	-0.726806	238.497866	105.292158	0.003658	6.2
543	-0.661596	238.058895	105.470574	0.005998	6.0
544	-0.696210	237.623554	105.648113	0.003239	5.9
545	-0.682367	238.622013	105.241809	0.004589	6.0
546	-0.683728	239.622013	104.837999	0.005949	5.9
547	-0.707598	240.622010	104.437277	0.003319	11.3
548	-0.706181	240.182977	104.612830	0.004284	5.0
549	-0.705061	241.178147	104.215743	0.002905	7.6
550	-0.677408	240.739114	104.390551	0.004599	11.8
551	-0.718671	241.739114	103.993235	0.006700	10.4
552	-0.710738	241.300081	104.167297	0.004155	5.1
553	-0.660418	240.861048	104.341942	0.006754	5.8
554	-0.674368	240.423411	104.516617	0.008378	6.0
555	-0.688368	241.423411	104.118342	0.003662	6.1
556	-0.700359	240.984378	104.292823	0.002577	9.6
557	-0.676688	240.545350	104.467888	0.003734	8.0
558	-0.694046	241.536975	104.073304	0.002747	12.6
559	-0.681444	241.097942	104.247634	0.002839	11.1
560	-0.697103	240.661736	104.421421	0.002405	12.4
561	-0.689635	241.661628	104.023913	0.003531	3.3
562	-0.687992	242.659112	103.630366	0.002643	6.4
563	-0.697031	243.659081	103.238817	0.004285	6.0
564	-0.676566	244.659081	102.850203	0.001818	6.2
565	-0.695193	244.220048	103.020456	0.007365	9.7
566	-0.693587	245.220048	102.633481	0.002989	6.9
567	-0.715230	246.220048	102.249403	0.004869	7.1
568	-0.685143	247.220048	101.868188	0.002350	5.8
569	-0.720727	248.220048	101.489806	0.004365	5.8
570	-0.690876	247.781015	101.655581	0.003542	10.5
571	-0.715111	248.781015	101.278774	0.004474	6.4
572	-0.687748	248.341982	101.443860	0.004749	11.0
573	-0.691646	247.902949	101.609486	0.002762	8.2
574	-0.693006	247.482274	101.768694	0.004893	8.8
575	-0.711508	247.043250	101.935379	0.002437	11.2
576	-0.687200	248.043250	101.556498	0.004025	11.3
577	-0.681085	249.043247	101.180424	0.003803	9.2
578	-0.681039	250.043247	100.807125	0.003190	5.9
579	-0.674127	251.043206	100.436584	0.005380	6.0
580	-0.709990	252.043206	100.068743	0.004700	7.9
581	-0.694626	253.043206	99.703586	0.002312	10.4
582	-0.697306	254.043206	99.341084	0.001781	9.0
583	-0.700750	254.971004	99.007106	0.004375	13.9
584	-0.680159	254.531971	99.164864	0.002944	11.1
585	-0.668786	255.333298	98.877300	0.003801	8.9
586	-0.693575	255.070600	98.971387	0.001992	10.6
587	-0.691558	254.631567	99.129032	0.002217	11.1
588	-0.683117	255.513020	98.813034	0.004951	11.7
589	-0.676914	256.512090	98.457297	0.004603	6.4
590	-0.705845	257.512090	98.103786	0.004953	8.7
591	-0.705545	257.073057	98.258676	0.004299	12.6
592	-0.676667	258.073057	97.906586	0.003633	7.8
593	-0.698582	259.073057	97.557011	0.001681	11.2
594	-0.707238	260.038069	97.222026	0.003393	11.7
595	-0.706263	259.766127	97.316192	0.003932	17.0
596	-0.683574	259.327094	97.468604	0.004433	9.3
597	-0.700669	260.327094	97.122144	0.006357	10.6
598	-0.712116	261.327094	96.778138	0.001687	11.4
599	-0.683585	261.695166	96.652131	0.003925	5.8
600	-0.677091	261.259816	96.801205	0.004075	6.5
601	-0.685482	262.259815	96.459466	0.004473	6.8
602	-0.679801	263.259815	96.120130	0.005627	12.7
603	-0.690686	262.820782	96.268815	0.006336	12.5
604	-0.698553	262.381749	96.417961	0.003248	10.0
605	-0.703315	263.381749	96.078917	0.004303	5.5
606	-0.696369	262.942716	96.227474	0.004419	5.3
607	-0.702357	263.942716	95.889766	0.002237	7.1
608	-0.699254	264.942716	95.554420	0.006149	8.8
609	-0.702618	264.503683	95.701359	0.004496	10.0
610	-0.681311	264.064650	95.848750	0.005139	11.1
611	-0.666903	265.064650	95.513690	0.004732	10.3
612	-0.702448	266.064650	95.180965	0.003278	10.6
613	-0.714752	267.064650	94.850549	0.006031	11.6
614	-0.696000	266.625617	94.995330	0.002912	6.2
615	-0.692400	266.187676	95.140191	0.003991	11.5
616	-0.689856	267.187676	94.810058	0.003716	6.4
617	-0.725253	268.187676	94.482209	0.003275	11.6
618	-0.673055	269.187676	94.156619	0.003555	10.8
619	-0.684398	270.187676	93.833265	0.005568	6.9
620	-0.723246	269.748643	93.974954	0.004039	6.3
621	-0.682819	270.674667	93.676597	0.005096	11.2
622	-0.671238	271.564084	93.391814	0.006015	7.0
623	-0.713391	271.125438	93.532048	0.002454	9.8
624	-0.742092	272.125290	93.213009	0.002717	7.9
625	-0.700432	271.686257	93.352830	0.003856	11.9
626	-0.715567	272.522522	93.086861	0.002299	6.1
627	-0.667291	273.522522	92.770801	0.004903	11.3
628	-0.715448	273.083527	92.909285	0.005813	9.8
629	-0.697723	272.644494	93.048196	0.004781	5.8
630	-0.650585	273.409557	92.806397	0.005020	12.8
631	-0.697198	274.409549	92.492238	0.004342	8.4
632	-0.708771	275.409549	92.180196	0.004237	8.3
633	-0.684136	275.818819	92.053093	0.005396	11.5
634	-0.706388	276.818819	91.744002	0.006468	11.3
635	-0.716548	277.818819	91.436980	0.004069	7.0
636	-0.714345	277.379786	91.571520	0.001853	8.8
637	-0.721290	276.944473	91.705310	0.003982	10.9
638	-0.707187	277.652264	91.487973	0.002904	5.8
639	-0.719924	277.217146	91.621460	0.004390	6.1
640	-0.692738	276.778113	91.756543	0.003873	5.6
641	-0.694586	277.778113	91.449437	0.003465	6.6
642	-0.710780	278.778093	91.144386	0.004781	16.3
643	-0.700487	279.778093	90.841358	0.003028	1.5
644	-0.688737	280.778093	90.540337	0.001924	10.9
645	-0.705437	281.754666	90.248288	0.001923	10.0
646	-0.684264	281.349738	90.369155	0.002949	8.3
647	-0.705407	280.921556	90.497316	0.003666	6.4
648	-0.676372	281.921556	90.198567	0.003887	10.2
649	-0.703233	282.921556	89.901785	0.002064	6.0
650	-0.697050	282.483234	90.031630	0.003123	6.0
651	-0.691926	283.483234	89.735944	0.007427	6.1
652	-0.687201	283.269032	89.799117	0.002667	11.2
653	-0.698893	282.829999	89.928876	0.004285	2.3
654	-0.681898	282.390966	90.059011	0.005628	11.2
655	-0.700721	281.951933	90.189523	0.004086	6.2
656	-0.680249	281.512900	90.320414	0.003241	11.2
657	-0.673198	281.073867	90.451685	0.002718	6.1
658	-0.686231	280.634885	90.583324	0.006185	11.1
659	-0.687763	280.195853	90.715360	0.003418	6.3
660	-0.720545	280.025645	90.766653	0.003039	5.7
661	-0.730663	281.025645	90.466127	0.003318	11.3
662	-0.701053	282.025645	90.167584	0.002023	4.9
663	-0.676636	281.586862	90.298337	0.001515	6.8
664	-0.698510	281.177680	90.420611	0.004773	10.8
665	-0.699292	280.745961	90.549979	0.005670	11.4
666	-0.714137	280.306928	90.681919	0.002275	9.8
667	-0.703244	279.868550	90.814046	0.006932	10.7
668	-0.688826	280.423581	90.646824	0.002719	5.9
669	-0.732842	279.984548	90.779047	0.002369	17.9
670	-0.692389	279.552263	90.909614	0.002316	1.9
671	-0.703114	280.549507	90.608970	0.004021	6.7
672	-0.683512	281.549507	90.309486	0.005517	6.2
673	-0.694427	281.110474	90.440725	0.006823	6.0
674	-0.674625	282.110467	90.142352	0.005185	6.0
675	-0.711774	283.110467	89.845938	0.004245	11.6
676	-0.679053	282.671434	89.975833	0.005405	13.0
677	-0.677102	283.671434	89.680512	0.007171	13.2
678	-0.685634	283.232401	89.809929	0.003490	5.1
679	-0.692644	284.232401	89.515694	0.005486	10.4
680	-0.697400	283.793368	89.644635	0.008204	8.4
681	-0.685671	284.793368	89.351481	0.004226	6.3
682	-0.693720	284.354335	89.479949	0.004284	10.8
683	-0.700542	285.354335	89.187869	0.002887	11.5
684	-0.697178	284.915307	89.315865	0.004143	11.1
685	-0.711365	285.915307	89.024854	0.003376	4.4
686	-0.687968	286.915239	88.735752	0.004369	5.9
687	-0.699034	286.476738	88.862301	0.005750	9.6
688	-0.702433	287.476738	88.574233	0.002472	6.2
689	-0.659150	287.037705	88.700474	0.003802	9.7
690	-0.721546	288.037538	88.413500	0.003571	6.7
691	-0.702828	287.598505	88.539283	0.006001	9.1
692	-0.681350	287.335155	88.614905	0.003837	12.2
693	-0.700177	288.335155	88.328436	0.003751	7.5
694	-0.706011	288.247294	88.353531	0.003532	9.8
695	-0.696387	289.246885	88.068863	0.004063	6.5
696	-0.707518	288.807856	88.193665	0.004821	6.0
697	-0.686289	288.368823	88.318823	0.003037	7.6
698	-0.675880	289.368823	88.034262	0.003803	11.3
699	-0.675419	288.929790	88.158968	0.005250	6.5
700	-0.707893	289.798390	87.912587	0.003417	7.2
701	-0.709458	290.798390	87.630633	0.002999	11.2
702	-0.699757	291.798390	87.350483	0.002434	11.5
703	-0.698234	291.379087	87.467732	0.001340	9.2
704	-0.686493	292.287327	87.214158	0.004532	5.9
705	-0.675288	291.860141	87.333242	0.005866	11.0
706	-0.688829	292.860141	87.054987	0.003398	7.4
707	-0.691854	293.860141	86.778499	0.001842	11.8
708	-0.709885	294.829028	86.512283	0.003820	6.4
709	-0.702384	294.390050	86.632696	0.003115	6.4
710	-0.676934	295.109650	86.435483	0.002106	11.5
711	-0.668566	296.102760	86.164782	0.003709	11.8
712	-0.703756	297.098203	85.895142	0.006000	6.3
713	-0.691880	298.098203	85.625961	0.003508	6.3
714	-0.674760	299.098203	85.358462	0.005983	6.5
715	-0.682475	298.659170	85.475697	0.003726	7.7
716	-0.691113	298.220137	85.593254	0.002517	9.2
717	-0.653530	299.220137	85.325959	0.002880	7.0
718	-0.706162	300.199656	85.065752	0.005198	6.2
719	-0.707816	299.760636	85.182180	0.004321	6.1
720	-0.685078	300.683197	84.937885	0.002882	6.0
721	-0.719629	300.244164	85.053966	0.002357	7.5
722	-0.674747	299.805132	85.170366	0.005441	9.9
723	-0.712397	299.366099	85.287084	0.002880	10.9
724	-0.692304	298.927139	85.404103	0.004140	7.1
725	-0.693814	299.927139	85.137986	0.004171	11.5
726	-0.690293	300.927139	84.873523	0.002646	6.5
727	-0.680859	301.927137	84.610698	0.006763	11.2
728	-0.691877	301.488104	84.725886	0.002088	14.4
729	-0.694460	301.049071	84.841388	0.005600	9.6
730	-0.675265	300.610038	84.957206	0.002515	11.4
731	-0.651847	300.181380	85.070593	0.005355	4.8
732	-0.683341	301.181380	84.806547	0.005530	5.8
733	-0.693501	300.742347	84.922270	0.004764	10.1
734	-0.695203	301.741539	84.659354	0.005985	6.3
735	-0.693211	301.341211	84.764496	0.004248	9.3
736	-0.718836	302.341211	84.502344	0.005896	6.7
737	-0.681528	303.268503	84.260698	0.004796	11.1
738	-0.709272	304.268503	84.001648	0.004202	7.8
739	-0.690936	303.829470	84.115183	0.004251	6.4
740	-0.676164	303.390437	84.229025	0.002498	6.6
741	-0.691542	304.390367	83.970188	0.002587	6.8
742	-0.681557	305.389984	83.713017	0.002229	6.1
743	-0.705068	304.952448	83.825388	0.003812	12.0
744	-0.680386	305.815462	83.604032	0.002089	10.4
745	-0.714042	305.376429	83.716494	0.003265	11.5
746	-0.696012	305.301585	83.735696	0.004469	10.0
747	-0.728261	306.301585	83.479860	0.003746	8.7
748	-0.715111	305.862552	83.591987	0.006880	6.6
749	-0.700368	305.423519	83.704417	0.004144	11.1
750	-0.702823	306.423518	83.448772	0.006252	10.1
751	-0.701749	307.423518	83.194683	0.003957	11.7
752	-0.666903	308.423518	82.942136	0.006625	11.4
753	-0.702068	309.423518	82.691119	0.002812	6.1
754	-0.698920	308.987479	82.800385	0.006753	6.5
755	-0.703361	308.845581	82.836006	0.001887	7.1
756	-0.708834	309.845549	82.585637	0.006103	11.1
757	-0.671469	309.406516	82.695374	0.004291	11.4
758	-0.683895	310.406516	82.445845	0.002428	9.6
759	-0.668068	311.406516	82.197818	0.003100	11.7
760	-0.697802	312.406068	81.951389	0.003177	10.6
761	-0.703489	311.973199	82.057927	0.006352	12.0
762	-0.688778	311.614882	82.146325	0.003668	7.9
763	-0.666681	311.175849	82.254897	0.003419	12.8
764	-0.695986	310.736816	82.363757	0.004153	11.3
765	-0.686317	311.736816	82.116222	0.002810	5.3
766	-0.702240	311.297783	82.224715	0.002558	6.1
767	-0.692097	312.297782	81.978014	0.003164	6.7
768	-0.690564	313.276144	81.738080	0.005239	8.7
769	-0.729243	312.837124	81.845572	0.004331	11.6
770	-0.681084	313.837124	81.601138	0.004589	1.8
771	-0.695291	313.398091	81.708272	0.005610	1.7
772	-0.702915	314.398091	81.464657	0.007460	12.1
773	-0.676556	315.398091	81.222489	0.002777	11.3
774	-0.692035	314.959058	81.328631	0.003924	6.6
775	-0.696258	315.959058	81.087271	0.003630	5.9
776	-0.703828	315.520420	81.192964	0.002458	10.5
777	-0.701543	316.520420	80.952407	0.003295	8.9
778	-0.675871	316.081387	81.057844	0.002715	6.2
779	-0.713029	315.642354	81.163555	0.005850	11.9
780	-0.659981	316.642354	80.923172	0.002839	6.7
781	-0.724994	317.639897	80.684794	0.003265	8.4
782	-0.680135	318.639870	80.447241	0.004231	6.1
783	-0.678227	319.639870	80.211076	0.004818	10.4
784	-0.701797	319.200837	80.314589	0.003038	9.5
785	-0.708938	318.761804	80.418370	0.003733	4.5
786	-0.714051	318.324871	80.521921	0.004795	7.9
787	-0.707858	319.324871	80.285318	0.004816	11.5
788	-0.668608	320.324871	80.050101	0.002339	10.2
789	-0.689000	319.885839	80.153199	0.003356	9.2
790	-0.702866	319.446892	80.256542	0.003436	6.9
791	-0.679685	319.007859	80.360173	0.004689	5.6
792	-0.708073	320.007859	80.124518	0.004143	10.4
793	-0.677689	319.568826	80.227808	0.003113	7.1
794	-0.701366	320.568826	79.992928	0.004088	11.5
795	-0.691583	320.129793	80.095878	0.002637	11.4
796	-0.683778	321.129793	79.861769	0.004705	7.9
797	-0.711179	322.119124	79.631499	0.003175	6.0
798	-0.695657	323.119124	79.400093	0.004202	6.8
799	-0.675306	324.119124	79.170027	0.002842	10.9
800	-0.674388	325.119124	78.941291	0.003600	6.2
801	-0.699641	326.114245	78.714979	0.005379	5.8
802	-0.698418	327.114245	78.488860	0.006215	6.0
803	-0.702733	328.114245	78.264038	0.004549	5.0
804	-0.697461	329.114245	78.040499	0.003416	12.0
805	-0.687220	328.740480	78.123900	0.003977	6.8
806	-0.697122	328.927785	78.082083	0.003662	11.1
807	-0.703959	328.490024	78.179886	0.001828	6.3
808	-0.670605	328.051019	78.278214	0.003369	5.9
809	-0.680613	329.048348	78.055190	0.004725	16.6
810	-0.671751	328.609315	78.153210	0.002737	7.0
811	-0.704293	329.609224	77.930324	0.003915	5.7
812	-0.687164	329.170206	78.028027	0.003042	7.1
813	-0.701189	330.069345	77.828186	0.002796	7.9
814	-0.699998	331.069155	77.607169	0.006913	8.0
815	-0.689198	331.043448	77.612836	0.004313	6.8
816	-0.687718	330.604415	77.709748	0.001655	9.0
817	-0.690832	330.165493	77.806877	0.002076	5.8
818	-0.713141	329.762322	77.896309	0.002495	4.4
819	-0.714035	329.335486	77.991215	0.002528	12.3
820	-0.697708	330.308590	77.775184	0.001568	9.4
821	-0.709047	331.294081	77.557620	0.002760	6.2
822	-0.718751	332.291910	77.338568	0.002831	6.1
823	-0.694913	331.853208	77.434723	0.004414	11.0
824	-0.705717	332.853164	77.215900	0.003356	9.4
825	-0.707657	332.414391	77.311765	0.002517	4.4
826	-0.698127	331.975358	77.407926	0.005682	11.2
827	-0.705437	331.536326	77.504326	0.005941	6.5
828	-0.706175	331.097293	77.600967	0.002514	13.0
829	-0.676664	332.097293	77.381195	0.005303	8.0
830	-0.669710	331.658260	77.477528	0.005159	6.1
831	-0.678579	331.219227	77.574102	0.004847	6.2
832	-0.709932	332.219227	77.354482	0.006029	11.0
833	-0.692768	331.796954	77.447070	0.004368	8.3
834	-0.711239	332.796954	77.228167	0.002572	6.4
835	-0.703020	332.357921	77.324120	0.002393	7.4
836	-0.694827	332.931381	77.198835	0.004441	6.3
837	-0.693512	333.931380	76.981332	0.002673	5.8
838	-0.689307	333.492347	77.076672	0.005468	13.9
839	-0.673942	333.053314	77.172248	0.005299	7.8
840	-0.660240	334.053314	76.954895	0.004051	10.3
841	-0.704279	333.828844	77.003577	0.006156	5.6
842	-0.714909	334.828844	76.787171	0.003785	11.1
843	-0.719694	335.828844	76.571978	0.004042	8.6
844	-0.671427	336.828844	76.357987	0.005585	7.3
845	-0.686101	336.389811	76.451789	0.004580	6.3
846	-0.679897	335.950778	76.545821	0.004043	11.2
847	-0.685935	336.950778	76.331976	0.005730	14.2
848	-0.687891	336.511745	76.425714	0.005005	10.8
849	-0.697138	336.072712	76.519682	0.003992	11.7
850	-0.708751	337.072712	76.305983	0.004141	7.9
851	-0.703853	336.633679	76.399657	0.003383	10.1
852	-0.705960	337.633678	76.186627	0.005905	6.3
853	-0.682587	337.194647	76.280008	0.002873	11.5
854	-0.680744	338.194647	76.067644	0.004118	10.8
855	-0.699990	337.755615	76.160732	0.002184	10.4
856	-0.692888	338.697258	75.961353	0.003844	11.0
857	-0.717308	339.697258	75.750757	0.003373	6.7
858	-0.710608	339.295369	75.835253	0.003809	10.4
859	-0.689084	340.295366	75.625355	0.002901	6.3
860	-0.715872	339.856333	75.717364	0.006069	12.9
861	-0.708503	339.417300	75.809597	0.001920	11.8
862	-0.681166	340.417300	75.599841	0.003525	9.6
863	-0.705235	341.415935	75.391526	0.002741	10.1
864	-0.712713	342.172234	75.234525	0.003118	2.9
865	-0.679148	343.172234	75.027934	0.004739	5.8
866	-0.687429	342.733201	75.118494	0.002963	5.9
867	-0.720168	342.294168	75.209273	0.006307	10.6
868	-0.699486	341.855135	75.300272	0.003793	5.8
869	-0.707188	342.855135	75.093321	0.002541	7.4
870	-0.705203	342.417136	75.183825	0.003007	6.6
871	-0.672772	343.414709	74.978012	0.006141	9.3
872	-0.677488	342.977381	75.068100	0.005152	11.9
873	-0.698860	342.538348	75.158757	0.004139	6.3
874	-0.694880	343.538330	74.952585	0.003559	9.7
875	-0.686365	344.538267	74.747551	0.006751	6.1
876	-0.709564	344.099234	74.837435	0.005271	6.3
877	-0.704616	345.099234	74.633017	0.006156	11.0
878	-0.713781	344.660201	74.722626	0.003588	8.1
879	-0.705017	344.221168	74.812450	0.003365	5.8
880	-0.674393	343.782135	74.902490	0.005795	5.9
881	-0.689835	344.779822	74.698189	0.003798	6.0
882	-0.707113	344.340789	74.787955	0.003441	6.4
883	-0.655912	345.340503	74.583864	0.003011	5.9
884	-0.702903	344.949810	74.663491	0.006525	9.6
885	-0.715199	344.510777	74.753173	0.002870	12.7
886	-0.700448	345.192131	74.614084	0.006238	6.2
887	-0.700043	346.192131	74.410882	0.006857	6.1
888	-0.677873	345.753098	74.499958	0.005686	11.7
889	-0.705475	346.753098	74.297376	0.003542	6.1
890	-0.686949	347.753098	74.095894	0.004302	8.3
891	-0.681035	347.314065	74.184217	0.006621	8.0
892	-0.671948	346.875032	74.272750	0.004345	10.9
893	-0.700682	346.435999	74.361495	0.001063	7.5
894	-0.683307	346.165375	74.416305	0.003110	6.6
895	-0.694775	345.844154	74.481466	0.003668	10.9
896	-0.681082	345.405121	74.570711	0.003436	8.5
897	-0.693173	344.966797	74.660025	0.003846	7.6
898	-0.688034	345.966797	74.456574	0.002040	8.4
899	-0.682987	346.435409	74.361615	0.002117	6.1
900	-0.671745	346.999743	74.247580	0.003967	9.8
901	-0.706145	347.700815	74.106401	0.004285	6.4
902	-0.684929	348.700815	73.905951	0.004280	7.7
903	-0.736419	348.261782	73.993821	0.003408	11.1
904	-0.668781	349.261782	73.793979	0.002994	8.5
905	-0.682750	350.078952	73.631474	0.003687	6.4
906	-0.727181	351.076861	73.433995	0.004846	6.7
907	-0.697320	350.637828	73.520746	0.003494	6.5
908	-0.694544	351.565826	73.337618	0.005660	9.9
909	-0.697389	351.800005	73.291550	0.003150	8.5
910	-0.688355	351.360972	73.377965	0.003961	9.6
911	-0.703956	350.921939	73.464583	0.005080	7.1
912	-0.694567	351.910828	73.269769	0.004367	7.0
913	-0.681836	351.471795	73.356133	0.002236	8.0
914	-0.705117	351.032762	73.442700	0.003843	11.5
915	-0.712841	352.032762	73.245820	0.002903	7.7
916	-0.676288	351.593729	73.332126	0.003738	6.2
917	-0.743086	351.154697	73.418636	0.002906	10.8
918	-0.711280	352.154697	73.221885	0.003770	9.5
919	-0.690877	353.154697	73.026186	0.004977	7.8
920	-0.670683	354.154697	72.831529	0.005996	6.2
921	-0.679166	353.715664	72.916862	0.001302	6.7
922	-0.709179	353.276631	73.002395	0.003146	8.6
923	-0.706115	352.858802	73.083983	0.003676	5.8
924	-0.692313	352.419769	73.169909	0.002714	6.7
925	-0.694671	351.980802	73.256023	0.005332	5.7
926	-0.693244	351.541769	73.342354	0.006288	6.2
927	-0.707415	351.102736	73.428889	0.002701	5.8
928	-0.668944	350.663703	73.515627	0.003198	11.2
929	-0.670666	351.663703	73.318357	0.004289	6.6
930	-0.692607	351.224670	73.404835	0.003262	6.1
931	-0.697847	352.224670	73.208157	0.002047	11.5
932	-0.703204	353.127564	73.031482	0.002846	4.1
933	-0.672814	352.688544	73.117281	0.004944	12.0
934	-0.699239	353.688544	72.922140	0.006643	7.2
935	-0.689051	353.249511	73.007685	0.002906	7.1
936	-0.706345	354.249511	72.813127	0.003520	6.2
937	-0.687284	353.810478	72.898417	0.004408	2.9
938	-0.698131	353.371445	72.983906	0.006646	7.1
939	-0.687121	354.371445	72.789475	0.005481	7.5
940	-0.677887	355.371445	72.596077	0.003643	5.9
941	-0.683464	356.371445	72.403704	0.006261	10.0
942	-0.691429	355.932412	72.488036	0.003515	12.9
943	-0.714660	356.932412	72.296235	0.001884	11.4
944	-0.704092	357.932405	72.105447	0.003563	6.2
945	-0.711672	358.727294	71.954507	0.003233	6.1
946	-0.661311	359.725920	71.765774	0.005187	9.1
947	-0.710554	359.286887	71.848626	0.002076	11.1
948	-0.695667	358.847854	71.931670	0.002875	6.4
949	-0.694155	359.847723	71.742822	0.003857	6.2
950	-0.668826	359.408690	71.825621	0.004398	11.2
951	-0.676764	360.408690	71.637304	0.003210	6.0
952	-0.692907	361.408689	71.449973	0.002702	11.4
953	-0.688432	362.408689	71.263618	0.002546	10.3
954	-0.681880	362.045234	71.331237	0.004529	8.0
955	-0.719675	361.606201	71.413088	0.002149	6.4
956	-0.721285	361.167168	71.495127	0.005260	9.6
957	-0.686788	362.167167	71.308538	0.003766	8.0
958	-0.713508	361.728134	71.390337	0.004156	11.2
959	-0.681407	362.728134	71.204293	0.004947	5.9
960	-0.686741	362.289101	71.285853	0.003580	6.8
961	-0.723067	361.850108	71.367592	0.003092	6.8
962	-0.708178	361.411075	71.449527	0.005276	5.9
963	-0.691326	362.411075	71.263174	0.003087	6.4
964	-0.718832	363.411075	71.077792	0.002593	8.6
965	-0.691219	364.411075	70.893371	0.002910	11.0
966	-0.691805	363.975202	70.973637	0.004474	5.6
967	-0.707927	364.967336	70.791199	0.002752	6.0
968	-0.710312	364.528303	70.871814	0.004263	6.5
969	-0.674020	365.528303	70.688460	0.006937	11.9
970	-0.694093	366.528303	70.506051	0.003184	10.4
971	-0.673500	367.528303	70.324582	0.003869	7.5
972	-0.702143	368.528303	70.144044	0.002172	5.9
973	-0.691861	369.528303	69.964431	0.004366	5.9
974	-0.693176	369.089279	70.043172	0.001768	11.0
975	-0.694804	370.089279	69.864074	0.003356	7.5
976	-0.705573	370.072284	69.867110	0.002567	11.6
977	-0.668728	371.072120	69.688940	0.003740	3.8
978	-0.666334	372.072049	69.511659	0.002355	9.8
979	-0.684710	371.633016	69.589386	0.003463	6.5
980	-0.701350	371.198067	69.666560	0.003388	11.6
981	-0.674829	370.759034	69.744634	0.005429	6.2
982	-0.680039	371.759034	69.567058	0.004902	5.9
983	-0.720264	371.320001	69.644908	0.004078	9.3
984	-0.709434	371.926846	69.537347	0.005090	6.0
985	-0.677422	371.487813	69.615131	0.004169	5.8
986	-0.705149	372.487813	69.438212	0.003404	10.9
987	-0.696521	372.048780	69.515774	0.005499	5.7
988	-0.696475	373.048780	69.339360	0.005034	10.4
989	-0.670803	372.609747	69.416702	0.003622	10.5
990	-0.687351	373.609747	69.240789	0.006659	5.8
991	-0.694294	374.609747	69.065766	0.005646	6.0
992	-0.708432	375.609747	68.891626	0.004637	5.9
993	-0.683354	376.609747	68.718362	0.007219	12.5
994	-0.700771	376.170714	68.794323	0.005561	1.9
995	-0.685012	375.731681	68.870452	0.001747	11.2
996	-0.682118	375.292648	68.946751	0.002934	6.3
997	-0.715604	376.291198	68.773460	0.006223	6.7
998	-0.697111	375.852227	68.849533	0.002867	6.6
999	-0.700817	376.813727	68.683126	0.003122	5.9
1000	-0.705412	376.374694	68.759009	0.002722	5.9
1001	-0.697514	377.374692	68.586411	0.003464	6.4
1002	-0.689737	378.374690	68.414677	0.002616	11.5
1003	-0.703759	379.374690	68.243800	0.003839	5.6
1004	-0.696954	380.374690	68.073775	0.005395	5.8
1005	-0.670237	381.373285	67.904832	0.003142	9.0
1006	-0.695160	382.373284	67.736490	0.001856	6.3
1007	-0.697096	381.934254	67.810294	0.005640	6.3
1008	-0.666246	382.934254	67.642420	0.007053	6.3
1009	-0.703203	383.934254	67.475374	0.002870	7.1
1010	-0.669394	383.495222	67.548611	0.007189	6.6
1011	-0.698642	384.495222	67.382028	0.004022	6.4
1012	-0.701577	385.495222	67.216264	0.006191	5.9
1013	-0.686070	385.056189	67.288940	0.003516	6.1
1014	-0.687068	386.056168	67.123637	0.004328	6.0
1015	-0.714792	387.056166	66.959141	0.001973	11.1
1016	-0.691160	386.617135	67.031261	0.002833	6.0
1017	-0.682564	386.178166	67.103525	0.002761	10.8
1018	-0.691237	387.172319	66.940086	0.003338	6.1
1019	-0.706331	388.172319	66.776488	0.004514	12.5
1020	-0.674507	389.172319	66.613687	0.003866	7.0
1021	-0.685611	388.733286	66.685064	0.003304	8.0
1022	-0.683755	388.294253	66.756594	0.004251	5.9
1023	-0.700594	389.294253	66.593890	0.001574	5.9
1024	-0.681252	388.862090	66.664107	0.002113	5.9
1025	-0.705644	388.472329	66.727562	0.004062	6.8
1026	-0.699263	389.455581	66.567716	0.003738	6.5
1027	-0.708477	390.455579	66.405930	0.002818	5.8
1028	-0.717427	391.454631	66.245081	0.002093	7.4
1029	-0.714767	391.035859	66.312409	0.003971	7.8
1030	-0.678580	390.596826	66.383141	0.003467	7.5
1031	-0.718556	390.175492	66.451165	0.006241	2.7
1032	-0.717812	389.736459	66.522194	0.002753	10.8
1033	-0.675251	390.736326	66.360650	0.004912	3.4
1034	-0.687505	390.297293	66.431486	0.002619	2.0
1035	-0.673729	391.297293	66.270361	0.002709	5.0
1036	-0.660500	392.297291	66.110016	0.004087	11.9
1037	-0.704325	393.297291	65.950444	0.003224	5.5
1038	-0.677935	392.858258	66.020406	0.005414	6.2
1039	-0.683574	392.419225	66.090517	0.004133	5.9
1040	-0.693111	391.980210	66.160774	0.006026	6.0
1041	-0.709450	392.968610	66.002807	0.003830	12.0
1042	-0.705869	393.968610	65.843752	0.002778	9.7
1043	-0.686252	394.968610	65.685462	0.002551	5.8
1044	-0.697008	395.967917	65.528040	0.001988	5.9
1045	-0.714928	395.927809	65.534344	0.006135	6.1
1046	-0.706381	396.927808	65.377536	0.003993	8.1
1047	-0.684484	396.489600	65.446158	0.002285	5.9
1048	-0.703202	396.352614	65.467639	0.002462	10.0
1049	-0.693227	395.971099	65.527540	0.003887	2.8
1050	-0.663895	396.964354	65.371820	0.004547	6.0
1051	-0.705383	397.964354	65.215788	0.003920	9.9
1052	-0.692672	398.964354	65.060499	0.005124	12.0
1053	-0.685140	398.652739	65.108810	0.007602	15.3
1054	-0.675231	399.652739	64.954029	0.003527	9.9
1055	-0.670258	400.652739	64.799983	0.002990	6.9
1056	-0.680813	401.652719	64.646669	0.003603	8.8
1057	-0.683429	401.213686	64.713891	0.004681	6.8
1058	-0.699670	402.213686	64.560980	0.003870	11.6
1059	-0.696136	403.213686	64.408790	0.002700	7.4
1060	-0.709492	402.777543	64.475079	0.003227	8.0
1061	-0.692869	403.648234	64.342880	0.002929	6.5
1062	-0.699387	404.648234	64.191715	0.004722	6.1
1063	-0.674165	405.648234	64.041260	0.004335	7.3
1064	-0.669040	406.648234	63.891507	0.004361	6.5
1065	-0.699133	406.209201	63.957167	0.004968	11.7
1066	-0.698198	407.209201	63.807808	0.003680	9.4
1067	-0.725796	408.209201	63.659144	0.003217	6.1
1068	-0.716591	407.770169	63.724327	0.005449	6.1
1069	-0.683563	407.331136	63.789643	0.004457	9.8
1070	-0.693453	406.892103	63.855094	0.003679	6.4
1071	-0.659213	407.892103	63.706210	0.007080	7.6
1072	-0.694473	408.892103	63.558019	0.003349	11.2
1073	-0.682110	408.453070	63.622995	0.005076	11.7
1074	-0.682080	409.453038	63.475195	0.003214	6.9
1075	-0.724079	409.014005	63.540001	0.006760	11.0
1076	-0.703641	410.002046	63.394340	0.003428	9.4
1077	-0.700346	411.002046	63.247595	0.002453	6.0
1078	-0.698704	412.002046	63.101527	0.003920	11.9
1079	-0.683341	411.563015	63.165572	0.004924	12.1
1080	-0.689453	412.563015	63.019883	0.003510	5.3
1081	-0.688818	413.563015	62.874864	0.003112	11.2
1082	-0.675989	413.123982	62.938450	0.003567	4.3
1083	-0.706619	413.862629	62.831544	0.004318	12.2
1084	-0.709889	413.423596	62.895042	0.004093	4.7
1085	-0.708992	414.423596	62.750596	0.003083	6.2
1086	-0.683926	413.984563	62.813931	0.004204	6.1
1087	-0.715696	413.918303	62.823501	0.006107	16.5
1088	-0.684385	413.479270	62.886983	0.003059	2.0
1089	-0.711056	414.479270	62.742574	0.001380	7.0
1090	-0.673861	414.413333	62.752075	0.004073	7.9
1091	-0.691691	415.284042	62.626839	0.003677	6.2
1092	-0.705088	416.284042	62.483621	0.002273	9.8
1093	-0.698711	415.845009	62.546418	0.002767	6.5
1094	-0.681314	416.807216	62.408954	0.005262	8.0
1095	-0.685246	416.368183	62.471600	0.003000	7.9
1096	-0.703111	415.929150	62.534373	0.002188	7.9
1097	-0.684873	415.490121	62.597271	0.004124	11.6
1098	-0.685423	415.051088	62.660296	0.002482	5.2
1099	-0.659960	416.051088	62.516926	0.006082	11.4
1100	-0.681061	415.612055	62.579789	0.003010	4.4
1101	-0.667951	416.612055	62.436786	0.005301	11.1
1102	-0.699044	416.173022	62.499489	0.006031	5.0
1103	-0.699062	417.173022	62.356852	0.005358	6.0
1104	-0.684803	416.733989	62.419394	0.004683	11.4
1105	-0.703197	416.342994	62.475198	0.002454	9.6
1106	-0.724190	417.342994	62.332673	0.003979	5.8
1107	-0.676843	416.903965	62.395165	0.003554	10.9
1108	-0.715772	417.903965	62.253004	0.002818	2.9
1109	-0.683713	418.887348	62.113835	0.004300	6.6
1110	-0.693541	418.448492	62.175866	0.002193	16.2
1111	-0.682143	419.448478	62.034703	0.003987	1.7
1112	-0.712239	420.448466	61.894179	0.005946	6.0
1113	-0.676942	420.009433	61.955796	0.005032	6.1
1114	-0.709980	419.570400	62.017535	0.004727	7.9
1115	-0.684805	420.570400	61.877088	0.002685	7.9
1116	-0.695311	421.570400	61.737275	0.003181	6.7
1117	-0.694126	421.131389	61.798576	0.002776	9.4
1118	-0.688286	420.692356	61.860003	0.003770	6.9
1119	-0.699919	421.692351	61.720268	0.005261	6.5
1120	-0.716165	421.253318	61.781538	0.001859	6.5
1121	-0.706140	422.253318	61.642156	0.003567	6.0
1122	-0.725103	423.253318	61.503402	0.002379	7.3
1123	-0.694388	422.814295	61.564241	0.002953	6.6
1124	-0.694832	422.797344	61.566593	0.003883	11.3
1125	-0.683931	422.358311	61.627559	0.004153	6.7
1126	-0.678934	423.358311	61.488870	0.003768	11.9
1127	-0.685419	422.919278	61.549682	0.003995	5.6
1128	-0.717271	422.480245	61.610614	0.002848	12.4
1129	-0.699858	422.041212	61.671668	0.003786	6.0
1130	-0.692479	421.602179	61.732842	0.004545	7.6
1131	-0.697756	422.602179	61.593679	0.003171	11.0
1132	-0.740213	423.602179	61.455143	0.004488	5.9
1133	-0.697409	424.602179	61.317228	0.002854	11.4
1134	-0.710145	424.163146	61.377701	0.004606	7.0
1135	-0.691952	423.727637	61.437806	0.002396	6.4
1136	-0.705057	424.154727	61.378861	0.005082	7.4
1137	-0.685944	425.102824	61.248414	0.003347	6.2
1138	-0.690507	426.099216	61.111917	0.003853	6.0
1139	-0.677898	425.660183	61.171986	0.004037	11.6
1140	-0.704806	426.660183	61.035337	0.005648	5.8
1141	-0.683319	427.660177	60.899299	0.007448	11.4
1142	-0.699345	427.221144	60.958950	0.002510	8.6
1143	-0.676061	428.221144	60.823251	0.001861	12.0
1144	-0.656260	429.005566	60.717228	0.001810	11.0
1145	-0.689380	429.121882	60.701538	0.004029	22.5
1146	-0.681074	428.682926	60.760791	0.004241	3.2
1147	-0.682574	428.243918	60.820168	0.002818	14.2
1148	-0.711822	427.804885	60.879663	0.004408	7.8
1149	-0.697485	428.804885	60.744317	0.003305	6.5
1150	-0.667865	429.804885	60.609570	0.002779	8.5
1151	-0.672598	429.365856	60.668654	0.005947	7.9
1152	-0.683211	430.365856	60.534243	0.003894	7.9
1153	-0.695418	429.926823	60.593180	0.004382	6.3
1154	-0.701603	430.926661	60.459125	0.003311	9.6
1155	-0.691767	430.492525	60.517260	0.002328	8.0
1156	-0.684059	431.492519	60.383518	0.002185	5.9
1157	-0.706172	431.053597	60.442148	0.003407	17.3
1158	-0.698514	430.617281	60.500542	0.002879	2.6
1159	-0.681859	431.617277	60.366875	0.003352	11.4
1160	-0.714141	431.178250	60.425486	0.003678	6.2
1161	-0.682884	430.739217	60.484211	0.001908	11.6
1162	-0.675031	430.300195	60.543050	0.004559	5.9
1163	-0.682399	429.867238	60.601188	0.001922	6.4
1164	-0.682606	429.428208	60.660256	0.005755	6.2
1165	-0.689126	430.428208	60.525882	0.003688	10.7
1166	-0.710659	431.428208	60.392102	0.002984	12.8
1167	-0.695812	432.428208	60.258912	0.003445	6.3
1168	-0.703894	433.428181	60.126312	0.006349	11.3
1169	-0.678054	434.419976	59.995371	0.003075	11.2
1170	-0.679569	435.419976	59.863923	0.004304	3.3
1171	-0.670541	436.419976	59.733050	0.003142	7.1
1172	-0.703872	435.984196	59.790012	0.005573	8.0
1173	-0.690438	436.984196	59.659461	0.002657	6.1
1174	-0.679034	437.984196	59.529480	0.007196	11.7
1175	-0.688502	437.545163	59.586476	0.007032	8.9
1176	-0.677681	437.106130	59.643582	0.004696	14.1
1177	-0.663491	436.667097	59.700797	0.004523	7.7
1178	-0.660467	437.667097	59.570635	0.002870	8.0
1179	-0.704859	437.228064	59.627711	0.006067	9.4
1180	-0.687831	438.228064	59.497867	0.002927	11.9
1181	-0.692468	439.228064	59.368588	0.003578	4.6
1182	-0.692986	440.228060	59.239870	0.003312	5.9
1183	-0.673983	439.789027	59.296313	0.003145	11.1
1184	-0.701944	439.349994	59.352864	0.002309	12.6
1185	-0.683603	440.349993	59.224213	0.003414	6.4
1186	-0.698938	441.349675	59.096160	0.005150	5.2
1187	-0.698684	442.349675	58.968619	0.003044	11.2
1188	-0.702595	443.349675	58.841627	0.001676	6.2
1189	-0.693890	443.002866	58.885607	0.005301	6.1
1190	-0.677689	443.535425	58.818098	0.002617	7.3
1191	-0.712891	444.535425	58.691753	0.006904	11.6
1192	-0.701276	445.535425	58.565950	0.004898	7.1
1193	-0.689242	446.535425	58.440685	0.003825	6.2
1194	-0.663086	447.535425	58.315954	0.002294	6.2
1195	-0.695269	448.318081	58.218704	0.002495	5.9
1196	-0.682566	447.899889	58.270627	0.004652	5.9
1197	-0.703108	448.896139	58.147084	0.003497	11.5
1198	-0.708362	448.457106	58.201463	0.002694	6.8
1199	-0.706248	449.457105	58.077750	0.003894	8.9
1200	-0.698900	450.456695	57.954613	0.005688	6.1
1201	-0.692681	450.017662	58.008632	0.002852	8.9
1202	-0.685059	451.017662	57.885737	0.003338	12.2
1203	-0.721084	452.017662	57.763362	0.003859	5.4
1204	-0.705483	451.856133	57.783094	0.008418	6.0
1205	-0.682869	452.856133	57.661152	0.002326	8.9
1206	-0.698964	453.856117	57.539725	0.005467	8.0
1207	-0.723169	453.417084	57.592973	0.005680	6.6
1208	-0.668189	454.417084	57.471831	0.002307	6.1
1209	-0.670035	455.416454	57.351274	0.002410	6.2
1210	-0.711060	455.651526	57.322989	0.006635	6.6
1211	-0.673436	456.651526	57.202979	0.003917	6.6
1212	-0.689040	456.212493	57.255606	0.004695	11.0
1213	-0.706519	457.203253	57.136981	0.005925	8.4
1214	-0.682750	456.764220	57.189486	0.002757	6.5
1215	-0.691834	456.328010	57.241749	0.004499	9.3
1216	-0.682123	457.328010	57.122079	0.005801	8.0
1217	-0.674937	456.888977	57.174557	0.003822	12.0
1218	-0.692017	457.888977	57.055167	0.005955	7.0
1219	-0.666574	457.449944	57.107521	0.005476	6.2
1220	-0.686829	458.449769	56.988432	0.002205	5.9
1221	-0.680185	458.313818	57.004596	0.003092	5.6
1222	-0.675740	458.078475	57.032599	0.003590	6.1
1223	-0.687948	458.509794	56.981298	0.003739	7.2
1224	-0.713807	459.509366	56.862763	0.006621	6.1
1225	-0.691599	459.070366	56.914761	0.005014	10.4
1226	-0.711095	460.070366	56.796453	0.004544	6.0
1227	-0.707184	459.631333	56.848334	0.005268	6.7
1228	-0.684966	459.192300	56.900309	0.003691	11.2
1229	-0.686177	460.192300	56.782061	0.005409	5.5
1230	-0.692678	459.834400	56.824325	0.003518	13.2
1231	-0.705215	459.395367	56.876257	0.004190	9.7
1232	-0.697315	458.956334	56.928284	0.005033	5.9
1233	-0.680935	459.956334	56.809919	0.003093	5.6
1234	-0.689363	459.517301	56.861824	0.005527	4.5
1235	-0.703032	460.517301	56.743735	0.001903	10.7
1236	-0.690405	461.516936	56.626179	0.006236	3.0
1237	-0.704738	461.077903	56.677749	0.004297	11.3
1238	-0.680150	460.638870	56.729413	0.003067	12.1
1239	-0.689353	460.199837	56.781171	0.003250	11.1
1240	-0.707333	460.273306	56.772503	0.003750	10.2
1241	-0.698538	461.273306	56.654785	0.006835	7.1
1242	-0.712053	462.273306	56.537553	0.004866	6.0
1243	-0.684541	463.273306	56.420806	0.007818	6.0
1244	-0.672390	464.273306	56.304540	0.002743	5.6
1245	-0.669295	463.834273	56.355526	0.001914	10.2
1246	-0.678230	464.834179	56.239539	0.002233	8.9
1247	-0.682851	464.398618	56.290004	0.002592	11.0
1248	-0.721275	465.389286	56.175354	0.004705	14.1
1249	-0.678910	465.444387	56.168991	0.003973	13.7
1250	-0.681307	465.005353	56.219731	0.004502	10.7
1251	-0.705755	466.005353	56.104292	0.002059	9.1
1252	-0.711513	467.005353	55.989325	0.006462	6.0
1253	-0.704468	468.005353	55.874829	0.003155	11.5
1254	-0.693437	469.005353	55.760800	0.001904	10.5
1255	-0.687373	469.634461	55.689301	0.004955	7.8
1256	-0.695480	470.634452	55.576029	0.002290	8.0
1257	-0.702889	471.634452	55.463215	0.004105	6.0
1258	-0.675799	472.576158	55.357395	0.003155	11.6
1259	-0.688452	473.576157	55.245466	0.004791	6.5
1260	-0.688996	474.508461	55.141521	0.006353	13.6
1261	-0.723133	475.508461	55.030463	0.003663	4.1
1262	-0.732052	475.069428	55.079166	0.006363	11.0
1263	-0.717403	474.630599	55.127933	0.002131	1.9
1264	-0.698885	475.630599	55.016929	0.003027	6.2
1265	-0.685057	475.210158	55.063545	0.004890	11.1
1266	-0.724810	476.210158	54.952800	0.005810	7.8
1267	-0.665802	475.771125	55.001366	0.005223	11.2
1268	-0.690627	476.771125	54.890870	0.003690	6.9
1269	-0.709293	476.332092	54.939327	0.004767	5.9
1270	-0.705985	475.893059	54.987869	0.004725	6.1
1271	-0.691798	476.893059	54.877428	0.004285	6.3
1272	-0.711529	477.893059	54.767429	0.004331	11.1
1273	-0.690297	477.454026	54.815668	0.004034	8.5
1274	-0.677031	477.048445	54.860307	0.004982	7.8
1275	-0.680767	478.048445	54.750377	0.004679	1.5
1276	-0.685580	479.048445	54.640887	0.005490	5.5
1277	-0.699169	480.048444	54.531834	0.002600	5.6
1278	-0.712421	481.048444	54.423215	0.003410	6.7
1279	-0.691817	482.015432	54.318593	0.003154	6.1
1280	-0.693887	483.015432	54.210821	0.003389	8.4
1281	-0.697299	484.015430	54.103476	0.003202	8.0
1282	-0.680147	485.015430	53.996556	0.002138	5.9
1283	-0.699786	486.013761	53.890234	0.003453	8.1
1284	-0.683366	487.011654	53.784377	0.003757	9.8
1285	-0.687992	486.572621	53.830899	0.002151	10.5
1286	-0.682345	487.572619	53.725052	0.001912	6.4
1287	-0.693857	487.305319	53.753304	0.003680	10.0
1288	-0.663944	486.881228	53.798189	0.003539	8.2
1289	-0.685925	486.442195	53.844735	0.004059	6.5
1290	-0.698061	486.003162	53.891361	0.004919	9.0
1291	-0.698988	485.577531	53.936641	0.006159	5.7
1292	-0.697607	486.577531	53.830378	0.006504	5.8
1293	-0.694256	487.576333	53.724660	0.002017	8.2
1294	-0.675868	488.576313	53.619232	0.003411	8.6
1295	-0.672414	488.137471	53.665448	0.005612	11.3
1296	-0.695026	487.698438	53.711764	0.004624	7.7
1297	-0.701399	488.698438	53.606384	0.007052	6.3
1298	-0.690012	488.259405	53.652598	0.002914	9.6
1299	-0.677610	489.259405	53.547451	0.003236	8.2
1300	-0.697564	488.820372	53.593563	0.002068	5.9
1301	-0.690211	488.381577	53.639730	0.003189	6.2
1302	-0.737690	487.942547	53.686002	0.004431	6.6
1303	-0.700623	488.942547	53.580723	0.002863	13.9
1304	-0.680946	489.942547	53.475857	0.004974	1.6
1305	-0.703076	490.942542	53.371400	0.006030	10.5
1306	-0.677291	490.503509	53.417210	0.004242	11.2
1307	-0.698516	491.503509	53.312982	0.005949	11.7
1308	-0.676883	491.064476	53.358691	0.006332	7.0
1309	-0.695468	492.064476	53.254691	0.004716	10.9
1310	-0.694338	491.625488	53.300296	0.003859	1.7
1311	-0.671105	492.625488	53.196523	0.004646	11.3
1312	-0.694186	493.608308	53.094927	0.002908	7.5
1313	-0.714597	494.608308	52.991951	0.001954	6.9
1314	-0.708879	494.271634	53.026576	0.002675	5.8
1315	-0.715024	493.842184	53.070807	0.008347	6.6
1316	-0.684342	493.403151	53.116102	0.005550	6.1
1317	-0.666650	494.403151	53.013045	0.002869	10.2
1318	-0.695120	495.403151	52.910387	0.004107	8.4
1319	-0.698101	494.964118	52.955408	0.002240	11.1
1320	-0.689048	495.964118	52.852973	0.004392	4.8
1321	-0.693547	495.525210	52.897883	0.002474	6.0
1322	-0.690769	495.086179	52.942883	0.006898	11.8
1323	-0.693761	496.086179	52.840496	0.003619	8.7
1324	-0.698638	497.086179	52.738505	0.004344	6.0
1325	-0.693050	496.647146	52.783234	0.002195	9.5
1326	-0.687722	497.647144	52.681463	0.004089	11.2
1327	-0.702380	497.208111	52.726095	0.003014	5.9
1328	-0.707779	497.026502	52.744580	0.007421	6.6
1329	-0.689299	496.587469	52.789320	0.003158	11.3
1330	-0.705470	496.148436	52.834135	0.005789	11.2
1331	-0.717965	495.709403	52.879027	0.003230	9.9
1332	-0.706819	495.270370	52.923995	0.005014	6.3
1333	-0.687080	494.831337	52.969039	0.004360	8.7
1334	-0.708518	495.831337	52.866551	0.002874	13.2
1335	-0.682127	496.831337	52.764459	0.005564	6.2
1336	-0.695012	497.819748	52.663937	0.004575	11.1
1337	-0.688050	497.380715	52.708539	0.002820	2.8
1338	-0.706354	496.941682	52.753218	0.004847	6.0
1339	-0.674252	497.941682	52.651562	0.003797	8.0
1340	-0.690400	498.941682	52.550298	0.004644	12.0
1341	-0.689519	498.502649	52.594708	0.002505	7.6
1342	-0.683639	499.502577	52.493670	0.004585	7.9
1343	-0.672595	500.502577	52.393011	0.007864	6.2
1344	-0.698221	500.063544	52.437156	0.002494	11.2
1345	-0.702372	499.624511	52.481375	0.005869	3.5
1346	-0.694505	500.624511	52.380764	0.003809	11.2
1347	-0.702088	500.304190	52.412950	0.006587	6.6
1348	-0.672561	499.865162	52.457128	0.003838	6.4
1349	-0.716728	499.426369	52.501357	0.002511	6.2
1350	-0.711230	498.987338	52.545684	0.002641	11.7
1351	-0.685527	498.548306	52.590086	0.003418	5.5
1352	-0.694582	498.314396	52.613774	0.004964	11.2
1353	-0.712723	499.314396	52.512655	0.001548	12.2
1354	-0.707065	498.875370	52.557001	0.005251	5.3
1355	-0.669825	499.067425	52.537592	0.005559	15.7
1356	-0.673834	498.754077	52.569266	0.002298	2.1
1357	-0.711665	499.745349	52.469197	0.003768	11.2
1358	-0.715035	499.311435	52.512954	0.003329	1.6
1359	-0.670580	498.872402	52.557301	0.002371	12.5
1360	-0.665633	499.859691	52.457679	0.002792	4.1
1361	-0.695474	500.859691	52.357158	0.006480	5.9
1362	-0.676822	500.420658	52.401243	0.007487	11.2
1363	-0.686442	501.420658	52.300938	0.004385	11.7
1364	-0.701547	500.984253	52.344664	0.007187	6.2
1365	-0.679889	501.984253	52.244576	0.004361	12.1
1366	-0.668701	502.984253	52.144869	0.003406	11.4
1367	-0.714893	502.773991	52.165802	0.003564	12.2
1368	-0.692936	503.773991	52.066396	0.002867	11.2
1369	-0.695187	503.754757	52.068304	0.004538	10.9
1370	-0.707523	504.754757	51.969269	0.003536	6.1
1371	-0.671231	504.315734	52.012701	0.003529	11.1
1372	-0.708681	503.876701	52.056207	0.003326	5.4
1373	-0.690027	503.437667	52.099786	0.004266	5.6
1374	-0.688149	502.998634	52.143438	0.004211	6.2
1375	-0.686700	502.559718	52.187152	0.004044	6.6
1376	-0.673223	502.120686	52.230950	0.003284	6.6
1377	-0.716973	501.681653	52.274822	0.006143	6.8
1378	-0.688178	501.242658	52.318764	0.003616	6.1
1379	-0.694584	502.242658	52.218774	0.003416	13.3
1380	-0.700563	502.009030	52.242101	0.002800	16.2
1381	-0.708634	503.009030	52.142404	0.004993	1.8
1382	-0.717119	504.009030	52.043087	0.003352	8.1
1383	-0.675267	503.569997	52.086643	0.005052	11.2
1384	-0.691639	503.130964	52.130273	0.005988	12.5
1385	-0.673417	502.697296	52.173442	0.004061	10.3
1386	-0.685985	503.697296	52.074006	0.003880	6.7
1387	-0.671593	504.378485	52.006489	0.002861	7.7
1388	-0.714106	505.378485	51.907688	0.003603	7.7
1389	-0.673805	504.947004	51.950273	0.004920	11.9
1390	-0.710986	505.947004	51.851686	0.003744	6.7
1391	-0.715959	506.947004	51.753472	0.002696	11.2
1392	-0.697190	506.507971	51.796545	0.001753	9.4
1393	-0.683761	506.111146	51.835539	0.005412	6.0
1394	-0.678403	505.672135	51.878747	0.001348	8.6
1395	-0.712266	506.569941	51.790461	0.003304	5.9
1396	-0.682494	507.568663	51.692604	0.003797	5.9
1397	-0.672298	507.159813	51.732619	0.003412	6.2
1398	-0.720750	508.159813	51.634855	0.005553	11.1
1399	-0.705570	509.159813	51.537460	0.001790	9.4
1400	-0.694177	508.720780	51.580175	0.002007	11.4
1401	-0.666332	508.915699	51.561202	0.003114	8.7
1402	-0.698204	509.913067	51.464340	0.004131	7.1
1403	-0.693973	509.474034	51.506933	0.002341	7.9
1404	-0.668031	509.035001	51.549596	0.002644	6.1
1405	-0.691172	508.595986	51.592329	0.002494	6.2
1406	-0.678533	508.156960	51.635134	0.006043	5.1
1407	-0.707444	509.156959	51.537738	0.004872	5.8
1408	-0.718419	510.156959	51.440709	0.006253	13.8
1409	-0.699753	509.881774	51.467373	0.006465	6.8
1410	-0.682007	510.881773	51.370609	0.002587	6.0
1411	-0.671101	511.881772	51.274207	0.004316	9.8
1412	-0.725867	512.881772	51.178167	0.008451	13.7
1413	-0.712421	513.881772	51.082485	0.001706	6.4
1414	-0.680954	514.881772	50.987161	0.005595	6.1
1415	-0.685315	515.878078	50.892542	0.003720	6.5
1416	-0.703643	516.876554	50.798069	0.004707	6.2
1417	-0.701220	517.876554	50.703803	0.002768	7.9
1418	-0.699323	517.437521	50.745146	0.003535	8.4
1419	-0.676603	518.437520	50.651075	0.003806	11.5
1420	-0.692296	519.437520	50.557353	0.002767	6.3
1421	-0.691558	518.998677	50.598439	0.004064	6.0
1422	-0.682175	519.985424	50.506149	0.004443	8.0
1423	-0.688525	520.985424	50.412962	0.004322	8.3
1424	-0.694554	521.985424	50.320118	0.003855	7.5
1425	-0.662500	521.546391	50.360837	0.002642	11.2
1426	-0.726483	521.107358	50.401622	0.003073	11.6
1427	-0.683993	522.107358	50.308820	0.003979	8.4
1428	-0.682402	523.107358	50.216359	0.004656	6.2
1429	-0.698076	524.107355	50.124237	0.003875	6.2
1430	-0.689348	523.668329	50.164639	0.005368	6.1
1431	-0.677884	524.668329	50.072707	0.002714	5.9
1432	-0.685454	525.668220	49.981121	0.003368	11.3
1433	-0.684286	525.229205	50.021292	0.004329	12.2
1434	-0.712128	524.790172	50.061529	0.004038	5.5
1435	-0.704012	525.790172	49.969973	0.006826	6.1
1436	-0.677581	525.355239	50.009753	0.005156	6.4
1437	-0.681192	526.355239	49.918386	0.004620	12.8
1438	-0.695075	525.916206	49.958458	0.002824	6.6
1439	-0.687399	526.916206	49.867279	0.004482	6.3
1440	-0.686130	527.756550	49.790914	0.005484	6.0
1441	-0.704856	527.317517	49.830781	0.002596	11.6
1442	-0.695376	526.878484	49.870712	0.004922	6.2
1443	-0.683742	527.648252	49.800743	0.001976	6.5
1444	-0.680212	527.215129	49.840088	0.003586	11.0
1445	-0.680455	526.898228	49.868915	0.001671	1.5
1446	-0.704879	527.898228	49.778063	0.004243	13.5
1447	-0.677870	527.459209	49.817908	0.002802	4.8
1448	-0.687029	527.020176	49.857818	0.003895	7.0
1449	-0.686562	526.581143	49.897793	0.003652	7.8
1450	-0.678642	526.142110	49.937831	0.004053	6.7
1451	-0.679003	526.917601	49.867152	0.003740	12.4
1452	-0.686992	526.524537	49.902951	0.002152	12.3
1453	-0.703921	526.085504	49.942998	0.005672	2.8
1454	-0.698828	525.646471	49.983109	0.002570	17.9
1455	-0.717615	525.208278	50.023208	0.001835	14.1
1456	-0.699599	526.195735	49.932937	0.005214	9.9
1457	-0.689948	525.756703	49.973032	0.004000	2.9
1458	-0.690801	526.756703	49.881800	0.003319	12.6
1459	-0.678284	527.756703	49.790900	0.002224	11.6
1460	-0.688289	527.317670	49.830768	0.002722	5.7
1461	-0.708753	528.316874	49.740126	0.003569	6.1
1462	-0.691664	529.315258	49.649887	0.002363	11.8
1463	-0.715007	528.882745	49.688939	0.003557	6.2
1464	-0.683432	529.882745	49.598741	0.005843	10.8
1465	-0.690501	529.443712	49.638300	0.005871	15.9
1466	-0.700728	529.127961	49.666791	0.003061	6.6
1467	-0.717464	528.688928	49.706459	0.003942	8.1
1468	-0.697278	529.688928	49.616197	0.004055	10.5
1469	-0.717303	529.249895	49.655785	0.003283	5.9
1470	-0.702320	530.245479	49.566103	0.007967	6.1
1471	-0.689030	529.806446	49.605611	0.005629	12.7
1472	-0.679919	529.367413	49.645182	0.001487	11.3
1473	-0.685663	530.366903	49.555188	0.006456	8.8
1474	-0.696544	531.357117	49.466350	0.005559	9.3
1475	-0.675109	532.357117	49.376957	0.003918	6.6
1476	-0.709787	533.357117	49.287886	0.006710	11.4
1477	-0.702277	532.918084	49.326951	0.003065	7.7
1478	-0.709487	532.479539	49.366035	0.003048	6.8
1479	-0.731320	533.426946	49.281678	0.003769	11.2
1480	-0.677353	534.426942	49.192951	0.003361	13.5
1481	-0.683439	535.426942	49.104542	0.004444	8.1
1482	-0.699064	534.987910	49.143317	0.002453	10.8
1483	-0.711266	535.987905	49.055087	0.003489	5.9
1484	-0.707958	536.987905	48.967173	0.003160	11.4
1485	-0.706205	537.987905	48.879573	0.004514	2.8
1486	-0.708662	538.987905	48.792287	0.004633	10.6
1487	-0.694483	539.987905	48.705311	0.006622	7.8
1488	-0.682633	539.548872	48.743458	0.002252	6.3
1489	-0.672367	540.548872	48.656656	0.006265	10.9
1490	-0.686941	540.109838	48.694727	0.003913	1.6
1491	-0.698838	541.109838	48.608098	0.001895	10.1
1492	-0.689396	542.109751	48.521785	0.003492	7.8
1493	-0.692734	543.109656	48.435779	0.004839	7.9
1494	-0.685870	544.109656	48.350068	0.001593	10.5
1495	-0.701566	545.109439	48.264679	0.003627	7.6
1496	-0.682826	546.109314	48.179583	0.004356	6.1
1497	-0.723234	547.109314	48.094776	0.002639	7.7
1498	-0.706439	548.109314	48.010267	0.004674	9.3
1499	-0.688090	547.670292	48.047332	0.005469	5.8
1500	-0.713436	547.231259	48.084455	0.002415	5.8
1501	-0.711715	547.992201	48.020149	0.004325	12.2
1502	-0.680925	547.553169	48.057230	0.003594	8.0
1503	-0.723196	548.553169	47.972853	0.002079	7.9
1504	-0.678267	548.117314	48.009593	0.003250	6.3
1505	-0.708876	549.104608	47.926451	0.007241	9.6
1506	-0.700410	550.104608	47.842532	0.002520	8.0
1507	-0.708296	551.104608	47.758906	0.002736	11.0
1508	-0.694122	552.104608	47.675573	0.003154	2.5
1509	-0.704474	551.665575	47.712123	0.001998	6.2
1510	-0.688237	551.227284	47.748668	0.004547	8.4
1511	-0.706449	550.788252	47.785330	0.003598	5.7
1512	-0.691936	551.788252	47.701904	0.003133	1.5
1513	-0.691810	551.349951	47.738434	0.003151	11.7
1514	-0.679661	552.349875	47.655178	0.007152	7.3
1515	-0.678738	551.910842	47.691697	0.001852	7.5
1516	-0.684474	552.910593	47.608618	0.004230	7.4
1517	-0.676941	553.910589	47.525808	0.003773	7.7
1518	-0.682488	553.472116	47.562083	0.002942	5.9
1519	-0.688258	553.053157	47.596795	0.003546	11.4
1520	-0.691768	554.053138	47.514027	0.005538	6.3
1521	-0.682795	554.327173	47.491396	0.003931	8.0
1522	-0.699547	553.888140	47.527664	0.004024	10.9
1523	-0.700929	554.888140	47.445135	0.004448	3.3
1524	-0.694007	555.888103	47.362894	0.004362	5.9
1525	-0.700406	555.449455	47.398935	0.002497	9.7
1526	-0.716734	555.010422	47.435062	0.003814	5.8
1527	-0.696432	556.010139	47.352877	0.005543	10.1
1528	-0.697321	555.581086	47.388114	0.003501	11.5
1529	-0.711151	555.142053	47.424225	0.003762	7.6
1530	-0.707462	554.703020	47.460391	0.003553	5.9
1531	-0.696468	554.263987	47.496612	0.001618	6.2
1532	-0.676225	553.824967	47.532887	0.002925	6.3
1533	-0.682045	554.817922	47.450920	0.006636	11.8
1534	-0.695663	554.378889	47.487127	0.002990	2.7
1535	-0.673265	555.370032	47.405467	0.002676	6.8
1536	-0.700144	556.370032	47.323361	0.002691	10.1
1537	-0.719513	557.363378	47.242082	0.004052	7.5
1538	-0.667649	558.209121	47.173101	0.003679	9.8
1539	-0.720551	559.209121	47.091797	0.005373	11.4
1540	-0.714120	560.209121	47.010773	0.004564	9.8
1541	-0.680673	559.770088	47.046311	0.004969	12.0
1542	-0.689185	559.571667	47.062390	0.005980	11.0
1543	-0.685552	559.132634	47.098006	0.003893	12.2
1544	-0.699617	560.132634	47.016961	0.005931	6.6
1545	-0.708032	559.693601	47.052508	0.002235	8.0
1546	-0.697439	560.693601	46.971619	0.003220	8.0
1547	-0.682036	561.535019	46.903773	0.005876	11.0
1548	-0.682353	562.535019	46.823394	0.002736	6.8
1549	-0.680524	562.095986	46.858649	0.004174	10.8
1550	-0.681739	563.095986	46.778425	0.005615	12.2
1551	-0.687894	564.095986	46.698475	0.002710	9.4
1552	-0.701718	563.656953	46.733542	0.003777	10.6
1553	-0.691155	563.217920	46.768662	0.004706	8.4
1554	-0.681900	564.217920	46.688745	0.002745	7.7
1555	-0.678157	565.217920	46.609101	0.003969	7.6
1556	-0.714668	566.217920	46.529728	0.001908	5.6
1557	-0.703062	566.742513	46.488198	0.004341	11.4
1558	-0.678654	566.325053	46.521241	0.002891	5.7
1559	-0.706338	567.325051	46.442167	0.003717	6.1
1560	-0.674319	566.886018	46.476850	0.005433	6.6
1561	-0.671479	566.446985	46.511585	0.004023	5.1
1562	-0.700830	567.446985	46.432544	0.002815	6.3
1563	-0.698487	568.446985	46.353771	0.002716	11.2
1564	-0.710106	568.007952	46.388322	0.002501	5.4
1565	-0.686451	569.007952	46.309698	0.003888	11.1
1566	-0.686526	570.007952	46.231341	0.003680	11.0
1567	-0.697742	571.007793	46.153261	0.007088	10.5
1568	-0.681357	572.007793	46.075432	0.002166	11.7
1569	-0.680953	573.005495	45.998043	0.002747	5.9
1570	-0.679121	572.567922	46.031952	0.004655	6.0
1571	-0.701740	573.567922	45.954532	0.004573	8.2
1572	-0.709905	574.567922	45.877371	0.003124	7.9
1573	-0.705464	574.129475	45.911170	0.004741	5.9
1574	-0.687383	575.129475	45.834154	0.001920	10.2
1575	-0.695380	574.690442	45.867935	0.005700	4.6
1576	-0.700505	575.689947	45.791102	0.003105	6.0
1577	-0.686884	576.689947	45.714489	0.004318	7.1
1578	-0.705723	576.251059	45.748082	0.003525	12.0
1579	-0.707043	577.251059	45.671612	0.003763	11.3
1580	-0.670934	578.251059	45.595398	0.004133	12.0
1581	-0.669378	579.251059	45.519437	0.002800	10.3
1582	-0.656330	578.812026	45.552755	0.002616	6.0
1583	-0.702615	578.373031	45.586119	0.005031	6.3
1584	-0.676992	577.933999	45.619535	0.005968	6.2
1585	-0.679185	578.933999	45.543494	0.003886	11.2
1586	-0.705229	578.494966	45.576847	0.004903	7.1
1587	-0.699430	579.307314	45.515171	0.002989	6.7
1588	-0.702154	578.868281	45.548483	0.003788	10.3
1589	-0.695117	578.429248	45.581844	0.003761	11.3
1590	-0.705232	579.058224	45.534065	0.003282	14.3
1591	-0.649769	580.058211	45.458310	0.004207	10.3
1592	-0.691929	579.619178	45.491538	0.003891	7.6
1593	-0.687560	579.180145	45.524815	0.005383	8.0
1594	-0.682973	580.180145	45.449090	0.002823	6.8
1595	-0.686712	579.741112	45.482305	0.002648	5.9
1596	-0.704749	579.302080	45.515568	0.002917	6.7
1597	-0.693899	580.302080	45.439873	0.006110	8.4
1598	-0.719602	581.302080	45.364430	0.005613	7.9
1599	-0.691754	582.302080	45.289236	0.001582	6.9
1600	-0.700142	583.302079	45.214291	0.004829	9.1
1601	-0.681451	584.302079	45.139594	0.003731	5.8
1602	-0.690742	585.302079	45.065144	0.004544	11.1
1603	-0.692876	585.123211	45.078443	0.004424	1.5
1604	-0.681889	584.684178	45.111118	0.006759	8.2
1605	-0.711156	585.667178	45.038023	0.005174	5.8
1606	-0.706993	585.228976	45.070578	0.004883	11.1
1607	-0.685606	586.228976	44.996355	0.002059	10.9
1608	-0.664892	585.794236	45.028592	0.001972	7.8
1609	-0.704288	586.794086	44.954518	0.003527	6.3
1610	-0.695534	587.794083	44.880677	0.001782	7.1
1611	-0.691118	588.792227	44.807213	0.002916	11.2
1612	-0.694012	589.767366	44.735675	0.006140	7.0
1613	-0.689270	590.767366	44.662550	0.006325	11.7
1614	-0.726889	591.767366	44.589663	0.007693	7.4
1615	-0.710406	592.767366	44.517014	0.002661	6.0
1616	-0.683236	593.767366	44.444601	0.003395	5.9
1617	-0.677893	594.200014	44.413345	0.004452	6.0
1618	-0.673711	595.200014	44.341269	0.004616	9.9
1619	-0.702132	594.760981	44.372884	0.005271	7.6
1620	-0.697905	594.321948	44.404544	0.003503	11.8
1621	-0.691186	593.882916	44.436249	0.005232	5.0
1622	-0.686851	594.882916	44.364098	0.003534	5.9
1623	-0.670091	595.882916	44.292182	0.003590	8.7
1624	-0.702837	595.443883	44.323727	0.001545	6.2
1625	-0.665676	595.155208	44.344493	0.007099	11.5
1626	-0.709999	594.811441	44.369248	0.001866	4.0
1627	-0.683528	595.785704	44.299163	0.005441	11.6
1628	-0.701563	595.346749	44.330712	0.002184	7.9
1629	-0.683932	596.346749	44.258904	0.002967	16.0
1630	-0.666942	597.346749	44.187328	0.003905	3.8
1631	-0.675792	598.346749	44.115982	0.005734	5.8
1632	-0.727888	597.907717	44.147277	0.004764	10.0
1633	-0.684020	598.907717	44.076061	0.004535	7.8
1634	-0.702823	598.468684	44.107299	0.005626	6.2
1635	-0.707225	599.468684	44.036212	0.002444	5.9
1636	-0.683147	600.468683	43.965354	0.001886	7.5
1637	-0.678826	600.483209	43.964326	0.003997	6.3
1638	-0.680999	600.044808	43.995361	0.002441	13.1
1639	-0.688703	601.044808	43.924634	0.005815	6.2
1640	-0.688148	601.291167	43.907244	0.005517	5.8
1641	-0.709954	600.852134	43.938243	0.003848	5.9
1642	-0.683715	600.413101	43.969286	0.004216	6.4
1643	-0.705874	599.996466	43.998786	0.005105	7.9
1644	-0.705071	600.995200	43.928137	0.003005	10.9
1645	-0.690438	601.995200	43.857626	0.004837	6.2
1646	-0.696379	601.556167	43.888555	0.004979	6.5
1647	-0.705597	601.117134	43.919527	0.004872	11.6
1648	-0.678448	600.678101	43.950543	0.003349	5.8
1649	-0.705585	601.678101	43.879960	0.004104	11.3
1650	-0.681749	601.239424	43.910896	0.002162	9.8
1651	-0.703491	600.800393	43.941899	0.002535	5.5
1652	-0.666794	601.800311	43.871350	0.002537	7.4
1653	-0.706334	601.361278	43.902298	0.004844	7.0
1654	-0.698711	600.922245	43.933290	0.003437	5.9
1655	-0.695102	600.483212	43.964326	0.002133	6.3
1656	-0.669505	601.482951	43.893717	0.002498	5.8
1657	-0.710666	602.227808	43.841257	0.001611	9.2
1658	-0.702782	601.930534	43.862179	0.002390	7.8
1659	-0.684604	601.520280	43.891085	0.002974	6.1
1660	-0.668195	601.084525	43.921829	0.001743	9.8
1661	-0.707734	600.687118	43.949906	0.003813	17.4
1662	-0.696507	600.867213	43.937178	0.005952	7.1
1663	-0.701106	600.428181	43.968219	0.002899	8.1
1664	-0.707264	599.989149	43.999304	0.003338	6.0
1665	-0.703959	599.550116	44.030433	0.002966	5.9
1666	-0.681337	599.111083	44.061606	0.003024	6.1
1667	-0.695548	600.110310	43.990721	0.003760	6.7
1668	-0.693607	600.087096	43.992365	0.002949	6.0
1669	-0.708616	600.648715	43.952621	0.001650	6.4
1670	-0.651935	600.659289	43.951873	0.002397	10.5
1671	-0.696766	600.220659	43.982907	0.003366	8.0
1672	-0.676884	601.220659	43.912220	0.006105	5.9
1673	-0.678439	602.220659	43.841760	0.006114	10.1
1674	-0.675316	601.781626	43.872666	0.005209	6.0
1675	-0.673587	601.342593	43.903616	0.004863	5.9
1676	-0.707758	602.342593	43.833184	0.006367	6.0
1677	-0.702172	601.903560	43.864078	0.003165	8.9
1678	-0.687484	602.903560	43.793772	0.002581	11.9
1679	-0.703890	602.464530	43.824611	0.003674	7.5
1680	-0.709950	603.464095	43.754462	0.003628	6.1
1681	-0.715572	603.025062	43.785245	0.003100	9.8
1682	-0.711879	604.008479	43.716351	0.002118	6.1
1683	-0.690056	605.008154	43.646541	0.003171	9.6
1684	-0.680257	604.593466	43.675473	0.005361	11.4
1685	-0.667469	604.154433	43.706145	0.003688	1.9
1686	-0.675067	603.715400	43.736861	0.004257	11.9
1687	-0.683656	604.715400	43.666962	0.007997	10.3
1688	-0.702208	605.715400	43.597286	0.003463	11.8
1689	-0.703847	606.677503	43.530460	0.003539	8.0
1690	-0.683361	607.671577	43.461628	0.003926	6.2
1691	-0.713504	608.671577	43.392606	0.004934	5.9
1692	-0.678083	608.232544	43.422882	0.003271	11.1
1693	-0.729327	607.793511	43.453200	0.004196	12.4
1694	-0.703277	608.793511	43.384204	0.002515	18.6
1695	-0.686870	608.354478	43.414469	0.001776	7.3
1696	-0.684401	609.352821	43.345710	0.003968	12.1
1697	-0.673967	610.352819	43.277055	0.004159	7.0
1698	-0.696978	611.352819	43.208616	0.003760	8.8
1699	-0.700425	611.158058	43.221928	0.002499	7.0
1700	-0.677551	611.569430	43.193820	0.003620	6.1
1701	-0.700179	612.550882	43.126908	0.002393	6.5
1702	-0.704418	613.546742	43.059224	0.002608	10.4
1703	-0.701401	614.546737	42.991473	0.003774	6.1
1704	-0.678298	614.155359	43.017964	0.002779	7.3
1705	-0.684474	615.155359	42.950342	0.004021	6.0
1706	-0.724112	614.717388	42.979932	0.003286	10.4
1707	-0.686825	615.200986	42.947262	0.004135	5.4
1708	-0.683556	616.200986	42.879862	0.003311	11.3
1709	-0.681885	617.200986	42.812673	0.001800	9.6
1710	-0.708465	617.860738	42.768461	0.003306	11.4
1711	-0.697415	617.429873	42.797324	0.002384	11.5
1712	-0.689994	618.429805	42.730398	0.007367	6.5
1713	-0.684738	619.272613	42.674151	0.005480	14.7
1714	-0.710818	620.272613	42.607605	0.002166	6.6
1715	-0.669813	621.272613	42.541266	0.003981	11.0
1716	-0.705550	620.833580	42.570366	0.003313	8.7
1717	-0.713996	621.833580	42.504143	0.003109	7.7
1718	-0.698960	621.394548	42.533192	0.003940	6.1
1719	-0.705421	620.955752	42.562264	0.001376	8.5
1720	-0.683310	621.294473	42.539819	0.004197	11.4
1721	-0.710451	620.856423	42.568851	0.003851	6.6
1722	-0.719981	621.856423	42.502633	0.004331	11.6
1723	-0.706614	621.417390	42.531679	0.004846	10.7
1724	-0.700996	622.417390	42.465576	0.003496	6.0
1725	-0.676899	623.417390	42.399679	0.006913	7.0
1726	-0.669346	622.978357	42.428585	0.006008	6.2
1727	-0.680013	623.978357	42.362802	0.002515	11.4
1728	-0.702144	624.978357	42.297223	0.003894	10.2
1729	-0.688485	625.978357	42.231846	0.004166	11.0
1730	-0.688093	625.539324	42.260524	0.004676	10.2
1731	-0.689700	626.539238	42.195266	0.002736	9.1
1732	-0.692585	627.539238	42.130204	0.004601	7.0
1733	-0.669969	627.100205	42.158744	0.004518	7.9
1734	-0.684587	626.661172	42.187322	0.004711	6.2
1735	-0.701238	626.222139	42.215939	0.003434	9.6
1736	-0.686327	625.783106	42.244595	0.002928	7.9
1737	-0.684969	625.395788	42.269908	0.002606	5.9
1738	-0.712552	624.956755	42.298637	0.004749	10.0
1739	-0.695008	625.956755	42.233256	0.004661	10.5
1740	-0.665174	626.956755	42.168077	0.001481	9.1
1741	-0.694368	626.531526	42.195768	0.003277	5.9
1742	-0.676065	627.497869	42.132892	0.004426	6.9
1743	-0.694034	628.497869	42.068022	0.001782	12.1
1744	-0.709547	628.073512	42.095525	0.003322	7.2
1745	-0.714495	627.634548	42.124013	0.005427	6.8
1746	-0.697618	628.634548	42.059171	0.001872	11.7
1747	-0.704807	628.195515	42.087614	0.003025	8.3
1748	-0.699831	627.807033	42.112815	0.002563	6.2
1749	-0.698992	628.807033	42.048006	0.004044	6.5
1750	-0.653598	628.368000	42.076435	0.005759	7.2
1751	-0.702377	627.930089	42.104829	0.004134	11.4
1752	-0.676815	627.491121	42.133330	0.003779	13.8
1753	-0.688393	627.052088	42.161874	0.002684	10.1
1754	-0.713339	628.052036	42.096918	0.005253	7.7
1755	-0.701347	627.613003	42.125413	0.007206	6.1
1756	-0.689836	627.173970	42.153946	0.001843	11.4
1757	-0.692433	626.734937	42.182518	0.002261	6.9
1758	-0.688182	626.295906	42.211128	0.006850	6.4
1759	-0.693986	627.295850	42.146021	0.001943	6.2
1760	-0.674306	628.295850	42.081110	0.005064	6.4
1761	-0.684321	627.856817	42.109584	0.004736	10.6
1762	-0.706108	628.856817	42.044785	0.004537	5.1
1763	-0.700309	629.856817	41.980186	0.003173	7.8
1764	-0.704378	630.856817	41.915785	0.004253	7.9
1765	-0.680267	630.442819	41.942423	0.002268	6.8
1766	-0.697218	631.442819	41.878138	0.004435	8.3
1767	-0.700220	632.442819	41.814049	0.003024	6.6
1768	-0.710208	632.003786	41.842162	0.004176	5.7
1769	-0.689859	633.003727	41.778188	0.005723	7.4
1770	-0.700153	632.564694	41.806252	0.003602	6.0
1771	-0.703815	633.564694	41.742383	0.004279	9.8
1772	-0.687588	634.564258	41.678737	0.004239	6.2
1773	-0.686598	635.564258	41.615257	0.002210	8.0
1774	-0.699966	635.125225	41.643103	0.004183	7.9
1775	-0.683042	634.686192	41.670986	0.005573	5.8
1776	-0.680215	635.686192	41.607530	0.004215	10.1
1777	-0.663595	635.247159	41.635366	0.002508	8.7
1778	-0.701594	634.808126	41.663238	0.004370	11.0
1779	-0.715941	635.666419	41.608783	0.002977	11.2
1780	-0.686967	635.227386	41.636620	0.002116	16.0
1781	-0.691687	634.795610	41.664034	0.004764	7.2
1782	-0.707029	634.356577	41.691945	0.005621	4.2
1783	-0.688308	633.917544	41.719894	0.003587	6.3
1784	-0.691551	633.478511	41.747880	0.004889	5.9
1785	-0.701275	634.478511	41.684189	0.004698	11.0
1786	-0.705658	635.478511	41.620693	0.006588	6.9
1787	-0.678694	636.478511	41.557389	0.004080	8.0
1788	-0.698632	636.039478	41.585158	0.004356	9.2
1789	-0.681880	635.600450	41.612963	0.003876	11.6
1790	-0.674188	635.161419	41.640806	0.001770	8.4
1791	-0.683272	634.723568	41.668611	0.004447	6.1
1792	-0.680810	635.723567	41.605162	0.003580	5.9
1793	-0.682639	636.553016	41.552680	0.003909	6.4
1794	-0.678774	636.113983	41.580443	0.004812	11.7
1795	-0.692957	635.674950	41.608242	0.003170	7.4
1796	-0.678034	635.235917	41.636079	0.003100	14.3
1797	-0.694087	635.352108	41.628708	0.004519	15.1
1798	-0.715734	634.913075	41.656572	0.008255	7.9
1799	-0.674857	635.913075	41.593160	0.006086	3.1
1800	-0.701304	635.474042	41.620976	0.008132	11.2
1801	-0.712738	636.474042	41.557672	0.005597	5.7
1802	-0.680487	637.474041	41.494560	0.002006	6.0
1803	-0.656348	638.474038	41.431639	0.003404	6.0
1804	-0.687677	638.922812	41.403464	0.005288	5.9
1805	-0.697980	639.922812	41.340819	0.002345	7.1
1806	-0.682086	640.922812	41.278363	0.003909	14.2
1807	-0.696770	641.922180	41.216135	0.003833	8.0
1808	-0.690435	642.922180	41.154056	0.005085	8.8
1809	-0.669822	643.922180	41.092163	0.006059	6.0
1810	-0.700939	643.483147	41.119313	0.002456	6.2
1811	-0.698877	644.483147	41.057524	0.005512	6.6
1812	-0.699499	644.050783	41.084217	0.004781	10.6
1813	-0.700203	643.611750	41.111356	0.002927	11.2
1814	-0.681040	644.611750	41.049591	0.004109	6.1
1815	-0.702350	644.174556	41.076572	0.003782	5.9
1816	-0.703077	643.738878	41.103494	0.006247	11.1
1817	-0.662856	644.738878	41.041753	0.003789	6.7
1818	-0.684578	645.738878	40.980197	0.002466	6.0
1819	-0.686980	645.299845	41.007199	0.003875	9.4
1820	-0.679431	644.860856	41.034234	0.004513	12.7
1821	-0.711949	645.860856	40.972701	0.004139	12.8
1822	-0.666789	645.421843	40.999692	0.004751	11.3
1823	-0.661078	646.421843	40.938262	0.002387	5.9
1824	-0.714425	645.982814	40.965209	0.005171	12.0
1825	-0.696150	645.543876	40.992186	0.003128	6.8
1826	-0.693659	646.543876	40.930778	0.004520	8.4
1827	-0.684844	646.104843	40.957715	0.007885	9.2
1828	-0.687068	647.104843	40.896411	0.002120	7.2
1829	-0.686057	646.665810	40.923303	0.002088	11.2
1830	-0.678639	647.264344	40.886650	0.005382	6.8
1831	-0.718807	648.264344	40.825558	0.002243	11.5
1832	-0.688825	649.264344	40.764648	0.005246	12.0
1833	-0.687546	650.264344	40.703920	0.007730	6.2
1834	-0.679693	651.264344	40.643373	0.003378	6.1
1835	-0.675880	652.264344	40.583005	0.004810	6.5
1836	-0.658519	651.825311	40.609486	0.002827	6.0
1837	-0.703561	652.825244	40.549223	0.002817	8.0
1838	-0.684808	652.386286	40.575656	0.004573	12.0
1839	-0.691015	653.386286	40.515489	0.003337	5.9
1840	-0.713322	652.947253	40.541882	0.004804	10.9
1841	-0.701928	653.947238	40.481817	0.004741	3.8
1842	-0.690141	653.509656	40.508079	0.004512	12.7
1843	-0.709446	654.509656	40.448112	0.004217	14.1
1844	-0.678657	654.070663	40.474415	0.005831	11.6
1845	-0.690052	655.070663	40.414548	0.003406	4.3
1846	-0.671250	654.631630	40.440810	0.002368	12.2
1847	-0.709666	655.631599	40.381044	0.002065	4.3
1848	-0.706834	655.721620	40.375672	0.006137	8.6
1849	-0.681755	656.721620	40.316097	0.003722	6.0
1850	-0.694499	657.721620	40.256697	0.002881	11.5
1851	-0.696347	658.721579	40.197474	0.004551	11.9
1852	-0.682307	659.721519	40.138426	0.004479	6.0
1853	-0.673977	660.721519	40.079548	0.002172	6.2
1854	-0.706780	660.460834	40.094880	0.003574	9.4
1855	-0.705882	661.460834	40.036130	0.004337	11.3
1856	-0.692783	662.460834	39.977551	0.003322	11.6
1857	-0.690806	662.021801	40.003248	0.005883	5.4
1858	-0.671907	661.582768	40.028978	0.005274	5.8
1859	-0.687366	662.582768	39.970420	0.003903	9.2
1860	-0.687088	662.143735	39.996108	0.003445	10.8
1861	-0.724972	663.143731	39.937646	0.004001	6.1
1862	-0.696596	664.143731	39.879355	0.004704	6.1
1863	-0.689576	663.704698	39.904926	0.002407	6.3
1864	-0.721982	664.704698	39.846731	0.004070	10.3
1865	-0.691613	664.265721	39.872256	0.004789	5.4
1866	-0.688955	665.253450	39.814868	0.003205	10.9
1867	-0.669868	666.253423	39.756936	0.002878	10.6
1868	-0.706885	667.252844	39.699204	0.003269	6.6
1869	-0.678054	668.252844	39.641607	0.004049	8.8
1870	-0.687859	667.813811	39.666874	0.003541	5.7
1871	-0.694027	667.399362	39.690755	0.004606	7.2
1872	-0.697530	666.960329	39.716084	0.005346	8.7
1873	-0.698654	667.960329	39.658438	0.002685	6.2
1874	-0.673226	668.960329	39.600958	0.006404	6.3
1875	-0.688690	668.521296	39.626173	0.004861	9.1
1876	-0.701001	668.082263	39.651420	0.005832	6.6
1877	-0.684019	669.082263	39.593961	0.003059	12.9
1878	-0.701435	670.082263	39.536669	0.002529	7.4
1879	-0.700149	669.675907	39.559930	0.003623	7.8
1880	-0.696153	670.675907	39.502735	0.002889	11.1
1881	-0.681587	670.236874	39.527825	0.003998	7.2
1882	-0.699307	669.803533	39.552621	0.003336	9.3
1883	-0.679545	669.364500	39.577774	0.005791	6.0
1884	-0.679167	668.925607	39.602951	0.003892	5.9
1885	-0.673254	669.925607	39.545633	0.002366	11.7
1886	-0.706073	669.486574	39.570777	0.002750	10.6
1887	-0.692632	670.486574	39.513552	0.003159	11.1
1888	-0.677745	670.047965	39.538631	0.001766	10.6
1889	-0.722372	669.613714	39.563492	0.004719	6.0
1890	-0.687032	670.537341	39.510651	0.003121	6.0
1891	-0.694952	671.455472	39.458263	0.004826	6.1
1892	-0.724157	672.455472	39.401362	0.003735	6.3
1893	-0.699221	672.016439	39.426324	0.004259	12.0
1894	-0.700776	671.577406	39.451316	0.004128	10.2
1895	-0.708973	672.577406	39.394435	0.003334	10.8
1896	-0.678487	672.138376	39.419388	0.003716	5.7
1897	-0.690707	673.138376	39.362599	0.002477	10.7
1898	-0.682547	672.699448	39.387505	0.002703	10.1
1899	-0.718838	673.597334	39.336590	0.003795	12.1
1900	-0.721881	674.597308	39.280040	0.005674	10.7
1901	-0.692773	675.597308	39.223652	0.003323	2.3
1902	-0.683596	676.597308	39.167425	0.002822	6.8
1903	-0.684910	677.597304	39.111360	0.003562	11.7
1904	-0.693806	677.158283	39.135954	0.003292	2.2
1905	-0.690009	678.158283	39.079978	0.003829	12.0
1906	-0.679131	678.778160	39.045360	0.003386	11.2
1907	-0.678900	679.778159	38.989643	0.005419	6.7
1908	-0.652355	679.564578	39.001530	0.002832	11.0
1909	-0.689994	679.955052	38.979804	0.006335	1.5
1910	-0.702803	680.955052	38.924273	0.002910	9.1
1911	-0.698955	680.516047	38.948632	0.004687	13.1
1912	-0.695966	680.077014	38.973023	0.002179	5.3
1913	-0.713220	680.990339	38.922317	0.003031	13.3
1914	-0.699956	680.551411	38.946669	0.005386	4.2
1915	-0.710355	681.551411	38.891233	0.002492	6.0
1916	-0.699093	681.112378	38.915551	0.002857	6.4
1917	-0.706284	682.111137	38.860272	0.003462	10.8
1918	-0.653189	683.111137	38.805082	0.002841	6.1
1919	-0.711013	684.111093	38.750050	0.003574	9.8
1920	-0.673493	685.110824	38.695187	0.004729	10.7
1921	-0.704483	685.185442	38.691098	0.003409	10.9
1922	-0.710601	686.185442	38.636387	0.002497	5.9
1923	-0.710965	687.184835	38.581863	0.005812	7.8
1924	-0.687960	688.184835	38.527460	0.002666	11.2
1925	-0.705289	687.751324	38.551025	0.002900	8.3
1926	-0.665862	688.751324	38.496709	0.001830	5.7
1927	-0.711918	688.312319	38.520535	0.002562	5.8
1928	-0.693982	687.954023	38.540003	0.003052	11.5
1929	-0.723690	687.516204	38.563819	0.002464	5.6
1930	-0.691293	687.077269	38.587724	0.007170	11.2
1931	-0.685007	686.638326	38.611660	0.003147	10.9
1932	-0.696919	687.638326	38.557173	0.003696	13.0
1933	-0.688258	687.199293	38.581075	0.004057	6.5
1934	-0.689908	688.199293	38.526675	0.004094	12.3
1935	-0.690315	687.760260	38.550539	0.006389	9.6
1936	-0.693668	688.760260	38.496225	0.004270	6.1
1937	-0.682154	689.760260	38.442063	0.004493	5.9
1938	-0.686875	690.760260	38.388053	0.003737	7.1
1939	-0.703633	690.321227	38.411746	0.004136	10.9
1940	-0.702104	691.321227	38.357821	0.007244	11.0
1941	-0.687944	690.882194	38.381477	0.003477	3.8
1942	-0.683203	691.882194	38.327638	0.005046	9.8
1943	-0.706306	691.443161	38.351256	0.005575	11.0
1944	-0.680364	691.004128	38.374904	0.003039	4.7
1945	-0.669565	690.565095	38.398582	0.002886	13.0
1946	-0.694886	691.565095	38.344694	0.004866	5.0
1947	-0.696798	691.128168	38.368220	0.003676	8.4
1948	-0.729934	692.128168	38.314418	0.005647	6.8
1949	-0.688432	693.128168	38.260765	0.002463	8.7
1950	-0.684647	693.919700	38.218405	0.006231	6.4
1951	-0.679840	694.919700	38.165021	0.006533	5.9
1952	-0.693506	694.480667	38.188440	0.003563	10.8
1953	-0.700994	694.041634	38.211887	0.002037	6.4
1954	-0.710504	693.602606	38.235363	0.002155	5.9
1955	-0.684046	693.919249	38.218429	0.003496	5.9
1956	-0.687569	694.919126	38.165052	0.003779	15.3
1957	-0.706761	695.916519	38.111955	0.003754	1.6
1958	-0.698150	696.916519	38.058868	0.003273	6.9
1959	-0.680634	696.484032	38.081810	0.002448	6.1
1960	-0.691847	697.484032	38.028807	0.003900	5.7
1961	-0.698542	697.045021	38.052057	0.006052	10.3
1962	-0.690258	698.045021	37.999137	0.005358	1.5
1963	-0.700336	699.045021	37.946364	0.004488	7.1
1964	-0.694627	700.045021	37.893737	0.004549	10.8
1965	-0.672562	701.045021	37.841256	0.007299	10.0
1966	-0.699016	702.045021	37.788920	0.005245	8.5
1967	-0.682843	703.045021	37.736728	0.005395	11.2
1968	-0.672234	702.606913	37.759576	0.003539	11.0
1969	-0.690056	703.606814	37.707471	0.006393	6.9
1970	-0.675557	704.606814	37.655504	0.003781	11.8
1971	-0.709427	704.178951	37.677721	0.003759	9.7
1972	-0.702993	703.739919	37.700546	0.006123	6.3
1973	-0.661548	704.739919	37.648598	0.004221	9.6
1974	-0.693110	705.739919	37.596793	0.005596	7.1
1975	-0.699439	706.739919	37.545131	0.002769	6.0
1976	-0.699464	707.186361	37.522112	0.004625	10.8
1977	-0.690576	706.764162	37.543880	0.003027	6.2
1978	-0.707076	706.325129	37.566542	0.004826	8.7
1979	-0.700182	705.886096	37.589232	0.004881	12.0
1980	-0.698642	706.886096	37.537591	0.002943	11.5
1981	-0.719835	707.716108	37.494835	0.004289	7.6
1982	-0.680019	707.277075	37.517438	0.001625	5.9
1983	-0.704878	706.846258	37.539645	0.003639	6.9
1984	-0.690673	706.407230	37.562302	0.004474	11.6
1985	-0.684664	707.407135	37.510740	0.003746	6.0
1986	-0.705766	706.977776	37.532863	0.006445	6.4
1987	-0.717123	706.538743	37.555512	0.003830	5.7
1988	-0.670864	706.099710	37.578189	0.003309	7.7
1989	-0.707167	705.660677	37.600893	0.002902	10.8
1990	-0.683489	706.069565	37.579747	0.001341	7.0
1991	-0.700148	707.014171	37.530987	0.004457	7.8
1992	-0.693361	706.781798	37.542970	0.002358	5.9
1993	-0.695295	706.342765	37.565632	0.002836	10.2
1994	-0.689216	707.342750	37.514056	0.005966	5.6
1995	-0.704430	708.342750	37.462620	0.003834	10.8
1996	-0.715602	707.903720	37.485184	0.003050	6.1
1997	-0.695415	708.903720	37.433828	0.005720	5.8
1998	-0.669503	708.464701	37.456357	0.004852	5.9
1999	-0.700879	709.307235	37.413145	0.003051	6.4
