1:ItNr	2:Metric	3a:Time	3b:StepSize	4:||Gradient||	Time[ms]
0	-0.258396	0.000000	418.155714	0.002681	1977.7
1	-0.250498	0.000000	418.155714	0.003270	10.2
2	-0.264327	0.985540	399.411151	0.005066	5.5
3	-0.250989	1.837266	384.514944	0.006192	10.7
4	-0.254589	2.837264	368.384134	0.003439	6.3
5	-0.254052	2.056396	380.860481	0.003703	5.6
6	-0.243784	2.610463	371.922826	0.005817	6.1
7	-0.244418	3.608888	356.833277	0.004053	5.9
8	-0.261722	2.804956	368.884104	0.003207	5.9
9	-0.243178	2.001179	381.774779	0.003941	9.1
10	-0.261178	1.364118	392.649962	0.002769	6.2
11	-0.252941	0.782499	403.134180	0.003921	9.1
12	-0.256036	1.775295	385.561192	0.003495	8.6
13	-0.268079	1.288316	393.985356	0.002583	7.9
14	-0.257145	2.241581	377.825849	0.004021	11.9
15	-0.265878	1.625772	388.109185	0.005324	6.1
16	-0.255208	1.089827	397.525516	0.003592	5.9
17	-0.249312	0.283056	412.594413	0.003038	5.8
18	-0.258102	1.198026	395.587877	0.015002	10.5
19	-0.251849	0.391221	410.508122	0.001417	6.1
20	-0.255604	1.290658	393.943955	0.003618	5.6
21	-0.246293	0.803967	402.737258	0.003576	10.8
22	-0.261376	0.041685	417.327312	0.005235	4.6
23	-0.247714	0.000000	418.155714	0.001927	6.1
24	-0.241337	0.748329	403.767575	0.004051	6.5
25	-0.261574	1.527123	389.808761	0.002072	6.7
26	-0.254841	2.462047	374.275531	0.006427	11.9
27	-0.262706	3.093888	364.460481	0.002387	6.4
28	-0.250904	2.445667	374.537001	0.002811	8.0
29	-0.259110	3.210841	362.699922	0.005477	7.4
30	-0.251550	4.173812	348.825592	0.003591	7.1
31	-0.268214	5.122301	336.159895	0.003694	6.4
32	-0.257210	5.498506	331.387364	0.001508	6.9
33	-0.257595	5.390448	332.744255	0.003698	5.8
34	-0.267350	6.287876	321.801150	0.005141	6.0
35	-0.262159	7.236941	310.985174	0.003560	6.3
36	-0.262896	8.166726	301.071497	0.003068	5.9
37	-0.260128	9.160069	291.155497	0.002098	7.7
38	-0.249100	9.304404	289.768770	0.004772	6.0
39	-0.246928	9.655103	286.453778	0.001505	9.9
40	-0.270415	9.799171	285.113841	0.002352	6.7
41	-0.251831	9.644012	286.557456	0.002474	11.5
42	-0.247864	10.568120	278.168925	0.003989	6.0
43	-0.261201	9.801017	285.096753	0.005626	6.0
44	-0.263290	10.799828	276.142060	0.004563	11.0
45	-0.256129	9.997507	283.289554	0.009170	9.2
46	-0.245433	9.193263	290.835408	0.003708	5.9
47	-0.271842	8.388581	298.798709	0.008233	11.4
48	-0.238526	7.581776	307.233181	0.002374	2.5
49	-0.263178	8.581566	296.849401	0.003588	5.8
50	-0.257898	9.545235	287.484116	0.002715	10.8
51	-0.251557	10.322916	280.346508	0.002522	6.9
52	-0.259235	11.098371	273.573694	0.003113	11.1
53	-0.271163	10.720173	276.835497	0.004043	5.7
54	-0.245167	10.039267	282.908416	0.005566	11.8
55	-0.255489	11.020109	274.242355	0.004246	2.6
56	-0.263892	10.215364	281.312433	0.003474	11.0
57	-0.269528	11.211133	272.615990	0.002364	2.7
58	-0.265489	11.548033	269.794187	0.002060	6.1
59	-0.244270	12.109277	265.220835	0.006485	9.0
60	-0.237556	12.565610	261.615090	0.007432	7.9
61	-0.253025	11.758811	268.058263	0.006359	7.9
62	-0.263371	12.758811	260.117869	0.001881	11.0
63	-0.239986	13.531184	254.299708	0.004766	8.8
64	-0.252158	14.410850	247.982470	0.009469	11.1
65	-0.265257	13.604046	253.764258	0.005047	5.3
66	-0.254076	12.953908	258.623252	0.005322	6.7
67	-0.265059	12.154341	264.860337	0.002109	8.0
68	-0.268301	13.152396	257.120172	0.004472	6.0
69	-0.241795	14.036022	250.635477	0.001442	9.9
70	-0.266205	13.544559	254.201244	0.004319	10.2
71	-0.248260	13.555951	254.117444	0.003485	6.0
72	-0.251345	12.750384	260.182820	0.002629	6.0
73	-0.248274	13.702954	253.040997	0.002529	6.3
74	-0.251635	14.428653	247.857856	0.001637	11.4
75	-0.258657	14.117060	250.057094	0.002269	11.9
76	-0.258829	13.658365	253.366539	0.002688	6.8
77	-0.255219	13.263698	256.284949	0.004067	6.6
78	-0.260064	12.581771	261.489185	0.004058	7.0
79	-0.257933	13.501475	254.518686	0.004156	11.8
80	-0.252552	13.993998	250.936462	0.001329	5.9
81	-0.254893	14.488519	247.439741	0.002768	8.4
82	-0.245249	14.915042	244.501174	0.005068	7.3
83	-0.253514	15.893093	238.019349	0.004588	6.0
84	-0.243228	16.201496	236.046153	0.004395	10.5
85	-0.263717	15.395285	241.274934	0.004675	6.3
86	-0.255806	16.395278	234.822962	0.003983	6.1
87	-0.260768	17.141438	230.229125	0.001069	6.6
88	-0.244400	16.596150	233.568331	0.003467	5.9
89	-0.260658	17.149151	230.182578	0.004982	6.8
90	-0.243467	16.561778	233.782066	0.004023	7.6
91	-0.260016	15.854632	238.267745	0.003226	6.0
92	-0.249042	16.207646	236.007135	0.003277	6.1
93	-0.258306	17.047707	230.796299	0.004301	6.1
94	-0.236202	17.952607	225.434717	0.003682	6.2
95	-0.269127	18.942512	219.847717	0.006239	5.8
96	-0.263743	18.135708	224.379993	0.003258	10.0
97	-0.259335	19.135113	218.792707	0.004083	5.7
98	-0.267185	18.331968	223.260378	0.004223	11.5
99	-0.266236	17.569198	227.675722	0.004116	6.2
100	-0.270112	17.525711	227.932719	0.003511	10.9
101	-0.265626	18.389875	222.932163	0.006052	16.0
102	-0.244487	19.352087	217.616253	0.004617	6.5
103	-0.252007	20.352085	212.353740	0.002104	10.6
104	-0.256520	19.552746	216.539469	0.005700	9.4
105	-0.238545	20.548668	211.349011	0.011191	6.3
106	-0.257782	21.548660	206.381822	0.004858	6.3
107	-0.247521	22.548660	201.642714	0.006286	5.9
108	-0.260967	23.548248	197.118189	0.004636	6.1
109	-0.260967	24.529479	192.869986	0.002553	6.3
110	-0.253400	23.807398	195.978128	0.005548	6.7
111	-0.251955	24.682988	192.221882	0.003106	10.7
112	-0.246830	23.876869	195.674745	0.006743	7.3
113	-0.251561	24.871836	191.430531	0.004401	10.1
114	-0.239463	25.861347	187.388339	0.003968	13.5
115	-0.264979	25.995904	186.851816	0.003643	7.9
116	-0.258431	25.287408	189.711853	0.003162	8.1
117	-0.253151	26.058121	186.604775	0.003293	8.0
118	-0.262451	25.533383	188.709039	0.003039	7.9
119	-0.266163	25.166161	190.210098	0.003037	7.9
120	-0.254386	24.422687	193.323437	0.004875	6.3
121	-0.252958	23.812242	195.956942	0.003500	6.8
122	-0.252634	24.810344	191.687494	0.002523	5.9
123	-0.247302	24.330857	193.715068	0.006961	8.8
124	-0.269409	23.531920	197.190464	0.009190	7.9
125	-0.252514	24.531920	192.859646	0.005071	5.5
126	-0.256029	23.725157	196.338494	0.006232	11.9
127	-0.246849	24.724936	192.045539	0.002573	8.2
128	-0.260706	25.429873	189.129746	0.004627	2.5
129	-0.258939	26.387129	185.309180	0.002750	8.1
130	-0.251063	25.595954	188.455632	0.004111	6.1
131	-0.260673	25.112574	190.431141	0.001399	5.8
132	-0.250744	24.409486	193.379638	0.003428	7.9
133	-0.248567	24.311178	193.799198	0.005900	7.9
134	-0.251552	25.194585	190.093061	0.003839	6.1
135	-0.256557	26.194565	186.065281	0.003579	5.9
136	-0.273560	27.152124	182.365166	0.010289	7.9
137	-0.245572	28.152124	178.654946	0.003134	10.8
138	-0.254638	27.345341	181.636323	0.003078	4.6
139	-0.251646	28.326622	178.022935	0.002396	6.5
140	-0.257274	28.011864	179.166212	0.004569	8.6
141	-0.264282	27.232388	182.061687	0.004532	11.8
142	-0.247839	26.425701	185.158466	0.008879	6.2
143	-0.262115	27.425701	181.334908	0.004405	5.8
144	-0.245237	28.425701	177.666070	0.001939	5.9
145	-0.258766	29.065950	175.394057	0.004086	9.9
146	-0.256957	29.465203	174.006434	0.003384	10.7
147	-0.256961	30.256681	171.319519	0.001757	4.6
148	-0.257888	30.113906	171.798062	0.003009	6.1
149	-0.242656	29.844965	172.706775	0.003537	16.0
150	-0.256760	29.330497	174.472151	0.004706	7.0
151	-0.249991	30.329416	171.076756	0.003101	13.2
152	-0.257203	30.985024	168.919226	0.003952	7.5
153	-0.257321	31.884984	166.044675	0.003267	11.3
154	-0.254819	31.079875	168.611579	0.009274	5.8
155	-0.256381	30.280021	171.241546	0.002185	6.0
156	-0.252007	29.487771	173.928652	0.004691	6.0
157	-0.263606	30.479353	170.578483	0.001257	5.9
158	-0.251001	29.912526	172.477595	0.001793	6.0
159	-0.266878	30.191552	171.537484	0.002631	7.3
160	-0.259186	29.730122	173.097752	0.003224	5.3
161	-0.249704	30.603706	170.167430	0.004517	8.0
162	-0.259892	30.591307	170.208324	0.005223	5.9
163	-0.244292	29.784657	172.911869	0.001679	5.9
164	-0.253410	30.187700	171.550393	0.004129	10.3
165	-0.265849	31.128597	168.453987	0.002114	9.9
166	-0.256105	31.758543	166.442619	0.003002	6.0
167	-0.257051	31.362027	167.703020	0.001633	6.4
168	-0.257386	31.105257	168.529444	0.003800	5.9
169	-0.259234	31.808171	166.286199	0.001835	9.5
170	-0.258340	32.041641	165.554266	0.003751	11.5
171	-0.267029	31.350440	167.740136	0.002863	6.0
172	-0.256191	30.786055	169.568235	0.001958	6.3
173	-0.254404	30.079723	171.913029	0.003067	8.0
174	-0.259992	29.620582	173.472324	0.002189	8.0
175	-0.257458	30.505859	170.490700	0.001818	8.1
176	-0.268279	30.125075	171.760531	0.002964	11.8
177	-0.258763	29.477278	173.964808	0.003559	7.9
178	-0.264428	28.701267	176.681010	0.005035	6.4
179	-0.244506	29.684738	173.252744	0.002421	12.3
180	-0.251402	30.542260	170.370295	0.002681	6.3
181	-0.262315	30.133844	171.731076	0.001846	6.3
182	-0.263367	29.386787	174.277235	0.004742	6.2
183	-0.270185	28.600686	177.039285	0.003198	16.5
184	-0.247144	27.932748	179.455891	0.003691	1.5
185	-0.257059	28.862573	176.109443	0.005829	6.2
186	-0.252229	29.862557	172.647040	0.002408	6.4
187	-0.249014	29.737653	173.072058	0.004094	6.2
188	-0.239096	29.542591	173.740005	0.004606	6.0
189	-0.260611	30.435124	170.725163	0.002456	14.5
190	-0.250187	30.080043	171.911954	0.004530	2.9
191	-0.252783	29.428842	174.131899	0.002609	6.4
192	-0.232962	29.906460	172.498145	0.004035	6.0
193	-0.259902	30.812533	169.481580	0.003802	7.3
194	-0.254981	30.009778	172.148760	0.001717	9.1
195	-0.259224	29.938662	172.389099	0.002799	6.8
196	-0.262130	30.678590	169.920850	0.004897	5.9
197	-0.248372	30.378659	170.912792	0.008333	9.9
198	-0.245244	31.376967	167.655182	0.003438	5.9
199	-0.254187	30.570163	170.278112	0.004468	5.9
200	-0.260986	31.568552	167.044166	0.003189	11.1
201	-0.254851	32.510734	164.102963	0.005031	11.7
202	-0.249068	33.510492	161.093208	0.002671	8.6
203	-0.251931	32.706028	163.506227	0.001378	9.0
204	-0.250468	33.136508	162.206066	0.002028	7.4
205	-0.269739	32.916812	162.867010	0.001946	6.8
206	-0.242538	32.668977	163.619106	0.002759	6.3
207	-0.258063	32.213050	165.020987	0.003050	10.8
208	-0.257532	32.687297	163.563273	0.001923	6.9
209	-0.248132	33.038106	162.501439	0.004244	9.2
210	-0.266751	33.313575	161.677261	0.002898	5.4
211	-0.248707	32.514656	164.090936	0.004340	9.9
212	-0.256380	31.768467	166.411316	0.001667	5.8
213	-0.239317	31.467190	167.366881	0.002716	5.9
214	-0.263911	31.806433	166.291670	0.001171	6.1
215	-0.253137	31.640488	166.815891	0.004091	13.6
216	-0.250049	31.458489	167.394642	0.006400	7.8
217	-0.244306	30.651753	170.009137	0.002544	6.0
218	-0.258217	29.845266	172.705755	0.001809	6.4
219	-0.261601	29.685076	173.251590	0.002035	5.9
220	-0.261640	29.627120	173.449921	0.002178	13.5
221	-0.250574	28.995625	175.640768	0.002667	8.0
222	-0.266420	28.447325	177.588374	0.003794	5.2
223	-0.247629	29.362885	174.359949	0.001922	6.1
224	-0.247465	29.781265	172.923419	0.002012	5.8
225	-0.240804	30.499497	170.511761	0.003963	16.6
226	-0.248449	31.471371	167.353546	0.004658	1.9
227	-0.256022	31.144514	168.402567	0.006160	11.8
228	-0.261526	30.342792	171.032186	0.002260	6.3
229	-0.261381	29.548594	173.719372	0.005850	6.9
230	-0.260684	28.897806	175.985093	0.005302	11.9
231	-0.245801	29.897805	172.527478	0.006236	5.7
232	-0.264579	30.897796	169.203138	0.002203	6.1
233	-0.246532	30.109088	171.814259	0.003035	6.3
234	-0.239438	30.863675	169.314457	0.005233	6.0
235	-0.255173	30.071814	171.939653	0.001747	8.4
236	-0.246366	30.662413	169.974058	0.003004	11.3
237	-0.259437	30.697862	169.857509	0.003275	5.6
238	-0.255073	31.616344	166.892440	0.003525	6.6
239	-0.262506	30.815489	169.471912	0.004432	9.9
240	-0.251820	30.091600	171.873068	0.003393	6.5
241	-0.263686	31.088555	168.583481	0.002258	9.2
242	-0.260939	30.604007	170.166438	0.002016	5.7
243	-0.267576	30.590064	170.212425	0.002274	7.0
244	-0.247883	30.208995	171.479053	0.003019	5.8
245	-0.243649	29.689577	173.236207	0.001809	6.7
246	-0.250064	30.212063	171.468780	0.003501	9.6
247	-0.259616	30.442826	170.699605	0.003249	5.8
248	-0.258003	29.742690	173.054878	0.008626	5.7
249	-0.258799	30.742687	169.710360	0.003615	7.8
250	-0.265945	31.742655	166.492757	0.004995	11.9
251	-0.240863	32.614845	163.784303	0.001644	7.4
252	-0.260641	33.451085	161.268962	0.002861	8.5
253	-0.250674	33.112974	162.276610	0.002111	8.0
254	-0.260242	33.045700	162.478605	0.003000	11.4
255	-0.253102	32.331889	164.653272	0.005329	1.9
256	-0.244778	33.331772	161.623110	0.001949	5.9
257	-0.252043	32.911241	162.883840	0.002989	5.7
258	-0.255628	32.761401	163.337819	0.003190	11.2
259	-0.255452	33.719968	160.476520	0.003083	7.9
260	-0.264478	33.779333	160.302610	0.003467	5.5
261	-0.262839	33.139768	162.196300	0.003457	11.1
262	-0.255464	33.482805	161.175071	0.003662	10.0
263	-0.257522	34.474312	158.294348	0.003869	5.6
264	-0.247840	33.688974	160.567466	0.008460	11.0
265	-0.260491	34.688964	157.684205	0.001807	6.1
266	-0.252238	35.628677	155.067546	0.008486	6.6
267	-0.256273	35.466608	155.512616	0.001640	6.2
268	-0.267876	36.397353	152.990853	0.003246	3.5
269	-0.249099	36.776242	151.987558	0.004358	8.2
270	-0.249586	37.009609	151.376128	0.002795	6.8
271	-0.271118	36.449459	152.852091	0.001948	5.6
272	-0.259236	36.033873	153.965872	0.005278	6.7
273	-0.253081	36.708484	152.166014	0.004076	5.7
274	-0.260652	37.697754	149.601464	0.005338	6.9
275	-0.241717	36.898398	151.666890	0.004988	6.3
276	-0.253579	37.896823	149.095817	0.002110	11.0
277	-0.266295	37.138231	151.041231	0.002202	5.5
278	-0.256457	36.854105	151.783005	0.007247	11.4
279	-0.254334	36.120043	153.733603	0.003404	6.3
280	-0.265007	37.120020	151.088557	0.003404	11.2
281	-0.239847	37.851138	149.211558	0.003409	10.7
282	-0.242171	37.046856	151.278995	0.004709	12.8
283	-0.247838	38.035836	148.744740	0.005081	5.9
284	-0.265822	38.958717	146.455269	0.002698	5.0
285	-0.257634	39.956903	144.057023	0.004630	6.9
286	-0.248409	40.918120	141.820681	0.002459	6.2
287	-0.242099	41.911667	139.580947	0.004836	9.6
288	-0.252574	42.564526	138.147336	0.002416	7.8
289	-0.258935	43.553568	136.030745	0.002430	16.5
290	-0.255801	44.315520	134.443850	0.003211	1.5
291	-0.260192	45.238272	132.570940	0.004567	6.1
292	-0.250394	44.481652	134.102756	0.002601	5.8
293	-0.243991	43.969400	135.160091	0.002640	9.9
294	-0.245835	44.653650	133.751437	0.007138	1.9
295	-0.261524	45.651386	131.749248	0.004014	6.0
296	-0.248788	46.651383	129.801782	0.004962	10.6
297	-0.268583	47.650306	127.913049	0.001871	7.9
298	-0.263281	48.055406	127.162673	0.003331	6.2
299	-0.256104	47.364495	128.447815	0.007484	9.7
300	-0.253028	46.562366	129.972801	0.002058	11.4
301	-0.259765	45.759573	131.535742	0.002352	2.9
302	-0.265706	46.230370	130.614632	0.003154	13.9
303	-0.273801	45.890733	131.277825	0.002411	6.3
304	-0.259925	45.450058	132.148417	0.002728	11.4
305	-0.260939	45.899592	131.260441	0.007242	7.9
306	-0.262146	45.094464	132.859388	0.003322	6.2
307	-0.244179	44.287710	134.501119	0.003868	6.0
308	-0.248441	44.476933	134.112420	0.003583	6.7
309	-0.259238	45.475752	132.097340	0.003473	7.2
310	-0.255356	44.863434	133.325419	0.002585	6.8
311	-0.241344	45.651096	131.749821	0.005397	10.9
312	-0.265617	44.844700	133.363354	0.001263	5.6
313	-0.252634	44.247997	134.582983	0.003967	9.7
314	-0.257400	44.124467	134.838264	0.003382	6.5
315	-0.263932	45.084710	132.878996	0.002609	13.0
316	-0.257026	45.947437	131.166634	0.002277	11.4
317	-0.254448	45.599025	131.852831	0.002310	5.9
318	-0.260591	45.773676	131.507962	0.002207	10.6
319	-0.262637	45.308182	132.431169	0.002105	7.6
320	-0.273243	45.514242	132.020898	0.007045	6.9
321	-0.241141	46.513479	130.066915	0.004177	9.7
322	-0.256838	45.720314	131.613140	0.002510	15.8
323	-0.244216	46.076731	130.913804	0.001282	6.8
324	-0.251387	46.106582	130.855569	0.001546	11.3
325	-0.262237	46.109296	130.850276	0.003062	11.1
326	-0.260534	46.065790	130.935162	0.003755	4.1
327	-0.263650	45.289437	132.468616	0.007263	12.1
328	-0.256929	46.284367	130.509811	0.003695	5.8
329	-0.246957	47.284349	128.598575	0.003920	6.0
330	-0.252562	48.209850	126.878905	0.003742	6.8
331	-0.270646	49.208314	125.074503	0.003170	11.3
332	-0.262563	49.930756	123.800598	0.002911	7.4
333	-0.250595	50.235367	123.271211	0.002237	6.7
334	-0.253265	50.716182	122.444750	0.002053	5.9
335	-0.268729	50.062471	123.571133	0.005869	6.7
336	-0.248120	50.978667	121.998230	0.003519	9.5
337	-0.258677	51.978564	120.326703	0.003653	6.2
338	-0.261338	51.179666	121.658501	0.004230	9.8
339	-0.258196	51.444058	121.214496	0.005176	6.0
340	-0.240126	50.637336	122.579516	0.006151	6.4
341	-0.253550	49.874103	123.899557	0.005025	8.7
342	-0.262359	50.874048	122.175810	0.003518	6.3
343	-0.242737	51.516610	121.093223	0.001949	9.7
344	-0.257325	50.777168	122.340714	0.010447	6.2
345	-0.246429	50.072781	123.553207	0.003149	6.1
346	-0.257049	51.072780	121.838924	0.003666	10.9
347	-0.261292	50.989934	121.979136	0.002743	5.9
348	-0.247376	50.710064	122.455196	0.004359	10.3
349	-0.249767	51.575144	120.995556	0.003145	11.0
350	-0.255565	50.780724	122.334652	0.008771	8.8
351	-0.246211	51.780715	120.653802	0.011168	6.0
352	-0.249315	52.780715	119.018499	0.002540	6.1
353	-0.254520	51.973993	120.334240	0.004443	4.8
354	-0.261719	52.966766	118.719129	0.008104	7.9
355	-0.241116	53.965773	117.137056	0.004870	6.2
356	-0.260542	54.965773	115.595085	0.003624	6.0
357	-0.242836	55.455428	114.854762	0.002147	11.6
358	-0.266438	55.175242	115.277218	0.002500	1.7
359	-0.273483	55.981261	114.070227	0.002183	5.3
360	-0.259162	55.950803	114.115378	0.002170	5.2
361	-0.247877	56.575281	113.196754	0.003238	4.9
362	-0.264576	56.100130	113.894361	0.003882	12.7
363	-0.257132	57.095689	112.442442	0.002052	11.0
364	-0.261556	57.984024	111.177800	0.001658	11.2
365	-0.265865	58.301950	110.732081	0.001709	6.3
366	-0.253885	58.422348	110.564220	0.005552	8.0
367	-0.270651	58.393139	110.604897	0.007169	5.6
368	-0.255828	57.586334	111.740420	0.002879	10.3
369	-0.245653	56.788762	112.886100	0.001396	10.5
370	-0.261627	56.859686	112.783269	0.011803	8.6
371	-0.256892	57.859455	111.353420	0.001553	11.4
372	-0.245161	58.859241	109.959347	0.004941	8.4
373	-0.272456	59.254975	109.417141	0.002949	7.9
374	-0.261308	58.514284	110.436384	0.005855	10.9
375	-0.253147	58.381954	110.620482	0.002851	1.7
376	-0.250879	57.650061	111.649882	0.002236	6.1
377	-0.246056	56.955851	112.644142	0.003815	11.0
378	-0.255837	56.173939	113.785432	0.005042	6.5
379	-0.263529	55.369632	114.983794	0.013518	9.2
380	-0.254609	54.562869	116.211442	0.005468	7.5
381	-0.244990	53.756236	117.465384	0.002317	6.0
382	-0.249838	54.755401	115.916092	0.005344	10.1
383	-0.232218	55.753776	114.408312	0.003118	1.5
384	-0.249759	56.752774	112.938350	0.002116	11.3
385	-0.236506	56.048841	113.970175	0.002579	5.9
386	-0.261682	56.413237	113.433700	0.006043	5.5
387	-0.245865	56.798643	112.871763	0.002844	6.4
388	-0.239200	56.505676	113.298412	0.004243	5.9
389	-0.260077	56.964967	112.630972	0.003112	6.1
390	-0.248847	56.169882	113.791414	0.001335	11.2
391	-0.247499	56.096041	113.900401	0.006500	6.2
392	-0.259913	56.722009	112.983054	0.003839	11.2
393	-0.247570	55.916346	114.166499	0.002622	6.3
394	-0.250549	56.836101	112.817445	0.004404	7.7
395	-0.248545	56.227468	113.706563	0.006441	11.1
396	-0.263486	55.422249	114.904626	0.002026	6.3
397	-0.252382	56.396584	113.458108	0.002799	9.5
398	-0.248079	55.783223	114.364436	0.002994	8.0
399	-0.246502	56.728180	112.974085	0.001487	7.5
400	-0.254832	57.086074	112.456288	0.003023	17.1
401	-0.257332	57.378919	112.036121	0.001890	5.8
402	-0.253543	57.088285	112.453104	0.003547	6.8
403	-0.255954	57.596017	111.726653	0.005230	7.8
404	-0.253804	56.800204	112.869498	0.002217	5.9
405	-0.263879	57.794012	111.445906	0.005107	7.9
406	-0.257467	57.496061	111.868925	0.002572	7.9
407	-0.243964	58.293835	110.743414	0.007334	7.5
408	-0.244059	57.487902	111.880554	0.003548	5.8
409	-0.249862	56.904920	112.717785	0.007698	13.8
410	-0.263779	56.098115	113.897337	0.003326	8.4
411	-0.257524	57.098091	112.438983	0.008873	6.1
412	-0.261455	58.098088	111.017474	0.004660	9.9
413	-0.252100	59.098088	109.631455	0.001957	5.9
414	-0.245963	59.892876	108.554306	0.002546	5.9
415	-0.261964	59.941501	108.489093	0.003038	11.9
416	-0.260713	60.888633	107.234297	0.003779	4.4
417	-0.258877	60.146275	108.215319	0.003961	6.0
418	-0.254989	59.425155	109.185615	0.003399	6.0
419	-0.259576	60.408725	107.866447	0.004736	4.7
420	-0.269575	59.604046	108.943291	0.009244	10.7
421	-0.254926	60.604046	107.608268	0.002039	7.7
422	-0.275249	61.603300	106.306528	0.003114	11.4
423	-0.277163	61.105621	106.950900	0.003128	1.9
424	-0.245140	60.420380	107.851007	0.004115	13.6
425	-0.266115	59.622935	108.917766	0.002484	7.9
426	-0.253747	60.612872	107.596630	0.002461	6.2
427	-0.238954	61.033926	107.044370	0.001525	11.2
428	-0.250172	60.906149	107.211364	0.006317	5.8
429	-0.241147	60.564514	107.660421	0.003337	5.8
430	-0.253993	61.564490	106.356497	0.003788	10.7
431	-0.257685	60.887703	107.235515	0.004114	5.9
432	-0.251114	60.086013	108.295743	0.007795	6.2
433	-0.246101	59.567742	108.992380	0.004620	7.7
434	-0.256242	60.567608	107.656339	0.002008	12.4
435	-0.262811	59.772769	108.715724	0.003180	5.9
436	-0.252596	60.671254	107.519716	0.010599	9.8
437	-0.256360	61.671251	106.219150	0.001717	5.8
438	-0.246501	60.931223	107.178554	0.002899	6.0
439	-0.259910	61.821906	106.025935	0.004040	6.4
440	-0.261010	61.025693	107.055115	0.001907	6.0
441	-0.267084	61.814974	106.034809	0.002499	6.5
442	-0.263524	61.724274	106.151068	0.002060	6.4
443	-0.255813	62.104439	105.665475	0.001797	6.3
444	-0.243497	62.384959	105.309999	0.001706	7.2
445	-0.248028	61.846298	105.994718	0.002803	11.0
446	-0.255694	61.672890	106.217044	0.007558	10.7
447	-0.251002	60.871680	107.256502	0.002512	10.8
448	-0.253102	60.066950	108.321209	0.004162	11.3
449	-0.256375	60.939303	107.167984	0.002225	9.7
450	-0.249627	61.547042	106.378979	0.006776	4.1
451	-0.266443	60.740794	107.428244	0.003192	10.2
452	-0.247540	61.740769	106.129905	0.001808	7.0
453	-0.264302	62.554295	105.096572	0.002867	11.3
454	-0.247761	62.157476	105.598083	0.004327	9.9
455	-0.255650	61.745242	106.124169	0.002446	4.9
456	-0.265964	60.977206	107.118435	0.003858	6.5
457	-0.252883	61.707145	106.173052	0.003200	5.9
458	-0.251794	62.229087	105.507224	0.006026	5.9
459	-0.230542	62.527528	105.130251	0.003439	7.8
460	-0.246509	63.509299	103.908920	0.002536	8.3
461	-0.257591	62.718843	104.890006	0.005091	5.7
462	-0.256164	61.917512	105.903684	0.004567	5.8
463	-0.259848	62.060728	105.721082	0.011471	8.4
464	-0.241236	63.060728	104.463407	0.004698	7.2
465	-0.247588	62.368422	105.330889	0.007209	8.6
466	-0.240438	61.578945	106.337880	0.004765	6.4
467	-0.245524	60.772140	107.387063	0.002773	5.9
468	-0.258522	61.371618	106.605530	0.002602	5.7
469	-0.255663	61.553313	106.370898	0.001852	5.9
470	-0.249833	61.363406	106.616158	0.010241	6.9
471	-0.253263	62.256804	105.472100	0.005325	5.7
472	-0.245532	63.256804	104.220307	0.005240	5.1
473	-0.260566	62.450000	105.227921	0.003054	10.2
474	-0.268550	63.121483	104.387960	0.002388	4.8
475	-0.243903	63.290234	104.178973	0.002404	11.1
476	-0.258719	64.106131	103.180227	0.006294	8.7
477	-0.260237	65.087681	102.003793	0.002480	7.4
478	-0.254663	65.945551	100.997347	0.008762	5.8
479	-0.252582	65.139383	101.942569	0.004931	11.2
480	-0.254735	66.139383	100.772690	0.001990	6.0
481	-0.242154	66.987453	99.801389	0.002912	6.1
482	-0.254707	67.303276	99.444442	0.003915	6.7
483	-0.257667	67.965586	98.704121	0.002824	11.2
484	-0.240508	68.898603	97.679715	0.006029	5.8
485	-0.241310	69.898373	96.605359	0.002642	11.6
486	-0.269164	69.095774	97.465947	0.003455	4.8
487	-0.267008	70.068703	96.424673	0.003298	6.3
488	-0.249569	69.329210	97.214068	0.002689	5.8
489	-0.252860	69.749188	96.764171	0.002319	5.8
490	-0.252630	69.201743	97.351445	0.002037	5.9
491	-0.277443	69.826377	96.681936	0.003869	10.9
492	-0.269161	70.329770	96.149043	0.011679	10.6
493	-0.253677	69.855928	96.650490	0.003046	6.5
494	-0.237800	70.855928	95.598294	0.001744	10.5
495	-0.255540	70.368010	96.108802	0.003881	12.7
496	-0.246384	69.601826	96.921556	0.003887	3.0
497	-0.251383	68.795772	97.791575	0.003290	8.0
498	-0.260121	68.238699	98.402039	0.004538	6.7
499	-0.263487	67.691557	99.009086	0.003253	6.9
500	-0.263350	68.686932	97.910251	0.002037	16.8
501	-0.255411	69.609885	96.912936	0.003083	2.5
502	-0.244885	69.970957	96.528279	0.003013	6.7
503	-0.259970	70.849913	95.604554	0.003736	8.0
504	-0.262562	71.842379	94.582561	0.009881	6.1
505	-0.260637	71.036446	95.410790	0.003054	10.6
506	-0.265147	72.029388	94.392430	0.006126	3.3
507	-0.254876	71.226125	95.214560	0.003514	6.2
508	-0.254200	71.106515	95.338207	0.004127	6.0
509	-0.264751	72.106034	94.314725	0.000861	6.0
510	-0.262662	72.609489	93.807477	0.003116	5.8
511	-0.245786	72.673158	93.743716	0.001759	7.5
512	-0.268327	72.216227	94.203233	0.002810	11.3
513	-0.249311	72.811612	93.605363	0.001706	11.0
514	-0.251028	72.155403	94.264741	0.003954	5.6
515	-0.266434	72.798603	93.618345	0.003576	6.6
516	-0.248771	73.707032	92.720358	0.004092	8.5
517	-0.267026	72.901619	93.515640	0.002127	5.8
518	-0.238344	73.848908	92.581666	0.002427	7.1
519	-0.246975	74.580669	91.872866	0.006427	6.0
520	-0.241915	74.685436	91.772273	0.002694	8.6
521	-0.259844	75.641171	90.864689	0.002288	6.6
522	-0.260065	75.943734	90.581099	0.002937	11.1
523	-0.257397	76.147845	90.390785	0.005167	11.0
524	-0.253004	76.873945	89.720200	0.002760	9.6
525	-0.257518	77.871635	88.814856	0.003467	12.9
526	-0.271877	77.078548	89.533034	0.002318	10.7
527	-0.263960	78.021293	88.680623	0.007003	10.8
528	-0.252776	79.018318	87.796617	0.003624	2.7
529	-0.250538	79.038085	87.779269	0.005596	6.4
530	-0.249307	80.037772	86.910764	0.008038	10.0
531	-0.264657	81.037772	86.059013	0.002955	6.6
532	-0.246544	82.037720	85.223838	0.002814	5.6
533	-0.256259	81.295273	85.842383	0.002798	6.1
534	-0.250650	82.247992	85.050274	0.001993	5.7
535	-0.249765	82.011201	85.245778	0.001549	12.1
536	-0.249365	81.752344	85.460532	0.011878	5.2
537	-0.252105	81.955277	85.292082	0.002080	2.4
538	-0.254433	82.955040	84.471806	0.003507	5.9
539	-0.250432	83.751035	83.829911	0.002748	8.2
540	-0.239426	84.464007	83.263193	0.006516	5.4
541	-0.260253	83.660271	83.902611	0.003008	9.2
542	-0.271632	84.655731	83.112103	0.003039	6.8
543	-0.265235	83.911996	83.701296	0.003732	7.4
544	-0.251709	83.142044	84.320123	0.004426	9.6
545	-0.247819	82.373358	84.947129	0.003879	5.5
546	-0.244197	81.567067	85.614907	0.003245	14.3
547	-0.265731	82.565707	84.789360	0.004906	4.0
548	-0.261965	83.541396	83.998017	0.001851	11.0
549	-0.253245	83.221101	84.256162	0.002468	6.9
550	-0.256676	82.985187	84.447316	0.001568	11.8
551	-0.250941	83.122048	84.336316	0.003002	5.9
552	-0.247551	83.575212	83.970855	0.007060	5.8
553	-0.275817	84.575197	83.175502	0.008795	8.9
554	-0.262625	85.575197	82.395062	0.002427	5.9
555	-0.253745	86.551822	81.646873	0.004960	5.9
556	-0.255009	86.350943	81.799654	0.003524	12.2
557	-0.247500	87.349605	81.045703	0.006647	7.7
558	-0.249320	88.349604	80.304543	0.001862	5.8
559	-0.247950	87.557289	80.890653	0.003230	6.0
560	-0.270230	86.915843	81.371463	0.003369	13.2
561	-0.266221	86.244580	81.880781	0.003188	10.6
562	-0.242650	85.640396	82.344687	0.003109	5.8
563	-0.261581	84.991319	82.848955	0.003145	6.4
564	-0.256157	84.231469	83.447186	0.003263	5.9
565	-0.255304	85.111018	82.755496	0.003883	10.9
566	-0.256934	86.093549	81.996255	0.002322	6.1
567	-0.244114	86.075755	82.009881	0.003169	11.1
568	-0.251576	86.969107	81.331320	0.003114	6.1
569	-0.250831	87.472115	80.954170	0.004345	11.0
570	-0.256001	88.428232	80.246842	0.005814	6.1
571	-0.252130	87.621636	80.842734	0.003975	12.1
572	-0.253341	88.621603	80.105287	0.010613	6.0
573	-0.253200	89.621603	79.381149	0.003629	12.1
574	-0.250370	90.621603	78.669986	0.004802	9.6
575	-0.252959	91.612757	77.977578	0.002242	10.2
576	-0.242909	91.515853	78.044735	0.005223	11.0
577	-0.260490	91.252625	78.227747	0.002889	6.0
578	-0.267424	90.446536	78.793566	0.001819	10.9
579	-0.258764	89.973319	79.129561	0.003932	10.4
580	-0.262850	90.628425	78.665179	0.002296	5.7
581	-0.256290	89.894248	79.185983	0.004213	5.9
582	-0.241593	89.205327	79.680994	0.002775	12.7
583	-0.256668	88.427381	80.247466	0.003599	8.9
584	-0.265425	87.642272	80.827378	0.001994	5.9
585	-0.268352	87.807720	80.704475	0.003828	6.2
586	-0.264061	87.586563	80.868846	0.008122	8.6
587	-0.256779	88.337795	80.313217	0.004664	10.1
588	-0.252622	87.535145	80.907157	0.004876	7.9
589	-0.249864	86.910065	81.375820	0.008027	5.9
590	-0.238723	87.894795	80.639942	0.003530	6.0
591	-0.257073	88.825066	79.956883	0.005917	10.7
592	-0.250739	89.815241	79.242439	0.004220	8.2
593	-0.253349	89.063185	79.783899	0.005057	3.5
594	-0.256362	88.258971	80.371158	0.002207	11.2
595	-0.258584	89.241792	79.654638	0.002278	2.6
596	-0.255697	88.897311	79.904320	0.004065	14.0
597	-0.235004	89.876824	79.198427	0.003371	4.7
598	-0.250372	90.264454	78.922510	0.003450	7.9
599	-0.257095	91.240544	78.236168	0.002541	5.5
600	-0.256211	92.206343	77.568710	0.004024	9.8
601	-0.246770	91.412446	78.116528	0.002401	11.2
602	-0.251238	90.618478	78.672189	0.003926	6.9
603	-0.259325	91.474298	78.073570	0.000957	9.3
604	-0.259687	92.012660	77.701648	0.002677	11.6
605	-0.261323	91.899091	77.779811	0.003477	10.3
606	-0.266959	91.120066	78.320235	0.001860	6.0
607	-0.267956	90.427180	78.807253	0.001910	6.3
608	-0.264109	90.988365	78.412342	0.005456	6.2
609	-0.254884	90.184712	78.979114	0.002748	6.0
610	-0.263129	91.150206	78.299187	0.009009	6.5
611	-0.252805	90.344542	78.865743	0.002084	5.8
612	-0.250767	89.550537	79.432178	0.002083	6.3
613	-0.247675	89.571544	79.417088	0.006813	6.1
614	-0.266458	89.444859	79.508182	0.002861	6.1
615	-0.266488	88.650678	80.084046	0.004045	6.0
616	-0.253027	89.249366	79.649166	0.003005	7.4
617	-0.254028	88.507017	80.189108	0.003369	6.2
618	-0.258264	88.076316	80.505744	0.003488	7.4
619	-0.258147	87.890342	80.643240	0.008240	6.8
620	-0.261417	87.083547	81.245206	0.008981	17.0
621	-0.260909	86.276742	81.856233	0.002190	7.4
622	-0.259096	87.261631	81.111562	0.002117	10.3
623	-0.256563	86.876814	81.400902	0.008917	9.1
624	-0.259497	87.588603	80.867326	0.002825	6.7
625	-0.264951	86.909187	81.376482	0.002491	8.0
626	-0.267797	87.840381	80.680257	0.003930	7.9
627	-0.243407	87.061663	81.261659	0.002178	6.0
628	-0.239098	87.357016	81.040161	0.002886	6.3
629	-0.253933	87.083441	81.245285	0.003341	5.8
630	-0.265523	86.355820	81.795938	0.003226	6.3
631	-0.250177	87.349706	81.045628	0.005296	7.3
632	-0.259285	88.207494	80.409042	0.003430	8.2
633	-0.265482	87.503867	80.930480	0.004470	11.0
634	-0.264130	87.322720	81.065819	0.002879	8.7
635	-0.264843	86.517325	81.673070	0.001699	6.4
636	-0.254959	86.369513	81.785506	0.002996	8.0
637	-0.258898	86.148826	81.953954	0.002804	6.3
638	-0.262443	85.399843	82.530855	0.002692	9.7
639	-0.257940	85.693315	82.303844	0.002321	6.8
640	-0.240241	86.560093	81.640595	0.004315	6.5
641	-0.262184	85.784179	82.233811	0.012156	10.9
642	-0.253979	86.780021	81.474005	0.002042	6.2
643	-0.250420	85.992466	82.073723	0.001947	5.9
644	-0.262970	85.944828	82.110282	0.004125	11.1
645	-0.252401	86.835864	81.431814	0.001541	6.9
646	-0.249278	87.489249	80.941384	0.001983	11.9
647	-0.262333	87.708247	80.778324	0.003004	7.7
648	-0.242923	87.135067	81.206497	0.003790	7.7
649	-0.252895	86.336761	81.810461	0.004118	5.9
650	-0.255357	85.533078	82.427638	0.004425	11.3
651	-0.264599	84.769130	83.022995	0.005058	11.0
652	-0.261078	83.964017	83.659813	0.004057	5.8
653	-0.255350	83.157215	84.307842	0.002641	6.2
654	-0.261700	82.380255	84.941462	0.003870	6.6
655	-0.251095	83.005039	84.431198	0.002663	12.0
656	-0.269248	82.434605	84.896829	0.006413	9.5
657	-0.265324	81.628357	85.563778	0.001884	11.1
658	-0.260266	80.920428	86.158096	0.003983	7.6
659	-0.262010	81.183888	85.935955	0.001244	8.0
660	-0.250312	80.702928	86.342352	0.003122	11.3
661	-0.272184	81.130441	85.980927	0.005503	9.4
662	-0.254006	80.325603	86.663881	0.007612	4.4
663	-0.253005	79.575929	87.309857	0.003402	6.8
664	-0.273332	80.514215	86.502861	0.002870	7.0
665	-0.251016	81.243604	85.885763	0.003019	8.9
666	-0.251707	82.184598	85.102527	0.002569	11.0
667	-0.243091	82.736195	84.650010	0.005717	5.1
668	-0.262160	83.614050	83.939681	0.001630	16.4
669	-0.241396	83.146802	84.316271	0.005671	7.5
670	-0.260085	84.090106	83.559436	0.005053	5.9
671	-0.257546	85.090106	82.771809	0.002139	5.9
672	-0.252644	84.293599	83.397947	0.004519	10.9
673	-0.262081	85.246003	82.650356	0.002108	10.1
674	-0.262639	84.661916	83.107237	0.002593	5.7
675	-0.263505	85.027319	82.820825	0.005337	6.0
676	-0.262468	84.260777	83.423952	0.002918	5.9
677	-0.268261	83.921707	83.693549	0.009660	13.2
678	-0.275886	83.115120	84.341928	0.016589	12.1
679	-0.260613	82.308315	85.000612	0.004366	2.4
680	-0.242320	81.502145	85.669134	0.004158	6.4
681	-0.259004	80.776983	86.279528	0.002945	6.5
682	-0.253440	80.099547	86.857659	0.003397	8.0
683	-0.246533	79.296397	87.553195	0.003986	6.1
684	-0.256500	79.176079	87.658352	0.003979	6.5
685	-0.264176	78.417661	88.327063	0.003190	6.1
686	-0.247824	77.869465	88.816805	0.003567	9.2
687	-0.251143	78.738763	88.042700	0.004891	5.9
688	-0.261318	79.729058	87.177128	0.007461	10.0
689	-0.259827	79.335475	87.519095	0.002970	5.2
690	-0.247585	80.334726	86.656078	0.004106	5.9
691	-0.254272	80.096576	86.860211	0.005790	11.4
692	-0.258529	79.289924	87.558846	0.002919	10.7
693	-0.255192	80.288789	86.695380	0.003468	13.7
694	-0.261755	81.207244	85.916317	0.008121	2.2
695	-0.258112	81.323828	85.818427	0.006844	5.9
696	-0.254502	80.517025	86.500466	0.002393	9.0
697	-0.239845	79.736728	87.170490	0.001841	6.4
698	-0.258345	80.249828	86.728740	0.002398	6.7
699	-0.258986	80.405239	86.595822	0.002974	10.2
700	-0.261205	81.182004	85.937539	0.002343	6.6
701	-0.248505	81.665752	85.532613	0.004577	9.8
702	-0.252557	82.054661	85.209829	0.008226	9.1
703	-0.260298	81.247858	85.882190	0.002371	6.1
704	-0.264170	82.247802	85.050430	0.005961	7.9
705	-0.252387	81.492145	85.677493	0.002677	6.4
706	-0.261295	80.689949	86.353372	0.002697	8.8
707	-0.269733	79.969172	86.969813	0.003489	5.9
708	-0.253623	79.249672	87.594003	0.003218	6.8
709	-0.266463	80.175027	86.792861	0.002929	6.5
710	-0.256275	79.374611	87.484971	0.009354	5.8
711	-0.247858	78.607106	88.159072	0.011827	6.6
712	-0.247753	77.800301	88.878980	0.008966	8.0
713	-0.258172	76.993496	89.610743	0.003451	6.2
714	-0.252173	77.991123	88.707651	0.003486	15.4
715	-0.248704	77.910199	88.780228	0.004629	2.4
716	-0.250688	78.896697	87.903506	0.005204	5.9
717	-0.258291	78.089894	88.619229	0.003479	11.6
718	-0.247910	77.283197	89.346605	0.002727	4.2
719	-0.264681	77.207639	89.415345	0.004023	6.2
720	-0.262935	78.065949	88.640648	0.001843	5.7
721	-0.249736	77.365962	89.271429	0.004176	5.9
722	-0.257469	77.956614	88.738586	0.001695	6.0
723	-0.255838	77.642687	89.020994	0.001134	11.2
724	-0.250323	77.455867	89.189910	0.000965	6.9
725	-0.264750	77.487455	89.161305	0.004950	6.3
726	-0.240507	78.193855	88.526350	0.002022	11.1
727	-0.267523	77.402246	89.238512	0.002133	5.5
728	-0.267018	77.238715	89.387061	0.006444	7.9
729	-0.257036	76.476216	90.086283	0.002734	8.9
730	-0.266413	75.692671	90.816293	0.008588	7.9
731	-0.268169	76.692669	89.886683	0.003293	8.0
732	-0.256069	76.006102	90.522862	0.002828	6.5
733	-0.262643	75.241279	91.242241	0.004598	9.5
734	-0.251593	76.240490	90.304666	0.006325	1.6
735	-0.247667	75.433688	91.060191	0.002601	6.1
736	-0.260017	76.176222	90.364389	0.002575	6.5
737	-0.261600	76.405492	90.151693	0.002027	8.6
738	-0.253813	75.757446	90.755496	0.003203	7.9
739	-0.261157	76.152487	90.386466	0.004159	6.4
740	-0.246419	75.367236	91.122983	0.004470	9.6
741	-0.247736	75.555383	90.945421	0.008154	7.6
742	-0.262807	74.748578	91.711753	0.003943	8.0
743	-0.269163	73.972976	92.460722	0.003843	7.1
744	-0.262194	73.228459	93.191272	0.002016	6.3
745	-0.257621	72.608010	93.808959	0.002239	11.5
746	-0.256332	72.609512	93.807454	0.009834	6.1
747	-0.248605	73.362572	93.058824	0.003444	5.8
748	-0.251515	72.555868	93.861242	0.002460	6.1
749	-0.252336	73.482800	92.940408	0.002163	10.7
750	-0.250607	73.157475	93.261528	0.002092	9.2
751	-0.257861	72.825464	93.591544	0.002280	5.6
752	-0.267587	72.825732	93.591276	0.002227	6.6
753	-0.251702	72.273895	94.144990	0.002995	5.9
754	-0.237826	72.675273	93.741601	0.004527	11.4
755	-0.258683	73.495996	92.927429	0.006648	10.9
756	-0.258073	72.689322	93.727543	0.000703	5.9
757	-0.251947	72.620546	93.796398	0.005799	5.8
758	-0.238790	72.224193	94.195184	0.005271	6.8
759	-0.252086	71.418473	95.016393	0.002684	6.4
760	-0.253448	70.781484	95.675833	0.007470	9.8
761	-0.256011	71.765127	94.661326	0.003054	10.5
762	-0.256285	70.958353	95.491815	0.003762	8.0
763	-0.251231	71.898667	94.525253	0.002461	8.6
764	-0.254751	71.136207	95.307483	0.002232	6.3
765	-0.259510	70.415469	96.058907	0.004529	11.0
766	-0.261529	71.154334	95.288735	0.002103	11.3
767	-0.256855	70.534241	95.934263	0.002807	4.6
768	-0.254015	70.232110	96.251966	0.010713	10.2
769	-0.249863	71.118498	95.325805	0.002955	7.6
770	-0.249326	72.118498	94.302101	0.004938	7.9
771	-0.269484	73.072789	93.345483	0.004369	5.9
772	-0.242470	74.072771	92.363670	0.001757	6.1
773	-0.246077	75.033256	91.439886	0.004705	5.9
774	-0.248952	74.248228	92.193526	0.003021	6.8
775	-0.258771	74.830432	91.633417	0.003267	7.2
776	-0.262953	75.738688	90.773093	0.006148	6.1
777	-0.239137	74.932524	91.535901	0.003912	9.8
778	-0.269186	74.125734	92.312244	0.003499	6.3
779	-0.270848	74.162817	92.276272	0.004261	13.3
780	-0.255158	73.356351	93.064959	0.004520	6.1
781	-0.256535	72.853686	93.563400	0.001734	6.2
782	-0.259359	72.167148	94.252858	0.008973	6.1
783	-0.266673	73.150701	93.268238	0.004373	5.8
784	-0.266939	74.150251	92.288458	0.002757	7.0
785	-0.244378	74.858975	91.606133	0.003696	6.6
786	-0.265988	75.293228	91.193017	0.003680	6.4
787	-0.263599	74.488710	91.961343	0.001792	6.1
788	-0.263514	75.387298	91.104017	0.003966	9.1
789	-0.261240	75.212664	91.269377	0.003834	6.1
790	-0.254728	76.211940	90.331187	0.003286	11.2
791	-0.245542	77.202679	89.419862	0.004732	5.4
792	-0.241191	78.200840	88.520117	0.002935	10.8
793	-0.252001	77.397016	89.243255	0.003741	6.2
794	-0.257423	76.778378	89.807892	0.001751	10.6
795	-0.259857	76.198518	90.343662	0.004958	10.9
796	-0.259320	76.962845	89.638780	0.002557	8.6
797	-0.264230	77.955705	88.739401	0.003896	6.0
798	-0.253639	78.653811	88.117754	0.002850	11.5
799	-0.262207	79.631618	87.261540	0.007186	6.9
800	-0.247492	80.389305	86.609431	0.002746	6.4
801	-0.255476	80.934935	86.145834	0.002544	5.8
802	-0.258956	81.658141	85.538954	0.004593	6.0
803	-0.265389	81.542158	85.635705	0.008764	6.3
804	-0.263187	82.541896	84.808859	0.004095	8.6
805	-0.254642	83.541659	83.997806	0.004096	10.5
806	-0.262583	82.743788	84.643815	0.008427	5.9
807	-0.242415	81.947170	85.298799	0.002712	6.2
808	-0.251072	81.140604	85.972372	0.007962	6.3
809	-0.263972	81.747913	85.464218	0.007464	8.5
810	-0.262590	82.747913	84.640450	0.009347	6.0
811	-0.248149	83.747913	83.832410	0.003988	9.9
812	-0.255265	84.747913	83.039653	0.002826	7.9
813	-0.247849	85.476234	82.471643	0.002147	11.0
814	-0.252723	86.248114	81.878083	0.007882	6.5
815	-0.265881	85.498017	82.454774	0.001813	7.2
816	-0.259388	85.699412	82.299141	0.004553	7.7
817	-0.254483	85.696652	82.301270	0.002414	12.6
818	-0.259023	85.097860	82.765760	0.002697	6.2
819	-0.250421	86.015642	82.055948	0.004170	11.4
820	-0.264979	87.011167	81.299649	0.002237	5.9
821	-0.262896	87.875857	80.653969	0.004463	11.6
822	-0.251999	88.866805	79.926507	0.001973	10.9
823	-0.244605	88.132001	80.464665	0.003390	7.1
824	-0.278384	87.807273	80.704807	0.002472	7.9
825	-0.276471	87.025801	81.288636	0.004955	6.1
826	-0.254771	87.856754	80.668122	0.005128	6.4
827	-0.260588	87.354301	81.042191	0.004341	7.2
828	-0.255825	86.549385	81.648723	0.003069	12.2
829	-0.255690	87.525853	80.914084	0.002870	11.8
830	-0.248476	87.564568	80.885230	0.003928	7.7
831	-0.254536	86.827433	81.438181	0.005840	6.1
832	-0.249897	86.020642	82.052115	0.005387	9.9
833	-0.254570	85.213837	82.675386	0.001519	6.1
834	-0.256300	86.130464	81.968001	0.004472	9.8
835	-0.255358	85.391310	82.537474	0.002053	8.0
836	-0.258900	85.353833	82.566559	0.003759	6.1
837	-0.262613	85.862216	82.173759	0.002331	6.1
838	-0.265417	85.246116	82.650268	0.003855	7.6
839	-0.255244	86.220351	81.899284	0.005578	6.8
840	-0.239900	87.195956	81.160796	0.004588	5.9
841	-0.251504	86.458556	81.717736	0.003539	11.1
842	-0.252269	85.652107	82.335645	0.003723	8.0
843	-0.252121	84.845784	82.962870	0.003009	7.1
844	-0.239802	85.827672	82.200331	0.003337	6.4
845	-0.243427	85.770747	82.244156	0.003000	11.1
846	-0.260901	85.842224	82.189135	0.002821	1.6
847	-0.259017	85.939383	82.114463	0.002482	6.0
848	-0.256443	86.044238	82.034027	0.002477	11.3
849	-0.234895	86.089085	81.999674	0.002853	3.7
850	-0.268035	86.817203	81.445908	0.003015	11.2
851	-0.259594	86.852822	81.419010	0.003042	8.3
852	-0.269420	86.091589	81.997756	0.004272	11.2
853	-0.255349	87.090231	81.240182	0.001912	5.9
854	-0.242030	86.427849	81.741094	0.002650	8.5
855	-0.259485	85.756077	82.255458	0.007798	7.8
856	-0.255384	86.390974	81.769162	0.001140	2.1
857	-0.259004	86.665296	81.560821	0.004390	10.1
858	-0.260724	86.203012	81.912531	0.003173	5.9
859	-0.258491	87.147965	81.196812	0.003559	11.9
860	-0.253301	86.366628	81.787704	0.002688	6.4
861	-0.264650	85.663925	82.326522	0.005004	5.9
862	-0.252505	86.639531	81.580344	0.003135	13.6
863	-0.246502	86.033677	82.042122	0.004713	3.5
864	-0.243187	85.243078	82.652632	0.002180	8.3
865	-0.256179	86.194600	81.918959	0.004408	8.2
866	-0.258363	87.118266	81.219116	0.011057	11.0
867	-0.253518	86.945076	81.349426	0.002481	5.1
868	-0.254501	87.945061	80.602736	0.002319	11.3
869	-0.257828	87.382291	81.021262	0.003122	6.2
870	-0.257585	86.637707	81.581727	0.004241	5.8
871	-0.256446	86.415575	81.750435	0.003000	6.4
872	-0.256587	86.949575	81.346036	0.002501	7.9
873	-0.261188	87.392810	81.013399	0.004199	6.5
874	-0.248848	88.076877	80.505330	0.002140	6.1
875	-0.249207	88.139506	80.459132	0.003333	5.9
876	-0.252597	88.973807	79.848741	0.001487	6.0
877	-0.253720	88.497381	80.196165	0.003230	5.7
878	-0.251164	88.829722	79.953494	0.001569	12.3
879	-0.259979	88.375417	80.285591	0.005279	10.3
880	-0.256168	88.130946	80.465444	0.004132	5.8
881	-0.245276	87.324154	81.064746	0.004744	10.9
882	-0.254049	88.321799	80.324968	0.011046	10.9
883	-0.254070	87.514994	80.922181	0.001282	6.3
884	-0.252302	88.459692	80.223778	0.003622	5.9
885	-0.256351	88.308806	80.334515	0.002456	6.1
886	-0.261919	89.079575	79.772020	0.006253	8.2
887	-0.248469	88.285396	80.351724	0.003150	8.0
888	-0.251456	89.208580	79.678642	0.005656	5.9
889	-0.241934	88.401955	80.266116	0.003508	5.9
890	-0.259346	89.401828	79.539172	0.006438	8.1
891	-0.257508	90.358500	78.855857	0.003316	7.6
892	-0.266302	89.675308	79.342630	0.005000	5.8
893	-0.246145	90.674894	78.632445	0.004378	10.4
894	-0.257161	89.871085	79.202526	0.006715	11.8
895	-0.254571	90.871082	78.494548	0.002746	11.2
896	-0.254421	91.868350	77.800995	0.002307	6.5
897	-0.267271	91.450776	78.089901	0.010936	6.0
898	-0.255860	91.720225	77.903233	0.005178	14.8
899	-0.255255	90.914810	78.463878	0.004329	4.4
900	-0.250181	91.914442	77.769237	0.004965	5.7
901	-0.264789	92.914407	77.086562	0.007727	10.2
902	-0.262083	93.914407	76.415745	0.005603	7.1
903	-0.257811	94.911245	75.758568	0.002590	6.6
904	-0.267246	95.475654	75.391463	0.002502	6.0
905	-0.257860	95.103294	75.633255	0.002898	6.0
906	-0.256186	96.039782	75.028079	0.009417	5.8
907	-0.249570	95.251132	75.537071	0.001502	6.0
908	-0.260274	94.491029	76.034218	0.002678	9.2
909	-0.263762	94.550214	75.995272	0.004819	10.6
910	-0.262293	95.321160	75.491596	0.005367	3.1
911	-0.241518	94.514424	76.018818	0.001392	6.5
912	-0.260404	94.435852	76.070560	0.001934	6.2
913	-0.262937	94.930067	75.746268	0.011749	5.6
914	-0.254391	95.918321	75.106022	0.003904	7.0
915	-0.237050	96.867092	74.501456	0.003824	6.1
916	-0.263237	97.864620	73.876230	0.003958	7.4
917	-0.260536	97.061087	74.379037	0.009094	6.9
918	-0.254285	98.061070	73.754334	0.003032	5.8
919	-0.264527	97.275694	74.244079	0.007460	11.2
920	-0.240463	98.270672	73.624722	0.004009	11.2
921	-0.245148	97.478215	74.117170	0.002015	7.8
922	-0.261907	97.586919	74.049230	0.002151	9.6
923	-0.250520	97.948252	73.824288	0.001899	6.2
924	-0.237886	98.576556	73.436385	0.003336	9.6
925	-0.264261	98.181037	73.680094	0.003253	8.0
926	-0.258551	99.166797	73.075677	0.005166	6.0
927	-0.254780	98.360250	73.569467	0.004387	10.0
928	-0.263327	97.632528	74.020761	0.004906	6.3
929	-0.259929	96.825874	74.527519	0.002666	6.5
930	-0.248830	97.554785	74.069301	0.002171	5.8
931	-0.252472	98.288841	73.613507	0.002911	8.4
932	-0.250375	98.706424	73.356714	0.004617	6.5
933	-0.263738	98.873296	73.254597	0.020048	11.8
934	-0.255338	99.873296	72.648553	0.001750	1.6
935	-0.259549	100.812064	72.088672	0.003305	9.0
936	-0.261721	101.228767	71.842908	0.005142	6.1
937	-0.253472	102.083581	71.343959	0.001854	6.2
938	-0.251811	102.879955	70.885318	0.003130	12.7
939	-0.251254	102.362306	71.182765	0.002356	6.4
940	-0.258483	103.338467	70.623921	0.006206	10.1
941	-0.268990	104.332647	70.063708	0.001286	1.6
942	-0.259980	104.135296	70.174205	0.001987	6.0
943	-0.249826	104.122168	70.181568	0.004869	7.1
944	-0.255834	103.406267	70.585431	0.002327	2.9
945	-0.255089	102.630332	71.028443	0.002720	11.7
946	-0.257271	103.532674	70.513783	0.003082	8.7
947	-0.261833	102.774462	70.945734	0.002321	5.9
948	-0.254985	103.492661	70.536447	0.002508	5.8
949	-0.250355	103.976994	70.263092	0.005020	6.5
950	-0.266757	104.943687	69.723781	0.002978	7.6
951	-0.267987	105.048961	69.665548	0.003983	6.1
952	-0.250650	106.047460	69.118029	0.007985	9.8
953	-0.262162	107.044374	68.579897	0.009052	11.7
954	-0.255922	108.036214	68.052756	0.002476	7.9
955	-0.271019	107.714041	68.223093	0.011770	5.9
956	-0.236606	108.713646	67.697349	0.001947	5.8
957	-0.249277	109.252769	67.417146	0.005276	5.9
958	-0.246860	108.984013	67.556539	0.004249	6.5
959	-0.262074	108.177296	67.978432	0.004200	7.6
960	-0.255828	109.172979	67.458470	0.003352	5.2
961	-0.250386	110.009455	67.027758	0.002076	11.2
962	-0.262084	110.376586	66.840449	0.002585	5.2
963	-0.249756	110.818703	66.616268	0.001837	6.8
964	-0.257591	111.277026	66.385451	0.001648	11.2
965	-0.249099	111.128849	66.459899	0.003929	8.3
966	-0.263034	110.544646	66.755054	0.003285	9.3
967	-0.253229	111.511055	66.268207	0.002972	6.2
968	-0.257474	112.129359	65.960432	0.003056	11.9
969	-0.263992	112.518811	65.768036	0.005508	9.6
970	-0.249052	111.712048	66.167843	0.004619	6.2
971	-0.257633	110.905256	66.572556	0.003991	7.8
972	-0.254831	110.273544	66.892915	0.004396	8.0
973	-0.260104	111.056519	66.496301	0.006603	5.8
974	-0.260814	110.255571	66.902074	0.002909	6.7
975	-0.259606	111.255457	66.396277	0.002802	11.4
976	-0.284251	112.220375	65.915368	0.001366	7.9
977	-0.253814	111.641220	66.203176	0.006054	8.0
978	-0.254799	112.333787	65.859301	0.005003	7.9
979	-0.264838	111.526983	66.260242	0.002515	7.3
980	-0.259836	112.510998	65.771885	0.002930	6.6
981	-0.274702	113.280472	65.394989	0.004881	5.9
982	-0.253744	114.279684	64.911964	0.002899	5.8
983	-0.257782	113.685937	65.198121	0.002978	9.8
984	-0.263281	114.563919	64.775864	0.003668	10.6
985	-0.252883	113.777862	65.153652	0.003645	5.7
986	-0.261619	114.772183	64.676503	0.013511	6.0
987	-0.255050	113.965379	65.063130	0.002951	6.2
988	-0.259458	114.965379	64.584603	0.005193	10.1
989	-0.258289	115.823103	64.179732	0.001375	6.5
990	-0.239010	116.630184	63.803373	0.006761	11.4
991	-0.257438	115.832741	64.175211	0.004661	6.2
992	-0.263890	116.832606	63.709671	0.004174	5.9
993	-0.253163	116.025934	64.084730	0.001585	7.6
994	-0.259898	115.842398	64.170682	0.005585	6.0
995	-0.267199	115.165994	64.489449	0.006618	6.1
996	-0.261443	116.165994	64.019293	0.002527	11.3
997	-0.253284	117.096688	63.587839	0.004123	6.5
998	-0.255703	117.908084	63.216407	0.005890	6.4
999	-0.253860	118.390031	62.997834	0.007883	6.2
1000	-0.260512	119.390030	62.549100	0.002723	7.2
1001	-0.248053	118.613154	62.897153	0.002688	5.8
1002	-0.256965	118.475519	62.959221	0.002401	6.1
1003	-0.259253	119.424740	62.533639	0.004584	7.2
1004	-0.258540	120.114875	62.227813	0.001963	11.1
1005	-0.250010	121.102453	61.795344	0.000916	5.9
1006	-0.260884	121.149835	61.774746	0.005603	6.8
1007	-0.253260	121.771975	61.505558	0.003149	5.9
1008	-0.258473	120.975149	61.850754	0.005782	6.0
1009	-0.262991	121.974445	61.418458	0.005625	10.0
1010	-0.249895	121.167640	61.767009	0.002498	2.9
1011	-0.242422	120.363551	62.118346	0.011011	5.9
1012	-0.250804	121.363551	61.682010	0.004594	9.9
1013	-0.250870	122.363551	61.251761	0.003232	5.8
1014	-0.261252	123.359390	60.829226	0.006409	6.2
1015	-0.247167	122.650107	61.129575	0.001683	11.3
1016	-0.254579	121.885193	61.456823	0.009005	1.6
1017	-0.259178	122.884828	61.029853	0.003127	11.0
1018	-0.254827	122.078115	61.373956	0.001359	2.0
1019	-0.268785	122.161664	61.338139	0.003680	10.6
1020	-0.253749	123.024409	60.970706	0.002072	6.1
1021	-0.268208	123.496452	60.771527	0.002277	6.4
1022	-0.255513	123.385847	60.818080	0.002474	6.2
1023	-0.248928	123.324062	60.844116	0.003290	12.2
1024	-0.247433	122.995728	60.982851	0.002037	4.1
1025	-0.268306	123.796100	60.645763	0.003536	5.6
1026	-0.258099	124.191502	60.480606	0.002093	11.6
1027	-0.247754	124.880888	60.194794	0.007039	6.3
1028	-0.258342	124.077463	60.528147	0.004572	1.5
1029	-0.263839	124.134780	60.504243	0.005726	10.7
1030	-0.249692	123.544026	60.751525	0.005011	6.6
1031	-0.267953	124.544025	60.334115	0.003619	6.3
1032	-0.257018	123.737300	60.670400	0.005033	9.4
1033	-0.269768	122.943550	61.004956	0.003531	5.5
1034	-0.248395	123.490048	60.774220	0.002852	11.5
1035	-0.243696	124.370047	60.406323	0.002647	5.7
1036	-0.254108	124.810023	60.224049	0.006933	11.3
1037	-0.247760	125.806475	59.815277	0.001226	5.4
1038	-0.253581	125.964490	59.750964	0.010216	5.9
1039	-0.257415	126.774674	59.423376	0.010842	5.8
1040	-0.253573	127.774674	59.023957	0.003780	6.2
1041	-0.257037	128.772415	58.630756	0.003052	6.7
1042	-0.245476	129.233849	58.450676	0.004417	10.8
1043	-0.255785	130.224291	58.067853	0.001825	7.2
1044	-0.262309	130.313834	58.033491	0.002202	8.0
1045	-0.257198	129.813440	58.226044	0.002349	7.4
1046	-0.265858	130.546436	57.944418	0.008175	8.4
1047	-0.246211	131.545852	57.564790	0.002993	5.5
1048	-0.249861	130.739056	57.870862	0.002420	11.5
1049	-0.250387	130.010264	58.150153	0.002304	6.9
1050	-0.260092	130.396657	58.001743	0.003377	6.0
1051	-0.264146	131.034154	57.758535	0.001467	6.8
1052	-0.242335	130.794855	57.849589	0.004812	10.5
1053	-0.248126	131.718669	57.499650	0.003507	1.5
1054	-0.247800	130.928161	57.798830	0.001192	9.1
1055	-0.247946	131.320218	57.650062	0.003718	11.9
1056	-0.260775	131.062870	57.747628	0.001621	5.1
1057	-0.261361	130.610203	57.920046	0.002074	5.5
1058	-0.262818	130.327204	58.028364	0.003070	7.2
1059	-0.265919	129.986775	58.159200	0.016125	8.1
1060	-0.263436	130.985797	57.776912	0.002823	11.0
1061	-0.275988	130.178992	58.085253	0.001571	10.5
1062	-0.255671	130.759124	57.863210	0.003350	6.1
1063	-0.251265	131.270308	57.668958	0.003047	6.0
1064	-0.238457	132.124856	57.347123	0.003544	6.1
1065	-0.248323	133.065377	56.997037	0.004432	6.3
1066	-0.275799	132.258659	57.297056	0.002506	11.0
1067	-0.257722	131.802701	57.468028	0.004273	3.6
1068	-0.243395	131.062781	57.747661	0.004828	6.7
1069	-0.246613	132.062697	57.370412	0.002155	6.0
1070	-0.263606	131.553030	57.562082	0.002893	6.0
1071	-0.264830	132.011853	57.389475	0.007202	7.0
1072	-0.256201	131.205109	57.693661	0.003608	5.9
1073	-0.245775	132.205109	57.317083	0.003933	5.8
1074	-0.248775	131.856023	57.447981	0.003382	8.1
1075	-0.254657	132.502770	57.205938	0.005075	6.8
1076	-0.242662	132.955650	57.037660	0.003496	11.1
1077	-0.256839	133.948020	56.672360	0.001347	9.9
1078	-0.253681	134.162643	56.593970	0.001382	5.7
1079	-0.264231	134.189155	56.584302	0.004196	9.6
1080	-0.253095	133.993825	56.655612	0.006660	4.7
1081	-0.237778	134.993824	56.292421	0.002854	18.0
1082	-0.259049	134.187081	56.585058	0.003108	6.8
1083	-0.251414	133.475930	56.845555	0.002239	5.8
1084	-0.259203	133.432970	56.861368	0.005445	5.9
1085	-0.255540	132.649068	57.151469	0.002523	11.0
1086	-0.255406	131.870020	57.442721	0.004283	5.5
1087	-0.259132	131.071649	57.744294	0.004939	12.2
1088	-0.256154	132.071030	57.367289	0.003385	4.4
1089	-0.260236	131.264316	57.671227	0.001560	11.2
1090	-0.264569	131.438152	57.605461	0.006221	8.2
1091	-0.258259	132.277916	57.289858	0.001747	7.8
1092	-0.259341	133.253907	56.927375	0.001935	11.2
1093	-0.262035	132.707497	57.129744	0.005590	4.9
1094	-0.253753	133.642201	56.784435	0.001599	10.2
1095	-0.257634	134.536624	56.457893	0.007213	6.1
1096	-0.261835	135.507133	56.107794	0.004287	6.0
1097	-0.268433	134.722876	56.390366	0.002974	11.4
1098	-0.257459	134.220452	56.572893	0.003585	6.2
1099	-0.251586	135.147300	56.237091	0.005499	11.6
1100	-0.268884	134.353889	56.524301	0.003053	9.2
1101	-0.248520	135.353679	56.162861	0.007717	5.9
1102	-0.256197	136.284641	55.830435	0.004545	6.6
1103	-0.252466	135.477946	56.118260	0.004080	5.8
1104	-0.251288	135.102728	56.253149	0.002137	11.4
1105	-0.259184	134.407195	56.504913	0.010921	1.8
1106	-0.238407	135.407184	56.143648	0.006823	5.8
1107	-0.247826	134.600380	56.434759	0.004483	5.9
1108	-0.267852	135.600340	56.074399	0.002326	4.2
1109	-0.242042	134.800357	56.362323	0.004703	3.8
1110	-0.258652	135.770238	56.013629	0.003815	6.6
1111	-0.245094	136.770200	55.658610	0.001700	6.0
1112	-0.268774	137.129295	55.532215	0.007055	7.1
1113	-0.271692	136.355912	55.805148	0.002261	6.9
1114	-0.255172	135.579750	56.081773	0.002938	6.3
1115	-0.240305	135.061777	56.267910	0.003491	6.1
1116	-0.255485	134.273894	56.553422	0.011042	6.7
1117	-0.259934	135.251198	56.199697	0.002294	16.7
1118	-0.241825	134.659446	56.413345	0.002338	6.7
1119	-0.255842	134.804802	56.360715	0.004557	2.4
1120	-0.268221	134.194986	56.582176	0.003721	6.2
1121	-0.256166	135.141581	56.239151	0.002917	11.7
1122	-0.263663	134.337970	56.530093	0.001297	5.8
1123	-0.249600	134.358885	56.522483	0.001867	5.4
1124	-0.253969	134.526724	56.461486	0.003697	9.8
1125	-0.264296	133.783772	56.732498	0.002936	6.0
1126	-0.261587	134.691652	56.401675	0.003752	6.8
1127	-0.252587	134.124634	56.607837	0.002982	11.4
1128	-0.249718	133.319138	56.903312	0.002811	5.8
1129	-0.269335	134.148242	56.599223	0.004322	9.2
1130	-0.261628	135.147278	56.237099	0.001515	12.9
1131	-0.263193	135.276292	56.190673	0.003625	10.6
1132	-0.266654	135.563805	56.087485	0.002743	5.8
1133	-0.252601	136.547132	55.737416	0.002827	11.0
1134	-0.248996	135.893638	55.969573	0.001930	10.4
1135	-0.259957	136.550163	55.736343	0.004463	5.5
1136	-0.255877	137.468873	55.413217	0.002801	9.1
1137	-0.239835	136.832017	55.636810	0.001974	8.9
1138	-0.261249	137.522811	55.394362	0.005714	6.2
1139	-0.266121	136.729201	55.673077	0.001793	10.5
1140	-0.264083	136.757234	55.663184	0.001710	7.0
1141	-0.248490	136.482020	55.760461	0.002920	7.9
1142	-0.250174	136.623454	55.710428	0.002508	7.3
1143	-0.266628	136.400586	55.789309	0.004364	6.7
1144	-0.260104	135.722881	56.030555	0.002976	11.0
1145	-0.252762	136.696242	55.684713	0.005010	9.3
1146	-0.254806	137.692025	55.335295	0.004007	6.8
1147	-0.245096	138.690451	54.989324	0.002228	10.7
1148	-0.242190	139.675110	54.652335	0.006170	8.7
1149	-0.258973	139.755421	54.625032	0.004682	4.6
1150	-0.264285	138.987659	54.887171	0.007118	8.0
1151	-0.245502	139.987657	54.546231	0.002240	5.8
1152	-0.242783	140.979115	54.212359	0.005046	6.1
1153	-0.254824	140.208468	54.471518	0.003111	8.5
1154	-0.241576	139.407577	54.743486	0.001477	11.3
1155	-0.252552	139.416632	54.740396	0.004338	6.2
1156	-0.264451	139.107576	54.846062	0.003595	13.6
1157	-0.264927	140.041680	54.527933	0.003435	5.5
1158	-0.261912	139.238338	54.801305	0.004475	4.9
1159	-0.252903	140.222774	54.466685	0.002424	10.0
1160	-0.248974	140.531725	54.362510	0.002681	5.7
1161	-0.254678	140.044535	54.526967	0.005807	6.4
1162	-0.256712	139.664520	54.655938	0.002440	6.4
1163	-0.243515	140.611782	54.335580	0.003046	8.6
1164	-0.248350	140.886987	54.243211	0.002232	7.2
1165	-0.251370	140.126052	54.499380	0.002611	11.3
1166	-0.258150	139.661658	54.656911	0.003911	5.9
1167	-0.242263	140.614388	54.334704	0.001780	6.1
1168	-0.244075	140.720004	54.299220	0.003051	7.0
1169	-0.254526	140.977349	54.212950	0.001663	6.5
1170	-0.261180	140.585319	54.344479	0.001419	6.1
1171	-0.258665	140.400333	54.406765	0.008130	5.9
1172	-0.259709	141.282394	54.111045	0.002936	11.0
1173	-0.265216	142.282133	53.779736	0.001503	7.9
1174	-0.252696	142.504778	53.706504	0.004355	5.9
1175	-0.263862	141.808974	53.936032	0.002903	11.6
1176	-0.256198	141.008796	54.202427	0.004097	5.8
1177	-0.264234	140.209833	54.471057	0.002048	8.5
1178	-0.247204	140.155696	54.489355	0.004193	11.5
1179	-0.251280	139.419567	54.739395	0.002774	15.8
1180	-0.262229	138.673410	54.995193	0.001790	2.1
1181	-0.260151	137.935213	55.250626	0.004168	4.9
1182	-0.265264	138.593937	55.022579	0.004926	6.1
1183	-0.255864	139.590670	54.681072	0.001712	6.3
1184	-0.252273	139.138568	54.835447	0.003648	6.1
1185	-0.237840	138.943859	54.902201	0.001556	6.8
1186	-0.268463	139.351083	54.762773	0.004609	6.3
1187	-0.250286	140.004956	54.540371	0.001674	10.9
1188	-0.266861	139.457032	54.726613	0.002141	4.3
1189	-0.254053	139.421676	54.738675	0.003368	9.9
1190	-0.262877	139.971976	54.551545	0.004891	1.4
1191	-0.255393	139.168540	54.825186	0.002522	11.3
1192	-0.257523	139.547674	54.695716	0.004422	6.4
1193	-0.267048	138.749214	54.969097	0.003097	7.4
1194	-0.255717	139.476028	54.720136	0.002872	11.1
1195	-0.261008	139.322551	54.772519	0.004228	6.2
1196	-0.248932	139.305360	54.778393	0.001550	11.6
1197	-0.246293	139.396343	54.747320	0.001932	6.7
1198	-0.263127	139.164100	54.826706	0.002098	13.2
1199	-0.267087	138.647081	55.004263	0.001318	4.2
1200	-0.239336	138.405938	55.087471	0.004363	6.3
1201	-0.254744	139.172819	54.823721	0.007631	5.8
1202	-0.257256	140.161372	54.487436	0.002264	13.9
1203	-0.268843	140.613864	54.334880	0.002709	10.3
1204	-0.261342	140.318873	54.434238	0.002016	7.5
1205	-0.258708	140.280512	54.447186	0.002336	11.7
1206	-0.253398	140.409613	54.403637	0.003187	7.9
1207	-0.239390	140.351220	54.423326	0.001617	15.9
1208	-0.266833	140.512813	54.368875	0.001390	1.8
1209	-0.258983	140.271039	54.450384	0.002207	11.2
1210	-0.253261	140.816665	54.266784	0.003426	6.0
1211	-0.271967	141.753412	53.954445	0.003871	6.1
1212	-0.250846	140.951393	54.221639	0.002382	7.7
1213	-0.253180	141.928910	53.896328	0.004935	14.7
1214	-0.251839	141.167772	54.149292	0.002710	3.6
1215	-0.261242	140.363262	54.419264	0.002203	6.6
1216	-0.262046	139.598141	54.678528	0.001882	13.5
1217	-0.251293	140.137708	54.495438	0.001477	5.8
1218	-0.268347	140.107118	54.505785	0.011232	5.2
1219	-0.253886	141.101930	54.171286	0.006018	5.8
1220	-0.269307	140.406870	54.404561	0.004306	12.9
1221	-0.241891	141.322376	54.097717	0.002233	13.3
1222	-0.256625	142.229672	53.797020	0.008518	2.1
1223	-0.256039	141.494214	54.040509	0.003223	10.3
1224	-0.247813	140.687606	54.310099	0.004028	11.8
1225	-0.250878	141.683734	53.977554	0.005677	7.8
1226	-0.251633	142.678746	53.649421	0.003453	7.7
1227	-0.261182	143.671706	53.325919	0.005938	6.3
1228	-0.256407	142.957613	53.558172	0.003422	5.8
1229	-0.265625	143.956389	53.233888	0.002852	11.7
1230	-0.257811	143.154439	53.493954	0.006355	7.0
1231	-0.256429	142.351922	53.756760	0.004344	8.4
1232	-0.255100	141.545161	54.023571	0.002143	5.7
1233	-0.245949	142.402424	53.740145	0.001896	10.2
1234	-0.258267	142.872549	53.585973	0.007066	3.8
1235	-0.261090	143.102420	53.510911	0.002006	6.2
1236	-0.255917	143.995314	53.221330	0.001913	6.2
1237	-0.252404	144.297563	53.124014	0.003470	11.3
1238	-0.234717	144.241218	53.142128	0.002525	8.7
1239	-0.277403	143.452384	53.397037	0.005835	7.7
1240	-0.254258	144.449557	53.075210	0.005429	6.3
1241	-0.260782	143.642760	53.335294	0.003886	5.9
1242	-0.255823	144.390924	53.094026	0.003067	6.2
1243	-0.257020	145.227782	52.826729	0.001988	11.2
1244	-0.257678	145.265329	52.814799	0.002689	7.1
1245	-0.267400	145.427491	52.763338	0.002633	9.4
1246	-0.267289	146.192931	52.521778	0.004815	6.3
1247	-0.253133	145.517029	52.734967	0.005986	6.3
1248	-0.261746	144.710225	52.991721	0.003216	5.5
1249	-0.258046	145.710200	52.673861	0.005937	7.5
1250	-0.257820	144.903790	52.929894	0.007860	9.7
1251	-0.260982	144.096985	53.188554	0.002944	5.0
1252	-0.248594	143.290213	53.449745	0.002252	9.1
1253	-0.264647	142.788610	53.613435	0.003097	8.0
1254	-0.276897	143.519863	53.375136	0.005114	6.0
1255	-0.255753	142.718604	53.636360	0.003170	6.3
1256	-0.250638	141.916241	53.900519	0.002934	6.2
1257	-0.263222	141.249258	54.122097	0.004232	6.1
1258	-0.252189	140.443008	54.392383	0.002484	6.1
1259	-0.242728	141.333611	54.093973	0.003372	5.8
1260	-0.246150	140.971133	54.215031	0.001924	7.1
1261	-0.241264	141.683086	53.977769	0.004828	8.1
1262	-0.250746	141.061678	54.184741	0.003448	7.7
1263	-0.256253	142.008551	53.869996	0.001956	6.9
1264	-0.237125	142.655827	53.656935	0.002593	6.4
1265	-0.254576	142.283484	53.779291	0.003749	5.8
1266	-0.267253	143.261652	53.459039	0.001691	11.8
1267	-0.247879	143.782898	53.289935	0.006325	6.6
1268	-0.252655	143.814116	53.279842	0.001365	10.3
1269	-0.251945	144.245772	53.140664	0.001676	15.5
1270	-0.259834	144.424101	53.083377	0.004002	1.9
1271	-0.275812	144.821858	52.956046	0.001441	11.6
1272	-0.257088	145.273590	52.812175	0.005983	6.3
1273	-0.267489	146.229438	52.510312	0.010578	5.9
1274	-0.266262	145.422633	52.764878	0.004610	11.3
1275	-0.245554	146.422614	52.449724	0.004515	11.0
1276	-0.251879	145.924370	52.606279	0.006586	3.3
1277	-0.255196	146.862766	52.312196	0.002265	11.7
1278	-0.264131	146.787656	52.335614	0.002235	8.3
1279	-0.257325	146.777308	52.338842	0.005970	7.7
1280	-0.254118	146.192902	52.521787	0.003725	5.7
1281	-0.254972	147.192806	52.209546	0.007276	6.8
1282	-0.254647	146.386439	52.461060	0.004245	6.4
1283	-0.247379	147.384782	52.150021	0.003873	6.3
1284	-0.265767	148.384681	51.842173	0.002849	11.3
1285	-0.263585	149.020741	51.648228	0.003360	10.3
1286	-0.254754	148.260023	51.880354	0.001786	6.7
1287	-0.257827	148.741256	51.733269	0.003159	9.2
1288	-0.252152	149.184977	51.598385	0.004580	6.6
1289	-0.264954	150.183640	51.297367	0.002044	9.3
1290	-0.264424	150.871836	51.091966	0.001650	6.0
1291	-0.246639	151.605422	50.874821	0.005466	6.0
1292	-0.249428	152.518685	50.607057	0.005557	6.0
1293	-0.254737	153.518685	50.317076	0.003059	5.9
1294	-0.262082	152.713708	50.550242	0.004960	11.0
1295	-0.259832	151.914694	50.783827	0.005509	5.5
1296	-0.267512	151.108235	51.021788	0.002151	6.6
1297	-0.253617	151.878092	50.794579	0.002071	6.3
1298	-0.265984	152.088789	50.732749	0.002586	5.9
1299	-0.246809	151.754899	50.830802	0.002065	6.1
1300	-0.254384	151.309237	50.962271	0.002172	11.2
1301	-0.245566	151.768360	50.826841	0.001875	8.5
1302	-0.254429	151.449396	50.920851	0.004545	6.0
1303	-0.248482	150.666099	51.153198	0.003721	6.2
1304	-0.234857	151.658976	50.859041	0.001491	6.1
1305	-0.248435	152.493160	50.614502	0.002248	10.6
1306	-0.256439	153.006050	50.465314	0.002408	4.9
1307	-0.252343	152.717212	50.549222	0.002241	6.7
1308	-0.269998	152.422284	50.635188	0.005939	10.6
1309	-0.248058	153.003659	50.466008	0.003946	6.1
1310	-0.260202	152.196866	50.701090	0.003120	10.3
1311	-0.266837	153.178405	50.415377	0.005126	6.4
1312	-0.248150	152.394881	50.643191	0.002436	9.4
1313	-0.245666	153.382666	50.356324	0.004279	7.8
1314	-0.252863	152.577396	50.589940	0.009812	8.0
1315	-0.260933	151.770591	50.826185	0.005209	11.1
1316	-0.260156	152.770591	50.533695	0.004432	6.3
1317	-0.254546	151.964162	50.769303	0.002374	6.4
1318	-0.242806	152.054225	50.742881	0.004819	11.6
1319	-0.252013	151.991643	50.761238	0.003908	7.0
1320	-0.255846	151.185014	50.999038	0.006081	6.3
1321	-0.255926	152.185013	50.704561	0.001920	9.7
1322	-0.239482	152.538703	50.601219	0.002928	7.1
1323	-0.249875	151.922097	50.781653	0.001191	5.7
1324	-0.250421	151.796566	50.818545	0.002502	6.7
1325	-0.262247	151.440879	50.923366	0.003251	12.0
1326	-0.250132	152.408583	50.639189	0.003002	7.9
1327	-0.263099	151.620994	50.870232	0.003867	5.9
1328	-0.266323	150.816850	51.108317	0.004107	10.0
1329	-0.246893	150.017076	51.347328	0.004583	6.8
1330	-0.250772	151.004290	51.052622	0.002788	6.5
1331	-0.261769	151.913837	50.784079	0.004476	10.5
1332	-0.255857	152.511555	50.609137	0.006591	5.8
1333	-0.254580	151.704751	50.845561	0.001913	6.6
1334	-0.259317	152.517029	50.607540	0.003091	7.3
1335	-0.256989	152.459172	50.624420	0.013265	7.9
1336	-0.249967	151.652398	50.860979	0.001806	12.0
1337	-0.257826	151.463478	50.916693	0.001737	10.7
1338	-0.262184	151.626046	50.868743	0.002259	9.1
1339	-0.271649	151.264489	50.975509	0.004362	6.8
1340	-0.263525	151.593922	50.878211	0.003422	7.0
1341	-0.252895	152.494751	50.614038	0.002494	8.5
1342	-0.258168	151.782332	50.822731	0.002607	3.5
1343	-0.258275	152.088745	50.732761	0.001778	10.0
1344	-0.242690	151.677258	50.853657	0.003782	6.7
1345	-0.264717	151.157422	51.007211	0.009407	10.0
1346	-0.259172	150.350617	51.247379	0.003846	7.1
1347	-0.264005	149.543812	51.489819	0.004149	10.9
1348	-0.250491	148.785594	51.719759	0.005330	5.9
1349	-0.254904	147.978827	51.966688	0.002637	17.5
1350	-0.258313	147.177877	52.214180	0.003166	7.6
1351	-0.246719	146.777852	52.338672	0.003266	5.6
1352	-0.256741	145.992415	52.584843	0.003885	11.1
1353	-0.256369	145.314230	52.799270	0.003994	5.9
1354	-0.242859	146.313726	52.483859	0.002269	7.0
1355	-0.247988	147.027742	52.260834	0.004430	6.4
1356	-0.259656	147.179547	52.213662	0.002530	6.5
1357	-0.238278	147.974937	51.967884	0.003928	6.6
1358	-0.233035	148.344204	51.854565	0.002558	5.9
1359	-0.254393	149.149744	51.609070	0.003317	9.8
1360	-0.272286	148.732388	51.735971	0.005002	6.7
1361	-0.272700	148.312324	51.864328	0.004379	9.0
1362	-0.245679	147.511049	52.110945	0.006489	11.1
1363	-0.255634	146.704315	52.361622	0.002291	9.5
1364	-0.260571	146.639932	52.381732	0.004216	5.6
1365	-0.261718	145.844173	52.631565	0.003374	9.5
1366	-0.250222	145.053206	52.882267	0.001922	10.8
1367	-0.256479	145.722932	52.669839	0.003402	9.0
1368	-0.264107	146.587676	52.398065	0.002058	12.0
1369	-0.261824	146.283409	52.493370	0.002818	7.3
1370	-0.270751	145.727190	52.668494	0.007409	11.1
1371	-0.247746	144.920479	52.924570	0.003053	6.0
1372	-0.257938	145.885870	52.618415	0.003929	6.3
1373	-0.261159	145.160780	52.848031	0.001295	10.2
1374	-0.271575	144.542840	53.045302	0.003613	6.3
1375	-0.251329	144.104465	53.186145	0.007874	10.5
1376	-0.274021	143.297792	53.447280	0.009369	2.1
1377	-0.247482	144.297792	53.123940	0.003374	11.2
1378	-0.257885	145.280030	52.810130	0.002044	7.9
1379	-0.250341	145.939234	52.601595	0.003696	5.9
1380	-0.231787	146.883797	52.305643	0.002540	11.5
1381	-0.268826	147.869547	52.000317	0.005982	4.9
1382	-0.266585	147.770341	52.030884	0.005447	6.1
1383	-0.261446	148.770340	51.724406	0.002208	7.6
1384	-0.251185	147.979399	51.966512	0.003785	4.9
1385	-0.250938	147.229774	52.198073	0.002822	8.0
1386	-0.267514	148.192020	51.901207	0.003608	8.4
1387	-0.264410	147.402352	52.144580	0.003999	8.0
1388	-0.259443	148.056356	51.942856	0.002733	6.1
1389	-0.265462	148.904750	51.683487	0.003784	9.6
1390	-0.248833	148.374041	51.845430	0.001543	6.1
1391	-0.249811	148.785613	51.719753	0.002695	6.0
1392	-0.251587	149.022579	51.647670	0.009672	6.5
1393	-0.256067	150.022578	51.345677	0.001716	13.5
1394	-0.241178	151.011832	51.050383	0.002783	11.1
1395	-0.275737	150.782681	51.118482	0.001438	8.5
1396	-0.255837	151.430972	50.926292	0.002481	7.0
1397	-0.263287	152.005955	50.757039	0.003407	8.5
1398	-0.245935	152.740757	50.542372	0.003918	7.9
1399	-0.262110	153.254712	50.393300	0.005040	7.9
1400	-0.264650	152.729941	50.545519	0.001658	5.8
1401	-0.254573	152.099148	50.729712	0.001594	6.5
1402	-0.262281	151.855515	50.801214	0.005441	7.4
1403	-0.272080	151.354722	50.948822	0.004499	5.7
1404	-0.261496	152.354693	50.654931	0.026051	11.0
1405	-0.257009	153.315638	50.375687	0.002549	6.3
1406	-0.261116	152.508849	50.609926	0.002870	8.7
1407	-0.264024	153.485463	50.326657	0.002607	11.2
1408	-0.256617	153.961348	50.189771	0.002166	11.8
1409	-0.259967	153.565577	50.303560	0.007054	2.0
1410	-0.248491	154.561859	50.018096	0.006440	10.9
1411	-0.249901	153.761696	50.247109	0.003761	9.9
1412	-0.247686	154.761623	49.961248	0.004549	6.0
1413	-0.261990	153.955190	50.191538	0.003510	6.3
1414	-0.259179	153.150142	50.423559	0.003528	5.9
1415	-0.257158	152.365158	50.651873	0.002169	6.0
1416	-0.256087	151.705276	50.845407	0.002215	5.9
1417	-0.251649	151.486686	50.909842	0.002235	11.8
1418	-0.259304	151.735861	50.836404	0.001939	9.6
1419	-0.254809	151.201782	50.994071	0.002261	6.1
1420	-0.254735	151.795796	50.818771	0.002651	6.6
1421	-0.252314	151.437606	50.924332	0.001893	7.1
1422	-0.267047	151.940379	50.776285	0.002437	12.0
1423	-0.248692	151.380331	50.941253	0.002153	7.8
1424	-0.257897	152.112475	50.725807	0.005416	7.9
1425	-0.266379	152.324693	50.663698	0.004770	6.0
1426	-0.252672	153.323772	50.373336	0.003639	5.8
1427	-0.254964	152.519417	50.606844	0.003775	8.0
1428	-0.255169	153.456262	50.335081	0.005617	5.9
1429	-0.257097	154.110008	50.147162	0.002356	6.0
1430	-0.264161	153.346229	50.366848	0.001112	8.0
1431	-0.264729	153.465616	50.332382	0.005246	5.9
1432	-0.254956	154.263707	50.103185	0.002175	10.4
1433	-0.264734	153.460416	50.333882	0.005188	6.9
1434	-0.256125	152.660033	50.565866	0.003110	7.8
1435	-0.259503	151.855852	50.801115	0.003021	11.0
1436	-0.267286	151.787672	50.821160	0.006642	6.7
1437	-0.258640	152.787324	50.528829	0.002385	8.8
1438	-0.255391	153.776330	50.242902	0.002828	6.3
1439	-0.247742	153.058255	50.450178	0.003698	9.4
1440	-0.253206	153.981073	50.184113	0.004550	10.9
1441	-0.268157	153.784837	50.240456	0.003137	6.2
1442	-0.265892	153.268688	50.389259	0.010009	10.3
1443	-0.263853	152.465158	50.622673	0.004368	6.2
1444	-0.256220	153.465158	50.332514	0.003242	7.3
1445	-0.260987	153.338224	50.369160	0.005938	6.3
1446	-0.252929	153.082522	50.443145	0.006535	5.9
1447	-0.235548	154.082522	50.155035	0.001301	9.8
1448	-0.260749	154.975647	49.900484	0.001702	8.7
1449	-0.263797	154.828726	49.942181	0.004059	11.2
1450	-0.258137	154.054543	50.163051	0.001782	5.9
1451	-0.271550	154.215496	50.116971	0.003998	10.0
1452	-0.253813	153.460073	50.333981	0.002550	7.6
1453	-0.248286	154.428229	50.056197	0.004826	8.0
1454	-0.268788	153.706737	50.262916	0.004486	6.7
1455	-0.266031	152.903617	50.495039	0.001864	5.8
1456	-0.258872	153.585765	50.297743	0.003919	5.9
1457	-0.257212	152.873507	50.503784	0.001643	11.5
1458	-0.253882	153.460920	50.333736	0.003888	9.9
1459	-0.246095	152.897871	50.496708	0.003663	6.3
1460	-0.234127	152.093151	50.731470	0.000691	6.6
1461	-0.254816	151.969412	50.767762	0.007191	11.7
1462	-0.277702	152.624573	50.576193	0.013354	4.3
1463	-0.251579	151.817768	50.812310	0.003718	1.6
1464	-0.262327	152.817768	50.519979	0.002111	6.3
1465	-0.251182	153.754150	50.249279	0.007170	10.0
1466	-0.262528	152.976494	50.473888	0.002907	6.1
1467	-0.259157	152.170222	50.708892	0.006885	11.2
1468	-0.253757	153.169940	50.417827	0.007897	6.3
1469	-0.256261	154.168713	50.130356	0.006920	11.1
1470	-0.266743	155.168713	49.845797	0.002751	5.8
1471	-0.260019	154.386691	50.068052	0.003526	11.1
1472	-0.254854	154.418205	50.059057	0.004529	7.4
1473	-0.253232	153.664312	50.275124	0.002135	5.9
1474	-0.257289	153.816123	50.231465	0.010216	6.3
1475	-0.240365	154.662695	49.989384	0.005139	5.8
1476	-0.255602	155.662667	49.706427	0.002455	13.3
1477	-0.252156	156.590190	49.446819	0.006678	1.5
1478	-0.256223	157.545839	49.182160	0.005089	9.4
1479	-0.260902	156.739104	49.405391	0.006082	5.9
1480	-0.272126	156.806254	49.386733	0.003811	6.3
1481	-0.250931	155.999936	49.611713	0.004856	5.8
1482	-0.247296	156.560890	49.454978	0.004362	9.6
1483	-0.248025	157.504869	49.193448	0.005332	11.0
1484	-0.259735	158.397853	48.948579	0.002837	10.4
1485	-0.243810	159.397281	48.677397	0.003805	6.1
1486	-0.271457	159.631975	48.614150	0.005298	10.3
1487	-0.270865	160.606937	48.353164	0.002990	1.6
1488	-0.264185	160.866927	48.284040	0.004692	6.1
1489	-0.276350	161.861294	48.021480	0.001831	6.0
1490	-0.255785	162.053370	47.971092	0.002488	5.8
1491	-0.259560	162.245950	47.920677	0.001900	11.0
1492	-0.243255	161.614922	48.086267	0.009512	7.2
1493	-0.256839	161.441503	48.131976	0.003368	13.7
1494	-0.264130	162.441368	47.869628	0.002847	3.7
1495	-0.250680	161.639259	48.079860	0.002164	6.2
1496	-0.256583	161.804783	48.036325	0.006374	10.3
1497	-0.262925	161.735241	48.054606	0.002831	6.7
1498	-0.267484	162.112436	47.955618	0.004562	8.3
1499	-0.266121	163.042147	47.713364	0.003342	6.0
1500	-0.255140	162.943905	47.738847	0.001772	5.9
1501	-0.251377	163.123944	47.692168	0.004547	10.9
1502	-0.252452	162.793537	47.777904	0.004040	5.1
1503	-0.250677	162.195757	47.933807	0.003923	4.4
1504	-0.258987	163.186752	47.675904	0.004846	6.3
1505	-0.246931	162.639275	47.818039	0.002295	11.2
1506	-0.276494	163.629864	47.561482	0.002782	5.6
1507	-0.262488	164.078638	47.446156	0.001415	11.1
1508	-0.250739	163.707720	47.541435	0.004139	5.9
1509	-0.266048	163.131166	47.690297	0.001386	5.8
1510	-0.260960	162.938563	47.740234	0.005413	8.2
1511	-0.257211	163.102465	47.697732	0.001456	8.5
1512	-0.244386	163.780638	47.522674	0.003850	6.1
1513	-0.268583	163.405259	47.619412	0.003371	11.0
1514	-0.247082	164.385649	47.367582	0.003185	6.4
1515	-0.257039	165.281783	47.139714	0.007389	5.9
1516	-0.242998	166.226757	46.901790	0.001429	6.0
1517	-0.265703	165.519373	47.079667	0.003641	5.9
1518	-0.250773	164.900109	47.236497	0.003581	11.2
1519	-0.260115	165.609786	47.056857	0.005374	7.0
1520	-0.248806	164.941261	47.226043	0.001815	4.5
1521	-0.259131	164.323254	47.383530	0.001904	4.8
1522	-0.259448	164.143265	47.429595	0.002145	5.7
1523	-0.262846	164.506922	47.336616	0.001956	11.4
1524	-0.250252	164.890522	47.238933	0.003295	10.3
1525	-0.246482	165.753044	47.020759	0.006478	5.9
1526	-0.258992	164.993096	47.212881	0.006483	10.3
1527	-0.255251	165.993092	46.960398	0.006792	2.6
1528	-0.252592	166.993092	46.710599	0.004141	8.2
1529	-0.251039	166.186290	46.911929	0.005606	6.8
1530	-0.262985	165.480620	47.089451	0.005698	5.8
1531	-0.264230	166.306429	46.881840	0.003150	5.3
1532	-0.259287	165.538079	47.074946	0.005855	5.9
1533	-0.253656	164.731438	47.279395	0.004145	11.1
1534	-0.238516	165.730813	47.026358	0.004150	10.0
1535	-0.258359	165.694326	47.035548	0.002664	5.0
1536	-0.254896	166.313085	46.880174	0.003465	10.3
1537	-0.252093	166.409492	46.856058	0.005392	6.7
1538	-0.268889	165.605986	47.057815	0.004709	1.6
1539	-0.273039	166.605985	46.806982	0.006492	7.8
1540	-0.269203	167.603892	46.559325	0.010627	5.9
1541	-0.245616	166.797087	46.759351	0.011694	6.2
1542	-0.247724	167.797087	46.511681	0.003247	5.9
1543	-0.258569	167.761964	46.520336	0.003096	8.2
1544	-0.264674	168.713685	46.286961	0.002501	7.1
1545	-0.255430	169.467108	46.103866	0.002106	10.6
1546	-0.263074	169.832244	46.015651	0.002887	8.8
1547	-0.247838	170.610696	45.828705	0.003401	6.6
1548	-0.245268	169.813254	46.020231	0.012561	14.7
1549	-0.244249	169.006461	46.215639	0.004957	7.0
1550	-0.259841	170.006461	45.973680	0.004320	5.7
1551	-0.263459	171.006447	45.734245	0.003708	5.6
1552	-0.244323	171.953829	45.509695	0.002279	6.0
1553	-0.262219	172.017313	45.494727	0.003378	8.6
1554	-0.273888	172.059921	45.484686	0.003999	5.9
1555	-0.248791	171.369701	45.647885	0.003265	6.9
1556	-0.243472	170.563656	45.839958	0.001948	7.1
1557	-0.256298	170.893264	45.761221	0.001849	5.9
1558	-0.252528	170.994959	45.736982	0.006272	4.6
1559	-0.262206	171.483208	45.620967	0.002742	6.1
1560	-0.248980	172.482899	45.385251	0.009372	6.0
1561	-0.255925	172.370108	45.411724	0.003348	6.0
1562	-0.257003	171.588425	45.596042	0.002469	6.8
1563	-0.258775	170.983162	45.739793	0.004022	7.3
1564	-0.271992	171.941946	45.512498	0.001794	8.9
1565	-0.262399	172.867971	45.295104	0.005726	8.0
1566	-0.251546	172.548276	45.369921	0.004800	10.8
1567	-0.256670	172.324567	45.422422	0.003853	8.8
1568	-0.258757	172.138528	45.466174	0.002521	6.0
1569	-0.257662	171.511894	45.614169	0.001632	6.3
1570	-0.246580	170.935995	45.751033	0.004925	11.1
1571	-0.264005	170.208712	45.925052	0.002648	9.6
1572	-0.260087	171.183980	45.691998	0.013432	5.7
1573	-0.253696	170.377176	45.884625	0.000824	11.0
1574	-0.250016	170.781698	45.787842	0.002290	8.0
1575	-0.255572	170.494482	45.856517	0.002858	6.3
1576	-0.263642	170.903214	45.758848	0.005001	8.2
1577	-0.251302	170.402471	45.878561	0.001535	5.8
1578	-0.242329	171.025298	45.729756	0.003452	6.2
1579	-0.255653	171.811317	45.543333	0.003840	11.1
1580	-0.268354	171.364332	45.649159	0.002058	5.4
1581	-0.260525	171.155025	45.698883	0.001103	11.5
1582	-0.258159	171.381163	45.645165	0.001685	10.8
1583	-0.246251	171.712391	45.566712	0.002909	4.3
1584	-0.258713	171.112318	45.709042	0.006447	3.6
1585	-0.250417	172.106572	45.473698	0.010742	6.1
1586	-0.237371	171.299767	45.664486	0.002846	9.9
1587	-0.259468	172.295009	45.429367	0.010263	11.4
1588	-0.256270	173.295009	45.195551	0.004205	3.4
1589	-0.249544	174.283738	44.966724	0.001379	12.0
1590	-0.272500	173.527683	45.141493	0.002251	6.7
1591	-0.262197	173.380615	45.175647	0.002920	6.2
1592	-0.249668	173.619688	45.120152	0.003103	6.6
1593	-0.253799	174.419418	44.935504	0.003019	6.3
1594	-0.249320	174.600558	44.893890	0.004113	8.6
1595	-0.252429	173.823017	45.073062	0.001914	7.3
1596	-0.250052	173.414970	45.167664	0.004724	12.0
1597	-0.257009	172.692048	45.336244	0.004062	2.5
1598	-0.262615	171.885762	45.525755	0.005051	10.7
1599	-0.250733	172.871335	45.294318	0.002303	6.6
1600	-0.267720	173.843976	45.068214	0.004213	6.5
1601	-0.244922	173.211663	45.214947	0.003313	6.2
1602	-0.253550	174.210799	44.983526	0.002685	11.0
1603	-0.253504	174.888413	44.827919	0.001624	5.9
1604	-0.253366	174.429043	44.933291	0.004249	5.9
1605	-0.254136	174.302194	44.962475	0.001582	6.2
1606	-0.253495	174.812926	44.845201	0.002718	7.7
1607	-0.248996	175.519896	44.683873	0.006697	10.7
1608	-0.266771	174.713175	44.868058	0.001355	6.0
1609	-0.249626	174.071021	45.015759	0.001789	6.4
1610	-0.268230	173.772618	45.084725	0.004081	6.4
1611	-0.265231	173.408143	45.169250	0.002037	11.3
1612	-0.245047	173.112223	45.238110	0.004878	9.6
1613	-0.245551	173.999426	45.032286	0.001755	11.4
1614	-0.253262	174.757100	44.857990	0.005724	4.2
1615	-0.257114	175.204115	44.755789	0.002103	6.1
1616	-0.257967	174.512114	44.914199	0.005679	5.8
1617	-0.257897	175.263360	44.742279	0.003564	5.9
1618	-0.251151	176.247763	44.518984	0.003707	6.3
1619	-0.258824	176.918663	44.368074	0.006607	11.4
1620	-0.250710	176.112029	44.549640	0.005106	13.1
1621	-0.258314	175.306395	44.732470	0.003318	6.3
1622	-0.250744	175.382276	44.715186	0.015259	6.2
1623	-0.257559	174.808472	44.846221	0.004394	9.8
1624	-0.252961	175.801735	44.619881	0.002578	6.0
1625	-0.271108	176.772685	44.400823	0.006846	6.7
1626	-0.261018	177.477866	44.243069	0.004526	5.8
1627	-0.262207	176.671062	44.423649	0.004188	9.0
1628	-0.266036	176.269761	44.514020	0.002215	6.1
1629	-0.259314	177.262939	44.291031	0.001493	7.1
1630	-0.243250	176.871727	44.378599	0.001846	10.4
1631	-0.256449	176.766516	44.402208	0.004331	6.7
1632	-0.255437	177.649009	44.204952	0.002798	10.8
1633	-0.259100	178.645175	43.984384	0.004146	6.3
1634	-0.269071	179.451551	43.807443	0.002663	7.3
1635	-0.267092	179.365857	43.826179	0.001186	7.2
1636	-0.257467	179.158711	43.871535	0.003667	11.5
1637	-0.254181	178.729751	43.965758	0.006397	10.9
1638	-0.263292	179.726493	43.747439	0.004466	7.0
1639	-0.276066	179.641939	43.765875	0.005812	6.1
1640	-0.247267	180.188907	43.646890	0.001808	9.5
1641	-0.250990	179.444124	43.809067	0.007303	5.0
1642	-0.263726	180.440492	43.592378	0.002945	5.9
1643	-0.246382	179.633757	43.767660	0.001683	8.5
1644	-0.251287	179.978256	43.692637	0.001401	7.9
1645	-0.271717	180.133395	43.658936	0.003334	11.2
1646	-0.273324	180.866237	43.500439	0.002832	6.9
1647	-0.258440	180.096700	43.666902	0.002954	6.1
1648	-0.266091	181.014590	43.468494	0.003377	7.6
1649	-0.250352	180.222589	43.639584	0.001195	12.4
1650	-0.251778	180.163362	43.652432	0.007490	5.7
1651	-0.262573	179.538958	43.788350	0.005923	5.9
1652	-0.264755	180.538957	43.571080	0.003077	6.4
1653	-0.251844	181.120390	43.445740	0.003045	7.6
1654	-0.256785	180.961654	43.479888	0.004479	7.9
1655	-0.244997	180.589584	43.560137	0.004784	8.0
1656	-0.258837	181.578829	43.347422	0.014117	11.1
1657	-0.255404	182.578829	43.134495	0.002871	5.9
1658	-0.273950	181.772026	43.306122	0.006459	11.4
1659	-0.258901	181.973518	43.263132	0.003887	4.6
1660	-0.275148	181.184105	43.432049	0.004294	5.7
1661	-0.250950	181.939340	43.270418	0.002581	9.2
1662	-0.256709	182.923979	43.061488	0.001233	5.9
1663	-0.269965	183.125238	43.019031	0.003243	7.6
1664	-0.256336	183.672313	42.904044	0.008865	10.3
1665	-0.247550	184.672226	42.695459	0.001645	7.7
1666	-0.270276	184.052133	42.824573	0.002361	6.7
1667	-0.255981	184.486843	42.733977	0.003580	6.3
1668	-0.256933	184.110898	42.812303	0.002461	6.4
1669	-0.267949	184.764154	42.676384	0.003648	6.1
1670	-0.267206	185.363182	42.552503	0.002550	12.1
1671	-0.253217	185.907955	42.440466	0.002749	9.6
1672	-0.241184	186.474641	42.324546	0.005319	6.0
1673	-0.259443	187.111785	42.194967	0.002327	13.5
1674	-0.256514	188.005709	42.014498	0.001708	5.8
1675	-0.246847	188.305728	41.954275	0.003577	6.5
1676	-0.241391	188.876549	41.840168	0.004093	5.8
1677	-0.256284	189.867876	41.643470	0.002413	5.9
1678	-0.257155	189.353393	41.745321	0.003912	9.7
1679	-0.240459	189.264725	41.762925	0.004759	5.7
1680	-0.274448	189.945469	41.628152	0.002378	8.2
1681	-0.244395	190.694040	41.480950	0.004752	5.9
1682	-0.258657	191.672858	41.290036	0.002228	6.0
1683	-0.243601	192.654275	41.100371	0.003089	6.1
1684	-0.256726	191.871253	41.251554	0.002292	7.8
1685	-0.274518	192.584962	41.113709	0.005374	6.9
1686	-0.242279	192.176622	41.192462	0.003861	10.9
1687	-0.270822	193.159716	41.003370	0.003683	6.1
1688	-0.257936	192.451031	41.139506	0.004255	7.8
1689	-0.265649	191.854563	41.254789	0.003588	6.4
1690	-0.259058	191.727913	41.279350	0.008691	6.3
1691	-0.255237	190.922794	41.436175	0.006247	10.9
1692	-0.260286	191.922585	41.241609	0.005887	4.8
1693	-0.256314	192.700118	41.091554	0.002414	6.1
1694	-0.237411	193.698592	40.900455	0.001889	11.2
1695	-0.246130	193.406780	40.956121	0.002409	11.7
1696	-0.253369	193.963252	40.850098	0.002720	6.6
1697	-0.249950	194.721978	40.706423	0.002839	9.1
1698	-0.249218	194.509096	40.746633	0.001270	8.8
1699	-0.249668	194.597118	40.729997	0.004029	10.7
1700	-0.248119	194.548064	40.739266	0.002304	4.7
1701	-0.271520	194.025147	40.838340	0.004623	4.5
1702	-0.265255	194.541861	40.740439	0.004780	7.9
1703	-0.270875	195.526070	40.555255	0.001875	5.9
1704	-0.257353	196.225105	40.424747	0.004314	6.8
1705	-0.264620	195.545791	40.551562	0.002892	10.1
1706	-0.255866	194.821554	40.687641	0.003105	5.0
1707	-0.254235	194.929765	40.667251	0.006253	10.4
1708	-0.257131	194.448134	40.758162	0.010167	2.5
1709	-0.264767	195.448134	40.569858	0.002383	6.3
1710	-0.244381	196.448112	40.383289	0.003888	9.3
1711	-0.258253	197.393816	40.208419	0.003947	6.1
1712	-0.261037	196.643795	40.346981	0.001519	9.7
1713	-0.278368	196.086842	40.450494	0.007178	11.0
1714	-0.244043	196.815763	40.315126	0.004476	8.4
1715	-0.242005	197.815476	40.130937	0.005207	6.1
1716	-0.252198	198.663940	39.975929	0.001450	11.3
1717	-0.260371	199.590735	39.807973	0.001888	11.4
1718	-0.256229	199.817032	39.767177	0.003233	12.3
1719	-0.257805	200.420601	39.658776	0.006684	7.7
1720	-0.258374	199.614494	39.803686	0.005802	6.9
1721	-0.244874	198.807714	39.949781	0.001713	7.8
1722	-0.261875	198.727511	39.964363	0.004156	9.1
1723	-0.267159	198.070489	40.084222	0.006701	6.0
1724	-0.262778	199.070488	39.902079	0.005224	5.8
1725	-0.255396	200.070425	39.721595	0.002376	5.9
1726	-0.249151	199.506151	39.823243	0.002989	10.1
1727	-0.262508	199.925913	39.747578	0.002029	2.4
1728	-0.240833	200.290318	39.682125	0.001835	6.3
1729	-0.255725	199.800066	39.770233	0.006762	6.6
1730	-0.263187	199.889644	39.754104	0.005078	6.3
1731	-0.249066	200.887693	39.575291	0.003510	11.2
1732	-0.248591	200.438123	39.655638	0.004540	8.9
1733	-0.261806	199.933488	39.746215	0.001984	7.9
1734	-0.262500	199.716189	39.785346	0.004751	7.7
1735	-0.255123	199.207037	39.877336	0.003540	6.9
1736	-0.258494	198.435604	40.017526	0.002535	12.3
1737	-0.249823	197.707499	40.150749	0.005511	7.3
1738	-0.271175	198.342927	40.034434	0.003378	5.8
1739	-0.267502	199.342811	39.852764	0.003093	6.0
1740	-0.256772	198.538605	39.998751	0.006638	5.9
1741	-0.264173	197.838476	40.126719	0.015523	14.2
1742	-0.272386	197.031671	40.275204	0.002937	6.7
1743	-0.241846	198.031671	40.091325	0.002323	11.7
1744	-0.256677	197.631140	40.164772	0.005891	6.0
1745	-0.239029	197.577996	40.174538	0.002368	12.8
1746	-0.261198	198.534331	39.999530	0.003586	12.0
1747	-0.272572	198.106441	40.077644	0.004592	8.6
1748	-0.253441	198.680356	39.972941	0.004430	6.0
1749	-0.262691	197.876261	40.119792	0.002219	10.4
1750	-0.258677	198.537242	39.998999	0.001859	10.6
1751	-0.259329	198.749444	39.960374	0.004093	11.3
1752	-0.254945	198.142901	40.070976	0.009870	5.8
1753	-0.255945	197.336104	40.219047	0.002718	10.6
1754	-0.262083	196.529346	40.368208	0.007467	6.1
1755	-0.254819	196.321909	40.406741	0.002439	12.1
1756	-0.249502	197.312236	40.223444	0.001217	5.6
1757	-0.266645	197.235599	40.237569	0.005184	6.3
1758	-0.257588	197.462933	40.195698	0.001847	7.6
1759	-0.251407	196.704054	40.335813	0.002242	9.7
1760	-0.252468	196.132139	40.442055	0.005345	10.5
1761	-0.242945	195.358655	40.586636	0.006314	2.8
1762	-0.249452	195.706615	40.521467	0.001439	6.3
1763	-0.247200	196.629201	40.349686	0.009370	8.6
1764	-0.260491	197.621688	40.166509	0.004826	8.0
1765	-0.270717	198.621688	39.983619	0.002307	7.3
1766	-0.238741	197.823710	40.129427	0.002781	6.3
1767	-0.263600	197.756677	40.141723	0.004226	6.1
1768	-0.265585	198.520061	40.002130	0.004345	8.5
1769	-0.248977	197.717414	40.148929	0.002975	10.4
1770	-0.241911	196.949613	40.290367	0.003139	9.2
1771	-0.251784	196.308541	40.409226	0.003160	5.9
1772	-0.258301	195.591740	40.542959	0.003933	5.9
1773	-0.251376	194.793542	40.692923	0.011239	6.1
1774	-0.263940	195.793542	40.505219	0.002130	11.8
1775	-0.266039	194.987102	40.656456	0.002845	10.2
1776	-0.257079	194.810720	40.689684	0.001921	5.2
1777	-0.263106	194.084635	40.827045	0.008164	6.0
1778	-0.251567	193.307946	40.975009	0.002418	6.4
1779	-0.257118	194.219420	40.801476	0.004799	7.4
1780	-0.261019	194.836693	40.684787	0.001474	6.0
1781	-0.256374	194.413347	40.764744	0.003073	7.5
1782	-0.246713	194.261784	40.793446	0.007895	12.5
1783	-0.250020	193.565773	40.925772	0.002607	1.9
1784	-0.264440	194.565665	40.735940	0.004577	11.0
1785	-0.261247	195.529506	40.554611	0.002497	5.9
1786	-0.249551	196.477478	40.377836	0.002951	6.9
1787	-0.247937	196.007304	40.465320	0.003774	6.4
1788	-0.259792	195.913040	40.482905	0.001875	5.7
1789	-0.260981	196.357778	40.400073	0.005254	6.2
1790	-0.276226	195.556978	40.549467	0.002229	12.3
1791	-0.258292	194.838799	40.684390	0.007724	10.8
1792	-0.260844	194.032130	40.837013	0.008430	5.9
1793	-0.252751	195.032130	40.647981	0.002821	13.5
1794	-0.266287	194.225593	40.800306	0.002830	2.1
1795	-0.263530	193.842112	40.873132	0.003713	10.8
1796	-0.261977	193.061250	41.022231	0.007129	5.6
1797	-0.256430	194.047208	40.834150	0.006091	6.2
1798	-0.248026	195.047208	40.645144	0.010553	6.7
1799	-0.257698	196.047208	40.457880	0.007222	6.2
1800	-0.255252	197.047208	40.272334	0.020299	11.0
1801	-0.266053	198.047208	40.088482	0.010239	6.2
1802	-0.253919	199.047208	39.906300	0.003871	7.9
1803	-0.246843	198.240405	40.053155	0.007443	7.6
1804	-0.271805	197.433733	40.201071	0.001446	8.8
1805	-0.254669	197.974490	40.101794	0.003022	11.3
1806	-0.254446	197.806392	40.132603	0.003268	11.6
1807	-0.248561	198.767296	39.957128	0.002268	8.3
1808	-0.258724	198.142635	40.071025	0.006181	5.9
1809	-0.253938	197.397115	40.207811	0.002436	9.9
1810	-0.249736	196.890100	40.301372	0.005472	7.9
1811	-0.258548	196.357469	40.400130	0.005651	7.9
1812	-0.275608	197.356812	40.215233	0.010448	6.2
1813	-0.273531	198.356212	40.032010	0.013750	11.2
1814	-0.255107	197.549407	40.179793	0.003568	6.5
1815	-0.250073	198.549407	39.996783	0.007234	6.4
1816	-0.252472	197.742918	40.144248	0.001848	11.3
1817	-0.268997	197.261585	40.232778	0.003011	9.7
1818	-0.247627	196.940053	40.292135	0.002179	6.3
1819	-0.258168	196.530434	40.368007	0.002339	9.6
1820	-0.260867	195.920102	40.481587	0.005987	3.4
1821	-0.262543	195.114090	40.632566	0.006311	3.5
1822	-0.259270	196.099452	40.448144	0.001989	3.5
1823	-0.258713	195.770412	40.509541	0.003811	9.1
1824	-0.252040	196.004944	40.465760	0.003003	6.2
1825	-0.262807	195.204560	40.615563	0.001672	10.2
1826	-0.249010	194.996037	40.654774	0.002741	5.3
1827	-0.241530	194.368399	40.773252	0.003937	10.1
1828	-0.251062	194.485715	40.751054	0.003206	7.6
1829	-0.260930	193.939651	40.854584	0.001605	6.0
1830	-0.250998	193.763882	40.888020	0.001099	6.9
1831	-0.264355	194.070323	40.829762	0.004372	6.8
1832	-0.261012	193.954106	40.851837	0.001787	6.3
1833	-0.249863	193.180875	40.999319	0.003480	6.8
1834	-0.253801	194.007799	40.841635	0.002885	10.8
1835	-0.245185	194.976496	40.658452	0.003302	7.9
1836	-0.257360	195.144266	40.626893	0.004219	5.9
1837	-0.260117	196.094461	40.449074	0.003798	6.0
1838	-0.267524	195.570166	40.546997	0.011695	5.8
1839	-0.262273	194.763361	40.698615	0.003150	6.4
1840	-0.257788	195.761038	40.511293	0.008093	7.5
1841	-0.247968	194.957881	40.661957	0.003327	11.1
1842	-0.233304	195.944789	40.476980	0.001364	15.1
1843	-0.264637	196.121484	40.444040	0.006963	3.1
1844	-0.260941	197.087872	40.264825	0.002179	7.6
1845	-0.254561	198.087065	40.081189	0.002557	9.1
1846	-0.268498	197.863930	40.122052	0.003506	5.8
1847	-0.264827	197.880711	40.118976	0.001758	5.2
1848	-0.260787	198.259798	40.049613	0.010195	6.5
1849	-0.251354	199.232708	39.872688	0.003560	7.9
1850	-0.253702	200.230718	39.692815	0.002684	7.0
1851	-0.250189	199.543341	39.816527	0.004250	6.4
1852	-0.261631	199.032209	39.909021	0.003479	5.9
1853	-0.249120	198.239766	40.053272	0.005511	5.5
1854	-0.265364	199.201415	39.878354	0.002388	6.3
1855	-0.263215	200.196673	39.698924	0.003498	8.6
1856	-0.261325	200.947634	39.564603	0.002693	12.3
1857	-0.272105	200.301442	39.680130	0.002681	5.7
1858	-0.263544	200.460861	39.651566	0.003124	7.0
1859	-0.250449	199.670038	39.793667	0.002366	6.2
1860	-0.262998	200.451915	39.653168	0.002281	11.1
1861	-0.266991	200.131451	39.710633	0.005870	6.0
1862	-0.250070	199.858833	39.759650	0.005907	10.1
1863	-0.249241	200.858833	39.580439	0.002245	5.7
1864	-0.271645	200.761167	39.597871	0.004957	6.1
1865	-0.252335	200.227000	39.693482	0.002790	4.7
1866	-0.269163	200.280105	39.683956	0.008903	7.6
1867	-0.250232	199.473308	39.829175	0.002667	4.7
1868	-0.251630	198.675098	39.973898	0.002461	6.0
1869	-0.256482	199.217260	39.875485	0.002142	6.0
1870	-0.257381	199.667090	39.794198	0.002999	7.2
1871	-0.248876	199.905627	39.751228	0.002314	10.5
1872	-0.258625	199.998156	39.734585	0.005593	8.3
1873	-0.252657	200.218146	39.695071	0.003431	5.8
1874	-0.248598	201.216556	39.516722	0.004133	5.6
1875	-0.260354	202.189255	39.344502	0.001335	5.8
1876	-0.257838	202.808627	39.235619	0.000527	6.2
1877	-0.252652	202.932011	39.214001	0.002176	6.8
1878	-0.251503	202.941506	39.212338	0.001502	5.9
1879	-0.253310	202.666791	39.260500	0.003095	5.9
1880	-0.266172	203.548135	39.106403	0.003904	9.2
1881	-0.246296	202.827583	39.232296	0.002216	6.1
1882	-0.258531	202.099169	39.360389	0.008523	4.5
1883	-0.262744	201.966853	39.383746	0.003999	4.7
1884	-0.260286	201.160048	39.526774	0.004021	5.8
1885	-0.260079	200.413984	39.659961	0.001268	9.6
1886	-0.261144	201.159572	39.526859	0.002819	7.7
1887	-0.280165	200.813008	39.588616	0.005389	6.0
1888	-0.245319	200.927871	39.568126	0.003506	11.2
1889	-0.276507	200.121101	39.712492	0.001893	6.4
1890	-0.257565	199.793022	39.771501	0.002616	5.9
1891	-0.254003	199.912065	39.750070	0.001862	6.3
1892	-0.269541	200.291967	39.681829	0.008374	5.8
1893	-0.264157	201.284173	39.504702	0.002105	9.1
1894	-0.256793	202.257209	39.332526	0.004464	6.0
1895	-0.274797	203.134349	39.178600	0.004487	6.1
1896	-0.260325	202.327864	39.320082	0.002226	10.4
1897	-0.269113	201.857315	39.403104	0.010950	15.5
1898	-0.251413	201.050582	39.546260	0.002862	11.6
1899	-0.257808	202.050576	39.368964	0.003758	5.9
1900	-0.255866	201.252833	39.510273	0.003895	6.1
1901	-0.265091	200.907955	39.571677	0.002046	6.0
1902	-0.271456	201.865049	39.401737	0.003182	9.7
1903	-0.253421	201.291155	39.503461	0.002400	10.6
1904	-0.263442	200.513174	39.642202	0.005913	5.0
1905	-0.250978	201.463255	39.472901	0.002666	6.8
1906	-0.251758	202.093206	39.361441	0.001601	6.1
1907	-0.267050	201.954490	39.385930	0.003727	5.9
1908	-0.244024	201.305426	39.500925	0.004037	5.9
1909	-0.248528	201.435702	39.477790	0.004910	11.2
1910	-0.245471	202.260750	39.331902	0.002136	6.4
1911	-0.250949	201.475990	39.470641	0.003116	10.0
1912	-0.249257	201.725533	39.426418	0.003696	6.3
1913	-0.244983	202.618213	39.269029	0.002812	10.9
1914	-0.250045	202.213907	39.340156	0.004364	7.5
1915	-0.260510	201.436937	39.477571	0.007244	8.9
1916	-0.259303	200.630273	39.621257	0.001823	6.1
1917	-0.267091	200.282470	39.683532	0.004466	9.9
1918	-0.258913	201.189454	39.521543	0.002938	7.7
1919	-0.259003	202.180758	39.346000	0.002936	6.2
1920	-0.246359	201.559815	39.455775	0.007298	11.9
1921	-0.257947	202.538443	39.283042	0.001373	6.3
1922	-0.245728	202.517422	39.286736	0.002634	7.2
1923	-0.254493	202.732430	39.248981	0.005226	12.0
1924	-0.258327	202.959765	39.209141	0.003288	10.3
1925	-0.252485	202.153268	39.350847	0.006779	5.1
1926	-0.246381	203.150377	39.175799	0.002933	6.4
1927	-0.249098	203.417907	39.129097	0.005473	5.1
1928	-0.260569	204.411546	38.956611	0.008879	11.1
1929	-0.247785	203.604757	39.096545	0.003401	10.6
1930	-0.253015	204.580637	38.927410	0.002949	5.3
1931	-0.260623	205.442735	38.779208	0.005466	6.2
1932	-0.269943	204.642999	38.916652	0.003206	6.1
1933	-0.257730	204.113556	39.008179	0.003164	11.1
1934	-0.251808	204.900887	38.872225	0.002935	11.2
1935	-0.249194	205.797733	38.718509	0.004573	11.1
1936	-0.264650	204.992688	38.856434	0.001901	6.4
1937	-0.258749	205.939966	38.694242	0.005023	11.5
1938	-0.266345	205.278242	38.807399	0.003574	2.8
1939	-0.265988	204.575730	38.928257	0.013005	6.2
1940	-0.252989	203.777287	39.066536	0.002218	11.3
1941	-0.236653	203.045616	39.194117	0.003545	5.9
1942	-0.261928	203.895704	39.045966	0.002002	6.5
1943	-0.253338	204.265747	38.981825	0.002762	11.0
1944	-0.257076	204.811484	38.887615	0.004084	5.9
1945	-0.252655	205.786800	38.720375	0.002307	6.4
1946	-0.264944	206.705897	38.564087	0.004774	12.0
1947	-0.243214	207.701149	38.396265	0.001415	12.9
1948	-0.257816	208.551255	38.254071	0.010475	10.8
1949	-0.251160	209.514237	38.094263	0.003632	6.3
1950	-0.260805	208.707433	38.228062	0.002489	6.1
1951	-0.258725	209.641222	38.073289	0.001149	6.9
1952	-0.268752	209.455575	38.103960	0.011724	7.9
1953	-0.252067	210.085452	38.000099	0.002124	8.8
1954	-0.240649	211.083408	37.836699	0.004846	7.1
1955	-0.254925	210.436731	37.942421	0.002865	6.0
1956	-0.260896	209.630653	38.075034	0.004810	10.0
1957	-0.264350	210.628124	37.911070	0.006542	5.9
1958	-0.260511	210.692485	37.900539	0.003527	10.0
1959	-0.258205	209.887350	38.032703	0.009544	6.9
1960	-0.258948	209.080638	38.166054	0.003201	6.5
1961	-0.258314	210.075996	38.001654	0.005056	6.8
1962	-0.247986	209.269268	38.134789	0.002092	6.9
1963	-0.271306	209.942765	38.023577	0.003902	11.0
1964	-0.255874	210.821040	37.879521	0.001486	5.6
1965	-0.253762	210.522859	37.928307	0.004057	5.8
1966	-0.256240	211.075459	37.837995	0.001907	10.9
1967	-0.264130	211.675373	37.740436	0.002688	9.7
1968	-0.264870	211.133226	37.828579	0.002931	11.0
1969	-0.255720	211.914447	37.701697	0.002627	6.3
1970	-0.242110	211.362831	37.791199	0.003707	16.4
1971	-0.255082	212.269052	37.644385	0.001837	5.3
1972	-0.259443	212.979350	37.530107	0.002358	5.4
1973	-0.249652	212.427440	37.618842	0.001152	5.5
1974	-0.251246	212.638100	37.584923	0.002894	6.0
1975	-0.253157	212.123347	37.667913	0.002214	5.8
1976	-0.265359	212.927787	37.538379	0.004328	8.8
1977	-0.261130	212.147141	37.664069	0.002932	5.8
1978	-0.267302	213.044579	37.519647	0.001282	10.1
1979	-0.268536	213.284630	37.481204	0.002148	3.0
1980	-0.248655	213.690302	37.416416	0.003043	10.0
1981	-0.247094	212.965091	37.532394	0.002112	2.0
1982	-0.260078	213.423635	37.458979	0.002715	9.4
1983	-0.245860	212.672620	37.579371	0.003276	8.1
1984	-0.245974	212.895501	37.543561	0.001593	12.1
1985	-0.246436	213.202169	37.494401	0.002749	7.6
1986	-0.265958	212.913959	37.540598	0.002948	11.2
1987	-0.266991	213.186185	37.496960	0.001647	1.5
1988	-0.256214	213.364842	37.468376	0.005558	3.6
1989	-0.265893	214.351388	37.311316	0.011103	10.9
1990	-0.265906	215.351388	37.153452	0.006553	1.6
1991	-0.259810	216.351388	36.996919	0.002486	7.2
1992	-0.252477	217.349720	36.841956	0.004104	9.8
1993	-0.259001	218.044228	36.734917	0.003651	10.7
1994	-0.264907	217.290143	36.851168	0.005318	10.1
1995	-0.264171	217.075659	36.884367	0.003412	2.7
1996	-0.247041	217.825616	36.768543	0.003941	9.1
1997	-0.265081	217.019243	36.893110	0.003399	6.0
1998	-0.260096	217.551082	36.810858	0.002897	11.2
1999	-0.257686	218.517535	36.662326	0.003784	5.7
