1:ItNr	2:Metric	3:StepSize	4:||Gradient||	Time[ms]
0	-0.330482	627.201626	0.001798	1713.0
1	-0.040237	623.504937	0.000420	14.7
2	-0.000000	619.865785	0.000000	10.5
3	-0.000000	616.282728	0.000000	7.7
4	-0.243983	612.754375	0.002017	8.3
5	-0.451999	609.279381	0.003083	8.5
6	-0.000000	605.856447	0.000000	12.9
7	-0.000000	602.484317	0.000000	13.4
8	-0.000000	599.161779	0.000000	11.6
9	-0.430902	595.887656	0.002165	7.6
10	-0.000000	592.660813	0.000000	8.3
11	-0.006347	589.480151	0.000397	13.6
12	-0.040839	586.344606	0.000663	3.9
13	-0.000000	583.253145	0.000000	8.5
14	-0.000000	580.204771	0.000000	8.4
15	-0.175966	577.198517	0.000835	8.3
16	-0.000000	574.233444	0.000000	8.6
17	-0.077126	571.308645	0.000359	12.9
18	-0.470643	568.423237	0.001388	14.2
19	-0.033656	565.576365	0.001295	8.2
20	-0.000000	562.767201	0.000000	8.6
21	-0.000000	559.994938	0.000000	13.8
22	-0.275520	557.258797	0.005086	8.9
23	-0.221336	554.558018	0.001053	8.4
24	-0.000000	551.891865	0.000000	12.8
25	-0.044362	549.259621	0.000766	8.6
26	-0.161553	546.660592	0.001361	13.4
27	-0.000000	544.094102	0.000000	13.4
28	-0.000000	541.559494	0.000000	8.0
29	-0.160520	539.056129	0.000620	8.4
30	-0.006131	536.583387	0.000136	8.1
31	-0.000000	534.140663	0.000000	8.0
32	-0.000000	531.727370	0.000000	10.5
33	-0.064726	529.342935	0.000914	8.2
34	-0.588159	526.986802	0.003245	8.2
35	-0.366799	524.658430	0.002213	8.5
36	-0.138188	522.357290	0.001826	8.4
37	-0.015470	520.082868	0.000366	9.0
38	-0.006098	517.834665	0.000144	9.7
39	-0.000000	515.612193	0.000000	8.2
40	-0.173071	513.414976	0.000538	8.2
41	-0.019280	511.242551	0.000390	12.1
42	-0.089898	509.094468	0.001366	9.5
43	-0.000000	506.970285	0.000000	9.1
44	-0.000000	504.869574	0.000000	8.2
45	-0.000000	502.791916	0.000000	8.1
46	-0.000000	500.736903	0.000000	8.1
47	-0.031708	498.704137	0.000853	8.5
48	-0.110232	496.693228	0.001818	10.3
49	-0.332356	494.703798	0.001845	12.7
50	-0.010987	492.735476	0.000047	11.9
51	-0.000000	490.787900	0.000000	8.0
52	-0.196243	488.860718	0.001400	8.1
53	-0.293963	486.953585	0.001041	16.1
54	-0.397333	485.066164	0.001885	11.2
55	-0.604530	483.198126	0.001942	4.6
56	-0.032033	481.349149	0.000341	8.6
57	-0.000000	479.518920	0.000000	8.2
58	-0.431082	477.707132	0.001566	10.0
59	-0.044204	475.913485	0.000330	9.9
60	-0.163901	474.137684	0.001484	8.3
61	-0.000000	472.379445	0.000000	13.8
62	-0.330559	470.638485	0.002015	7.2
63	-0.000138	468.914531	0.000017	15.4
64	-0.000000	467.207315	0.000000	7.7
65	-0.065466	465.516573	0.001344	8.3
66	-0.036297	463.842050	0.000403	8.5
67	-0.044300	462.183494	0.000157	8.3
68	-0.000000	460.540658	0.000000	8.9
69	-0.000000	458.913303	0.000000	10.6
70	-0.563696	457.301192	0.002568	8.3
71	-0.048855	455.704096	0.000363	8.5
72	-0.234485	454.121787	0.000646	9.1
73	-0.000000	452.554045	0.000000	9.4
74	-0.000000	451.000653	0.000000	8.9
75	-0.300572	449.461399	0.002790	8.7
76	-0.000000	447.936075	0.000000	8.3
77	-0.035193	446.424477	0.000238	8.6
78	-0.077728	444.926406	0.002960	10.8
79	-0.081505	443.441666	0.000408	8.5
80	-0.000000	441.970065	0.000000	10.1
81	-0.000000	440.511415	0.000000	13.9
82	-0.423758	439.065533	0.002633	14.0
83	-0.340209	437.632238	0.001424	12.4
84	-0.296845	436.211351	0.001245	9.8
85	-0.080373	434.802701	0.000450	8.9
86	-0.084545	433.406117	0.000829	11.1
87	-0.245711	432.021430	0.001346	14.2
88	-0.304114	430.648479	0.001359	12.6
89	-0.250840	429.287101	0.000507	8.6
90	-0.441530	427.937140	0.004088	8.9
91	-0.000000	426.598440	0.000000	9.8
92	-0.194991	425.270849	0.001192	8.5
93	-0.008138	423.954220	0.000787	11.2
94	-0.000000	422.648404	0.000000	7.6
95	-0.084101	421.353259	0.002065	8.6
96	-0.000000	420.068643	0.000000	9.9
97	-0.016754	418.794419	0.000026	11.5
98	-0.037893	417.530451	0.000329	8.8
99	-0.112736	416.276604	0.000862	8.1
100	-0.464859	415.032748	0.002585	12.5
101	-0.000000	413.798754	0.000000	8.4
102	-0.402993	412.574495	0.001659	7.9
103	-0.082770	411.359849	0.000899	16.3
104	-0.000000	410.154691	0.000000	5.1
105	-0.000000	408.958904	0.000000	9.5
106	-0.384952	407.772368	0.000890	9.6
107	-0.300794	406.594968	0.000817	13.5
108	-0.244455	405.426590	0.000967	8.4
109	-0.427354	404.267122	0.003129	8.6
110	-0.298095	403.116456	0.001850	8.5
111	-0.381449	401.974481	0.001209	8.8
112	-0.000000	400.841093	0.000000	9.8
113	-0.000000	399.716187	0.000000	8.1
114	-0.000921	398.599660	0.000000	12.2
115	-0.460499	397.491411	0.002028	10.5
116	-0.000000	396.391342	0.000000	9.5
117	-0.000000	395.299353	0.000000	14.9
118	-0.000000	394.215350	0.000000	9.4
119	-0.000002	393.139238	0.000003	8.1
120	-0.253010	392.070924	0.001175	8.7
121	-0.069006	391.010316	0.000898	8.5
122	-0.338934	389.957325	0.002290	13.8
123	-0.000000	388.911862	0.000000	12.0
124	-0.037252	387.873839	0.000650	8.5
125	-0.330389	386.843173	0.000943	8.3
126	-0.194201	385.819777	0.002075	8.2
127	-0.103834	384.803569	0.001860	10.1
128	-0.574645	383.794468	0.000906	11.7
129	-0.000000	382.792393	0.000000	11.9
130	-0.061280	381.797264	0.002711	7.8
131	-0.329718	380.809005	0.001758	8.6
132	-0.014842	379.827537	0.000585	8.6
133	-0.000000	378.852786	0.000000	8.5
134	-0.354889	377.884678	0.002693	8.9
135	-0.000000	376.923138	0.000000	8.4
136	-0.360497	375.968095	0.000584	8.4
137	-0.520273	375.019479	0.002272	8.6
138	-0.084005	374.077218	0.001296	14.4
139	-0.105617	373.141244	0.000996	9.6
140	-0.059397	372.211489	0.000436	8.7
141	-0.363999	371.287887	0.002503	10.1
142	-0.010237	370.370370	0.000506	8.4
143	-0.146919	369.458876	0.005800	8.6
144	-0.519067	368.553338	0.000743	8.9
145	-0.000000	367.653696	0.000000	9.4
146	-0.000000	366.759885	0.000000	9.6
147	-0.137144	365.871846	0.001508	10.3
148	-0.000000	364.989518	0.000000	14.8
149	-0.000000	364.112841	0.000000	13.3
150	-0.050065	363.241757	0.000480	12.2
151	-0.000000	362.376208	0.000000	11.4
152	-0.000000	361.516137	0.000000	10.3
153	-0.043849	360.661488	0.000932	7.9
154	-0.167975	359.812206	0.001042	8.5
155	-0.039749	358.968236	0.000219	8.6
156	-0.109308	358.129524	0.000733	8.3
157	-0.094852	357.296018	0.001426	9.7
158	-0.243220	356.467665	0.003439	10.3
159	-0.000000	355.644414	0.000000	11.6
160	-0.000000	354.826213	0.000000	10.1
161	-0.376877	354.013012	0.001677	8.6
162	-0.000000	353.204763	0.000000	8.1
163	-0.000000	352.401415	0.000000	10.9
164	-0.069306	351.602922	0.000973	14.2
165	-0.459496	350.809235	0.003560	8.2
166	-0.000000	350.020308	0.000000	10.0
167	-0.213055	349.236095	0.001907	11.9
168	-0.176777	348.456550	0.005969	9.6
169	-0.013443	347.681627	0.000253	10.3
170	-0.004112	346.911283	0.000093	8.4
171	-0.106298	346.145474	0.001184	8.3
172	-0.303861	345.384157	0.000493	8.4
173	-0.060339	344.627288	0.000291	8.5
174	-0.068290	343.874826	0.000422	8.2
175	-0.007883	343.126729	0.000307	8.5
176	-0.482114	342.382957	0.004016	8.5
177	-0.016641	341.643469	0.000513	8.7
178	-0.049412	340.908224	0.000748	12.0
179	-0.598599	340.177184	0.001806	12.3
180	-0.338675	339.450309	0.001165	11.7
181	-0.000000	338.727561	0.000000	7.9
182	-0.000000	338.008902	0.000000	8.2
183	-0.000000	337.294295	0.000000	8.4
184	-0.237667	336.583703	0.001002	8.3
185	-0.000000	335.877089	0.000000	13.9
186	-0.000000	335.174416	0.000000	12.4
187	-0.128494	334.475651	0.001503	8.7
188	-0.000000	333.780756	0.000000	9.0
189	-0.077625	333.089698	0.000677	10.2
190	-0.123424	332.402443	0.001660	12.2
191	-0.299825	331.718955	0.001668	8.2
192	-0.452393	331.039203	0.004209	11.4
193	-0.371435	330.363153	0.001299	8.5
194	-0.093309	329.690771	0.000714	8.5
195	-0.005496	329.022027	0.000173	8.5
196	-0.325541	328.356888	0.002553	8.6
197	-0.485755	327.695322	0.003226	8.7
198	-0.000000	327.037299	0.000000	13.3
199	-0.176109	326.382787	0.000933	11.6
200	-0.302689	325.731758	0.001643	8.5
201	-0.001121	325.084179	0.000006	8.3
202	-0.019895	324.440023	0.000481	8.5
203	-0.000000	323.799258	0.000000	10.5
204	-0.002812	323.161858	0.000097	8.5
205	-0.309768	322.527792	0.000947	13.5
206	-0.167083	321.897034	0.001854	9.8
207	-0.102337	321.269554	0.001264	8.9
208	-0.000000	320.645325	0.000000	8.6
209	-0.339364	320.024320	0.001988	8.2
210	-0.000000	319.406512	0.000000	8.4
211	-0.059395	318.791875	0.000113	8.2
212	-0.508095	318.180381	0.002283	8.3
213	-0.177950	317.572005	0.001926	8.4
214	-0.276129	316.966721	0.000908	8.6
215	-0.046608	316.364504	0.000994	8.3
216	-0.000000	315.765329	0.000000	8.4
217	-0.056884	315.169170	0.000645	8.5
218	-0.000000	314.576003	0.000000	8.9
219	-0.000000	313.985804	0.000000	15.1
220	-0.327679	313.398548	0.002788	13.7
221	-0.001507	312.814213	0.000181	7.9
222	-0.066285	312.232773	0.000546	8.5
223	-0.155460	311.654207	0.002048	9.5
224	-0.508435	311.078491	0.008151	13.6
225	-0.435367	310.505602	0.001917	13.2
226	-0.516064	309.935518	0.001587	13.1
227	-0.563088	309.368217	0.001161	8.5
228	-0.002605	308.803676	0.000205	14.5
229	-0.000000	308.241874	0.000000	10.1
230	-0.101931	307.682789	0.000644	8.2
231	-0.066648	307.126400	0.000681	8.3
232	-0.045039	306.572687	0.003059	8.3
233	-0.000000	306.021627	0.000000	8.3
234	-0.113068	305.473201	0.002077	8.9
235	-0.000000	304.927388	0.000000	8.2
236	-0.005662	304.384168	0.000030	9.2
237	-0.582140	303.843521	0.002499	8.4
238	-0.053414	303.305427	0.001036	8.2
239	-0.466576	302.769867	0.003106	15.2
240	-0.098411	302.236821	0.001117	6.7
241	-0.422549	301.706270	0.002755	8.2
242	-0.206895	301.178196	0.001456	9.1
243	-0.000000	300.652580	0.000000	8.6
244	-0.613349	300.129402	0.000979	8.7
245	-0.000000	299.608645	0.000000	8.3
246	-0.000022	299.090291	0.000021	8.9
247	-0.247651	298.574321	0.001057	16.8
248	-0.064333	298.060718	0.000390	4.6
249	-0.001382	297.549465	0.000048	8.4
250	-0.238576	297.040543	0.001197	14.1
251	-0.000000	296.533936	0.000000	9.1
252	-0.011627	296.029626	0.000468	8.4
253	-0.000000	295.527597	0.000000	11.0
254	-0.000000	295.027832	0.000000	8.2
255	-0.320378	294.530315	0.001063	8.4
256	-0.000000	294.035028	0.000000	8.5
257	-0.009006	293.541956	0.000125	8.8
258	-0.226409	293.051083	0.001644	8.9
259	-0.000000	292.562393	0.000000	8.3
260	-0.000000	292.075870	0.000000	8.1
261	-0.037709	291.591498	0.000740	12.3
262	-0.103366	291.109263	0.000704	11.9
263	-0.418726	290.629149	0.002033	8.3
264	-0.000000	290.151140	0.000000	8.5
265	-0.094271	289.675222	0.000740	11.0
266	-0.237097	289.201380	0.001021	11.9
267	-0.090856	288.729600	0.000416	14.3
268	-0.346891	288.259866	0.002399	14.2
269	-0.000000	287.792165	0.000000	8.2
270	-0.000000	287.326481	0.000000	11.1
271	-0.463541	286.862802	0.001903	11.8
272	-0.075049	286.401113	0.001272	8.2
273	-0.306101	285.941400	0.001530	8.2
274	-0.413177	285.483649	0.001629	9.2
275	-0.000000	285.027847	0.000000	11.1
276	-0.000000	284.573981	0.000000	8.1
277	-0.002600	284.122037	0.000300	10.6
278	-0.000000	283.672002	0.000000	12.3
279	-0.216397	283.223863	0.002000	8.1
280	-0.000000	282.777607	0.000000	11.7
281	-0.439329	282.333221	0.002707	8.8
282	-0.229200	281.890692	0.001548	8.2
283	-0.000000	281.450008	0.000000	8.2
284	-0.000000	281.011157	0.000000	8.2
285	-0.290794	280.574125	0.001746	8.5
286	-0.000000	280.138901	0.000000	8.2
287	-0.000000	279.705473	0.000000	16.9
288	-0.340629	279.273829	0.000967	5.2
289	-0.375585	278.843956	0.002679	9.4
290	-0.000000	278.415844	0.000000	11.7
291	-0.543325	277.989479	0.002062	9.9
292	-0.355721	277.564851	0.000640	11.4
293	-0.038415	277.141949	0.001240	13.6
294	-0.114638	276.720761	0.000550	8.4
295	-0.554808	276.301275	0.001884	8.5
296	-0.029281	275.883480	0.000601	9.0
297	-0.136455	275.467366	0.003336	8.5
298	-0.457814	275.052922	0.002301	13.4
299	-0.000000	274.640136	0.000000	15.5
300	-0.000000	274.228998	0.000000	9.4
301	-0.202533	273.819497	0.002361	8.4
302	-0.106162	273.411623	0.001525	8.6
303	-0.157065	273.005365	0.000988	13.8
304	-0.000000	272.600712	0.000000	8.2
305	-0.009031	272.197655	0.000176	8.5
306	-0.075257	271.796184	0.001145	10.8
307	-0.390807	271.396287	0.002590	10.6
308	-0.209318	270.997956	0.002262	8.1
309	-0.366650	270.601180	0.001686	13.7
310	-0.146022	270.205949	0.000915	9.8
311	-0.231973	269.812254	0.000629	8.1
312	-0.000000	269.420085	0.000000	8.4
313	-0.132943	269.029432	0.001319	8.1
314	-0.000000	268.640287	0.000000	11.3
315	-0.452834	268.252638	0.002231	11.8
316	-0.019188	267.866478	0.000618	9.5
317	-0.185937	267.481796	0.001553	8.3
318	-0.000000	267.098584	0.000000	8.5
319	-0.302903	266.716833	0.001141	14.1
320	-0.108802	266.336533	0.000990	7.9
321	-0.489961	265.957676	0.002108	11.7
322	-0.339802	265.580253	0.001925	8.2
323	-0.000000	265.204254	0.000000	10.4
324	-0.000000	264.829672	0.000000	8.1
325	-0.041952	264.456497	0.000397	8.1
326	-0.009496	264.084721	0.000180	16.5
327	-0.026120	263.714335	0.000572	5.2
328	-0.528593	263.345332	0.001609	8.6
329	-0.051542	262.977702	0.001180	14.1
330	-0.076295	262.611438	0.000253	10.5
331	-0.036403	262.246531	0.000218	11.5
332	-0.028355	261.882973	0.000257	8.0
333	-0.390107	261.520756	0.001601	11.9
334	-0.171944	261.159871	0.002081	8.5
335	-0.189082	260.800312	0.000941	8.6
336	-0.008467	260.442070	0.000475	10.5
337	-0.015699	260.085137	0.000247	12.0
338	-0.094911	259.729505	0.000487	9.7
339	-0.040738	259.375167	0.000558	9.1
340	-0.000000	259.022116	0.000000	9.6
341	-0.026087	258.670343	0.000272	8.5
342	-0.061512	258.319841	0.001157	8.4
343	-0.585589	257.970602	0.001590	8.6
344	-0.353329	257.622620	0.003808	8.6
345	-0.197411	257.275887	0.001976	8.4
346	-0.000000	256.930396	0.000000	13.9
347	-0.190131	256.586139	0.001874	10.0
348	-0.414854	256.243109	0.002322	13.7
349	-0.606746	255.901300	0.001604	8.7
350	-0.000000	255.560703	0.000000	8.1
351	-0.033517	255.221313	0.000403	13.3
352	-0.064022	254.883122	0.000512	14.2
353	-0.058036	254.546124	0.000939	8.9
354	-0.000000	254.210311	0.000000	8.6
355	-0.047231	253.875677	0.000431	8.4
356	-0.000010	253.542215	0.000015	15.7
357	-0.000000	253.209918	0.000000	4.6
358	-0.074634	252.878781	0.000269	15.5
359	-0.000000	252.548795	0.000000	9.6
360	-0.126810	252.219956	0.001328	8.4
361	-0.000000	251.892255	0.000000	9.6
362	-0.249134	251.565688	0.001914	11.9
363	-0.000000	251.240247	0.000000	8.1
364	-0.137823	250.915926	0.001481	8.2
365	-0.000000	250.592720	0.000000	8.4
366	-0.000000	250.270621	0.000000	13.7
367	-0.384574	249.949624	0.001834	13.4
368	-0.000000	249.629723	0.000000	11.6
369	-0.000000	249.310911	0.000000	7.6
370	-0.194340	248.993182	0.001531	8.2
371	-0.453782	248.676531	0.002453	12.5
372	-0.000000	248.360952	0.000000	8.0
373	-0.000000	248.046438	0.000000	8.5
374	-0.196524	247.732984	0.002094	8.3
375	-0.000000	247.420584	0.000000	10.9
376	-0.234601	247.109233	0.001243	8.2
377	-0.334120	246.798924	0.000915	8.4
378	-0.000000	246.489652	0.000000	12.3
379	-0.000000	246.181412	0.000000	13.7
380	-0.005434	245.874197	0.000130	8.0
381	-0.328495	245.568002	0.000406	8.3
382	-0.000000	245.262822	0.000000	8.1
383	-0.000000	244.958652	0.000000	8.0
384	-0.065023	244.655485	0.002381	8.3
385	-0.000000	244.353317	0.000000	7.9
386	-0.000000	244.052142	0.000000	8.2
387	-0.101917	243.751955	0.001880	13.2
388	-0.015918	243.452750	0.000284	13.1
389	-0.360361	243.154523	0.001680	9.9
390	-0.000000	242.857268	0.000000	8.5
391	-0.550137	242.560980	0.000798	10.6
392	-0.032204	242.265654	0.000188	9.7
393	-0.495507	241.971285	0.003278	10.2
394	-0.383798	241.677868	0.002138	12.3
395	-0.071795	241.385397	0.001313	11.8
396	-0.000000	241.093869	0.000000	8.8
397	-0.177436	240.803278	0.001462	9.4
398	-0.157452	240.513619	0.001568	14.3
399	-0.000000	240.224887	0.000000	8.5
400	-0.000017	239.937077	0.000021	8.5
401	-0.082285	239.650186	0.001571	8.5
402	-0.000000	239.364207	0.000000	8.7
403	-0.216376	239.079136	0.001079	8.5
404	-0.042860	238.794969	0.000622	8.4
405	-0.000000	238.511701	0.000000	8.4
406	-0.150880	238.229327	0.001378	9.8
407	-0.023846	237.947843	0.000225	10.1
408	-0.283150	237.667244	0.001391	10.7
409	-0.166161	237.387526	0.001286	10.7
410	-0.311411	237.108684	0.001142	8.4
411	-0.000000	236.830714	0.000000	9.3
412	-0.011952	236.553610	0.000069	8.4
413	-0.017092	236.277370	0.000380	8.2
414	-0.091868	236.001989	0.001422	8.3
415	-0.000000	235.727461	0.000000	8.4
416	-0.022556	235.453784	0.000106	8.3
417	-0.000000	235.180952	0.000000	8.6
418	-0.259807	234.908962	0.000629	8.6
419	-0.027692	234.637809	0.000723	8.5
420	-0.424146	234.367488	0.002935	11.9
421	-0.016140	234.097997	0.000333	12.2
422	-0.523341	233.829331	0.002285	10.6
423	-0.326920	233.561485	0.002141	8.5
424	-0.000000	233.294456	0.000000	9.2
425	-0.000000	233.028239	0.000000	10.7
426	-0.000000	232.762831	0.000000	8.0
427	-0.281816	232.498228	0.001258	8.4
428	-0.009219	232.234425	0.000071	11.3
429	-0.000117	231.971419	0.000002	10.2
430	-0.114952	231.709205	0.000946	8.9
431	-0.168777	231.447781	0.001331	12.9
432	-0.057102	231.187141	0.001139	11.8
433	-0.017704	230.927283	0.000262	8.7
434	-0.242870	230.668202	0.001106	8.6
435	-0.324218	230.409895	0.001503	8.7
436	-0.001007	230.152358	0.000063	8.0
437	-0.475096	229.895587	0.002698	8.7
438	-0.168593	229.639578	0.002182	8.6
439	-0.030301	229.384329	0.000727	8.1
440	-0.078188	229.129834	0.000491	8.5
441	-0.000138	228.876091	0.000025	8.3
442	-0.000000	228.623096	0.000000	14.7
443	-0.246345	228.370846	0.002436	8.9
444	-0.000000	228.119336	0.000000	8.3
445	-0.473464	227.868563	0.002764	8.1
446	-0.433815	227.618525	0.002118	9.2
447	-0.102177	227.369216	0.001173	8.5
448	-0.017756	227.120635	0.000283	8.8
449	-0.019525	226.872777	0.000634	8.4
450	-0.422818	226.625638	0.003589	15.8
451	-0.213143	226.379217	0.002733	7.8
452	-0.072517	226.133509	0.001353	19.3
453	-0.352723	225.888510	0.001162	4.5
454	-0.055979	225.644218	0.001620	11.4
455	-0.086698	225.400630	0.000310	8.6
456	-0.095761	225.157741	0.001240	8.7
457	-0.000001	224.915549	0.000001	7.6
458	-0.118248	224.674051	0.001437	10.4
459	-0.285985	224.433242	0.000579	8.7
460	-0.000000	224.193121	0.000000	11.3
461	-0.202292	223.953684	0.001442	11.7
462	-0.416104	223.714927	0.001814	11.7
463	-0.000000	223.476848	0.000000	13.6
464	-0.224162	223.239444	0.000503	8.9
465	-0.519778	223.002710	0.002135	8.6
466	-0.105912	222.766645	0.000307	9.2
467	-0.000000	222.531245	0.000000	11.3
468	-0.073598	222.296508	0.000119	8.8
469	-0.320230	222.062429	0.003147	11.1
470	-0.058376	221.829007	0.001243	8.7
471	-0.285078	221.596238	0.002229	11.4
472	-0.312668	221.364119	0.001579	14.5
473	-0.197886	221.132647	0.002161	8.7
474	-0.051116	220.901820	0.001291	8.3
475	-0.012810	220.671634	0.000062	8.2
476	-0.000000	220.442086	0.000000	11.9
477	-0.339837	220.213174	0.002667	8.5
478	-0.000000	219.984895	0.000000	11.4
479	-0.489057	219.757246	0.001466	12.0
480	-0.000000	219.530224	0.000000	16.0
481	-0.194515	219.303826	0.005269	13.2
482	-0.028001	219.078050	0.000522	16.3
483	-0.000001	218.852893	0.000000	16.1
484	-0.023712	218.628352	0.000575	17.4
485	-0.000000	218.404424	0.000000	8.7
486	-0.118239	218.181106	0.000861	15.4
487	-0.000000	217.958397	0.000000	15.0
488	-0.241592	217.736292	0.001886	8.8
489	-0.028236	217.514790	0.000422	13.9
490	-0.429261	217.293888	0.002569	14.2
491	-0.020668	217.073584	0.000528	13.2
492	-0.049865	216.853873	0.000953	13.2
493	-0.000000	216.634755	0.000000	13.9
494	-0.000000	216.416227	0.000000	15.6
495	-0.000000	216.198285	0.000000	13.3
496	-0.000000	215.980927	0.000000	13.7
497	-0.473681	215.764151	0.002648	8.4
498	-0.000000	215.547955	0.000000	10.1
499	-0.000000	215.332335	0.000000	13.1
500	-0.038778	215.117289	0.001032	12.8
501	-0.000000	214.902815	0.000000	11.5
502	-0.214993	214.688911	0.001137	11.2
503	-0.602740	214.475573	0.000950	9.4
504	-0.011909	214.262800	0.000078	9.0
505	-0.589365	214.050588	0.000907	8.5
506	-0.011764	213.838936	0.000188	8.7
507	-0.365441	213.627842	0.001668	8.8
508	-0.072705	213.417302	0.000631	8.3
509	-0.111797	213.207314	0.001128	8.9
510	-0.050653	212.997877	0.000622	8.2
511	-0.000000	212.788987	0.000000	9.4
512	-0.386976	212.580642	0.001412	8.5
513	-0.000000	212.372841	0.000000	11.4
514	-0.000000	212.165581	0.000000	9.4
515	-0.061680	211.958859	0.001037	8.7
516	-0.489446	211.752673	0.001734	13.9
517	-0.184801	211.547021	0.001575	9.5
518	-0.000000	211.341902	0.000000	11.6
519	-0.044193	211.137311	0.001203	14.0
520	-0.149236	210.933248	0.001531	11.5
521	-0.141051	210.729710	0.000378	14.5
522	-0.000000	210.526695	0.000000	9.7
523	-0.044474	210.324200	0.000912	8.2
524	-0.004640	210.122224	0.000077	8.6
525	-0.515297	209.920765	0.003174	11.7
526	-0.079046	209.719820	0.000946	6.9
527	-0.375573	209.519387	0.001817	8.4
528	-0.498440	209.319463	0.000793	8.5
529	-0.000000	209.120048	0.000000	8.1
530	-0.139536	208.921139	0.001140	8.6
531	-0.633949	208.722733	0.001004	9.8
532	-0.000000	208.524829	0.000000	9.7
533	-0.467835	208.327425	0.001681	9.4
534	-0.007852	208.130518	0.000259	8.6
535	-0.013700	207.934107	0.000241	8.5
536	-0.110395	207.738189	0.000520	8.2
537	-0.031159	207.542762	0.001283	8.6
538	-0.000000	207.347825	0.000000	8.6
539	-0.065475	207.153376	0.000314	8.6
540	-0.379847	206.959412	0.002827	8.4
541	-0.149369	206.765932	0.001526	8.2
542	-0.125490	206.572933	0.000957	8.4
543	-0.037693	206.380414	0.000816	9.7
544	-0.097441	206.188373	0.001567	13.7
545	-0.312902	205.996807	0.003001	9.0
546	-0.000000	205.805716	0.000000	8.9
547	-0.175582	205.615096	0.001204	8.8
548	-0.251516	205.424946	0.001757	13.4
549	-0.000000	205.235265	0.000000	9.1
550	-0.081985	205.046050	0.001198	8.9
551	-0.000000	204.857299	0.000000	14.6
552	-0.199691	204.669011	0.001293	3.9
553	-0.169293	204.481184	0.007131	14.7
554	-0.081324	204.293816	0.000799	14.2
555	-0.359341	204.106905	0.002382	8.6
556	-0.000000	203.920449	0.000000	8.4
557	-0.000000	203.734447	0.000000	8.5
558	-0.373863	203.548896	0.002109	16.3
559	-0.413893	203.363795	0.001463	8.0
560	-0.096506	203.179143	0.002857	8.1
561	-0.053879	202.994937	0.000538	8.6
562	-0.379788	202.811176	0.002675	14.7
563	-0.000000	202.627857	0.000000	9.0
564	-0.244956	202.444980	0.001491	8.4
565	-0.066620	202.262543	0.001070	8.4
566	-0.000000	202.080543	0.000000	9.0
567	-0.000000	201.898979	0.000000	8.9
568	-0.000000	201.717849	0.000000	8.5
569	-0.363815	201.537153	0.002331	8.4
570	-0.119701	201.356887	0.001186	8.7
571	-0.008607	201.177050	0.000207	8.7
572	-0.264238	200.997642	0.002283	8.4
573	-0.326756	200.818659	0.001729	9.5
574	-0.000000	200.640100	0.000000	9.7
575	-0.000000	200.461965	0.000000	8.4
576	-0.000000	200.284250	0.000000	8.5
577	-0.418995	200.106955	0.002041	8.3
578	-0.000000	199.930078	0.000000	8.3
579	-0.115682	199.753617	0.001928	12.2
580	-0.000000	199.577571	0.000000	7.9
581	-0.000000	199.401938	0.000000	8.3
582	-0.369464	199.226717	0.001504	8.7
583	-0.301901	199.051905	0.001084	10.7
584	-0.340408	198.877502	0.001192	11.9
585	-0.504798	198.703506	0.002736	12.2
586	-0.379760	198.529916	0.002665	8.5
587	-0.000000	198.356729	0.000000	13.9
588	-0.511068	198.183944	0.001414	8.1
589	-0.000000	198.011560	0.000000	8.5
590	-0.363448	197.839576	0.001231	8.3
591	-0.146813	197.667989	0.002167	8.3
592	-0.000000	197.496798	0.000000	8.0
593	-0.000000	197.326002	0.000000	8.2
594	-0.000000	197.155600	0.000000	14.9
595	-0.410915	196.985589	0.001492	12.2
596	-0.045921	196.815969	0.000254	8.4
597	-0.018265	196.646738	0.000218	8.7
598	-0.044303	196.477894	0.002647	8.5
599	-0.318926	196.309436	0.001695	9.1
600	-0.410152	196.141363	0.001732	8.9
601	-0.147100	195.973673	0.001169	8.5
602	-0.047709	195.806365	0.000934	11.6
603	-0.043961	195.639437	0.000331	8.5
604	-0.000000	195.472888	0.000000	10.5
605	-0.357076	195.306717	0.001582	21.9
606	-0.000000	195.140922	0.000000	10.8
607	-0.000000	194.975501	0.000000	6.7
608	-0.131093	194.810454	0.000414	9.3
609	-0.000000	194.645779	0.000000	8.2
610	-0.000000	194.481475	0.000000	8.4
611	-0.162106	194.317540	0.001208	8.5
612	-0.347647	194.153973	0.000926	8.4
613	-0.403938	193.990773	0.001670	8.3
614	-0.258067	193.827938	0.005096	14.1
615	-0.581890	193.665467	0.001759	8.7
616	-0.097498	193.503358	0.000824	8.5
617	-0.174684	193.341611	0.004185	8.6
618	-0.394721	193.180224	0.001502	8.7
619	-0.094623	193.019196	0.000507	11.8
620	-0.000000	192.858525	0.000000	8.3
621	-0.000243	192.698210	0.000008	8.4
622	-0.056309	192.538251	0.000636	8.4
623	-0.000000	192.378644	0.000000	8.3
624	-0.000000	192.219391	0.000000	8.1
625	-0.002551	192.060488	0.000027	10.4
626	-0.036363	191.901935	0.000173	10.6
627	-0.000000	191.743730	0.000000	12.3
628	-0.000000	191.585873	0.000000	8.3
629	-0.000000	191.428362	0.000000	11.3
630	-0.000000	191.271196	0.000000	6.9
631	-0.014256	191.114374	0.000535	8.3
632	-0.088861	190.957893	0.001538	8.4
633	-0.022452	190.801755	0.000629	8.6
634	-0.488779	190.645956	0.002184	8.8
635	-0.200119	190.490495	0.002903	10.5
636	-0.000000	190.335373	0.000000	13.8
637	-0.007158	190.180587	0.000045	6.0
638	-0.000000	190.026136	0.000000	8.7
639	-0.603269	189.872019	0.002544	8.5
640	-0.047348	189.718235	0.000799	8.4
641	-0.317328	189.564782	0.003061	8.2
642	-0.288981	189.411661	0.000905	8.5
643	-0.267708	189.258868	0.001798	8.7
644	-0.111790	189.106404	0.002031	8.2
645	-0.043822	188.954267	0.001330	9.2
646	-0.000000	188.802456	0.000000	18.5
647	-0.019723	188.650969	0.000108	8.6
648	-0.037521	188.499807	0.000921	8.7
649	-0.041750	188.348967	0.000166	8.4
650	-0.078533	188.198448	0.001493	8.5
651	-0.016073	188.048250	0.000038	8.3
652	-0.066311	187.898371	0.000977	8.5
653	-0.242693	187.748810	0.001888	8.6
654	-0.176382	187.599566	0.001986	9.3
655	-0.151453	187.450638	0.001774	7.9
656	-0.000000	187.302025	0.000000	8.2
657	-0.000000	187.153725	0.000000	10.5
658	-0.004587	187.005739	0.000045	9.5
659	-0.000000	186.858064	0.000000	10.3
660	-0.215270	186.710699	0.002242	8.4
661	-0.114845	186.563645	0.006186	9.8
662	-0.176400	186.416898	0.006548	9.4
663	-0.462399	186.270459	0.001739	8.4
664	-0.013932	186.124326	0.000194	8.8
665	-0.124661	185.978499	0.000760	10.3
666	-0.000000	185.832976	0.000000	8.3
667	-0.228409	185.687756	0.001152	8.5
668	-0.000000	185.542838	0.000000	10.1
669	-0.013381	185.398222	0.000053	14.2
670	-0.147159	185.253906	0.003810	8.1
671	-0.321256	185.109889	0.003535	8.5
672	-0.059511	184.966170	0.001313	8.6
673	-0.005867	184.822748	0.000153	8.6
674	-0.484140	184.679623	0.001931	8.8
675	-0.128050	184.536792	0.000704	12.2
676	-0.004837	184.394256	0.000117	8.2
677	-0.045477	184.252013	0.000187	8.7
678	-0.022092	184.110062	0.000567	13.6
679	-0.000000	183.968403	0.000000	13.6
680	-0.177994	183.827034	0.000807	8.1
681	-0.080731	183.685954	0.001295	8.6
682	-0.000000	183.545163	0.000000	14.6
683	-0.112957	183.404658	0.000723	4.1
684	-0.067869	183.264441	0.001678	10.0
685	-0.576653	183.124509	0.002786	8.5
686	-0.144502	182.984861	0.001094	8.5
687	-0.420662	182.845497	0.002421	10.2
688	-0.001552	182.706416	0.000032	13.7
689	-0.178982	182.567616	0.002336	15.3
690	-0.000000	182.429098	0.000000	8.3
691	-0.000000	182.290859	0.000000	12.7
692	-0.582367	182.152899	0.000846	9.0
693	-0.000000	182.015217	0.000000	8.7
694	-0.229702	181.877813	0.001394	8.5
695	-0.052646	181.740684	0.000483	8.6
696	-0.170649	181.603832	0.001685	8.4
697	-0.000000	181.467253	0.000000	12.3
698	-0.070354	181.330948	0.000669	10.3
699	-0.039426	181.194916	0.000843	12.1
700	-0.000000	181.059155	0.000000	8.6
701	-0.000000	180.923666	0.000000	8.1
702	-0.000001	180.788446	0.000000	8.3
703	-0.147852	180.653496	0.001868	8.6
704	-0.525725	180.518814	0.004992	8.4
705	-0.474606	180.384399	0.003382	8.7
706	-0.609914	180.250251	0.002488	8.1
707	-0.000000	180.116369	0.000000	8.4
708	-0.128491	179.982752	0.002111	9.8
709	-0.035191	179.849398	0.000501	11.7
710	-0.254355	179.716308	0.000912	13.5
711	-0.002907	179.583480	0.000003	8.2
712	-0.000041	179.450913	0.000086	11.5
713	-0.000000	179.318607	0.000000	8.4
714	-0.000000	179.186561	0.000000	12.9
715	-0.000000	179.054774	0.000000	8.0
716	-0.000000	178.923245	0.000000	9.2
717	-0.014749	178.791973	0.000138	8.9
718	-0.395327	178.660958	0.001259	14.3
719	-0.155110	178.530199	0.002014	12.1
720	-0.000000	178.399694	0.000000	8.3
721	-0.033795	178.269444	0.000931	8.7
722	-0.293731	178.139447	0.001772	13.4
723	-0.000000	178.009702	0.000000	11.3
724	-0.251194	177.880209	0.000973	9.6
725	-0.136334	177.750967	0.001137	8.3
726	-0.000000	177.621975	0.000000	8.2
727	-0.000000	177.493232	0.000000	11.3
728	-0.000000	177.364738	0.000000	11.8
729	-0.000000	177.236492	0.000000	8.3
730	-0.559259	177.108492	0.002333	8.4
731	-0.000000	176.980739	0.000000	11.4
732	-0.220534	176.853231	0.001037	8.4
733	-0.000000	176.725968	0.000000	9.0
734	-0.000000	176.598949	0.000000	8.5
735	-0.408304	176.472173	0.001032	8.6
736	-0.094242	176.345639	0.000921	8.5
737	-0.035792	176.219348	0.000957	8.9
738	-0.394260	176.093296	0.001484	15.6
739	-0.000000	175.967486	0.000000	11.4
740	-0.322894	175.841914	0.002100	13.1
741	-0.000000	175.716581	0.000000	7.6
742	-0.011662	175.591486	0.000251	8.2
743	-0.000000	175.466629	0.000000	8.9
744	-0.000000	175.342008	0.000000	8.2
745	-0.114079	175.217622	0.001390	9.0
746	-0.322361	175.093472	0.001603	8.4
747	-0.005638	174.969556	0.000184	7.8
748	-0.184252	174.845873	0.002149	12.4
749	-0.049413	174.722423	0.000766	14.4
750	-0.058901	174.599206	0.001664	12.2
751	-0.155105	174.476220	0.001437	8.4
752	-0.126549	174.353464	0.000309	8.2
753	-0.000000	174.230939	0.000000	8.0
754	-0.000000	174.108643	0.000000	8.6
755	-0.000000	173.986576	0.000000	8.6
756	-0.332714	173.864737	0.001426	8.3
757	-0.003102	173.743124	0.000120	13.9
758	-0.000000	173.621739	0.000000	12.1
759	-0.045722	173.500579	0.000884	8.6
760	-0.504914	173.379645	0.001966	11.4
761	-0.043481	173.258935	0.000776	9.0
762	-0.000000	173.138449	0.000000	9.3
763	-0.047113	173.018186	0.001081	12.4
764	-0.000000	172.898146	0.000000	8.8
765	-0.154060	172.778327	0.000277	8.2
766	-0.402057	172.658730	0.001246	8.8
767	-0.032271	172.539353	0.000094	8.9
768	-0.000000	172.420196	0.000000	20.5
769	-0.311895	172.301258	0.001772	5.8
770	-0.031189	172.182539	0.000809	9.1
771	-0.093025	172.064037	0.001592	8.5
772	-0.456566	171.945753	0.003602	9.6
773	-0.189369	171.827686	0.001870	8.3
774	-0.329674	171.709834	0.001181	8.4
775	-0.553237	171.592198	0.002448	8.8
776	-0.000000	171.474776	0.000000	8.3
777	-0.622629	171.357568	0.001775	8.7
778	-0.194828	171.240574	0.001721	15.5
779	-0.043786	171.123793	0.000418	7.7
780	-0.314780	171.007223	0.001420	8.2
781	-0.001057	170.890865	0.000277	8.2
782	-0.542091	170.774718	0.001255	8.5
783	-0.000000	170.658782	0.000000	8.5
784	-0.534008	170.543055	0.001030	8.4
785	-0.019997	170.427537	0.000245	13.7
786	-0.072351	170.312227	0.000800	8.4
787	-0.604605	170.197125	0.001126	8.5
788	-0.380925	170.082231	0.000781	8.4
789	-0.183344	169.967543	0.001324	12.6
790	-0.037066	169.853061	0.000199	12.0
791	-0.137020	169.738784	0.001361	11.1
792	-0.051618	169.624713	0.001037	8.7
793	-0.000001	169.510845	0.000001	12.8
794	-0.107503	169.397181	0.000320	8.5
795	-0.000000	169.283720	0.000000	8.9
796	-0.111847	169.170462	0.000945	8.9
797	-0.222427	169.057405	0.001562	8.6
798	-0.000000	168.944549	0.000000	12.1
799	-0.104667	168.831895	0.001584	11.9
800	-0.064885	168.719440	0.001092	8.3
801	-0.083699	168.607185	0.000879	9.0
802	-0.152738	168.495129	0.001690	8.0
803	-0.018810	168.383271	0.000057	8.6
804	-0.314394	168.271611	0.002137	9.2
805	-0.601807	168.160148	0.001482	8.4
806	-0.151661	168.048882	0.001388	8.7
807	-0.294977	167.937812	0.000371	8.7
808	-0.000000	167.826938	0.000000	8.8
809	-0.000000	167.716258	0.000000	10.2
810	-0.058433	167.605773	0.000492	14.2
811	-0.056071	167.495482	0.000848	8.4
812	-0.000326	167.385384	0.000014	9.4
813	-0.167966	167.275479	0.001962	9.1
814	-0.014454	167.165766	0.000136	8.3
815	-0.000000	167.056245	0.000000	7.8
816	-0.172328	166.946915	0.002265	8.5
817	-0.034229	166.837776	0.000925	12.6
818	-0.000000	166.728826	0.000000	7.7
819	-0.042730	166.620067	0.001468	8.5
820	-0.031538	166.511496	0.000502	14.0
821	-0.000000	166.403113	0.000000	8.5
822	-0.643274	166.294919	0.001950	9.4
823	-0.000000	166.186912	0.000000	8.1
824	-0.201475	166.079091	0.000716	11.3
825	-0.000053	165.971458	0.000061	8.7
826	-0.118605	165.864009	0.000359	11.0
827	-0.000000	165.756747	0.000000	8.2
828	-0.331857	165.649669	0.001342	8.3
829	-0.042970	165.542775	0.000849	8.5
830	-0.000000	165.436065	0.000000	14.7
831	-0.000000	165.329538	0.000000	11.9
832	-0.000016	165.223194	0.000002	8.8
833	-0.000000	165.117032	0.000000	8.4
834	-0.219973	165.011052	0.002329	8.7
835	-0.000053	164.905253	0.000046	9.6
836	-0.084730	164.799635	0.001306	8.8
837	-0.000196	164.694197	0.000010	11.4
838	-0.011855	164.588939	0.000196	8.3
839	-0.191466	164.483859	0.000269	8.7
840	-0.393124	164.378959	0.002557	10.7
841	-0.026753	164.274237	0.000281	18.5
842	-0.071263	164.169692	0.001982	4.6
843	-0.013736	164.065325	0.000175	8.6
844	-0.000000	163.961135	0.000000	8.3
845	-0.197508	163.857120	0.001188	8.2
846	-0.036716	163.753282	0.000952	8.4
847	-0.129246	163.649619	0.001936	8.8
848	-0.064345	163.546130	0.000576	8.4
849	-0.000000	163.442816	0.000000	9.1
850	-0.374677	163.339676	0.001511	8.5
851	-0.000000	163.236709	0.000000	12.2
852	-0.512178	163.133915	0.000917	9.3
853	-0.083969	163.031294	0.000463	8.9
854	-0.000000	162.928844	0.000000	13.5
855	-0.113276	162.826566	0.000258	7.7
856	-0.407904	162.724459	0.001397	8.5
857	-0.038147	162.622523	0.000882	8.4
858	-0.000005	162.520757	0.000007	8.2
859	-0.024227	162.419160	0.000479	8.7
860	-0.000000	162.317733	0.000000	8.5
861	-0.246190	162.216474	0.001961	8.7
862	-0.000000	162.115383	0.000000	15.0
863	-0.041076	162.014461	0.000669	7.8
864	-0.052327	161.913705	0.001262	8.5
865	-0.167671	161.813117	0.001880	8.8
866	-0.000000	161.712695	0.000000	8.1
867	-0.148674	161.612439	0.000798	8.3
868	-0.140383	161.512349	0.002343	8.5
869	-0.408700	161.412424	0.002087	8.8
870	-0.023646	161.312663	0.000299	8.3
871	-0.000000	161.213067	0.000000	8.7
872	-0.101889	161.113635	0.001045	8.6
873	-0.000000	161.014366	0.000000	14.2
874	-0.064812	160.915260	0.000546	10.6
875	-0.000000	160.816316	0.000000	8.6
876	-0.000796	160.717535	0.000010	8.4
877	-0.000000	160.618915	0.000000	10.9
878	-0.000000	160.520456	0.000000	8.0
879	-0.000000	160.422158	0.000000	8.2
880	-0.000000	160.324021	0.000000	8.2
881	-0.002309	160.226043	0.000074	8.3
882	-0.331311	160.128225	0.002796	8.5
883	-0.213839	160.030566	0.002209	14.0
884	-0.319376	159.933066	0.001828	8.7
885	-0.207973	159.835723	0.002392	8.6
886	-0.225696	159.738539	0.000809	8.2
887	-0.333746	159.641512	0.001202	8.7
888	-0.026359	159.544642	0.000206	13.3
889	-0.548562	159.447929	0.002687	8.2
890	-0.086269	159.351372	0.001233	12.4
891	-0.365717	159.254971	0.002754	8.6
892	-0.000000	159.158725	0.000000	8.1
893	-0.050275	159.062634	0.000632	10.9
894	-0.000000	158.966697	0.000000	11.9
895	-0.000000	158.870915	0.000000	12.5
896	-0.002439	158.775286	0.000037	9.0
897	-0.205811	158.679811	0.001592	9.7
898	-0.000000	158.584489	0.000000	8.9
899	-0.136050	158.489319	0.001366	9.1
900	-0.145335	158.394302	0.000731	14.0
901	-0.000000	158.299436	0.000000	9.0
902	-0.033633	158.204721	0.000546	13.9
903	-0.000000	158.110158	0.000000	11.8
904	-0.000000	158.015745	0.000000	8.6
905	-0.422141	157.921482	0.002324	8.7
906	-0.000000	157.827369	0.000000	8.6
907	-0.000002	157.733406	0.000001	8.9
908	-0.196309	157.639591	0.002044	8.7
909	-0.000000	157.545925	0.000000	9.1
910	-0.457476	157.452408	0.002511	9.2
911	-0.000000	157.359038	0.000001	8.5
912	-0.276370	157.265816	0.002068	8.7
913	-0.014209	157.172741	0.000901	9.7
914	-0.353142	157.079813	0.002147	11.9
915	-0.000000	156.987031	0.000000	11.4
916	-0.000000	156.894395	0.000000	12.0
917	-0.000000	156.801904	0.000000	8.7
918	-0.000000	156.709559	0.000000	8.1
919	-0.017660	156.617359	0.000308	11.1
920	-0.610883	156.525304	0.001220	8.1
921	-0.025466	156.433392	0.000112	8.4
922	-0.273176	156.341624	0.002193	8.5
923	-0.475998	156.250000	0.002227	8.8
924	-0.000000	156.158519	0.000000	9.5
925	-0.511755	156.067180	0.003211	11.8
926	-0.000000	155.975984	0.000000	8.7
927	-0.520242	155.884930	0.001155	8.6
928	-0.464373	155.794017	0.001794	9.1
929	-0.115815	155.703246	0.002721	8.5
930	-0.074943	155.612615	0.000400	8.4
931	-0.000000	155.522125	0.000000	8.4
932	-0.035875	155.431775	0.000683	8.4
933	-0.283680	155.341565	0.002483	8.8
934	-0.077650	155.251495	0.000906	13.5
935	-0.051360	155.161563	0.001121	8.8
936	-0.000000	155.071771	0.000000	18.7
937	-0.000000	154.982117	0.000000	3.8
938	-0.416023	154.892601	0.001963	8.6
939	-0.256517	154.803222	0.002515	11.8
940	-0.000000	154.713981	0.000000	8.1
941	-0.000000	154.624878	0.000000	8.3
942	-0.348503	154.535910	0.002247	8.6
943	-0.569216	154.447080	0.001301	9.5
944	-0.184018	154.358385	0.001534	13.9
945	-0.000000	154.269826	0.000000	12.1
946	-0.000000	154.181402	0.000000	8.3
947	-0.000000	154.093114	0.000000	8.3
948	-0.010224	154.004960	0.000193	10.7
949	-0.017561	153.916940	0.000218	8.6
950	-0.000000	153.829054	0.000000	12.0
951	-0.000000	153.741303	0.000000	7.9
952	-0.000000	153.653684	0.000000	8.2
953	-0.056291	153.566198	0.000198	8.2
954	-0.480921	153.478846	0.002064	13.9
955	-0.002083	153.391625	0.000012	10.4
956	-0.000069	153.304537	0.000050	10.5
957	-0.609776	153.217580	0.001325	12.0
958	-0.388994	153.130755	0.002220	8.4
959	-0.546559	153.044061	0.001750	9.2
960	-0.350930	152.957498	0.001164	8.3
961	-0.003122	152.871065	0.000236	8.7
962	-0.000000	152.784762	0.000000	8.3
963	-0.000000	152.698589	0.000000	8.5
964	-0.000000	152.612545	0.000000	11.7
965	-0.533143	152.526631	0.001017	10.4
966	-0.303641	152.440845	0.002547	13.3
967	-0.000042	152.355188	0.000010	12.1
968	-0.000000	152.269660	0.000000	13.4
969	-0.000000	152.184259	0.000000	9.1
970	-0.476888	152.098986	0.003884	8.6
971	-0.066505	152.013840	0.000610	8.6
972	-0.140572	151.928821	0.000995	10.6
973	-0.279246	151.843928	0.002841	13.8
974	-0.354260	151.759163	0.002134	9.1
975	-0.006614	151.674523	0.000255	8.8
976	-0.000000	151.590009	0.000000	12.5
977	-0.000000	151.505620	0.000000	9.0
978	-0.000000	151.421357	0.000000	8.3
979	-0.000000	151.337218	0.000000	13.1
980	-0.173981	151.253204	0.000667	8.3
981	-0.161755	151.169314	0.000767	8.4
982	-0.121834	151.085549	0.001821	8.4
983	-0.000000	151.001907	0.000000	9.2
984	-0.119682	150.918388	0.001690	11.9
985	-0.125505	150.834992	0.001459	9.1
986	-0.025593	150.751719	0.000661	9.2
987	-0.000000	150.668569	0.000000	8.2
988	-0.000000	150.585541	0.000000	8.2
989	-0.595158	150.502634	0.001288	8.7
990	-0.453059	150.419849	0.001002	10.9
991	-0.007617	150.337186	0.000187	8.5
992	-0.019495	150.254644	0.000762	8.6
993	-0.411706	150.172222	0.000880	8.7
994	-0.039391	150.089921	0.000504	14.7
995	-0.046640	150.007740	0.000180	11.5
996	-0.111472	149.925679	0.000324	13.7
997	-0.033002	149.843737	0.000416	13.0
998	-0.123710	149.761915	0.000974	8.5
999	-0.000000	149.680212	0.000000	8.4
1000	-0.159688	149.598627	0.001923	8.5
1001	-0.000000	149.517161	0.000000	8.3
1002	-0.404855	149.435814	0.003148	8.5
1003	-0.000000	149.354584	0.000000	13.6
1004	-0.000000	149.273472	0.000000	9.4
1005	-0.116821	149.192477	0.000609	8.7
1006	-0.018078	149.111599	0.000427	8.8
1007	-0.128032	149.030838	0.001389	8.7
1008	-0.280509	148.950194	0.002791	8.0
1009	-0.000000	148.869666	0.000000	8.3
1010	-0.383514	148.789253	0.002648	8.7
1011	-0.032806	148.708957	0.000478	8.7
1012	-0.000000	148.628776	0.000000	8.2
1013	-0.051027	148.548710	0.001213	10.9
1014	-0.000000	148.468759	0.000000	12.0
1015	-0.504505	148.388923	0.004063	8.8
1016	-0.000000	148.309201	0.000000	8.8
1017	-0.000000	148.229594	0.000000	18.1
1018	-0.116965	148.150100	0.000328	4.0
1019	-0.000000	148.070719	0.000000	8.3
1020	-0.000000	147.991452	0.000000	8.3
1021	-0.478515	147.912298	0.002215	8.5
1022	-0.246288	147.833257	0.001614	8.4
1023	-0.000000	147.754329	0.000000	8.3
1024	-0.015215	147.675512	0.000359	8.5
1025	-0.000000	147.596808	0.000000	10.9
1026	-0.482560	147.518216	0.002054	8.6
1027	-0.030551	147.439735	0.000706	8.7
1028	-0.000000	147.361365	0.000000	8.8
1029	-0.168547	147.283106	0.001237	10.2
1030	-0.059058	147.204958	0.000725	9.7
1031	-0.000000	147.126920	0.000000	8.2
1032	-0.042575	147.048993	0.000339	8.5
1033	-0.009813	146.971175	0.000089	8.5
1034	-0.258320	146.893468	0.001035	9.1
1035	-0.057330	146.815869	0.001162	8.4
1036	-0.203306	146.738380	0.001969	11.0
1037	-0.178361	146.661000	0.005954	8.8
1038	-0.241782	146.583729	0.002782	9.0
1039	-0.024829	146.506566	0.000248	15.9
1040	-0.422275	146.429511	0.002829	6.4
1041	-0.547434	146.352565	0.001254	8.4
1042	-0.470886	146.275726	0.000540	8.9
1043	-0.077369	146.198994	0.001199	8.8
1044	-0.000000	146.122370	0.000000	9.2
1045	-0.039016	146.045853	0.000631	8.3
1046	-0.000000	145.969442	0.000000	13.5
1047	-0.022040	145.893139	0.000261	8.7
1048	-0.037973	145.816941	0.000475	8.6
1049	-0.292889	145.740849	0.001168	8.9
1050	-0.000000	145.664863	0.000000	8.7
1051	-0.461933	145.588983	0.002771	8.3
1052	-0.265348	145.513208	0.001375	8.3
1053	-0.029882	145.437538	0.000195	12.3
1054	-0.401655	145.361973	0.001822	8.1
1055	-0.181200	145.286513	0.006420	8.6
1056	-0.028064	145.211157	0.000378	8.4
1057	-0.215150	145.135905	0.001231	13.7
1058	-0.038374	145.060757	0.000564	8.6
1059	-0.000000	144.985712	0.000000	8.6
1060	-0.327566	144.910771	0.001507	14.3
1061	-0.000000	144.835934	0.000000	8.2
1062	-0.002067	144.761199	0.000065	8.3
1063	-0.037362	144.686567	0.000636	9.0
1064	-0.000000	144.612037	0.000000	8.4
1065	-0.445098	144.537610	0.002681	9.2
1066	-0.000000	144.463285	0.000000	8.4
1067	-0.144542	144.389062	0.000933	14.4
1068	-0.037227	144.314940	0.000159	12.9
1069	-0.133614	144.240920	0.001006	8.5
1070	-0.276150	144.167001	0.002265	8.0
1071	-0.065382	144.093182	0.000709	8.8
1072	-0.534390	144.019465	0.001627	8.5
1073	-0.000000	143.945848	0.000000	9.9
1074	-0.424422	143.872331	0.001952	12.0
1075	-0.000000	143.798914	0.000001	8.0
1076	-0.143581	143.725597	0.001327	11.7
1077	-0.032956	143.652380	0.000885	11.9
1078	-0.167821	143.579262	0.002713	9.5
1079	-0.000000	143.506243	0.000000	8.1
1080	-0.303449	143.433323	0.000911	13.9
1081	-0.181880	143.360502	0.002273	8.7
1082	-0.000003	143.287780	0.000002	11.5
1083	-0.000000	143.215155	0.000000	8.4
1084	-0.237754	143.142629	0.001793	9.2
1085	-0.021768	143.070201	0.000090	10.3
1086	-0.054355	142.997870	0.000740	8.1
1087	-0.000000	142.925637	0.000000	10.9
1088	-0.216796	142.853501	0.000623	8.6
1089	-0.045512	142.781462	0.000202	8.7
1090	-0.185850	142.709519	0.000979	11.7
1091	-0.000000	142.637674	0.000000	13.4
1092	-0.474235	142.565924	0.001586	8.3
1093	-0.066003	142.494271	0.004638	8.6
1094	-0.135145	142.422714	0.001363	8.3
1095	-0.000000	142.351252	0.000000	9.1
1096	-0.020357	142.279886	0.000350	10.9
1097	-0.502918	142.208616	0.002797	12.4
1098	-0.000000	142.137440	0.000000	8.2
1099	-0.000000	142.066360	0.000000	13.5
1100	-0.034579	141.995374	0.000439	14.2
1101	-0.000000	141.924483	0.000000	8.2
1102	-0.381201	141.853685	0.001566	8.5
1103	-0.012576	141.782983	0.000030	8.8
1104	-0.000000	141.712373	0.000000	8.2
1105	-0.000000	141.641858	0.000000	10.0
1106	-0.110310	141.571436	0.001128	17.2
1107	-0.089410	141.501108	0.001345	6.7
1108	-0.005782	141.430872	0.000225	7.7
1109	-0.000000	141.360730	0.000000	8.2
1110	-0.043382	141.290680	0.000622	8.4
1111	-0.213621	141.220722	0.001307	10.3
1112	-0.485082	141.150857	0.001482	8.2
1113	-0.507651	141.081084	0.003134	8.8
1114	-0.495196	141.011403	0.001314	8.3
1115	-0.232485	140.941813	0.001783	8.7
1116	-0.000000	140.872315	0.000000	11.1
1117	-0.000000	140.802909	0.000000	11.4
1118	-0.000000	140.733593	0.000000	15.8
1119	-0.108830	140.664369	0.000772	7.0
1120	-0.240020	140.595235	0.000492	11.1
1121	-0.004814	140.526192	0.000114	17.7
1122	-0.000000	140.457239	0.000000	4.4
1123	-0.101946	140.388376	0.001399	9.7
1124	-0.516394	140.319603	0.001815	8.9
1125	-0.049495	140.250920	0.000616	8.3
1126	-0.000000	140.182326	0.000000	8.2
1127	-0.000000	140.113822	0.000000	12.0
1128	-0.284633	140.045407	0.001174	8.9
1129	-0.105654	139.977081	0.001011	10.8
1130	-0.048712	139.908844	0.001013	8.1
1131	-0.063698	139.840696	0.000691	8.3
1132	-0.020699	139.772635	0.000214	11.2
1133	-0.106244	139.704664	0.001033	8.2
1134	-0.020153	139.636780	0.000322	8.2
1135	-0.000185	139.568984	0.000078	8.7
1136	-0.149820	139.501276	0.000951	8.5
1137	-0.073941	139.433655	0.000991	8.9
1138	-0.002240	139.366122	0.000133	10.7
1139	-0.343520	139.298676	0.001310	10.5
1140	-0.133476	139.231317	0.002715	8.8
1141	-0.000000	139.164045	0.000000	10.7
1142	-0.000000	139.096859	0.000000	8.3
1143	-0.474487	139.029760	0.002072	9.6
1144	-0.008018	138.962747	0.000240	13.5
1145	-0.124278	138.895820	0.001016	8.2
1146	-0.289940	138.828978	0.001471	8.7
1147	-0.000000	138.762223	0.000000	8.0
1148	-0.000000	138.695553	0.000000	13.5
1149	-0.510744	138.628969	0.002371	9.7
1150	-0.340032	138.562469	0.001885	8.2
1151	-0.545047	138.496055	0.002049	8.2
1152	-0.000133	138.429725	0.000061	8.1
1153	-0.000000	138.363481	0.000000	9.4
1154	-0.000000	138.297320	0.000000	8.8
1155	-0.247286	138.231244	0.001644	8.0
1156	-0.531431	138.165252	0.001959	8.4
1157	-0.394577	138.099344	0.002658	9.1
1158	-0.013710	138.033520	0.000195	8.4
1159	-0.064261	137.967779	0.003014	13.9
1160	-0.237350	137.902122	0.000765	11.7
1161	-0.016741	137.836548	0.000434	8.1
1162	-0.165770	137.771057	0.002518	14.0
1163	-0.000000	137.705649	0.000000	8.3
1164	-0.000000	137.640324	0.000000	8.9
1165	-0.058464	137.575081	0.001098	8.5
1166	-0.266165	137.509921	0.006559	8.5
1167	-0.212628	137.444842	0.000594	8.5
1168	-0.061681	137.379846	0.000615	9.8
1169	-0.274023	137.314932	0.002079	13.9
1170	-0.000000	137.250100	0.000000	8.7
1171	-0.449382	137.185349	0.001233	8.0
1172	-0.022862	137.120680	0.000454	8.6
1173	-0.000000	137.056092	0.000000	9.0
1174	-0.000000	136.991585	0.000000	8.7
1175	-0.000000	136.927158	0.000000	11.0
1176	-0.000000	136.862813	0.000000	8.5
1177	-0.228117	136.798548	0.001064	8.4
1178	-0.142958	136.734363	0.002073	8.8
1179	-0.071289	136.670259	0.001143	16.9
1180	-0.005016	136.606235	0.000171	10.9
1181	-0.381887	136.542291	0.002283	8.6
1182	-0.460443	136.478426	0.003136	9.0
1183	-0.160331	136.414641	0.000921	9.2
1184	-0.000000	136.350936	0.000000	11.1
1185	-0.145649	136.287310	0.002097	8.7
1186	-0.000000	136.223763	0.000000	8.1
1187	-0.000000	136.160295	0.000000	8.9
1188	-0.000000	136.096905	0.000000	8.5
1189	-0.000000	136.033594	0.000000	9.5
1190	-0.323077	135.970362	0.002282	13.7
1191	-0.051287	135.907208	0.001551	7.4
1192	-0.361166	135.844133	0.000708	8.6
1193	-0.333668	135.781135	0.002108	8.3
1194	-0.001652	135.718215	0.000139	8.5
1195	-0.000000	135.655373	0.000000	7.9
1196	-0.027610	135.592608	0.000416	12.1
1197	-0.000000	135.529921	0.000000	8.2
1198	-0.000000	135.467311	0.000000	8.4
1199	-0.114436	135.404778	0.000451	16.9
1200	-0.000000	135.342322	0.000000	7.3
1201	-0.346673	135.279942	0.001225	8.2
1202	-0.032033	135.217640	0.000364	8.6
1203	-0.000000	135.155413	0.000000	19.0
1204	-0.000096	135.093263	0.000128	5.7
1205	-0.149021	135.031190	0.000505	8.5
1206	-0.042636	134.969192	0.000681	8.5
1207	-0.000000	134.907270	0.000000	11.1
1208	-0.041726	134.845424	0.000321	8.7
1209	-0.000000	134.783653	0.000000	14.8
1210	-0.007807	134.721958	0.000410	8.8
1211	-0.000000	134.660338	0.000000	8.2
1212	-0.633866	134.598793	0.001007	8.5
1213	-0.069991	134.537323	0.000405	8.5
1214	-0.111168	134.475927	0.000731	11.3
1215	-0.048956	134.414607	0.000327	7.4
1216	-0.000000	134.353361	0.000000	12.2
1217	-0.097190	134.292189	0.000659	8.3
1218	-0.000053	134.231092	0.000003	8.4
1219	-0.156927	134.170068	0.002342	11.2
1220	-0.182890	134.109119	0.000940	13.5
1221	-0.498698	134.048243	0.001446	9.5
1222	-0.138248	133.987441	0.000790	8.5
1223	-0.000000	133.926713	0.000000	11.4
1224	-0.000000	133.866057	0.000000	8.0
1225	-0.011955	133.805475	0.000856	8.3
1226	-0.000000	133.744966	0.000000	9.1
1227	-0.000000	133.684530	0.000000	13.5
1228	-0.037218	133.624167	0.000671	8.3
1229	-0.380290	133.563877	0.001290	10.5
1230	-0.060213	133.503658	0.000679	8.1
1231	-0.000000	133.443513	0.000000	8.4
1232	-0.349731	133.383439	0.001213	9.9
1233	-0.308457	133.323437	0.002264	8.3
1234	-0.208220	133.263508	0.001561	8.9
1235	-0.000000	133.203650	0.000000	10.3
1236	-0.170836	133.143864	0.000999	8.2
1237	-0.002510	133.084149	0.000014	8.4
1238	-0.000000	133.024506	0.000000	11.2
1239	-0.251960	132.964934	0.001995	8.3
1240	-0.019321	132.905433	0.000321	11.4
1241	-0.005877	132.846003	0.000193	11.8
1242	-0.007578	132.786643	0.000235	8.1
1243	-0.216669	132.727355	0.000541	10.5
1244	-0.000002	132.668137	0.000000	13.1
1245	-0.000394	132.608989	0.000141	12.0
1246	-0.000000	132.549912	0.000000	8.1
1247	-0.118405	132.490904	0.002781	8.1
1248	-0.432940	132.431967	0.002257	7.8
1249	-0.000000	132.373100	0.000000	10.8
1250	-0.003275	132.314302	0.000070	12.3
1251	-0.592099	132.255574	0.002796	8.2
1252	-0.164422	132.196916	0.001677	8.6
1253	-0.000000	132.138326	0.000000	8.6
1254	-0.063939	132.079806	0.001131	9.6
1255	-0.000000	132.021355	0.000000	8.2
1256	-0.064723	131.962973	0.000420	11.7
1257	-0.356340	131.904660	0.001504	8.6
1258	-0.490062	131.846415	0.003685	11.3
1259	-0.000000	131.788239	0.000000	8.7
1260	-0.312878	131.730131	0.000672	10.6
1261	-0.094193	131.672092	0.000492	10.6
1262	-0.220271	131.614121	0.002422	8.6
1263	-0.000000	131.556217	0.000000	8.6
1264	-0.342533	131.498382	0.001637	13.8
1265	-0.000000	131.440614	0.000000	10.2
1266	-0.042833	131.382914	0.001029	8.2
1267	-0.360368	131.325282	0.001566	13.7
1268	-0.000000	131.267717	0.000000	5.2
1269	-0.000000	131.210219	0.000000	13.6
1270	-0.000000	131.152788	0.000000	8.6
1271	-0.000000	131.095424	0.000000	11.3
1272	-0.019953	131.038127	0.000080	8.5
1273	-0.024866	130.980897	0.000440	11.1
1274	-0.000020	130.923733	0.000007	8.1
1275	-0.000000	130.866636	0.000000	8.2
1276	-0.115888	130.809605	0.001139	8.4
1277	-0.494870	130.752641	0.002572	8.5
1278	-0.070390	130.695742	0.001201	8.5
1279	-0.456887	130.638910	0.002490	8.8
1280	-0.122688	130.582143	0.000880	14.0
1281	-0.250433	130.525442	0.000869	11.4
1282	-0.013356	130.468807	0.000580	9.0
1283	-0.001159	130.412237	0.000126	10.8
1284	-0.004187	130.355733	0.000065	12.5
1285	-0.101676	130.299294	0.000658	9.4
1286	-0.000000	130.242920	0.000000	9.8
1287	-0.112797	130.186611	0.000481	13.3
1288	-0.513467	130.130366	0.001632	8.2
1289	-0.000000	130.074187	0.000000	9.6
1290	-0.518513	130.018072	0.001994	10.8
1291	-0.060779	129.962022	0.001076	9.0
1292	-0.420605	129.906036	0.001028	8.5
1293	-0.000000	129.850114	0.000000	8.6
1294	-0.029616	129.794257	0.000271	9.1
1295	-0.000000	129.738463	0.000000	8.7
1296	-0.059102	129.682734	0.000455	11.7
1297	-0.094359	129.627068	0.001098	8.6
1298	-0.132909	129.571466	0.002321	8.8
1299	-0.135103	129.515927	0.001798	8.6
1300	-0.037331	129.460452	0.000153	11.9
1301	-0.000000	129.405040	0.000000	8.4
1302	-0.000000	129.349692	0.000000	8.5
1303	-0.000007	129.294406	0.000009	8.2
1304	-0.355480	129.239183	0.006021	15.6
1305	-0.084833	129.184024	0.001289	9.5
1306	-0.000000	129.128927	0.000000	11.1
1307	-0.447196	129.073892	0.002371	8.4
1308	-0.059001	129.018921	0.001315	8.6
1309	-0.495605	128.964011	0.001764	8.3
1310	-0.083242	128.909164	0.000871	12.9
1311	-0.043359	128.854379	0.000596	8.4
1312	-0.298406	128.799656	0.000399	8.7
1313	-0.444324	128.744995	0.002350	8.5
1314	-0.313469	128.690396	0.001799	8.2
1315	-0.056523	128.635858	0.000332	8.3
1316	-0.176407	128.581382	0.003658	8.7
1317	-0.057523	128.526968	0.000727	8.2
1318	-0.167183	128.472615	0.001354	13.4
1319	-0.123435	128.418323	0.001856	9.5
1320	-0.017595	128.364092	0.000148	16.8
1321	-0.000000	128.309922	0.000000	10.1
1322	-0.037173	128.255814	0.000631	8.4
1323	-0.000000	128.201766	0.000000	11.4
1324	-0.000000	128.147778	0.000000	13.8
1325	-0.182418	128.093852	0.002884	14.8
1326	-0.170648	128.039985	0.000736	8.4
1327	-0.315420	127.986180	0.002042	8.5
1328	-0.022973	127.932434	0.000146	8.5
1329	-0.073725	127.878749	0.002334	10.6
1330	-0.339224	127.825123	0.001789	8.9
1331	-0.000000	127.771558	0.000000	8.9
1332	-0.000008	127.718052	0.000003	9.7
1333	-0.206283	127.664606	0.000600	8.4
1334	-0.600470	127.611220	0.001408	8.2
1335	-0.414730	127.557893	0.000776	13.8
1336	-0.000408	127.504625	0.000091	8.6
1337	-0.235202	127.451417	0.002491	8.2
1338	-0.000000	127.398268	0.000000	8.3
1339	-0.152021	127.345178	0.001094	8.6
1340	-0.000000	127.292147	0.000000	15.5
1341	-0.216329	127.239175	0.001351	12.0
1342	-0.441008	127.186261	0.003534	8.2
1343	-0.481763	127.133407	0.002785	9.2
1344	-0.187068	127.080610	0.009972	14.8
1345	-0.085069	127.027872	0.000822	8.1
1346	-0.000000	126.975193	0.000000	8.2
1347	-0.100715	126.922572	0.000712	11.0
1348	-0.433130	126.870008	0.002701	8.8
1349	-0.206375	126.817503	0.001769	11.1
1350	-0.066844	126.765056	0.000866	12.3
1351	-0.155693	126.712667	0.001231	7.9
1352	-0.131957	126.660335	0.001554	8.5
1353	-0.000000	126.608061	0.000000	8.3
1354	-0.144360	126.555844	0.004737	8.4
1355	-0.316882	126.503685	0.001974	8.7
1356	-0.000000	126.451583	0.000000	13.2
1357	-0.044220	126.399538	0.000570	8.6
1358	-0.000000	126.347550	0.000000	8.2
1359	-0.262443	126.295619	0.002115	14.0
1360	-0.272635	126.243745	0.001200	12.8
1361	-0.425148	126.191928	0.002046	11.9
1362	-0.013192	126.140168	0.000173	8.3
1363	-0.000000	126.088464	0.000000	8.4
1364	-0.177098	126.036817	0.001188	14.8
1365	-0.000000	125.985226	0.000000	8.3
1366	-0.264676	125.933691	0.001189	8.6
1367	-0.000000	125.882212	0.000000	8.6
1368	-0.057572	125.830790	0.000407	8.6
1369	-0.067006	125.779423	0.000607	17.1
1370	-0.230778	125.728113	0.002111	5.5
1371	-0.022463	125.676858	0.000150	8.7
1372	-0.000000	125.625659	0.000000	8.5
1373	-0.004306	125.574515	0.000117	8.7
1374	-0.040808	125.523427	0.001289	12.8
1375	-0.000000	125.472394	0.000000	7.9
1376	-0.369588	125.421417	0.001246	11.9
1377	-0.130178	125.370495	0.000979	8.7
1378	-0.514904	125.319628	0.001561	8.5
1379	-0.465928	125.268815	0.002615	13.9
1380	-0.349793	125.218058	0.001779	8.9
1381	-0.000000	125.167356	0.000000	8.1
1382	-0.039943	125.116708	0.000418	11.4
1383	-0.000000	125.066115	0.000000	11.9
1384	-0.272954	125.015576	0.000577	13.6
1385	-0.357260	124.965092	0.001226	8.2
1386	-0.000000	124.914662	0.000000	8.1
1387	-0.292178	124.864287	0.002473	8.7
1388	-0.000000	124.813965	0.000000	12.9
1389	-0.000000	124.763698	0.000000	12.1
1390	-0.345554	124.713485	0.002938	13.9
1391	-0.000000	124.663325	0.000000	8.5
1392	-0.000000	124.613219	0.000000	8.7
1393	-0.456631	124.563167	0.001671	8.7
1394	-0.328260	124.513168	0.000747	8.2
1395	-0.000000	124.463223	0.000000	8.6
1396	-0.319238	124.413332	0.002519	8.1
1397	-0.071845	124.363493	0.001965	8.7
1398	-0.000000	124.313708	0.000000	9.2
1399	-0.052403	124.263976	0.000953	12.9
1400	-0.223423	124.214297	0.001836	9.9
1401	-0.000000	124.164671	0.000000	8.4
1402	-0.000000	124.115097	0.000000	8.6
1403	-0.552869	124.065577	0.000791	12.8
1404	-0.156263	124.016109	0.000296	19.2
1405	-0.324997	123.966693	0.001299	6.0
1406	-0.000000	123.917330	0.000000	8.7
1407	-0.388817	123.868020	0.003753	9.0
1408	-0.000000	123.818762	0.000000	8.8
1409	-0.361757	123.769556	0.002101	15.9
1410	-0.458251	123.720402	0.002963	5.7
1411	-0.000000	123.671300	0.000000	10.2
1412	-0.000000	123.622250	0.000000	8.1
1413	-0.296188	123.573252	0.002487	8.4
1414	-0.079479	123.524305	0.000316	8.9
1415	-0.115371	123.475411	0.000951	10.9
1416	-0.000000	123.426568	0.000000	14.2
1417	-0.007915	123.377776	0.000247	8.9
1418	-0.261884	123.329036	0.001807	7.8
1419	-0.062868	123.280347	0.000920	13.4
1420	-0.000000	123.231709	0.000000	8.1
1421	-0.000000	123.183122	0.000000	10.5
1422	-0.000000	123.134587	0.000000	11.7
1423	-0.000000	123.086102	0.000000	13.0
1424	-0.000000	123.037669	0.000000	8.0
1425	-0.004204	122.989286	0.000094	7.1
1426	-0.277005	122.940954	0.001664	8.4
1427	-0.263352	122.892672	0.003162	18.8
1428	-0.041667	122.844441	0.000902	9.6
1429	-0.006607	122.796261	0.000130	7.7
1430	-0.000000	122.748130	0.000000	8.8
1431	-0.000000	122.700050	0.000000	8.8
1432	-0.000000	122.652021	0.000000	8.5
1433	-0.000000	122.604041	0.000000	8.5
1434	-0.000000	122.556111	0.000000	12.3
1435	-0.265846	122.508232	0.001543	8.8
1436	-0.000000	122.460402	0.000000	9.1
1437	-0.178256	122.412622	0.000659	9.0
1438	-0.315814	122.364891	0.001753	12.8
1439	-0.314167	122.317210	0.001534	8.5
1440	-0.241855	122.269579	0.007767	8.4
1441	-0.035713	122.221997	0.000650	8.4
1442	-0.330922	122.174465	0.001112	8.4
1443	-0.142253	122.126981	0.000447	14.0
1444	-0.213021	122.079547	0.002078	12.0
1445	-0.000000	122.032162	0.000000	6.9
1446	-0.366304	121.984826	0.001674	8.1
1447	-0.401314	121.937539	0.003124	10.8
1448	-0.110951	121.890301	0.000777	14.8
1449	-0.402487	121.843112	0.000411	7.2
1450	-0.000045	121.795971	0.000008	8.2
1451	-0.117115	121.748879	0.001107	8.5
1452	-0.220890	121.701835	0.001530	8.5
1453	-0.312147	121.654840	0.002613	8.0
1454	-0.064912	121.607893	0.000503	8.5
1455	-0.085847	121.560994	0.001541	8.2
1456	-0.104963	121.514144	0.000488	8.3
1457	-0.000000	121.467342	0.000000	8.6
1458	-0.127887	121.420588	0.000795	8.3
1459	-0.277478	121.373882	0.001072	13.1
1460	-0.000000	121.327223	0.000000	15.3
1461	-0.623251	121.280613	0.000856	9.2
1462	-0.543750	121.234050	0.004424	10.4
1463	-0.000000	121.187535	0.000000	10.5
1464	-0.383136	121.141067	0.001543	13.1
1465	-0.000000	121.094647	0.000000	8.2
1466	-0.005140	121.048274	0.000144	8.3
1467	-0.000000	121.001949	0.000000	8.5
1468	-0.044129	120.955671	0.000585	9.2
1469	-0.476058	120.909440	0.002317	15.2
1470	-0.020418	120.863256	0.000753	10.1
1471	-0.000000	120.817119	0.000000	8.3
1472	-0.321649	120.771029	0.000935	9.8
1473	-0.063059	120.724986	0.000474	8.3
1474	-0.027750	120.678990	0.000328	8.8
1475	-0.000000	120.633040	0.000000	8.7
1476	-0.000000	120.587137	0.000000	8.4
1477	-0.521157	120.541281	0.001746	8.3
1478	-0.114377	120.495471	0.002593	8.9
1479	-0.000000	120.449707	0.000000	9.6
1480	-0.055559	120.403990	0.001170	14.9
1481	-0.570291	120.358319	0.001282	8.9
1482	-0.003811	120.312694	0.000034	9.6
1483	-0.000000	120.267115	0.000000	8.6
1484	-0.147897	120.221582	0.002532	13.4
1485	-0.442738	120.176096	0.001543	8.9
1486	-0.043792	120.130655	0.000930	8.5
1487	-0.045329	120.085260	0.000836	9.0
1488	-0.406734	120.039910	0.002161	19.6
1489	-0.477278	119.994606	0.003489	6.4
1490	-0.162430	119.949348	0.001972	8.3
1491	-0.598910	119.904135	0.001801	8.5
1492	-0.473515	119.858968	0.002293	8.2
1493	-0.006244	119.813846	0.000087	10.8
1494	-0.010008	119.768769	0.000030	8.1
1495	-0.000000	119.723738	0.000000	8.1
1496	-0.039762	119.678752	0.000716	8.3
1497	-0.040317	119.633810	0.000950	8.6
1498	-0.047672	119.588914	0.000629	8.5
1499	-0.466102	119.544062	0.002012	9.6
1500	-0.068979	119.499256	0.001093	12.8
1501	-0.000000	119.454494	0.000000	7.9
1502	-0.271271	119.409777	0.003916	8.3
1503	-0.033938	119.365104	0.000561	11.2
1504	-0.051998	119.320476	0.001145	10.9
1505	-0.005010	119.275893	0.000102	19.0
1506	-0.000000	119.231353	0.000000	6.9
1507	-0.000000	119.186859	0.000000	7.9
1508	-0.182815	119.142408	0.005821	19.2
1509	-0.384664	119.098002	0.002652	7.5
1510	-0.000000	119.053639	0.000000	8.7
1511	-0.045050	119.009321	0.001051	13.8
1512	-0.003212	118.965047	0.000096	8.6
1513	-0.112852	118.920816	0.000614	8.4
1514	-0.252369	118.876630	0.001628	8.6
1515	-0.364802	118.832487	0.000768	8.5
1516	-0.023977	118.788388	0.000217	9.0
1517	-0.059268	118.744332	0.001078	8.6
1518	-0.000000	118.700320	0.000000	14.1
1519	-0.062758	118.656352	0.000259	8.5
1520	-0.000000	118.612427	0.000000	8.7
1521	-0.277985	118.568545	0.001117	8.5
1522	-0.413111	118.524706	0.001906	8.4
1523	-0.000000	118.480911	0.000000	8.4
1524	-0.000000	118.437159	0.000000	8.4
1525	-0.048441	118.393450	0.001065	9.4
1526	-0.000000	118.349784	0.000000	15.3
1527	-0.000000	118.306160	0.000000	7.4
1528	-0.143582	118.262580	0.002097	13.4
1529	-0.000000	118.219042	0.000000	7.9
1530	-0.418658	118.175548	0.002089	8.6
1531	-0.602621	118.132095	0.001662	8.9
1532	-0.000000	118.088686	0.000000	8.2
1533	-0.055186	118.045319	0.000895	8.5
1534	-0.000000	118.001994	0.000000	8.9
1535	-0.146402	117.958712	0.000927	8.7
1536	-0.056328	117.915472	0.000783	8.7
1537	-0.000000	117.872274	0.000000	12.9
1538	-0.159272	117.829118	0.001187	8.2
1539	-0.064053	117.786005	0.001304	14.0
1540	-0.353760	117.742933	0.002478	10.0
1541	-0.244417	117.699904	0.003079	8.2
1542	-0.109306	117.656916	0.001067	8.4
1543	-0.028837	117.613971	0.000269	8.8
1544	-0.000000	117.571067	0.000000	9.8
1545	-0.000000	117.528205	0.000000	7.9
1546	-0.000000	117.485384	0.000000	9.0
1547	-0.000000	117.442605	0.000000	10.7
1548	-0.523420	117.399867	0.002322	13.3
1549	-0.613611	117.357171	0.001364	9.4
1550	-0.173680	117.314517	0.001490	10.5
1551	-0.201770	117.271903	0.001439	10.3
1552	-0.277095	117.229331	0.001671	8.2
1553	-0.000000	117.186800	0.000000	8.2
1554	-0.276002	117.144311	0.001676	8.3
1555	-0.002042	117.101862	0.000073	8.5
1556	-0.424281	117.059454	0.001333	8.4
1557	-0.302784	117.017087	0.001454	9.0
1558	-0.000000	116.974762	0.000000	13.8
1559	-0.000000	116.932476	0.000000	13.5
1560	-0.000000	116.890232	0.000000	14.5
1561	-0.047249	116.848028	0.001217	6.2
1562	-0.040740	116.805865	0.000496	8.1
1563	-0.000559	116.763743	0.000000	12.8
1564	-0.028669	116.721661	0.000642	7.0
1565	-0.000000	116.679619	0.000000	8.6
1566	-0.000012	116.637618	0.000010	12.1
1567	-0.355002	116.595657	0.000693	8.7
1568	-0.000000	116.553736	0.000000	9.1
1569	-0.000000	116.511855	0.000000	11.2
1570	-0.000000	116.470015	0.000000	10.9
1571	-0.252194	116.428214	0.000773	12.1
1572	-0.010554	116.386454	0.000343	8.1
1573	-0.000000	116.344733	0.000000	7.9
1574	-0.000000	116.303052	0.000000	8.0
1575	-0.215227	116.261412	0.000476	8.2
1576	-0.000000	116.219810	0.000000	9.2
1577	-0.000000	116.178249	0.000000	6.8
1578	-0.597958	116.136727	0.001111	8.4
1579	-0.000000	116.095245	0.000000	9.0
1580	-0.193277	116.053802	0.000661	10.7
1581	-0.000000	116.012398	0.000000	15.3
1582	-0.266297	115.971034	0.000573	13.8
1583	-0.005879	115.929710	0.000100	8.4
1584	-0.062741	115.888424	0.001276	8.3
1585	-0.029236	115.847178	0.000563	8.6
1586	-0.091182	115.805970	0.000441	13.9
1587	-0.000000	115.764802	0.000000	11.4
1588	-0.381502	115.723673	0.002314	14.7
1589	-0.250512	115.682583	0.003290	13.7
1590	-0.000000	115.641532	0.000000	8.2
1591	-0.068065	115.600519	0.000804	12.4
1592	-0.118294	115.559546	0.001744	10.0
1593	-0.214062	115.518610	0.001430	8.3
1594	-0.268085	115.477714	0.001223	9.5
1595	-0.269742	115.436856	0.001587	10.5
1596	-0.000000	115.396037	0.000000	8.0
1597	-0.408647	115.355256	0.001616	9.3
1598	-0.000000	115.314514	0.000000	12.0
1599	-0.221161	115.273810	0.000551	12.0
1600	-0.000000	115.233144	0.000000	8.5
1601	-0.490534	115.192517	0.001815	8.5
1602	-0.102123	115.151927	0.000280	10.8
1603	-0.000592	115.111376	0.000000	8.0
1604	-0.534255	115.070863	0.002478	8.1
1605	-0.080630	115.030388	0.000628	8.2
1606	-0.000000	114.989951	0.000000	11.3
1607	-0.075810	114.949551	0.000713	16.6
1608	-0.164891	114.909190	0.000987	7.3
1609	-0.000000	114.868866	0.000000	9.7
1610	-0.011091	114.828580	0.000251	8.4
1611	-0.081700	114.788332	0.000297	12.6
1612	-0.355169	114.748121	0.002947	9.8
1613	-0.000000	114.707948	0.000000	8.2
1614	-0.000000	114.667812	0.000000	8.2
1615	-0.043850	114.627714	0.000889	8.6
1616	-0.190057	114.587653	0.001902	8.5
1617	-0.018573	114.547629	0.000903	8.8
1618	-0.183307	114.507643	0.001403	8.4
1619	-0.235488	114.467693	0.001475	10.8
1620	-0.065870	114.427781	0.000483	10.8
1621	-0.346814	114.387907	0.001636	9.3
1622	-0.000000	114.348069	0.000000	8.3
1623	-0.312486	114.308268	0.001316	8.4
1624	-0.000000	114.268504	0.000000	9.2
1625	-0.000000	114.228777	0.000000	8.4
1626	-0.353055	114.189086	0.003340	8.4
1627	-0.327340	114.149433	0.001838	13.7
1628	-0.237367	114.109816	0.001318	10.1
1629	-0.292040	114.070235	0.000624	11.3
1630	-0.034336	114.030692	0.000353	10.1
1631	-0.000000	113.991185	0.000000	8.3
1632	-0.472983	113.951714	0.001862	8.7
1633	-0.055532	113.912280	0.000451	8.2
1634	-0.000000	113.872882	0.000000	8.5
1635	-0.195908	113.833521	0.001190	13.5
1636	-0.325546	113.794195	0.001000	8.9
1637	-0.088283	113.754906	0.000362	8.9
1638	-0.139424	113.715653	0.001249	8.8
1639	-0.074291	113.676437	0.000709	17.5
1640	-0.000000	113.637256	0.000000	6.4
1641	-0.150392	113.598111	0.001010	8.5
1642	-0.001709	113.559002	0.000071	8.5
1643	-0.034038	113.519929	0.000554	8.6
1644	-0.286731	113.480892	0.001810	8.8
1645	-0.000000	113.441891	0.000000	8.4
1646	-0.157028	113.402925	0.001364	8.5
1647	-0.215788	113.363995	0.001104	4.1
1648	-0.442752	113.325101	0.005073	9.3
1649	-0.284184	113.286242	0.002408	19.3
1650	-0.014873	113.247419	0.000340	8.0
1651	-0.000000	113.208631	0.000000	11.4
1652	-0.073186	113.169879	0.000832	8.1
1653	-0.344231	113.131162	0.002811	9.1
1654	-0.000000	113.092480	0.000000	8.3
1655	-0.083717	113.053833	0.001927	8.4
1656	-0.150451	113.015222	0.000706	9.7
1657	-0.000000	112.976646	0.000000	8.4
1658	-0.000000	112.938105	0.000000	8.3
1659	-0.043560	112.899599	0.001212	8.6
1660	-0.148108	112.861128	0.000598	14.9
1661	-0.356896	112.822692	0.002606	8.9
1662	-0.442858	112.784291	0.002467	8.5
1663	-0.185462	112.745924	0.001200	8.2
1664	-0.214649	112.707593	0.001774	8.6
1665	-0.178232	112.669296	0.002268	8.3
1666	-0.011454	112.631034	0.000226	8.4
1667	-0.156107	112.592806	0.000474	10.3
1668	-0.040119	112.554613	0.000609	13.8
1669	-0.366363	112.516455	0.001450	9.6
1670	-0.000000	112.478331	0.000000	14.6
1671	-0.000169	112.440241	0.000001	8.3
1672	-0.000000	112.402186	0.000000	9.3
1673	-0.225085	112.364165	0.002169	13.5
1674	-0.156899	112.326179	0.001584	16.9
1675	-0.000000	112.288227	0.000000	11.7
1676	-0.000000	112.250309	0.000000	13.7
1677	-0.000000	112.212425	0.000000	15.2
1678	-0.303586	112.174575	0.001957	15.9
1679	-0.000000	112.136759	0.000000	14.2
1680	-0.420687	112.098977	0.001529	4.6
1681	-0.545655	112.061229	0.000883	14.3
1682	-0.000000	112.023515	0.000000	13.9
1683	-0.000000	111.985834	0.000000	11.1
1684	-0.000000	111.948188	0.000000	13.8
1685	-0.083496	111.910575	0.001161	9.1
1686	-0.462510	111.872996	0.002486	13.6
1687	-0.018592	111.835450	0.000392	17.7
1688	-0.114453	111.797939	0.001428	15.1
1689	-0.381979	111.760460	0.002494	6.9
1690	-0.018478	111.723015	0.000305	17.4
1691	-0.000000	111.685604	0.000000	15.5
1692	-0.036998	111.648226	0.000472	9.4
1693	-0.000000	111.610881	0.000000	14.7
1694	-0.008779	111.573570	0.000119	14.7
1695	-0.000000	111.536292	0.000000	12.0
1696	-0.087198	111.499047	0.000478	14.0
1697	-0.000000	111.461835	0.000000	12.5
1698	-0.000000	111.424656	0.000000	8.2
1699	-0.000000	111.387510	0.000000	8.4
1700	-0.447779	111.350398	0.001830	9.7
1701	-0.086941	111.313318	0.000186	9.4
1702	-0.080390	111.276271	0.000311	17.9
1703	-0.113313	111.239257	0.000859	9.7
1704	-0.006050	111.202276	0.000170	8.4
1705	-0.016162	111.165328	0.000181	8.4
1706	-0.154242	111.128412	0.001509	13.8
1707	-0.450301	111.091529	0.002598	8.3
1708	-0.000000	111.054679	0.000000	10.9
1709	-0.064410	111.017861	0.000998	8.6
1710	-0.417863	110.981076	0.002211	8.1
1711	-0.000000	110.944323	0.000000	8.1
1712	-0.070773	110.907603	0.001026	11.1
1713	-0.000000	110.870915	0.000000	8.2
1714	-0.194139	110.834259	0.006982	8.6
1715	-0.043574	110.797636	0.000455	8.4
1716	-0.191840	110.761045	0.001453	8.5
1717	-0.000000	110.724486	0.000000	8.5
1718	-0.200618	110.687959	0.001282	8.6
1719	-0.000000	110.651465	0.000000	8.0
1720	-0.051135	110.615002	0.000713	12.5
1721	-0.193286	110.578572	0.000900	12.2
1722	-0.000000	110.542173	0.000000	13.4
1723	-0.373807	110.505807	0.002261	8.5
1724	-0.045893	110.469472	0.000286	8.3
1725	-0.013478	110.433169	0.000075	8.5
1726	-0.539174	110.396898	0.000930	8.5
1727	-0.484461	110.360659	0.000833	8.4
1728	-0.157143	110.324451	0.001480	9.1
1729	-0.150392	110.288276	0.001773	11.8
1730	-0.000000	110.252131	0.000000	8.2
1731	-0.000000	110.216019	0.000000	8.4
1732	-0.000000	110.179937	0.000000	8.3
1733	-0.000000	110.143888	0.000000	13.8
1734	-0.150149	110.107869	0.000814	14.3
1735	-0.037259	110.071882	0.000542	11.7
1736	-0.320270	110.035927	0.001171	13.7
1737	-0.052789	110.000003	0.001265	13.9
1738	-0.000000	109.964110	0.000000	13.6
1739	-0.112359	109.928248	0.000416	12.3
1740	-0.000000	109.892417	0.000000	15.8
1741	-0.000475	109.856618	0.000036	16.7
1742	-0.077324	109.820850	0.000386	10.9
1743	-0.151460	109.785112	0.000476	13.0
1744	-0.481425	109.749406	0.002749	13.7
1745	-0.000000	109.713730	0.000000	19.1
1746	-0.000000	109.678086	0.000000	9.0
1747	-0.268841	109.642472	0.000739	15.9
1748	-0.000044	109.606890	0.000004	12.8
1749	-0.000000	109.571337	0.000000	13.5
1750	-0.162555	109.535816	0.005524	18.1
1751	-0.000892	109.500326	0.000070	11.0
1752	-0.000000	109.464866	0.000000	13.7
1753	-0.000443	109.429436	0.000033	19.8
1754	-0.000000	109.394038	0.000000	11.0
1755	-0.047574	109.358669	0.000258	11.7
1756	-0.000000	109.323331	0.000000	18.5
1757	-0.000000	109.288024	0.000000	9.0
1758	-0.007644	109.252747	0.000491	12.2
1759	-0.000000	109.217501	0.000000	11.0
1760	-0.000000	109.182284	0.000000	11.9
1761	-0.010607	109.147098	0.000731	14.0
1762	-0.115758	109.111942	0.000940	16.1
1763	-0.158129	109.076817	0.001681	16.0
1764	-0.000000	109.041721	0.000000	17.4
1765	-0.004784	109.006656	0.000087	16.2
1766	-0.085445	108.971620	0.000249	9.4
1767	-0.047614	108.936615	0.000459	14.1
1768	-0.373752	108.901640	0.002449	15.9
1769	-0.130425	108.866694	0.002029	19.8
1770	-0.000000	108.831779	0.000000	12.7
1771	-0.399174	108.796893	0.000591	17.1
1772	-0.221808	108.762037	0.002521	22.1
1773	-0.000000	108.727211	0.000000	13.0
1774	-0.448868	108.692415	0.002748	7.5
1775	-0.080580	108.657648	0.000340	21.2
1776	-0.010860	108.622911	0.000098	15.5
1777	-0.397962	108.588203	0.001430	9.6
1778	-0.043322	108.553525	0.000179	13.9
1779	-0.000000	108.518877	0.000000	13.7
1780	-0.000000	108.484258	0.000000	14.1
1781	-0.464251	108.449668	0.001871	15.2
1782	-0.113091	108.415108	0.001705	19.0
1783	-0.000000	108.380578	0.000000	8.0
1784	-0.000000	108.346076	0.000000	15.9
1785	-0.000000	108.311604	0.000000	11.7
1786	-0.000000	108.277161	0.000000	13.5
1787	-0.000000	108.242747	0.000000	14.1
1788	-0.051439	108.208363	0.000909	9.3
1789	-0.225344	108.174007	0.002133	17.1
1790	-0.000000	108.139681	0.000000	14.1
1791	-0.271692	108.105383	0.001647	15.7
1792	-0.152994	108.071115	0.001180	13.4
1793	-0.000000	108.036875	0.000000	10.6
1794	-0.069337	108.002665	0.002374	13.7
1795	-0.011800	107.968483	0.000138	14.0
1796	-0.000000	107.934330	0.000000	14.1
1797	-0.142235	107.900206	0.001160	13.9
1798	-0.033464	107.866111	0.000681	16.2
1799	-0.326063	107.832044	0.002064	17.1
1800	-0.041564	107.798007	0.000456	17.8
1801	-0.000000	107.763997	0.000000	12.0
1802	-0.473750	107.730017	0.000554	13.4
1803	-0.000000	107.696065	0.000000	17.1
1804	-0.000000	107.662141	0.000000	13.7
1805	-0.057292	107.628246	0.000268	14.3
1806	-0.027821	107.594379	0.001788	14.0
1807	-0.000000	107.560541	0.000000	8.5
1808	-0.026641	107.526731	0.000644	8.4
1809	-0.553997	107.492949	0.002054	13.3
1810	-0.085423	107.459196	0.000621	15.3
1811	-0.130862	107.425471	0.000352	12.5
1812	-0.147450	107.391774	0.001290	6.4
1813	-0.482273	107.358106	0.003246	11.7
1814	-0.000000	107.324465	0.000000	8.6
1815	-0.335150	107.290853	0.001229	8.8
1816	-0.000000	107.257268	0.000000	9.1
1817	-0.091231	107.223712	0.000537	8.7
1818	-0.221678	107.190184	0.001422	8.4
1819	-0.000000	107.156683	0.000000	12.3
1820	-0.429491	107.123211	0.001254	17.4
1821	-0.000000	107.089766	0.000000	4.7
1822	-0.000000	107.056349	0.000000	8.3
1823	-0.000000	107.022960	0.000000	8.3
1824	-0.033909	106.989599	0.001338	8.3
1825	-0.001160	106.956265	0.000112	8.1
1826	-0.000000	106.922960	0.000000	11.6
1827	-0.451801	106.889681	0.000522	8.2
1828	-0.002172	106.856431	0.000062	8.1
1829	-0.000000	106.823208	0.000000	8.5
1830	-0.000000	106.790012	0.000000	11.8
1831	-0.000000	106.756844	0.000000	12.4
1832	-0.044736	106.723703	0.000393	7.3
1833	-0.000000	106.690590	0.000000	8.2
1834	-0.000000	106.657505	0.000000	8.4
1835	-0.490856	106.624446	0.002302	10.7
1836	-0.263673	106.591415	0.000658	8.2
1837	-0.000000	106.558411	0.000000	7.9
1838	-0.000000	106.525435	0.000000	8.2
1839	-0.057134	106.492485	0.000554	8.4
1840	-0.315664	106.459563	0.002258	11.1
1841	-0.000000	106.426668	0.000000	7.7
1842	-0.112721	106.393800	0.001760	11.9
1843	-0.029847	106.360959	0.000476	8.3
1844	-0.000000	106.328145	0.000000	8.4
1845	-0.034483	106.295358	0.000674	8.4
1846	-0.070114	106.262598	0.001249	8.5
1847	-0.380990	106.229865	0.002759	8.1
1848	-0.000000	106.197158	0.000000	8.5
1849	-0.120343	106.164479	0.000305	8.8
1850	-0.000000	106.131826	0.000000	8.3
1851	-0.134255	106.099201	0.001357	12.1
1852	-0.000000	106.066602	0.000000	10.4
1853	-0.083962	106.034029	0.000743	14.4
1854	-0.057589	106.001483	0.000360	10.4
1855	-0.000000	105.968964	0.000000	8.5
1856	-0.404764	105.936472	0.007088	8.5
1857	-0.070587	105.904006	0.001256	8.5
1858	-0.185390	105.871566	0.001484	8.6
1859	-0.000000	105.839153	0.000000	8.4
1860	-0.000000	105.806767	0.000000	10.0
1861	-0.147245	105.774407	0.001315	8.2
1862	-0.069608	105.742073	0.000537	16.7
1863	-0.569578	105.709766	0.001431	6.7
1864	-0.000611	105.677485	0.000017	11.6
1865	-0.001233	105.645230	0.000037	7.9
1866	-0.450838	105.613001	0.002892	12.4
1867	-0.135720	105.580799	0.000502	8.9
1868	-0.567246	105.548623	0.001284	8.6
1869	-0.286278	105.516473	0.000751	10.4
1870	-0.208264	105.484349	0.001743	8.1
1871	-0.000000	105.452251	0.000000	11.8
1872	-0.000000	105.420179	0.000000	13.9
1873	-0.000000	105.388133	0.000000	10.0
1874	-0.405392	105.356113	0.002377	9.1
1875	-0.193649	105.324119	0.001465	8.5
1876	-0.443353	105.292151	0.002524	8.5
1877	-0.297508	105.260209	0.002788	8.4
1878	-0.543283	105.228293	0.001375	7.9
1879	-0.000000	105.196402	0.000000	9.3
1880	-0.110518	105.164537	0.001117	8.7
1881	-0.075492	105.132698	0.001009	13.6
1882	-0.000000	105.100885	0.000000	9.5
1883	-0.000000	105.069097	0.000000	13.3
1884	-0.000000	105.037335	0.000000	8.0
1885	-0.009476	105.005598	0.000349	9.3
1886	-0.356912	104.973887	0.002173	8.6
1887	-0.281280	104.942202	0.001665	8.4
1888	-0.064117	104.910542	0.000848	8.4
1889	-0.214516	104.878907	0.000907	7.9
1890	-0.331073	104.847298	0.001760	8.7
1891	-0.262431	104.815715	0.002569	11.0
1892	-0.309258	104.784156	0.002024	16.2
1893	-0.000000	104.752623	0.000000	8.2
1894	-0.502275	104.721116	0.002227	8.5
1895	-0.069189	104.689633	0.000764	10.3
1896	-0.190693	104.658176	0.001173	8.3
1897	-0.258760	104.626744	0.001616	8.6
1898	-0.267323	104.595337	0.001543	16.6
1899	-0.278011	104.563955	0.001158	4.3
1900	-0.000000	104.532599	0.000000	7.8
1901	-0.021167	104.501267	0.000233	8.3
1902	-0.460474	104.469960	0.001494	8.5
1903	-0.017419	104.438679	0.000528	9.6
1904	-0.058262	104.407422	0.001351	8.8
1905	-0.039261	104.376191	0.000427	9.1
1906	-0.007062	104.344984	0.000058	8.6
1907	-0.278206	104.313802	0.002065	8.3
1908	-0.000000	104.282645	0.000000	8.4
1909	-0.256271	104.251513	0.001211	10.7
1910	-0.004401	104.220405	0.000122	8.3
1911	-0.000000	104.189323	0.000000	8.4
1912	-0.004853	104.158265	0.000024	8.4
1913	-0.000000	104.127231	0.000000	12.2
1914	-0.375103	104.096222	0.001587	11.6
1915	-0.053531	104.065238	0.001061	10.6
1916	-0.000738	104.034279	0.000036	8.7
1917	-0.093597	104.003344	0.000438	8.3
1918	-0.000000	103.972433	0.000000	8.2
1919	-0.074143	103.941547	0.001056	8.4
1920	-0.033534	103.910686	0.000215	9.2
1921	-0.017661	103.879849	0.000232	8.3
1922	-0.033000	103.849036	0.000411	8.7
1923	-0.000000	103.818248	0.000000	8.5
1924	-0.000000	103.787484	0.000000	8.2
1925	-0.000000	103.756744	0.000000	13.5
1926	-0.101643	103.726029	0.000992	8.8
1927	-0.000000	103.695338	0.000000	9.3
1928	-0.000080	103.664671	0.000015	8.1
1929	-0.074740	103.634028	0.000546	8.0
1930	-0.000000	103.603409	0.000000	8.1
1931	-0.246881	103.572814	0.002080	8.4
1932	-0.196658	103.542244	0.001305	11.4
1933	-0.000000	103.511698	0.000000	11.7
1934	-0.004966	103.481175	0.000035	13.8
1935	-0.000000	103.450677	0.000000	14.0
1936	-0.030990	103.420202	0.000603	9.8
1937	-0.361645	103.389752	0.002556	8.3
1938	-0.316558	103.359325	0.002079	8.4
1939	-0.042165	103.328922	0.002508	10.3
1940	-0.152568	103.298543	0.000507	8.9
1941	-0.000000	103.268188	0.000000	8.4
1942	-0.000000	103.237857	0.000000	12.4
1943	-0.000000	103.207549	0.000000	7.8
1944	-0.000000	103.177265	0.000000	8.3
1945	-0.049655	103.147005	0.000722	9.9
1946	-0.363035	103.116768	0.001615	12.2
1947	-0.383264	103.086556	0.001406	11.7
1948	-0.058468	103.056366	0.001137	8.0
1949	-0.000000	103.026200	0.000000	8.3
1950	-0.000000	102.996058	0.000000	8.1
1951	-0.552983	102.965939	0.001358	8.1
1952	-0.000000	102.935844	0.000000	8.4
1953	-0.077297	102.905772	0.001262	8.5
1954	-0.000000	102.875724	0.000000	14.0
1955	-0.000000	102.845699	0.000000	17.0
1956	-0.075535	102.815697	0.000592	15.4
1957	-0.435424	102.785719	0.001646	8.0
1958	-0.041864	102.755764	0.000509	8.5
1959	-0.075154	102.725832	0.000664	8.2
1960	-0.210713	102.695924	0.001780	8.3
1961	-0.190033	102.666038	0.000239	8.5
1962	-0.168894	102.636176	0.000354	10.0
1963	-0.272040	102.606337	0.002106	12.0
1964	-0.000161	102.576521	0.000015	11.9
1965	-0.518625	102.546728	0.001981	9.3
1966	-0.000000	102.516959	0.000000	8.7
1967	-0.012556	102.487212	0.000484	8.3
1968	-0.472546	102.457488	0.001429	13.5
1969	-0.000000	102.427788	0.000000	8.0
1970	-0.000000	102.398110	0.000000	7.6
1971	-0.057168	102.368455	0.000335	12.2
1972	-0.231697	102.338823	0.001525	12.0
1973	-0.179097	102.309214	0.000341	15.3
1974	-0.420133	102.279628	0.001321	10.1
1975	-0.254929	102.250064	0.004770	8.5
1976	-0.212511	102.220524	0.001068	8.8
1977	-0.000000	102.191006	0.000000	8.1
1978	-0.243370	102.161511	0.001989	8.3
1979	-0.000000	102.132038	0.000000	7.8
1980	-0.578963	102.102588	0.000579	8.4
1981	-0.089030	102.073161	0.000253	8.6
1982	-0.052430	102.043757	0.001465	11.4
1983	-0.321230	102.014375	0.001971	10.7
1984	-0.000000	101.985015	0.000000	20.7
1985	-0.360450	101.955678	0.001565	4.9
1986	-0.118137	101.926364	0.001648	8.1
1987	-0.006899	101.897072	0.000155	8.0
1988	-0.390748	101.867802	0.002253	8.2
1989	-0.466332	101.838555	0.001598	7.9
1990	-0.240429	101.809330	0.000720	8.6
1991	-0.010720	101.780128	0.000652	8.2
1992	-0.000000	101.750948	0.000000	8.6
1993	-0.000000	101.721790	0.000000	8.2
1994	-0.136781	101.692654	0.001389	12.4
1995	-0.092481	101.663541	0.000489	13.9
1996	-0.000000	101.634450	0.000000	11.4
1997	-0.000000	101.605381	0.000000	8.2
1998	-0.000000	101.576335	0.000000	8.7
1999	-0.468279	101.547310	0.002112	8.9
