1:ItNr	2:Metric	3:StepSize	4:||Gradient||	Time[ms]
0	-0.545862	627.201626	0.004127	1688.5
1	-0.017441	623.504937	0.000168	9.3
2	-0.494698	619.865785	0.004056	12.0
3	-0.022472	616.282728	0.000795	6.6
4	-0.128679	612.754375	0.004582	12.3
5	-0.597581	609.279381	0.002024	11.8
6	-0.451964	605.856447	0.003778	8.7
7	-0.030169	602.484317	0.000489	6.8
8	-0.000000	599.161779	0.000000	7.2
9	-0.111400	595.887656	0.002608	5.9
10	-0.449608	592.660813	0.004197	6.4
11	-0.283687	589.480151	0.004195	13.8
12	-0.058704	586.344606	0.001680	4.7
13	-0.000000	583.253145	0.000000	7.1
14	-0.749668	580.204771	0.002294	6.8
15	-0.024550	577.198517	0.000634	7.2
16	-0.234045	574.233444	0.003018	6.8
17	-0.225789	571.308645	0.003694	6.9
18	-0.000000	568.423237	0.000000	12.8
19	-0.000000	565.576365	0.000000	6.4
20	-0.000000	562.767201	0.000000	6.7
21	-0.082344	559.994938	0.001764	7.2
22	-0.098423	557.258797	0.001125	6.8
23	-0.000000	554.558018	0.000000	6.6
24	-0.120274	551.891865	0.001327	6.8
25	-0.230934	549.259621	0.004138	10.5
26	-0.766060	546.660592	0.004215	6.7
27	-0.000000	544.094102	0.000000	6.7
28	-0.750249	541.559494	0.004684	6.7
29	-0.000000	539.056129	0.000000	6.5
30	-0.409077	536.583387	0.006302	12.0
31	-0.000000	534.140663	0.000000	13.1
32	-0.544146	531.727370	0.004265	7.4
33	-0.667266	529.342935	0.002247	6.9
34	-0.333236	526.986802	0.001298	7.4
35	-0.330113	524.658430	0.002420	6.9
36	-0.506387	522.357290	0.006824	6.8
37	-0.207451	520.082868	0.003619	7.2
38	-0.800240	517.834665	0.001861	7.0
39	-0.102485	515.612193	0.003480	6.9
40	-0.461427	513.414976	0.005241	6.6
41	-0.000000	511.242551	0.000000	6.6
42	-0.727302	509.094468	0.003492	9.7
43	-0.000000	506.970285	0.000000	6.6
44	-0.263739	504.869574	0.002640	8.5
45	-0.127102	502.791916	0.000719	8.8
46	-0.238042	500.736903	0.000892	8.0
47	-0.646179	498.704137	0.002620	6.6
48	-0.337921	496.693228	0.005989	7.3
49	-0.000000	494.703798	0.000000	7.4
50	-0.132887	492.735476	0.003172	7.7
51	-0.497544	490.787900	0.001602	7.2
52	-0.716622	488.860718	0.004906	6.7
53	-0.000000	486.953585	0.000000	6.7
54	-0.057745	485.066164	0.000219	6.9
55	-0.016128	483.198126	0.000357	7.0
56	-0.508612	481.349149	0.005888	7.4
57	-0.000066	479.518920	0.000002	12.5
58	-0.054286	477.707132	0.001140	3.7
59	-0.001399	475.913485	0.000234	8.2
60	-0.000000	474.137684	0.000000	7.3
61	-0.029561	472.379445	0.000882	8.6
62	-0.640168	470.638485	0.002925	6.4
63	-0.000000	468.914531	0.000000	6.5
64	-0.121362	467.207315	0.001964	6.0
65	-0.000000	465.516573	0.000000	8.8
66	-0.038241	463.842050	0.000645	6.6
67	-0.426540	462.183494	0.005940	6.5
68	-0.022026	460.540658	0.000554	6.7
69	-0.085612	458.913303	0.000205	6.9
70	-0.700635	457.301192	0.006380	13.9
71	-0.000000	455.704096	0.000000	6.8
72	-0.596167	454.121787	0.004127	7.2
73	-0.495183	452.554045	0.004338	7.0
74	-0.000000	451.000653	0.000000	10.0
75	-0.617766	449.461399	0.006162	6.5
76	-0.286954	447.936075	0.004261	6.7
77	-0.396799	446.424477	0.006213	11.8
78	-0.122020	444.926406	0.000995	6.5
79	-0.085076	443.441666	0.000596	6.8
80	-0.000000	441.970065	0.000000	6.8
81	-0.395187	440.511415	0.007801	6.9
82	-0.778050	439.065533	0.003167	15.6
83	-0.000000	437.632238	0.000000	11.3
84	-0.000000	436.211351	0.000000	4.4
85	-0.252188	434.802701	0.002174	10.3
86	-0.000007	433.406117	0.000001	6.4
87	-0.121927	432.021430	0.000683	12.3
88	-0.377974	430.648479	0.003658	7.4
89	-0.097937	429.287101	0.000382	6.7
90	-0.040552	427.937140	0.000114	7.1
91	-0.506187	426.598440	0.001806	6.7
92	-0.130368	425.270849	0.002694	6.5
93	-0.178836	423.954220	0.006588	6.9
94	-0.000000	422.648404	0.000000	9.8
95	-0.108708	421.353259	0.000773	8.3
96	-0.623121	420.068643	0.005439	6.4
97	-0.000000	418.794419	0.000000	6.9
98	-0.367771	417.530451	0.002625	7.0
99	-0.000000	416.276604	0.000000	6.5
100	-0.032321	415.032748	0.001022	6.6
101	-0.000000	413.798754	0.000000	6.1
102	-0.000000	412.574495	0.000000	7.0
103	-0.762153	411.359849	0.005472	6.7
104	-0.042069	410.154691	0.000243	7.0
105	-0.612989	408.958904	0.008439	6.9
106	-0.000355	407.772368	0.000015	8.5
107	-0.018164	406.594968	0.000297	12.2
108	-0.000000	405.426590	0.000000	8.7
109	-0.240478	404.267122	0.003942	10.5
110	-0.187313	403.116456	0.000932	5.9
111	-0.028777	401.974481	0.000622	13.3
112	-0.642135	400.841093	0.003867	4.2
113	-0.107911	399.716187	0.003866	13.2
114	-0.533864	398.599660	0.003618	8.0
115	-0.167819	397.491411	0.001655	6.9
116	-0.000000	396.391342	0.000000	6.5
117	-0.802563	395.299353	0.002779	7.0
118	-0.019713	394.215350	0.000221	7.5
119	-0.000000	393.139238	0.000000	12.7
120	-0.000000	392.070924	0.000000	6.8
121	-0.568967	391.010316	0.005201	12.7
122	-0.547772	389.957325	0.006101	6.9
123	-0.580680	388.911862	0.004370	7.0
124	-0.000000	387.873839	0.000000	6.4
125	-0.000000	386.843173	0.000000	10.9
126	-0.605657	385.819777	0.005765	6.4
127	-0.243069	384.803569	0.005285	6.8
128	-0.085371	383.794468	0.002381	7.2
129	-0.000000	382.792393	0.000000	6.7
130	-0.081697	381.797264	0.001275	6.5
131	-0.000000	380.809005	0.000000	17.0
132	-0.324860	379.827537	0.001387	2.4
133	-0.000000	378.852786	0.000000	7.6
134	-0.007548	377.884678	0.000048	7.2
135	-0.000000	376.923138	0.000000	6.4
136	-0.104619	375.968095	0.001573	6.6
137	-0.033490	375.019479	0.003980	7.4
138	-0.000000	374.077218	0.000000	6.6
139	-0.000000	373.141244	0.000000	11.6
140	-0.000000	372.211489	0.000000	7.0
141	-0.000000	371.287887	0.000000	8.8
142	-0.067163	370.370370	0.000664	6.8
143	-0.000000	369.458876	0.000000	9.1
144	-0.065111	368.553338	0.001433	12.0
145	-0.472900	367.653696	0.004885	6.7
146	-0.000000	366.759885	0.000000	6.5
147	-0.156270	365.871846	0.002939	6.9
148	-0.000000	364.989518	0.000000	6.7
149	-0.404767	364.112841	0.002241	7.2
150	-0.403797	363.241757	0.002436	9.9
151	-0.000000	362.376208	0.000000	6.4
152	-0.046490	361.516137	0.000582	7.4
153	-0.756551	360.661488	0.002304	6.5
154	-0.107789	359.812206	0.000793	6.7
155	-0.033349	358.968236	0.000948	7.4
156	-0.783049	358.129524	0.004206	12.7
157	-0.658375	357.296018	0.006353	6.6
158	-0.385255	356.467665	0.009674	7.0
159	-0.335005	355.644414	0.002467	6.5
160	-0.601987	354.826213	0.004470	8.4
161	-0.529097	354.013012	0.004831	6.8
162	-0.281057	353.204763	0.001243	7.1
163	-0.000000	352.401415	0.000000	10.0
164	-0.000000	351.602922	0.000000	11.3
165	-0.087030	350.809235	0.001091	6.8
166	-0.000000	350.020308	0.000000	6.7
167	-0.135879	349.236095	0.001428	6.8
168	-0.088295	348.456550	0.001609	7.3
169	-0.000000	347.681627	0.000000	12.1
170	-0.036454	346.911283	0.000061	7.3
171	-0.000000	346.145474	0.000000	9.1
172	-0.389511	345.384157	0.005047	6.9
173	-0.067249	344.627288	0.001782	7.1
174	-0.000000	343.874826	0.000000	9.8
175	-0.000000	343.126729	0.000000	7.9
176	-0.097316	342.382957	0.002301	6.7
177	-0.139219	341.643469	0.001770	6.9
178	-0.000000	340.908224	0.000000	10.6
179	-0.132347	340.177184	0.001125	7.7
180	-0.000000	339.450309	0.000000	6.9
181	-0.232422	338.727561	0.000516	13.0
182	-0.000000	338.008902	0.000000	7.4
183	-0.131320	337.294295	0.002644	6.8
184	-0.564033	336.583703	0.001097	12.3
185	-0.279633	335.877089	0.006553	6.0
186	-0.093289	335.174416	0.002734	6.5
187	-0.000000	334.475651	0.000000	6.2
188	-0.000000	333.780756	0.000000	6.5
189	-0.000000	333.089698	0.000000	6.6
190	-0.180185	332.402443	0.003324	10.2
191	-0.426716	331.718955	0.004555	10.7
192	-0.000000	331.039203	0.000000	15.9
193	-0.509378	330.363153	0.002627	3.3
194	-0.000000	329.690771	0.000000	6.0
195	-0.006454	329.022027	0.000124	7.1
196	-0.648584	328.356888	0.004975	7.0
197	-0.221559	327.695322	0.004518	7.2
198	-0.836141	327.037299	0.002991	7.1
199	-0.228233	326.382787	0.002941	11.9
200	-0.000000	325.731758	0.000000	7.0
201	-0.438117	325.084179	0.003499	6.5
202	-0.000000	324.440023	0.000000	6.6
203	-0.000000	323.799258	0.000000	7.7
204	-0.460526	323.161858	0.001672	6.7
205	-0.036037	322.527792	0.000813	6.3
206	-0.042509	321.897034	0.000357	12.3
207	-0.174170	321.269554	0.001479	7.0
208	-0.000000	320.645325	0.000000	7.1
209	-0.415208	320.024320	0.004186	7.3
210	-0.000000	319.406512	0.000000	12.3
211	-0.612072	318.791875	0.004087	10.1
212	-0.410086	318.180381	0.005373	6.6
213	-0.731498	317.572005	0.002710	6.7
214	-0.805038	316.966721	0.002463	6.5
215	-0.250386	316.364504	0.003590	6.5
216	-0.000000	315.765329	0.000000	6.7
217	-0.124522	315.169170	0.001047	6.2
218	-0.194930	314.576003	0.002672	8.3
219	-0.175598	313.985804	0.003630	11.9
220	-0.678391	313.398548	0.007872	6.8
221	-0.188778	312.814213	0.002401	7.8
222	-0.064819	312.232773	0.001853	15.1
223	-0.000000	311.654207	0.000000	4.4
224	-0.000000	311.078491	0.000000	9.2
225	-0.171672	310.505602	0.000589	8.3
226	-0.393991	309.935518	0.003198	6.6
227	-0.000000	309.368217	0.000000	6.5
228	-0.343088	308.803676	0.002392	7.0
229	-0.189818	308.241874	0.005152	7.8
230	-0.708217	307.682789	0.005738	17.6
231	-0.000000	307.126400	0.000000	2.3
232	-0.095000	306.572687	0.001257	7.6
233	-0.000000	306.021627	0.000000	6.8
234	-0.678648	305.473201	0.004801	8.7
235	-0.000000	304.927388	0.000000	6.1
236	-0.000000	304.384168	0.000000	6.4
237	-0.189665	303.843521	0.003920	7.2
238	-0.296307	303.305427	0.001628	6.6
239	-0.079142	302.769867	0.002744	6.4
240	-0.252561	302.236821	0.003102	6.8
241	-0.493680	301.706270	0.004537	11.6
242	-0.000000	301.178196	0.000000	17.0
243	-0.315690	300.652580	0.002396	3.2
244	-0.300962	300.129402	0.001991	11.3
245	-0.000000	299.608645	0.000000	6.9
246	-0.000000	299.090291	0.000000	6.6
247	-0.139334	298.574321	0.003012	6.9
248	-0.201848	298.060718	0.002447	11.3
249	-0.388368	297.549465	0.003493	7.1
250	-0.000000	297.040543	0.000000	6.7
251	-0.285472	296.533936	0.008980	9.9
252	-0.211792	296.029626	0.001693	6.5
253	-0.137002	295.527597	0.002295	9.4
254	-0.000000	295.027832	0.000000	10.7
255	-0.001665	294.530315	0.000004	9.2
256	-0.000000	294.035028	0.000000	7.6
257	-0.001660	293.541956	0.000035	6.7
258	-0.000000	293.051083	0.000000	6.6
259	-0.000000	292.562393	0.000000	6.5
260	-0.145823	292.075870	0.001833	7.2
261	-0.000000	291.591498	0.000000	6.8
262	-0.039176	291.109263	0.000502	6.6
263	-0.499499	290.629149	0.002154	7.0
264	-0.043938	290.151140	0.000113	6.8
265	-0.117232	289.675222	0.001630	6.8
266	-0.004072	289.201380	0.000177	10.4
267	-0.000000	288.729600	0.000000	12.0
268	-0.246096	288.259866	0.002973	7.9
269	-0.104883	287.792165	0.002009	6.9
270	-0.000000	287.326481	0.000000	6.8
271	-0.446314	286.862802	0.005649	6.8
272	-0.564656	286.401113	0.003908	6.8
273	-0.078248	285.941400	0.001643	8.4
274	-0.001664	285.483649	0.000086	7.5
275	-0.235056	285.027847	0.003140	6.6
276	-0.405777	284.573981	0.003390	7.5
277	-0.754082	284.122037	0.004782	6.9
278	-0.000000	283.672002	0.000000	6.5
279	-0.000000	283.223863	0.000000	6.9
280	-0.286501	282.777607	0.001950	9.2
281	-0.000000	282.333221	0.000000	11.6
282	-0.076293	281.890692	0.001434	13.0
283	-0.000002	281.450008	0.000001	8.3
284	-0.000000	281.011157	0.000000	8.0
285	-0.669006	280.574125	0.004796	6.9
286	-0.710739	280.138901	0.006877	6.8
287	-0.000000	279.705473	0.000000	6.8
288	-0.000000	279.273829	0.000000	7.2
289	-0.000000	278.843956	0.000000	6.8
290	-0.000000	278.415844	0.000000	7.7
291	-0.051217	277.989479	0.001432	8.2
292	-0.197488	277.564851	0.003057	12.3
293	-0.263749	277.141949	0.003787	6.8
294	-0.343393	276.720761	0.004552	7.0
295	-0.252421	276.301275	0.003951	7.0
296	-0.240864	275.883480	0.001852	7.6
297	-0.000000	275.467366	0.000000	11.9
298	-0.000000	275.052922	0.000000	11.9
299	-0.054200	274.640136	0.002230	6.6
300	-0.120456	274.228998	0.002322	6.9
301	-0.442791	273.819497	0.003255	6.9
302	-0.000000	273.411623	0.000000	6.7
303	-0.023244	273.005365	0.000819	6.8
304	-0.060525	272.600712	0.000242	8.6
305	-0.000000	272.197655	0.000000	9.4
306	-0.107891	271.796184	0.001418	7.8
307	-0.407266	271.396287	0.003393	12.8
308	-0.000000	270.997956	0.000000	10.1
309	-0.000000	270.601180	0.000000	6.9
310	-0.223290	270.205949	0.003619	6.7
311	-0.000000	269.812254	0.000000	6.4
312	-0.638656	269.420085	0.004527	6.7
313	-0.001369	269.029432	0.000035	7.0
314	-0.071019	268.640287	0.001002	6.7
315	-0.000000	268.252638	0.000000	8.4
316	-0.415173	267.866478	0.003761	6.7
317	-0.473598	267.481796	0.004172	13.2
318	-0.183941	267.098584	0.004423	7.1
319	-0.528090	266.716833	0.004417	6.6
320	-0.294277	266.336533	0.002646	6.9
321	-0.371001	265.957676	0.004467	7.1
322	-0.666917	265.580253	0.008466	6.3
323	-0.194582	265.204254	0.003966	7.0
324	-0.078463	264.829672	0.002367	6.9
325	-0.089672	264.456497	0.001068	6.7
326	-0.330279	264.084721	0.004340	6.9
327	-0.000000	263.714335	0.000000	6.7
328	-0.000000	263.345332	0.000000	6.5
329	-0.547765	262.977702	0.004743	6.9
330	-0.077566	262.611438	0.001747	9.6
331	-0.000000	262.246531	0.000000	9.6
332	-0.020501	261.882973	0.000677	13.4
333	-0.000000	261.520756	0.000000	8.8
334	-0.000000	261.159871	0.000000	11.4
335	-0.806059	260.800312	0.002260	11.5
336	-0.648739	260.442070	0.004769	6.9
337	-0.272418	260.085137	0.003925	7.1
338	-0.160305	259.729505	0.001481	6.7
339	-0.222463	259.375167	0.001358	6.7
340	-0.603237	259.022116	0.003866	10.6
341	-0.535928	258.670343	0.004191	14.2
342	-0.000000	258.319841	0.000000	6.6
343	-0.020128	257.970602	0.000087	7.8
344	-0.000000	257.622620	0.000000	6.6
345	-0.580794	257.275887	0.004628	6.9
346	-0.034274	256.930396	0.000634	6.8
347	-0.670325	256.586139	0.006153	6.6
348	-0.000000	256.243109	0.000000	6.6
349	-0.382745	255.901300	0.003688	6.8
350	-0.594104	255.560703	0.000710	6.9
351	-0.086559	255.221313	0.002045	7.4
352	-0.000000	254.883122	0.000000	7.2
353	-0.047289	254.546124	0.000578	6.2
354	-0.488599	254.210311	0.004379	8.3
355	-0.176173	253.875677	0.000707	8.2
356	-0.000000	253.542215	0.000000	7.2
357	-0.660360	253.209918	0.005663	7.4
358	-0.456746	252.878781	0.004098	8.2
359	-0.460965	252.548795	0.003590	9.0
360	-0.082695	252.219956	0.001622	6.9
361	-0.000000	251.892255	0.000000	9.0
362	-0.000000	251.565688	0.000000	6.1
363	-0.769735	251.240247	0.002795	11.2
364	-0.343989	250.915926	0.001405	5.4
365	-0.000000	250.592720	0.000000	6.8
366	-0.000000	250.270621	0.000000	7.2
367	-0.519831	249.949624	0.003063	10.6
368	-0.719142	249.629723	0.003728	7.6
369	-0.455337	249.310911	0.006596	6.7
370	-0.009575	248.993182	0.000264	9.9
371	-0.343109	248.676531	0.003482	7.5
372	-0.322198	248.360952	0.001328	11.5
373	-0.600319	248.046438	0.004760	6.6
374	-0.421275	247.732984	0.004933	6.9
375	-0.140194	247.420584	0.001282	7.1
376	-0.000000	247.109233	0.000000	6.3
377	-0.522138	246.798924	0.003453	7.1
378	-0.219432	246.489652	0.003226	6.8
379	-0.000000	246.181412	0.000000	6.5
380	-0.000000	245.874197	0.000000	6.7
381	-0.381573	245.568002	0.003730	9.7
382	-0.000000	245.262822	0.000000	6.8
383	-0.498855	244.958652	0.002645	12.2
384	-0.000000	244.655485	0.000000	5.9
385	-0.223366	244.353317	0.006848	6.4
386	-0.197149	244.052142	0.001920	6.7
387	-0.000000	243.751955	0.000000	6.5
388	-0.000002	243.452750	0.000000	6.9
389	-0.416452	243.154523	0.003996	6.8
390	-0.062023	242.857268	0.000758	6.7
391	-0.000000	242.560980	0.000000	6.8
392	-0.000000	242.265654	0.000000	8.7
393	-0.032750	241.971285	0.001391	7.6
394	-0.201965	241.677868	0.001347	12.1
395	-0.001852	241.385397	0.000163	7.1
396	-0.098557	241.093869	0.001483	7.5
397	-0.338619	240.803278	0.004632	7.0
398	-0.237409	240.513619	0.003991	7.1
399	-0.573424	240.224887	0.003990	6.6
400	-0.774802	239.937077	0.002065	10.0
401	-0.628660	239.650186	0.005483	6.7
402	-0.277580	239.364207	0.001637	6.8
403	-0.275507	239.079136	0.006609	7.8
404	-0.000000	238.794969	0.000000	10.4
405	-0.000000	238.511701	0.000000	7.3
406	-0.845440	238.229327	0.002109	14.4
407	-0.088189	237.947843	0.000475	10.1
408	-0.000000	237.667244	0.000000	7.0
409	-0.000000	237.387526	0.000000	8.8
410	-0.280715	237.108684	0.004126	7.4
411	-0.441024	236.830714	0.003690	6.7
412	-0.000000	236.553610	0.000000	7.4
413	-0.212218	236.277370	0.003398	6.9
414	-0.000000	236.001989	0.000000	6.5
415	-0.000000	235.727461	0.000000	6.5
416	-0.413848	235.453784	0.001778	12.1
417	-0.137117	235.180952	0.002375	6.7
418	-0.000000	234.908962	0.000000	7.4
419	-0.252100	234.637809	0.001967	11.9
420	-0.000000	234.367488	0.000000	7.8
421	-0.000000	234.097997	0.000000	6.5
422	-0.368086	233.829331	0.003571	7.0
423	-0.206981	233.561485	0.001849	10.4
424	-0.473531	233.294456	0.001484	6.6
425	-0.645767	233.028239	0.007660	8.2
426	-0.000713	232.762831	0.000001	11.3
427	-0.000103	232.498228	0.000025	7.1
428	-0.000000	232.234425	0.000000	6.4
429	-0.013549	231.971419	0.000336	8.1
430	-0.178644	231.709205	0.001577	7.2
431	-0.261963	231.447781	0.001188	8.8
432	-0.184116	231.187141	0.001305	11.9
433	-0.000000	230.927283	0.000000	6.6
434	-0.132035	230.668202	0.000901	11.8
435	-0.071415	230.409895	0.001160	6.6
436	-0.000855	230.152358	0.000028	6.9
437	-0.051028	229.895587	0.001046	6.6
438	-0.045278	229.639578	0.001305	6.9
439	-0.223767	229.384329	0.002797	7.0
440	-0.071160	229.129834	0.002466	6.6
441	-0.730927	228.876091	0.005685	6.5
442	-0.076495	228.623096	0.002387	9.9
443	-0.569556	228.370846	0.003150	8.7
444	-0.000000	228.119336	0.000000	7.2
445	-0.096902	227.868563	0.001664	6.6
446	-0.569509	227.618525	0.002198	6.9
447	-0.338875	227.369216	0.004060	6.8
448	-0.066410	227.120635	0.001456	7.0
449	-0.000000	226.872777	0.000000	8.3
450	-0.320196	226.625638	0.000458	6.7
451	-0.331489	226.379217	0.001271	11.8
452	-0.264581	226.133509	0.004384	9.0
453	-0.637434	225.888510	0.003836	6.7
454	-0.006358	225.644218	0.000229	8.1
455	-0.206313	225.400630	0.003003	8.2
456	-0.169816	225.157741	0.001951	12.1
457	-0.053418	224.915549	0.001535	6.4
458	-0.105376	224.674051	0.001360	6.6
459	-0.669084	224.433242	0.004460	10.7
460	-0.498645	224.193121	0.003094	7.1
461	-0.176491	223.953684	0.002535	8.2
462	-0.076215	223.714927	0.002041	6.8
463	-0.000000	223.476848	0.000000	10.9
464	-0.007068	223.239444	0.000134	6.7
465	-0.077545	223.002710	0.000962	7.8
466	-0.000000	222.766645	0.000000	11.6
467	-0.079433	222.531245	0.003230	7.5
468	-0.080862	222.296508	0.000623	6.9
469	-0.054723	222.062429	0.001369	6.9
470	-0.570299	221.829007	0.003687	6.9
471	-0.000000	221.596238	0.000000	6.8
472	-0.027063	221.364119	0.000433	11.8
473	-0.600152	221.132647	0.006177	10.7
474	-0.048113	220.901820	0.001417	11.8
475	-0.000000	220.671634	0.000000	11.2
476	-0.008375	220.442086	0.000084	6.3
477	-0.000000	220.213174	0.000000	6.5
478	-0.240215	219.984895	0.003464	7.4
479	-0.115926	219.757246	0.001413	11.9
480	-0.780459	219.530224	0.005148	6.9
481	-0.415089	219.303826	0.001691	6.8
482	-0.409389	219.078050	0.002744	7.1
483	-0.812586	218.852893	0.001835	7.1
484	-0.323552	218.628352	0.004673	6.4
485	-0.250977	218.404424	0.002091	7.1
486	-0.467014	218.181106	0.002112	7.1
487	-0.737612	217.958397	0.004686	6.8
488	-0.037381	217.736292	0.000140	7.0
489	-0.012308	217.514790	0.000276	7.1
490	-0.000000	217.293888	0.000000	9.7
491	-0.083376	217.073584	0.002399	10.4
492	-0.000000	216.853873	0.000000	9.4
493	-0.086384	216.634755	0.002381	7.9
494	-0.555613	216.416227	0.004639	6.7
495	-0.026607	216.198285	0.000166	6.5
496	-0.130166	215.980927	0.002575	6.7
497	-0.659892	215.764151	0.006031	6.8
498	-0.018155	215.547955	0.000582	7.2
499	-0.387933	215.332335	0.004865	6.5
500	-0.000000	215.117289	0.000000	6.0
501	-0.000000	214.902815	0.000000	6.9
502	-0.645848	214.688911	0.005457	7.1
503	-0.663193	214.475573	0.000803	10.8
504	-0.025614	214.262800	0.000532	10.6
505	-0.058281	214.050588	0.001580	8.5
506	-0.668057	213.838936	0.006874	8.3
507	-0.383111	213.627842	0.003280	6.5
508	-0.250185	213.417302	0.002122	6.8
509	-0.160990	213.207314	0.002158	6.9
510	-0.000000	212.997877	0.000000	7.1
511	-0.025772	212.788987	0.000086	6.6
512	-0.032305	212.580642	0.000522	6.9
513	-0.398771	212.372841	0.001307	5.9
514	-0.541850	212.165581	0.003979	7.4
515	-0.225459	211.958859	0.001642	11.3
516	-0.236738	211.752673	0.002043	6.7
517	-0.000000	211.547021	0.000000	9.6
518	-0.136588	211.341902	0.001149	7.9
519	-0.000000	211.137311	0.000000	6.8
520	-0.006508	210.933248	0.000083	6.4
521	-0.250191	210.729710	0.000856	8.0
522	-0.000000	210.526695	0.000000	10.6
523	-0.024785	210.324200	0.000281	6.7
524	-0.000116	210.122224	0.000059	8.6
525	-0.226742	209.920765	0.001960	6.7
526	-0.147873	209.719820	0.001144	6.8
527	-0.628574	209.519387	0.002837	6.5
528	-0.770713	209.319463	0.003504	11.6
529	-0.581053	209.120048	0.009849	8.8
530	-0.000000	208.921139	0.000000	11.6
531	-0.000000	208.722733	0.000000	8.1
532	-0.641980	208.524829	0.004647	6.2
533	-0.119872	208.327425	0.002308	7.0
534	-0.150256	208.130518	0.000368	6.9
535	-0.428510	207.934107	0.002785	7.7
536	-0.750043	207.738189	0.004904	6.7
537	-0.271371	207.542762	0.002244	7.1
538	-0.089454	207.347825	0.001917	10.0
539	-0.171029	207.153376	0.000357	11.2
540	-0.077379	206.959412	0.003064	11.9
541	-0.000000	206.765932	0.000000	7.0
542	-0.024265	206.572933	0.000097	7.0
543	-0.749387	206.380414	0.002352	6.9
544	-0.632623	206.188373	0.003768	6.8
545	-0.415143	205.996807	0.005083	7.0
546	-0.285154	205.805716	0.005624	9.9
547	-0.139865	205.615096	0.001825	6.9
548	-0.341533	205.424946	0.004018	6.9
549	-0.018599	205.235265	0.000354	10.0
550	-0.564329	205.046050	0.003136	7.9
551	-0.000001	204.857299	0.000001	8.0
552	-0.000000	204.669011	0.000000	11.6
553	-0.000000	204.481184	0.000000	8.3
554	-0.000000	204.293816	0.000000	7.1
555	-0.000000	204.106905	0.000000	12.8
556	-0.135354	203.920449	0.003065	11.8
557	-0.488893	203.734447	0.003167	7.3
558	-0.000000	203.548896	0.000000	6.9
559	-0.003733	203.363795	0.000169	7.2
560	-0.078126	203.179143	0.002438	7.0
561	-0.773693	202.994937	0.002731	6.7
562	-0.000000	202.811176	0.000000	7.4
563	-0.436804	202.627857	0.005758	7.1
564	-0.000000	202.444980	0.000000	12.0
565	-0.194693	202.262543	0.002841	9.9
566	-0.107562	202.080543	0.002078	6.5
567	-0.050412	201.898979	0.000871	6.7
568	-0.000000	201.717849	0.000000	6.5
569	-0.000000	201.537153	0.000000	6.7
570	-0.090500	201.356887	0.001827	9.4
571	-0.658269	201.177050	0.007337	6.5
572	-0.000000	200.997642	0.000000	9.4
573	-0.413356	200.818659	0.000621	6.8
574	-0.527076	200.640100	0.004378	6.9
575	-0.712193	200.461965	0.002009	6.9
576	-0.329848	200.284250	0.001789	6.7
577	-0.000000	200.106955	0.000000	12.2
578	-0.000000	199.930078	0.000000	6.8
579	-0.545945	199.753617	0.001529	7.1
580	-0.000421	199.577571	0.000068	12.6
581	-0.419411	199.401938	0.003886	12.3
582	-0.307165	199.226717	0.004064	7.0
583	-0.000000	199.051905	0.000000	6.9
584	-0.374168	198.877502	0.002488	7.6
585	-0.651948	198.703506	0.002969	7.1
586	-0.000000	198.529916	0.000000	6.5
587	-0.347472	198.356729	0.002113	6.6
588	-0.000000	198.183944	0.000000	7.1
589	-0.181492	198.011560	0.000757	10.7
590	-0.000000	197.839576	0.000000	13.0
591	-0.636130	197.667989	0.006325	6.6
592	-0.651291	197.496798	0.007280	6.7
593	-0.695467	197.326002	0.005563	7.7
594	-0.000000	197.155600	0.000000	9.6
595	-0.319651	196.985589	0.004764	6.7
596	-0.368984	196.815969	0.002367	7.1
597	-0.364646	196.646738	0.005752	10.0
598	-0.663194	196.477894	0.005322	7.0
599	-0.241945	196.309436	0.003620	6.5
600	-0.517086	196.141363	0.005546	6.8
601	-0.131531	195.973673	0.001884	9.3
602	-0.714713	195.806365	0.003628	9.5
603	-0.533985	195.639437	0.003019	6.6
604	-0.293949	195.472888	0.004573	11.9
605	-0.000000	195.306717	0.000000	9.3
606	-0.049880	195.140922	0.001493	7.2
607	-0.556826	194.975501	0.005982	7.0
608	-0.640314	194.810454	0.000891	7.0
609	-0.019870	194.645779	0.000291	7.1
610	-0.147277	194.481475	0.002500	6.8
611	-0.162712	194.317540	0.002556	6.5
612	-0.637776	194.153973	0.003170	6.5
613	-0.512967	193.990773	0.000362	5.2
614	-0.000000	193.827938	0.000000	12.3
615	-0.088842	193.665467	0.002997	13.4
616	-0.011636	193.503358	0.000291	5.4
617	-0.078095	193.341611	0.001270	6.6
618	-0.735356	193.180224	0.002750	6.9
619	-0.066826	193.019196	0.003108	6.8
620	-0.000000	192.858525	0.000000	11.6
621	-0.408672	192.698210	0.003890	4.6
622	-0.462333	192.538251	0.001513	6.1
623	-0.000000	192.378644	0.000000	6.6
624	-0.000000	192.219391	0.000000	10.3
625	-0.184869	192.060488	0.002227	8.0
626	-0.000794	191.901935	0.000154	8.9
627	-0.308262	191.743730	0.004125	6.7
628	-0.650812	191.585873	0.001825	8.1
629	-0.002778	191.428362	0.000020	11.8
630	-0.448353	191.271196	0.002088	7.1
631	-0.000000	191.114374	0.000000	6.5
632	-0.433282	190.957893	0.004233	7.0
633	-0.000000	190.801755	0.000000	6.8
634	-0.000000	190.645956	0.000000	6.2
635	-0.680599	190.490495	0.003629	6.6
636	-0.400081	190.335373	0.005340	6.6
637	-0.263272	190.180587	0.002394	6.9
638	-0.002111	190.026136	0.000154	9.5
639	-0.070717	189.872019	0.001192	11.9
640	-0.016189	189.718235	0.000263	7.4
641	-0.000000	189.564782	0.000000	6.5
642	-0.091535	189.411661	0.001172	9.9
643	-0.342551	189.258868	0.004667	6.7
644	-0.301173	189.106404	0.002054	6.9
645	-0.590463	188.954267	0.004350	10.0
646	-0.069542	188.802456	0.002520	6.8
647	-0.735049	188.650969	0.000717	7.2
648	-0.112083	188.499807	0.000454	6.9
649	-0.000000	188.348967	0.000000	6.5
650	-0.063852	188.198448	0.000340	8.6
651	-0.583983	188.048250	0.003438	9.9
652	-0.470331	187.898371	0.003177	10.0
653	-0.000000	187.748810	0.000000	6.3
654	-0.000000	187.599566	0.000000	9.6
655	-0.790334	187.450638	0.003913	7.9
656	-0.005297	187.302025	0.000101	6.7
657	-0.100756	187.153725	0.001814	11.9
658	-0.000000	187.005739	0.000000	6.4
659	-0.266891	186.858064	0.003781	8.1
660	-0.325088	186.710699	0.002836	6.9
661	-0.000000	186.563645	0.000000	6.4
662	-0.011348	186.416898	0.000246	9.2
663	-0.423303	186.270459	0.004262	11.8
664	-0.000000	186.124326	0.000000	7.3
665	-0.000026	185.978499	0.000010	8.7
666	-0.443210	185.832976	0.002365	7.0
667	-0.063685	185.687756	0.000291	7.5
668	-0.000000	185.542838	0.000000	6.3
669	-0.244412	185.398222	0.002627	6.4
670	-0.000000	185.253906	0.000000	8.7
671	-0.109418	185.109889	0.002060	6.6
672	-0.233478	184.966170	0.000669	9.3
673	-0.207599	184.822748	0.002677	6.7
674	-0.572008	184.679623	0.003566	7.2
675	-0.036803	184.536792	0.000171	9.9
676	-0.000000	184.394256	0.000000	8.0
677	-0.498427	184.252013	0.004671	12.0
678	-0.022733	184.110062	0.000389	6.8
679	-0.191327	183.968403	0.000894	12.5
680	-0.237583	183.827034	0.001466	12.7
681	-0.000000	183.685954	0.000000	6.7
682	-0.143407	183.545163	0.001662	8.8
683	-0.496221	183.404658	0.001431	7.9
684	-0.000000	183.264441	0.000000	6.7
685	-0.262043	183.124509	0.002758	7.0
686	-0.257199	182.984861	0.000790	10.0
687	-0.064514	182.845497	0.000694	10.4
688	-0.233770	182.706416	0.001728	6.7
689	-0.234707	182.567616	0.003830	6.9
690	-0.484618	182.429098	0.003963	7.0
691	-0.524461	182.290859	0.006592	8.7
692	-0.000000	182.152899	0.000000	6.3
693	-0.420325	182.015217	0.002920	6.7
694	-0.000000	181.877813	0.000000	7.0
695	-0.071026	181.740684	0.001474	9.6
696	-0.000000	181.603832	0.000000	12.8
697	-0.255414	181.467253	0.003836	11.7
698	-0.457285	181.330948	0.004610	13.4
699	-0.804283	181.194916	0.001343	7.8
700	-0.686560	181.059155	0.006275	6.7
701	-0.226341	180.923666	0.003602	6.7
702	-0.021163	180.788446	0.001198	10.5
703	-0.000000	180.653496	0.000000	7.5
704	-0.000000	180.518814	0.000000	6.5
705	-0.000000	180.384399	0.000000	9.5
706	-0.000000	180.250251	0.000000	6.6
707	-0.000000	180.116369	0.000000	6.9
708	-0.000000	179.982752	0.000000	11.9
709	-0.635054	179.849398	0.005629	10.4
710	-0.049199	179.716308	0.000653	6.6
711	-0.283409	179.583480	0.000543	7.1
712	-0.500496	179.450913	0.003418	7.0
713	-0.000000	179.318607	0.000000	12.2
714	-0.000000	179.186561	0.000000	6.3
715	-0.322221	179.054774	0.004069	6.9
716	-0.000000	178.923245	0.000000	9.7
717	-0.604871	178.791973	0.002253	6.5
718	-0.000507	178.660958	0.000065	7.2
719	-0.375568	178.530199	0.002926	6.6
720	-0.018123	178.399694	0.000462	11.6
721	-0.644182	178.269444	0.005339	7.7
722	-0.672017	178.139447	0.002010	8.0
723	-0.008380	178.009702	0.000321	7.1
724	-0.073742	177.880209	0.000365	7.1
725	-0.000000	177.750967	0.000000	7.3
726	-0.650252	177.621975	0.006102	10.2
727	-0.041816	177.493232	0.001849	16.0
728	-0.000008	177.364738	0.000002	3.8
729	-0.617293	177.236492	0.004633	5.5
730	-0.000000	177.108492	0.000000	6.2
731	-0.000000	176.980739	0.000000	6.6
732	-0.315841	176.853231	0.003612	6.5
733	-0.211614	176.725968	0.000605	7.0
734	-0.000000	176.598949	0.000000	12.4
735	-0.768931	176.472173	0.004031	8.3
736	-0.000000	176.345639	0.000000	6.4
737	-0.000000	176.219348	0.000000	12.6
738	-0.154180	176.093296	0.003015	8.7
739	-0.061036	175.967486	0.000321	6.8
740	-0.000116	175.841914	0.000022	7.3
741	-0.015086	175.716581	0.000316	6.9
742	-0.053542	175.591486	0.001762	6.9
743	-0.086737	175.466629	0.005767	6.9
744	-0.793125	175.342008	0.003537	7.1
745	-0.000000	175.217622	0.000000	7.6
746	-0.142091	175.093472	0.002296	6.9
747	-0.387200	174.969556	0.004880	7.2
748	-0.147368	174.845873	0.001625	8.9
749	-0.098273	174.722423	0.003486	6.7
750	-0.048042	174.599206	0.000629	6.7
751	-0.817025	174.476220	0.003988	12.2
752	-0.000000	174.353464	0.000000	10.1
753	-0.050492	174.230939	0.001511	7.0
754	-0.399068	174.108643	0.003399	6.8
755	-0.702782	173.986576	0.004032	8.6
756	-0.067069	173.864737	0.002046	7.3
757	-0.555573	173.743124	0.006974	6.3
758	-0.529120	173.621739	0.004682	6.6
759	-0.282411	173.500579	0.005809	7.9
760	-0.070597	173.379645	0.002376	7.1
761	-0.008706	173.258935	0.000144	6.6
762	-0.215017	173.138449	0.001105	6.6
763	-0.056551	173.018186	0.002170	6.9
764	-0.763056	172.898146	0.001395	7.0
765	-0.176933	172.778327	0.001285	6.6
766	-0.507056	172.658730	0.006241	7.5
767	-0.074080	172.539353	0.001615	6.7
768	-0.000000	172.420196	0.000000	6.6
769	-0.404709	172.301258	0.003724	7.1
770	-0.000000	172.182539	0.000000	6.3
771	-0.545783	172.064037	0.002742	7.7
772	-0.165668	171.945753	0.003015	8.0
773	-0.000000	171.827686	0.000000	11.3
774	-0.094570	171.709834	0.002513	8.2
775	-0.000000	171.592198	0.000000	8.4
776	-0.437436	171.474776	0.002608	6.7
777	-0.095748	171.357568	0.000450	9.1
778	-0.415199	171.240574	0.004261	8.2
779	-0.782184	171.123793	0.005188	6.3
780	-0.019180	171.007223	0.000316	7.1
781	-0.192507	170.890865	0.003629	6.8
782	-0.070490	170.774718	0.000947	6.6
783	-0.223958	170.658782	0.007278	6.8
784	-0.517092	170.543055	0.004954	9.9
785	-0.731475	170.427537	0.001952	6.7
786	-0.136800	170.312227	0.001542	11.7
787	-0.343547	170.197125	0.006020	7.3
788	-0.696217	170.082231	0.004242	8.7
789	-0.000000	169.967543	0.000000	6.6
790	-0.076395	169.853061	0.001936	7.0
791	-0.357082	169.738784	0.002848	6.8
792	-0.045271	169.624713	0.000438	6.8
793	-0.112862	169.510845	0.003382	7.6
794	-0.158436	169.397181	0.004031	6.7
795	-0.000000	169.283720	0.000000	6.5
796	-0.154772	169.170462	0.002203	7.2
797	-0.528853	169.057405	0.001761	7.0
798	-0.355199	168.944549	0.003008	10.8
799	-0.126740	168.831895	0.001647	11.9
800	-0.730899	168.719440	0.002944	8.0
801	-0.448415	168.607185	0.004666	6.5
802	-0.479631	168.495129	0.005026	6.7
803	-0.466239	168.383271	0.005016	10.7
804	-0.042372	168.271611	0.000717	14.2
805	-0.000000	168.160148	0.000000	6.6
806	-0.190169	168.048882	0.002426	6.2
807	-0.005364	167.937812	0.000002	11.7
808	-0.396936	167.826938	0.002882	11.5
809	-0.000000	167.716258	0.000000	9.4
810	-0.648204	167.605773	0.005127	7.6
811	-0.232045	167.495482	0.005481	7.0
812	-0.098287	167.385384	0.002715	7.1
813	-0.000000	167.275479	0.000000	10.0
814	-0.745801	167.165766	0.003539	6.4
815	-0.000000	167.056245	0.000000	6.8
816	-0.000001	166.946915	0.000001	6.7
817	-0.000000	166.837776	0.000000	6.6
818	-0.266058	166.728826	0.005639	6.8
819	-0.598335	166.620067	0.004490	6.6
820	-0.006307	166.511496	0.000131	6.5
821	-0.000000	166.403113	0.000000	6.6
822	-0.000001	166.294919	0.000001	14.9
823	-0.650242	166.186912	0.003312	6.9
824	-0.035417	166.079091	0.000168	6.5
825	-0.035912	165.971458	0.001112	12.3
826	-0.000000	165.864009	0.000000	6.7
827	-0.031070	165.756747	0.000609	9.8
828	-0.056464	165.649669	0.001150	12.5
829	-0.514374	165.542775	0.004068	6.4
830	-0.000000	165.436065	0.000000	6.7
831	-0.779445	165.329538	0.002353	6.8
832	-0.395110	165.223194	0.004086	6.7
833	-0.017759	165.117032	0.000582	7.1
834	-0.153227	165.011052	0.002764	17.1
835	-0.120127	164.905253	0.001438	8.1
836	-0.040878	164.799635	0.000470	7.0
837	-0.000000	164.694197	0.000000	7.4
838	-0.000000	164.588939	0.000000	9.3
839	-0.158473	164.483859	0.002244	7.2
840	-0.000268	164.378959	0.000017	6.6
841	-0.131349	164.274237	0.001888	6.6
842	-0.022931	164.169692	0.000649	7.5
843	-0.711858	164.065325	0.005284	6.8
844	-0.073078	163.961135	0.001596	6.9
845	-0.285782	163.857120	0.002822	10.2
846	-0.134352	163.753282	0.003813	7.3
847	-0.000000	163.649619	0.000000	8.2
848	-0.182631	163.546130	0.002686	6.5
849	-0.000000	163.442816	0.000000	7.6
850	-0.000000	163.339676	0.000000	6.7
851	-0.000000	163.236709	0.000000	6.5
852	-0.818148	163.133915	0.002123	12.2
853	-0.000000	163.031294	0.000000	7.9
854	-0.000000	162.928844	0.000000	6.6
855	-0.000000	162.826566	0.000000	9.3
856	-0.000000	162.724459	0.000000	6.2
857	-0.118594	162.622523	0.001338	6.5
858	-0.437497	162.520757	0.001283	6.5
859	-0.433233	162.419160	0.004433	17.4
860	-0.000000	162.317733	0.000000	2.1
861	-0.544715	162.216474	0.002769	8.9
862	-0.693367	162.115383	0.003237	14.4
863	-0.025006	162.014461	0.002013	6.5
864	-0.431942	161.913705	0.001497	11.0
865	-0.053089	161.813117	0.000813	6.8
866	-0.465295	161.712695	0.002989	8.2
867	-0.040103	161.612439	0.001136	7.0
868	-0.103048	161.512349	0.000272	9.0
869	-0.612545	161.412424	0.006055	7.5
870	-0.000000	161.312663	0.000000	9.8
871	-0.083721	161.213067	0.000863	11.3
872	-0.034053	161.113635	0.002761	6.5
873	-0.000000	161.014366	0.000000	9.2
874	-0.000000	160.915260	0.000000	6.4
875	-0.622833	160.816316	0.001661	11.8
876	-0.000000	160.717535	0.000000	7.1
877	-0.175404	160.618915	0.002091	6.9
878	-0.466081	160.520456	0.006088	7.0
879	-0.086142	160.422158	0.002449	8.5
880	-0.490818	160.324021	0.003770	7.1
881	-0.267898	160.226043	0.002437	11.9
882	-0.683240	160.128225	0.001047	8.5
883	-0.055029	160.030566	0.000784	7.0
884	-0.000000	159.933066	0.000000	6.4
885	-0.002221	159.835723	0.000148	6.8
886	-0.274061	159.738539	0.001243	6.6
887	-0.156394	159.641512	0.003904	7.0
888	-0.000000	159.544642	0.000000	7.2
889	-0.000000	159.447929	0.000000	6.5
890	-0.063590	159.351372	0.001532	6.7
891	-0.000000	159.254971	0.000000	11.6
892	-0.029713	159.158725	0.000801	4.6
893	-0.189490	159.062634	0.003803	7.2
894	-0.015702	158.966697	0.000335	9.9
895	-0.607529	158.870915	0.003996	12.0
896	-0.498489	158.775286	0.001497	6.7
897	-0.359660	158.679811	0.004303	9.1
898	-0.364436	158.584489	0.006030	6.9
899	-0.496854	158.489319	0.003466	7.0
900	-0.510550	158.394302	0.003828	10.0
901	-0.000000	158.299436	0.000000	11.7
902	-0.468557	158.204721	0.001718	8.2
903	-0.625187	158.110158	0.004154	6.7
904	-0.000000	158.015745	0.000000	7.3
905	-0.351075	157.921482	0.002347	9.9
906	-0.636388	157.827369	0.003372	7.9
907	-0.153598	157.733406	0.003011	11.7
908	-0.000000	157.639591	0.000000	6.7
909	-0.000000	157.545925	0.000000	6.7
910	-0.000000	157.452408	0.000000	6.6
911	-0.115909	157.359038	0.000734	6.7
912	-0.000000	157.265816	0.000000	6.8
913	-0.574098	157.172741	0.004153	6.9
914	-0.013280	157.079813	0.000075	6.5
915	-0.000000	156.987031	0.000000	7.3
916	-0.138803	156.894395	0.002333	6.5
917	-0.000000	156.801904	0.000000	6.5
918	-0.179883	156.709559	0.002550	6.7
919	-0.051502	156.617359	0.000304	6.9
920	-0.521544	156.525304	0.005163	11.6
921	-0.178694	156.433392	0.000329	7.4
922	-0.000000	156.341624	0.000000	6.7
923	-0.220102	156.250000	0.002562	7.1
924	-0.000000	156.158519	0.000000	6.9
925	-0.000000	156.067180	0.000000	6.6
926	-0.557070	155.975984	0.004014	11.7
927	-0.297575	155.884930	0.001619	6.9
928	-0.000000	155.794017	0.000000	7.0
929	-0.039453	155.703246	0.001322	6.8
930	-0.287491	155.612615	0.003278	6.8
931	-0.000000	155.522125	0.000000	7.1
932	-0.144033	155.431775	0.003148	7.0
933	-0.329058	155.341565	0.003828	11.7
934	-0.000267	155.251495	0.000088	7.1
935	-0.466495	155.161563	0.002341	6.9
936	-0.676621	155.071771	0.003187	7.0
937	-0.248861	154.982117	0.002455	6.6
938	-0.100039	154.892601	0.002223	6.2
939	-0.000000	154.803222	0.000000	7.0
940	-0.804212	154.713981	0.001808	6.9
941	-0.102911	154.624878	0.001702	7.4
942	-0.099340	154.535910	0.002978	7.0
943	-0.249729	154.447080	0.003875	7.9
944	-0.619886	154.358385	0.005611	6.7
945	-0.199171	154.269826	0.002011	7.1
946	-0.006047	154.181402	0.000052	12.9
947	-0.098839	154.093114	0.001812	8.8
948	-0.079427	154.004960	0.002922	6.6
949	-0.000000	153.916940	0.000000	9.3
950	-0.724650	153.829054	0.004931	6.6
951	-0.000000	153.741303	0.000000	12.4
952	-0.340177	153.653684	0.004127	7.4
953	-0.417179	153.566198	0.002437	7.6
954	-0.481353	153.478846	0.004454	12.3
955	-0.000000	153.391625	0.000000	7.7
956	-0.162684	153.304537	0.002287	6.6
957	-0.000000	153.217580	0.000000	6.5
958	-0.507554	153.130755	0.004115	8.0
959	-0.164023	153.044061	0.002788	11.9
960	-0.117231	152.957498	0.001872	5.9
961	-0.012990	152.871065	0.000201	7.0
962	-0.027021	152.784762	0.000119	6.3
963	-0.204318	152.698589	0.004044	6.5
964	-0.542217	152.612545	0.004032	7.1
965	-0.617756	152.526631	0.003814	6.9
966	-0.547421	152.440845	0.001749	6.9
967	-0.446747	152.355188	0.005164	6.7
968	-0.685341	152.269660	0.004934	7.2
969	-0.355274	152.184259	0.001716	7.0
970	-0.138436	152.098986	0.000567	6.4
971	-0.000000	152.013840	0.000000	10.7
972	-0.690118	151.928821	0.003862	9.9
973	-0.520163	151.843928	0.003469	7.3
974	-0.674069	151.759163	0.007248	7.0
975	-0.000000	151.674523	0.000000	7.2
976	-0.148487	151.590009	0.000316	6.9
977	-0.474361	151.505620	0.002744	11.2
978	-0.000000	151.421357	0.000000	13.8
979	-0.217554	151.337218	0.002223	6.9
980	-0.000000	151.253204	0.000000	11.9
981	-0.462276	151.169314	0.001179	6.4
982	-0.416653	151.085549	0.006055	8.0
983	-0.248343	151.001907	0.002641	12.3
984	-0.693244	150.918388	0.004056	6.9
985	-0.002426	150.834992	0.000145	8.6
986	-0.667952	150.751719	0.004856	12.0
987	-0.000000	150.668569	0.000000	6.6
988	-0.137701	150.585541	0.002183	6.5
989	-0.000000	150.502634	0.000000	12.5
990	-0.041283	150.419849	0.000339	6.7
991	-0.074360	150.337186	0.001748	6.3
992	-0.024569	150.254644	0.000465	7.9
993	-0.309222	150.172222	0.001642	7.1
994	-0.000000	150.089921	0.000000	12.6
995	-0.108625	150.007740	0.002700	10.8
996	-0.000000	149.925679	0.000000	6.9
997	-0.000000	149.843737	0.000000	11.3
998	-0.239434	149.761915	0.001242	6.9
999	-0.119259	149.680212	0.001398	12.4
1000	-0.000001	149.598627	0.000001	7.6
1001	-0.055623	149.517161	0.002058	12.2
1002	-0.268279	149.435814	0.004643	11.9
1003	-0.021964	149.354584	0.000449	6.6
1004	-0.645465	149.273472	0.003736	8.3
1005	-0.000000	149.192477	0.000000	7.6
1006	-0.000000	149.111599	0.000000	6.5
1007	-0.450149	149.030838	0.004321	6.4
1008	-0.196394	148.950194	0.002919	6.5
1009	-0.560048	148.869666	0.001064	6.4
1010	-0.424149	148.789253	0.003274	6.4
1011	-0.203727	148.708957	0.001823	6.6
1012	-0.109300	148.628776	0.001303	6.5
1013	-0.788104	148.548710	0.001723	10.6
1014	-0.096357	148.468759	0.001211	7.2
1015	-0.000000	148.388923	0.000000	9.8
1016	-0.531284	148.309201	0.003456	6.6
1017	-0.083480	148.229594	0.002867	12.4
1018	-0.537724	148.150100	0.004492	4.4
1019	-0.000000	148.070719	0.000000	7.1
1020	-0.000000	147.991452	0.000000	6.6
1021	-0.110790	147.912298	0.000760	7.2
1022	-0.307057	147.833257	0.002773	6.8
1023	-0.615748	147.754329	0.002715	6.6
1024	-0.026830	147.675512	0.000513	11.3
1025	-0.034053	147.596808	0.000720	7.6
1026	-0.613335	147.518216	0.002282	6.8
1027	-0.079615	147.439735	0.001629	6.2
1028	-0.059893	147.361365	0.000383	6.7
1029	-0.060408	147.283106	0.001036	6.9
1030	-0.000000	147.204958	0.000000	9.4
1031	-0.037436	147.126920	0.000285	8.2
1032	-0.613065	147.048993	0.003328	7.1
1033	-0.000000	146.971175	0.000000	7.7
1034	-0.203741	146.893468	0.002620	12.9
1035	-0.000000	146.815869	0.000000	5.6
1036	-0.000000	146.738380	0.000000	6.1
1037	-0.672540	146.661000	0.001058	6.8
1038	-0.060704	146.583729	0.000088	6.4
1039	-0.134289	146.506566	0.001247	6.9
1040	-0.628311	146.429511	0.003105	6.9
1041	-0.148487	146.352565	0.002999	7.5
1042	-0.125231	146.275726	0.001968	6.7
1043	-0.000000	146.198994	0.000000	6.6
1044	-0.258743	146.122370	0.001473	8.0
1045	-0.501482	146.045853	0.003724	8.2
1046	-0.159064	145.969442	0.002627	7.2
1047	-0.177264	145.893139	0.001975	6.8
1048	-0.092934	145.816941	0.001811	7.1
1049	-0.000000	145.740849	0.000000	6.8
1050	-0.000000	145.664863	0.000000	6.8
1051	-0.167208	145.588983	0.001167	16.6
1052	-0.222109	145.513208	0.001324	4.2
1053	-0.145242	145.437538	0.003210	6.6
1054	-0.344513	145.361973	0.002219	7.0
1055	-0.678844	145.286513	0.003994	6.9
1056	-0.499525	145.211157	0.002636	6.7
1057	-0.000000	145.135905	0.000000	7.9
1058	-0.000000	145.060757	0.000000	8.5
1059	-0.035302	144.985712	0.000306	7.2
1060	-0.150050	144.910771	0.001840	7.2
1061	-0.000005	144.835934	0.000000	6.8
1062	-0.424813	144.761199	0.004369	7.0
1063	-0.382425	144.686567	0.008269	6.5
1064	-0.204517	144.612037	0.002538	6.7
1065	-0.267687	144.537610	0.001820	6.8
1066	-0.025698	144.463285	0.000421	6.7
1067	-0.000000	144.389062	0.000000	6.6
1068	-0.000000	144.314940	0.000000	6.6
1069	-0.000000	144.240920	0.000000	6.4
1070	-0.378011	144.167001	0.000952	7.0
1071	-0.000000	144.093182	0.000000	8.5
1072	-0.000000	144.019465	0.000000	7.3
1073	-0.436783	143.945848	0.002010	6.6
1074	-0.453693	143.872331	0.002726	7.1
1075	-0.000000	143.798914	0.000000	6.5
1076	-0.492773	143.725597	0.001762	7.0
1077	-0.535131	143.652380	0.003776	12.6
1078	-0.000000	143.579262	0.000000	17.0
1079	-0.074877	143.506243	0.001231	4.7
1080	-0.014402	143.433323	0.000369	7.5
1081	-0.066407	143.360502	0.002054	6.7
1082	-0.155166	143.287780	0.001756	7.1
1083	-0.000000	143.215155	0.000000	8.8
1084	-0.000000	143.142629	0.000000	8.0
1085	-0.000000	143.070201	0.000000	6.7
1086	-0.056123	142.997870	0.000384	6.7
1087	-0.000000	142.925637	0.000000	7.0
1088	-0.000098	142.853501	0.000056	7.5
1089	-0.037914	142.781462	0.001655	14.1
1090	-0.168774	142.709519	0.004392	6.7
1091	-0.117206	142.637674	0.003471	6.4
1092	-0.073551	142.565924	0.001204	7.0
1093	-0.125126	142.494271	0.002939	6.8
1094	-0.000000	142.422714	0.000000	6.9
1095	-0.000000	142.351252	0.000000	7.0
1096	-0.124667	142.279886	0.000642	8.0
1097	-0.550915	142.208616	0.004356	8.2
1098	-0.000000	142.137440	0.000000	6.5
1099	-0.756695	142.066360	0.004773	6.7
1100	-0.000000	141.995374	0.000000	6.7
1101	-0.583526	141.924483	0.002273	7.2
1102	-0.127966	141.853685	0.000838	10.0
1103	-0.791869	141.782983	0.003300	7.3
1104	-0.422808	141.712373	0.003465	8.6
1105	-0.000000	141.641858	0.000000	8.1
1106	-0.000000	141.571436	0.000000	7.2
1107	-0.003060	141.501108	0.000154	8.6
1108	-0.336410	141.430872	0.003671	6.6
1109	-0.077354	141.360730	0.002513	13.9
1110	-0.000000	141.290680	0.000000	7.0
1111	-0.199086	141.220722	0.003257	6.8
1112	-0.304520	141.150857	0.004538	6.7
1113	-0.665843	141.081084	0.003219	10.3
1114	-0.000000	141.011403	0.000000	11.6
1115	-0.268492	140.941813	0.000642	6.6
1116	-0.210856	140.872315	0.003003	9.3
1117	-0.337803	140.802909	0.003825	7.0
1118	-0.071270	140.733593	0.001395	8.9
1119	-0.000000	140.664369	0.000000	11.9
1120	-0.127767	140.595235	0.000412	7.9
1121	-0.007117	140.526192	0.000442	6.9
1122	-0.037029	140.457239	0.000667	6.9
1123	-0.000000	140.388376	0.000000	6.8
1124	-0.375736	140.319603	0.002531	6.9
1125	-0.751905	140.250920	0.002974	12.4
1126	-0.457253	140.182326	0.004074	7.4
1127	-0.000000	140.113822	0.000000	7.9
1128	-0.000000	140.045407	0.000000	7.5
1129	-0.000000	139.977081	0.000000	4.0
1130	-0.037130	139.908844	0.001272	6.3
1131	-0.499406	139.840696	0.007590	6.5
1132	-0.378142	139.772635	0.003596	6.7
1133	-0.375308	139.704664	0.002721	9.8
1134	-0.112937	139.636780	0.001141	7.8
1135	-0.093425	139.568984	0.001403	8.0
1136	-0.119616	139.501276	0.000595	6.8
1137	-0.000000	139.433655	0.000000	7.3
1138	-0.582437	139.366122	0.005271	7.1
1139	-0.455593	139.298676	0.001170	6.7
1140	-0.581552	139.231317	0.005153	6.6
1141	-0.340534	139.164045	0.004289	7.2
1142	-0.664154	139.096859	0.002313	6.8
1143	-0.000000	139.029760	0.000000	7.0
1144	-0.679289	138.962747	0.003322	6.6
1145	-0.723218	138.895820	0.004808	9.4
1146	-0.000000	138.828978	0.000000	7.5
1147	-0.407944	138.762223	0.001432	8.3
1148	-0.663069	138.695553	0.002511	6.8
1149	-0.624367	138.628969	0.003567	7.7
1150	-0.284368	138.562469	0.003366	7.2
1151	-0.000000	138.496055	0.000000	6.5
1152	-0.066221	138.429725	0.001458	6.8
1153	-0.207369	138.363481	0.002028	6.7
1154	-0.000000	138.297320	0.000000	10.0
1155	-0.438033	138.231244	0.003503	7.5
1156	-0.614711	138.165252	0.001907	6.7
1157	-0.578378	138.099344	0.003796	11.8
1158	-0.000000	138.033520	0.000000	6.6
1159	-0.000000	137.967779	0.000000	11.1
1160	-0.787969	137.902122	0.003195	7.2
1161	-0.809213	137.836548	0.001801	6.8
1162	-0.319056	137.771057	0.005593	6.6
1163	-0.156504	137.705649	0.001427	6.6
1164	-0.791370	137.640324	0.003035	6.6
1165	-0.000000	137.575081	0.000000	6.4
1166	-0.000000	137.509921	0.000000	6.2
1167	-0.378288	137.444842	0.005090	6.8
1168	-0.000000	137.379846	0.000000	10.3
1169	-0.035674	137.314932	0.001268	6.8
1170	-0.104063	137.250100	0.001741	6.8
1171	-0.000000	137.185349	0.000000	6.8
1172	-0.076646	137.120680	0.005684	6.7
1173	-0.013071	137.056092	0.000197	9.3
1174	-0.088268	136.991585	0.000881	7.4
1175	-0.554911	136.927158	0.004100	6.7
1176	-0.216777	136.862813	0.001065	6.7
1177	-0.407822	136.798548	0.003775	6.7
1178	-0.326965	136.734363	0.002987	6.6
1179	-0.000000	136.670259	0.000000	8.8
1180	-0.570971	136.606235	0.003407	12.1
1181	-0.361586	136.542291	0.005856	7.2
1182	-0.308611	136.478426	0.001368	7.0
1183	-0.131274	136.414641	0.002714	9.6
1184	-0.054182	136.350936	0.001952	6.8
1185	-0.322474	136.287310	0.002489	9.0
1186	-0.443422	136.223763	0.005200	8.7
1187	-0.111651	136.160295	0.002747	7.3
1188	-0.339272	136.096905	0.003353	6.7
1189	-0.000000	136.033594	0.000000	7.1
1190	-0.000000	135.970362	0.000000	9.8
1191	-0.298437	135.907208	0.000912	7.4
1192	-0.000000	135.844133	0.000000	6.2
1193	-0.224200	135.781135	0.002880	6.4
1194	-0.178792	135.718215	0.004435	6.5
1195	-0.513808	135.655373	0.005666	6.9
1196	-0.764946	135.592608	0.001555	11.9
1197	-0.008127	135.529921	0.000086	10.4
1198	-0.238218	135.467311	0.000621	10.7
1199	-0.712797	135.404778	0.003143	6.8
1200	-0.000000	135.342322	0.000000	6.3
1201	-0.541955	135.279942	0.003503	6.6
1202	-0.191547	135.217640	0.002975	7.1
1203	-0.126431	135.155413	0.001913	10.1
1204	-0.072781	135.093263	0.000780	6.9
1205	-0.000000	135.031190	0.000000	12.3
1206	-0.000000	134.969192	0.000000	6.6
1207	-0.494231	134.907270	0.002812	10.4
1208	-0.634174	134.845424	0.006089	6.7
1209	-0.000000	134.783653	0.000000	8.6
1210	-0.565526	134.721958	0.002912	12.3
1211	-0.282961	134.660338	0.004675	3.0
1212	-0.000000	134.598793	0.000000	8.9
1213	-0.000000	134.537323	0.000000	6.5
1214	-0.000000	134.475927	0.000000	6.4
1215	-0.690927	134.414607	0.004598	6.8
1216	-0.794346	134.353361	0.001976	6.6
1217	-0.199561	134.292189	0.001488	6.6
1218	-0.293781	134.231092	0.004022	7.0
1219	-0.000000	134.170068	0.000000	6.4
1220	-0.134979	134.109119	0.004399	6.8
1221	-0.668048	134.048243	0.003908	6.8
1222	-0.177244	133.987441	0.003666	6.6
1223	-0.000000	133.926713	0.000000	11.9
1224	-0.010885	133.866057	0.000371	6.8
1225	-0.000000	133.805475	0.000000	6.7
1226	-0.017763	133.744966	0.000556	6.9
1227	-0.073095	133.684530	0.000446	6.7
1228	-0.044814	133.624167	0.001993	7.1
1229	-0.503296	133.563877	0.003138	9.6
1230	-0.169089	133.503658	0.000943	8.3
1231	-0.000000	133.443513	0.000000	8.0
1232	-0.000000	133.383439	0.000000	12.0
1233	-0.656983	133.323437	0.008272	6.1
1234	-0.197310	133.263508	0.005732	6.9
1235	-0.000000	133.203650	0.000000	5.8
1236	-0.274966	133.143864	0.002544	8.9
1237	-0.000000	133.084149	0.000000	7.5
1238	-0.041814	133.024506	0.000769	6.9
1239	-0.000000	132.964934	0.000000	6.1
1240	-0.481088	132.905433	0.002094	6.5
1241	-0.374987	132.846003	0.002909	6.7
1242	-0.000000	132.786643	0.000000	6.5
1243	-0.000000	132.727355	0.000000	6.4
1244	-0.062513	132.668137	0.000711	7.0
1245	-0.605236	132.608989	0.005042	11.8
1246	-0.080147	132.549912	0.000449	6.6
1247	-0.072379	132.490904	0.000746	6.6
1248	-0.431839	132.431967	0.004070	6.7
1249	-0.159555	132.373100	0.004240	12.2
1250	-0.114390	132.314302	0.001252	6.9
1251	-0.436539	132.255574	0.003000	7.5
1252	-0.000000	132.196916	0.000000	7.0
1253	-0.062129	132.138326	0.001051	7.5
1254	-0.819427	132.079806	0.003763	6.8
1255	-0.071588	132.021355	0.000912	9.1
1256	-0.288745	131.962973	0.001391	6.8
1257	-0.634625	131.904660	0.003530	6.7
1258	-0.184094	131.846415	0.001807	7.0
1259	-0.269950	131.788239	0.003258	11.2
1260	-0.128881	131.730131	0.002119	6.7
1261	-0.644500	131.672092	0.005111	6.3
1262	-0.080829	131.614121	0.001460	8.4
1263	-0.000000	131.556217	0.000000	9.9
1264	-0.340934	131.498382	0.003635	11.7
1265	-0.052945	131.440614	0.000177	7.9
1266	-0.529122	131.382914	0.005039	6.4
1267	-0.111083	131.325282	0.001700	7.1
1268	-0.338219	131.267717	0.005634	6.7
1269	-0.484059	131.210219	0.003013	6.4
1270	-0.000000	131.152788	0.000000	9.1
1271	-0.005619	131.095424	0.000323	6.8
1272	-0.087175	131.038127	0.000990	7.0
1273	-0.315502	130.980897	0.002953	14.3
1274	-0.000000	130.923733	0.000000	8.6
1275	-0.192298	130.866636	0.004766	7.1
1276	-0.107845	130.809605	0.001488	6.8
1277	-0.683471	130.752641	0.004101	6.7
1278	-0.136655	130.695742	0.003416	6.8
1279	-0.436742	130.638910	0.002164	6.7
1280	-0.121915	130.582143	0.002334	11.9
1281	-0.000000	130.525442	0.000000	6.9
1282	-0.000000	130.468807	0.000000	7.4
1283	-0.018133	130.412237	0.000459	12.1
1284	-0.505205	130.355733	0.001904	8.0
1285	-0.161074	130.299294	0.000540	7.0
1286	-0.000000	130.242920	0.000000	11.0
1287	-0.052788	130.186611	0.000499	11.9
1288	-0.033674	130.130366	0.000961	6.8
1289	-0.042154	130.074187	0.000593	6.8
1290	-0.412331	130.018072	0.003460	6.8
1291	-0.000000	129.962022	0.000000	6.5
1292	-0.429691	129.906036	0.004056	6.8
1293	-0.515792	129.850114	0.003996	6.6
1294	-0.148873	129.794257	0.000762	7.7
1295	-0.550583	129.738463	0.004540	6.7
1296	-0.110730	129.682734	0.002568	6.8
1297	-0.245687	129.627068	0.001575	6.7
1298	-0.316188	129.571466	0.002615	6.5
1299	-0.323426	129.515927	0.004083	11.9
1300	-0.000000	129.460452	0.000000	7.3
1301	-0.000975	129.405040	0.000062	9.4
1302	-0.000000	129.349692	0.000000	6.3
1303	-0.625683	129.294406	0.005880	7.2
1304	-0.503855	129.239183	0.003220	6.6
1305	-0.000000	129.184024	0.000000	6.9
1306	-0.737240	129.128927	0.003308	6.7
1307	-0.000000	129.073892	0.000000	10.1
1308	-0.000000	129.018921	0.000000	7.0
1309	-0.522369	128.964011	0.002252	12.1
1310	-0.074328	128.909164	0.001535	7.3
1311	-0.806243	128.854379	0.000843	12.1
1312	-0.000000	128.799656	0.000000	6.3
1313	-0.283619	128.744995	0.005191	6.9
1314	-0.496246	128.690396	0.002999	6.9
1315	-0.127674	128.635858	0.001958	6.7
1316	-0.000000	128.581382	0.000000	8.9
1317	-0.084151	128.526968	0.000353	9.7
1318	-0.000251	128.472615	0.000086	6.2
1319	-0.240175	128.418323	0.002271	6.7
1320	-0.005476	128.364092	0.000005	6.7
1321	-0.234160	128.309922	0.003314	6.9
1322	-0.731060	128.255814	0.003252	7.0
1323	-0.446458	128.201766	0.003036	6.6
1324	-0.251701	128.147778	0.002493	9.6
1325	-0.664688	128.093852	0.001459	7.7
1326	-0.073044	128.039985	0.002033	6.8
1327	-0.000002	127.986180	0.000001	6.9
1328	-0.409973	127.932434	0.006656	6.8
1329	-0.167545	127.878749	0.003219	7.0
1330	-0.312366	127.825123	0.001878	8.1
1331	-0.090574	127.771558	0.003341	6.8
1332	-0.000000	127.718052	0.000000	6.9
1333	-0.010231	127.664606	0.000086	6.9
1334	-0.390092	127.611220	0.001385	6.4
1335	-0.084436	127.557893	0.001318	12.8
1336	-0.097594	127.504625	0.000377	6.3
1337	-0.089817	127.451417	0.002636	12.5
1338	-0.250291	127.398268	0.004722	7.1
1339	-0.107879	127.345178	0.001079	6.5
1340	-0.206754	127.292147	0.003608	7.0
1341	-0.175239	127.239175	0.001210	6.8
1342	-0.418240	127.186261	0.002058	6.9
1343	-0.049239	127.133407	0.001289	6.6
1344	-0.483047	127.080610	0.002261	6.7
1345	-0.711989	127.027872	0.003110	8.5
1346	-0.000000	126.975193	0.000000	6.9
1347	-0.146745	126.922572	0.003750	9.1
1348	-0.085807	126.870008	0.002881	6.6
1349	-0.000005	126.817503	0.000005	9.0
1350	-0.085904	126.765056	0.001659	16.2
1351	-0.139925	126.712667	0.000513	3.4
1352	-0.671430	126.660335	0.007625	6.7
1353	-0.433240	126.608061	0.002035	6.7
1354	-0.260297	126.555844	0.001234	6.9
1355	-0.027152	126.503685	0.000221	8.0
1356	-0.000000	126.451583	0.000000	6.6
1357	-0.626159	126.399538	0.001653	6.8
1358	-0.518304	126.347550	0.005894	7.0
1359	-0.725929	126.295619	0.004369	6.2
1360	-0.000000	126.243745	0.000000	6.7
1361	-0.255194	126.191928	0.002350	10.8
1362	-0.218732	126.140168	0.004624	6.9
1363	-0.219236	126.088464	0.002840	8.6
1364	-0.074456	126.036817	0.001348	12.0
1365	-0.179409	125.985226	0.003429	11.4
1366	-0.319737	125.933691	0.001688	6.8
1367	-0.579839	125.882212	0.005296	7.7
1368	-0.572710	125.830790	0.002399	7.1
1369	-0.000000	125.779423	0.000000	6.8
1370	-0.059934	125.728113	0.002120	6.5
1371	-0.011329	125.676858	0.000243	6.8
1372	-0.166302	125.625659	0.002936	10.2
1373	-0.715924	125.574515	0.003159	6.3
1374	-0.176765	125.523427	0.002844	6.9
1375	-0.517532	125.472394	0.004786	7.1
1376	-0.747088	125.421417	0.001504	9.2
1377	-0.000000	125.370495	0.000000	10.1
1378	-0.642040	125.319628	0.002258	7.8
1379	-0.063621	125.268815	0.001850	8.0
1380	-0.160477	125.218058	0.003644	7.0
1381	-0.484932	125.167356	0.006992	12.0
1382	-0.119315	125.116708	0.002470	6.8
1383	-0.755439	125.066115	0.001426	9.8
1384	-0.000000	125.015576	0.000000	7.9
1385	-0.004798	124.965092	0.000345	16.0
1386	-0.680051	124.914662	0.002634	3.0
1387	-0.000000	124.864287	0.000000	10.3
1388	-0.375634	124.813965	0.005213	8.3
1389	-0.229602	124.763698	0.003509	7.7
1390	-0.000000	124.713485	0.000000	6.8
1391	-0.714531	124.663325	0.001656	6.7
1392	-0.221916	124.613219	0.004555	12.0
1393	-0.000000	124.563167	0.000000	6.7
1394	-0.317709	124.513168	0.003206	10.0
1395	-0.052527	124.463223	0.000633	6.7
1396	-0.000000	124.413332	0.000000	6.9
1397	-0.046282	124.363493	0.001548	6.4
1398	-0.000000	124.313708	0.000000	8.0
1399	-0.016137	124.263976	0.000531	7.0
1400	-0.042886	124.214297	0.000114	8.8
1401	-0.158226	124.164671	0.002721	6.6
1402	-0.014918	124.115097	0.000298	6.7
1403	-0.005668	124.065577	0.000613	6.6
1404	-0.015624	124.016109	0.000256	6.2
1405	-0.000000	123.966693	0.000000	6.5
1406	-0.000000	123.917330	0.000000	6.1
1407	-0.269131	123.868020	0.001443	6.5
1408	-0.309100	123.818762	0.005478	9.8
1409	-0.107134	123.769556	0.001889	7.1
1410	-0.442183	123.720402	0.003022	6.4
1411	-0.447460	123.671300	0.003267	10.3
1412	-0.457316	123.622250	0.004077	7.3
1413	-0.835711	123.573252	0.002720	7.2
1414	-0.283786	123.524305	0.002966	12.9
1415	-0.011287	123.475411	0.001000	6.5
1416	-0.465408	123.426568	0.004483	7.4
1417	-0.000000	123.377776	0.000000	7.0
1418	-0.000000	123.329036	0.000000	6.6
1419	-0.799647	123.280347	0.002880	6.5
1420	-0.000000	123.231709	0.000000	6.4
1421	-0.485411	123.183122	0.002770	6.7
1422	-0.000000	123.134587	0.000000	7.6
1423	-0.367251	123.086102	0.005528	9.3
1424	-0.200366	123.037669	0.000820	7.9
1425	-0.029643	122.989286	0.000115	6.7
1426	-0.000000	122.940954	0.000000	12.3
1427	-0.000000	122.892672	0.000000	8.1
1428	-0.000000	122.844441	0.000000	6.6
1429	-0.000189	122.796261	0.000108	6.8
1430	-0.000000	122.748130	0.000000	6.6
1431	-0.763219	122.700050	0.000982	6.6
1432	-0.406025	122.652021	0.002340	6.6
1433	-0.088811	122.604041	0.003037	6.7
1434	-0.541922	122.556111	0.003884	6.6
1435	-0.099891	122.508232	0.002513	6.7
1436	-0.000000	122.460402	0.000000	6.8
1437	-0.671042	122.412622	0.003819	6.7
1438	-0.623321	122.364891	0.002333	12.5
1439	-0.000000	122.317210	0.000000	7.7
1440	-0.138265	122.269579	0.003199	9.1
1441	-0.185961	122.221997	0.003369	7.2
1442	-0.186148	122.174465	0.000829	6.9
1443	-0.718020	122.126981	0.003949	9.8
1444	-0.000000	122.079547	0.000000	6.7
1445	-0.000000	122.032162	0.000000	6.8
1446	-0.521593	121.984826	0.001864	6.8
1447	-0.000000	121.937539	0.000000	7.4
1448	-0.003199	121.890301	0.000172	6.7
1449	-0.045047	121.843112	0.000665	7.7
1450	-0.000000	121.795971	0.000000	9.5
1451	-0.251206	121.748879	0.001392	7.4
1452	-0.808376	121.701835	0.003498	12.5
1453	-0.320773	121.654840	0.001899	4.1
1454	-0.000000	121.607893	0.000000	6.5
1455	-0.660114	121.560994	0.006054	7.0
1456	-0.011328	121.514144	0.000356	6.9
1457	-0.031416	121.467342	0.000860	7.5
1458	-0.119883	121.420588	0.003377	7.5
1459	-0.340638	121.373882	0.001225	7.1
1460	-0.669940	121.327223	0.005032	6.6
1461	-0.000000	121.280613	0.000000	6.8
1462	-0.000000	121.234050	0.000000	7.5
1463	-0.126119	121.187535	0.002474	6.6
1464	-0.000000	121.141067	0.000000	12.1
1465	-0.363608	121.094647	0.002671	13.3
1466	-0.605452	121.048274	0.004779	7.8
1467	-0.425171	121.001949	0.004613	7.1
1468	-0.104035	120.955671	0.002500	6.7
1469	-0.000000	120.909440	0.000000	7.2
1470	-0.364356	120.863256	0.003750	10.4
1471	-0.188485	120.817119	0.002775	7.0
1472	-0.025649	120.771029	0.000380	6.7
1473	-0.000000	120.724986	0.000000	6.6
1474	-0.722390	120.678990	0.005607	6.7
1475	-0.000000	120.633040	0.000000	6.6
1476	-0.000000	120.587137	0.000000	7.1
1477	-0.010738	120.541281	0.000678	10.8
1478	-0.459219	120.495471	0.000957	8.2
1479	-0.089519	120.449707	0.000990	7.9
1480	-0.318481	120.403990	0.005705	6.9
1481	-0.000000	120.358319	0.000000	6.8
1482	-0.030860	120.312694	0.000699	7.1
1483	-0.594035	120.267115	0.002101	6.8
1484	-0.283300	120.221582	0.002594	6.7
1485	-0.344468	120.176096	0.003695	6.6
1486	-0.028209	120.130655	0.000212	6.5
1487	-0.000000	120.085260	0.000000	6.3
1488	-0.381566	120.039910	0.004357	6.9
1489	-0.069069	119.994606	0.001299	7.0
1490	-0.279136	119.949348	0.004301	12.5
1491	-0.397131	119.904135	0.004474	13.5
1492	-0.179897	119.858968	0.004501	6.8
1493	-0.000000	119.813846	0.000000	6.7
1494	-0.385812	119.768769	0.003036	9.7
1495	-0.125904	119.723738	0.002175	7.6
1496	-0.153500	119.678752	0.002658	7.7
1497	-0.014896	119.633810	0.000359	6.5
1498	-0.010030	119.588914	0.000810	6.7
1499	-0.596692	119.544062	0.003682	7.2
1500	-0.208027	119.499256	0.003882	6.7
1501	-0.249425	119.454494	0.002646	6.8
1502	-0.080729	119.409777	0.001899	6.8
1503	-0.402560	119.365104	0.001509	13.1
1504	-0.258286	119.320476	0.000891	8.2
1505	-0.281635	119.275893	0.005464	6.6
1506	-0.681376	119.231353	0.003769	6.7
1507	-0.332986	119.186859	0.006104	6.6
1508	-0.155977	119.142408	0.001602	6.7
1509	-0.000000	119.098002	0.000000	7.3
1510	-0.505798	119.053639	0.002398	6.8
1511	-0.087108	119.009321	0.000277	6.9
1512	-0.547294	118.965047	0.005057	6.5
1513	-0.168492	118.920816	0.002605	6.9
1514	-0.000000	118.876630	0.000000	6.8
1515	-0.000000	118.832487	0.000000	7.2
1516	-0.303568	118.788388	0.006711	11.9
1517	-0.000000	118.744332	0.000000	12.2
1518	-0.600332	118.700320	0.004855	8.1
1519	-0.035155	118.656352	0.000782	7.8
1520	-0.373037	118.612427	0.002534	6.6
1521	-0.124756	118.568545	0.003158	11.8
1522	-0.000005	118.524706	0.000004	7.0
1523	-0.000000	118.480911	0.000000	6.8
1524	-0.031547	118.437159	0.000508	6.9
1525	-0.571744	118.393450	0.003888	7.2
1526	-0.077094	118.349784	0.000574	7.4
1527	-0.501233	118.306160	0.003669	7.0
1528	-0.054016	118.262580	0.001348	6.6
1529	-0.495631	118.219042	0.002817	12.1
1530	-0.415410	118.175548	0.002549	7.9
1531	-0.124896	118.132095	0.001014	7.1
1532	-0.107277	118.088686	0.002149	7.5
1533	-0.096308	118.045319	0.001979	12.0
1534	-0.711917	118.001994	0.002854	9.1
1535	-0.000000	117.958712	0.000000	7.9
1536	-0.464997	117.915472	0.001602	6.7
1537	-0.204359	117.872274	0.001647	7.7
1538	-0.596279	117.829118	0.002601	7.5
1539	-0.252393	117.786005	0.002253	9.9
1540	-0.000000	117.742933	0.000000	12.0
1541	-0.113056	117.699904	0.000300	8.5
1542	-0.000000	117.656916	0.000000	11.5
1543	-0.500750	117.613971	0.001041	6.5
1544	-0.327755	117.571067	0.004669	9.0
1545	-0.622255	117.528205	0.004150	6.9
1546	-0.000000	117.485384	0.000000	7.0
1547	-0.555686	117.442605	0.005128	6.7
1548	-0.107582	117.399867	0.001950	6.3
1549	-0.100861	117.357171	0.000407	6.7
1550	-0.637772	117.314517	0.006790	7.0
1551	-0.546942	117.271903	0.005285	6.6
1552	-0.406609	117.229331	0.005423	6.9
1553	-0.122924	117.186800	0.001548	6.7
1554	-0.035802	117.144311	0.000760	14.3
1555	-0.000012	117.101862	0.000010	8.5
1556	-0.020343	117.059454	0.000767	6.4
1557	-0.085023	117.017087	0.001527	11.8
1558	-0.166824	116.974762	0.003605	6.5
1559	-0.031181	116.932476	0.000452	6.6
1560	-0.664168	116.890232	0.004594	6.5
1561	-0.051757	116.848028	0.000754	6.9
1562	-0.226834	116.805865	0.002953	6.8
1563	-0.093010	116.763743	0.001387	6.4
1564	-0.110617	116.721661	0.001113	7.7
1565	-0.488285	116.679619	0.002521	12.8
1566	-0.103107	116.637618	0.002326	12.4
1567	-0.000000	116.595657	0.000000	8.5
1568	-0.083799	116.553736	0.002152	6.8
1569	-0.090188	116.511855	0.001852	9.2
1570	-0.000000	116.470015	0.000000	6.4
1571	-0.000000	116.428214	0.000000	6.6
1572	-0.535583	116.386454	0.005116	6.5
1573	-0.000000	116.344733	0.000000	6.2
1574	-0.643656	116.303052	0.002630	9.8
1575	-0.716859	116.261412	0.003953	6.6
1576	-0.000000	116.219810	0.000000	6.5
1577	-0.115265	116.178249	0.000716	6.9
1578	-0.455072	116.136727	0.002849	6.9
1579	-0.232154	116.095245	0.002137	13.9
1580	-0.000002	116.053802	0.000002	5.6
1581	-0.000000	116.012398	0.000000	6.5
1582	-0.000000	115.971034	0.000000	6.6
1583	-0.121314	115.929710	0.000851	6.8
1584	-0.203214	115.888424	0.001304	9.1
1585	-0.133485	115.847178	0.001396	6.7
1586	-0.057472	115.805970	0.001297	6.8
1587	-0.000000	115.764802	0.000000	6.7
1588	-0.000000	115.723673	0.000000	6.2
1589	-0.226876	115.682583	0.003433	6.5
1590	-0.299589	115.641532	0.004417	6.5
1591	-0.586539	115.600519	0.003042	15.3
1592	-0.233086	115.559546	0.005077	8.4
1593	-0.007746	115.518610	0.000246	7.1
1594	-0.000000	115.477714	0.000000	6.6
1595	-0.000000	115.436856	0.000000	6.9
1596	-0.026373	115.396037	0.000112	6.6
1597	-0.259130	115.355256	0.000894	6.7
1598	-0.051062	115.314514	0.001013	6.8
1599	-0.537916	115.273810	0.003943	6.8
1600	-0.252929	115.233144	0.004061	6.8
1601	-0.303967	115.192517	0.001874	7.1
1602	-0.763309	115.151927	0.002031	6.9
1603	-0.319707	115.111376	0.003230	6.2
1604	-0.000528	115.070863	0.000019	6.8
1605	-0.513365	115.030388	0.006785	10.1
1606	-0.507560	114.989951	0.001490	11.8
1607	-0.478604	114.949551	0.003785	7.3
1608	-0.001418	114.909190	0.000045	7.1
1609	-0.219693	114.868866	0.003462	11.2
1610	-0.219881	114.828580	0.003055	6.8
1611	-0.115117	114.788332	0.000680	7.3
1612	-0.363132	114.748121	0.005264	6.4
1613	-0.278224	114.707948	0.002737	6.7
1614	-0.000000	114.667812	0.000000	10.5
1615	-0.000000	114.627714	0.000000	11.2
1616	-0.235024	114.587653	0.003521	13.2
1617	-0.658385	114.547629	0.003569	7.6
1618	-0.698041	114.507643	0.006948	6.4
1619	-0.000000	114.467693	0.000000	8.9
1620	-0.000000	114.427781	0.000000	11.8
1621	-0.000321	114.387907	0.000036	9.0
1622	-0.057268	114.348069	0.001502	7.5
1623	-0.000000	114.308268	0.000000	6.3
1624	-0.000000	114.268504	0.000000	6.7
1625	-0.000000	114.228777	0.000000	6.6
1626	-0.391148	114.189086	0.006044	7.6
1627	-0.000000	114.149433	0.000000	7.9
1628	-0.000000	114.109816	0.000000	6.9
1629	-0.413482	114.070235	0.003896	9.0
1630	-0.744600	114.030692	0.002827	6.6
1631	-0.000000	113.991185	0.000000	11.6
1632	-0.654070	113.951714	0.006947	7.2
1633	-0.467730	113.912280	0.004222	10.3
1634	-0.301748	113.872882	0.001132	6.8
1635	-0.356300	113.833521	0.003732	6.7
1636	-0.399358	113.794195	0.002533	6.8
1637	-0.000000	113.754906	0.000000	11.8
1638	-0.587396	113.715653	0.001936	6.8
1639	-0.000000	113.676437	0.000000	6.8
1640	-0.100344	113.637256	0.002564	12.3
1641	-0.057512	113.598111	0.001817	8.2
1642	-0.000000	113.559002	0.000000	11.9
1643	-0.675249	113.519929	0.003432	6.5
1644	-0.000000	113.480892	0.000000	7.8
1645	-0.063791	113.441891	0.000488	6.4
1646	-0.367097	113.402925	0.002766	6.5
1647	-0.131963	113.363995	0.000554	6.8
1648	-0.018763	113.325101	0.000380	6.9
1649	-0.000000	113.286242	0.000000	6.6
1650	-0.000000	113.247419	0.000000	6.7
1651	-0.000000	113.208631	0.000000	7.4
1652	-0.629435	113.169879	0.004745	8.6
1653	-0.681407	113.131162	0.003668	12.1
1654	-0.393707	113.092480	0.005400	6.8
1655	-0.405026	113.053833	0.001948	7.0
1656	-0.312660	113.015222	0.002875	6.4
1657	-0.158389	112.976646	0.000396	6.5
1658	-0.671651	112.938105	0.003127	6.7
1659	-0.218015	112.899599	0.003550	6.3
1660	-0.401782	112.861128	0.001496	6.6
1661	-0.108212	112.822692	0.002353	6.7
1662	-0.371987	112.784291	0.000867	6.5
1663	-0.759135	112.745924	0.003482	6.6
1664	-0.000000	112.707593	0.000000	6.8
1665	-0.046844	112.669296	0.001527	9.5
1666	-0.260174	112.631034	0.003251	11.7
1667	-0.000000	112.592806	0.000000	9.5
1668	-0.000123	112.554613	0.000046	10.1
1669	-0.000000	112.516455	0.000000	11.7
1670	-0.760754	112.478331	0.003012	2.9
1671	-0.112485	112.440241	0.002711	6.5
1672	-0.168013	112.402186	0.002194	10.7
1673	-0.692529	112.364165	0.002635	6.6
1674	-0.708401	112.326179	0.003380	6.8
1675	-0.000000	112.288227	0.000000	10.4
1676	-0.221255	112.250309	0.002291	6.6
1677	-0.000000	112.212425	0.000000	11.4
1678	-0.377419	112.174575	0.001947	7.3
1679	-0.084630	112.136759	0.002331	6.9
1680	-0.004383	112.098977	0.000258	7.0
1681	-0.000000	112.061229	0.000000	8.5
1682	-0.000000	112.023515	0.000000	6.9
1683	-0.803739	111.985834	0.002334	9.1
1684	-0.001465	111.948188	0.000003	6.6
1685	-0.174611	111.910575	0.005696	9.2
1686	-0.106250	111.872996	0.002093	7.6
1687	-0.574392	111.835450	0.001897	8.6
1688	-0.304473	111.797939	0.004206	11.7
1689	-0.771405	111.760460	0.001653	9.5
1690	-0.012739	111.723015	0.000380	8.0
1691	-0.033311	111.685604	0.001279	10.2
1692	-0.000000	111.648226	0.000000	6.6
1693	-0.138592	111.610881	0.001183	6.8
1694	-0.084012	111.573570	0.002322	10.5
1695	-0.488256	111.536292	0.002668	6.4
1696	-0.262101	111.499047	0.003576	6.5
1697	-0.000000	111.461835	0.000000	6.8
1698	-0.000000	111.424656	0.000000	6.5
1699	-0.000000	111.387510	0.000000	7.0
1700	-0.071452	111.350398	0.002408	6.9
1701	-0.315140	111.313318	0.001878	6.4
1702	-0.000001	111.276271	0.000001	12.5
1703	-0.000000	111.239257	0.000000	7.0
1704	-0.231264	111.202276	0.002255	6.7
1705	-0.510257	111.165328	0.002343	6.6
1706	-0.009918	111.128412	0.000100	7.3
1707	-0.000000	111.091529	0.000000	13.7
1708	-0.000000	111.054679	0.000000	2.5
1709	-0.340863	111.017861	0.003079	7.2
1710	-0.372465	110.981076	0.002882	6.5
1711	-0.141392	110.944323	0.002071	6.4
1712	-0.408235	110.907603	0.001701	6.7
1713	-0.000000	110.870915	0.000000	6.4
1714	-0.341167	110.834259	0.000750	6.7
1715	-0.303520	110.797636	0.002554	13.9
1716	-0.000000	110.761045	0.000000	7.4
1717	-0.000000	110.724486	0.000000	7.0
1718	-0.000000	110.687959	0.000000	7.4
1719	-0.119470	110.651465	0.004281	7.1
1720	-0.289415	110.615002	0.003859	7.2
1721	-0.036577	110.578572	0.001139	10.4
1722	-0.130467	110.542173	0.003201	7.6
1723	-0.000000	110.505807	0.000000	6.7
1724	-0.583575	110.469472	0.002746	6.9
1725	-0.000000	110.433169	0.000000	6.6
1726	-0.276208	110.396898	0.001228	6.7
1727	-0.000000	110.360659	0.000000	6.7
1728	-0.564759	110.324451	0.004145	14.0
1729	-0.009220	110.288276	0.000160	6.4
1730	-0.787298	110.252131	0.002321	7.3
1731	-0.000000	110.216019	0.000000	7.1
1732	-0.000000	110.179937	0.000000	6.9
1733	-0.355666	110.143888	0.002680	6.5
1734	-0.251083	110.107869	0.002953	6.4
1735	-0.102393	110.071882	0.001957	7.9
1736	-0.363781	110.035927	0.001034	7.1
1737	-0.329402	110.000003	0.002839	6.7
1738	-0.000002	109.964110	0.000002	12.0
1739	-0.000000	109.928248	0.000000	6.6
1740	-0.000000	109.892417	0.000000	10.3
1741	-0.000000	109.856618	0.000000	6.1
1742	-0.180303	109.820850	0.001713	12.4
1743	-0.658242	109.785112	0.002041	7.6
1744	-0.090583	109.749406	0.001561	6.7
1745	-0.249153	109.713730	0.002577	9.7
1746	-0.000000	109.678086	0.000000	6.8
1747	-0.212795	109.642472	0.002132	6.9
1748	-0.291857	109.606890	0.002425	7.4
1749	-0.005048	109.571337	0.000128	7.2
1750	-0.000890	109.535816	0.000072	7.1
1751	-0.000000	109.500326	0.000000	6.6
1752	-0.011316	109.464866	0.000562	6.4
1753	-0.000000	109.429436	0.000000	11.3
1754	-0.052592	109.394038	0.000753	7.7
1755	-0.114787	109.358669	0.001815	6.6
1756	-0.000000	109.323331	0.000000	6.5
1757	-0.000000	109.288024	0.000000	6.6
1758	-0.206387	109.252747	0.003350	6.6
1759	-0.051291	109.217501	0.000536	9.4
1760	-0.000000	109.182284	0.000000	4.6
1761	-0.754301	109.147098	0.003007	6.7
1762	-0.000000	109.111942	0.000000	6.5
1763	-0.000000	109.076817	0.000000	6.5
1764	-0.074010	109.041721	0.002084	6.9
1765	-0.487300	109.006656	0.004554	6.6
1766	-0.549075	108.971620	0.002068	6.7
1767	-0.776623	108.936615	0.003339	11.0
1768	-0.050053	108.901640	0.000169	12.3
1769	-0.000000	108.866694	0.000000	4.1
1770	-0.000000	108.831779	0.000000	11.4
1771	-0.749915	108.796893	0.002887	6.5
1772	-0.000000	108.762037	0.000000	6.9
1773	-0.000000	108.727211	0.000000	6.9
1774	-0.223416	108.692415	0.002928	6.4
1775	-0.316834	108.657648	0.004425	9.4
1776	-0.344534	108.622911	0.004874	11.7
1777	-0.000000	108.588203	0.000000	6.4
1778	-0.643369	108.553525	0.003225	12.3
1779	-0.000000	108.518877	0.000000	7.4
1780	-0.088973	108.484258	0.001894	6.7
1781	-0.206756	108.449668	0.002923	6.5
1782	-0.063478	108.415108	0.001829	6.7
1783	-0.710273	108.380578	0.005081	7.0
1784	-0.717084	108.346076	0.001435	7.2
1785	-0.494612	108.311604	0.004246	6.6
1786	-0.538125	108.277161	0.003445	7.0
1787	-0.551583	108.242747	0.004467	6.7
1788	-0.179410	108.208363	0.003052	12.1
1789	-0.000000	108.174007	0.000000	5.9
1790	-0.273860	108.139681	0.002229	6.7
1791	-0.402629	108.105383	0.003065	6.7
1792	-0.553289	108.071115	0.002795	10.2
1793	-0.103547	108.036875	0.003594	9.1
1794	-0.328964	108.002665	0.005963	7.3
1795	-0.472916	107.968483	0.001327	7.9
1796	-0.003857	107.934330	0.000250	6.5
1797	-0.434978	107.900206	0.001232	9.4
1798	-0.084363	107.866111	0.001725	8.7
1799	-0.023910	107.832044	0.000841	8.0
1800	-0.254830	107.798007	0.003877	6.6
1801	-0.000000	107.763997	0.000000	6.7
1802	-0.076142	107.730017	0.002225	6.6
1803	-0.296885	107.696065	0.002847	6.6
1804	-0.547944	107.662141	0.002866	6.7
1805	-0.086078	107.628246	0.001668	8.2
1806	-0.501517	107.594379	0.003824	6.9
1807	-0.000000	107.560541	0.000000	7.4
1808	-0.267818	107.526731	0.001577	6.7
1809	-0.343921	107.492949	0.004083	6.6
1810	-0.330497	107.459196	0.003636	6.8
1811	-0.055011	107.425471	0.001991	7.5
1812	-0.000000	107.391774	0.000000	6.8
1813	-0.709368	107.358106	0.002827	6.6
1814	-0.000000	107.324465	0.000000	6.4
1815	-0.000000	107.290853	0.000000	6.4
1816	-0.029211	107.257268	0.000341	7.1
1817	-0.013270	107.223712	0.000449	10.4
1818	-0.153492	107.190184	0.006573	7.9
1819	-0.219127	107.156683	0.001972	13.7
1820	-0.183275	107.123211	0.001787	13.5
1821	-0.069239	107.089766	0.001584	8.5
1822	-0.007768	107.056349	0.000163	6.7
1823	-0.679166	107.022960	0.002244	6.5
1824	-0.626570	106.989599	0.002324	7.4
1825	-0.072721	106.956265	0.000549	6.9
1826	-0.129824	106.922960	0.001474	6.7
1827	-0.817874	106.889681	0.001181	7.1
1828	-0.837790	106.856431	0.002813	6.8
1829	-0.000000	106.823208	0.000000	6.6
1830	-0.422091	106.790012	0.003172	8.5
1831	-0.175465	106.756844	0.000762	11.6
1832	-0.720642	106.723703	0.002688	7.1
1833	-0.000000	106.690590	0.000000	7.0
1834	-0.391526	106.657505	0.004695	6.9
1835	-0.000000	106.624446	0.000000	10.5
1836	-0.152727	106.591415	0.003562	6.4
1837	-0.091446	106.558411	0.001601	8.9
1838	-0.019334	106.525435	0.000618	6.5
1839	-0.009166	106.492485	0.000494	6.4
1840	-0.319711	106.459563	0.003720	10.9
1841	-0.188422	106.426668	0.004157	7.3
1842	-0.612948	106.393800	0.005060	16.4
1843	-0.136499	106.360959	0.001566	2.8
1844	-0.285420	106.328145	0.004603	6.5
1845	-0.000000	106.295358	0.000000	11.6
1846	-0.000000	106.262598	0.000000	7.6
1847	-0.000000	106.229865	0.000000	11.2
1848	-0.014732	106.197158	0.000823	6.5
1849	-0.464411	106.164479	0.003126	6.5
1850	-0.712626	106.131826	0.000954	10.6
1851	-0.022973	106.099201	0.000358	6.0
1852	-0.000000	106.066602	0.000000	7.0
1853	-0.362665	106.034029	0.003479	6.6
1854	-0.796792	106.001483	0.001738	8.3
1855	-0.668106	105.968964	0.001157	7.0
1856	-0.761102	105.936472	0.002185	6.6
1857	-0.059477	105.904006	0.001013	5.9
1858	-0.171884	105.871566	0.003430	6.5
1859	-0.000000	105.839153	0.000000	6.5
1860	-0.061928	105.806767	0.001067	7.1
1861	-0.000000	105.774407	0.000000	6.1
1862	-0.228555	105.742073	0.001318	6.7
1863	-0.022255	105.709766	0.000584	7.1
1864	-0.014092	105.677485	0.000087	6.7
1865	-0.400735	105.645230	0.001989	6.5
1866	-0.000000	105.613001	0.000000	6.5
1867	-0.705872	105.580799	0.002910	6.6
1868	-0.000000	105.548623	0.000000	6.9
1869	-0.000000	105.516473	0.000000	12.3
1870	-0.000000	105.484349	0.000000	6.8
1871	-0.014431	105.452251	0.001231	7.0
1872	-0.000000	105.420179	0.000000	12.5
1873	-0.430505	105.388133	0.001618	9.2
1874	-0.000000	105.356113	0.000000	6.4
1875	-0.008741	105.324119	0.000276	6.6
1876	-0.000000	105.292151	0.000000	10.9
1877	-0.684872	105.260209	0.005152	6.5
1878	-0.776567	105.228293	0.002811	6.5
1879	-0.000000	105.196402	0.000000	6.6
1880	-0.741750	105.164537	0.002204	6.5
1881	-0.000000	105.132698	0.000000	11.7
1882	-0.000000	105.100885	0.000000	6.8
1883	-0.626495	105.069097	0.003126	10.6
1884	-0.520820	105.037335	0.003156	6.4
1885	-0.552389	105.005598	0.006468	6.4
1886	-0.000000	104.973887	0.000000	6.2
1887	-0.000000	104.942202	0.000000	11.2
1888	-0.229297	104.910542	0.002330	6.5
1889	-0.373914	104.878907	0.001553	6.8
1890	-0.416886	104.847298	0.003051	6.5
1891	-0.382603	104.815715	0.002482	11.1
1892	-0.153104	104.784156	0.001695	6.3
1893	-0.039320	104.752623	0.000819	12.1
1894	-0.431051	104.721116	0.002063	12.5
1895	-0.118073	104.689633	0.002305	3.4
1896	-0.000000	104.658176	0.000000	13.5
1897	-0.052989	104.626744	0.001795	6.6
1898	-0.270886	104.595337	0.002456	9.4
1899	-0.520506	104.563955	0.005307	11.4
1900	-0.481070	104.532599	0.004601	6.7
1901	-0.123162	104.501267	0.003700	9.7
1902	-0.000000	104.469960	0.000000	11.8
1903	-0.044210	104.438679	0.000685	13.2
1904	-0.489838	104.407422	0.003342	10.7
1905	-0.397973	104.376191	0.002163	6.8
1906	-0.000000	104.344984	0.000000	6.3
1907	-0.000000	104.313802	0.000000	6.6
1908	-0.000000	104.282645	0.000000	6.3
1909	-0.728395	104.251513	0.003762	6.6
1910	-0.222301	104.220405	0.001829	6.6
1911	-0.089357	104.189323	0.000851	6.8
1912	-0.777713	104.158265	0.001649	10.3
1913	-0.520575	104.127231	0.002278	7.2
1914	-0.518929	104.096222	0.006732	6.4
1915	-0.123436	104.065238	0.001958	9.5
1916	-0.000000	104.034279	0.000000	12.0
1917	-0.506787	104.003344	0.004668	11.9
1918	-0.128142	103.972433	0.001876	6.7
1919	-0.372864	103.941547	0.002303	9.4
1920	-0.000000	103.910686	0.000000	6.5
1921	-0.033988	103.879849	0.000709	6.7
1922	-0.057437	103.849036	0.003335	10.4
1923	-0.098424	103.818248	0.001058	6.6
1924	-0.182197	103.787484	0.001306	6.8
1925	-0.000005	103.756744	0.000003	7.6
1926	-0.144610	103.726029	0.002222	7.3
1927	-0.112785	103.695338	0.001073	6.9
1928	-0.196120	103.664671	0.001487	9.4
1929	-0.564572	103.634028	0.006790	6.6
1930	-0.000000	103.603409	0.000000	6.4
1931	-0.191734	103.572814	0.002691	7.1
1932	-0.264437	103.542244	0.004992	6.9
1933	-0.065942	103.511698	0.000256	6.6
1934	-0.000001	103.481175	0.000001	11.9
1935	-0.000000	103.450677	0.000000	6.7
1936	-0.549392	103.420202	0.000696	6.7
1937	-0.000000	103.389752	0.000000	6.5
1938	-0.582132	103.359325	0.004638	9.1
1939	-0.480778	103.328922	0.003684	7.1
1940	-0.000000	103.298543	0.000000	7.1
1941	-0.000000	103.268188	0.000000	9.7
1942	-0.000000	103.237857	0.000000	6.5
1943	-0.261461	103.207549	0.004795	13.2
1944	-0.055013	103.177265	0.001316	3.1
1945	-0.000000	103.147005	0.000000	12.6
1946	-0.247116	103.116768	0.003861	11.5
1947	-0.000000	103.086556	0.000000	11.6
1948	-0.032928	103.056366	0.000326	6.3
1949	-0.125227	103.026200	0.001807	6.7
1950	-0.167694	102.996058	0.000795	11.7
1951	-0.038158	102.965939	0.000571	6.5
1952	-0.098063	102.935844	0.002003	7.9
1953	-0.000000	102.905772	0.000000	12.3
1954	-0.431752	102.875724	0.005159	6.2
1955	-0.069227	102.845699	0.001217	6.9
1956	-0.052503	102.815697	0.001302	6.7
1957	-0.000000	102.785719	0.000000	6.9
1958	-0.360565	102.755764	0.005044	8.1
1959	-0.391886	102.725832	0.002820	11.1
1960	-0.000205	102.695924	0.000089	6.7
1961	-0.112958	102.666038	0.000983	6.5
1962	-0.000000	102.636176	0.000000	6.4
1963	-0.482231	102.606337	0.003651	7.2
1964	-0.432250	102.576521	0.004556	6.7
1965	-0.672863	102.546728	0.003290	7.8
1966	-0.259455	102.516959	0.003251	7.4
1967	-0.000000	102.487212	0.000000	6.6
1968	-0.000000	102.457488	0.000000	6.6
1969	-0.018153	102.427788	0.000394	6.7
1970	-0.104549	102.398110	0.000612	12.1
1971	-0.481400	102.368455	0.002501	12.2
1972	-0.000015	102.338823	0.000011	6.7
1973	-0.071031	102.309214	0.000648	6.4
1974	-0.152164	102.279628	0.001020	6.4
1975	-0.444231	102.250064	0.005079	6.8
1976	-0.782901	102.220524	0.002383	6.9
1977	-0.000000	102.191006	0.000000	6.2
1978	-0.000000	102.161511	0.000000	8.6
1979	-0.152652	102.132038	0.003174	8.0
1980	-0.617450	102.102588	0.004989	6.5
1981	-0.103619	102.073161	0.003257	9.3
1982	-0.678717	102.043757	0.003072	6.6
1983	-0.703062	102.014375	0.001210	7.3
1984	-0.761073	101.985015	0.004526	6.8
1985	-0.779506	101.955678	0.001570	11.0
1986	-0.042839	101.926364	0.000189	6.6
1987	-0.024113	101.897072	0.000344	6.9
1988	-0.664507	101.867802	0.001831	6.9
1989	-0.135563	101.838555	0.000556	6.7
1990	-0.339635	101.809330	0.001738	12.3
1991	-0.116562	101.780128	0.001954	11.9
1992	-0.235879	101.750948	0.001831	6.7
1993	-0.000000	101.721790	0.000000	6.7
1994	-0.185904	101.692654	0.002329	6.9
1995	-0.651862	101.663541	0.004076	11.5
1996	-0.071384	101.634450	0.000194	7.6
1997	-0.080705	101.605381	0.001778	6.4
1998	-0.128548	101.576335	0.002943	7.1
1999	-0.000000	101.547310	0.000000	10.4
