1:ItNr	2:Metric	3:StepSize	4:||Gradient||	Time[ms]
0	-0.125543	627.201626	0.001594	1698.1
1	-0.862465	623.504937	0.007851	11.4
2	-0.168619	619.865785	0.001526	6.3
3	-0.426187	616.282728	0.012117	7.2
4	-0.447667	612.754375	0.005588	12.3
5	-0.000000	609.279381	0.000000	5.0
6	-0.644947	605.856447	0.009866	6.4
7	-1.058199	602.484317	0.005087	6.7
8	-0.422710	599.161779	0.007866	6.6
9	-0.858255	595.887656	0.004850	6.7
10	-0.486093	592.660813	0.004004	13.9
11	-0.000143	589.480151	0.000045	6.4
12	-0.035064	586.344606	0.001297	7.3
13	-0.023227	583.253145	0.000647	7.0
14	-0.000000	580.204771	0.000000	6.7
15	-0.702115	577.198517	0.007358	6.7
16	-0.017745	574.233444	0.000493	6.7
17	-0.183901	571.308645	0.003572	7.0
18	-0.110034	568.423237	0.002193	6.6
19	-0.648090	565.576365	0.006359	6.7
20	-0.603072	562.767201	0.013590	6.9
21	-0.478027	559.994938	0.004560	6.8
22	-0.000000	557.258797	0.000000	6.9
23	-0.000000	554.558018	0.000000	6.4
24	-0.025941	551.891865	0.000658	11.9
25	-0.000000	549.259621	0.000000	9.6
26	-0.489358	546.660592	0.005920	6.1
27	-0.015780	544.094102	0.000506	7.9
28	-0.667357	541.559494	0.007834	6.7
29	-0.441165	539.056129	0.004364	11.7
30	-0.712700	536.583387	0.004276	12.0
31	-0.931791	534.140663	0.010898	6.4
32	-0.347296	531.727370	0.008916	6.3
33	-1.156778	529.342935	0.007515	6.6
34	-0.205279	526.986802	0.000996	9.6
35	-0.429307	524.658430	0.003012	12.0
36	-0.000000	522.357290	0.000000	11.8
37	-0.225312	520.082868	0.001799	6.5
38	-0.000000	517.834665	0.000000	6.4
39	-0.766117	515.612193	0.004968	6.4
40	-0.160488	513.414976	0.003379	8.4
41	-0.939004	511.242551	0.005724	6.8
42	-0.000000	509.094468	0.000000	6.2
43	-0.000000	506.970285	0.000000	7.1
44	-0.000001	504.869574	0.000001	6.5
45	-0.000000	502.791916	0.000000	6.8
46	-0.462230	500.736903	0.011140	6.6
47	-0.000000	498.704137	0.000000	6.8
48	-0.000000	496.693228	0.000000	8.5
49	-0.000000	494.703798	0.000000	7.3
50	-0.000000	492.735476	0.000000	6.4
51	-0.522135	490.787900	0.011875	6.6
52	-0.322997	488.860718	0.002449	6.5
53	-0.000000	486.953585	0.000000	6.4
54	-0.000000	485.066164	0.000000	6.0
55	-0.350136	483.198126	0.006032	6.8
56	-0.915216	481.349149	0.011803	12.3
57	-0.382055	479.518920	0.004537	7.0
58	-0.000000	477.707132	0.000000	6.5
59	-0.000000	475.913485	0.000000	6.3
60	-0.229079	474.137684	0.001850	9.2
61	-0.195819	472.379445	0.006439	6.9
62	-0.093187	470.638485	0.000951	13.7
63	-0.478983	468.914531	0.005136	3.3
64	-0.792152	467.207315	0.011668	6.8
65	-0.248829	465.516573	0.005916	7.3
66	-1.175210	463.842050	0.009197	6.9
67	-0.000000	462.183494	0.000000	6.6
68	-0.555241	460.540658	0.004354	6.6
69	-0.152154	458.913303	0.003616	6.9
70	-0.529436	457.301192	0.011894	6.2
71	-0.378409	455.704096	0.003014	6.3
72	-0.317926	454.121787	0.004737	7.0
73	-0.000000	452.554045	0.000000	6.0
74	-0.940290	451.000653	0.007068	7.2
75	-0.224773	449.461399	0.001891	8.4
76	-0.579968	447.936075	0.003931	13.8
77	-0.952509	446.424477	0.007096	8.6
78	-0.000000	444.926406	0.000000	7.9
79	-0.001120	443.441666	0.000092	6.7
80	-0.000000	441.970065	0.000000	6.0
81	-0.000000	440.511415	0.000000	6.5
82	-0.491613	439.065533	0.006063	12.4
83	-0.087215	437.632238	0.001349	10.9
84	-0.123805	436.211351	0.001105	7.1
85	-0.132469	434.802701	0.003855	6.6
86	-0.000000	433.406117	0.000000	6.2
87	-0.884333	432.021430	0.006467	6.7
88	-0.000000	430.648479	0.000000	7.3
89	-0.000000	429.287101	0.000000	7.5
90	-0.001297	427.937140	0.000115	11.5
91	-0.866098	426.598440	0.005310	7.8
92	-0.000000	425.270849	0.000000	7.0
93	-0.768888	423.954220	0.007324	6.4
94	-0.377769	422.648404	0.001636	6.7
95	-0.751855	421.353259	0.009428	6.6
96	-0.779953	420.068643	0.004207	6.5
97	-0.394602	418.794419	0.002525	6.7
98	-0.914277	417.530451	0.008895	7.0
99	-0.699206	416.276604	0.003986	6.8
100	-0.000000	415.032748	0.000000	6.2
101	-0.137457	413.798754	0.001690	11.7
102	-0.000000	412.574495	0.000000	9.3
103	-0.841385	411.359849	0.006916	7.2
104	-0.383365	410.154691	0.006659	6.6
105	-0.000000	408.958904	0.000000	6.5
106	-0.948089	407.772368	0.008282	6.6
107	-0.114328	406.594968	0.003414	6.7
108	-0.368637	405.426590	0.006469	15.4
109	-0.000000	404.267122	0.000000	2.4
110	-0.450888	403.116456	0.004489	6.5
111	-0.673307	401.974481	0.007811	6.2
112	-0.031907	400.841093	0.000688	6.4
113	-0.000000	399.716187	0.000000	9.0
114	-0.204554	398.599660	0.002208	9.3
115	-0.000000	397.491411	0.000000	7.1
116	-0.777708	396.391342	0.006083	6.6
117	-0.579071	395.299353	0.003923	6.6
118	-0.000000	394.215350	0.000000	6.7
119	-0.647532	393.139238	0.004837	6.5
120	-0.031340	392.070924	0.000511	11.7
121	-0.072811	391.010316	0.001913	11.6
122	-0.000000	389.957325	0.000000	6.2
123	-0.000000	388.911862	0.000000	6.5
124	-0.000000	387.873839	0.000000	7.0
125	-0.451253	386.843173	0.005936	6.7
126	-0.000000	385.819777	0.000000	6.7
127	-0.228323	384.803569	0.003270	6.5
128	-0.170341	383.794468	0.002660	8.0
129	-0.825401	382.792393	0.006750	6.4
130	-0.407008	381.797264	0.006715	6.8
131	-0.000063	380.809005	0.000018	8.2
132	-0.000000	379.827537	0.000000	6.6
133	-0.000000	378.852786	0.000000	9.3
134	-0.687285	377.884678	0.007968	7.9
135	-0.895355	376.923138	0.008539	11.9
136	-0.449615	375.968095	0.003479	6.7
137	-0.000965	375.019479	0.000159	6.7
138	-0.452620	374.077218	0.007169	11.9
139	-0.248367	373.141244	0.004156	6.4
140	-0.000000	372.211489	0.000000	11.4
141	-0.095313	371.287887	0.002410	8.4
142	-0.051807	370.370370	0.000953	6.5
143	-0.789286	369.458876	0.003411	6.7
144	-0.841435	368.553338	0.007104	6.6
145	-0.141303	367.653696	0.001526	6.5
146	-0.000000	366.759885	0.000000	11.8
147	-0.090079	365.871846	0.001810	6.7
148	-0.679021	364.989518	0.008524	6.6
149	-0.855655	364.112841	0.005415	6.6
150	-0.454682	363.241757	0.002209	6.8
151	-0.487823	362.376208	0.004810	6.9
152	-0.635579	361.516137	0.008166	6.5
153	-0.583966	360.661488	0.008155	7.7
154	-0.806236	359.812206	0.006523	6.7
155	-0.005522	358.968236	0.000133	6.6
156	-0.420891	358.129524	0.004914	7.7
157	-0.427159	357.296018	0.004653	6.7
158	-0.771483	356.467665	0.006033	7.2
159	-0.000000	355.644414	0.000000	8.1
160	-0.000000	354.826213	0.000000	11.3
161	-0.782362	354.013012	0.008929	7.8
162	-0.670690	353.204763	0.007132	10.3
163	-0.358037	352.401415	0.003586	6.3
164	-0.589575	351.602922	0.011673	6.7
165	-0.000000	350.809235	0.000000	6.5
166	-0.902645	350.020308	0.006997	12.0
167	-0.434571	349.236095	0.003898	6.8
168	-0.714156	348.456550	0.009528	7.0
169	-0.593990	347.681627	0.005359	6.8
170	-0.140338	346.911283	0.003621	6.6
171	-0.136515	346.145474	0.004522	6.3
172	-0.329345	345.384157	0.003527	6.7
173	-0.000000	344.627288	0.000000	6.5
174	-0.293109	343.874826	0.005372	11.7
175	-0.349389	343.126729	0.002562	7.4
176	-0.665955	342.382957	0.005922	6.7
177	-0.892517	341.643469	0.008239	5.9
178	-0.116735	340.908224	0.003683	6.9
179	-0.101155	340.177184	0.003011	10.1
180	-0.000000	339.450309	0.000000	8.0
181	-0.000000	338.727561	0.000000	6.1
182	-0.420857	338.008902	0.004518	6.7
183	-0.138394	337.294295	0.004368	6.8
184	-0.000000	336.583703	0.000000	6.6
185	-1.026125	335.877089	0.011385	13.6
186	-0.009779	335.174416	0.000218	4.8
187	-0.020157	334.475651	0.000216	11.1
188	-0.785794	333.780756	0.005715	8.0
189	-0.000000	333.089698	0.000000	6.1
190	-0.709527	332.402443	0.008391	6.6
191	-0.105544	331.718955	0.002293	6.5
192	-0.905309	331.039203	0.007593	8.6
193	-0.409783	330.363153	0.005319	8.0
194	-0.457386	329.690771	0.011496	6.5
195	-0.437168	329.022027	0.003374	11.6
196	-0.000000	328.356888	0.000000	9.8
197	-0.726259	327.695322	0.006376	6.5
198	-0.255381	327.037299	0.007454	9.4
199	-0.063329	326.382787	0.000954	6.8
200	-0.092242	325.731758	0.003629	6.8
201	-0.000000	325.084179	0.000000	6.8
202	-1.127709	324.440023	0.005133	6.5
203	-0.210208	323.799258	0.000987	6.6
204	-0.170703	323.161858	0.005747	10.2
205	-0.883814	322.527792	0.004678	12.0
206	-0.715609	321.897034	0.006936	6.6
207	-1.060926	321.269554	0.008335	6.9
208	-0.000000	320.645325	0.000000	6.5
209	-0.000000	320.024320	0.000000	11.5
210	-0.000000	319.406512	0.000000	6.2
211	-0.120728	318.791875	0.002985	6.3
212	-0.610201	318.180381	0.006005	11.6
213	-0.000000	317.572005	0.000000	7.0
214	-0.000000	316.966721	0.000000	7.0
215	-0.315515	316.364504	0.004207	10.0
216	-0.656810	315.765329	0.011396	11.2
217	-0.792816	315.169170	0.011460	7.9
218	-0.785844	314.576003	0.002669	7.5
219	-0.000015	313.985804	0.000001	6.6
220	-0.276990	313.398548	0.007192	6.9
221	-0.000000	312.814213	0.000000	6.3
222	-0.032976	312.232773	0.000459	6.4
223	-0.463898	311.654207	0.004616	10.8
224	-0.293188	311.078491	0.004862	6.7
225	-0.000000	310.505602	0.000000	11.6
226	-0.648857	309.935518	0.006495	6.8
227	-0.139917	309.368217	0.005777	6.9
228	-0.000000	308.803676	0.000000	6.2
229	-0.177024	308.241874	0.003401	8.8
230	-0.651628	307.682789	0.007160	7.1
231	-0.136388	307.126400	0.001482	7.5
232	-0.000000	306.572687	0.000000	6.6
233	-0.431334	306.021627	0.001684	6.5
234	-1.020252	305.473201	0.004651	6.6
235	-0.132444	304.927388	0.003052	9.9
236	-0.129908	304.384168	0.001291	6.5
237	-1.000937	303.843521	0.002285	14.5
238	-0.366235	303.305427	0.006373	2.9
239	-0.000000	302.769867	0.000000	7.2
240	-0.626353	302.236821	0.006003	6.8
241	-1.230554	301.706270	0.006725	9.9
242	-0.980722	301.178196	0.007056	12.8
243	-0.000000	300.652580	0.000000	6.3
244	-0.000000	300.129402	0.000000	10.8
245	-0.395474	299.608645	0.008911	6.4
246	-0.512382	299.090291	0.007495	6.8
247	-1.055439	298.574321	0.004206	6.5
248	-0.544733	298.060718	0.006355	7.5
249	-0.124114	297.549465	0.003806	7.0
250	-1.119506	297.040543	0.004832	6.9
251	-0.675173	296.533936	0.008591	7.4
252	-0.910805	296.029626	0.009060	9.1
253	-0.732739	295.527597	0.009475	6.4
254	-1.064718	295.027832	0.013330	7.1
255	-0.000070	294.530315	0.000033	10.4
256	-0.001476	294.035028	0.000028	6.9
257	-0.137030	293.541956	0.003038	11.5
258	-0.123004	293.051083	0.003564	6.3
259	-0.170085	292.562393	0.002773	7.3
260	-0.000000	292.075870	0.000000	7.3
261	-0.042461	291.591498	0.000708	6.6
262	-0.028417	291.109263	0.000838	6.3
263	-0.063529	290.629149	0.001771	11.4
264	-0.076755	290.151140	0.001477	6.7
265	-0.281678	289.675222	0.006519	6.7
266	-0.004320	289.201380	0.000129	7.0
267	-0.073533	288.729600	0.001595	14.9
268	-0.000000	288.259866	0.000000	6.5
269	-1.154901	287.792165	0.005479	7.0
270	-0.335212	287.326481	0.001936	6.7
271	-0.223272	286.862802	0.003762	6.6
272	-0.200956	286.401113	0.001438	6.9
273	-0.349134	285.941400	0.005548	6.8
274	-0.000000	285.483649	0.000000	6.4
275	-0.000000	285.027847	0.000000	6.6
276	-0.180940	284.573981	0.003227	7.1
277	-0.000000	284.122037	0.000000	6.2
278	-1.100480	283.672002	0.010548	9.3
279	-0.000000	283.223863	0.000000	6.3
280	-0.000000	282.777607	0.000000	8.2
281	-0.000000	282.333221	0.000000	13.3
282	-0.000003	281.890692	0.000001	11.9
283	-0.331056	281.450008	0.007335	5.5
284	-1.164553	281.011157	0.003070	6.6
285	-0.000000	280.574125	0.000000	6.5
286	-0.083725	280.138901	0.002258	6.7
287	-0.025371	279.705473	0.000387	7.2
288	-0.000000	279.273829	0.000000	10.0
289	-0.000000	278.843956	0.000000	13.1
290	-0.440281	278.415844	0.004035	6.4
291	-0.539613	277.989479	0.004746	6.6
292	-0.024014	277.564851	0.000291	11.7
293	-0.421684	277.141949	0.003869	10.9
294	-0.659819	276.720761	0.004123	6.8
295	-0.417111	276.301275	0.002590	6.0
296	-0.154525	275.883480	0.003094	6.6
297	-0.708213	275.467366	0.005492	6.5
298	-0.471592	275.052922	0.004966	6.5
299	-0.854238	274.640136	0.007444	6.6
300	-0.900553	274.228998	0.008221	6.6
301	-0.718355	273.819497	0.005529	6.6
302	-0.999184	273.411623	0.007874	6.7
303	-0.060855	273.005365	0.000951	6.6
304	-0.610609	272.600712	0.004438	6.5
305	-0.330552	272.197655	0.006319	6.4
306	-0.483495	271.796184	0.002636	8.0
307	-0.015876	271.396287	0.000138	7.5
308	-0.000000	270.997956	0.000000	6.2
309	-0.183003	270.601180	0.002014	6.7
310	-0.000000	270.205949	0.000000	11.5
311	-0.886736	269.812254	0.004296	6.0
312	-0.393864	269.420085	0.004196	6.6
313	-0.901583	269.029432	0.007155	6.6
314	-0.023677	268.640287	0.001187	6.4
315	-0.763365	268.252638	0.007450	11.0
316	-0.016050	267.866478	0.000378	7.9
317	-0.099741	267.481796	0.001983	7.5
318	-0.939954	267.098584	0.005738	6.7
319	-0.000000	266.716833	0.000000	9.7
320	-0.000000	266.336533	0.000000	11.6
321	-0.351512	265.957676	0.003968	8.3
322	-0.066320	265.580253	0.000392	7.9
323	-0.236479	265.204254	0.003048	6.5
324	-0.000000	264.829672	0.000000	6.4
325	-0.076170	264.456497	0.000259	6.5
326	-0.446293	264.084721	0.004324	8.5
327	-0.210069	263.714335	0.001733	6.4
328	-0.569897	263.345332	0.006056	9.5
329	-1.200221	262.977702	0.005218	6.4
330	-0.000000	262.611438	0.000000	6.6
331	-0.259411	262.246531	0.005381	6.5
332	-0.337740	261.882973	0.008814	16.3
333	-0.100972	261.520756	0.002831	4.4
334	-0.000000	261.159871	0.000000	6.6
335	-0.118745	260.800312	0.000779	9.0
336	-0.425416	260.442070	0.006730	6.7
337	-0.740739	260.085137	0.005111	6.7
338	-0.280347	259.729505	0.006800	6.6
339	-0.107815	259.375167	0.001495	6.5
340	-0.940611	259.022116	0.007302	6.7
341	-0.000000	258.670343	0.000000	10.5
342	-0.107669	258.319841	0.000805	7.2
343	-0.000000	257.970602	0.000000	6.4
344	-0.029227	257.622620	0.000493	6.6
345	-0.578474	257.275887	0.006437	10.2
346	-0.000000	256.930396	0.000000	6.7
347	-1.120496	256.586139	0.011297	10.7
348	-0.953347	256.243109	0.007862	11.5
349	-0.000000	255.901300	0.000000	6.2
350	-0.000000	255.560703	0.000000	6.2
351	-0.000000	255.221313	0.000000	6.8
352	-0.000000	254.883122	0.000000	6.7
353	-0.486676	254.546124	0.004862	6.8
354	-0.000000	254.210311	0.000000	11.2
355	-0.000000	253.875677	0.000000	6.6
356	-0.572082	253.542215	0.002599	6.8
357	-0.009737	253.209918	0.000189	10.8
358	-1.194867	252.878781	0.007375	7.2
359	-1.002384	252.548795	0.003805	12.5
360	-0.649549	252.219956	0.003960	6.5
361	-0.000000	251.892255	0.000000	6.3
362	-0.000000	251.565688	0.000000	6.2
363	-0.461998	251.240247	0.007623	6.6
364	-0.000000	250.915926	0.000000	6.3
365	-0.000000	250.592720	0.000000	6.4
366	-0.289022	250.270621	0.006055	6.6
367	-0.593110	249.949624	0.004529	8.9
368	-0.145665	249.629723	0.001833	7.4
369	-0.143051	249.310911	0.005091	6.2
370	-0.419138	248.993182	0.002401	11.9
371	-0.435838	248.676531	0.002939	6.8
372	-0.165035	248.360952	0.003662	9.5
373	-0.533288	248.046438	0.006185	6.7
374	-0.034079	247.732984	0.000823	6.7
375	-0.234967	247.420584	0.003806	6.8
376	-0.830561	247.109233	0.004981	6.5
377	-0.774016	246.798924	0.005918	6.6
378	-0.207571	246.489652	0.004485	6.3
379	-0.640029	246.181412	0.006370	6.5
380	-0.039506	245.874197	0.000409	9.0
381	-0.065429	245.568002	0.001226	6.4
382	-0.000000	245.262822	0.000000	6.5
383	-0.988405	244.958652	0.006247	6.6
384	-0.228066	244.655485	0.005400	7.2
385	-0.000056	244.353317	0.000025	9.6
386	-0.965038	244.052142	0.006351	7.3
387	-0.882556	243.751955	0.004356	6.6
388	-0.170444	243.452750	0.002064	6.6
389	-0.662373	243.154523	0.004837	9.3
390	-0.099227	242.857268	0.002516	6.8
391	-0.832490	242.560980	0.007629	7.3
392	-0.697097	242.265654	0.004423	6.6
393	-0.235590	241.971285	0.002529	6.4
394	-0.000000	241.677868	0.000000	6.8
395	-0.585850	241.385397	0.009230	7.2
396	-0.130315	241.093869	0.006147	8.4
397	-1.195309	240.803278	0.003626	13.6
398	-0.000000	240.513619	0.000000	10.2
399	-0.549321	240.224887	0.002033	6.4
400	-0.125238	239.937077	0.001995	11.8
401	-0.000000	239.650186	0.000000	6.1
402	-0.430077	239.364207	0.003952	4.4
403	-1.059508	239.079136	0.004747	6.7
404	-0.786684	238.794969	0.004128	6.4
405	-0.602087	238.511701	0.004961	6.5
406	-0.000427	238.229327	0.000157	6.2
407	-0.000000	237.947843	0.000000	6.4
408	-0.406424	237.667244	0.006552	6.2
409	-0.041923	237.387526	0.001822	6.6
410	-0.641961	237.108684	0.006566	11.0
411	-1.109638	236.830714	0.005918	7.3
412	-0.973269	236.553610	0.006768	6.6
413	-0.000000	236.277370	0.000000	6.5
414	-0.852321	236.001989	0.009007	7.6
415	-0.823912	235.727461	0.008732	7.6
416	-0.430811	235.453784	0.003616	6.4
417	-1.163094	235.180952	0.004953	6.7
418	-0.000000	234.908962	0.000000	6.5
419	-0.007690	234.637809	0.000273	6.5
420	-0.099366	234.367488	0.001304	7.3
421	-0.510654	234.097997	0.006902	10.5
422	-0.064753	233.829331	0.001323	6.3
423	-0.000013	233.561485	0.000000	7.4
424	-0.995381	233.294456	0.011261	9.6
425	-0.119873	233.028239	0.002831	6.5
426	-0.562973	232.762831	0.008608	6.8
427	-0.926823	232.498228	0.005511	6.6
428	-0.688821	232.234425	0.004544	6.6
429	-0.000701	231.971419	0.000033	7.1
430	-0.000000	231.709205	0.000000	6.6
431	-0.166153	231.447781	0.002801	11.2
432	-0.745311	231.187141	0.002800	7.6
433	-0.744211	230.927283	0.006656	6.6
434	-0.000000	230.668202	0.000000	6.7
435	-0.364918	230.409895	0.007727	7.4
436	-0.000000	230.152358	0.000000	11.1
437	-0.445730	229.895587	0.001895	12.3
438	-0.000045	229.639578	0.000006	6.5
439	-0.000000	229.384329	0.000000	11.5
440	-0.000000	229.129834	0.000000	7.0
441	-0.243018	228.876091	0.005308	10.9
442	-0.480728	228.623096	0.007811	6.5
443	-0.384859	228.370846	0.003890	6.6
444	-0.578034	228.119336	0.004860	6.6
445	-0.944783	227.868563	0.004558	8.0
446	-0.000000	227.618525	0.000000	11.9
447	-0.229940	227.369216	0.005818	11.7
448	-0.617177	227.120635	0.005478	6.9
449	-0.000000	226.872777	0.000000	11.6
450	-0.699428	226.625638	0.005186	6.9
451	-0.777165	226.379217	0.010948	6.5
452	-0.269834	226.133509	0.003905	6.9
453	-1.043438	225.888510	0.005125	11.8
454	-0.000000	225.644218	0.000000	7.0
455	-0.298844	225.400630	0.000817	6.8
456	-0.999308	225.157741	0.010820	10.9
457	-0.887400	224.915549	0.006658	6.6
458	-1.077299	224.674051	0.003312	6.7
459	-0.000000	224.433242	0.000000	11.0
460	-0.310938	224.193121	0.008146	6.8
461	-0.045792	223.953684	0.002195	6.9
462	-0.561252	223.714927	0.004247	14.2
463	-0.800916	223.476848	0.006947	3.9
464	-0.000000	223.239444	0.000000	6.4
465	-0.340596	223.002710	0.003155	6.5
466	-0.220311	222.766645	0.002458	6.9
467	-0.450437	222.531245	0.009723	6.7
468	-0.000000	222.296508	0.000000	9.3
469	-0.763952	222.062429	0.009008	11.9
470	-1.161107	221.829007	0.003911	6.7
471	-0.407261	221.596238	0.003719	11.8
472	-0.000000	221.364119	0.000000	12.8
473	-0.060480	221.132647	0.001425	6.0
474	-0.510838	220.901820	0.003974	6.6
475	-0.000000	220.671634	0.000000	7.7
476	-0.234279	220.442086	0.006999	6.4
477	-0.583486	220.213174	0.007734	6.6
478	-0.000000	219.984895	0.000000	6.7
479	-0.000000	219.757246	0.000000	6.6
480	-0.016459	219.530224	0.000314	11.4
481	-0.916068	219.303826	0.006015	6.9
482	-0.573486	219.078050	0.004492	6.5
483	-1.215945	218.852893	0.005215	6.4
484	-0.294875	218.628352	0.005423	7.9
485	-0.073602	218.404424	0.001033	7.0
486	-0.512844	218.181106	0.008629	6.8
487	-0.629746	217.958397	0.008144	6.7
488	-0.076839	217.736292	0.001426	6.4
489	-0.000000	217.514790	0.000000	6.3
490	-0.000000	217.293888	0.000000	6.7
491	-0.000000	217.073584	0.000000	6.5
492	-0.330075	216.853873	0.003384	6.3
493	-0.773319	216.634755	0.005022	7.0
494	-0.046211	216.416227	0.001920	6.9
495	-0.002501	216.198285	0.000337	8.7
496	-0.876387	215.980927	0.007321	14.4
497	-0.112149	215.764151	0.001514	9.4
498	-0.690124	215.547955	0.006952	9.8
499	-0.404800	215.332335	0.008628	6.7
500	-0.462987	215.117289	0.005987	6.7
501	-0.052123	214.902815	0.000966	6.6
502	-0.126155	214.688911	0.002061	6.7
503	-0.532362	214.475573	0.002151	7.1
504	-0.762821	214.262800	0.008770	6.8
505	-0.000000	214.050588	0.000000	6.5
506	-0.888758	213.838936	0.004161	6.6
507	-0.491308	213.627842	0.002578	10.3
508	-0.124551	213.417302	0.001296	6.7
509	-0.000000	213.207314	0.000000	6.8
510	-1.007718	212.997877	0.005065	12.0
511	-0.455244	212.788987	0.003244	6.9
512	-0.402857	212.580642	0.002032	6.6
513	-0.196725	212.372841	0.003205	6.7
514	-0.437391	212.165581	0.004095	6.6
515	-0.277182	211.958859	0.009277	6.7
516	-0.262448	211.752673	0.002189	12.8
517	-0.170990	211.547021	0.003685	7.8
518	-0.850198	211.341902	0.008338	6.2
519	-0.430316	211.137311	0.005298	6.6
520	-0.000000	210.933248	0.000000	11.0
521	-0.060487	210.729710	0.000605	10.5
522	-0.815114	210.526695	0.008401	14.5
523	-0.012188	210.324200	0.001257	2.3
524	-0.266945	210.122224	0.002108	11.9
525	-1.165998	209.920765	0.003393	4.0
526	-1.064273	209.719820	0.005601	7.6
527	-0.171217	209.519387	0.002119	7.0
528	-0.073755	209.319463	0.001457	6.6
529	-0.000000	209.120048	0.000000	6.4
530	-0.643475	208.921139	0.004474	6.4
531	-0.949768	208.722733	0.005727	6.6
532	-0.000000	208.524829	0.000000	6.6
533	-0.386101	208.327425	0.002316	6.8
534	-0.671324	208.130518	0.006425	6.6
535	-0.000002	207.934107	0.000001	16.4
536	-0.788362	207.738189	0.005749	4.0
537	-0.000000	207.542762	0.000000	15.8
538	-0.000011	207.347825	0.000005	2.2
539	-0.555782	207.153376	0.005045	6.5
540	-0.222994	206.959412	0.004277	6.6
541	-0.268799	206.765932	0.001929	6.5
542	-1.006246	206.572933	0.006601	9.8
543	-0.000000	206.380414	0.000000	6.3
544	-0.000000	206.188373	0.000000	7.0
545	-0.306435	205.996807	0.004995	6.3
546	-0.739340	205.805716	0.006751	11.8
547	-0.240603	205.615096	0.003879	11.5
548	-0.068503	205.424946	0.002572	8.2
549	-0.904252	205.235265	0.009471	5.9
550	-0.679119	205.046050	0.005234	6.7
551	-0.132832	204.857299	0.003257	6.6
552	-0.537947	204.669011	0.002316	6.7
553	-0.140554	204.481184	0.003137	8.5
554	-0.000000	204.293816	0.000000	6.7
555	-0.294841	204.106905	0.001517	7.0
556	-0.162456	203.920449	0.001934	6.1
557	-0.707987	203.734447	0.008165	6.7
558	-0.319929	203.548896	0.006652	6.4
559	-0.227560	203.363795	0.002824	6.6
560	-0.777687	203.179143	0.013739	6.7
561	-0.000000	202.994937	0.000000	11.5
562	-0.214809	202.811176	0.006479	9.0
563	-0.041884	202.627857	0.000532	7.3
564	-0.000000	202.444980	0.000000	6.9
565	-0.400369	202.262543	0.002241	6.7
566	-0.901854	202.080543	0.002297	6.7
567	-0.495576	201.898979	0.005350	6.7
568	-0.917323	201.717849	0.006585	6.5
569	-0.851192	201.537153	0.012316	6.7
570	-0.000058	201.356887	0.000025	6.5
571	-0.491296	201.177050	0.002304	8.1
572	-0.092192	200.997642	0.002679	6.4
573	-0.072277	200.818659	0.002922	9.7
574	-0.058512	200.640100	0.001404	13.6
575	-0.000000	200.461965	0.000000	10.1
576	-0.828613	200.284250	0.009482	10.8
577	-0.180157	200.106955	0.004336	12.0
578	-0.371256	199.930078	0.003669	6.5
579	-0.283789	199.753617	0.006328	6.7
580	-1.039506	199.577571	0.003787	11.3
581	-0.000000	199.401938	0.000000	8.0
582	-0.974186	199.226717	0.005046	7.3
583	-0.077368	199.051905	0.000867	7.1
584	-0.000000	198.877502	0.000000	6.5
585	-0.123048	198.703506	0.000358	10.9
586	-0.000851	198.529916	0.000052	7.8
587	-0.465358	198.356729	0.003817	6.4
588	-0.258493	198.183944	0.001117	7.2
589	-0.000000	198.011560	0.000000	6.8
590	-0.515556	197.839576	0.006256	7.7
591	-0.948242	197.667989	0.009584	6.9
592	-0.000000	197.496798	0.000000	9.0
593	-0.643820	197.326002	0.004288	6.6
594	-0.661846	197.155600	0.004425	6.7
595	-0.000000	196.985589	0.000000	7.1
596	-0.982797	196.815969	0.006951	6.1
597	-0.025831	196.646738	0.001262	12.1
598	-0.106415	196.477894	0.001720	7.2
599	-0.385407	196.309436	0.009749	7.1
600	-0.000000	196.141363	0.000000	6.7
601	-0.000000	195.973673	0.000000	7.8
602	-0.128195	195.806365	0.002245	6.6
603	-0.013292	195.639437	0.000802	7.0
604	-0.730231	195.472888	0.007765	6.8
605	-0.844551	195.306717	0.003766	10.8
606	-0.236546	195.140922	0.001837	6.6
607	-0.638183	194.975501	0.005496	10.0
608	-0.249519	194.810454	0.002702	6.4
609	-0.014679	194.645779	0.000629	9.5
610	-0.000000	194.481475	0.000000	11.9
611	-0.000000	194.317540	0.000000	6.2
612	-0.744552	194.153973	0.006441	6.8
613	-0.588570	193.990773	0.003148	6.7
614	-0.000000	193.827938	0.000000	6.5
615	-0.681645	193.665467	0.007610	6.5
616	-0.103966	193.503358	0.000203	6.5
617	-1.118682	193.341611	0.003571	6.6
618	-0.000000	193.180224	0.000000	6.3
619	-0.528722	193.019196	0.005166	7.0
620	-0.000000	192.858525	0.000000	6.8
621	-0.112861	192.698210	0.000794	7.0
622	-0.149582	192.538251	0.004085	6.8
623	-0.705705	192.378644	0.003684	6.4
624	-0.008856	192.219391	0.000425	12.2
625	-0.003091	192.060488	0.000019	7.5
626	-0.000000	191.901935	0.000000	11.6
627	-0.616569	191.743730	0.009221	6.4
628	-0.591196	191.585873	0.002906	6.5
629	-0.273977	191.428362	0.006531	6.7
630	-0.381291	191.271196	0.005965	6.8
631	-0.150253	191.114374	0.003489	6.6
632	-0.801540	190.957893	0.005947	6.7
633	-0.000000	190.801755	0.000000	6.7
634	-0.580137	190.645956	0.005610	6.9
635	-0.069523	190.490495	0.001598	6.6
636	-0.050359	190.335373	0.001911	7.2
637	-0.000000	190.180587	0.000000	6.6
638	-0.107400	190.026136	0.002105	7.5
639	-0.932404	189.872019	0.011647	12.2
640	-0.967431	189.718235	0.004807	6.9
641	-0.083772	189.564782	0.001933	8.8
642	-0.454406	189.411661	0.003610	16.9
643	-0.417445	189.258868	0.003304	2.2
644	-1.052723	189.106404	0.005442	8.5
645	-0.342225	188.954267	0.001600	6.4
646	-0.034876	188.802456	0.000794	6.7
647	-0.000000	188.650969	0.000000	6.4
648	-0.121385	188.499807	0.002765	6.8
649	-0.263373	188.348967	0.002201	9.4
650	-0.000000	188.198448	0.000000	13.9
651	-0.091707	188.048250	0.001065	9.4
652	-0.101814	187.898371	0.001379	6.6
653	-0.108536	187.748810	0.002000	9.6
654	-0.959877	187.599566	0.007893	6.8
655	-0.063272	187.450638	0.002327	6.7
656	-0.000000	187.302025	0.000000	6.6
657	-0.000000	187.153725	0.000000	6.4
658	-0.404995	187.005739	0.003336	6.5
659	-0.676715	186.858064	0.006798	6.9
660	-0.401421	186.710699	0.005925	6.7
661	-0.000001	186.563645	0.000001	6.7
662	-0.684167	186.416898	0.004304	6.9
663	-0.545302	186.270459	0.004809	13.0
664	-0.591652	186.124326	0.006067	6.2
665	-0.079904	185.978499	0.002460	6.2
666	-0.000174	185.832976	0.000074	6.2
667	-0.790610	185.687756	0.006357	6.5
668	-0.326347	185.542838	0.008381	6.9
669	-0.000000	185.398222	0.000000	6.8
670	-0.000000	185.253906	0.000000	6.3
671	-0.004892	185.109889	0.000024	6.8
672	-0.244932	184.966170	0.002230	6.6
673	-0.937722	184.822748	0.004465	6.8
674	-0.340018	184.679623	0.009901	8.6
675	-0.000000	184.536792	0.000000	6.5
676	-1.038407	184.394256	0.010499	9.5
677	-0.805239	184.252013	0.006467	8.5
678	-0.006604	184.110062	0.000710	7.4
679	-0.389203	183.968403	0.002815	6.7
680	-0.000000	183.827034	0.000000	6.7
681	-0.006353	183.685954	0.000137	7.5
682	-0.276251	183.545163	0.003765	6.2
683	-1.015916	183.404658	0.006191	6.6
684	-0.331072	183.264441	0.004261	6.4
685	-0.806149	183.124509	0.002797	6.3
686	-0.356599	182.984861	0.005872	6.8
687	-0.000000	182.845497	0.000000	9.8
688	-0.000000	182.706416	0.000000	7.9
689	-0.923405	182.567616	0.008504	7.4
690	-0.482256	182.429098	0.004222	12.0
691	-0.000003	182.290859	0.000002	8.5
692	-0.416292	182.152899	0.007515	6.4
693	-0.008040	182.015217	0.000098	6.4
694	-0.176202	181.877813	0.002149	6.2
695	-0.194095	181.740684	0.003972	6.8
696	-0.978288	181.603832	0.009283	6.6
697	-0.638032	181.467253	0.004155	6.6
698	-0.000000	181.330948	0.000000	7.4
699	-0.914779	181.194916	0.007478	6.4
700	-0.000010	181.059155	0.000004	6.6
701	-0.360152	180.923666	0.005515	6.6
702	-0.993954	180.788446	0.004849	9.8
703	-0.000000	180.653496	0.000000	15.9
704	-0.000000	180.518814	0.000000	7.1
705	-0.531548	180.384399	0.003389	6.5
706	-0.269527	180.250251	0.002016	9.1
707	-0.057629	180.116369	0.001505	6.4
708	-0.095837	179.982752	0.004685	6.9
709	-0.563789	179.849398	0.005437	6.7
710	-0.000000	179.716308	0.000000	6.4
711	-0.784755	179.583480	0.008394	6.7
712	-0.000000	179.450913	0.000000	10.9
713	-0.000000	179.318607	0.000000	6.4
714	-0.000000	179.186561	0.000000	6.3
715	-0.065407	179.054774	0.002086	8.1
716	-0.799957	178.923245	0.011061	11.0
717	-0.000000	178.791973	0.000000	6.8
718	-0.284867	178.660958	0.003475	6.6
719	-0.887941	178.530199	0.006455	7.0
720	-0.455656	178.399694	0.001806	6.8
721	-0.107076	178.269444	0.001842	6.6
722	-0.894557	178.139447	0.006683	6.7
723	-0.074078	178.009702	0.002177	6.6
724	-0.000000	177.880209	0.000000	6.6
725	-0.000000	177.750967	0.000000	7.0
726	-0.000000	177.621975	0.000000	6.8
727	-0.135411	177.493232	0.003661	6.7
728	-0.001344	177.364738	0.000243	9.2
729	-0.518093	177.236492	0.004720	7.1
730	-0.000000	177.108492	0.000000	13.6
731	-0.000000	176.980739	0.000000	11.0
732	-0.033573	176.853231	0.000487	7.1
733	-0.037321	176.725968	0.000883	7.2
734	-0.319851	176.598949	0.005468	6.8
735	-0.209320	176.472173	0.004507	7.2
736	-1.184134	176.345639	0.002430	6.5
737	-1.095171	176.219348	0.004963	6.8
738	-0.175552	176.093296	0.001501	7.2
739	-0.860238	175.967486	0.011435	10.9
740	-0.000000	175.841914	0.000000	7.9
741	-0.000000	175.716581	0.000000	6.8
742	-0.297929	175.591486	0.005226	7.9
743	-0.069600	175.466629	0.001050	9.1
744	-0.118303	175.342008	0.001182	6.2
745	-0.000000	175.217622	0.000000	9.7
746	-0.766176	175.093472	0.005035	6.6
747	-0.369872	174.969556	0.002836	9.7
748	-0.297970	174.845873	0.003671	7.6
749	-0.163557	174.722423	0.003248	6.5
750	-0.392233	174.599206	0.006308	6.8
751	-0.079509	174.476220	0.002222	10.6
752	-0.471183	174.353464	0.008920	6.6
753	-0.000000	174.230939	0.000000	7.4
754	-0.870517	174.108643	0.006482	14.1
755	-0.000000	173.986576	0.000000	6.7
756	-0.919585	173.864737	0.004509	8.8
757	-1.162642	173.743124	0.004197	6.6
758	-0.525310	173.621739	0.008991	6.7
759	-0.000000	173.500579	0.000000	6.3
760	-0.365109	173.379645	0.003769	8.2
761	-0.130409	173.258935	0.001911	6.8
762	-0.366033	173.138449	0.003930	9.1
763	-1.072537	173.018186	0.010218	6.8
764	-0.000000	172.898146	0.000000	9.2
765	-0.167019	172.778327	0.004019	6.6
766	-0.213911	172.658730	0.001694	6.7
767	-0.000000	172.539353	0.000000	14.9
768	-0.683119	172.420196	0.003963	7.6
769	-0.019351	172.301258	0.001077	6.7
770	-0.662238	172.182539	0.005719	6.7
771	-0.000000	172.064037	0.000000	6.7
772	-0.038677	171.945753	0.000768	9.6
773	-1.077391	171.827686	0.003527	6.7
774	-0.168521	171.709834	0.005430	6.6
775	-0.873528	171.592198	0.008315	6.8
776	-0.016760	171.474776	0.000055	9.8
777	-0.000001	171.357568	0.000000	6.6
778	-1.094165	171.240574	0.005130	6.9
779	-0.410274	171.123793	0.004922	10.4
780	-0.000000	171.007223	0.000000	10.0
781	-0.000000	170.890865	0.000000	6.4
782	-0.000002	170.774718	0.000001	6.7
783	-0.000000	170.658782	0.000000	6.5
784	-0.000000	170.543055	0.000000	6.4
785	-0.322442	170.427537	0.003740	6.6
786	-0.315942	170.312227	0.002725	6.6
787	-0.276269	170.197125	0.003362	6.3
788	-0.447403	170.082231	0.009384	6.3
789	-0.568687	169.967543	0.004717	6.9
790	-0.000000	169.853061	0.000000	8.0
791	-0.610563	169.738784	0.006469	6.8
792	-0.774647	169.624713	0.007669	6.5
793	-0.274300	169.510845	0.004851	6.4
794	-0.001696	169.397181	0.000172	10.1
795	-1.254027	169.283720	0.004991	8.0
796	-0.000000	169.170462	0.000000	7.8
797	-0.000000	169.057405	0.000000	8.0
798	-0.644570	168.944549	0.008384	5.8
799	-0.970440	168.831895	0.004485	6.9
800	-0.921504	168.719440	0.004677	7.0
801	-0.000000	168.607185	0.000000	7.0
802	-0.349725	168.495129	0.002411	6.8
803	-0.000000	168.383271	0.000000	6.4
804	-0.969105	168.271611	0.010059	6.3
805	-0.131901	168.160148	0.001840	6.9
806	-0.695094	168.048882	0.004729	7.1
807	-0.169324	167.937812	0.002708	17.6
808	-0.143626	167.826938	0.005928	8.8
809	-0.988311	167.716258	0.002628	6.7
810	-0.000000	167.605773	0.000000	6.4
811	-0.252230	167.495482	0.002873	6.6
812	-0.140639	167.385384	0.006893	6.9
813	-0.105275	167.275479	0.001139	6.8
814	-0.131488	167.165766	0.004009	6.8
815	-0.253831	167.056245	0.005506	6.7
816	-0.155021	166.946915	0.003092	6.5
817	-0.000000	166.837776	0.000000	6.6
818	-0.194273	166.728826	0.005151	6.7
819	-0.000000	166.620067	0.000000	14.6
820	-0.957191	166.511496	0.004350	8.4
821	-0.179843	166.403113	0.003415	6.5
822	-0.000000	166.294919	0.000000	6.5
823	-0.202088	166.186912	0.002812	6.7
824	-0.558174	166.079091	0.005847	6.7
825	-0.000000	165.971458	0.000000	6.5
826	-0.925398	165.864009	0.008603	6.5
827	-0.268592	165.756747	0.006470	10.8
828	-0.000000	165.649669	0.000000	6.4
829	-0.197721	165.542775	0.004572	6.6
830	-1.021078	165.436065	0.004464	6.5
831	-0.083356	165.329538	0.001186	6.3
832	-0.000000	165.223194	0.000000	6.7
833	-0.000007	165.117032	0.000004	16.3
834	-0.695257	165.011052	0.004109	3.0
835	-0.000000	164.905253	0.000000	11.3
836	-0.299633	164.799635	0.002436	6.4
837	-0.000000	164.694197	0.000000	6.5
838	-0.190268	164.588939	0.003377	6.5
839	-0.351821	164.483859	0.001853	7.3
840	-0.530932	164.378959	0.005177	6.6
841	-0.000000	164.274237	0.000000	6.4
842	-0.000000	164.169692	0.000000	6.4
843	-0.000000	164.065325	0.000000	6.8
844	-0.000000	163.961135	0.000000	10.3
845	-0.518313	163.857120	0.004514	6.6
846	-1.108993	163.753282	0.007084	7.7
847	-0.089415	163.649619	0.001836	7.0
848	-0.056623	163.546130	0.000562	6.6
849	-0.333109	163.442816	0.003203	6.7
850	-0.001824	163.339676	0.000018	6.6
851	-0.882228	163.236709	0.006046	7.1
852	-0.727288	163.133915	0.009088	6.6
853	-0.982304	163.031294	0.005700	8.8
854	-0.901242	162.928844	0.004415	6.5
855	-0.344755	162.826566	0.002125	11.8
856	-0.000000	162.724459	0.000000	6.7
857	-0.573845	162.622523	0.007479	6.8
858	-0.898051	162.520757	0.003918	6.4
859	-0.491910	162.419160	0.005385	12.4
860	-0.825145	162.317733	0.009901	7.9
861	-0.493159	162.216474	0.002340	6.8
862	-0.252486	162.115383	0.003982	6.7
863	-0.610647	162.014461	0.007740	6.5
864	-0.016590	161.913705	0.000694	6.5
865	-0.366178	161.813117	0.003872	6.6
866	-0.000000	161.712695	0.000000	6.7
867	-0.924722	161.612439	0.006066	8.9
868	-0.842878	161.512349	0.006890	6.4
869	-0.000000	161.412424	0.000000	6.9
870	-0.069694	161.312663	0.002120	6.8
871	-0.000000	161.213067	0.000000	6.4
872	-1.169175	161.113635	0.005956	6.6
873	-0.018288	161.014366	0.000306	13.1
874	-0.000000	160.915260	0.000000	6.8
875	-0.932985	160.816316	0.008881	11.7
876	-0.000000	160.717535	0.000000	6.4
877	-0.000000	160.618915	0.000000	9.1
878	-0.584537	160.520456	0.003606	6.1
879	-1.188256	160.422158	0.009255	7.8
880	-0.052853	160.324021	0.003109	7.0
881	-0.000000	160.226043	0.000000	6.8
882	-0.159109	160.128225	0.002597	6.4
883	-0.000000	160.030566	0.000000	6.4
884	-0.059347	159.933066	0.001055	6.6
885	-0.287196	159.835723	0.005949	6.4
886	-0.000000	159.738539	0.000000	11.7
887	-0.074433	159.641512	0.001313	12.3
888	-1.029094	159.544642	0.006321	7.2
889	-0.883284	159.447929	0.009108	9.1
890	-0.000000	159.351372	0.000000	7.1
891	-0.000000	159.254971	0.000000	6.6
892	-0.935041	159.158725	0.007983	6.3
893	-0.071014	159.062634	0.005501	6.8
894	-0.000000	158.966697	0.000000	6.4
895	-1.076135	158.870915	0.003067	6.2
896	-0.796487	158.775286	0.005733	9.1
897	-0.000000	158.679811	0.000000	6.5
898	-0.577749	158.584489	0.005420	11.6
899	-0.062117	158.489319	0.000944	9.8
900	-0.000000	158.394302	0.000000	6.5
901	-0.134422	158.299436	0.000580	7.5
902	-0.055562	158.204721	0.001893	6.7
903	-0.039752	158.110158	0.000799	11.2
904	-0.609789	158.015745	0.006691	12.0
905	-1.113249	157.921482	0.004640	4.1
906	-0.167303	157.827369	0.004362	6.0
907	-1.089731	157.733406	0.006699	7.0
908	-1.124516	157.639591	0.005328	8.9
909	-0.000000	157.545925	0.000000	6.7
910	-0.112754	157.452408	0.000824	6.4
911	-0.052689	157.359038	0.001124	16.5
912	-0.404773	157.265816	0.003887	14.3
913	-0.320781	157.172741	0.004220	6.6
914	-0.793065	157.079813	0.007215	6.5
915	-0.001986	156.987031	0.000061	6.4
916	-0.010650	156.894395	0.001108	6.5
917	-0.034157	156.801904	0.001454	6.5
918	-0.201540	156.709559	0.002980	6.3
919	-0.000000	156.617359	0.000000	7.4
920	-0.892242	156.525304	0.007705	6.8
921	-0.453566	156.433392	0.004895	6.3
922	-0.112830	156.341624	0.000643	6.6
923	-0.312869	156.250000	0.003981	12.4
924	-0.000000	156.158519	0.000000	6.9
925	-0.038427	156.067180	0.001058	6.8
926	-0.886103	155.975984	0.004401	6.8
927	-0.982325	155.884930	0.007883	6.8
928	-0.670585	155.794017	0.006555	7.1
929	-0.000000	155.703246	0.000000	6.2
930	-0.000000	155.612615	0.000000	11.7
931	-0.177977	155.522125	0.000891	6.7
932	-0.000000	155.431775	0.000000	6.8
933	-0.000000	155.341565	0.000000	6.6
934	-0.151046	155.251495	0.002858	6.7
935	-0.099594	155.161563	0.003441	9.6
936	-0.000000	155.071771	0.000000	11.9
937	-0.683254	154.982117	0.005124	7.4
938	-0.236659	154.892601	0.002681	7.3
939	-0.000000	154.803222	0.000000	7.3
940	-0.000000	154.713981	0.000000	11.4
941	-0.736382	154.624878	0.003887	6.9
942	-0.556513	154.535910	0.004096	6.4
943	-0.224538	154.447080	0.005650	6.4
944	-0.528986	154.358385	0.003761	6.7
945	-0.000000	154.269826	0.000000	6.6
946	-0.000000	154.181402	0.000000	6.7
947	-0.299487	154.093114	0.001391	6.4
948	-0.000207	154.004960	0.000077	6.3
949	-0.683747	153.916940	0.003214	8.0
950	-1.000292	153.829054	0.007043	12.4
951	-0.806519	153.741303	0.010283	6.5
952	-0.120076	153.653684	0.001093	6.5
953	-0.000370	153.566198	0.000004	7.9
954	-0.000000	153.478846	0.000000	6.6
955	-0.269547	153.391625	0.003525	6.4
956	-0.729823	153.304537	0.010010	6.4
957	-0.220924	153.217580	0.005134	6.7
958	-1.132124	153.130755	0.008723	6.7
959	-0.615358	153.044061	0.006749	7.9
960	-0.208477	152.957498	0.001976	6.9
961	-0.304203	152.871065	0.003842	6.7
962	-0.108612	152.784762	0.004518	12.1
963	-0.000000	152.698589	0.000000	6.5
964	-0.507587	152.612545	0.005833	12.1
965	-0.353054	152.526631	0.002694	7.6
966	-0.000001	152.440845	0.000000	6.5
967	-0.685693	152.355188	0.007005	6.8
968	-0.996048	152.269660	0.012113	6.5
969	-0.517757	152.184259	0.002947	6.5
970	-0.453851	152.098986	0.005575	11.4
971	-0.462454	152.013840	0.002894	6.5
972	-0.000000	151.928821	0.000000	6.4
973	-0.163199	151.843928	0.001645	7.0
974	-0.153651	151.759163	0.002123	11.8
975	-0.268865	151.674523	0.001870	8.3
976	-0.764592	151.590009	0.008339	6.7
977	-0.873371	151.505620	0.006804	6.8
978	-0.028940	151.421357	0.001922	5.9
979	-0.534017	151.337218	0.002656	6.6
980	-1.080991	151.253204	0.002146	6.7
981	-0.447013	151.169314	0.006196	6.6
982	-0.191420	151.085549	0.002320	6.5
983	-0.098098	151.001907	0.000315	6.6
984	-0.000024	150.918388	0.000011	6.5
985	-0.231256	150.834992	0.001406	6.8
986	-0.214318	150.751719	0.003139	6.7
987	-0.462438	150.668569	0.004578	6.5
988	-0.000000	150.585541	0.000000	6.8
989	-0.608440	150.502634	0.006298	14.2
990	-0.000000	150.419849	0.000000	3.9
991	-0.000000	150.337186	0.000000	11.7
992	-0.365783	150.254644	0.006313	12.2
993	-0.117370	150.172222	0.003539	6.6
994	-0.826825	150.089921	0.005820	11.7
995	-0.175363	150.007740	0.004231	7.0
996	-0.732280	149.925679	0.002024	14.7
997	-0.000000	149.843737	0.000000	2.5
998	-0.031635	149.761915	0.000759	7.1
999	-0.737712	149.680212	0.004310	6.8
1000	-0.000000	149.598627	0.000000	11.9
1001	-0.971713	149.517161	0.011407	9.1
1002	-0.231884	149.435814	0.005111	7.0
1003	-0.000000	149.354584	0.000000	6.3
1004	-0.000000	149.273472	0.000000	6.5
1005	-0.530491	149.192477	0.007605	6.5
1006	-0.000000	149.111599	0.000000	6.2
1007	-0.612136	149.030838	0.006242	6.8
1008	-0.733993	148.950194	0.002319	6.6
1009	-0.336678	148.869666	0.003041	6.7
1010	-0.144128	148.789253	0.002298	6.9
1011	-0.217780	148.708957	0.001489	6.6
1012	-0.774876	148.628776	0.008690	7.8
1013	-0.000000	148.548710	0.000000	6.6
1014	-0.880975	148.468759	0.003890	11.7
1015	-0.001095	148.388923	0.000218	11.4
1016	-0.000028	148.309201	0.000013	12.0
1017	-0.000000	148.229594	0.000000	6.9
1018	-0.370392	148.150100	0.007599	6.2
1019	-0.000000	148.070719	0.000000	6.5
1020	-0.000000	147.991452	0.000000	6.5
1021	-0.189958	147.912298	0.003451	6.6
1022	-0.025320	147.833257	0.000437	6.5
1023	-0.000000	147.754329	0.000000	6.7
1024	-0.000000	147.675512	0.000000	6.7
1025	-0.188455	147.596808	0.001008	9.2
1026	-0.409119	147.518216	0.003096	16.0
1027	-0.009971	147.439735	0.000333	7.9
1028	-0.000000	147.361365	0.000000	10.3
1029	-0.215006	147.283106	0.006967	6.9
1030	-0.527612	147.204958	0.003430	10.6
1031	-0.559716	147.126920	0.005913	7.2
1032	-0.069369	147.048993	0.000224	7.1
1033	-0.000000	146.971175	0.000000	9.6
1034	-0.525693	146.893468	0.003298	6.7
1035	-0.087898	146.815869	0.003135	6.9
1036	-0.152901	146.738380	0.003050	7.0
1037	-0.406654	146.661000	0.006644	6.7
1038	-1.162341	146.583729	0.007363	12.6
1039	-0.000130	146.506566	0.000048	2.8
1040	-0.896596	146.429511	0.005205	8.0
1041	-0.000000	146.352565	0.000000	8.0
1042	-0.000000	146.275726	0.000000	6.3
1043	-0.000000	146.198994	0.000000	6.6
1044	-0.000000	146.122370	0.000000	6.1
1045	-0.008983	146.045853	0.000926	11.2
1046	-0.370360	145.969442	0.002575	6.9
1047	-1.127048	145.893139	0.005079	6.8
1048	-0.000000	145.816941	0.000000	7.4
1049	-0.774414	145.740849	0.004641	6.5
1050	-0.102400	145.664863	0.002975	12.2
1051	-0.000000	145.588983	0.000000	7.0
1052	-0.160909	145.513208	0.003310	6.6
1053	-0.000000	145.437538	0.000000	6.2
1054	-0.040558	145.361973	0.000603	6.8
1055	-0.098131	145.286513	0.000875	10.2
1056	-0.000000	145.211157	0.000000	11.3
1057	-0.940207	145.135905	0.008342	6.4
1058	-0.386617	145.060757	0.004086	12.3
1059	-0.723745	144.985712	0.003964	6.8
1060	-0.000000	144.910771	0.000000	6.2
1061	-0.198809	144.835934	0.001451	6.7
1062	-1.172416	144.761199	0.008667	11.8
1063	-0.952002	144.686567	0.006413	7.0
1064	-0.000000	144.612037	0.000000	12.9
1065	-0.599605	144.537610	0.006199	7.0
1066	-0.000000	144.463285	0.000000	7.3
1067	-0.785090	144.389062	0.004817	7.1
1068	-0.000000	144.314940	0.000000	6.6
1069	-0.118768	144.240920	0.004124	6.8
1070	-0.140241	144.167001	0.002977	6.7
1071	-0.000000	144.093182	0.000000	6.4
1072	-0.472075	144.019465	0.002651	9.1
1073	-0.612451	143.945848	0.003109	6.5
1074	-0.186989	143.872331	0.000513	7.0
1075	-1.019397	143.798914	0.008794	12.7
1076	-0.430273	143.725597	0.010158	9.5
1077	-0.497166	143.652380	0.004086	6.5
1078	-0.246723	143.579262	0.004613	6.5
1079	-0.775578	143.506243	0.007471	6.7
1080	-1.025205	143.433323	0.003340	8.7
1081	-0.592239	143.360502	0.011702	6.5
1082	-0.733552	143.287780	0.008143	6.8
1083	-0.742512	143.215155	0.003706	6.6
1084	-0.228379	143.142629	0.001573	6.8
1085	-0.386865	143.070201	0.002827	6.7
1086	-0.057171	142.997870	0.000825	7.2
1087	-0.016257	142.925637	0.001046	11.4
1088	-1.109718	142.853501	0.007399	11.0
1089	-0.000000	142.781462	0.000000	7.8
1090	-0.676148	142.709519	0.005485	6.9
1091	-0.806589	142.637674	0.010595	7.4
1092	-0.250344	142.565924	0.004676	7.5
1093	-0.217027	142.494271	0.002481	6.7
1094	-0.000000	142.422714	0.000000	6.4
1095	-1.027097	142.351252	0.009343	6.8
1096	-0.000000	142.279886	0.000000	10.0
1097	-0.098681	142.208616	0.000753	6.6
1098	-0.308418	142.137440	0.003738	6.7
1099	-0.000000	142.066360	0.000000	6.0
1100	-0.860572	141.995374	0.008795	7.5
1101	-0.000000	141.924483	0.000000	8.9
1102	-0.615826	141.853685	0.002392	7.5
1103	-0.637890	141.782983	0.006104	6.9
1104	-0.538887	141.712373	0.005936	6.9
1105	-1.172084	141.641858	0.003424	8.0
1106	-0.347901	141.571436	0.001683	6.6
1107	-0.018538	141.501108	0.000671	6.4
1108	-0.232424	141.430872	0.003922	6.9
1109	-0.000000	141.360730	0.000000	6.6
1110	-0.000000	141.290680	0.000000	6.8
1111	-0.251939	141.220722	0.005593	6.9
1112	-0.108554	141.150857	0.001944	6.4
1113	-0.235752	141.081084	0.005170	6.5
1114	-0.176243	141.011403	0.006221	6.6
1115	-0.000000	140.941813	0.000000	13.1
1116	-0.853453	140.872315	0.005318	7.0
1117	-0.000000	140.802909	0.000000	11.4
1118	-0.225000	140.733593	0.003390	11.0
1119	-0.394016	140.664369	0.003183	12.0
1120	-0.000000	140.595235	0.000000	7.9
1121	-0.814890	140.526192	0.011632	6.6
1122	-0.578245	140.457239	0.004538	7.1
1123	-0.131524	140.388376	0.003774	6.5
1124	-0.282515	140.319603	0.003827	6.5
1125	-0.950378	140.250920	0.006646	6.7
1126	-0.243117	140.182326	0.003928	6.8
1127	-0.000000	140.113822	0.000000	11.5
1128	-0.000000	140.045407	0.000000	10.9
1129	-0.173668	139.977081	0.003045	11.8
1130	-0.000000	139.908844	0.000000	6.4
1131	-0.310175	139.840696	0.002043	6.5
1132	-0.000000	139.772635	0.000000	6.5
1133	-0.236287	139.704664	0.004307	6.7
1134	-0.104230	139.636780	0.001498	6.7
1135	-0.286867	139.568984	0.004824	6.8
1136	-0.794086	139.501276	0.006750	11.6
1137	-0.878562	139.433655	0.007634	6.6
1138	-0.188553	139.366122	0.002426	6.7
1139	-0.150362	139.298676	0.002377	12.4
1140	-0.150604	139.231317	0.002807	6.6
1141	-0.039696	139.164045	0.001066	6.9
1142	-0.092704	139.096859	0.002978	10.2
1143	-0.137708	139.029760	0.000981	8.0
1144	-0.437150	138.962747	0.002195	6.7
1145	-0.464575	138.895820	0.007253	7.0
1146	-0.059881	138.828978	0.000782	6.8
1147	-0.017456	138.762223	0.000442	6.8
1148	-0.178407	138.695553	0.002409	8.6
1149	-0.769963	138.628969	0.004808	6.6
1150	-0.000000	138.562469	0.000000	7.3
1151	-0.383342	138.496055	0.004140	11.6
1152	-0.124359	138.429725	0.005121	6.8
1153	-0.569467	138.363481	0.002996	11.4
1154	-0.000000	138.297320	0.000000	7.0
1155	-0.162958	138.231244	0.001546	7.1
1156	-0.743334	138.165252	0.008552	9.8
1157	-0.000000	138.099344	0.000000	7.0
1158	-0.436195	138.033520	0.004212	7.0
1159	-0.475740	137.967779	0.003255	6.7
1160	-0.146289	137.902122	0.004601	6.8
1161	-0.116983	137.836548	0.000848	6.5
1162	-0.790496	137.771057	0.002749	6.5
1163	-0.158932	137.705649	0.002407	7.2
1164	-0.216041	137.640324	0.004982	14.3
1165	-0.515334	137.575081	0.001624	6.9
1166	-0.754040	137.509921	0.008855	6.8
1167	-0.044970	137.444842	0.001210	6.6
1168	-0.976029	137.379846	0.008110	7.6
1169	-0.284078	137.314932	0.002483	11.6
1170	-0.000000	137.250100	0.000000	6.7
1171	-0.000000	137.185349	0.000000	6.3
1172	-0.030453	137.120680	0.000924	6.4
1173	-0.000000	137.056092	0.000000	6.5
1174	-0.001383	136.991585	0.000019	6.7
1175	-0.946606	136.927158	0.015941	6.4
1176	-0.982933	136.862813	0.007672	6.6
1177	-0.000000	136.798548	0.000000	7.1
1178	-0.109710	136.734363	0.003047	8.8
1179	-0.071828	136.670259	0.000764	7.1
1180	-0.000000	136.606235	0.000000	6.9
1181	-0.851443	136.542291	0.010154	6.8
1182	-0.182415	136.478426	0.002105	6.9
1183	-0.366812	136.414641	0.004865	6.6
1184	-0.076155	136.350936	0.001651	6.8
1185	-0.940969	136.287310	0.011427	6.8
1186	-0.749550	136.223763	0.006261	6.7
1187	-0.000000	136.160295	0.000000	6.6
1188	-0.299926	136.096905	0.004854	6.8
1189	-0.655930	136.033594	0.004117	6.6
1190	-0.000000	135.970362	0.000000	6.3
1191	-0.763488	135.907208	0.005454	6.7
1192	-0.757638	135.844133	0.009176	7.4
1193	-0.179686	135.781135	0.003172	11.9
1194	-0.015827	135.718215	0.000109	10.1
1195	-0.000000	135.655373	0.000000	6.1
1196	-0.228246	135.592608	0.003209	7.1
1197	-0.326640	135.529921	0.004625	7.0
1198	-0.034054	135.467311	0.001278	11.8
1199	-0.242886	135.404778	0.004328	6.0
1200	-0.000000	135.342322	0.000000	4.8
1201	-0.000003	135.279942	0.000002	6.2
1202	-0.098244	135.217640	0.000960	6.7
1203	-0.946061	135.155413	0.013242	6.7
1204	-0.000000	135.093263	0.000000	16.8
1205	-0.000000	135.031190	0.000000	2.4
1206	-1.136194	134.969192	0.005186	6.1
1207	-0.000000	134.907270	0.000000	6.8
1208	-0.558077	134.845424	0.004168	6.8
1209	-0.168419	134.783653	0.001134	6.4
1210	-0.866447	134.721958	0.007795	6.7
1211	-0.000114	134.660338	0.000046	11.5
1212	-0.000000	134.598793	0.000000	6.5
1213	-0.000000	134.537323	0.000000	6.7
1214	-0.000000	134.475927	0.000000	6.6
1215	-0.099395	134.414607	0.001365	6.4
1216	-0.823265	134.353361	0.002253	6.8
1217	-0.167819	134.292189	0.006455	6.6
1218	-0.541240	134.231092	0.006530	13.0
1219	-0.003338	134.170068	0.000144	6.6
1220	-0.003833	134.109119	0.000177	9.3
1221	-0.000001	134.048243	0.000001	11.7
1222	-0.222826	133.987441	0.005805	6.8
1223	-0.000000	133.926713	0.000000	6.5
1224	-0.080071	133.866057	0.002611	7.0
1225	-0.000000	133.805475	0.000000	9.0
1226	-0.376584	133.744966	0.002901	10.7
1227	-0.000000	133.684530	0.000000	6.6
1228	-0.657790	133.624167	0.007291	6.7
1229	-0.131785	133.563877	0.002693	8.8
1230	-0.479752	133.503658	0.004891	9.5
1231	-0.000000	133.443513	0.000000	8.0
1232	-0.537001	133.383439	0.005551	7.0
1233	-0.000000	133.323437	0.000000	7.3
1234	-0.032979	133.263508	0.000778	9.6
1235	-0.422388	133.203650	0.003925	6.5
1236	-1.057110	133.143864	0.008088	6.7
1237	-0.271169	133.084149	0.007703	6.9
1238	-0.000000	133.024506	0.000000	6.3
1239	-0.000000	132.964934	0.000000	6.7
1240	-0.126069	132.905433	0.002124	6.6
1241	-0.251795	132.846003	0.002204	6.7
1242	-0.000000	132.786643	0.000000	6.4
1243	-0.821937	132.727355	0.004671	14.2
1244	-0.174154	132.668137	0.004458	4.3
1245	-0.532285	132.608989	0.009854	6.8
1246	-0.437171	132.549912	0.002886	11.7
1247	-0.582628	132.490904	0.007492	7.4
1248	-0.660392	132.431967	0.001704	9.3
1249	-0.349378	132.373100	0.006717	9.0
1250	-0.007767	132.314302	0.000264	6.7
1251	-0.256603	132.255574	0.002044	6.7
1252	-0.107133	132.196916	0.001833	7.4
1253	-0.770049	132.138326	0.007768	6.7
1254	-0.479048	132.079806	0.007420	6.6
1255	-0.419584	132.021355	0.004234	9.3
1256	-0.507729	131.962973	0.010215	6.8
1257	-0.944930	131.904660	0.005056	6.9
1258	-0.667511	131.846415	0.008959	10.4
1259	-1.049477	131.788239	0.005605	6.6
1260	-0.000000	131.730131	0.000000	6.7
1261	-0.284621	131.672092	0.002593	6.8
1262	-0.000932	131.614121	0.000181	6.6
1263	-0.557331	131.556217	0.010097	7.2
1264	-0.000000	131.498382	0.000000	6.3
1265	-0.655235	131.440614	0.003610	6.8
1266	-0.232706	131.382914	0.006921	8.6
1267	-0.632826	131.325282	0.001814	6.7
1268	-0.060969	131.267717	0.000289	11.6
1269	-0.276732	131.210219	0.006664	7.3
1270	-0.652758	131.152788	0.007551	6.5
1271	-0.000000	131.095424	0.000000	6.9
1272	-0.593725	131.038127	0.004311	7.2
1273	-0.301841	130.980897	0.002431	13.7
1274	-0.179108	130.923733	0.003790	7.0
1275	-0.000000	130.866636	0.000000	6.6
1276	-0.304701	130.809605	0.003142	6.7
1277	-0.191060	130.752641	0.002618	7.5
1278	-0.000000	130.695742	0.000000	7.9
1279	-0.034998	130.638910	0.001145	6.8
1280	-0.058109	130.582143	0.002017	7.1
1281	-0.026285	130.525442	0.000551	10.0
1282	-1.144502	130.468807	0.010449	6.7
1283	-0.084127	130.412237	0.005204	9.2
1284	-0.166129	130.355733	0.001179	6.7
1285	-0.000000	130.299294	0.000000	6.7
1286	-0.346895	130.242920	0.003581	6.8
1287	-0.965089	130.186611	0.004080	12.9
1288	-0.244685	130.130366	0.003354	2.8
1289	-0.000000	130.074187	0.000000	6.4
1290	-0.932844	130.018072	0.010053	7.4
1291	-0.003426	129.962022	0.000168	10.0
1292	-0.178486	129.906036	0.004223	11.7
1293	-0.493250	129.850114	0.004828	6.6
1294	-0.231705	129.794257	0.003802	18.6
1295	-0.125375	129.738463	0.003065	2.5
1296	-0.151209	129.682734	0.005595	7.0
1297	-0.361968	129.627068	0.006028	7.1
1298	-0.160129	129.571466	0.003127	10.1
1299	-0.259334	129.515927	0.003131	7.5
1300	-0.718728	129.460452	0.007495	7.0
1301	-0.910754	129.405040	0.006578	6.3
1302	-0.645153	129.349692	0.011691	7.6
1303	-0.811057	129.294406	0.003440	6.5
1304	-0.948629	129.239183	0.003585	6.8
1305	-0.000000	129.184024	0.000000	6.3
1306	-0.009478	129.128927	0.000376	6.5
1307	-0.000000	129.073892	0.000000	12.5
1308	-0.116868	129.018921	0.001136	9.3
1309	-0.274571	128.964011	0.006389	7.3
1310	-0.000000	128.909164	0.000000	6.7
1311	-0.488903	128.854379	0.003871	6.7
1312	-0.991999	128.799656	0.006611	6.6
1313	-1.186311	128.744995	0.006981	6.1
1314	-0.679283	128.690396	0.008749	6.2
1315	-0.000000	128.635858	0.000000	6.9
1316	-0.262000	128.581382	0.002545	8.2
1317	-0.620465	128.526968	0.003618	6.4
1318	-0.109996	128.472615	0.002010	7.3
1319	-0.691863	128.418323	0.006717	6.7
1320	-0.008180	128.364092	0.001042	11.4
1321	-0.050189	128.309922	0.001325	6.7
1322	-0.447880	128.255814	0.004990	10.9
1323	-0.923130	128.201766	0.008815	9.9
1324	-0.997379	128.147778	0.005990	12.1
1325	-0.653378	128.093852	0.007146	7.4
1326	-0.578554	128.039985	0.002645	6.5
1327	-0.135721	127.986180	0.005168	9.4
1328	-0.993382	127.932434	0.015464	8.0
1329	-1.142850	127.878749	0.005241	6.8
1330	-0.704976	127.825123	0.005065	7.0
1331	-0.122757	127.771558	0.003654	6.6
1332	-0.000000	127.718052	0.000000	11.6
1333	-0.150732	127.664606	0.002601	6.9
1334	-0.101571	127.611220	0.002678	8.7
1335	-0.200763	127.557893	0.003799	6.7
1336	-0.998308	127.504625	0.005993	6.8
1337	-0.203944	127.451417	0.002083	6.7
1338	-0.000000	127.398268	0.000000	6.7
1339	-0.001520	127.345178	0.000045	6.5
1340	-0.000000	127.292147	0.000000	6.5
1341	-0.164686	127.239175	0.004195	6.4
1342	-0.921939	127.186261	0.006162	7.0
1343	-0.000000	127.133407	0.000000	11.6
1344	-1.213596	127.080610	0.004674	6.8
1345	-0.482882	127.027872	0.004521	7.8
1346	-0.029928	126.975193	0.000120	7.5
1347	-0.436210	126.922572	0.007210	6.7
1348	-0.000000	126.870008	0.000000	6.5
1349	-1.072974	126.817503	0.004288	6.3
1350	-0.193477	126.765056	0.001943	12.0
1351	-1.198792	126.712667	0.003122	7.1
1352	-0.335054	126.660335	0.003012	6.5
1353	-0.000000	126.608061	0.000000	6.5
1354	-0.000000	126.555844	0.000000	6.5
1355	-0.000000	126.503685	0.000000	6.3
1356	-0.887000	126.451583	0.004725	6.7
1357	-0.000000	126.399538	0.000000	6.6
1358	-1.133781	126.347550	0.008593	6.7
1359	-1.093951	126.295619	0.003464	11.5
1360	-0.947993	126.243745	0.008208	7.9
1361	-0.303011	126.191928	0.004957	9.0
1362	-0.000000	126.140168	0.000000	6.2
1363	-0.000000	126.088464	0.000000	12.0
1364	-0.322169	126.036817	0.002094	7.0
1365	-0.238852	125.985226	0.001443	11.8
1366	-0.442867	125.933691	0.007571	7.1
1367	-0.000000	125.882212	0.000000	6.7
1368	-0.000000	125.830790	0.000000	7.8
1369	-0.094910	125.779423	0.001058	6.6
1370	-0.000000	125.728113	0.000000	9.3
1371	-0.000000	125.676858	0.000000	11.6
1372	-0.000000	125.625659	0.000000	6.6
1373	-0.000000	125.574515	0.000000	6.5
1374	-0.392611	125.523427	0.002422	6.7
1375	-0.162568	125.472394	0.001338	12.4
1376	-0.034009	125.421417	0.000069	6.5
1377	-0.466355	125.370495	0.007874	6.6
1378	-0.339602	125.319628	0.006787	11.5
1379	-0.000000	125.268815	0.000000	5.9
1380	-0.409506	125.218058	0.002905	7.0
1381	-1.007439	125.167356	0.007027	6.9
1382	-0.131511	125.116708	0.003425	11.3
1383	-0.154436	125.066115	0.004980	8.5
1384	-0.800209	125.015576	0.008476	6.9
1385	-0.236878	124.965092	0.001505	6.5
1386	-0.163030	124.914662	0.002465	6.5
1387	-0.399735	124.864287	0.012693	6.3
1388	-0.000000	124.813965	0.000000	6.6
1389	-0.502492	124.763698	0.013672	6.4
1390	-1.131355	124.713485	0.004417	6.2
1391	-0.473698	124.663325	0.004736	6.9
1392	-0.830530	124.613219	0.007577	6.5
1393	-0.144928	124.563167	0.003697	6.3
1394	-0.000000	124.513168	0.000000	6.6
1395	-1.112476	124.463223	0.006848	6.6
1396	-0.032816	124.413332	0.000737	11.4
1397	-0.000000	124.363493	0.000000	9.0
1398	-0.777951	124.313708	0.006982	6.8
1399	-0.127219	124.263976	0.003660	6.6
1400	-0.098620	124.214297	0.002893	6.6
1401	-0.000000	124.164671	0.000000	6.7
1402	-0.982059	124.115097	0.007023	12.3
1403	-0.000000	124.065577	0.000000	8.7
1404	-0.000000	124.016109	0.000000	6.2
1405	-0.466103	123.966693	0.002213	6.5
1406	-0.479226	123.917330	0.006999	7.1
1407	-0.869828	123.868020	0.006344	6.4
1408	-0.000000	123.818762	0.000000	6.5
1409	-0.004900	123.769556	0.000489	6.3
1410	-0.057059	123.720402	0.001190	12.3
1411	-0.371318	123.671300	0.001471	6.6
1412	-0.268162	123.622250	0.003349	6.6
1413	-0.837673	123.573252	0.012347	6.5
1414	-0.388167	123.524305	0.001722	6.6
1415	-0.700697	123.475411	0.003934	10.0
1416	-1.079232	123.426568	0.007471	6.9
1417	-0.000000	123.377776	0.000000	7.0
1418	-0.874624	123.329036	0.009146	6.3
1419	-0.119123	123.280347	0.002962	6.5
1420	-0.062171	123.231709	0.001697	7.0
1421	-0.446535	123.183122	0.003594	6.5
1422	-0.648167	123.134587	0.004548	7.0
1423	-0.108064	123.086102	0.002515	12.0
1424	-0.001739	123.037669	0.000172	8.3
1425	-0.437604	122.989286	0.003709	6.4
1426	-0.880143	122.940954	0.004860	6.5
1427	-0.938831	122.892672	0.012688	6.2
1428	-0.000000	122.844441	0.000000	8.5
1429	-0.216438	122.796261	0.002302	7.2
1430	-0.530850	122.748130	0.004850	7.7
1431	-0.646269	122.700050	0.008577	8.6
1432	-0.484684	122.652021	0.002532	6.8
1433	-0.853461	122.604041	0.010717	6.6
1434	-0.016326	122.556111	0.000378	6.6
1435	-0.676640	122.508232	0.005132	6.3
1436	-0.000000	122.460402	0.000000	5.9
1437	-0.300180	122.412622	0.008475	7.0
1438	-0.140018	122.364891	0.003124	8.8
1439	-0.125801	122.317210	0.002630	6.8
1440	-0.198419	122.269579	0.004690	7.7
1441	-0.547751	122.221997	0.004968	9.0
1442	-0.431121	122.174465	0.004542	6.7
1443	-0.000000	122.126981	0.000000	6.3
1444	-0.157029	122.079547	0.000964	6.7
1445	-0.000000	122.032162	0.000000	6.7
1446	-1.014223	121.984826	0.007741	6.6
1447	-0.528573	121.937539	0.008304	7.8
1448	-0.087222	121.890301	0.001157	6.5
1449	-0.000001	121.843112	0.000001	6.6
1450	-0.000000	121.795971	0.000000	11.6
1451	-0.945287	121.748879	0.003251	10.0
1452	-0.000000	121.701835	0.000000	12.2
1453	-0.000000	121.654840	0.000000	6.1
1454	-0.861052	121.607893	0.002815	7.7
1455	-0.823407	121.560994	0.008279	8.0
1456	-0.000000	121.514144	0.000000	11.9
1457	-0.066672	121.467342	0.000794	3.9
1458	-0.000000	121.420588	0.000000	6.2
1459	-0.000000	121.373882	0.000000	6.3
1460	-0.009010	121.327223	0.000419	6.5
1461	-0.215905	121.280613	0.001971	6.9
1462	-0.409652	121.234050	0.007759	11.8
1463	-0.564571	121.187535	0.005122	6.6
1464	-0.067731	121.141067	0.000611	6.7
1465	-0.268013	121.094647	0.001493	6.9
1466	-0.000000	121.048274	0.000000	6.3
1467	-0.000000	121.001949	0.000000	6.5
1468	-0.681249	120.955671	0.001412	7.0
1469	-0.301431	120.909440	0.003358	6.8
1470	-0.000000	120.863256	0.000000	6.2
1471	-0.376184	120.817119	0.004676	6.8
1472	-0.465598	120.771029	0.012394	6.8
1473	-0.577952	120.724986	0.009922	7.6
1474	-0.605387	120.678990	0.003197	12.0
1475	-0.000000	120.633040	0.000000	11.7
1476	-1.111012	120.587137	0.002117	8.1
1477	-0.712524	120.541281	0.008731	14.0
1478	-0.195585	120.495471	0.003365	4.4
1479	-0.029229	120.449707	0.000272	6.4
1480	-0.562082	120.403990	0.002119	6.6
1481	-0.000784	120.358319	0.000138	12.3
1482	-0.907923	120.312694	0.011257	6.7
1483	-0.709048	120.267115	0.003791	9.2
1484	-0.334935	120.221582	0.006916	6.3
1485	-0.047500	120.176096	0.001070	7.1
1486	-0.000000	120.130655	0.000000	6.4
1487	-0.000000	120.085260	0.000000	11.4
1488	-0.588410	120.039910	0.003151	11.8
1489	-0.669419	119.994606	0.004229	6.7
1490	-0.968724	119.949348	0.001951	6.6
1491	-0.247433	119.904135	0.001933	6.5
1492	-0.152411	119.858968	0.002100	6.6
1493	-0.050913	119.813846	0.000186	10.2
1494	-0.000000	119.768769	0.000000	11.1
1495	-0.000000	119.723738	0.000000	6.8
1496	-0.061412	119.678752	0.000736	6.5
1497	-0.000000	119.633810	0.000000	6.5
1498	-0.505878	119.588914	0.005148	6.6
1499	-0.152729	119.544062	0.002416	11.5
1500	-0.279439	119.499256	0.007220	7.0
1501	-0.163361	119.454494	0.002288	6.8
1502	-0.381699	119.409777	0.003447	8.7
1503	-0.000000	119.365104	0.000000	8.0
1504	-0.823067	119.320476	0.001994	8.9
1505	-0.399281	119.275893	0.007238	16.4
1506	-0.777995	119.231353	0.008915	2.1
1507	-0.888583	119.186859	0.009127	8.4
1508	-0.000000	119.142408	0.000000	8.0
1509	-0.290238	119.098002	0.003996	6.7
1510	-0.861004	119.053639	0.007252	6.9
1511	-0.736705	119.009321	0.008817	8.5
1512	-0.216391	118.965047	0.006096	9.7
1513	-0.203163	118.920816	0.003677	7.3
1514	-0.000000	118.876630	0.000000	7.6
1515	-0.894531	118.832487	0.008102	6.5
1516	-0.000000	118.788388	0.000000	6.5
1517	-0.586115	118.744332	0.005701	6.8
1518	-0.000000	118.700320	0.000000	6.7
1519	-0.044972	118.656352	0.001470	11.7
1520	-1.046407	118.612427	0.003434	6.4
1521	-0.000341	118.568545	0.000058	6.5
1522	-0.049008	118.524706	0.001005	6.7
1523	-0.399168	118.480911	0.007552	10.8
1524	-0.869901	118.437159	0.007018	11.9
1525	-1.103413	118.393450	0.009014	12.1
1526	-0.054884	118.349784	0.000697	7.8
1527	-0.000000	118.306160	0.000000	6.5
1528	-0.689309	118.262580	0.007231	7.0
1529	-0.446231	118.219042	0.006640	6.6
1530	-0.767593	118.175548	0.005809	6.9
1531	-0.000012	118.132095	0.000006	12.5
1532	-0.853416	118.088686	0.006003	6.8
1533	-0.973215	118.045319	0.005603	6.5
1534	-0.687946	118.001994	0.004473	6.5
1535	-0.239443	117.958712	0.002744	6.7
1536	-0.000000	117.915472	0.000000	8.1
1537	-0.212508	117.872274	0.003310	6.8
1538	-1.202131	117.829118	0.003771	6.6
1539	-0.000000	117.786005	0.000000	6.4
1540	-0.000000	117.742933	0.000000	8.5
1541	-0.623631	117.699904	0.003242	6.6
1542	-0.000000	117.656916	0.000000	9.8
1543	-0.136506	117.613971	0.001001	8.0
1544	-0.181850	117.571067	0.001230	6.3
1545	-0.000000	117.528205	0.000000	6.4
1546	-0.310253	117.485384	0.001815	6.4
1547	-0.000000	117.442605	0.000000	6.6
1548	-0.436872	117.399867	0.009132	7.1
1549	-0.000000	117.357171	0.000000	11.0
1550	-0.024279	117.314517	0.000730	8.5
1551	-0.000000	117.271903	0.000000	7.2
1552	-0.000000	117.229331	0.000000	6.2
1553	-0.980901	117.186800	0.005047	6.8
1554	-0.000000	117.144311	0.000000	6.8
1555	-0.207089	117.101862	0.001945	12.0
1556	-0.658016	117.059454	0.007903	11.8
1557	-0.144264	117.017087	0.007762	10.9
1558	-0.158692	116.974762	0.001557	6.6
1559	-0.045258	116.932476	0.001494	6.3
1560	-0.000000	116.890232	0.000000	7.9
1561	-0.442252	116.848028	0.005782	11.1
1562	-0.312090	116.805865	0.001599	7.3
1563	-0.302409	116.763743	0.004223	8.0
1564	-0.558637	116.721661	0.003862	6.6
1565	-0.264693	116.679619	0.008828	6.6
1566	-0.000000	116.637618	0.000000	6.5
1567	-0.320145	116.595657	0.004474	6.7
1568	-0.000000	116.553736	0.000000	6.5
1569	-0.114980	116.511855	0.000978	6.7
1570	-0.000000	116.470015	0.000000	6.5
1571	-0.332792	116.428214	0.005654	9.4
1572	-1.165670	116.386454	0.005476	6.7
1573	-0.184952	116.344733	0.002091	6.7
1574	-0.000000	116.303052	0.000000	6.0
1575	-0.329347	116.261412	0.006346	11.2
1576	-0.206983	116.219810	0.001175	8.7
1577	-0.183251	116.178249	0.005325	8.0
1578	-0.961589	116.136727	0.005942	10.3
1579	-0.000000	116.095245	0.000000	9.0
1580	-0.505723	116.053802	0.010599	12.4
1581	-0.054281	116.012398	0.000671	6.8
1582	-0.280121	115.971034	0.007958	6.7
1583	-0.415686	115.929710	0.005084	6.6
1584	-0.580035	115.888424	0.004414	8.3
1585	-0.053664	115.847178	0.001444	8.0
1586	-0.558848	115.805970	0.003337	8.2
1587	-1.014783	115.764802	0.003405	7.6
1588	-0.230308	115.723673	0.004894	7.1
1589	-0.959278	115.682583	0.002775	6.5
1590	-0.000000	115.641532	0.000000	6.5
1591	-0.072929	115.600519	0.000738	6.6
1592	-1.004513	115.559546	0.006626	6.6
1593	-1.087704	115.518610	0.008724	6.6
1594	-0.000000	115.477714	0.000000	6.5
1595	-0.998888	115.436856	0.002035	12.4
1596	-0.072064	115.396037	0.001246	6.6
1597	-0.939534	115.355256	0.007847	6.5
1598	-0.541854	115.314514	0.007036	6.6
1599	-0.000000	115.273810	0.000000	6.3
1600	-0.227420	115.233144	0.005847	11.7
1601	-0.269908	115.192517	0.001545	8.0
1602	-0.000000	115.151927	0.000000	6.5
1603	-0.000000	115.111376	0.000000	6.5
1604	-0.394697	115.070863	0.006370	6.9
1605	-0.470793	115.030388	0.007692	6.4
1606	-0.208206	114.989951	0.003339	7.0
1607	-0.000000	114.949551	0.000000	12.5
1608	-0.453978	114.909190	0.002813	6.9
1609	-0.148105	114.868866	0.003933	6.7
1610	-0.981911	114.828580	0.007563	6.8
1611	-0.008578	114.788332	0.000112	6.5
1612	-0.144824	114.748121	0.002739	6.7
1613	-0.217099	114.707948	0.002464	10.6
1614	-0.870311	114.667812	0.002588	7.7
1615	-0.000000	114.627714	0.000000	6.7
1616	-0.928959	114.587653	0.008075	6.6
1617	-0.623680	114.547629	0.005863	6.7
1618	-0.386420	114.507643	0.004517	7.1
1619	-0.000000	114.467693	0.000000	6.3
1620	-0.577446	114.427781	0.009014	6.7
1621	-0.788724	114.387907	0.008097	6.6
1622	-1.000634	114.348069	0.001934	8.4
1623	-1.056306	114.308268	0.003176	6.7
1624	-0.000000	114.268504	0.000000	6.6
1625	-0.754531	114.228777	0.011568	6.7
1626	-0.000000	114.189086	0.000000	6.8
1627	-0.000000	114.149433	0.000000	9.9
1628	-0.449265	114.109816	0.007802	7.8
1629	-0.010008	114.070235	0.001045	6.6
1630	-0.855094	114.030692	0.002366	6.8
1631	-0.093700	113.991185	0.002855	7.1
1632	-0.327058	113.951714	0.002541	6.7
1633	-0.334354	113.912280	0.004104	6.7
1634	-0.257142	113.872882	0.001537	6.8
1635	-0.000000	113.833521	0.000000	11.2
1636	-0.833134	113.794195	0.003142	7.0
1637	-0.895211	113.754906	0.007467	6.9
1638	-0.364428	113.715653	0.002865	6.7
1639	-0.755459	113.676437	0.002969	7.1
1640	-0.139616	113.637256	0.002886	13.0
1641	-0.593057	113.598111	0.005498	11.7
1642	-0.397892	113.559002	0.002133	6.5
1643	-0.664188	113.519929	0.002982	7.0
1644	-0.000000	113.480892	0.000000	9.5
1645	-1.144396	113.441891	0.008891	6.4
1646	-0.027909	113.402925	0.000570	6.7
1647	-0.081246	113.363995	0.000736	6.8
1648	-0.736365	113.325101	0.005295	6.4
1649	-1.047912	113.286242	0.005576	10.5
1650	-0.105318	113.247419	0.003518	7.0
1651	-0.000000	113.208631	0.000000	7.8
1652	-0.677570	113.169879	0.004810	12.6
1653	-0.152701	113.131162	0.004183	6.8
1654	-0.784672	113.092480	0.007919	6.6
1655	-0.523826	113.053833	0.002698	7.0
1656	-0.869694	113.015222	0.004939	6.7
1657	-0.000000	112.976646	0.000000	6.4
1658	-0.209685	112.938105	0.002313	6.8
1659	-0.000000	112.899599	0.000000	6.7
1660	-0.432927	112.861128	0.004055	16.1
1661	-0.643881	112.822692	0.004135	7.0
1662	-0.000000	112.784291	0.000000	6.7
1663	-0.951618	112.745924	0.005817	10.2
1664	-0.000000	112.707593	0.000000	12.7
1665	-0.529990	112.669296	0.006974	6.8
1666	-0.144782	112.631034	0.001495	6.6
1667	-0.972557	112.592806	0.012356	6.6
1668	-0.182863	112.554613	0.002344	6.6
1669	-0.171286	112.516455	0.001948	6.8
1670	-0.515066	112.478331	0.007321	13.6
1671	-0.271018	112.440241	0.002012	6.7
1672	-0.639298	112.402186	0.008335	6.6
1673	-0.453934	112.364165	0.004261	7.7
1674	-0.935905	112.326179	0.003115	10.7
1675	-0.657476	112.288227	0.004663	7.0
1676	-0.266311	112.250309	0.003612	8.9
1677	-0.000000	112.212425	0.000000	11.5
1678	-0.116743	112.174575	0.002452	6.6
1679	-0.000000	112.136759	0.000000	9.9
1680	-0.470352	112.098977	0.006049	6.4
1681	-0.300186	112.061229	0.003605	7.0
1682	-0.000000	112.023515	0.000000	6.1
1683	-0.617363	111.985834	0.001186	6.7
1684	-0.298408	111.948188	0.007148	9.5
1685	-0.688078	111.910575	0.003925	11.9
1686	-0.853479	111.872996	0.010424	6.4
1687	-1.055880	111.835450	0.008220	6.9
1688	-0.057097	111.797939	0.001136	6.6
1689	-0.046065	111.760460	0.001825	11.5
1690	-0.000000	111.723015	0.000000	7.0
1691	-0.698596	111.685604	0.004125	6.8
1692	-0.000000	111.648226	0.000000	6.7
1693	-0.095148	111.610881	0.002021	6.6
1694	-0.296097	111.573570	0.005433	6.5
1695	-0.134383	111.536292	0.002983	10.2
1696	-0.000000	111.499047	0.000000	1.7
1697	-0.378812	111.461835	0.010652	9.4
1698	-0.186862	111.424656	0.004330	6.6
1699	-0.000000	111.387510	0.000000	6.1
1700	-0.799168	111.350398	0.002214	10.8
1701	-0.128281	111.313318	0.001551	13.7
1702	-0.000000	111.276271	0.000000	7.2
1703	-0.827157	111.239257	0.004901	7.2
1704	-0.368064	111.202276	0.003015	6.6
1705	-0.200701	111.165328	0.004600	6.4
1706	-0.000070	111.128412	0.000028	6.1
1707	-0.468505	111.091529	0.005052	9.6
1708	-0.000000	111.054679	0.000000	7.0
1709	-0.678251	111.017861	0.004017	6.7
1710	-0.539313	110.981076	0.006576	8.7
1711	-0.902701	110.944323	0.009778	7.2
1712	-0.000000	110.907603	0.000000	7.1
1713	-0.000000	110.870915	0.000000	7.3
1714	-0.137483	110.834259	0.001700	12.0
1715	-0.520729	110.797636	0.009826	6.8
1716	-0.261106	110.761045	0.004288	6.5
1717	-0.018711	110.724486	0.000585	6.6
1718	-0.590262	110.687959	0.004484	6.8
1719	-0.267258	110.651465	0.003655	6.7
1720	-0.000000	110.615002	0.000000	7.7
1721	-0.908167	110.578572	0.007689	7.8
1722	-0.000001	110.542173	0.000000	8.5
1723	-0.348980	110.505807	0.004658	6.7
1724	-0.782595	110.469472	0.011323	9.3
1725	-0.994864	110.433169	0.004650	7.9
1726	-0.535934	110.396898	0.005138	6.5
1727	-0.519313	110.360659	0.007894	9.7
1728	-0.262523	110.324451	0.002886	13.4
1729	-0.719728	110.288276	0.004469	6.7
1730	-0.293396	110.252131	0.002497	6.4
1731	-0.419397	110.216019	0.002765	6.2
1732	-0.492790	110.179937	0.005229	6.2
1733	-0.208447	110.143888	0.002518	6.6
1734	-0.270626	110.107869	0.003750	6.8
1735	-0.098307	110.071882	0.000747	12.0
1736	-0.000000	110.035927	0.000000	6.6
1737	-0.467815	110.000003	0.007935	6.9
1738	-0.000000	109.964110	0.000000	6.7
1739	-0.000000	109.928248	0.000000	6.4
1740	-0.000000	109.892417	0.000000	14.2
1741	-0.029932	109.856618	0.000982	6.9
1742	-0.189971	109.820850	0.000667	6.8
1743	-0.771118	109.785112	0.003051	6.9
1744	-0.000000	109.749406	0.000000	6.7
1745	-0.000000	109.713730	0.000000	6.6
1746	-0.353075	109.678086	0.003255	6.3
1747	-0.000000	109.642472	0.000000	6.5
1748	-0.547422	109.606890	0.003051	7.0
1749	-0.010503	109.571337	0.000312	11.2
1750	-0.768709	109.535816	0.005372	7.0
1751	-0.054901	109.500326	0.000802	6.6
1752	-0.000000	109.464866	0.000000	6.4
1753	-0.467377	109.429436	0.004160	8.4
1754	-0.702409	109.394038	0.006973	8.0
1755	-0.900109	109.358669	0.003404	10.2
1756	-0.000000	109.323331	0.000000	9.7
1757	-0.325100	109.288024	0.005949	6.5
1758	-0.000000	109.252747	0.000000	6.8
1759	-0.489940	109.217501	0.007958	6.8
1760	-0.344002	109.182284	0.001801	6.6
1761	-0.410831	109.147098	0.005058	12.3
1762	-0.197187	109.111942	0.001369	7.3
1763	-0.339616	109.076817	0.005505	9.3
1764	-0.309281	109.041721	0.003418	7.1
1765	-0.005683	109.006656	0.000035	7.8
1766	-0.195411	108.971620	0.003056	10.2
1767	-0.706700	108.936615	0.005314	7.0
1768	-0.216820	108.901640	0.001414	6.9
1769	-0.000000	108.866694	0.000000	8.7
1770	-0.000000	108.831779	0.000000	6.5
1771	-0.948289	108.796893	0.006369	6.7
1772	-0.711931	108.762037	0.004479	6.7
1773	-0.137448	108.727211	0.005673	6.6
1774	-0.000000	108.692415	0.000000	6.4
1775	-0.000000	108.657648	0.000000	6.2
1776	-0.001105	108.622911	0.000169	6.8
1777	-0.132264	108.588203	0.002651	6.9
1778	-0.186655	108.553525	0.004771	6.7
1779	-0.283578	108.518877	0.006304	9.7
1780	-0.000000	108.484258	0.000000	6.4
1781	-0.000000	108.449668	0.000000	9.2
1782	-1.177620	108.415108	0.005842	8.6
1783	-0.640512	108.380578	0.007368	7.5
1784	-0.000000	108.346076	0.000000	6.7
1785	-0.274579	108.311604	0.003724	7.8
1786	-0.798165	108.277161	0.005789	6.6
1787	-0.410332	108.242747	0.002857	9.3
1788	-0.154123	108.208363	0.003676	14.0
1789	-0.000000	108.174007	0.000000	8.7
1790	-0.466305	108.139681	0.003057	12.2
1791	-0.437380	108.105383	0.012160	7.5
1792	-0.945189	108.071115	0.007719	7.3
1793	-0.000000	108.036875	0.000000	6.6
1794	-0.000065	108.002665	0.000027	6.4
1795	-0.332856	107.968483	0.004237	16.9
1796	-0.204871	107.934330	0.003107	2.1
1797	-0.964505	107.900206	0.003024	12.3
1798	-0.009352	107.866111	0.000532	6.4
1799	-0.599767	107.832044	0.004720	6.6
1800	-1.083781	107.798007	0.005810	6.9
1801	-0.140621	107.763997	0.002913	11.8
1802	-0.058871	107.730017	0.001447	13.0
1803	-1.133412	107.696065	0.007373	8.5
1804	-0.370575	107.662141	0.007201	6.5
1805	-0.215806	107.628246	0.003680	6.6
1806	-0.909008	107.594379	0.009257	6.4
1807	-0.556083	107.560541	0.009736	6.5
1808	-0.161462	107.526731	0.003069	6.8
1809	-1.171464	107.492949	0.009232	7.0
1810	-0.000000	107.459196	0.000000	6.4
1811	-0.111415	107.425471	0.002309	11.7
1812	-0.205013	107.391774	0.001609	7.3
1813	-0.407928	107.358106	0.000860	9.3
1814	-0.000000	107.324465	0.000000	12.3
1815	-0.435955	107.290853	0.004449	8.9
1816	-0.239538	107.257268	0.002087	7.9
1817	-0.000000	107.223712	0.000000	6.9
1818	-0.424326	107.190184	0.004221	8.3
1819	-0.230143	107.156683	0.002424	6.5
1820	-0.000000	107.123211	0.000000	11.5
1821	-0.299050	107.089766	0.003535	9.5
1822	-0.214169	107.056349	0.007595	6.6
1823	-0.000000	107.022960	0.000000	7.2
1824	-1.166506	106.989599	0.008340	6.9
1825	-0.881934	106.956265	0.009956	6.3
1826	-0.812014	106.922960	0.005917	11.9
1827	-0.287612	106.889681	0.002215	7.3
1828	-1.042534	106.856431	0.010197	11.9
1829	-0.110822	106.823208	0.001915	6.4
1830	-0.602783	106.790012	0.005605	6.9
1831	-0.000000	106.756844	0.000000	6.3
1832	-0.804471	106.723703	0.004689	6.5
1833	-0.000000	106.690590	0.000000	6.5
1834	-0.844495	106.657505	0.008130	6.7
1835	-0.445141	106.624446	0.002172	12.3
1836	-0.110799	106.591415	0.003234	7.1
1837	-0.175990	106.558411	0.002180	6.9
1838	-0.226542	106.525435	0.003905	6.7
1839	-0.000000	106.492485	0.000000	12.0
1840	-0.016167	106.459563	0.000738	6.9
1841	-0.986891	106.426668	0.009665	6.4
1842	-0.235449	106.393800	0.001094	6.7
1843	-0.743781	106.360959	0.007411	6.9
1844	-1.097630	106.328145	0.003858	9.2
1845	-0.000000	106.295358	0.000000	7.9
1846	-0.747465	106.262598	0.009014	6.4
1847	-0.262873	106.229865	0.002996	6.6
1848	-0.000000	106.197158	0.000000	6.3
1849	-0.079698	106.164479	0.000578	6.7
1850	-0.136642	106.131826	0.002523	7.0
1851	-0.000000	106.099201	0.000000	6.6
1852	-1.100300	106.066602	0.002769	6.9
1853	-0.100549	106.034029	0.001920	12.3
1854	-0.063530	106.001483	0.000784	7.6
1855	-0.351565	105.968964	0.006228	6.1
1856	-0.956970	105.936472	0.007855	6.9
1857	-0.710356	105.904006	0.007091	6.4
1858	-0.000066	105.871566	0.000027	6.5
1859	-0.250075	105.839153	0.004824	6.3
1860	-0.252748	105.806767	0.005136	6.0
1861	-0.000000	105.774407	0.000000	6.6
1862	-0.000000	105.742073	0.000000	10.0
1863	-0.129357	105.709766	0.003355	9.7
1864	-0.097891	105.677485	0.000632	6.6
1865	-0.346141	105.645230	0.005156	6.6
1866	-0.391029	105.613001	0.004284	11.8
1867	-1.087159	105.580799	0.004968	7.0
1868	-0.237994	105.548623	0.001817	10.5
1869	-0.316266	105.516473	0.004470	6.4
1870	-0.432580	105.484349	0.009423	6.5
1871	-0.000261	105.452251	0.000024	6.6
1872	-1.075629	105.420179	0.004095	6.9
1873	-0.000000	105.388133	0.000000	6.5
1874	-0.976758	105.356113	0.003260	8.1
1875	-0.798373	105.324119	0.007515	6.6
1876	-0.048020	105.292151	0.000247	7.2
1877	-0.457538	105.260209	0.004894	8.0
1878	-0.340361	105.228293	0.009111	10.1
1879	-1.032332	105.196402	0.007822	7.6
1880	-0.000000	105.164537	0.000000	12.1
1881	-0.144357	105.132698	0.000987	7.3
1882	-1.062255	105.100885	0.006449	6.5
1883	-0.030999	105.069097	0.000327	6.7
1884	-0.000000	105.037335	0.000000	6.3
1885	-0.000000	105.005598	0.000000	9.1
1886	-0.201593	104.973887	0.001901	7.8
1887	-0.995048	104.942202	0.004630	12.1
1888	-0.000000	104.910542	0.000000	7.8
1889	-0.000000	104.878907	0.000000	6.3
1890	-0.209094	104.847298	0.006109	7.9
1891	-0.677438	104.815715	0.002826	11.1
1892	-0.508402	104.784156	0.005423	10.2
1893	-0.935194	104.752623	0.006847	6.9
1894	-0.000000	104.721116	0.000000	7.3
1895	-1.104967	104.689633	0.006429	7.7
1896	-0.117857	104.658176	0.002754	6.6
1897	-0.432476	104.626744	0.005858	6.7
1898	-0.000000	104.595337	0.000000	6.9
1899	-0.604479	104.563955	0.004160	6.9
1900	-0.000000	104.532599	0.000000	6.1
1901	-0.000000	104.501267	0.000000	6.5
1902	-1.193370	104.469960	0.006955	6.8
1903	-0.493426	104.438679	0.006106	6.9
1904	-0.000000	104.407422	0.000000	8.0
1905	-0.074706	104.376191	0.002864	7.9
1906	-1.119295	104.344984	0.007965	8.0
1907	-0.003260	104.313802	0.000177	6.5
1908	-0.000001	104.282645	0.000001	9.5
1909	-0.252878	104.251513	0.004451	6.4
1910	-0.734215	104.220405	0.003174	6.6
1911	-0.972770	104.189323	0.009180	6.3
1912	-0.350843	104.158265	0.001904	6.6
1913	-0.720005	104.127231	0.007468	9.8
1914	-0.000000	104.096222	0.000000	8.1
1915	-0.000000	104.065238	0.000000	11.8
1916	-0.125943	104.034279	0.003613	8.3
1917	-0.267797	104.003344	0.005006	11.4
1918	-0.145985	103.972433	0.001350	7.4
1919	-0.358169	103.941547	0.007555	6.4
1920	-1.168339	103.910686	0.006216	10.4
1921	-0.244727	103.879849	0.004431	7.6
1922	-0.308252	103.849036	0.001820	6.9
1923	-0.323024	103.818248	0.002216	6.6
1924	-0.383902	103.787484	0.003347	6.5
1925	-0.534989	103.756744	0.002214	6.5
1926	-0.045385	103.726029	0.000657	6.7
1927	-0.519602	103.695338	0.002697	6.8
1928	-0.000000	103.664671	0.000000	6.6
1929	-0.000000	103.634028	0.000000	13.3
1930	-0.694548	103.603409	0.012288	12.0
1931	-0.336231	103.572814	0.005117	7.3
1932	-0.000000	103.542244	0.000000	6.5
1933	-0.000000	103.511698	0.000000	6.6
1934	-0.000000	103.481175	0.000000	7.3
1935	-0.702224	103.450677	0.010955	7.0
1936	-0.540424	103.420202	0.004941	6.8
1937	-0.441606	103.389752	0.003145	6.7
1938	-0.855549	103.359325	0.010151	6.8
1939	-0.000066	103.328922	0.000012	6.9
1940	-0.570319	103.298543	0.006776	8.0
1941	-0.116447	103.268188	0.000739	7.3
1942	-1.176788	103.237857	0.004702	11.9
1943	-0.393850	103.207549	0.007062	6.6
1944	-1.071524	103.177265	0.004664	6.5
1945	-0.741006	103.147005	0.006511	7.1
1946	-0.173529	103.116768	0.003408	6.8
1947	-0.672647	103.086556	0.004581	7.1
1948	-0.000000	103.056366	0.000000	6.4
1949	-0.042125	103.026200	0.001454	6.8
1950	-0.418338	102.996058	0.003989	6.6
1951	-0.290993	102.965939	0.002727	6.4
1952	-0.043328	102.935844	0.000945	6.9
1953	-0.291406	102.905772	0.002516	6.8
1954	-0.394089	102.875724	0.003543	6.7
1955	-0.616935	102.845699	0.001743	6.5
1956	-0.663723	102.815697	0.004016	12.5
1957	-0.753872	102.785719	0.005413	6.7
1958	-0.000000	102.755764	0.000000	10.5
1959	-1.140910	102.725832	0.006690	11.5
1960	-0.481649	102.695924	0.003031	8.3
1961	-0.945897	102.666038	0.002045	6.8
1962	-0.000000	102.636176	0.000000	9.1
1963	-0.140425	102.606337	0.003305	6.7
1964	-0.060210	102.576521	0.000409	12.0
1965	-0.889129	102.546728	0.006012	12.1
1966	-1.108351	102.516959	0.006707	7.7
1967	-0.281028	102.487212	0.003624	12.9
1968	-0.446997	102.457488	0.006226	6.2
1969	-0.229481	102.427788	0.002130	6.4
1970	-1.026415	102.398110	0.008756	6.0
1971	-0.149388	102.368455	0.002825	7.1
1972	-0.532939	102.338823	0.005944	6.5
1973	-0.157754	102.309214	0.003815	6.6
1974	-0.482507	102.279628	0.003894	8.3
1975	-0.748678	102.250064	0.003128	6.5
1976	-0.812491	102.220524	0.001629	6.8
1977	-0.369893	102.191006	0.004648	7.0
1978	-0.934077	102.161511	0.007043	6.3
1979	-0.952923	102.132038	0.004624	6.7
1980	-0.769483	102.102588	0.006105	10.5
1981	-0.495318	102.073161	0.006378	11.8
1982	-0.517197	102.043757	0.003688	7.0
1983	-0.217668	102.014375	0.001571	7.0
1984	-0.845424	101.985015	0.008488	6.8
1985	-0.011986	101.955678	0.000344	6.5
1986	-0.000000	101.926364	0.000000	7.2
1987	-0.262324	101.897072	0.003325	7.1
1988	-0.158173	101.867802	0.003833	8.0
1989	-0.032036	101.838555	0.000939	8.5
1990	-0.103306	101.809330	0.003549	7.5
1991	-0.826795	101.780128	0.008534	11.8
1992	-0.000000	101.750948	0.000000	10.2
1993	-0.793858	101.721790	0.003184	8.9
1994	-0.123127	101.692654	0.004490	7.0
1995	-0.802893	101.663541	0.007222	6.7
1996	-0.000000	101.634450	0.000000	7.2
1997	-0.884247	101.605381	0.007255	7.5
1998	-0.719131	101.576335	0.005298	6.7
1999	-0.918237	101.547310	0.007433	6.5
