 1 188 115 14 1 1 1 "6b"
 2 190 61 161 1 1 1 "A13"
 3 93 234 76 1 1 1 "AAA"
 4 171 247 47 1 1 1 "ab"
 5 238 224 179 1 1 1 "ACA"
 6 68 205 3 1 1 1 "ACA1"
 7 249 161 140 1 1 1 "ACA2-3"
 8 89 21 191 1 1 1 "ACA5"
 9 228 95 72 1 1 1 "ACA6a"
 10 115 190 231 1 1 1 "ACA6b"
 11 123 183 38 1 1 1 "ACAd"
 12 118 35 246 1 1 1 "ACAd1"
 13 79 157 158 1 1 1 "ACAd2-3"
 14 41 172 113 1 1 1 "ACAd5"
 15 28 156 157 1 1 1 "ACAd6a"
 16 100 250 199 1 1 1 "ACAd6b"
 17 141 123 178 1 1 1 "ACAv"
 18 1 229 242 1 1 1 "ACAv1"
 19 95 185 33 1 1 1 "ACAv2-3"
 20 48 193 139 1 1 1 "ACAv5"
 21 15 218 144 1 1 1 "ACAv6a"
 22 56 200 55 1 1 1 "ACAv6b"
 23 200 5 81 1 1 1 "ACB"
 24 101 245 203 1 1 1 "aco"
 25 59 202 144 1 1 1 "act"
 26 234 241 195 1 1 1 "ACVI"
 27 89 198 42 1 1 1 "ACVII"
 28 199 164 90 1 1 1 "AD"
 29 207 217 166 1 1 1 "ADP"
 30 123 29 248 1 1 1 "AHA"
 31 104 50 194 1 1 1 "AHN"
 32 197 11 159 1 1 1 "AHNa"
 33 106 117 244 1 1 1 "AHNc"
 34 176 25 141 1 1 1 "AHNd"
 35 240 83 191 1 1 1 "AHNp"
 36 192 201 91 1 1 1 "AI"
 37 230 144 87 1 1 1 "AId"
 38 103 151 106 1 1 1 "AId1"
 39 50 4 117 1 1 1 "AId2-3"
 40 139 147 132 1 1 1 "AId5"
 41 186 220 218 1 1 1 "AId6a"
 42 108 52 189 1 1 1 "AId6b"
 43 243 108 162 1 1 1 "AIp"
 44 166 220 43 1 1 1 "AIp1"
 45 46 226 251 1 1 1 "AIp2-3"
 46 2 13 47 1 1 1 "AIp5"
 47 155 4 111 1 1 1 "AIp6a"
 48 105 14 188 1 1 1 "AIp6b"
 49 208 35 42 1 1 1 "AIv"
 50 187 8 4 1 1 1 "AIv1"
 51 85 102 87 1 1 1 "AIv2-3"
 52 246 41 83 1 1 1 "AIv5"
 53 155 55 16 1 1 1 "AIv6a"
 54 177 241 146 1 1 1 "AIv6b"
 55 147 173 172 1 1 1 "alv"
 56 208 52 144 1 1 1 "AM"
 57 19 21 137 1 1 1 "AMB"
 58 110 101 6 1 1 1 "AMBd"
 59 2 54 102 1 1 1 "AMBv"
 60 215 125 253 1 1 1 "amc"
 61 132 242 55 1 1 1 "AMd"
 62 188 140 52 1 1 1 "AMv"
 63 2 204 45 1 1 1 "AN"
 64 172 89 190 1 1 1 "ANcr1"
 65 176 248 124 1 1 1 "ANcr1gr"
 66 251 156 220 1 1 1 "ANcr1mo"
 67 6 98 151 1 1 1 "ANcr1pu"
 68 132 9 228 1 1 1 "ANcr2"
 69 165 111 124 1 1 1 "ANcr2gr"
 70 169 80 18 1 1 1 "ANcr2mo"
 71 69 70 16 1 1 1 "ANcr2pu"
 72 87 249 237 1 1 1 "AOB"
 73 138 253 171 1 1 1 "AOBgl"
 74 214 123 155 1 1 1 "AOBgr"
 75 214 152 124 1 1 1 "AOBmi"
 76 215 105 168 1 1 1 "aolt"
 77 48 91 102 1 1 1 "AON"
 78 71 12 124 1 1 1 "AON1"
 79 105 227 173 1 1 1 "AON2"
 80 80 177 174 1 1 1 "AONd"
 81 11 68 153 1 1 1 "AONe"
 82 110 88 133 1 1 1 "AONl"
 83 80 201 125 1 1 1 "AONm"
 84 48 181 51 1 1 1 "AONpv"
 85 176 53 172 1 1 1 "aot"
 86 167 62 187 1 1 1 "AP"
 87 173 140 96 1 1 1 "apd"
 88 53 4 212 1 1 1 "apf"
 89 112 46 233 1 1 1 "APN"
 90 91 159 240 1 1 1 "AQ"
 91 177 220 40 1 1 1 "arb"
 92 56 135 172 1 1 1 "ARH"
 93 140 254 113 1 1 1 "ASO"
 94 211 23 206 1 1 1 "AT"
 95 151 130 189 1 1 1 "ATN"
 96 157 3 169 1 1 1 "AUD"
 97 71 55 113 1 1 1 "AUDd"
 98 6 107 74 1 1 1 "AUDd1"
 99 56 183 3 1 1 1 "AUDd2-3"
 100 14 23 72 1 1 1 "AUDd4"
 101 250 114 222 1 1 1 "AUDd5"
 102 121 3 194 1 1 1 "AUDd6a"
 103 118 229 24 1 1 1 "AUDd6b"
 104 191 110 166 1 1 1 "AUDp"
 105 34 226 3 1 1 1 "AUDp1"
 106 144 58 137 1 1 1 "AUDp2-3"
 107 36 214 108 1 1 1 "AUDp4"
 108 162 117 19 1 1 1 "AUDp5"
 109 69 53 245 1 1 1 "AUDp6a"
 110 101 197 117 1 1 1 "AUDp6b"
 111 93 123 196 1 1 1 "AUDpo"
 112 64 110 140 1 1 1 "AUDpo1"
 113 251 143 102 1 1 1 "AUDpo2-3"
 114 24 62 83 1 1 1 "AUDpo4"
 115 81 113 193 1 1 1 "AUDpo5"
 116 152 184 241 1 1 1 "AUDpo6a"
 117 123 6 109 1 1 1 "AUDpo6b"
 118 205 40 114 1 1 1 "AUDv"
 119 199 106 154 1 1 1 "AUDv1"
 120 171 138 94 1 1 1 "AUDv2-3"
 121 81 206 252 1 1 1 "AUDv4"
 122 240 64 148 1 1 1 "AUDv5"
 123 54 35 181 1 1 1 "AUDv6a"
 124 159 189 164 1 1 1 "AUDv6b"
 125 236 165 10 1 1 1 "AV"
 126 250 116 142 1 1 1 "AVP"
 127 18 22 113 1 1 1 "AVPV"
 128 139 25 245 1 1 1 "B"
 129 111 125 15 1 1 1 "BA"
 130 87 192 128 1 1 1 "BAC"
 131 72 148 252 1 1 1 "bct"
 132 113 92 144 1 1 1 "bic"
 133 139 183 124 1 1 1 "BLA"
 134 176 209 118 1 1 1 "BLAa"
 135 18 46 180 1 1 1 "BLAp"
 136 78 84 146 1 1 1 "BLAv"
 137 233 227 149 1 1 1 "BMA"
 138 214 248 54 1 1 1 "BMAa"
 139 45 50 65 1 1 1 "BMAp"
 140 79 15 55 1 1 1 "BS"
 141 20 149 148 1 1 1 "bsc"
 142 96 143 172 1 1 1 "BST"
 143 4 146 81 1 1 1 "BSTa"
 144 231 58 99 1 1 1 "BSTal"
 145 170 106 154 1 1 1 "BSTam"
 146 142 191 30 1 1 1 "BSTd"
 147 198 44 163 1 1 1 "BSTdm"
 148 13 14 210 1 1 1 "BSTfu"
 149 132 32 194 1 1 1 "BSTif"
 150 176 184 89 1 1 1 "BSTju"
 151 111 38 9 1 1 1 "BSTmg"
 152 223 194 151 1 1 1 "BSTov"
 153 253 245 207 1 1 1 "BSTp"
 154 62 184 7 1 1 1 "BSTpr"
 155 244 197 234 1 1 1 "BSTrh"
 156 119 98 192 1 1 1 "BSTse"
 157 221 56 146 1 1 1 "BSTtr"
 158 218 102 215 1 1 1 "BSTv"
 159 148 100 251 1 1 1 "c"
 160 195 100 235 1 1 1 "CA"
 161 129 40 170 1 1 1 "CA1"
 162 208 68 218 1 1 1 "CA1slm"
 163 72 171 106 1 1 1 "CA1so"
 164 48 254 209 1 1 1 "CA1sp"
 165 114 5 76 1 1 1 "CA1sr"
 166 210 232 67 1 1 1 "CA2"
 167 133 60 117 1 1 1 "CA2slm"
 168 197 7 31 1 1 1 "CA2so"
 169 130 202 141 1 1 1 "CA2sp"
 170 124 120 75 1 1 1 "CA2sr"
 171 239 135 129 1 1 1 "CA3"
 172 151 153 120 1 1 1 "CA3slm"
 173 117 68 181 1 1 1 "CA3slu"
 174 28 252 217 1 1 1 "CA3so"
 175 250 137 216 1 1 1 "CA3sp"
 176 154 154 211 1 1 1 "CA3sr"
 177 75 88 213 1 1 1 "CB"
 178 108 106 82 1 1 1 "cbc"
 179 183 55 219 1 1 1 "cbf"
 180 4 190 57 1 1 1 "CBN"
 181 107 151 69 1 1 1 "cbp"
 182 223 130 23 1 1 1 "cbt"
 183 98 213 15 1 1 1 "CBX"
 184 181 240 9 1 1 1 "CBXgr"
 185 131 123 212 1 1 1 "CBXmo"
 186 63 98 68 1 1 1 "CBXpu"
 187 37 250 231 1 1 1 "cc"
 188 110 102 208 1 1 1 "ccg"
 189 3 54 19 1 1 1 "ccr"
 190 246 178 119 1 1 1 "ccs"
 191 10 230 27 1 1 1 "cct"
 192 59 7 51 1 1 1 "CEA"
 193 47 232 31 1 1 1 "CEAc"
 194 112 252 124 1 1 1 "CEAl"
 195 21 142 235 1 1 1 "CEAm"
 196 166 146 76 1 1 1 "CENT"
 197 88 62 5 1 1 1 "CENT2"
 198 124 231 43 1 1 1 "CENT2gr"
 199 253 88 56 1 1 1 "CENT2mo"
 200 166 69 75 1 1 1 "CENT2pu"
 201 211 139 135 1 1 1 "CENT3"
 202 177 20 232 1 1 1 "CENT3gr"
 203 203 61 58 1 1 1 "CENT3mo"
 204 217 71 26 1 1 1 "CENT3pu"
 205 113 27 177 1 1 1 "cett"
 206 96 55 44 1 1 1 "CH"
 207 12 233 191 1 1 1 "chfl"
 208 248 189 76 1 1 1 "chpl"
 209 12 148 7 1 1 1 "cic"
 210 192 251 230 1 1 1 "cing"
 211 228 18 148 1 1 1 "CL"
 212 73 63 172 1 1 1 "CLA"
 213 223 40 40 1 1 1 "CLI"
 214 29 132 251 1 1 1 "CM"
 215 154 221 220 1 1 1 "cm"
 216 246 24 167 1 1 1 "CN"
 217 225 234 190 1 1 1 "CNlam"
 218 11 250 9 1 1 1 "CNspg"
 219 240 242 48 1 1 1 "CNU"
 220 90 78 128 1 1 1 "COA"
 221 193 74 235 1 1 1 "COAa"
 222 119 35 231 1 1 1 "COAa1"
 223 45 254 137 1 1 1 "COAa2"
 224 150 181 238 1 1 1 "COAa3"
 225 177 147 144 1 1 1 "COAp"
 226 157 141 86 1 1 1 "COApl"
 227 202 251 156 1 1 1 "COApl1"
 228 186 67 173 1 1 1 "COApl1-2"
 229 162 185 227 1 1 1 "COApl1-3"
 230 73 1 115 1 1 1 "COApl2"
 231 181 65 138 1 1 1 "COApl3"
 232 112 177 177 1 1 1 "COApm"
 233 75 102 157 1 1 1 "COApm1"
 234 148 153 149 1 1 1 "COApm1-2"
 235 26 158 62 1 1 1 "COApm1-3"
 236 19 162 104 1 1 1 "COApm2"
 237 245 24 114 1 1 1 "COApm3"
 238 202 59 126 1 1 1 "COPY"
 239 167 89 20 1 1 1 "COPYgr"
 240 135 67 240 1 1 1 "COPYmo"
 241 52 147 31 1 1 1 "COPYpu"
 242 85 240 34 1 1 1 "CP"
 243 22 89 60 1 1 1 "cpd"
 244 210 208 116 1 1 1 "cpt"
 245 91 23 199 1 1 1 "crt"
 246 148 118 108 1 1 1 "CS"
 247 79 192 143 1 1 1 "csc"
 248 80 149 252 1 1 1 "CSl"
 249 8 15 46 1 1 1 "CSm"
 250 190 106 238 1 1 1 "cst"
 251 54 9 253 1 1 1 "cstc"
 252 232 76 89 1 1 1 "cstu"
 253 85 196 201 1 1 1 "ctb"
 254 28 38 67 1 1 1 "cte"
 255 129 41 139 1 1 1 "CTX"
 256 71 133 33 1 1 1 "CTXpl"
 257 65 142 208 1 1 1 "CTXsp"
 258 196 225 153 1 1 1 "CU"
 259 169 234 151 1 1 1 "cuf"
 260 5 117 60 1 1 1 "CUL"
 261 219 54 187 1 1 1 "CUL4"
 262 186 197 70 1 1 1 "CUL4,_5"
 263 160 148 125 1 1 1 "CUL4,_5gr"
 264 252 249 250 1 1 1 "CUL4,_5mo"
 265 18 176 54 1 1 1 "CUL4,_5pu"
 266 134 156 222 1 1 1 "CUL4gr"
 267 201 92 130 1 1 1 "CUL4mo"
 268 206 226 218 1 1 1 "CUL4pu"
 269 228 106 37 1 1 1 "CUL5"
 270 131 50 96 1 1 1 "CUL5gr"
 271 204 84 182 1 1 1 "CUL5mo"
 272 18 83 208 1 1 1 "CUL5pu"
 273 181 124 66 1 1 1 "CUN"
 274 182 130 205 1 1 1 "cvb"
 275 3 216 34 1 1 1 "cVIIIn"
 276 96 112 150 1 1 1 "das"
 277 160 174 216 1 1 1 "db"
 278 27 122 29 1 1 1 "dc"
 279 162 213 179 1 1 1 "dcm"
 280 247 136 197 1 1 1 "DCN"
 281 227 3 244 1 1 1 "DCO"
 282 182 152 189 1 1 1 "DEC"
 283 0 54 140 1 1 1 "DECgr"
 284 34 252 222 1 1 1 "DECmo"
 285 244 10 74 1 1 1 "DECpu"
 286 61 14 218 1 1 1 "df"
 287 233 213 52 1 1 1 "DG"
 288 249 126 207 1 1 1 "DGcr"
 289 72 49 69 1 1 1 "DGcr-mo"
 290 52 28 11 1 1 1 "DGcr-po"
 291 66 176 40 1 1 1 "DGcr-sg"
 292 121 17 87 1 1 1 "DGlb"
 293 208 117 96 1 1 1 "DGlb-mo"
 294 73 78 139 1 1 1 "DGlb-po"
 295 196 175 177 1 1 1 "DGlb-sg"
 296 43 181 119 1 1 1 "DGmb"
 297 254 101 242 1 1 1 "DGmb-mo"
 298 125 94 57 1 1 1 "DGmb-po"
 299 39 99 14 1 1 1 "DGmb-sg"
 300 44 79 105 1 1 1 "DG-mo"
 301 212 19 169 1 1 1 "DG-po"
 302 42 28 45 1 1 1 "DG-sg"
 303 240 217 203 1 1 1 "DG-sgz"
 304 6 45 164 1 1 1 "dhc"
 305 68 249 98 1 1 1 "dl"
 306 145 120 230 1 1 1 "dlf"
 307 252 146 242 1 1 1 "DMH"
 308 243 55 128 1 1 1 "DMHa"
 309 44 213 132 1 1 1 "DMHp"
 310 95 48 24 1 1 1 "DMHv"
 311 223 135 235 1 1 1 "DMX"
 312 82 201 75 1 1 1 "DN"
 313 163 93 96 1 1 1 "DORpm"
 314 253 11 156 1 1 1 "DORsm"
 315 52 201 36 1 1 1 "DP"
 316 46 169 41 1 1 1 "DP1"
 317 66 64 179 1 1 1 "DP2"
 318 140 53 50 1 1 1 "DP2-3"
 319 103 9 22 1 1 1 "DP5"
 320 56 155 172 1 1 1 "DP6a"
 321 153 180 244 1 1 1 "DR"
 322 212 64 73 1 1 1 "drt"
 323 192 86 150 1 1 1 "dscp"
 324 117 27 75 1 1 1 "DT"
 325 49 149 22 1 1 1 "dtd"
 326 236 215 179 1 1 1 "DTN"
 327 24 104 112 1 1 1 "dtt"
 328 231 246 11 1 1 1 "ec"
 329 227 152 202 1 1 1 "ECO"
 330 240 186 208 1 1 1 "ECT"
 331 171 184 87 1 1 1 "ECT1"
 332 73 111 181 1 1 1 "ECT2-3"
 333 29 111 33 1 1 1 "ECT5"
 334 80 80 214 1 1 1 "ECT6a"
 335 128 72 30 1 1 1 "ECT6b"
 336 221 201 239 1 1 1 "ECU"
 337 233 153 107 1 1 1 "ee"
 338 240 219 115 1 1 1 "eg"
 339 205 118 39 1 1 1 "em"
 340 247 151 5 1 1 1 "ENT"
 341 229 114 25 1 1 1 "ENTl"
 342 65 184 13 1 1 1 "ENTl1"
 343 254 18 139 1 1 1 "ENTl2"
 344 64 70 60 1 1 1 "ENTl2-3"
 345 202 124 107 1 1 1 "ENTl2a"
 346 157 33 183 1 1 1 "ENTl2b"
 347 154 142 154 1 1 1 "ENTl3"
 348 198 193 101 1 1 1 "ENTl4"
 349 253 244 16 1 1 1 "ENTl4-5"
 350 70 15 225 1 1 1 "ENTl5"
 351 229 90 225 1 1 1 "ENTl5-6"
 352 133 3 42 1 1 1 "ENTl6a"
 353 222 52 40 1 1 1 "ENTl6b"
 354 94 23 179 1 1 1 "ENTm"
 355 121 176 178 1 1 1 "ENTm1"
 356 73 167 92 1 1 1 "ENTm2"
 357 7 226 212 1 1 1 "ENTm2a"
 358 138 58 99 1 1 1 "ENTm2b"
 359 17 117 1 1 1 1 "ENTm3"
 360 232 25 21 1 1 1 "ENTm4"
 361 138 167 207 1 1 1 "ENTm5"
 362 196 169 78 1 1 1 "ENTm5-6"
 363 91 162 125 1 1 1 "ENTm6"
 364 103 221 76 1 1 1 "ENTmv"
 365 52 173 3 1 1 1 "ENTmv1"
 366 29 215 82 1 1 1 "ENTmv2"
 367 28 25 202 1 1 1 "ENTmv3"
 368 153 248 48 1 1 1 "ENTmv4"
 369 58 223 82 1 1 1 "ENTmv5-6"
 370 204 111 13 1 1 1 "EP"
 371 77 5 54 1 1 1 "EPd"
 372 187 172 207 1 1 1 "EPI"
 373 226 73 3 1 1 1 "eps"
 374 179 189 175 1 1 1 "epsc"
 375 174 81 14 1 1 1 "EPv"
 376 167 42 49 1 1 1 "EV"
 377 26 72 136 1 1 1 "EW"
 378 153 51 115 1 1 1 "fa"
 379 216 95 183 1 1 1 "FC"
 380 119 58 94 1 1 1 "FF"
 381 132 94 139 1 1 1 "fi"
 382 219 200 230 1 1 1 "fiber_tracts"
 383 119 57 78 1 1 1 "FL"
 384 209 181 146 1 1 1 "FLgr"
 385 19 80 81 1 1 1 "FLmo"
 386 32 118 142 1 1 1 "FLpu"
 387 35 123 64 1 1 1 "FN"
 388 182 14 241 1 1 1 "FOTU"
 389 79 24 63 1 1 1 "FOTUgr"
 390 184 204 249 1 1 1 "FOTUmo"
 391 145 249 71 1 1 1 "FOTUpu"
 392 181 83 37 1 1 1 "fp"
 393 27 29 87 1 1 1 "fpr"
 394 211 138 157 1 1 1 "fr"
 395 101 154 61 1 1 1 "FRP"
 396 228 164 61 1 1 1 "FRP1"
 397 189 21 23 1 1 1 "FRP2-3"
 398 35 216 148 1 1 1 "FS"
 399 159 227 110 1 1 1 "fx"
 400 117 201 24 1 1 1 "fxpo"
 401 61 163 170 1 1 1 "fxprg"
 402 15 211 204 1 1 1 "fxs"
 403 110 127 73 1 1 1 "GENd"
 404 7 238 180 1 1 1 "GENv"
 405 159 246 146 1 1 1 "GPe"
 406 206 200 235 1 1 1 "GPi"
 407 178 147 11 1 1 1 "GR"
 408 224 159 38 1 1 1 "grey"
 409 14 147 29 1 1 1 "grf"
 410 79 219 149 1 1 1 "GRN"
 411 66 11 150 1 1 1 "grv"
 412 194 40 98 1 1 1 "grv_of_CBX"
 413 147 35 61 1 1 1 "grv_of_CTX"
 414 30 173 254 1 1 1 "GU"
 415 125 24 192 1 1 1 "GU1"
 416 248 15 143 1 1 1 "GU2-3"
 417 70 157 52 1 1 1 "GU4"
 418 137 157 239 1 1 1 "GU5"
 419 150 186 184 1 1 1 "GU6a"
 420 0 134 237 1 1 1 "GU6b"
 421 227 171 4 1 1 1 "gVIIn"
 422 51 64 20 1 1 1 "HB"
 423 238 221 147 1 1 1 "hbc"
 424 118 11 193 1 1 1 "hc"
 425 88 125 93 1 1 1 "HEM"
 426 216 135 102 1 1 1 "hf"
 427 67 30 189 1 1 1 "hht"
 428 156 194 66 1 1 1 "HIP"
 429 221 154 73 1 1 1 "HPF"
 430 243 182 226 1 1 1 "HY"
 431 14 112 244 1 1 1 "IA"
 432 20 9 41 1 1 1 "IAD"
 433 233 63 253 1 1 1 "iaf"
 434 236 118 109 1 1 1 "IAM"
 435 36 170 179 1 1 1 "ias"
 436 76 23 91 1 1 1 "IB"
 437 39 20 253 1 1 1 "IC"
 438 134 171 33 1 1 1 "ICB"
 439 182 86 4 1 1 1 "ICc"
 440 112 236 81 1 1 1 "ICd"
 441 24 95 245 1 1 1 "ICe"
 442 108 29 74 1 1 1 "icf"
 443 32 56 109 1 1 1 "icp"
 444 136 126 134 1 1 1 "IF"
 445 23 245 175 1 1 1 "IG"
 446 78 163 96 1 1 1 "IGL"
 447 70 20 248 1 1 1 "III"
 448 125 37 102 1 1 1 "IIIn"
 449 25 111 192 1 1 1 "IIn"
 450 168 63 212 1 1 1 "ILA"
 451 174 176 219 1 1 1 "ILA1"
 452 98 105 217 1 1 1 "ILA2"
 453 68 103 172 1 1 1 "ILA2-3"
 454 1 180 251 1 1 1 "ILA5"
 455 247 26 220 1 1 1 "ILA6a"
 456 94 91 34 1 1 1 "ILA6b"
 457 94 121 208 1 1 1 "ILM"
 458 3 202 141 1 1 1 "im"
 459 11 238 135 1 1 1 "IMD"
 460 39 201 148 1 1 1 "In"
 461 89 65 202 1 1 1 "INC"
 462 94 143 133 1 1 1 "int"
 463 37 81 121 1 1 1 "INV"
 464 81 43 253 1 1 1 "IO"
 465 186 214 57 1 1 1 "IP"
 466 16 0 175 1 1 1 "ipf"
 467 144 24 159 1 1 1 "IPF"
 468 2 221 248 1 1 1 "IPN"
 469 189 109 224 1 1 1 "IRN"
 470 196 17 107 1 1 1 "isl"
 471 50 9 120 1 1 1 "islm"
 472 236 33 146 1 1 1 "ISN"
 473 65 181 194 1 1 1 "Isocortex"
 474 15 182 131 1 1 1 "IV"
 475 188 169 115 1 1 1 "IVd"
 476 208 88 21 1 1 1 "IVF"
 477 61 150 5 1 1 1 "iVIIn"
 478 239 44 100 1 1 1 "IVn"
 479 44 221 209 1 1 1 "IXn"
 480 210 174 93 1 1 1 "jrb"
 481 74 64 123 1 1 1 "KF"
 482 161 29 58 1 1 1 "LA"
 483 186 52 25 1 1 1 "lab"
 484 228 149 40 1 1 1 "LAT"
 485 57 247 49 1 1 1 "LAV"
 486 182 106 184 1 1 1 "LC"
 487 184 235 77 1 1 1 "LD"
 488 54 216 158 1 1 1 "LDT"
 489 32 18 52 1 1 1 "lfbs"
 490 235 122 102 1 1 1 "lfbst"
 491 188 170 95 1 1 1 "LGd"
 492 197 36 177 1 1 1 "LGv"
 493 106 198 238 1 1 1 "LGvl"
 494 140 98 200 1 1 1 "LGvm"
 495 144 148 163 1 1 1 "LH"
 496 142 230 176 1 1 1 "LHA"
 497 58 11 129 1 1 1 "LIN"
 498 28 218 195 1 1 1 "LING"
 499 68 145 91 1 1 1 "LINGgr"
 500 163 75 183 1 1 1 "LINGmo"
 501 254 36 1 1 1 1 "LINGpu"
 502 115 227 45 1 1 1 "ll"
 503 187 29 179 1 1 1 "LM"
 504 125 179 37 1 1 1 "lot"
 505 69 130 175 1 1 1 "lotd"
 506 189 74 90 1 1 1 "lotg"
 507 92 77 215 1 1 1 "LP"
 508 95 41 145 1 1 1 "LPO"
 509 26 158 37 1 1 1 "LRN"
 510 124 93 127 1 1 1 "LRNm"
 511 58 29 181 1 1 1 "LRNp"
 512 196 2 174 1 1 1 "LS"
 513 15 73 253 1 1 1 "LSc"
 514 107 18 30 1 1 1 "LSr"
 515 197 226 48 1 1 1 "LSv"
 516 191 90 14 1 1 1 "LSX"
 517 231 45 102 1 1 1 "LT"
 518 122 188 125 1 1 1 "LTN"
 519 213 21 33 1 1 1 "LZ"
 520 96 136 16 1 1 1 "MA"
 521 12 115 168 1 1 1 "MARN"
 522 254 236 228 1 1 1 "MB"
 523 134 150 176 1 1 1 "MBmot"
 524 120 237 77 1 1 1 "MBO"
 525 95 169 113 1 1 1 "MBsen"
 526 67 120 186 1 1 1 "MBsta"
 527 147 245 233 1 1 1 "mcp"
 528 22 58 187 1 1 1 "mct"
 529 198 252 216 1 1 1 "MD"
 530 142 109 42 1 1 1 "MDc"
 531 90 65 36 1 1 1 "MDl"
 532 142 77 154 1 1 1 "MDm"
 533 120 18 189 1 1 1 "MDRN"
 534 80 154 107 1 1 1 "MDRNd"
 535 71 192 51 1 1 1 "MDRNv"
 536 34 154 91 1 1 1 "ME"
 537 181 164 98 1 1 1 "MEA"
 538 20 125 191 1 1 1 "MEAad"
 539 102 178 183 1 1 1 "MEAav"
 540 193 60 131 1 1 1 "MEApd"
 541 243 28 176 1 1 1 "MEApd-a"
 542 216 77 18 1 1 1 "MEApd-b"
 543 147 177 34 1 1 1 "MEApd-c"
 544 39 31 223 1 1 1 "MEApv"
 545 111 67 149 1 1 1 "MED"
 546 187 160 113 1 1 1 "MEPO"
 547 201 99 175 1 1 1 "MEV"
 548 90 158 54 1 1 1 "MEZ"
 549 152 84 125 1 1 1 "mfb"
 550 16 236 70 1 1 1 "mfbc"
 551 230 185 216 1 1 1 "mfbs"
 552 200 76 128 1 1 1 "mfbse"
 553 245 75 68 1 1 1 "mfbsm"
 554 124 133 53 1 1 1 "mfbsma"
 555 73 215 93 1 1 1 "mfbst"
 556 179 171 114 1 1 1 "mfsbshy"
 557 51 204 187 1 1 1 "MG"
 558 129 192 60 1 1 1 "MGd"
 559 159 50 79 1 1 1 "MGm"
 560 148 236 138 1 1 1 "MGv"
 561 232 23 119 1 1 1 "MH"
 562 29 71 253 1 1 1 "ml"
 563 199 120 47 1 1 1 "mlf"
 564 143 91 185 1 1 1 "MM"
 565 218 77 60 1 1 1 "Mmme"
 566 89 149 220 1 1 1 "MO"
 567 56 87 241 1 1 1 "MO1"
 568 31 205 45 1 1 1 "MO2-3"
 569 199 20 147 1 1 1 "MO5"
 570 216 191 90 1 1 1 "MO6a"
 571 9 149 54 1 1 1 "MO6b"
 572 155 237 247 1 1 1 "MOB"
 573 188 94 134 1 1 1 "MOBgl"
 574 249 32 185 1 1 1 "MOBgr"
 575 181 145 159 1 1 1 "MOBipl"
 576 182 198 147 1 1 1 "MOBmi"
 577 204 16 205 1 1 1 "MOBopl"
 578 168 33 50 1 1 1 "MOp"
 579 133 48 155 1 1 1 "MOp1"
 580 109 107 39 1 1 1 "MOp2-3"
 581 164 38 172 1 1 1 "MOp5"
 582 114 200 218 1 1 1 "MOp6a"
 583 69 127 131 1 1 1 "MOp6b"
 584 131 48 4 1 1 1 "MOs"
 585 190 97 240 1 1 1 "MOs1"
 586 83 46 200 1 1 1 "MOs2-3"
 587 111 203 78 1 1 1 "MOs5"
 588 138 5 218 1 1 1 "MOs6a"
 589 63 43 243 1 1 1 "MOs6b"
 590 207 100 41 1 1 1 "moV"
 591 208 90 237 1 1 1 "mp"
 592 185 56 158 1 1 1 "MPN"
 593 148 211 16 1 1 1 "MPNc"
 594 7 32 201 1 1 1 "MPNl"
 595 236 123 151 1 1 1 "MPNm"
 596 224 56 69 1 1 1 "MPO"
 597 240 164 35 1 1 1 "MPT"
 598 152 19 69 1 1 1 "MRN"
 599 244 80 172 1 1 1 "MRNm"
 600 170 11 202 1 1 1 "MRNmg"
 601 103 191 219 1 1 1 "MRNp"
 602 113 35 160 1 1 1 "MS"
 603 221 38 110 1 1 1 "MSC"
 604 153 152 227 1 1 1 "MT"
 605 169 137 98 1 1 1 "mtc"
 606 176 194 58 1 1 1 "mtg"
 607 69 99 5 1 1 1 "MTN"
 608 146 112 231 1 1 1 "mtt"
 609 106 226 245 1 1 1 "mtV"
 610 197 131 74 1 1 1 "MV"
 611 204 26 232 1 1 1 "MY"
 612 57 125 116 1 1 1 "MY-mot"
 613 66 92 225 1 1 1 "MY-sat"
 614 9 200 44 1 1 1 "MY-sen"
 615 171 163 226 1 1 1 "NB"
 616 130 34 62 1 1 1 "NC"
 617 38 89 95 1 1 1 "ND"
 618 136 209 105 1 1 1 "NDB"
 619 205 30 229 1 1 1 "nf"
 620 244 175 250 1 1 1 "NI"
 621 16 245 39 1 1 1 "NIS"
 622 57 145 53 1 1 1 "NLL"
 623 133 4 237 1 1 1 "NLLd"
 624 113 97 35 1 1 1 "NLLh"
 625 86 87 141 1 1 1 "NLLv"
 626 8 151 32 1 1 1 "NLOT"
 627 41 129 156 1 1 1 "NLOT1"
 628 216 122 109 1 1 1 "NLOT1-3"
 629 133 168 190 1 1 1 "NLOT2"
 630 141 153 217 1 1 1 "NLOT3"
 631 125 128 165 1 1 1 "NOD"
 632 223 4 157 1 1 1 "NODgr"
 633 172 152 158 1 1 1 "NODmo"
 634 149 90 196 1 1 1 "NODpu"
 635 98 246 237 1 1 1 "NOT"
 636 19 226 16 1 1 1 "NPC"
 637 157 69 9 1 1 1 "NR"
 638 68 68 144 1 1 1 "nst"
 639 26 90 211 1 1 1 "NTB"
 640 7 217 186 1 1 1 "NTS"
 641 237 72 54 1 1 1 "NTSce"
 642 119 53 93 1 1 1 "NTSco"
 643 33 234 243 1 1 1 "NTSge"
 644 183 253 253 1 1 1 "NTSl"
 645 111 119 27 1 1 1 "NTSm"
 646 28 2 120 1 1 1 "ntt"
 647 222 251 232 1 1 1 "och"
 648 22 125 244 1 1 1 "oct"
 649 60 143 6 1 1 1 "OLF"
 650 114 17 117 1 1 1 "onl"
 651 1 98 71 1 1 1 "OP"
 652 123 226 44 1 1 1 "opt"
 653 139 54 130 1 1 1 "ORB"
 654 128 228 108 1 1 1 "ORB1"
 655 75 234 41 1 1 1 "ORB2-3"
 656 142 139 206 1 1 1 "ORB5"
 657 77 166 125 1 1 1 "ORB6a"
 658 161 235 20 1 1 1 "ORB6b"
 659 83 207 62 1 1 1 "ORBl"
 660 193 62 39 1 1 1 "ORBl1"
 661 48 123 182 1 1 1 "ORBl2-3"
 662 152 176 45 1 1 1 "ORBl5"
 663 103 101 106 1 1 1 "ORBl6a"
 664 136 113 106 1 1 1 "ORBl6b"
 665 234 61 136 1 1 1 "ORBm"
 666 146 111 91 1 1 1 "ORBm1"
 667 118 83 53 1 1 1 "ORBm2"
 668 194 220 35 1 1 1 "ORBm2-3"
 669 116 225 128 1 1 1 "ORBm5"
 670 151 91 32 1 1 1 "ORBm6a"
 671 91 163 137 1 1 1 "ORBv"
 672 219 51 31 1 1 1 "ORBvl"
 673 88 18 58 1 1 1 "ORBvl1"
 674 253 195 104 1 1 1 "ORBvl2-3"
 675 33 97 33 1 1 1 "ORBvl5"
 676 249 70 16 1 1 1 "ORBvl6a"
 677 45 105 250 1 1 1 "ORBvl6b"
 678 56 195 239 1 1 1 "OT"
 679 100 141 176 1 1 1 "OT1"
 680 203 1 202 1 1 1 "OT1-3"
 681 108 175 188 1 1 1 "OT2"
 682 32 214 146 1 1 1 "OT3"
 683 171 47 193 1 1 1 "OV"
 684 182 179 106 1 1 1 "P"
 685 2 24 71 1 1 1 "PA"
 686 5 251 72 1 1 1 "PAA"
 687 139 55 241 1 1 1 "PAA1"
 688 45 157 165 1 1 1 "PAA1-3"
 689 152 49 253 1 1 1 "PAA2"
 690 6 18 62 1 1 1 "PAA3"
 691 189 180 22 1 1 1 "PAG"
 692 136 201 191 1 1 1 "PAL"
 693 111 123 63 1 1 1 "PALc"
 694 12 13 253 1 1 1 "PALd"
 695 217 218 56 1 1 1 "PALm"
 696 230 59 100 1 1 1 "PALv"
 697 45 231 60 1 1 1 "pap"
 698 29 206 37 1 1 1 "PAR"
 699 185 155 72 1 1 1 "PAR1"
 700 47 154 85 1 1 1 "PAR2"
 701 162 131 105 1 1 1 "PAR3"
 702 6 143 180 1 1 1 "PARN"
 703 189 119 237 1 1 1 "PAS"
 704 200 42 32 1 1 1 "PB"
 705 227 74 135 1 1 1 "PBG"
 706 85 5 42 1 1 1 "PBl"
 707 83 65 88 1 1 1 "PBlc"
 708 113 96 215 1 1 1 "PBld"
 709 68 109 175 1 1 1 "PBle"
 710 123 249 93 1 1 1 "PBls"
 711 112 217 76 1 1 1 "PBlv"
 712 83 113 193 1 1 1 "PBm"
 713 98 200 230 1 1 1 "PBme"
 714 113 33 220 1 1 1 "PBmm"
 715 94 198 154 1 1 1 "PBmv"
 716 73 60 78 1 1 1 "pc"
 717 46 32 159 1 1 1 "pce"
 718 188 176 6 1 1 1 "pcf"
 719 212 27 214 1 1 1 "PCG"
 720 159 82 63 1 1 1 "PCN"
 721 121 168 148 1 1 1 "PD"
 722 203 176 77 1 1 1 "per"
 723 254 254 41 1 1 1 "PERI"
 724 205 238 181 1 1 1 "PERI1"
 725 92 71 89 1 1 1 "PERI2-3"
 726 206 229 217 1 1 1 "PERI5"
 727 17 182 147 1 1 1 "PERI6a"
 728 202 88 35 1 1 1 "PERI6b"
 729 35 166 252 1 1 1 "PF"
 730 103 42 236 1 1 1 "PFL"
 731 114 2 180 1 1 1 "PFLgr"
 732 219 79 50 1 1 1 "PFLmo"
 733 108 102 178 1 1 1 "PFLpu"
 734 246 189 172 1 1 1 "pfs"
 735 224 217 140 1 1 1 "PG"
 736 163 109 80 1 1 1 "PGRN"
 737 42 73 188 1 1 1 "PGRNd"
 738 138 247 52 1 1 1 "PGRNl"
 739 253 156 209 1 1 1 "PH"
 740 62 30 188 1 1 1 "php"
 741 79 68 42 1 1 1 "phpd"
 742 57 90 15 1 1 1 "phpl"
 743 83 225 80 1 1 1 "phpm"
 744 29 149 46 1 1 1 "phpv"
 745 246 21 56 1 1 1 "PHY"
 746 194 151 104 1 1 1 "PIN"
 747 17 221 185 1 1 1 "PIR"
 748 90 63 101 1 1 1 "PIR1"
 749 87 160 152 1 1 1 "PIR1-3"
 750 182 72 35 1 1 1 "PIR2"
 751 245 173 38 1 1 1 "PIR3"
 752 13 55 220 1 1 1 "PIS"
 753 75 115 190 1 1 1 "PL"
 754 158 155 172 1 1 1 "PL1"
 755 76 56 8 1 1 1 "PL2"
 756 70 162 228 1 1 1 "PL2-3"
 757 153 22 244 1 1 1 "PL5"
 758 211 112 213 1 1 1 "PL6a"
 759 193 109 9 1 1 1 "PL6b"
 760 157 110 6 1 1 1 "plf"
 761 219 230 118 1 1 1 "pm"
 762 89 110 175 1 1 1 "PMd"
 763 14 55 114 1 1 1 "P-mot"
 764 171 226 180 1 1 1 "PMR"
 765 216 162 199 1 1 1 "pms"
 766 90 218 91 1 1 1 "PMv"
 767 131 165 123 1 1 1 "pmx"
 768 179 166 151 1 1 1 "PO"
 769 175 80 102 1 1 1 "poc"
 770 172 47 70 1 1 1 "POL"
 771 9 177 129 1 1 1 "POR"
 772 205 71 1 1 1 1 "POST"
 773 15 29 236 1 1 1 "POST1"
 774 218 5 133 1 1 1 "POST2"
 775 127 195 94 1 1 1 "POST3"
 776 207 157 8 1 1 1 "PP"
 777 58 187 16 1 1 1 "ppf"
 778 41 59 197 1 1 1 "PPN"
 779 126 72 117 1 1 1 "PPT"
 780 247 81 114 1 1 1 "PPY"
 781 167 198 22 1 1 1 "PPYd"
 782 239 202 114 1 1 1 "PPYs"
 783 227 15 174 1 1 1 "PR"
 784 153 142 48 1 1 1 "PRC"
 785 92 121 191 1 1 1 "PRE"
 786 19 63 19 1 1 1 "PRE1"
 787 249 210 27 1 1 1 "PRE2"
 788 234 243 208 1 1 1 "PRE3"
 789 213 32 98 1 1 1 "pri"
 790 37 197 119 1 1 1 "PRM"
 791 163 77 81 1 1 1 "PRMgr"
 792 176 254 242 1 1 1 "PRMmo"
 793 140 188 122 1 1 1 "PRMpu"
 794 36 216 32 1 1 1 "PRNc"
 795 110 212 249 1 1 1 "PRNr"
 796 129 213 55 1 1 1 "PRNv"
 797 48 214 148 1 1 1 "PRP"
 798 43 75 194 1 1 1 "PRT"
 799 208 8 16 1 1 1 "PS"
 800 239 32 52 1 1 1 "P-sat"
 801 166 38 186 1 1 1 "PSCH"
 802 218 184 21 1 1 1 "P-sen"
 803 95 133 82 1 1 1 "psf"
 804 170 30 49 1 1 1 "PST"
 805 100 147 96 1 1 1 "PSTN"
 806 31 199 190 1 1 1 "PSV"
 807 131 228 94 1 1 1 "PT"
 808 224 224 237 1 1 1 "ptf"
 809 71 72 242 1 1 1 "PTLp"
 810 161 40 18 1 1 1 "PTLp1"
 811 188 7 242 1 1 1 "PTLp2-3"
 812 186 158 21 1 1 1 "PTLp4"
 813 74 250 222 1 1 1 "PTLp5"
 814 98 14 123 1 1 1 "PTLp6a"
 815 7 128 225 1 1 1 "PTLp6b"
 816 247 52 90 1 1 1 "PVa"
 817 205 75 128 1 1 1 "pvbh"
 818 78 186 116 1 1 1 "pvbt"
 819 91 118 108 1 1 1 "PVH"
 820 102 115 110 1 1 1 "PVHam"
 821 56 211 162 1 1 1 "PVHap"
 822 165 163 174 1 1 1 "PVHd"
 823 191 117 138 1 1 1 "PVHdp"
 824 94 85 215 1 1 1 "PVHf"
 825 236 96 58 1 1 1 "PVHlp"
 826 174 79 239 1 1 1 "PVHm"
 827 144 34 176 1 1 1 "PVHmm"
 828 122 111 142 1 1 1 "PVHmpd"
 829 54 111 145 1 1 1 "PVHmpv"
 830 214 200 84 1 1 1 "PVHp"
 831 7 205 154 1 1 1 "PVHpm"
 832 239 146 249 1 1 1 "PVHpml"
 833 224 37 145 1 1 1 "PVHpmm"
 834 14 40 168 1 1 1 "PVHpv"
 835 209 179 92 1 1 1 "PVi"
 836 99 217 247 1 1 1 "PVp"
 837 74 81 239 1 1 1 "PVpo"
 838 217 156 128 1 1 1 "PVR"
 839 104 117 159 1 1 1 "PVT"
 840 202 162 35 1 1 1 "PVZ"
 841 26 159 137 1 1 1 "py"
 842 78 86 176 1 1 1 "pyd"
 843 111 250 239 1 1 1 "PYR"
 844 172 41 249 1 1 1 "PYRgr"
 845 4 203 218 1 1 1 "PYRmo"
 846 33 153 185 1 1 1 "PYRpu"
 847 64 106 15 1 1 1 "RAmb"
 848 93 91 245 1 1 1 "RC"
 849 197 187 70 1 1 1 "RCH"
 850 141 108 191 1 1 1 "rct"
 851 134 178 197 1 1 1 "RE"
 852 55 201 192 1 1 1 "rf"
 853 176 16 214 1 1 1 "RH"
 854 44 169 126 1 1 1 "RHP"
 855 171 106 50 1 1 1 "ri"
 856 176 47 49 1 1 1 "RL"
 857 50 193 48 1 1 1 "RM"
 858 74 214 78 1 1 1 "RN"
 859 125 140 22 1 1 1 "RO"
 860 120 47 94 1 1 1 "root"
 861 44 31 19 1 1 1 "RPA"
 862 110 27 176 1 1 1 "RPO"
 863 170 245 141 1 1 1 "RR"
 864 180 40 27 1 1 1 "rrt"
 865 50 148 11 1 1 1 "RSP"
 866 159 230 119 1 1 1 "RSPagl"
 867 230 158 12 1 1 1 "RSPagl1"
 868 50 168 165 1 1 1 "RSPagl2-3"
 869 227 167 214 1 1 1 "RSPagl5"
 870 212 176 42 1 1 1 "RSPagl6a"
 871 28 173 184 1 1 1 "RSPagl6b"
 872 37 84 228 1 1 1 "RSPd"
 873 99 149 246 1 1 1 "RSPd1"
 874 10 53 23 1 1 1 "RSPd2-3"
 875 140 92 0 1 1 1 "RSPd4"
 876 145 232 6 1 1 1 "RSPd5"
 877 50 138 58 1 1 1 "RSPd6a"
 878 39 64 225 1 1 1 "RSPd6b"
 879 145 130 61 1 1 1 "RSPv"
 880 215 104 168 1 1 1 "RSPv1"
 881 39 167 62 1 1 1 "RSPv2"
 882 108 219 91 1 1 1 "RSPv2-3"
 883 179 90 245 1 1 1 "RSPv5"
 884 55 169 214 1 1 1 "RSPv6a"
 885 251 4 34 1 1 1 "RSPv6b"
 886 93 136 102 1 1 1 "rst"
 887 234 3 188 1 1 1 "rstl"
 888 165 245 74 1 1 1 "rstm"
 889 185 213 9 1 1 1 "RT"
 890 75 153 16 1 1 1 "rust"
 891 64 163 104 1 1 1 "SAG"
 892 100 152 83 1 1 1 "sAMY"
 893 157 115 96 1 1 1 "SBPV"
 894 102 126 240 1 1 1 "SCdg"
 895 0 18 149 1 1 1 "SCdw"
 896 180 104 186 1 1 1 "SCH"
 897 114 71 118 1 1 1 "SCig"
 898 50 72 245 1 1 1 "SCig-a"
 899 206 165 107 1 1 1 "SCig-b"
 900 34 231 36 1 1 1 "SCig-c"
 901 204 24 134 1 1 1 "SCiw"
 902 177 227 9 1 1 1 "SCm"
 903 78 57 60 1 1 1 "SCop"
 904 31 229 50 1 1 1 "scp"
 905 179 227 12 1 1 1 "scrt"
 906 31 128 173 1 1 1 "SCs"
 907 180 176 58 1 1 1 "SCsg"
 908 111 26 119 1 1 1 "sct"
 909 111 46 22 1 1 1 "sctd"
 910 253 55 234 1 1 1 "sctv"
 911 178 88 53 1 1 1 "SCzo"
 912 58 116 59 1 1 1 "sec"
 913 135 110 3 1 1 1 "SEZ"
 914 176 207 105 1 1 1 "SF"
 915 228 1 175 1 1 1 "SFO"
 916 174 170 94 1 1 1 "SG"
 917 85 10 193 1 1 1 "SGN"
 918 115 127 83 1 1 1 "SH"
 919 243 183 52 1 1 1 "shp"
 920 100 180 121 1 1 1 "SI"
 921 53 207 114 1 1 1 "sif"
 922 247 74 209 1 1 1 "SIM"
 923 202 71 180 1 1 1 "SIMgr"
 924 41 186 124 1 1 1 "SIMmo"
 925 241 36 21 1 1 1 "SIMpu"
 926 206 134 7 1 1 1 "SLC"
 927 53 204 30 1 1 1 "SLD"
 928 170 31 67 1 1 1 "sm"
 929 108 190 61 1 1 1 "smd"
 930 109 47 90 1 1 1 "SMT"
 931 55 208 49 1 1 1 "SNc"
 932 177 74 190 1 1 1 "SNl"
 933 106 109 236 1 1 1 "snp"
 934 70 91 95 1 1 1 "SNr"
 935 180 199 27 1 1 1 "SO"
 936 222 71 200 1 1 1 "SOC"
 937 169 60 231 1 1 1 "SOCl"
 938 62 81 43 1 1 1 "SOCm"
 939 114 217 194 1 1 1 "sop"
 940 133 178 207 1 1 1 "SPA"
 941 239 169 29 1 1 1 "SPF"
 942 6 223 68 1 1 1 "SPFm"
 943 14 61 3 1 1 1 "SPFp"
 944 203 32 173 1 1 1 "SPIV"
 945 239 53 40 1 1 1 "sptV"
 946 87 7 119 1 1 1 "SPVC"
 947 71 222 40 1 1 1 "SPVI"
 948 228 20 245 1 1 1 "SPVO"
 949 38 202 190 1 1 1 "SPVOcdm"
 950 118 134 183 1 1 1 "SPVOmdmd"
 951 233 203 147 1 1 1 "SPVOmdmv"
 952 124 101 115 1 1 1 "SPVOrdm"
 953 99 174 13 1 1 1 "SPVOvl"
 954 214 240 152 1 1 1 "srp"
 955 251 182 196 1 1 1 "SS"
 956 22 178 74 1 1 1 "SS1"
 957 116 5 121 1 1 1 "SS2-3"
 958 76 108 183 1 1 1 "SS4"
 959 65 70 196 1 1 1 "SS5"
 960 170 142 33 1 1 1 "SS6a"
 961 22 192 25 1 1 1 "SS6b"
 962 123 175 134 1 1 1 "SSN"
 963 220 156 116 1 1 1 "SSp"
 964 134 170 21 1 1 1 "SSp1"
 965 227 125 74 1 1 1 "SSp2-3"
 966 24 153 77 1 1 1 "SSp4"
 967 72 55 97 1 1 1 "SSp5"
 968 243 75 160 1 1 1 "SSp6a"
 969 122 33 0 1 1 1 "SSp6b"
 970 45 80 211 1 1 1 "SSp-bfd"
 971 127 140 244 1 1 1 "SSp-bfd1"
 972 34 204 118 1 1 1 "SSp-bfd2-3"
 973 96 112 114 1 1 1 "SSp-bfd4"
 974 150 228 206 1 1 1 "SSp-bfd5"
 975 239 105 65 1 1 1 "SSp-bfd6a"
 976 228 213 157 1 1 1 "SSp-bfd6b"
 977 195 182 78 1 1 1 "SSp-ll"
 978 15 114 75 1 1 1 "SSp-ll1"
 979 102 61 222 1 1 1 "SSp-ll2-3"
 980 17 214 23 1 1 1 "SSp-ll4"
 981 29 9 192 1 1 1 "SSp-ll5"
 982 97 243 85 1 1 1 "SSp-ll6a"
 983 80 109 22 1 1 1 "SSp-ll6b"
 984 162 167 204 1 1 1 "SSp-m"
 985 244 252 126 1 1 1 "SSp-m1"
 986 22 95 174 1 1 1 "SSp-m2-3"
 987 66 247 79 1 1 1 "SSp-m4"
 988 86 209 60 1 1 1 "SSp-m5"
 989 183 208 248 1 1 1 "SSp-m6a"
 990 199 160 129 1 1 1 "SSp-m6b"
 991 147 235 183 1 1 1 "SSp-n"
 992 244 206 112 1 1 1 "SSp-n1"
 993 57 63 59 1 1 1 "SSp-n2-3"
 994 128 124 25 1 1 1 "SSp-n4"
 995 133 122 159 1 1 1 "SSp-n5"
 996 243 176 61 1 1 1 "SSp-n6a"
 997 93 133 120 1 1 1 "SSp-n6b"
 998 15 73 223 1 1 1 "SSp-tr"
 999 177 204 4 1 1 1 "SSp-tr1"
 1000 31 45 91 1 1 1 "SSp-tr2-3"
 1001 213 41 101 1 1 1 "SSp-tr4"
 1002 60 238 15 1 1 1 "SSp-tr5"
 1003 235 238 9 1 1 1 "SSp-tr6a"
 1004 118 25 76 1 1 1 "SSp-tr6b"
 1005 38 167 79 1 1 1 "SSp-ul"
 1006 95 80 67 1 1 1 "SSp-ul1"
 1007 165 157 134 1 1 1 "SSp-ul2-3"
 1008 122 244 195 1 1 1 "SSp-ul4"
 1009 239 221 215 1 1 1 "SSp-ul5"
 1010 169 155 184 1 1 1 "SSp-ul6a"
 1011 102 140 129 1 1 1 "SSp-ul6b"
 1012 27 195 77 1 1 1 "SSp-un"
 1013 185 7 252 1 1 1 "SSp-un1"
 1014 83 33 194 1 1 1 "SSp-un2-3"
 1015 247 210 178 1 1 1 "SSp-un4"
 1016 245 126 216 1 1 1 "SSp-un5"
 1017 237 132 81 1 1 1 "SSp-un6a"
 1018 56 30 216 1 1 1 "SSp-un6b"
 1019 66 103 22 1 1 1 "SSs"
 1020 253 230 63 1 1 1 "SSs1"
 1021 111 34 43 1 1 1 "SSs2-3"
 1022 204 251 199 1 1 1 "SSs4"
 1023 114 105 142 1 1 1 "SSs5"
 1024 7 246 95 1 1 1 "SSs6a"
 1025 49 106 57 1 1 1 "SSs6b"
 1026 122 55 69 1 1 1 "sst"
 1027 159 21 113 1 1 1 "st"
 1028 107 40 46 1 1 1 "step"
 1029 191 43 123 1 1 1 "stf"
 1030 254 21 196 1 1 1 "STN"
 1031 177 153 194 1 1 1 "stp"
 1032 23 47 80 1 1 1 "STR"
 1033 242 24 217 1 1 1 "STRd"
 1034 168 150 101 1 1 1 "STRv"
 1035 235 168 18 1 1 1 "sttl"
 1036 90 170 23 1 1 1 "sttv"
 1037 82 203 17 1 1 1 "SUB"
 1038 135 57 109 1 1 1 "SUBd"
 1039 118 193 239 1 1 1 "SUBd-m"
 1040 141 154 118 1 1 1 "SUBd-sp"
 1041 30 84 244 1 1 1 "SUBd-sr"
 1042 46 183 106 1 1 1 "SubG"
 1043 96 170 247 1 1 1 "SUBv"
 1044 63 177 148 1 1 1 "SUBv-m"
 1045 243 201 19 1 1 1 "SUBv-sp"
 1046 112 253 63 1 1 1 "SUBv-sr"
 1047 7 181 116 1 1 1 "SUM"
 1048 242 104 146 1 1 1 "SUMl"
 1049 171 237 94 1 1 1 "SUMm"
 1050 47 121 60 1 1 1 "sup"
 1051 142 112 232 1 1 1 "supa"
 1052 213 70 71 1 1 1 "supd"
 1053 117 145 212 1 1 1 "supv"
 1054 203 109 197 1 1 1 "SUT"
 1055 245 247 30 1 1 1 "SUV"
 1056 76 222 118 1 1 1 "sV"
 1057 108 176 35 1 1 1 "svp"
 1058 88 254 69 1 1 1 "tb"
 1059 100 60 203 1 1 1 "tct"
 1060 144 216 33 1 1 1 "TEa"
 1061 233 207 107 1 1 1 "TEa1"
 1062 58 189 25 1 1 1 "TEa2-3"
 1063 87 1 77 1 1 1 "TEa4"
 1064 245 29 211 1 1 1 "TEa5"
 1065 26 198 177 1 1 1 "TEa6a"
 1066 234 85 118 1 1 1 "TEa6b"
 1067 149 170 160 1 1 1 "TH"
 1068 15 60 153 1 1 1 "TM"
 1069 238 94 117 1 1 1 "TMd"
 1070 7 86 159 1 1 1 "TMv"
 1071 250 170 88 1 1 1 "tn"
 1072 195 94 118 1 1 1 "tp"
 1073 218 21 223 1 1 1 "TR"
 1074 26 131 254 1 1 1 "TR1"
 1075 4 142 117 1 1 1 "TR1-3"
 1076 92 216 156 1 1 1 "TR2"
 1077 20 149 41 1 1 1 "TR3"
 1078 112 108 168 1 1 1 "TRN"
 1079 222 91 216 1 1 1 "TRS"
 1080 9 65 132 1 1 1 "ts"
 1081 238 159 31 1 1 1 "tsp"
 1082 218 159 230 1 1 1 "tspc"
 1083 100 200 196 1 1 1 "tspd"
 1084 153 20 96 1 1 1 "TT"
 1085 251 189 220 1 1 1 "TTd"
 1086 182 235 91 1 1 1 "TTd1"
 1087 8 247 168 1 1 1 "TTd1-4"
 1088 20 88 15 1 1 1 "TTd2"
 1089 45 153 42 1 1 1 "TTd3"
 1090 140 239 91 1 1 1 "TTd4"
 1091 211 44 236 1 1 1 "ttp"
 1092 168 49 50 1 1 1 "TTv"
 1093 75 181 246 1 1 1 "TTv1"
 1094 170 19 47 1 1 1 "TTv1-3"
 1095 149 14 112 1 1 1 "TTv2"
 1096 105 168 185 1 1 1 "TTv3"
 1097 96 205 119 1 1 1 "TU"
 1098 149 108 59 1 1 1 "uf"
 1099 69 202 193 1 1 1 "UVU"
 1100 81 176 110 1 1 1 "UVUgr"
 1101 82 36 68 1 1 1 "UVUmo"
 1102 164 188 236 1 1 1 "UVUpu"
 1103 198 177 27 1 1 1 "V"
 1104 68 18 153 1 1 1 "V3"
 1105 151 93 210 1 1 1 "V4"
 1106 121 175 249 1 1 1 "V4r"
 1107 81 52 0 1 1 1 "VAL"
 1108 8 99 93 1 1 1 "vc"
 1109 119 118 9 1 1 1 "VCO"
 1110 228 194 236 1 1 1 "VENT"
 1111 101 20 150 1 1 1 "VERM"
 1112 149 134 104 1 1 1 "vhc"
 1113 7 180 145 1 1 1 "VI"
 1114 232 17 155 1 1 1 "VII"
 1115 32 89 196 1 1 1 "VIIIn"
 1116 10 228 1 1 1 1 "VIIn"
 1117 119 53 185 1 1 1 "VIn"
 1118 66 200 39 1 1 1 "VIS"
 1119 154 92 99 1 1 1 "VIS1"
 1120 138 48 176 1 1 1 "VIS2-3"
 1121 35 234 198 1 1 1 "VIS4"
 1122 165 190 18 1 1 1 "VIS5"
 1123 110 183 7 1 1 1 "VIS6a"
 1124 207 127 161 1 1 1 "VIS6b"
 1125 55 246 150 1 1 1 "VISal"
 1126 195 126 169 1 1 1 "VISal1"
 1127 81 225 191 1 1 1 "VISal2-3"
 1128 65 225 240 1 1 1 "VISal4"
 1129 33 90 194 1 1 1 "VISal5"
 1130 19 225 190 1 1 1 "VISal6a"
 1131 17 38 150 1 1 1 "VISal6b"
 1132 163 34 140 1 1 1 "VISam"
 1133 10 183 230 1 1 1 "VISam1"
 1134 38 217 220 1 1 1 "VISam2-3"
 1135 85 103 151 1 1 1 "VISam4"
 1136 205 91 114 1 1 1 "VISam5"
 1137 116 152 4 1 1 1 "VISam6a"
 1138 37 81 105 1 1 1 "VISam6b"
 1139 105 125 248 1 1 1 "VISC"
 1140 180 160 88 1 1 1 "VISC1"
 1141 35 189 229 1 1 1 "VISC2-3"
 1142 40 164 182 1 1 1 "VISC4"
 1143 78 150 155 1 1 1 "VISC5"
 1144 191 149 106 1 1 1 "VISC6a"
 1145 160 38 202 1 1 1 "VISC6b"
 1146 32 102 118 1 1 1 "VISl"
 1147 190 240 76 1 1 1 "VISl1"
 1148 8 59 36 1 1 1 "VISl23"
 1149 247 3 81 1 1 1 "VISl4"
 1150 234 55 242 1 1 1 "VISl5"
 1151 154 183 239 1 1 1 "VISl6a"
 1152 219 156 10 1 1 1 "VISl6b"
 1153 139 25 79 1 1 1 "VISp"
 1154 45 195 37 1 1 1 "VISp1"
 1155 6 109 163 1 1 1 "VISp2-3"
 1156 245 235 252 1 1 1 "VISp4"
 1157 113 180 119 1 1 1 "VISp5"
 1158 181 60 5 1 1 1 "VISp6a"
 1159 246 39 86 1 1 1 "VISp6b"
 1160 194 233 250 1 1 1 "VISpl"
 1161 175 125 208 1 1 1 "VISpl1"
 1162 188 110 185 1 1 1 "VISpl2-3"
 1163 162 239 248 1 1 1 "VISpl4"
 1164 206 66 175 1 1 1 "VISpl5"
 1165 63 149 204 1 1 1 "VISpl6a"
 1166 191 133 144 1 1 1 "VISpl6b"
 1167 53 162 59 1 1 1 "VISpm"
 1168 64 223 142 1 1 1 "VISpm1"
 1169 74 25 250 1 1 1 "VISpm2-3"
 1170 48 150 151 1 1 1 "VISpm4"
 1171 6 113 159 1 1 1 "VISpm5"
 1172 239 179 126 1 1 1 "VISpm6a"
 1173 19 199 121 1 1 1 "VISpm6b"
 1174 2 216 73 1 1 1 "VL"
 1175 109 219 231 1 1 1 "VLPO"
 1176 42 6 99 1 1 1 "vlt"
 1177 176 222 126 1 1 1 "VM"
 1178 203 51 254 1 1 1 "VMH"
 1179 128 166 167 1 1 1 "VMHa"
 1180 229 172 237 1 1 1 "VMHc"
 1181 189 219 178 1 1 1 "VMHdm"
 1182 1 164 123 1 1 1 "VMHvl"
 1183 70 162 31 1 1 1 "Vn"
 1184 89 155 234 1 1 1 "VNC"
 1185 27 142 193 1 1 1 "von"
 1186 75 218 51 1 1 1 "VP"
 1187 180 225 57 1 1 1 "VPL"
 1188 246 233 117 1 1 1 "VPLpc"
 1189 132 147 213 1 1 1 "VPM"
 1190 33 183 35 1 1 1 "VPMpc"
 1191 31 2 49 1 1 1 "vrt"
 1192 251 173 133 1 1 1 "VS"
 1193 88 234 179 1 1 1 "vsp"
 1194 90 236 248 1 1 1 "VTA"
 1195 142 232 104 1 1 1 "vtd"
 1196 113 167 187 1 1 1 "VTN"
 1197 241 131 224 1 1 1 "vVIIIn"
 1198 209 202 53 1 1 1 "x"
 1199 48 97 28 1 1 1 "XII"
 1200 200 197 158 1 1 1 "XIIn"
 1201 16 2 143 1 1 1 "XIn"
 1202 179 105 55 1 1 1 "Xn"
 1203 71 233 245 1 1 1 "y"
 1204 55 20 116 1 1 1 "z"
 1205 74 187 238 1 1 1 "ZI"
 1206 170 172 100 1 1 1 "retina"
 1207 83 144 205 1 1 1 "VISa"
 1208 199 84 172 1 1 1 "VISa1"
 1209 142 194 148 1 1 1 "VISa2-3"
 1210 106 91 139 1 1 1 "VISa4"
 1211 168 164 144 1 1 1 "VISa5"
 1212 249 139 9 1 1 1 "VISa6a"
 1213 245 61 176 1 1 1 "VISa6b"
 1214 108 165 127 1 1 1 "VISli"
 1215 225 58 70 1 1 1 "VISli1"
 1216 69 134 210 1 1 1 "VISli2-3"
 1217 124 86 16 1 1 1 "VISli4"
 1218 154 35 51 1 1 1 "VISli5"
 1219 82 178 70 1 1 1 "VISli6a"
 1220 209 244 235 1 1 1 "VISli6b"
 1221 155 61 88 1 1 1 "VISpor"
 1222 174 168 1 1 1 1 "VISpor1"
 1223 228 141 240 1 1 1 "VISpor2-3"
 1224 217 175 128 1 1 1 "VISpor4"
 1225 154 82 212 1 1 1 "VISpor5"
 1226 140 99 118 1 1 1 "VISpor6a"
 1227 246 24 87 1 1 1 "VISpor6b"
 1228 142 175 53 1 1 1 "VISrl"
 1229 97 107 76 1 1 1 "VISrl1"
 1230 209 19 203 1 1 1 "VISrl2-3"
 1231 62 42 214 1 1 1 "VISrl4"
 1232 248 122 12 1 1 1 "VISrl5"
 1233 115 181 160 1 1 1 "VISrl6a"
 1234 232 203 91 1 1 1 "VISrl6b"
 1235 48 111 18 1 1 1 "APr"
 1236 248 183 127 1 1 1 "ar"
 1237 207 6 162 1 1 1 "ccb"
 1238 166 248 104 1 1 1 "or"
 1239 153 223 50 1 1 1 "ProS"
 1240 149 183 220 1 1 1 "ProSd"
 1241 44 83 141 1 1 1 "ProSd-m"
 1242 129 15 98 1 1 1 "ProSd-sp"
 1243 180 39 145 1 1 1 "ProSd-sr"
 1244 78 59 117 1 1 1 "ProSv"
 1245 67 87 190 1 1 1 "ProSv-m"
 1246 222 117 159 1 1 1 "ProSv-sp"
 1247 68 210 134 1 1 1 "Prosv-sr"
 1248 172 141 53 1 1 1 "scwm"
 1249 192 103 211 1 1 1 "stc"
 1250 248 15 8 1 1 1 "VISlla"
 1251 27 27 3 1 1 1 "VISlla1"
 1252 18 108 213 1 1 1 "VISlla2-3"
 1253 126 77 153 1 1 1 "VISlla4"
 1254 135 189 91 1 1 1 "VISlla5"
 1255 25 7 69 1 1 1 "VISlla6a"
 1256 5 212 119 1 1 1 "VISlla6b"
 1257 5 227 12 1 1 1 "VISm"
 1258 245 54 166 1 1 1 "VISm1"
 1259 47 30 109 1 1 1 "VISm2-3"
 1260 239 125 123 1 1 1 "VISm4"
 1261 9 181 79 1 1 1 "VISm5"
 1262 140 241 171 1 1 1 "VISm6a"
 1263 174 107 28 1 1 1 "VISm6b"
 1264 117 153 245 1 1 1 "VISmma"
 1265 157 136 66 1 1 1 "VISmma1"
 1266 254 199 123 1 1 1 "VISmma2-3"
 1267 33 138 90 1 1 1 "VISmma4"
 1268 246 136 17 1 1 1 "VISmma5"
 1269 109 1 39 1 1 1 "VISmma6a"
 1270 192 84 179 1 1 1 "VISmma6b"
 1271 143 22 36 1 1 1 "VISmmp"
 1272 225 151 161 1 1 1 "VISmmp1"
 1273 216 82 252 1 1 1 "VISmmp2-3"
 1274 140 154 60 1 1 1 "VISmmp4"
 1275 21 79 254 1 1 1 "VISmmp5"
 1276 76 48 231 1 1 1 "VISmmp6a"
 1277 148 76 180 1 1 1 "VISmmp6b"
 1278 140 174 113 1 1 1 "VISrll"
 1279 70 111 80 1 1 1 "VISrll1"
 1280 71 95 114 1 1 1 "VISrll2-3"
 1281 191 77 75 1 1 1 "VISrll4"
 1282 213 30 181 1 1 1 "VISrll5"
 1283 102 80 174 1 1 1 "VISrll6a"
 1284 212 185 209 1 1 1 "VISrll6b"
 1285 0 250 154 1 1 1 "LGd-sh"
 1286 85 107 47 1 1 1 "LGd-co"
 1287 64 224 208 1 1 1 "LGd-ip"
 1288 128 26 78 1 1 1 "FRP5"
 1289 99 241 190 1 1 1 "FRP6a"
 1290 24 78 158 1 1 1 "FRP6b"
 1291 37 48 178 1 1 1 "ORBm6b"
 1292 13 87 38 1 1 1 "RPF"
 1293 74 144 180 1 1 1 "InCo"
 1294 69 213 235 1 1 1 "MA3"
 1295 38 186 134 1 1 1 "P5"
 1296 156 27 33 1 1 1 "Acs5"
 1297 247 88 79 1 1 1 "PC5"
 1298 39 99 215 1 1 1 "I5"
 1299 128 32 98 1 1 1 "LSS"
 1300 124 22 39 1 1 1 "Eth"
 1301 34 111 238 1 1 1 "REth"
 1302 245 144 123 1 1 1 "Xi"
 1303 23 90 147 1 1 1 "PIL"
 1304 25 81 232 1 1 1 "PoT"
 1305 55 4 199 1 1 1 "IntG"
 1306 142 72 159 1 1 1 "PeF"
 1307 215 185 71 1 1 1 "VMPO"
 1308 151 185 250 1 1 1 "HATA"
 1309 25 153 188 1 1 1 "VeCb"
 1310 21 165 210 1 1 1 "Pa5"
 1311 12 58 100 1 1 1 "PDTg"
 1312 222 65 130 1 1 1 "SCO"
 1313 35 133 168 1 1 1 "Mml"
 1314 27 234 62 1 1 1 "Mmm"
 1315 38 221 189 1 1 1 "Mmp"
 1316 43 176 92 1 1 1 "Mmd"
 1317 189 14 255 1 1 1 "Pa4"
 1318 23 144 25 1 1 1 "PN"
 1319 234 35 90 1 1 1 "IPR"
 1320 12 166 15 1 1 1 "IPC"
 1321 56 99 78 1 1 1 "IPA"
 1322 89 100 245 1 1 1 "IPL"
 1323 92 16 155 1 1 1 "IPI"
 1324 112 88 215 1 1 1 "IPDM"
 1325 178 56 25 1 1 1 "IPDL"
 1326 243 124 55 1 1 1 "IPRL"
 1327 105 194 55 1 1 1 "Su3"