1:ItNr	2:Metric	3a:Time	3b:StepSize	4:||Gradient||	Time[ms]
0	-0.225882	0.000000	1724.197734	0.002376	1978.2
1	-0.221516	0.000000	1724.197734	0.001664	6.8
2	-0.232251	0.000000	1724.197734	0.001970	7.0
3	-0.230692	0.000000	1724.197734	0.002560	7.4
4	-0.235780	0.000000	1724.197734	0.002917	6.0
5	-0.218285	0.000000	1724.197734	0.002134	10.0
6	-0.235800	0.000000	1724.197734	0.002609	7.2
7	-0.249145	0.000000	1724.197734	0.002067	6.5
8	-0.280874	1.000000	1645.825111	0.002952	7.4
9	-0.249760	0.387602	1692.950529	0.001858	10.0
10	-0.261057	0.000000	1724.197734	0.003474	9.5
11	-0.249761	0.000000	1724.197734	0.003342	14.2
12	-0.277103	0.000000	1724.197734	0.002492	6.8
13	-0.295045	0.000000	1724.197734	0.002875	5.9
14	-0.280285	0.000000	1724.197734	0.002288	5.8
15	-0.272313	0.000000	1724.197734	0.001709	4.1
16	-0.281737	0.000000	1724.197734	0.003569	15.9
17	-0.304103	0.000000	1724.197734	0.002591	4.6
18	-0.314528	0.000000	1724.197734	0.002766	9.0
19	-0.343581	0.000000	1724.197734	0.003469	7.9
20	-0.317987	0.000000	1724.197734	0.002496	4.5
21	-0.344703	0.000000	1724.197734	0.003325	11.3
22	-0.324005	0.000000	1724.197734	0.002953	5.7
23	-0.386213	0.000000	1724.197734	0.002247	11.2
24	-0.384007	0.000000	1724.197734	0.003705	4.3
25	-0.381673	0.000000	1724.197734	0.005577	8.3
26	-0.410468	0.000000	1724.197734	0.003034	13.0
27	-0.392987	0.000000	1724.197734	0.002489	4.0
28	-0.420317	0.000000	1724.197734	0.003277	6.1
29	-0.432992	0.000000	1724.197734	0.004215	12.8
30	-0.428051	0.000000	1724.197734	0.004973	2.6
31	-0.426528	0.000000	1724.197734	0.004141	5.6
32	-0.452361	1.000000	1645.825110	0.003736	11.7
33	-0.464178	0.387709	1692.942098	0.003554	7.8
34	-0.486198	0.000000	1724.197734	0.003096	10.9
35	-0.481432	0.000000	1724.197734	0.002415	6.3
36	-0.500403	0.000000	1724.197734	0.002615	12.7
37	-0.495880	0.000000	1724.197734	0.003239	4.8
38	-0.526485	0.000000	1724.197734	0.003288	7.5
39	-0.473080	1.000000	1645.825110	0.003289	6.5
40	-0.491197	2.000000	1574.267500	0.003736	6.1
41	-0.513091	1.387602	1617.330539	0.004064	11.9
42	-0.515449	2.387602	1548.177210	0.004451	8.8
43	-0.541700	1.800482	1588.043302	0.002966	5.7
44	-0.530778	1.188084	1631.873786	0.006423	14.2
45	-0.556526	2.188084	1561.498252	0.004842	2.0
46	-0.499497	1.575686	1603.856137	0.006353	5.8
47	-0.547293	2.575686	1535.826043	0.004172	6.3
48	-0.538165	1.963288	1576.784320	0.007296	6.0
49	-0.528849	2.963288	1510.984321	0.006360	5.8
50	-0.551562	3.963288	1450.456063	0.006325	5.8
51	-0.535717	4.963288	1394.590409	0.008412	7.9
52	-0.555452	5.963288	1342.868586	0.008685	5.8
53	-0.538529	6.963288	1294.846030	0.008482	6.1
54	-0.541925	7.963288	1250.139571	0.006915	6.3
55	-0.562664	8.963288	1208.417195	0.004540	12.3
56	-0.522635	9.963288	1169.389777	0.007059	9.1
57	-0.563095	10.963288	1132.804373	0.002650	7.1
58	-0.579100	11.963288	1098.438737	0.004111	13.7
59	-0.552305	11.350890	1119.232033	0.005363	11.0
60	-0.555656	12.350890	1085.672747	0.006940	11.3
61	-0.552017	13.350890	1054.067373	0.005541	11.0
62	-0.608850	14.350890	1024.250093	0.006116	5.9
63	-0.554241	15.350890	996.073339	0.005430	6.8
64	-0.573966	16.350890	969.405344	0.002803	5.9
65	-0.526245	15.738492	985.564468	0.003459	5.9
66	-0.597341	16.738492	959.448839	0.002798	11.2
67	-0.595924	16.126094	975.275025	0.003960	6.3
68	-0.570878	17.126087	949.694959	0.009877	6.4
69	-0.541154	18.126087	925.422280	0.006446	11.0
70	-0.561408	19.126087	902.359421	0.005330	6.2
71	-0.559269	18.513689	916.344525	0.003633	10.5
72	-0.544951	19.505057	893.916843	0.003328	6.4
73	-0.566969	18.892737	907.637708	0.007332	6.5
74	-0.550966	19.892737	885.442136	0.003218	6.2
75	-0.578646	20.892737	864.306202	0.006111	6.8
76	-0.571981	20.324790	876.184793	0.007824	10.7
77	-0.573461	21.324790	855.483336	0.005958	6.8
78	-0.551429	22.324790	835.737520	0.007036	11.1
79	-0.582433	23.324790	816.882664	0.006402	8.4
80	-0.572704	24.324790	798.859797	0.003305	6.2
81	-0.563529	25.324790	781.615039	0.009899	6.3
82	-0.519531	26.324778	765.099259	0.006801	10.9
83	-0.570844	27.324778	749.266817	0.006753	9.9
84	-0.588760	28.324778	734.076341	0.001851	5.9
85	-0.589442	27.712380	743.304937	0.005075	11.4
86	-0.571627	27.099982	752.768525	0.004141	6.0
87	-0.592513	28.099982	737.437185	0.003416	8.4
88	-0.602225	28.208152	735.816136	0.003101	6.4
89	-0.568528	29.208151	721.160837	0.005487	9.7
90	-0.571468	28.595753	730.065580	0.003953	7.7
91	-0.587324	29.595753	715.636195	0.005602	11.1
92	-0.573019	28.983355	724.404197	0.006381	4.2
93	-0.593954	28.370957	733.389715	0.005880	5.2
94	-0.547818	29.370957	718.829942	0.004806	6.0
95	-0.575298	30.370957	704.837017	0.003842	5.9
96	-0.599504	29.758560	713.340819	0.002913	5.8
97	-0.600613	30.758556	699.558788	0.003120	5.8
98	-0.611110	31.758555	686.299164	0.004134	7.6
99	-0.587911	32.758555	673.532839	0.008703	8.0
100	-0.612373	33.758555	661.232792	0.003881	12.3
101	-0.594415	34.758555	649.373934	0.003568	6.0
102	-0.587376	34.146157	656.585230	0.003379	6.5
103	-0.591699	33.533763	663.958444	0.004997	10.9
104	-0.606551	34.533763	652.002502	0.002323	6.5
105	-0.572043	33.921365	659.272624	0.003210	8.6
106	-0.541629	34.921365	647.483344	0.002801	6.0
107	-0.581266	35.358445	642.461883	0.005173	10.8
108	-0.594438	36.358441	631.261100	0.002498	11.4
109	-0.580188	37.358441	620.444137	0.005197	8.4
110	-0.574606	38.358441	609.991636	0.004169	5.7
111	-0.578891	39.358441	599.885483	0.005953	5.8
112	-0.594181	40.358441	590.108744	0.003383	4.4
113	-0.578491	39.746043	596.057796	0.006543	4.3
114	-0.589652	39.133649	602.127978	0.006612	4.4
115	-0.606166	40.133649	592.278607	0.003907	5.3
116	-0.582544	41.133649	582.746274	0.005655	9.8
117	-0.615217	42.133649	573.515915	0.002795	11.3
118	-0.568390	43.133649	564.573403	0.004674	7.1
119	-0.588555	42.521251	570.016363	0.004764	7.2
120	-0.565724	43.521251	561.181810	0.005157	9.9
121	-0.600997	44.521251	552.616928	0.003378	10.8
122	-0.563144	45.521251	544.309554	0.004879	2.6
123	-0.597622	46.521251	536.248246	0.004339	6.0
124	-0.598608	47.521251	528.422233	0.002120	5.9
125	-0.564350	47.588761	527.902119	0.010489	6.0
126	-0.584168	48.588761	520.316094	0.006730	5.9
127	-0.581184	49.588761	512.945004	0.002863	11.0
128	-0.583389	50.588761	505.779843	0.003579	3.9
129	-0.604007	50.186071	508.640972	0.005438	11.5
130	-0.620290	49.573673	513.054667	0.006460	6.2
131	-0.586570	50.573673	505.886463	0.006182	8.0
132	-0.578215	51.573673	498.915802	0.008552	8.0
133	-0.559814	52.573673	492.134629	0.002950	11.9
134	-0.610075	53.573673	485.535321	0.005483	3.9
135	-0.600693	52.961275	489.555545	0.004080	10.8
136	-0.604459	53.961275	483.024765	0.004421	4.5
137	-0.609466	53.348877	487.003351	0.004493	9.0
138	-0.590650	54.348877	480.540038	0.009446	5.7
139	-0.582221	53.839877	483.808281	0.005022	5.8
140	-0.590774	54.839877	477.428942	0.005712	5.8
141	-0.554560	55.839877	471.215645	0.007248	5.9
142	-0.608881	56.839877	465.161992	0.005759	5.8
143	-0.602011	57.839877	459.261907	0.003653	6.2
144	-0.572237	58.839877	453.509619	0.005029	8.1
145	-0.620763	59.824482	447.984961	0.001634	7.3
146	-0.597337	59.212084	451.405207	0.003461	6.4
147	-0.601519	58.599687	454.878077	0.005871	6.1
148	-0.618430	59.599687	449.234407	0.007791	6.4
149	-0.574957	60.599687	443.729062	0.003569	9.9
150	-0.604314	61.599687	438.357019	0.004310	5.8
151	-0.600393	62.599687	433.113494	0.004484	6.3
152	-0.596242	63.599687	427.993931	0.003740	5.9
153	-0.600781	62.987289	431.114672	0.004435	10.5
154	-0.561662	63.987289	426.041976	0.002788	1.5
155	-0.577690	63.374891	429.134214	0.007557	10.4
156	-0.569404	64.374891	424.107745	0.005180	4.7
157	-0.594867	65.374891	419.197664	0.003678	5.8
158	-0.576279	66.374891	414.399973	0.003570	11.2
159	-0.596180	67.368244	409.741676	0.005463	6.4
160	-0.617161	66.755846	412.601029	0.003037	8.0
161	-0.626334	67.619323	408.580784	0.005016	11.0
162	-0.597634	68.619323	404.021714	0.004818	10.9
163	-0.605382	69.619323	399.563264	0.005892	6.6
164	-0.609437	70.619323	395.202140	0.003859	7.3
165	-0.585604	71.619323	390.935189	0.003149	8.0
166	-0.590302	71.013846	393.507649	0.004588	5.4
167	-0.654881	70.401448	396.144186	0.003398	10.5
168	-0.601489	69.789051	398.816291	0.010156	2.9
169	-0.586178	70.789051	394.471369	0.006085	4.6
170	-0.585105	71.789051	390.220098	0.003294	3.7
171	-0.610269	72.788980	386.059775	0.004918	6.5
172	-0.575915	73.788980	381.986941	0.005853	6.7
173	-0.600951	74.788980	377.999145	0.005116	6.0
174	-0.598816	75.788980	374.093750	0.006175	5.8
175	-0.607718	76.788980	370.268230	0.004344	5.9
176	-0.622954	76.176582	372.601626	0.003521	6.0
177	-0.600768	77.176582	368.806407	0.005562	4.4
178	-0.572438	78.176582	365.087723	0.002634	5.8
179	-0.618100	77.564184	367.356082	0.004509	5.8
180	-0.599987	76.951786	369.652805	0.005273	5.8
181	-0.615769	77.951786	365.917119	0.006833	5.8
182	-0.602663	77.339388	368.195828	0.005614	7.7
183	-0.636767	78.339388	364.489385	0.005377	5.7
184	-0.627353	79.339388	360.856819	0.002347	6.4
185	-0.641211	80.339388	357.295945	0.003416	6.1
186	-0.621552	79.726990	359.468226	0.004712	6.2
187	-0.629329	79.114592	361.667081	0.006284	4.1
188	-0.595347	78.502194	363.893004	0.007607	7.6
189	-0.589489	79.502194	360.272257	0.003636	11.1
190	-0.579766	78.889796	362.480991	0.003731	5.9
191	-0.591552	79.889036	358.890855	0.003945	11.0
192	-0.584285	80.889036	355.368486	0.003833	12.0
193	-0.601313	80.276638	357.517322	0.006041	7.2
194	-0.571330	81.276638	354.021731	0.003426	5.9
195	-0.601552	82.276638	350.593833	0.003117	7.8
196	-0.644176	81.664433	352.684482	0.003296	6.2
197	-0.610829	81.052039	354.800873	0.004692	10.9
198	-0.607320	82.052039	351.357944	0.005231	5.8
199	-0.605096	83.052039	347.981192	0.005911	5.8
200	-0.616042	84.052039	344.668727	0.004338	6.8
201	-0.625746	83.439641	346.689745	0.003851	5.9
202	-0.604426	82.827521	348.733670	0.003708	8.4
203	-0.615482	82.215124	350.802781	0.004082	9.0
204	-0.583251	83.198396	347.492415	0.003704	6.9
205	-0.609281	84.198357	344.189335	0.003557	7.9
206	-0.583731	83.585959	346.204718	0.005920	5.4
207	-0.577680	84.585959	342.925829	0.004148	5.7
208	-0.588135	85.585959	339.708465	0.003700	6.3
209	-0.616507	84.973561	341.671565	0.005845	6.1
210	-0.606094	85.973561	338.477584	0.003500	5.6
211	-0.598582	85.361163	340.426443	0.004239	6.0
212	-0.611140	84.748765	342.397875	0.009892	3.6
213	-0.601626	85.748765	339.190364	0.007381	2.8
214	-0.614709	86.748765	336.042389	0.004830	2.8
215	-0.584896	86.136367	337.963228	0.004163	2.8
216	-0.614945	85.523969	339.906152	0.003140	2.8
217	-0.561906	84.911574	341.871536	0.004095	2.9
218	-0.572969	84.299176	343.859789	0.006661	2.8
219	-0.588791	83.686778	345.871304	0.003160	6.0
220	-0.598972	84.686778	342.598697	0.005842	11.3
221	-0.613380	84.074380	344.595442	0.005783	6.0
222	-0.589098	85.074380	341.346821	0.002271	5.8
223	-0.603316	84.461982	343.328958	0.005173	11.2
224	-0.603763	83.849584	345.334249	0.007934	7.1
225	-0.607672	83.237186	347.363102	0.001969	11.1
226	-0.596401	84.237186	344.062339	0.004512	6.4
227	-0.614479	83.624789	346.076230	0.002330	5.9
228	-0.596435	83.012391	348.113837	0.003560	5.8
229	-0.597253	84.012391	344.798859	0.003084	5.9
230	-0.620881	85.011705	341.548628	0.006023	5.9
231	-0.609933	84.399307	343.533116	0.007095	6.7
232	-0.627917	83.786909	345.540799	0.002747	7.0
233	-0.579937	83.174542	347.571987	0.008871	12.6
234	-0.603367	82.562144	349.627298	0.006634	10.1
235	-0.578246	83.562144	346.283570	0.004265	11.3
236	-0.594287	82.949746	348.323627	0.002619	6.7
237	-0.564764	83.949746	345.004670	0.004569	11.0
238	-0.610400	84.949746	341.748366	0.003833	11.5
239	-0.584383	84.337350	343.735174	0.003220	6.7
240	-0.585707	85.337350	340.502677	0.006200	14.8
241	-0.601275	86.337350	337.330410	0.005370	11.5
242	-0.576243	87.337350	334.216707	0.009283	6.6
243	-0.608863	88.337350	331.159960	0.006189	10.8
244	-0.604747	89.337350	328.158619	0.003620	11.5
245	-0.594984	90.337350	325.211193	0.003521	10.9
246	-0.597000	91.337350	322.316242	0.005379	6.0
247	-0.597325	92.337350	319.472376	0.006718	6.7
248	-0.579084	93.337350	316.678255	0.003524	10.2
249	-0.586040	92.724952	318.383537	0.005993	6.5
250	-0.604522	93.724952	315.608347	0.004877	11.1
251	-0.569950	94.724952	312.881119	0.005063	6.0
252	-0.621243	94.112554	314.545644	0.004524	5.7
253	-0.619922	95.112554	311.836672	0.006894	11.0
254	-0.622231	96.112554	309.173963	0.003904	4.8
255	-0.630108	97.112554	306.556341	0.007945	6.0
256	-0.610325	96.500156	308.154079	0.006830	5.4
257	-0.616165	97.500156	305.553626	0.002403	5.8
258	-0.601082	96.887758	307.140902	0.005278	5.6
259	-0.605234	96.275360	308.744756	0.002885	4.4
260	-0.628878	95.662962	310.365447	0.008566	4.6
261	-0.605529	96.662962	307.727697	0.003004	4.6
262	-0.623990	97.662842	305.134713	0.010665	4.5
263	-0.624544	98.662842	302.584759	0.002435	4.4
264	-0.579978	98.050445	304.141262	0.007804	11.2
265	-0.594203	98.605196	302.730598	0.003136	1.4
266	-0.602419	99.605196	300.220502	0.004770	6.4
267	-0.594044	98.992798	301.752714	0.007135	5.8
268	-0.632744	99.992798	299.258742	0.006103	5.6
269	-0.573994	100.992798	296.805656	0.003225	10.7
270	-0.640129	100.381849	298.299563	0.005199	6.6
271	-0.573431	99.769451	299.812181	0.003343	6.0
272	-0.609313	99.157053	301.340218	0.003875	4.6
273	-0.621787	100.157053	298.853031	0.004281	6.0
274	-0.597410	99.544716	300.371128	0.003739	11.4
275	-0.613876	98.932318	301.904882	0.003263	10.7
276	-0.604243	99.932318	299.408404	0.004319	7.9
277	-0.585025	99.319921	300.932317	0.003228	5.9
278	-0.610272	100.319921	298.451831	0.003884	6.0
279	-0.619394	101.319921	296.011903	0.003471	4.8
280	-0.595435	100.707523	297.501351	0.004601	5.2
281	-0.596402	100.099926	298.994010	0.008175	9.9
282	-0.623922	101.099926	296.545245	0.002123	5.6
283	-0.622356	100.487633	298.039822	0.002215	11.1
284	-0.598467	101.487633	295.606598	0.002977	5.3
285	-0.614496	102.487633	293.212783	0.004804	6.2
286	-0.620402	101.875235	294.674126	0.004297	6.8
287	-0.582184	101.262837	296.150109	0.006987	11.1
288	-0.593819	102.262837	293.747519	0.002925	6.3
289	-0.592351	101.650439	295.214210	0.002714	6.0
290	-0.547957	101.038042	296.695619	0.003290	5.8
291	-0.581374	102.038042	294.284205	0.006028	11.0
292	-0.600836	101.425645	295.756272	0.005727	3.0
293	-0.590870	102.425645	293.360042	0.006838	9.6
294	-0.613624	103.425645	291.002328	0.004060	5.9
295	-0.626724	104.425645	288.682210	0.004641	16.0
296	-0.595984	103.813247	290.098633	0.003595	1.4
297	-0.603300	103.200849	291.529025	0.002867	11.0
298	-0.604722	104.200849	289.200535	0.006475	5.7
299	-0.628562	105.200849	286.908945	0.005323	5.8
300	-0.598246	104.588451	288.307979	0.004056	10.2
301	-0.601635	103.976053	289.720723	0.003278	5.7
302	-0.635150	104.976053	287.420915	0.004901	10.9
303	-0.603719	105.971886	285.166690	0.004366	6.3
304	-0.572293	106.971886	282.938335	0.002814	5.8
305	-0.617176	107.971715	280.744910	0.004698	6.1
306	-0.591643	108.971715	278.584863	0.007466	6.0
307	-0.609304	109.971715	276.457802	0.002586	6.7
308	-0.570787	109.362925	277.748849	0.004506	8.0
309	-0.621289	110.235539	275.902035	0.002415	6.1
310	-0.597033	109.623141	277.195541	0.002003	11.5
311	-0.617541	109.010786	278.501142	0.003167	10.3
312	-0.626124	110.010767	276.375394	0.005592	7.9
313	-0.596642	109.398369	277.673353	0.003529	5.7
314	-0.631382	110.398369	275.560135	0.003932	6.2
315	-0.600867	111.398365	273.478849	0.005882	5.9
316	-0.625752	112.398365	271.428757	0.004799	11.3
317	-0.640706	111.788553	272.675255	0.005428	7.0
318	-0.592272	111.176155	273.938613	0.004136	5.7
319	-0.606835	110.567758	275.205361	0.001468	5.5
320	-0.604099	109.956299	276.490347	0.006117	5.9
321	-0.605363	110.956299	274.395029	0.002156	6.1
322	-0.630638	110.343901	275.674411	0.004751	11.1
323	-0.640913	111.343898	273.591401	0.002908	10.9
324	-0.578989	112.343898	271.539628	0.003325	1.5
325	-0.612263	111.731500	272.792460	0.006783	1.5
326	-0.602606	112.234753	271.762071	0.003407	10.4
327	-0.640093	113.234753	269.737543	0.007381	11.2
328	-0.610631	114.234753	267.742956	0.003351	6.9
329	-0.605177	115.234753	265.777650	0.004653	6.2
330	-0.603907	114.622355	266.977759	0.005103	10.8
331	-0.602832	114.009957	268.188756	0.004349	6.1
332	-0.607416	115.009957	266.216924	0.006560	11.4
333	-0.605616	114.397559	267.421013	0.003301	11.2
334	-0.617317	115.397495	265.460538	0.005789	5.7
335	-0.649890	114.785097	266.657779	0.002745	5.5
336	-0.584493	114.680808	266.862741	0.003329	5.8
337	-0.589223	114.068410	268.072692	0.003740	6.0
338	-0.619193	115.068410	266.102560	0.003808	5.9
339	-0.565723	116.068410	264.161175	0.004536	5.6
340	-0.592253	117.068410	262.247912	0.003478	5.0
341	-0.575702	116.456012	263.416287	0.003472	4.4
342	-0.595133	115.860445	264.562581	0.003442	4.3
343	-0.607861	116.860445	262.643520	0.003469	4.3
344	-0.598433	117.860445	260.752099	0.006215	5.1
345	-0.621897	118.860445	258.887726	0.004079	4.4
346	-0.607889	118.248047	260.026286	0.004569	4.5
347	-0.605205	119.248047	258.172240	0.005728	4.4
348	-0.612977	118.635649	259.304502	0.005367	4.7
349	-0.604566	119.635649	257.460699	0.004694	4.4
350	-0.615685	120.635649	255.642931	0.004859	4.4
351	-0.585920	121.635649	253.850652	0.002641	4.4
352	-0.620368	122.635649	252.083328	0.002708	4.1
353	-0.583368	123.625135	250.358643	0.002452	11.0
354	-0.604295	124.625134	248.639444	0.003705	8.7
355	-0.620486	124.012737	249.689464	0.005629	5.8
356	-0.641848	125.012737	247.979411	0.006526	5.8
357	-0.611187	126.012737	246.292622	0.005418	11.0
358	-0.589916	127.012737	244.628626	0.002018	4.0
359	-0.620094	128.012737	242.986964	0.007228	7.8
360	-0.612239	127.400339	243.989689	0.004980	5.5
361	-0.622629	126.787941	245.000724	0.003944	6.1
362	-0.632264	127.787941	243.354080	0.005938	5.7
363	-0.638336	128.787941	241.729423	0.004359	6.2
364	-0.595203	128.175543	242.721774	0.003383	5.8
365	-0.590372	129.149395	241.147507	0.004288	6.0
366	-0.588853	130.149395	239.552082	0.004307	12.1
367	-0.553376	131.149395	237.977629	0.002016	5.5
368	-0.619483	132.149395	236.423737	0.007143	6.4
369	-0.593202	133.149395	234.890006	0.005597	5.5
370	-0.638308	132.536997	235.826889	0.002772	5.8
371	-0.570543	131.924599	236.771275	0.006558	5.8
372	-0.607469	131.312201	237.723256	0.008866	5.7
373	-0.614657	132.312201	236.172673	0.006195	5.7
374	-0.644121	133.312201	234.642187	0.006089	6.1
375	-0.619869	132.699803	235.577090	0.002806	5.7
376	-0.588175	133.699800	234.054294	0.005910	6.1
377	-0.613320	133.088552	234.982755	0.007138	5.7
378	-0.585195	132.476154	235.920380	0.005104	6.5
379	-0.635333	133.476154	234.393151	0.005359	5.7
380	-0.609441	134.476154	232.885568	0.002246	10.3
381	-0.600960	135.476154	231.397255	0.008346	6.8
382	-0.607597	134.863756	232.306428	0.003305	5.9
383	-0.574771	135.863756	230.825485	0.003510	6.2
384	-0.606156	135.251358	231.730162	0.003963	5.7
385	-0.651977	134.638960	232.641958	0.003984	10.9
386	-0.613071	134.026575	233.560940	0.001866	6.7
387	-0.581160	134.498002	232.852846	0.003688	8.0
388	-0.568294	133.891640	233.764407	0.004082	7.9
389	-0.615930	133.279242	234.692315	0.005466	5.7
390	-0.583115	134.279242	233.180894	0.002565	5.8
391	-0.587804	133.666844	234.104165	0.006869	5.9
392	-0.609484	133.054446	235.034777	0.003930	6.6
393	-0.586406	132.442048	235.972817	0.008802	6.3
394	-0.586759	133.442048	234.444912	0.004063	5.8
395	-0.598364	134.442048	232.936666	0.006432	6.0
396	-0.632073	135.442048	231.447701	0.004211	9.5
397	-0.614405	136.442048	229.977651	0.004911	6.6
398	-0.614153	137.442048	228.526157	0.005602	9.1
399	-0.611353	138.441981	227.092967	0.005341	5.8
400	-0.624835	139.441981	225.677545	0.005313	6.3
401	-0.615662	138.829583	226.542244	0.002821	5.9
402	-0.621645	138.218108	227.412276	0.006286	6.1
403	-0.586598	139.218108	225.992884	0.002165	7.8
404	-0.622647	140.218108	224.591101	0.004486	5.9
405	-0.606758	141.218108	223.206600	0.003196	5.7
406	-0.606058	142.218108	221.839064	0.003281	5.8
407	-0.582862	143.218108	220.488183	0.003044	11.2
408	-0.618664	142.682412	221.209792	0.002718	9.5
409	-0.628239	143.682412	219.866541	0.003769	11.8
410	-0.580569	144.682412	218.539505	0.004705	4.8
411	-0.624436	145.682412	217.228392	0.002857	6.1
412	-0.634918	146.682412	215.932917	0.005260	9.9
413	-0.615667	146.070014	216.724423	0.003797	6.8
414	-0.612451	145.457617	217.521751	0.004125	7.8
415	-0.591827	146.457617	216.222785	0.004642	5.9
416	-0.614595	147.457617	214.939241	0.003411	6.0
417	-0.634195	148.457617	213.670846	0.002964	5.8
418	-0.606457	149.457617	212.417333	0.006086	9.5
419	-0.613362	148.845219	213.183230	0.007388	7.8
420	-0.641350	149.845219	211.935415	0.002416	5.8
421	-0.567796	150.845219	210.702122	0.002992	5.8
422	-0.602424	151.843188	209.485562	0.004983	8.4
423	-0.627992	151.230792	210.230424	0.003232	5.1
424	-0.610239	150.618911	210.979969	0.002951	6.0
425	-0.603489	151.473883	209.934117	0.006088	6.1
426	-0.625260	152.473883	208.723940	0.003228	6.1
427	-0.616124	153.473883	207.527635	0.002512	5.9
428	-0.620609	152.861485	208.258617	0.003466	4.0
429	-0.615541	152.249087	208.994766	0.004173	3.8
430	-0.614022	151.636689	209.736137	0.004413	3.8
431	-0.591659	152.636689	208.528235	0.001805	11.5
432	-0.616867	152.024292	209.266295	0.005460	10.4
433	-0.635417	151.411894	210.009598	0.004955	6.3
434	-0.605880	152.408175	208.803030	0.003837	11.2
435	-0.602553	153.408026	207.605999	0.004314	5.2
436	-0.598156	154.408026	206.422438	0.006189	11.2
437	-0.602163	155.408026	205.252296	0.002201	8.9
438	-0.589510	154.795629	205.967308	0.006938	11.0
439	-0.624095	154.183231	206.687320	0.004520	5.1
440	-0.587431	155.183231	205.514181	0.002914	4.5
441	-0.608649	156.183231	204.354285	0.003791	6.0
442	-0.579995	155.570833	205.063044	0.004595	12.2
443	-0.603440	154.958435	205.776736	0.003450	6.0
444	-0.586162	155.958435	204.613883	0.003046	6.8
445	-0.620025	155.388706	205.274778	0.004497	8.0
446	-0.615864	156.388706	204.117575	0.002729	7.9
447	-0.614918	155.776630	204.824316	0.002953	5.8
448	-0.571977	155.164232	205.536345	0.003019	5.9
449	-0.606805	156.164232	204.376199	0.003701	16.2
450	-0.628139	155.552059	205.084849	0.002860	6.5
451	-0.602487	156.552059	203.929780	0.002403	9.4
452	-0.604340	157.552059	202.787649	0.001755	5.4
453	-0.631393	158.543261	201.668122	0.004198	2.9
454	-0.587232	157.930871	202.358331	0.004529	2.8
455	-0.623306	158.930871	201.233686	0.004158	2.8
456	-0.601739	159.930871	200.121473	0.004691	2.8
457	-0.632702	160.930871	199.021487	0.004061	3.0
458	-0.622947	160.318473	199.693676	0.004048	2.8
459	-0.618514	161.318473	198.598375	0.003404	5.9
460	-0.604178	160.706075	199.267704	0.005298	3.1
461	-0.616510	161.706075	198.177058	0.005973	3.0
462	-0.615255	161.093677	198.843546	0.004017	3.1
463	-0.600572	160.481279	199.514531	0.002629	5.8
464	-0.593515	161.481279	198.421189	0.003452	7.9
465	-0.611524	160.868881	199.089323	0.003348	5.9
466	-0.590110	161.868881	198.000623	0.003458	4.2
467	-0.597377	161.256483	198.665922	0.003474	5.5
468	-0.599571	162.256483	197.581836	0.003696	7.6
469	-0.589583	163.256481	196.509519	0.003548	6.7
470	-0.638501	162.644083	197.164819	0.005595	6.2
471	-0.597579	163.644083	196.097009	0.003790	10.8
472	-0.642281	164.644083	195.040703	0.004405	9.6
473	-0.620484	164.031685	195.686227	0.002869	7.5
474	-0.619562	163.615362	196.127517	0.005914	10.8
475	-0.627560	163.155106	196.617695	0.004678	5.5
476	-0.601832	162.542708	197.273718	0.002337	6.7
477	-0.602789	163.542708	196.204731	0.004839	10.1
478	-0.612944	162.930310	196.857997	0.006048	4.6
479	-0.630916	163.930310	195.793499	0.002539	5.8
480	-0.597210	163.317912	196.444025	0.003173	10.9
481	-0.621490	164.317910	195.383989	0.003714	40.7
482	-0.601808	165.317910	194.335330	0.005282	11.9
483	-0.613651	166.317910	193.297867	0.003270	10.3
484	-0.612281	167.317910	192.271423	0.004626	10.7
485	-0.597462	168.317910	191.255822	0.002781	7.3
486	-0.625748	167.705512	191.876496	0.002550	5.8
487	-0.613023	167.093143	192.501182	0.002547	11.1
488	-0.625890	166.490924	193.119494	0.005413	2.7
489	-0.615621	165.878526	193.752343	0.004404	5.8
490	-0.595787	165.266128	194.389354	0.005690	6.0
491	-0.590195	166.266128	193.351316	0.004171	5.2
492	-0.592803	167.266128	192.324306	0.004585	6.0
493	-0.633418	166.653730	192.951946	0.007163	10.9
494	-0.623196	167.653730	191.929162	0.003999	6.0
495	-0.618656	167.041332	192.554222	0.006673	5.0
496	-0.634502	168.041332	191.535639	0.005704	4.5
497	-0.613630	169.041332	190.527776	0.002440	4.4
498	-0.597698	170.041332	189.530464	0.003630	7.8
499	-0.606305	171.041332	188.543539	0.002992	10.0
500	-0.631801	172.041332	187.566838	0.004679	1.4
501	-0.573859	171.428961	188.163737	0.005981	5.8
502	-0.599643	172.428961	187.190958	0.004419	8.5
503	-0.579872	171.834868	187.767662	0.003297	7.0
504	-0.625410	172.834868	186.798963	0.004008	11.0
505	-0.588425	173.834868	185.840208	0.001982	6.5
506	-0.595257	173.222470	186.426176	0.003984	9.7
507	-0.603696	174.222470	185.471234	0.006193	5.7
508	-0.613088	173.610095	186.054852	0.002787	6.7
509	-0.611137	172.997697	186.642176	0.004876	11.1
510	-0.633686	172.385300	187.233220	0.007815	5.6
511	-0.601691	171.772902	187.828020	0.004558	6.0
512	-0.615547	172.772902	186.858699	0.003111	8.3
513	-0.624087	173.772902	185.899332	0.003590	5.6
514	-0.609906	174.677060	185.040354	0.002826	8.6
515	-0.638742	174.064662	185.621281	0.001864	8.3
516	-0.613673	173.452264	186.205867	0.005779	5.9
517	-0.594383	174.451492	185.253907	0.004111	5.8
518	-0.608614	175.451492	184.310906	0.003194	5.7
519	-0.649927	176.451115	183.377807	0.006467	5.9
520	-0.626252	177.451115	182.453762	0.004468	6.0
521	-0.584729	176.838717	183.018536	0.004985	11.6
522	-0.631007	177.838717	182.098099	0.003294	5.8
523	-0.611099	178.838717	181.186874	0.004116	5.8
524	-0.622411	179.838686	180.284751	0.002785	5.8
525	-0.618410	179.226369	180.836083	0.004888	5.8
526	-0.627373	178.613972	181.390872	0.004036	6.3
527	-0.581215	179.613972	180.486694	0.003697	6.0
528	-0.592066	179.001574	181.039338	0.005325	10.8
529	-0.612909	180.001574	180.138651	0.003551	10.9
530	-0.622182	179.389176	180.689163	0.002886	4.0
531	-0.616524	180.389176	179.791949	0.003934	3.7
532	-0.611734	179.776778	180.340340	0.003371	3.8
533	-0.606727	180.776778	179.446578	0.004210	3.6
534	-0.599196	181.119963	179.141891	0.005400	3.8
535	-0.610943	182.119963	178.259940	0.004311	3.7
536	-0.616332	183.119963	177.386630	0.005208	4.3
537	-0.628768	182.507565	177.920424	0.003944	5.8
538	-0.601594	183.507565	177.050430	0.004274	4.2
539	-0.618208	184.507564	176.188904	0.004328	4.6
540	-0.596678	183.895166	176.715503	0.003874	4.4
541	-0.603994	184.895166	175.857224	0.004836	4.4
542	-0.629229	184.282889	176.381736	0.003742	4.5
543	-0.582545	185.282889	175.526688	0.004406	4.7
544	-0.614448	184.670534	176.049295	0.004333	4.7
545	-0.640402	185.670534	175.197459	0.006209	4.3
546	-0.604500	185.058136	175.718140	0.005324	4.5
547	-0.584980	184.445738	176.241926	0.006007	4.4
548	-0.640770	183.833340	176.768843	0.002943	4.5
549	-0.582512	184.833340	175.910047	0.003442	4.3
550	-0.586171	184.220942	176.434978	0.006424	10.7
551	-0.623787	185.220942	175.579415	0.004358	2.0
552	-0.599598	184.608544	176.102373	0.003521	5.8
553	-0.611450	184.601351	176.108533	0.002602	6.3
554	-0.586672	185.601351	175.256126	0.002689	6.9
555	-0.624101	186.601351	174.411930	0.001317	5.0
556	-0.601186	185.996970	174.921171	0.003010	5.2
557	-0.619346	185.407286	175.420903	0.004197	16.1
558	-0.630385	186.407286	174.575123	0.004981	1.6
559	-0.604714	187.407286	173.737460	0.005215	12.2
560	-0.639708	188.407286	172.907797	0.004694	5.6
561	-0.621462	189.407286	172.086020	0.004400	6.4
562	-0.645422	190.407286	171.272018	0.007144	6.0
563	-0.615181	189.794888	171.769595	0.006065	10.1
564	-0.616387	190.794888	170.958576	0.004299	10.7
565	-0.615179	191.794888	170.155180	0.007919	5.8
566	-0.605760	192.794888	169.359299	0.005244	5.1
567	-0.607335	192.182490	169.845809	0.004280	5.8
568	-0.609593	191.570092	170.335121	0.003309	6.4
569	-0.604613	192.570092	169.537561	0.003792	10.8
570	-0.611392	193.570089	168.747436	0.006202	5.2
571	-0.646738	192.957691	169.230431	0.007357	5.7
572	-0.616997	192.345293	169.716200	0.004566	4.6
573	-0.604708	193.345293	168.924411	0.005642	4.4
574	-0.608336	192.732896	169.408421	0.002981	4.5
575	-0.597194	193.732896	168.619495	0.004779	4.4
576	-0.626597	194.732896	167.837883	0.003650	4.4
577	-0.587181	195.732758	167.063589	0.005055	4.3
578	-0.634703	195.120360	167.536980	0.004710	4.4
579	-0.638682	194.507962	168.013061	0.008390	4.4
580	-0.637054	195.507962	167.237048	0.004700	10.7
581	-0.612639	194.895564	167.711424	0.003444	5.8
582	-0.611005	195.895564	166.938188	0.005112	6.1
583	-0.594738	196.895564	166.172049	0.003198	5.8
584	-0.583070	196.283166	166.640394	0.002196	10.3
585	-0.607891	197.283125	165.877011	0.003447	5.8
586	-0.598089	196.670727	166.343692	0.004400	10.1
587	-0.632287	197.670727	165.582988	0.003654	10.9
588	-0.634355	198.670727	164.829210	0.004599	6.1
589	-0.585638	199.670727	164.082263	0.004142	5.8
590	-0.626863	200.670727	163.342056	0.005285	5.8
591	-0.631857	200.058329	163.794563	0.004169	5.9
592	-0.616710	199.445991	164.249539	0.003989	8.9
593	-0.635727	198.833593	164.707095	0.004837	7.0
594	-0.596360	198.221195	165.167207	0.004922	10.9
595	-0.598283	199.221195	164.417201	0.002457	3.8
596	-0.624923	200.221195	163.673975	0.001890	5.4
597	-0.619203	201.218912	162.939113	0.004517	11.1
598	-0.629430	200.878054	163.189426	0.003139	5.0
599	-0.602762	201.864783	162.466909	0.001774	5.8
600	-0.601358	202.864783	161.741172	0.003721	5.8
601	-0.640902	202.252385	162.184840	0.003436	6.3
602	-0.606268	201.639987	162.630949	0.002246	7.4
603	-0.614647	202.639197	161.904322	0.005066	5.8
604	-0.627066	203.525370	161.265306	0.006247	5.7
605	-0.630709	204.525370	160.550241	0.002162	5.7
606	-0.623415	203.912972	160.987390	0.004111	5.8
607	-0.611478	203.300574	161.426927	0.003891	11.2
608	-0.611483	204.300574	160.710431	0.003042	4.5
609	-0.623312	205.300574	160.000268	0.004341	4.5
610	-0.607066	204.688176	160.434423	0.008108	4.3
611	-0.596638	204.075778	160.870942	0.005755	4.4
612	-0.641034	205.075778	160.159362	0.003651	4.4
613	-0.628999	206.075778	159.454050	0.005594	4.3
614	-0.621259	205.463380	159.885242	0.003802	4.5
615	-0.623685	204.850982	160.318773	0.004900	10.8
616	-0.585492	205.850982	159.612059	0.003277	7.5
617	-0.625894	206.850982	158.911548	0.006908	7.1
618	-0.599968	207.850982	158.217160	0.005494	8.0
619	-0.603193	208.850982	157.528813	0.004801	5.8
620	-0.623058	209.850982	156.846430	0.002106	6.2
621	-0.634703	209.238584	157.263616	0.003694	5.8
622	-0.595508	208.626293	157.682955	0.006104	5.8
623	-0.588625	209.626293	156.999238	0.004057	14.5
624	-0.647101	209.013896	157.417239	0.004190	7.6
625	-0.640366	210.013896	156.735820	0.004095	6.3
626	-0.631674	211.013895	156.060275	0.003275	4.8
627	-0.613617	210.401498	156.473285	0.003087	4.4
628	-0.587347	209.907412	156.808099	0.002737	6.3
629	-0.628996	210.907412	156.131933	0.006412	7.9
630	-0.606997	211.907412	155.461572	0.001845	5.8
631	-0.644589	212.907412	154.796943	0.006601	11.1
632	-0.617031	212.295014	155.203284	0.004847	5.8
633	-0.607561	213.295014	154.540858	0.003813	9.0
634	-0.629884	214.295014	153.884062	0.005492	10.9
635	-0.605317	213.682616	154.285618	0.003046	10.9
636	-0.637306	214.682616	153.630985	0.003384	5.2
637	-0.623563	214.070218	154.031220	0.006738	5.7
638	-0.626548	213.457820	154.433545	0.004120	5.7
639	-0.614551	214.457820	153.777659	0.004217	5.8
640	-0.606364	215.457820	153.127321	0.006858	4.4
641	-0.609494	216.457820	152.482459	0.005582	4.3
642	-0.627880	217.457820	151.843007	0.002347	4.3
643	-0.610373	218.457820	151.208895	0.003532	4.4
644	-0.616494	217.845425	151.596592	0.004716	6.1
645	-0.616836	217.233027	151.986284	0.004893	5.8
646	-0.575132	216.620629	152.377984	0.004691	5.7
647	-0.614271	217.620629	151.739406	0.006523	5.8
648	-0.577785	218.620629	151.106157	0.004566	10.4
649	-0.608269	219.620629	150.478172	0.004171	6.4
650	-0.649912	220.620629	149.855385	0.006737	6.2
651	-0.611208	220.008231	150.236165	0.002416	9.4
652	-0.604558	219.395833	150.618886	0.004019	10.2
653	-0.624915	220.395833	149.994936	0.003174	2.7
654	-0.640819	219.783435	150.376426	0.002013	9.7
655	-0.579746	220.783270	149.754581	0.003661	8.1
656	-0.584312	220.170872	150.134849	0.003555	10.6
657	-0.611217	219.558474	150.517052	0.004541	6.3
658	-0.610983	218.946076	150.901206	0.003554	6.9
659	-0.624891	218.333678	151.287327	0.003721	5.9
660	-0.598107	219.333678	150.657838	0.009494	4.5
661	-0.628984	220.333678	150.033566	0.006424	4.3
662	-0.614318	219.721281	150.415253	0.004450	4.5
663	-0.610937	220.721281	149.792986	0.005462	4.4
664	-0.637148	221.721281	149.175846	0.004118	4.4
665	-0.593283	222.721281	148.563771	0.004729	4.5
666	-0.620311	222.108883	148.938007	0.004239	11.1
667	-0.591301	221.496485	149.314133	0.003594	6.1
668	-0.609403	222.496485	148.700925	0.003775	6.3
669	-0.630855	221.884087	149.075853	0.004026	5.1
670	-0.615066	222.884087	148.464596	0.003179	8.9
671	-0.618222	222.271689	148.838332	0.003132	5.8
672	-0.593777	223.271689	148.229017	0.004533	11.2
673	-0.617390	222.665910	148.597530	0.002768	9.8
674	-0.606076	223.665683	147.990319	0.001575	4.7
675	-0.625401	224.654399	147.394684	0.006493	9.7
676	-0.605055	224.047151	147.759940	0.006141	1.4
677	-0.623047	225.047151	147.159405	0.003083	5.7
678	-0.583359	226.047151	146.563732	0.003780	5.8
679	-0.611241	225.434753	146.927947	0.005926	11.2
680	-0.607030	224.822355	147.293977	0.003363	6.0
681	-0.595442	224.209957	147.661836	0.003693	5.4
682	-0.641354	225.209951	147.062100	0.002168	6.0
683	-0.591020	226.209951	146.467213	0.006660	5.7
684	-0.626561	226.256166	146.439836	0.002339	4.2
685	-0.638961	227.256164	145.849963	0.003349	4.4
686	-0.635449	228.094369	145.359177	0.002553	4.4
687	-0.610713	227.493038	145.710933	0.000781	4.4
688	-0.631878	227.034299	145.980425	0.003846	4.4
689	-0.586762	226.435707	146.333578	0.002660	4.4
690	-0.619669	225.823309	146.696649	0.005516	4.4
691	-0.620134	225.210911	147.061527	0.004785	5.2
692	-0.602045	226.210911	146.466644	0.003769	6.7
693	-0.595468	227.210911	145.876554	0.004918	6.0
694	-0.632775	226.598513	146.237358	0.009266	6.1
695	-0.611782	227.598513	145.649111	0.003052	4.3
696	-0.590659	226.986115	146.008789	0.002204	4.4
697	-0.610268	226.575234	146.251109	0.004986	11.9
698	-0.622077	227.575191	145.662776	0.003492	6.6
699	-0.584276	228.575191	145.079133	0.004525	5.8
700	-0.608072	229.575191	144.500149	0.004670	11.2
701	-0.607201	230.575191	143.925767	0.005010	6.7
702	-0.643734	231.574943	143.356075	0.002397	5.9
703	-0.608071	230.962545	143.704503	0.002177	10.0
704	-0.597649	231.946751	143.145355	0.002479	3.2
705	-0.597314	231.334353	143.492758	0.005608	5.7
706	-0.615108	230.722092	143.841775	0.003194	5.8
707	-0.630475	230.109694	144.192571	0.007109	5.9
708	-0.628136	231.109694	143.620627	0.002429	10.6
709	-0.614704	230.497296	143.970345	0.005888	4.2
710	-0.632916	229.884898	144.321769	0.004886	11.4
711	-0.605980	230.884898	143.748802	0.004865	1.5
712	-0.620246	230.272500	144.099145	0.005319	6.0
713	-0.592178	231.272500	143.527941	0.002914	7.6
714	-0.591228	232.272500	142.961247	0.004047	11.0
715	-0.608642	231.660102	143.307756	0.004786	5.7
716	-0.599935	232.660102	142.742797	0.005048	4.8
717	-0.569590	233.660102	142.182274	0.002998	4.3
718	-0.632715	233.047704	142.525013	0.004140	4.4
719	-0.633114	232.435808	142.869126	0.003884	4.4
720	-0.570898	233.435808	142.307612	0.004266	5.4
721	-0.618666	232.823411	142.650957	0.004242	4.4
722	-0.611381	233.823411	142.091154	0.002156	4.4
723	-0.602781	234.102802	141.935534	0.003640	6.1
724	-0.622156	234.999480	141.438383	0.003290	5.4
725	-0.588810	235.999480	140.888038	0.004380	5.7
726	-0.584286	236.998979	140.342231	0.005418	6.2
727	-0.590643	236.386581	140.676147	0.003241	6.9
728	-0.594647	237.386581	140.131706	0.006252	5.8
729	-0.579931	236.774183	140.464619	0.001926	5.9
730	-0.602131	237.637124	139.995960	0.003733	10.9
731	-0.558091	237.024727	140.328227	0.003107	4.5
732	-0.601507	236.412329	140.662075	0.010235	5.8
733	-0.591729	237.412329	140.117743	0.003097	6.0
734	-0.611739	236.799931	140.450590	0.003672	15.0
735	-0.576163	237.799931	139.907890	0.004526	2.7
736	-0.599647	238.799931	139.369369	0.003368	9.2
737	-0.614796	239.799931	138.834977	0.003614	6.5
738	-0.590091	239.187533	139.161750	0.003668	5.7
739	-0.608688	238.575135	139.490065	0.006022	6.7
740	-0.602674	239.575135	138.954749	0.003600	11.1
741	-0.593576	238.962737	139.282086	0.006576	5.3
742	-0.615377	239.962737	138.748362	0.002854	10.1
743	-0.591616	239.350339	139.074727	0.005511	8.1
744	-0.585385	240.350339	138.542588	0.003991	5.8
745	-0.625508	239.737942	138.867984	0.002920	5.9
746	-0.611151	240.737942	138.337423	0.005079	5.5
747	-0.634949	241.737942	137.810901	0.004130	4.4
748	-0.625870	242.737942	137.288371	0.004962	4.3
749	-0.602482	242.125544	137.607896	0.003467	4.3
750	-0.643273	241.513146	137.928911	0.007372	4.3
751	-0.637755	240.900748	138.251428	0.005455	4.4
752	-0.628870	241.900748	137.725559	0.006703	5.8
753	-0.584925	241.288350	138.047124	0.005195	5.7
754	-0.618284	240.675952	138.370195	0.002497	5.9
755	-0.602003	240.063593	138.694760	0.004003	5.8
756	-0.616241	241.063593	138.165519	0.006600	5.7
757	-0.598679	240.451195	138.489145	0.004627	7.6
758	-0.609123	241.446436	137.963971	0.006423	10.9
759	-0.607881	240.834038	138.286652	0.005441	1.4
760	-0.576302	240.221640	138.610846	0.007153	6.3
761	-0.605645	241.221640	138.082244	0.006765	5.7
762	-0.605004	240.609242	138.405479	0.003347	6.5
763	-0.600521	241.609242	137.878439	0.005254	7.2
764	-0.594098	242.609242	137.355398	0.003018	11.5
765	-0.574384	241.996844	137.675236	0.003229	4.6
766	-0.603435	242.993540	137.155448	0.006099	5.8
767	-0.621902	243.763332	136.756673	0.004107	6.3
768	-0.598270	244.763332	136.242092	0.002456	4.9
769	-0.633801	245.763332	135.731370	0.004918	4.5
770	-0.622941	245.150934	136.043680	0.003243	4.4
771	-0.619021	244.538536	136.357430	0.006528	4.4
772	-0.647249	243.926138	136.672631	0.003659	7.4
773	-0.612311	244.926138	136.158682	0.002986	9.2
774	-0.605113	245.417884	135.907364	0.003730	7.7
775	-0.625231	246.417407	135.399385	0.005004	6.9
776	-0.596438	245.805009	135.710167	0.006589	11.4
777	-0.659940	246.805009	135.203417	0.002526	6.6
778	-0.617011	247.804957	134.700464	0.005755	6.3
779	-0.595981	247.192559	135.008043	0.002783	4.0
780	-0.589184	246.580161	135.317029	0.007124	5.5
781	-0.622504	247.580161	134.813205	0.003577	6.7
782	-0.602607	246.967763	135.121300	0.002779	5.8
783	-0.601148	246.355365	135.430805	0.004488	5.9
784	-0.619364	247.355365	134.926136	0.005624	6.0
785	-0.626095	246.742967	135.234747	0.005251	5.7
786	-0.602190	246.130569	135.544773	0.005618	13.4
787	-0.643456	245.518171	135.856224	0.002971	2.8
788	-0.573451	246.518171	135.348385	0.002054	5.9
789	-0.611630	245.905773	135.658933	0.002679	5.6
790	-0.612528	246.905773	135.152565	0.004373	6.1
791	-0.577407	247.905773	134.649963	0.002325	5.9
792	-0.604405	247.294570	134.956710	0.002381	7.7
793	-0.612874	246.682173	135.265461	0.002442	5.8
794	-0.601276	246.069775	135.575628	0.005803	11.3
795	-0.616473	245.457377	135.887221	0.002748	4.7
796	-0.590911	244.844979	136.200249	0.004022	6.4
797	-0.589788	245.844979	135.689840	0.003075	6.1
798	-0.606419	245.232581	136.001959	0.002519	9.0
799	-0.595702	246.232575	135.493034	0.002628	7.4
800	-0.625234	245.620177	135.804247	0.003331	5.7
801	-0.628050	245.012071	136.114697	0.001972	9.6
802	-0.602190	246.012071	135.604927	0.003833	4.7
803	-0.615503	247.011704	135.099146	0.002584	7.9
804	-0.616035	248.011704	134.596941	0.004370	8.0
805	-0.607941	247.408837	134.899256	0.005679	10.8
806	-0.649002	248.408837	134.398533	0.002805	10.5
807	-0.611771	249.408837	133.901513	0.001220	5.9
808	-0.596324	248.796439	134.205450	0.002016	6.1
809	-0.646232	248.188247	134.508668	0.006865	6.1
810	-0.613462	249.188247	134.010834	0.004518	5.7
811	-0.598519	250.187106	133.517234	0.004097	6.0
812	-0.605870	251.187105	133.026700	0.004090	5.3
813	-0.609344	250.574707	133.326674	0.004172	9.5
814	-0.607696	251.574707	132.837536	0.005192	8.0
815	-0.599099	252.573737	132.352443	0.002791	5.6
816	-0.605537	251.961339	132.649380	0.003158	9.5
817	-0.617983	252.961339	132.165190	0.003423	5.4
818	-0.613878	253.950055	131.689926	0.005706	5.7
819	-0.613008	254.950055	131.212702	0.004345	5.8
820	-0.626690	255.950055	130.738925	0.006543	5.9
821	-0.564216	256.949909	130.268625	0.004169	6.5
822	-0.632048	257.949909	129.801629	0.003348	6.4
823	-0.600736	257.337511	130.087218	0.003871	5.8
824	-0.605898	256.725168	130.374041	0.003937	6.1
825	-0.612629	257.725168	129.906290	0.005009	5.9
826	-0.632403	257.112770	130.192340	0.008420	5.4
827	-0.607002	258.112770	129.725890	0.005547	5.8
828	-0.598588	259.112770	129.262769	0.003375	10.8
829	-0.603298	260.112770	128.802944	0.004978	5.5
830	-0.605830	261.112770	128.346379	0.004647	7.4
831	-0.638235	262.112770	127.893039	0.005056	5.2
832	-0.626337	261.729454	128.066432	0.003411	5.8
833	-0.583082	262.729454	127.615064	0.001686	5.8
834	-0.640317	263.729454	127.166866	0.006300	7.7
835	-0.623409	264.630143	126.765866	0.003254	5.8
836	-0.587282	265.630143	126.323603	0.004618	5.8
837	-0.597148	266.028121	126.148449	0.003493	4.7
838	-0.609613	265.415723	126.418173	0.003554	4.5
839	-0.575112	266.415723	125.978328	0.002130	4.4
840	-0.605260	265.963072	126.177045	0.003963	4.4
841	-0.625260	266.930283	125.753193	0.005825	4.5
842	-0.597719	267.930283	125.317956	0.003016	4.4
843	-0.629526	267.317885	125.584136	0.003726	4.5
844	-0.595185	268.309962	125.153493	0.002545	4.4
845	-0.601949	267.697564	125.418975	0.004774	8.8
846	-0.603287	268.697564	124.986044	0.004271	7.5
847	-0.577721	268.085166	125.250814	0.002732	6.4
848	-0.585900	267.472768	125.516709	0.005434	6.5
849	-0.597320	266.860370	125.783735	0.007901	14.9
850	-0.635780	267.860370	125.348286	0.004874	1.5
851	-0.657551	268.860370	124.915843	0.003194	4.4
852	-0.613128	268.247972	125.180316	0.003433	4.5
853	-0.604366	267.635574	125.445911	0.004104	8.8
854	-0.628480	268.635574	125.012794	0.003444	10.8
855	-0.612009	269.635574	124.582658	0.003453	1.4
856	-0.645595	269.023176	124.845721	0.004730	5.6
857	-0.624720	270.023176	124.416732	0.001961	11.4
858	-0.620539	269.410778	124.679093	0.003750	12.3
859	-0.637735	269.991751	124.430168	0.006027	8.6
860	-0.624994	269.379353	124.692586	0.004494	6.0
861	-0.644947	270.379353	124.264647	0.003330	6.1
862	-0.602120	269.766955	124.526366	0.003828	10.9
863	-0.628823	269.154557	124.789191	0.005660	1.5
864	-0.579914	270.154557	124.360590	0.007251	6.1
865	-0.610390	271.154557	123.934923	0.004185	4.2
866	-0.591971	270.557320	124.188795	0.007484	4.4
867	-0.641989	269.944922	124.450195	0.003768	4.4
868	-0.605145	270.944922	124.023916	0.004756	4.4
869	-0.609313	271.936698	123.604016	0.002642	4.4
870	-0.626816	272.475357	123.377148	0.005310	4.4
871	-0.622380	272.874351	123.209638	0.005076	4.4
872	-0.630008	273.874344	122.791803	0.002808	5.5
873	-0.628555	273.261949	123.047348	0.004606	5.8
874	-0.602654	274.261814	122.630664	0.004690	8.1
875	-0.609100	275.261814	122.216738	0.005610	7.4
876	-0.610365	276.261814	121.805596	0.005724	6.2
877	-0.599092	277.261814	121.397211	0.003869	5.9
878	-0.598282	276.649416	121.646979	0.003875	5.8
879	-0.585765	276.037018	121.897778	0.006124	4.3
880	-0.634445	275.424620	122.149612	0.007324	4.4
881	-0.622219	276.424620	121.738921	0.005623	4.5
882	-0.624272	275.812222	121.990099	0.002719	4.4
883	-0.600228	276.812222	121.580478	0.002344	4.4
884	-0.611179	277.812222	121.173599	0.002542	9.7
885	-0.610666	278.347786	120.956807	0.006013	1.6
886	-0.622267	279.347786	120.554085	0.004740	6.0
887	-0.625675	280.347786	120.154035	0.005149	6.0
888	-0.600817	279.735388	120.398709	0.002408	5.7
889	-0.602771	280.734280	120.000129	0.002623	5.7
890	-0.582706	281.651179	119.636581	0.005139	12.8
891	-0.612404	282.651179	119.242588	0.003637	9.2
892	-0.578910	283.651179	118.851181	0.002100	3.0
893	-0.586404	284.618778	118.474894	0.002690	4.9
894	-0.582345	285.618744	118.088516	0.004521	4.4
895	-0.608361	285.006346	118.324842	0.002429	4.7
896	-0.599507	286.006346	117.939427	0.003160	5.2
897	-0.618696	285.393949	118.175155	0.005001	4.6
898	-0.588053	286.393949	117.790713	0.002113	4.5
899	-0.620223	287.393947	117.408765	0.002753	4.4
900	-0.596882	288.393947	117.029285	0.005475	4.3
901	-0.598726	289.393947	116.652250	0.003751	4.4
902	-0.628984	290.393936	116.277641	0.004206	4.6
903	-0.601911	291.393936	115.905427	0.003151	4.4
904	-0.609163	292.393936	115.535587	0.003922	4.4
905	-0.593039	291.781538	115.761795	0.005528	4.5
906	-0.618968	291.169140	115.988891	0.001499	4.5
907	-0.602779	292.169140	115.618520	0.004283	4.5
908	-0.619013	293.169071	115.250532	0.006016	4.6
909	-0.586250	292.556673	115.475624	0.004888	7.5
910	-0.617195	293.556673	115.108518	0.001991	10.2
911	-0.626555	294.556673	114.743739	0.006234	3.6
912	-0.608738	293.944277	114.966853	0.006009	5.6
913	-0.623368	293.331879	115.190837	0.004431	5.8
914	-0.595831	294.331879	114.825537	0.003268	5.9
915	-0.590106	295.331879	114.462546	0.004584	11.5
916	-0.613328	296.331879	114.101843	0.002117	10.8
917	-0.623883	295.719481	114.322467	0.005744	8.4
918	-0.609460	296.705166	113.967780	0.006681	8.0
919	-0.605729	297.705166	113.610184	0.004713	5.9
920	-0.565179	297.092768	113.828908	0.005096	10.1
921	-0.635311	298.092768	113.472181	0.010159	10.5
922	-0.643629	297.480370	113.690374	0.005222	4.0
923	-0.588392	296.868594	113.909185	0.003158	5.5
924	-0.629555	296.256196	114.129063	0.006101	6.2
925	-0.647587	297.256196	113.770456	0.001782	10.7
926	-0.633619	296.643798	113.989798	0.003112	3.8
927	-0.607525	297.643786	113.632068	0.003290	9.1
928	-0.577240	298.643786	113.276572	0.004916	7.9
929	-0.629987	299.643786	112.923294	0.005171	4.1
930	-0.590228	299.031388	113.139379	0.001986	5.8
931	-0.658176	298.421144	113.355528	0.002901	6.4
932	-0.626465	299.421144	113.001757	0.003274	4.4
933	-0.583641	298.808746	113.218143	0.003966	4.5
934	-0.596420	299.808746	112.865228	0.002636	4.4
935	-0.616576	299.196349	113.081091	0.001455	4.4
936	-0.633077	300.195869	112.729197	0.006922	4.5
937	-0.605068	301.183425	112.383660	0.007133	11.0
938	-0.612647	302.183425	112.035920	0.003310	4.8
939	-0.601321	303.183425	111.690326	0.003177	5.8
940	-0.610175	302.571027	111.901714	0.004428	6.1
941	-0.602039	303.571027	111.556946	0.005052	6.0
942	-0.581804	302.958629	111.767828	0.004830	6.4
943	-0.607830	302.346231	111.979510	0.004270	5.8
944	-0.609754	301.733833	112.191995	0.005502	5.9
945	-0.626411	302.733833	111.845438	0.003967	4.4
946	-0.637754	303.733833	111.501016	0.004599	6.0
947	-0.600173	303.121435	111.711687	0.003147	5.3
948	-0.592195	302.509971	111.922833	0.005006	5.3
949	-0.620399	301.897573	112.135102	0.003639	4.4
950	-0.616716	302.897573	111.788897	0.003705	4.4
951	-0.594874	303.897573	111.444823	0.004206	5.4
952	-0.639990	304.897573	111.102860	0.002662	4.4
953	-0.609819	305.897573	110.762989	0.004182	4.4
954	-0.588820	306.890775	110.427481	0.004371	12.6
955	-0.615888	306.278377	110.634111	0.005817	4.7
956	-0.627657	307.278377	110.297098	0.001607	6.0
957	-0.627035	307.634289	110.177646	0.004587	5.9
958	-0.623643	307.021891	110.383341	0.003603	11.3
959	-0.588662	306.409493	110.589806	0.002670	6.4
960	-0.623050	307.409493	110.253063	0.004791	5.8
961	-0.615585	308.409493	109.918363	0.003687	6.2
962	-0.611644	309.409493	109.585690	0.003376	5.6
963	-0.615688	308.797095	109.789179	0.004429	10.9
964	-0.626009	309.797095	109.457286	0.003316	5.8
965	-0.630058	309.184697	109.660298	0.005964	5.8
966	-0.611796	310.184697	109.329183	0.003643	5.8
967	-0.595336	311.184697	109.000061	0.004718	3.2
968	-0.619710	310.572299	109.201379	0.005429	4.0
969	-0.566249	309.959901	109.403442	0.008559	10.9
970	-0.626700	309.347504	109.606254	0.005279	5.9
971	-0.585749	308.735129	109.809812	0.003059	5.8
972	-0.596807	309.735129	109.477794	0.004560	5.9
973	-0.589747	309.122731	109.680882	0.007811	4.4
974	-0.624569	308.510334	109.884725	0.007325	4.5
975	-0.619164	307.897936	110.089327	0.004354	4.4
976	-0.610916	307.285538	110.294692	0.007820	4.4
977	-0.625012	306.673167	110.500816	0.007081	4.5
978	-0.601964	306.060769	110.707721	0.003718	4.5
979	-0.597388	305.448371	110.915402	0.001988	4.4
980	-0.606782	306.448371	110.576676	0.003908	10.9
981	-0.594708	307.448371	110.240012	0.003914	5.3
982	-0.593148	308.448371	109.905392	0.003039	7.2
983	-0.595575	309.448371	109.572797	0.005687	6.3
984	-0.608327	308.835973	109.776238	0.005482	5.6
985	-0.635838	309.835973	109.444424	0.006269	11.1
986	-0.598979	309.223575	109.647388	0.003278	7.7
987	-0.629013	308.611177	109.851106	0.003927	1.9
988	-0.613038	309.611177	109.518839	0.003009	5.8
989	-0.641649	310.611162	109.188582	0.003826	6.1
990	-0.602915	309.998764	109.390597	0.006021	8.5
991	-0.600023	309.386366	109.593361	0.005367	6.2
992	-0.623731	310.386366	109.262650	0.005165	9.7
993	-0.611594	309.773968	109.464939	0.005692	4.9
994	-0.596672	309.161570	109.667980	0.002194	5.8
995	-0.599458	308.549172	109.871775	0.002851	5.4
996	-0.623725	309.465758	109.567032	0.008281	6.2
997	-0.636608	308.853360	109.770452	0.002652	5.6
998	-0.609260	308.240962	109.974628	0.004072	4.5
999	-0.648526	309.240962	109.641615	0.003733	4.4
1000	-0.599469	310.240962	109.310612	0.005758	10.0
1001	-0.581978	311.240962	108.981602	0.004268	5.7
1002	-0.613992	310.628564	109.182852	0.004382	6.2
1003	-0.599180	311.628564	108.854609	0.004149	5.7
1004	-0.630346	312.628564	108.528334	0.003839	5.9
1005	-0.628769	313.628560	108.204011	0.002278	10.9
1006	-0.614408	313.060303	108.388073	0.004803	1.5
1007	-0.620143	314.060303	108.064584	0.007573	5.1
1008	-0.600332	313.447905	108.262458	0.004956	9.2
1009	-0.617153	314.447905	107.939718	0.004171	3.5
1010	-0.629390	315.447905	107.618897	0.004382	10.9
1011	-0.649732	316.447905	107.299977	0.007319	5.6
1012	-0.623134	315.835507	107.495058	0.007739	5.8
1013	-0.603734	316.835507	107.176870	0.002891	5.8
1014	-0.570745	317.408221	106.995487	0.002945	11.5
1015	-0.625529	318.402743	106.681967	0.004612	6.0
1016	-0.607164	319.402743	106.368568	0.003870	6.1
1017	-0.639295	320.402743	106.057005	0.005159	6.1
1018	-0.633580	321.402743	105.747261	0.004130	6.3
1019	-0.623424	321.901781	105.593364	0.003815	5.9
1020	-0.589454	322.901781	105.286319	0.005704	5.8
1021	-0.577408	322.289383	105.474140	0.005504	8.6
1022	-0.595779	321.676985	105.662633	0.005017	10.2
1023	-0.618029	321.064587	105.851800	0.003406	5.5
1024	-0.623537	322.064587	105.543253	0.008511	7.9
1025	-0.606523	323.064587	105.236498	0.003399	5.8
1026	-0.613798	324.064587	104.931522	0.003131	6.5
1027	-0.620366	323.452241	105.118063	0.005628	5.8
1028	-0.624509	322.839843	105.305284	0.002709	9.7
1029	-0.592517	323.839843	104.999910	0.004093	6.1
1030	-0.615374	323.227446	105.186710	0.003313	11.0
1031	-0.599364	322.615048	105.374176	0.005785	5.5
1032	-0.613062	322.002650	105.562311	0.006710	6.1
1033	-0.596288	321.390252	105.751119	0.005991	11.1
1034	-0.596997	322.390252	105.443158	0.003698	3.1
1035	-0.605548	323.390252	105.136984	0.003174	11.3
1036	-0.599183	324.390252	104.832584	0.002104	8.0
1037	-0.616747	323.777854	105.018788	0.004913	7.9
1038	-0.633127	323.165460	105.205654	0.004974	5.8
1039	-0.608379	324.165460	104.900857	0.001672	6.1
1040	-0.624494	323.553068	105.087302	0.002559	6.2
1041	-0.606492	322.941397	105.274191	0.003416	5.8
1042	-0.603387	323.940376	104.969307	0.002903	6.4
1043	-0.612347	324.940376	104.665876	0.002312	6.0
1044	-0.590774	324.327978	104.851488	0.004764	5.9
1045	-0.622556	323.715580	105.037760	0.004611	5.8
1046	-0.601334	323.103182	105.224695	0.003955	6.4
1047	-0.627844	324.103182	104.919787	0.005812	5.8
1048	-0.624229	323.490785	105.106302	0.003967	5.9
1049	-0.623210	322.878387	105.293481	0.006526	9.2
1050	-0.618429	322.265989	105.481328	0.008538	5.8
1051	-0.614131	321.653591	105.669847	0.003630	5.9
1052	-0.602777	321.041193	105.859040	0.005527	8.2
1053	-0.586557	322.041193	105.550450	0.003990	5.8
1054	-0.598597	323.041106	105.243681	0.004886	5.7
1055	-0.600589	322.428708	105.431350	0.003181	6.1
1056	-0.633541	323.428708	105.125245	0.002861	8.6
1057	-0.602134	324.428708	104.820913	0.003305	5.9
1058	-0.599326	323.816310	105.007076	0.004901	5.8
1059	-0.611936	323.203912	105.193901	0.003263	5.9
1060	-0.625146	322.591514	105.381393	0.004049	6.2
1061	-0.587679	321.979117	105.569554	0.003568	6.0
1062	-0.622111	321.366719	105.758388	0.003370	8.0
1063	-0.623411	322.364855	105.450957	0.001972	5.9
1064	-0.625140	323.364855	105.144738	0.004965	6.1
1065	-0.629588	324.364849	104.840294	0.002867	10.9
1066	-0.594808	325.364849	104.537607	0.004429	5.8
1067	-0.629780	326.364849	104.236662	0.006185	5.8
1068	-0.627256	327.364849	103.937445	0.002758	10.8
1069	-0.590878	326.752451	104.120481	0.004429	5.9
1070	-0.621699	326.140054	104.304162	0.004400	7.6
1071	-0.602554	325.527656	104.488493	0.004358	11.4
1072	-0.629155	324.915258	104.673476	0.003182	3.9
1073	-0.602886	324.302860	104.859115	0.006638	6.6
1074	-0.608346	323.690462	105.045414	0.003680	5.8
1075	-0.652943	324.690462	104.741543	0.003904	6.1
1076	-0.598944	324.078064	104.927424	0.003522	7.9
1077	-0.611322	325.078064	104.624234	0.004000	5.5
1078	-0.596013	326.078060	104.322792	0.004674	4.5
1079	-0.587644	325.465662	104.507189	0.003421	4.5
1080	-0.594629	326.465662	104.206419	0.003004	7.5
1081	-0.596591	325.853264	104.390404	0.005579	9.2
1082	-0.626459	325.240866	104.575040	0.007024	4.4
1083	-0.615627	324.628468	104.760330	0.002833	6.0
1084	-0.597902	325.628468	104.458104	0.001912	6.0
1085	-0.610803	326.628207	104.157694	0.002121	11.0
1086	-0.625905	326.015810	104.341507	0.006673	1.5
1087	-0.612513	327.015810	104.041688	0.005279	6.3
1088	-0.639050	328.014600	103.743948	0.006003	6.0
1089	-0.628611	329.014600	103.447549	0.004055	6.3
1090	-0.614495	330.014600	103.152839	0.004576	5.8
1091	-0.592665	331.014600	102.859803	0.004693	5.8
1092	-0.612483	332.014600	102.568427	0.003762	6.0
1093	-0.617993	333.014600	102.278698	0.001967	11.3
1094	-0.611828	334.014596	101.990602	0.002868	8.3
1095	-0.619676	333.559338	102.121559	0.006940	6.1
1096	-0.622803	332.946940	102.298250	0.004245	6.0
1097	-0.593230	332.911852	102.308392	0.001898	5.7
1098	-0.611794	332.684799	102.374070	0.004699	4.1
1099	-0.623807	332.114004	102.539554	0.002259	7.3
1100	-0.616283	333.063074	102.264695	0.002703	6.1
1101	-0.614674	334.063074	101.976677	0.005971	5.6
1102	-0.642273	333.450676	102.152866	0.001672	7.6
1103	-0.610551	334.173853	101.944870	0.005472	5.7
1104	-0.612830	333.561455	102.120949	0.003307	6.0
1105	-0.622949	334.561455	101.833739	0.003983	10.8
1106	-0.623555	335.561455	101.548140	0.004704	8.1
1107	-0.599859	334.949058	101.722849	0.003227	6.0
1108	-0.656068	335.949058	101.437871	0.006153	6.1
1109	-0.613904	335.336660	101.612201	0.005442	5.9
1110	-0.639479	336.336660	101.327841	0.002987	8.3
1111	-0.598919	335.724285	101.501787	0.004935	6.5
1112	-0.579667	336.724285	101.218044	0.004736	6.0
1113	-0.618208	336.111888	101.391619	0.006406	4.8
1114	-0.625050	337.111888	101.108491	0.003877	7.8
1115	-0.609954	336.499490	101.281690	0.002443	11.5
1116	-0.594246	337.499490	100.999174	0.004037	5.0
1117	-0.600444	338.498529	100.718499	0.003948	6.1
1118	-0.574187	339.498529	100.439113	0.004694	5.8
1119	-0.603993	338.886131	100.610024	0.007211	5.8
1120	-0.601730	338.273733	100.781519	0.003080	5.7
1121	-0.622277	339.273733	100.501783	0.005925	5.5
1122	-0.613557	338.661335	100.672908	0.006843	6.4
1123	-0.619024	339.661335	100.393774	0.001945	11.4
1124	-0.601156	340.661335	100.116183	0.003561	6.4
1125	-0.599457	341.661335	99.840123	0.004465	6.1
1126	-0.589883	341.048937	100.009001	0.004565	5.8
1127	-0.599754	342.048937	99.733531	0.004607	6.0
1128	-0.619189	343.048937	99.459575	0.008144	6.9
1129	-0.617746	342.436539	99.627166	0.004842	7.9
1130	-0.637809	343.436539	99.353793	0.003071	6.0
1131	-0.605945	342.824141	99.521028	0.005403	5.8
1132	-0.610457	343.824141	99.248236	0.002580	6.0
1133	-0.622068	344.637090	99.027570	0.004972	10.0
1134	-0.617394	345.637090	98.757473	0.006116	2.9
1135	-0.616215	346.637090	98.488845	0.005075	5.6
1136	-0.607192	346.024692	98.653178	0.009097	2.9
1137	-0.654004	347.024692	98.385117	0.006054	5.5
1138	-0.603122	348.024692	98.118509	0.005006	6.0
1139	-0.655797	348.950604	97.872938	0.002889	5.8
1140	-0.620788	349.250418	97.793684	0.003956	5.0
1141	-0.582228	350.250291	97.530300	0.005402	3.6
1142	-0.636529	351.250291	97.268299	0.003552	3.7
1143	-0.598141	352.249925	97.007796	0.004615	3.7
1144	-0.619993	351.637527	97.167220	0.005077	3.7
1145	-0.608698	351.025129	97.327168	0.002902	3.7
1146	-0.592857	352.025129	97.066255	0.006127	3.8
1147	-0.612638	351.890777	97.101228	0.003566	6.4
1148	-0.619179	351.278379	97.260960	0.002972	8.5
1149	-0.637039	350.665981	97.421218	0.003988	4.7
1150	-0.621752	351.665981	97.159801	0.002591	6.2
1151	-0.613664	352.665981	96.899783	0.002994	5.8
1152	-0.600682	352.054744	97.058550	0.006145	5.8
1153	-0.627834	353.035502	96.804053	0.002206	6.1
1154	-0.617172	352.423104	96.962807	0.004739	5.8
1155	-0.617074	353.423104	96.703841	0.005063	5.7
1156	-0.611405	354.423104	96.446255	0.003996	6.2
1157	-0.591465	353.810706	96.603837	0.003042	5.8
1158	-0.614385	353.198308	96.761935	0.003021	11.6
1159	-0.592899	354.198308	96.504040	0.003865	3.6
1160	-0.612003	355.198305	96.247516	0.004372	6.4
1161	-0.606610	354.585907	96.404449	0.002689	5.9
1162	-0.590716	355.585907	96.148453	0.004321	11.3
1163	-0.629685	356.585907	95.893813	0.006206	10.4
1164	-0.610529	355.973509	96.049594	0.005648	3.9
1165	-0.585218	356.973509	95.795476	0.003141	3.7
1166	-0.648903	357.973509	95.542700	0.007304	6.1
1167	-0.617405	357.361111	95.697341	0.003584	6.0
1168	-0.607240	358.361111	95.445082	0.004179	6.0
1169	-0.611815	359.361111	95.194149	0.004792	5.9
1170	-0.597173	360.361111	94.944532	0.002489	5.7
1171	-0.618660	359.748713	95.097242	0.003214	6.1
1172	-0.601190	359.136315	95.250443	0.003305	7.1
1173	-0.587752	360.136315	95.000531	0.002003	5.2
1174	-0.616059	359.523917	95.153421	0.005609	5.6
1175	-0.629918	358.911519	95.306803	0.003829	6.0
1176	-0.619765	358.299122	95.460681	0.004355	5.8
1177	-0.588762	359.299097	95.209672	0.004734	5.6
1178	-0.588366	360.299097	94.959974	0.003169	8.0
1179	-0.625330	361.299097	94.711582	0.005184	11.1
1180	-0.616095	362.299097	94.464487	0.005666	11.2
1181	-0.586426	363.299097	94.218677	0.002478	6.0
1182	-0.636043	364.299097	93.974143	0.003177	5.8
1183	-0.622760	363.686708	94.123742	0.003888	6.3
1184	-0.604935	364.686708	93.879700	0.004801	12.8
1185	-0.605965	364.074311	94.029000	0.003782	6.2
1186	-0.581224	365.074311	93.785449	0.003230	11.3
1187	-0.626215	364.461913	93.934449	0.005791	5.2
1188	-0.607874	365.461913	93.691386	0.006218	6.0
1189	-0.618632	366.461913	93.449578	0.005945	6.1
1190	-0.639834	367.461913	93.209015	0.008085	10.3
1191	-0.615773	366.849515	93.356189	0.003409	7.9
1192	-0.621821	367.849515	93.116105	0.007125	6.5
1193	-0.583472	367.237117	93.262985	0.005558	10.9
1194	-0.599862	368.237117	93.023380	0.002796	6.1
1195	-0.603815	367.624719	93.169967	0.004000	6.0
1196	-0.577593	368.624719	92.930840	0.005071	6.0
1197	-0.606965	368.012321	93.077135	0.002941	4.0
1198	-0.625445	369.012321	92.838483	0.003061	4.2
1199	-0.622778	368.399923	92.984488	0.005003	5.9
1200	-0.609424	369.399923	92.746310	0.002374	6.0
1201	-0.588169	368.787525	92.892025	0.003048	4.3
1202	-0.635684	369.787525	92.654320	0.002622	6.0
1203	-0.612833	369.175127	92.799745	0.003048	7.3
1204	-0.614755	368.562950	92.945575	0.006512	4.6
1205	-0.609930	367.950567	93.091913	0.003336	11.0
1206	-0.634438	368.950562	92.853187	0.004019	1.5
1207	-0.625818	369.950562	92.615681	0.005853	10.6
1208	-0.624561	370.950561	92.379387	0.004412	5.0
1209	-0.589481	370.338163	92.523949	0.003480	8.2
1210	-0.621683	369.725765	92.668965	0.003791	5.7
1211	-0.600044	369.113367	92.814437	0.003476	6.6
1212	-0.607180	370.113367	92.577128	0.007103	5.7
1213	-0.623526	371.113367	92.341030	0.003029	4.6
1214	-0.606311	372.113367	92.106134	0.004197	3.7
1215	-0.624364	373.113367	91.872429	0.005713	3.9
1216	-0.596415	372.500969	92.015408	0.003900	3.7
1217	-0.619490	373.500969	91.782163	0.006474	11.0
1218	-0.630634	372.888571	91.924862	0.002947	2.5
1219	-0.614508	372.276173	92.068004	0.004216	6.1
1220	-0.606031	371.663776	92.211593	0.004590	11.3
1221	-0.616278	371.051378	92.355631	0.003451	6.4
1222	-0.586930	372.051378	92.120660	0.004605	6.1
1223	-0.613577	371.438980	92.264414	0.003755	6.8
1224	-0.636526	372.438980	92.029906	0.002450	6.0
1225	-0.589938	373.158217	91.861975	0.005410	6.2
1226	-0.646293	372.545820	92.004922	0.008081	8.2
1227	-0.617245	373.545820	91.771730	0.002925	8.8
1228	-0.612731	372.933422	91.914396	0.004743	6.3
1229	-0.609213	373.933422	91.681662	0.003028	5.8
1230	-0.588470	374.933422	91.450104	0.002546	9.6
1231	-0.576028	374.321024	91.591770	0.002794	11.0
1232	-0.619781	375.321024	91.360665	0.003667	4.7
1233	-0.610714	376.321024	91.130724	0.003496	3.7
1234	-0.612427	376.119307	91.177014	0.003973	5.9
1235	-0.602301	377.119307	90.947994	0.001770	8.4
1236	-0.620975	376.510040	91.087391	0.003098	7.9
1237	-0.622144	377.499495	90.861225	0.003996	6.1
1238	-0.634190	376.887097	91.001072	0.006931	9.9
1239	-0.579145	377.887097	90.772935	0.004247	5.5
1240	-0.614602	377.274699	90.912510	0.004920	6.1
1241	-0.626063	378.274699	90.684816	0.002617	5.8
1242	-0.644579	377.662315	90.824116	0.001550	5.0
1243	-0.585391	377.049917	90.963849	0.005778	3.7
1244	-0.596129	376.437519	91.104012	0.002786	3.7
1245	-0.591901	377.437519	90.875359	0.004114	3.8
1246	-0.612332	378.437519	90.647850	0.006833	3.7
1247	-0.626177	377.825121	90.787040	0.005331	10.1
1248	-0.626072	378.825010	90.559999	0.009071	7.4
1249	-0.617656	379.825010	90.334065	0.002545	2.6
1250	-0.610925	379.212612	90.472292	0.004103	7.1
1251	-0.635168	378.600215	90.610943	0.003655	8.7
1252	-0.617737	377.987817	90.750020	0.005719	5.8
1253	-0.597337	378.987817	90.523138	0.003515	11.1
1254	-0.597374	379.956897	90.304351	0.002279	1.4
1255	-0.574482	380.956897	90.079689	0.005997	4.3
1256	-0.620552	380.344500	90.217139	0.005372	5.9
1257	-0.599949	379.732102	90.355008	0.004884	7.7
1258	-0.643164	380.732102	90.130095	0.006254	6.2
1259	-0.586993	381.732102	89.906298	0.002931	5.5
1260	-0.595233	382.732102	89.683610	0.006103	5.6
1261	-0.622492	383.732102	89.462023	0.001755	5.5
1262	-0.613583	384.732101	89.241527	0.003185	7.1
1263	-0.623537	384.346290	89.326468	0.002988	6.2
1264	-0.641805	385.336415	89.108805	0.003829	8.5
1265	-0.595408	386.336415	88.890045	0.002250	8.8
1266	-0.636601	385.724017	89.023886	0.004711	6.4
1267	-0.597775	385.111619	89.158130	0.001713	9.8
1268	-0.592691	384.499221	89.292779	0.004198	5.2
1269	-0.648664	385.499220	89.073117	0.004759	6.3
1270	-0.648074	385.229686	89.132217	0.007346	5.7
1271	-0.602821	386.229686	88.913342	0.003224	5.8
1272	-0.600197	387.229686	88.695540	0.002561	5.8
1273	-0.600754	386.617288	88.828795	0.006114	5.8
1274	-0.602072	387.617288	88.611406	0.008447	5.6
1275	-0.597058	388.617288	88.395079	0.006355	4.2
1276	-0.608545	389.617288	88.179805	0.004067	6.9
1277	-0.610386	390.617288	87.965577	0.004097	5.2
1278	-0.581675	390.004890	88.096646	0.002563	4.4
1279	-0.610000	389.665209	88.169515	0.002023	4.6
1280	-0.617189	389.052992	88.301154	0.003776	4.6
1281	-0.584779	388.440594	88.433226	0.002209	11.0
1282	-0.623003	387.828211	88.565689	0.004396	10.0
1283	-0.604625	388.828211	88.349585	0.006580	6.2
1284	-0.600888	389.828211	88.134533	0.004170	5.8
1285	-0.627257	390.371263	88.018186	0.002472	3.9
1286	-0.624701	391.368841	87.805258	0.003130	3.7
1287	-0.614591	392.368841	87.592844	0.002089	3.8
1288	-0.584363	393.368800	87.381464	0.004093	5.4
1289	-0.575731	394.368251	87.171208	0.003445	3.7
1290	-0.619740	393.755854	87.299919	0.004021	6.1
1291	-0.624285	394.755854	87.089940	0.004583	6.0
1292	-0.668856	395.755854	86.880969	0.003698	3.7
1293	-0.616385	396.557911	86.714086	0.005590	3.7
1294	-0.587180	397.557911	86.506912	0.002636	3.8
1295	-0.586867	396.945514	86.633667	0.002916	3.7
1296	-0.632093	396.823428	86.658981	0.001347	3.6
1297	-0.644902	397.815399	86.453728	0.007031	3.7
1298	-0.612350	398.815399	86.247795	0.004611	3.7
1299	-0.604913	399.815399	86.042841	0.004443	3.7
1300	-0.628939	399.203001	86.168239	0.004428	3.6
1301	-0.619612	400.203001	85.963662	0.002794	8.2
1302	-0.653165	399.590603	86.088829	0.002464	7.9
1303	-0.605838	398.978207	86.214360	0.006728	8.3
1304	-0.575830	398.365809	86.340259	0.002988	6.4
1305	-0.614481	399.365809	86.134866	0.004185	9.2
1306	-0.581737	400.362705	85.931080	0.002813	1.5
1307	-0.644054	401.362705	85.727627	0.002741	4.0
1308	-0.648854	402.362122	85.525253	0.002770	3.8
1309	-0.604545	403.296808	85.336849	0.002433	3.2
1310	-0.633453	402.777561	85.441410	0.002578	3.2
1311	-0.607889	403.777561	85.240266	0.001628	3.2
1312	-0.621464	404.112798	85.173047	0.001730	3.2
1313	-0.620235	403.500419	85.295917	0.005161	5.0
1314	-0.638367	402.889661	85.418815	0.002955	3.0
1315	-0.604518	403.889661	85.217777	0.003042	8.4
1316	-0.606141	403.277263	85.340780	0.002762	6.0
1317	-0.598787	402.664865	85.464138	0.005691	5.9
1318	-0.609627	403.664865	85.262887	0.002920	10.9
1319	-0.625082	404.664865	85.062582	0.004559	12.8
1320	-0.626339	404.055479	85.184533	0.004313	3.8
1321	-0.612721	403.443082	85.307439	0.002272	5.7
1322	-0.619085	402.830684	85.430701	0.005124	6.6
1323	-0.586361	402.317733	85.534221	0.003967	7.5
1324	-0.617493	403.317733	85.332640	0.002581	5.4
1325	-0.576775	402.741501	85.448681	0.002601	6.5
1326	-0.612185	403.505659	85.294864	0.004481	5.7
1327	-0.602448	402.893261	85.418089	0.004587	5.9
1328	-0.604918	403.893261	85.217055	0.004633	10.9
1329	-0.594240	404.893261	85.016965	0.005145	5.9
1330	-0.626101	404.280863	85.139388	0.005028	5.8
1331	-0.658103	403.668465	85.262164	0.003586	6.0
1332	-0.620996	404.668465	85.061862	0.006051	11.0
1333	-0.607322	404.056067	85.184415	0.005503	5.8
1334	-0.628528	403.443669	85.307321	0.004554	5.8
1335	-0.571387	404.443669	85.106807	0.004917	8.6
1336	-0.610533	405.443669	84.907234	0.003148	5.9
1337	-0.633808	406.443669	84.708594	0.002687	5.8
1338	-0.619843	407.443669	84.510882	0.004625	5.9
1339	-0.591825	408.443669	84.314091	0.005068	11.5
1340	-0.637219	407.831271	84.434496	0.003469	5.7
1341	-0.606081	408.830300	84.238250	0.002764	7.5
1342	-0.597932	408.217972	84.358426	0.004863	10.8
1343	-0.586533	409.217972	84.162343	0.006032	10.5
1344	-0.606966	408.605574	84.282315	0.002224	5.7
1345	-0.647841	409.605574	84.086585	0.002709	10.9
1346	-0.598049	410.605574	83.891763	0.003853	7.1
1347	-0.599323	409.993191	84.010962	0.004648	6.5
1348	-0.609293	409.382381	84.130192	0.005689	11.1
1349	-0.613441	410.382381	83.935168	0.003392	6.3
1350	-0.634754	411.382381	83.741045	0.003833	5.8
1351	-0.613988	410.769983	83.859818	0.003327	5.6
1352	-0.617439	410.157585	83.978929	0.003840	4.4
1353	-0.611954	409.545187	84.098379	0.003653	4.4
1354	-0.644440	408.932789	84.218169	0.004579	4.5
1355	-0.624446	408.320391	84.338301	0.002025	4.4
1356	-0.597529	409.320391	84.142311	0.006171	4.4
1357	-0.627637	408.707993	84.262227	0.006099	4.4
1358	-0.585029	409.707993	84.066590	0.002582	4.4
1359	-0.562534	409.095595	84.186290	0.003318	4.5
1360	-0.607875	410.095595	83.991005	0.004651	4.4
1361	-0.626941	411.095595	83.796625	0.002730	4.6
1362	-0.602837	410.483198	83.915556	0.006078	9.9
1363	-0.601774	411.483198	83.721524	0.005177	5.9
1364	-0.614042	412.483174	83.528392	0.003526	8.3
1365	-0.612522	411.870777	83.646562	0.003039	5.7
1366	-0.612174	411.258447	83.765055	0.004538	6.0
1367	-0.617657	412.258447	83.571717	0.006431	5.8
1368	-0.610199	412.983921	83.432014	0.004346	16.1
1369	-0.597507	413.983921	83.240209	0.003095	1.5
1370	-0.641503	414.983921	83.049284	0.004429	5.9
1371	-0.632933	415.983921	82.859233	0.002985	6.2
1372	-0.622994	415.371523	82.975516	0.003198	5.8
1373	-0.605432	415.131170	83.021244	0.002406	10.6
1374	-0.629180	414.518807	83.137977	0.005525	5.7
1375	-0.590441	415.518807	82.947520	0.002514	11.4
1376	-0.612889	414.906409	83.064051	0.005230	9.5
1377	-0.663818	415.906409	82.873933	0.004794	7.9
1378	-0.611939	416.906409	82.684682	0.002677	5.9
1379	-0.597700	417.906409	82.496295	0.004152	6.1
1380	-0.608215	417.823095	82.511957	0.003062	6.1
1381	-0.600567	417.210697	82.627267	0.003873	5.7
1382	-0.598262	418.210697	82.439141	0.004219	5.7
1383	-0.596380	417.598299	82.554247	0.005551	4.5
1384	-0.617944	416.985902	82.669676	0.005314	4.4
1385	-0.620461	417.985902	82.481356	0.006255	4.4
1386	-0.591140	417.373504	82.596581	0.003563	4.5
1387	-0.571133	418.373504	82.408593	0.004036	5.1
1388	-0.608261	419.373504	82.221460	0.003411	4.6
1389	-0.632123	420.373504	82.035175	0.004909	4.5
1390	-0.612730	419.763091	82.148785	0.004111	4.4
1391	-0.623506	420.763074	81.962832	0.004135	4.5
1392	-0.628318	420.150676	82.076611	0.004461	4.4
1393	-0.628838	421.150676	81.890981	0.006613	4.5
1394	-0.598185	422.150676	81.706188	0.003672	6.6
1395	-0.652879	423.150676	81.522227	0.005233	5.8
1396	-0.592221	422.538284	81.634785	0.002374	5.7
1397	-0.594506	423.538284	81.451145	0.005284	5.8
1398	-0.651536	424.101078	81.348157	0.003982	6.0
1399	-0.603106	423.488680	81.460235	0.006792	7.2
1400	-0.622292	422.876282	81.572623	0.002808	5.7
1401	-0.577337	423.876282	81.389262	0.003716	7.5
1402	-0.627295	423.263884	81.501454	0.001874	5.8
1403	-0.638030	423.077713	81.535622	0.004065	5.6
1404	-0.573904	423.489177	81.460144	0.002783	9.6
1405	-0.605200	424.489177	81.277289	0.002859	5.3
1406	-0.589824	425.489177	81.095252	0.003728	10.5
1407	-0.572466	426.489177	80.914029	0.003788	4.5
1408	-0.600273	425.876779	81.024914	0.001749	6.0
1409	-0.601626	426.876199	80.844109	0.004168	11.0
1410	-0.619471	426.265374	80.954517	0.004309	1.5
1411	-0.598469	425.652976	81.065512	0.003918	4.3
1412	-0.600004	425.040578	81.176813	0.003020	4.5
1413	-0.620641	424.428180	81.288419	0.005610	4.4
1414	-0.606167	425.428180	81.106332	0.004704	4.5
1415	-0.652827	424.815782	81.217745	0.003707	4.4
1416	-0.622287	425.815782	81.035975	0.005136	5.4
1417	-0.619739	426.815782	80.855016	0.004906	6.3
1418	-0.626420	427.815782	80.674864	0.003225	6.7
1419	-0.630394	428.815782	80.495514	0.007805	4.4
1420	-0.592789	428.203384	80.605253	0.002396	6.8
1421	-0.635210	427.590986	80.715292	0.003275	6.0
1422	-0.584227	426.978589	80.825632	0.002929	5.4
1423	-0.623930	427.978589	80.645611	0.003310	6.2
1424	-0.610176	427.370992	80.754895	0.004809	6.7
1425	-0.604520	428.370992	80.575189	0.003880	6.0
1426	-0.630145	429.370992	80.396280	0.006170	7.4
1427	-0.626325	430.370992	80.218164	0.003414	10.9
1428	-0.625867	429.758594	80.327148	0.001332	6.1
1429	-0.630189	430.758438	80.149366	0.002901	6.6
1430	-0.631589	430.146040	80.258163	0.003393	6.0
1431	-0.607658	429.533655	80.367253	0.004938	5.9
1432	-0.629397	430.533655	80.189266	0.002548	4.2
1433	-0.604945	429.921257	80.298171	0.002327	4.2
1434	-0.620675	430.921255	80.120490	0.002658	3.7
1435	-0.602127	431.921255	79.943593	0.003940	5.9
1436	-0.591933	431.308857	80.051832	0.004989	5.9
1437	-0.621736	432.308857	79.875237	0.006402	7.8
1438	-0.617964	431.696459	79.983291	0.006730	11.6
1439	-0.597063	431.084061	80.091637	0.005468	1.5
1440	-0.595897	432.084061	79.914867	0.003002	11.3
1441	-0.639518	431.471663	80.023028	0.004375	9.0
1442	-0.604018	430.859265	80.131482	0.002277	6.1
1443	-0.626617	430.246867	80.240230	0.003927	6.0
1444	-0.617468	431.246867	80.062804	0.001859	5.8
1445	-0.587876	432.246812	79.886171	0.003052	7.0
1446	-0.622587	433.241917	79.711165	0.004315	5.8
1447	-0.608801	434.241917	79.536069	0.005222	6.0
1448	-0.607074	433.629519	79.643206	0.006760	5.9
1449	-0.602457	434.629519	79.468408	0.003810	10.1
1450	-0.623185	434.017121	79.575363	0.004497	8.0
1451	-0.618700	433.404723	79.682606	0.004054	6.0
1452	-0.624712	432.792325	79.790138	0.002430	9.9
1453	-0.668253	433.731118	79.625412	0.004068	7.7
1454	-0.570704	433.118720	79.732790	0.003498	7.6
1455	-0.619390	434.118720	79.557599	0.002539	6.4
1456	-0.620051	433.506433	79.664774	0.001550	5.9
1457	-0.628771	434.506433	79.489882	0.003982	6.1
1458	-0.602174	435.216364	79.366185	0.002743	9.8
1459	-0.594947	436.153600	79.203472	0.002694	7.7
1460	-0.596455	437.153600	79.030597	0.004658	5.8
1461	-0.602174	437.934071	78.896196	0.003116	11.9
1462	-0.596744	438.934071	78.724658	0.006002	11.4
1463	-0.601983	438.321673	78.829619	0.005913	5.9
1464	-0.605952	439.321673	78.658370	0.003550	8.5
1465	-0.618914	440.321673	78.487863	0.002312	10.7
1466	-0.636951	439.709294	78.592190	0.004705	10.1
1467	-0.615963	440.709192	78.421987	0.004475	6.1
1468	-0.603270	441.709192	78.252503	0.003935	5.1
1469	-0.619109	442.709192	78.083750	0.007257	5.9
1470	-0.559742	443.709192	77.915722	0.004153	6.1
1471	-0.630161	443.179212	78.004683	0.002288	5.8
1472	-0.599500	442.566817	78.107731	0.003722	5.8
1473	-0.582479	441.954419	78.211053	0.002545	6.5
1474	-0.625123	442.954418	78.042478	0.007648	5.8
1475	-0.578155	442.342020	78.145626	0.004895	5.9
1476	-0.635668	441.729622	78.249048	0.005863	8.7
1477	-0.632061	441.117225	78.352744	0.006811	5.4
1478	-0.629031	442.117225	78.183558	0.004608	5.9
1479	-0.655564	443.117225	78.015102	0.002742	6.0
1480	-0.640741	444.117225	77.847369	0.006116	14.5
1481	-0.614008	443.504827	77.950003	0.004823	3.3
1482	-0.616328	444.504827	77.782550	0.003789	11.3
1483	-0.600387	445.504827	77.615815	0.003700	5.8
1484	-0.623513	444.892429	77.717838	0.002369	6.5
1485	-0.624645	444.425387	77.795826	0.002569	8.8
1486	-0.618085	443.813002	77.898321	0.003848	7.9
1487	-0.603294	444.813002	77.731090	0.003406	5.7
1488	-0.604781	444.200604	77.833417	0.006037	5.8
1489	-0.609145	445.200604	77.666464	0.006432	4.4
1490	-0.597407	446.200604	77.500226	0.004479	4.4
1491	-0.570723	447.200604	77.334698	0.004542	4.4
1492	-0.610651	448.200604	77.169876	0.004404	4.4
1493	-0.587611	447.588206	77.270729	0.003409	4.8
1494	-0.603332	448.588206	77.106179	0.003515	11.0
1495	-0.628688	447.975830	77.206862	0.004111	6.1
1496	-0.637049	447.363432	77.307813	0.003023	6.0
1497	-0.630595	448.346120	77.145950	0.007185	6.0
1498	-0.646028	449.346120	76.981931	0.005792	5.3
1499	-0.613928	450.346120	76.818607	0.004213	10.1
1500	-0.624979	451.346120	76.655975	0.003520	5.8
1501	-0.625978	450.733722	76.755489	0.003411	6.2
1502	-0.623296	451.733722	76.593124	0.001893	4.9
1503	-0.602179	451.121405	76.692461	0.003577	6.9
1504	-0.616921	450.509008	76.792069	0.001788	5.9
1505	-0.609143	451.509008	76.629550	0.007123	5.7
1506	-0.613992	452.509008	76.467716	0.004686	5.8
1507	-0.629109	453.509008	76.306565	0.006303	6.4
1508	-0.645227	452.896610	76.405173	0.003050	5.7
1509	-0.622746	453.896610	76.244285	0.006797	5.9
1510	-0.593592	454.896610	76.084073	0.006708	10.3
1511	-0.613959	454.284212	76.182106	0.004071	6.7
1512	-0.592329	455.284212	76.022156	0.004404	5.6
1513	-0.610475	454.671814	76.120029	0.003588	5.7
1514	-0.618023	454.059416	76.218155	0.005719	5.8
1515	-0.594261	453.447018	76.316535	0.003041	8.8
1516	-0.635122	452.835677	76.414998	0.002464	11.2
1517	-0.616476	452.223280	76.513887	0.003221	1.6
1518	-0.637366	451.614591	76.612430	0.002551	9.5
1519	-0.648836	452.614591	76.450669	0.005936	6.3
1520	-0.587317	453.614591	76.289590	0.002015	11.2
1521	-0.581963	453.002193	76.388154	0.003023	10.9
1522	-0.615102	453.171643	76.360856	0.005926	4.4
1523	-0.590938	452.559245	76.459604	0.005677	9.2
1524	-0.621132	453.559245	76.298487	0.004726	5.9
1525	-0.634904	454.559245	76.138048	0.005146	8.6
1526	-0.621084	455.559245	75.978281	0.005304	11.2
1527	-0.625771	454.946847	76.076042	0.003783	6.0
1528	-0.621153	454.405086	76.162737	0.002905	6.0
1529	-0.614010	455.405086	76.002867	0.007835	5.8
1530	-0.626735	454.792688	76.100691	0.003535	5.9
1531	-0.599602	455.786261	75.942105	0.003964	5.9
1532	-0.609917	456.786261	75.783159	0.003233	6.1
1533	-0.625535	457.660189	75.644796	0.003271	5.7
1534	-0.605494	458.660189	75.487091	0.004708	10.9
1535	-0.590773	458.060423	75.581598	0.003229	5.2
1536	-0.593129	458.985756	75.435889	0.002558	6.4
1537	-0.639165	458.379489	75.531292	0.004095	6.0
1538	-0.606672	459.363634	75.376548	0.004276	8.7
1539	-0.616313	460.351945	75.221785	0.003128	5.6
1540	-0.643070	461.351945	75.065837	0.004243	5.8
1541	-0.629241	462.351945	74.910534	0.002598	6.1
1542	-0.610221	461.739798	75.005526	0.003635	7.2
1543	-0.631827	462.739798	74.850472	0.003265	5.5
1544	-0.629352	463.739798	74.696059	0.004004	5.7
1545	-0.627335	463.128199	74.790422	0.003204	6.3
1546	-0.615781	464.128199	74.636256	0.005164	6.2
1547	-0.592264	463.515801	74.730591	0.002173	5.8
1548	-0.620802	462.903523	74.825147	0.003221	5.9
1549	-0.629265	462.291581	74.919891	0.002994	4.4
1550	-0.601737	463.291581	74.765191	0.003344	11.4
1551	-0.584889	462.679183	74.859853	0.008913	8.2
1552	-0.652016	463.679183	74.705400	0.004793	5.8
1553	-0.623050	464.679183	74.551584	0.004287	6.8
1554	-0.588412	464.066785	74.645706	0.005750	11.0
1555	-0.629883	465.066785	74.492135	0.001756	8.0
1556	-0.600719	466.066785	74.339194	0.003927	5.4
1557	-0.572582	467.062309	74.187561	0.002975	5.9
1558	-0.590730	468.061729	74.035955	0.004717	5.8
1559	-0.608567	467.449331	74.128779	0.004620	5.9
1560	-0.626748	468.449331	73.977325	0.003307	6.0
1561	-0.637816	467.836934	74.070002	0.004664	5.8
1562	-0.595726	467.224536	74.162910	0.005021	7.6
1563	-0.620331	466.612138	74.256052	0.003349	5.7
1564	-0.563026	467.608863	74.104576	0.003253	5.1
1565	-0.596104	466.996525	74.197562	0.004758	4.1
1566	-0.585002	467.996525	74.045828	0.003742	4.4
1567	-0.638762	468.996525	73.894713	0.003809	4.3
1568	-0.583810	469.996525	73.744213	0.003547	4.4
1569	-0.633979	469.384127	73.836306	0.003023	11.0
1570	-0.635428	470.384127	73.686044	0.003558	5.6
1571	-0.601694	471.377845	73.537331	0.004733	5.8
1572	-0.605870	472.377845	73.388282	0.001913	5.8
1573	-0.592370	471.765447	73.479487	0.004781	5.8
1574	-0.619525	471.153192	73.570898	0.004161	5.8
1575	-0.634844	470.540794	73.662558	0.009088	5.8
1576	-0.599674	471.540794	73.513002	0.003959	6.1
1577	-0.597478	470.928396	73.604518	0.001833	4.4
1578	-0.626397	471.928396	73.455197	0.003693	4.4
1579	-0.596595	472.922211	73.307399	0.001435	4.4
1580	-0.607972	472.309842	73.398399	0.005612	4.5
1581	-0.628600	473.086823	73.282975	0.006853	4.4
1582	-0.610646	474.086823	73.134955	0.006188	4.5
1583	-0.608677	473.474425	73.225531	0.003054	10.9
1584	-0.595190	472.862027	73.316332	0.003233	14.8
1585	-0.622318	473.862027	73.168177	0.004997	2.8
1586	-0.639641	474.861807	73.020652	0.006273	6.7
1587	-0.613826	475.861807	72.873688	0.001822	11.0
1588	-0.631407	475.249409	72.963618	0.005346	5.2
1589	-0.618248	474.649092	73.051990	0.005081	8.7
1590	-0.609878	474.036694	73.142361	0.002385	6.9
1591	-0.612632	475.030698	72.995790	0.005656	6.5
1592	-0.599978	474.884026	73.017380	0.005209	11.2
1593	-0.635371	475.884026	72.870429	0.001570	11.1
1594	-0.603553	475.284762	72.958421	0.004172	6.8
1595	-0.609373	476.284751	72.811709	0.008184	5.7
1596	-0.627257	477.284450	72.665628	0.003173	3.9
1597	-0.601456	478.121975	72.543695	0.003930	10.7
1598	-0.612252	477.509577	72.632812	0.006599	7.1
1599	-0.621941	478.509577	72.487404	0.006028	6.1
1600	-0.627638	479.509577	72.342577	0.003645	6.5
1601	-0.577726	478.897233	72.431192	0.001617	5.8
1602	-0.606722	478.284835	72.520032	0.006046	9.4
1603	-0.618631	477.672437	72.609091	0.003620	5.8
1604	-0.624016	478.672437	72.463778	0.005483	6.1
1605	-0.607976	479.672437	72.319045	0.005245	6.0
1606	-0.619345	480.672437	72.174889	0.004340	6.4
1607	-0.606370	481.672437	72.031307	0.002699	7.3
1608	-0.623153	481.060039	72.119168	0.001394	8.4
1609	-0.626868	482.019606	71.981593	0.004051	5.7
1610	-0.638005	483.019605	71.838778	0.003333	5.8
1611	-0.643784	482.407207	71.926170	0.004846	7.1
1612	-0.613529	483.407207	71.783575	0.002709	5.8
1613	-0.604286	482.794821	71.870831	0.004629	6.9
1614	-0.620696	482.182423	71.958301	0.004511	5.9
1615	-0.606136	483.182423	71.815579	0.002498	10.0
1616	-0.592418	484.182423	71.673421	0.004558	3.1
1617	-0.617889	483.570026	71.760411	0.005974	3.0
1618	-0.615531	484.570026	71.618471	0.004723	5.5
1619	-0.627135	483.957628	71.705328	0.004839	7.8
1620	-0.616687	483.345230	71.792396	0.003308	5.8
1621	-0.607850	482.732832	71.879675	0.002751	11.1
1622	-0.615617	482.120560	71.967149	0.008125	4.9
1623	-0.584535	483.120560	71.824391	0.006538	4.4
1624	-0.607897	484.120560	71.682199	0.005053	4.4
1625	-0.577713	483.508162	71.769210	0.002816	4.4
1626	-0.636441	482.895764	71.856433	0.005009	4.6
1627	-0.591493	483.895764	71.714114	0.003637	4.4
1628	-0.620592	484.895764	71.572357	0.003012	11.5
1629	-0.633737	485.807044	71.443665	0.004349	7.3
1630	-0.590729	486.807044	71.302974	0.004344	6.0
1631	-0.589248	486.194646	71.389067	0.002919	7.5
1632	-0.627137	487.194646	71.248591	0.005473	5.7
1633	-0.598279	488.194646	71.108667	0.003288	6.8
1634	-0.641536	487.582248	71.194291	0.005213	5.6
1635	-0.614209	488.582248	71.054580	0.003732	6.5
1636	-0.607836	489.582248	70.915416	0.002927	5.9
1637	-0.624094	488.969850	71.000575	0.002151	5.8
1638	-0.617545	488.357452	71.085938	0.002389	6.2
1639	-0.630359	488.795509	71.024856	0.006231	6.0
1640	-0.599215	489.795509	70.885808	0.003839	10.5
1641	-0.640948	489.183111	70.970896	0.005171	6.1
1642	-0.613448	490.183111	70.832059	0.006326	6.2
1643	-0.607459	491.183111	70.693765	0.002917	11.1
1644	-0.626362	490.570713	70.778392	0.005584	5.7
1645	-0.602035	489.958315	70.863222	0.003028	5.9
1646	-0.625658	490.958315	70.724806	0.002907	5.7
1647	-0.589690	491.958315	70.586930	0.003179	4.3
1648	-0.609318	492.958300	70.449592	0.005506	5.2
1649	-0.586711	493.958300	70.312785	0.002126	3.9
1650	-0.614966	493.345902	70.396502	0.003006	3.8
1651	-0.636205	492.733772	70.480382	0.002208	3.7
1652	-0.608144	493.733772	70.343456	0.006790	3.7
1653	-0.637111	494.733772	70.207061	0.005006	3.8
1654	-0.620827	494.121374	70.290526	0.005247	3.8
1655	-0.639543	493.508976	70.374190	0.003585	3.8
1656	-0.609979	494.508976	70.237676	0.001987	3.8
1657	-0.633275	493.896578	70.321214	0.002532	3.8
1658	-0.601424	494.896578	70.184905	0.002105	3.7
1659	-0.622993	494.284236	70.268310	0.004289	3.8
1660	-0.598883	493.671838	70.351921	0.004906	3.8
1661	-0.623395	493.059440	70.435731	0.002947	3.9
1662	-0.592853	494.059440	70.298978	0.002814	4.9
1663	-0.638672	494.032599	70.302642	0.003453	6.5
1664	-0.622836	493.420201	70.386335	0.004264	8.9
1665	-0.635600	494.420201	70.249774	0.003478	6.0
1666	-0.624137	495.420201	70.113741	0.004599	9.9
1667	-0.612254	496.420201	69.978235	0.004152	5.2
1668	-0.600621	497.420201	69.843251	0.008348	6.4
1669	-0.647021	498.420201	69.708787	0.003068	8.4
1670	-0.574109	497.807803	69.791071	0.003240	5.7
1671	-0.608584	497.195406	69.873550	0.006053	5.8
1672	-0.566883	496.583008	69.956223	0.007183	6.0
1673	-0.607826	495.970610	70.039093	0.003655	10.2
1674	-0.634062	496.970610	69.903874	0.003684	11.0
1675	-0.590081	497.970610	69.769177	0.004621	10.1
1676	-0.616562	497.491062	69.833706	0.003435	12.5
1677	-0.610924	496.878745	69.916274	0.003676	4.0
1678	-0.579164	496.266347	69.999049	0.004889	5.8
1679	-0.613874	497.266347	69.863985	0.004857	8.8
1680	-0.586083	496.653949	69.946636	0.006113	5.9
1681	-0.636590	497.653949	69.811774	0.003694	10.1
1682	-0.597812	497.041563	69.894300	0.006785	4.8
1683	-0.590017	498.041563	69.759640	0.007289	6.3
1684	-0.612186	499.041563	69.625497	0.005168	7.7
1685	-0.584578	500.041563	69.491870	0.002700	5.7
1686	-0.590108	499.429165	69.573642	0.006925	6.1
1687	-0.574281	500.429165	69.440213	0.003406	6.2
1688	-0.613221	499.816767	69.521864	0.003294	10.9
1689	-0.623784	499.204369	69.603707	0.002925	3.3
1690	-0.616849	498.591972	69.685743	0.002034	9.0
1691	-0.626367	497.979574	69.767972	0.005432	6.2
1692	-0.583178	498.979563	69.633799	0.004728	6.3
1693	-0.630110	499.963195	69.502323	0.003341	5.7
1694	-0.603869	499.396398	69.578023	0.003435	6.1
1695	-0.615098	500.396398	69.444577	0.003004	5.7
1696	-0.601567	499.784000	69.526238	0.004000	11.1
1697	-0.566709	500.784000	69.392991	0.003177	5.6
1698	-0.646070	501.784000	69.260254	0.006044	5.8
1699	-0.621015	502.784000	69.128023	0.004194	6.9
1700	-0.641763	503.784000	68.996296	0.003048	5.5
1701	-0.600847	504.784000	68.865071	0.006384	6.4
1702	-0.619082	504.171602	68.945374	0.005207	11.6
1703	-0.594489	505.171602	68.814342	0.006229	11.4
1704	-0.609485	504.559204	68.894526	0.004390	1.7
1705	-0.626010	505.559204	68.763687	0.002989	3.4
1706	-0.622302	504.946806	68.843754	0.002965	3.3
1707	-0.632418	504.334408	68.924007	0.002388	3.2
1708	-0.581402	503.722010	69.004448	0.007061	3.2
1709	-0.578299	503.109612	69.085076	0.004747	3.2
1710	-0.609559	504.109612	68.953513	0.005420	3.3
1711	-0.599676	503.501871	69.033409	0.006613	3.3
1712	-0.620925	503.682991	69.009579	0.006444	3.2
1713	-0.608049	503.070594	69.090220	0.005305	3.2
1714	-0.626229	502.458196	69.171049	0.004736	3.2
1715	-0.628863	503.458196	69.039158	0.005215	3.4
1716	-0.630425	502.845798	69.119868	0.004443	3.3
1717	-0.602927	503.845798	68.988172	0.005636	3.3
1718	-0.599700	504.845798	68.856978	0.004469	3.3
1719	-0.638815	505.845798	68.726281	0.003301	3.4
1720	-0.642361	506.034668	68.701652	0.002293	3.7
1721	-0.613255	506.929988	68.585141	0.002698	5.0
1722	-0.650241	507.929942	68.455479	0.003583	3.3
1723	-0.600230	508.605344	68.368178	0.006347	5.0
1724	-0.589427	509.605344	68.239329	0.007679	3.5
1725	-0.611779	510.605344	68.110964	0.004969	3.2
1726	-0.588341	509.992946	68.189517	0.003978	6.1
1727	-0.617864	510.992946	68.061339	0.002666	5.8
1728	-0.603365	510.380550	68.139777	0.002912	8.3
1729	-0.640789	511.380546	68.011787	0.002937	6.3
1730	-0.617758	512.380546	67.884276	0.004276	6.2
1731	-0.602997	511.768149	67.962307	0.002212	6.0
1732	-0.620996	512.768024	67.834997	0.005938	6.0
1733	-0.598155	512.155626	67.912914	0.002559	5.8
1734	-0.601416	513.155626	67.785774	0.003769	9.5
1735	-0.611664	514.155626	67.659108	0.005008	5.6
1736	-0.591782	515.026594	67.549172	0.003587	6.0
1737	-0.624218	516.026594	67.423388	0.004507	8.1
1738	-0.613452	515.414196	67.500362	0.005462	5.5
1739	-0.620063	514.801798	67.577512	0.006120	10.3
1740	-0.626016	515.801798	67.451623	0.007447	11.5
1741	-0.619119	515.189400	67.528661	0.003092	7.8
1742	-0.605600	514.577003	67.605876	0.004725	3.4
1743	-0.597462	513.964605	67.683267	0.006416	6.4
1744	-0.595034	513.352207	67.760836	0.006200	5.1
1745	-0.635446	512.739809	67.838583	0.002446	4.3
1746	-0.575155	513.739809	67.711720	0.004384	4.3
1747	-0.610818	513.127411	67.789355	0.004234	4.3
1748	-0.611043	514.127411	67.662676	0.004514	4.4
1749	-0.597856	515.127411	67.536469	0.002836	4.3
1750	-0.584790	516.127411	67.410733	0.005320	4.3
1751	-0.607946	517.127411	67.285464	0.002296	4.3
1752	-0.638552	516.515013	67.362123	0.005668	4.2
1753	-0.612168	517.514231	67.237132	0.005592	4.6
1754	-0.622763	518.514231	67.112507	0.005529	4.3
1755	-0.616125	519.514231	66.988342	0.005300	4.6
1756	-0.572030	520.514231	66.864637	0.005339	4.3
1757	-0.644469	519.901833	66.940340	0.006320	4.3
1758	-0.596037	520.901833	66.816811	0.001847	4.3
1759	-0.594198	520.289486	66.892399	0.004736	4.4
1760	-0.622291	519.677088	66.968165	0.003378	4.3
1761	-0.643445	519.064690	67.044102	0.006651	4.3
1762	-0.613324	520.064690	66.920191	0.005811	10.7
1763	-0.630882	519.452292	66.996020	0.006185	7.1
1764	-0.616995	520.452292	66.872286	0.002596	6.3
1765	-0.618918	519.839894	66.948006	0.003447	5.7
1766	-0.593395	519.227496	67.023898	0.003389	5.9
1767	-0.611198	520.227496	66.900061	0.003902	10.9
1768	-0.579242	519.617512	66.975545	0.004235	5.8
1769	-0.606339	520.617512	66.851886	0.003421	5.8
1770	-0.601392	521.617512	66.728684	0.006147	5.8
1771	-0.619756	521.005114	66.804079	0.002122	5.9
1772	-0.600303	520.392716	66.879644	0.007446	6.0
1773	-0.600488	521.392716	66.756340	0.002706	7.5
1774	-0.620231	522.392716	66.633489	0.006366	11.8
1775	-0.598643	521.780319	66.708669	0.006481	10.7
1776	-0.615989	522.780319	66.585993	0.003730	2.6
1777	-0.614854	522.167921	66.661066	0.002014	6.0
1778	-0.611538	521.555523	66.736308	0.004993	5.9
1779	-0.602134	522.555523	66.613531	0.002184	4.5
1780	-0.607646	521.943125	66.688665	0.005567	4.5
1781	-0.638930	522.943125	66.566063	0.005272	4.4
1782	-0.630525	523.943125	66.443911	0.004852	4.4
1783	-0.596654	524.943125	66.322206	0.003994	4.4
1784	-0.619643	525.943125	66.200946	0.004145	4.5
1785	-0.645492	526.884509	66.087199	0.003310	4.6
1786	-0.632324	527.884509	65.966796	0.002535	4.6
1787	-0.594619	528.884494	65.846833	0.004878	4.5
1788	-0.600906	528.272096	65.920247	0.002310	4.4
1789	-0.643981	529.271642	65.800506	0.003704	4.3
1790	-0.611081	528.659719	65.873760	0.003479	4.5
1791	-0.598782	529.659719	65.754133	0.004980	4.5
1792	-0.576087	529.047321	65.827341	0.003878	4.6
1793	-0.634963	528.434923	65.900712	0.002736	4.5
1794	-0.633256	529.418514	65.782948	0.003703	4.5
1795	-0.618826	530.418514	65.663650	0.004309	10.3
1796	-0.600297	531.418514	65.544784	0.004653	5.9
1797	-0.645967	530.806116	65.617526	0.005802	10.9
1798	-0.615193	531.806116	65.498827	0.003592	4.8
1799	-0.620852	531.193718	65.571467	0.004014	6.4
1800	-0.622000	530.581320	65.644269	0.002129	5.9
1801	-0.638469	531.581320	65.525473	0.003108	5.9
1802	-0.623055	532.581320	65.407107	0.003645	5.7
1803	-0.588440	533.535651	65.294544	0.001991	9.2
1804	-0.566164	532.923263	65.366730	0.005305	6.2
1805	-0.578658	532.310865	65.439077	0.004512	9.6
1806	-0.646833	533.310865	65.321022	0.004753	5.7
1807	-0.607067	532.698467	65.393268	0.004056	6.2
1808	-0.607878	533.698467	65.275379	0.007593	8.0
1809	-0.608789	534.698467	65.157913	0.003021	11.1
1810	-0.595698	534.086069	65.229798	0.006188	6.0
1811	-0.599928	535.086069	65.112497	0.006214	6.5
1812	-0.610698	534.473671	65.184282	0.003667	5.8
1813	-0.612561	533.861273	65.256226	0.004765	6.1
1814	-0.646058	534.861271	65.138829	0.003425	4.6
1815	-0.644882	534.248873	65.210672	0.004141	4.4
1816	-0.657564	533.636475	65.282674	0.003248	4.5
1817	-0.590783	533.024077	65.354835	0.002861	4.5
1818	-0.597166	534.024077	65.237084	0.007215	4.4
1819	-0.597634	535.024077	65.119756	0.004142	5.7
1820	-0.617871	536.024077	65.002850	0.005832	5.7
1821	-0.638198	535.411679	65.074393	0.003382	6.1
1822	-0.637193	534.799281	65.146094	0.004928	5.8
1823	-0.600517	535.799281	65.029093	0.003565	5.9
1824	-0.607819	535.186883	65.100695	0.005064	4.9
1825	-0.570295	536.186883	64.983856	0.003958	9.0
1826	-0.638773	535.574485	65.055358	0.003043	7.9
1827	-0.632540	534.969181	65.126186	0.003341	5.8
1828	-0.599952	535.969181	65.009257	0.003562	6.1
1829	-0.578993	536.969181	64.892746	0.002231	6.0
1830	-0.613483	536.356783	64.964047	0.006053	6.1
1831	-0.623368	535.744548	65.035486	0.002734	5.3
1832	-0.624486	536.744548	64.918882	0.005286	11.2
1833	-0.624796	537.744548	64.802695	0.004625	1.5
1834	-0.580580	538.744545	64.686923	0.004771	5.7
1835	-0.629558	538.132147	64.757773	0.004430	5.8
1836	-0.592371	539.132147	64.642161	0.004391	6.2
1837	-0.583601	540.132147	64.526961	0.003424	6.5
1838	-0.585793	541.132147	64.412172	0.002856	5.9
1839	-0.623971	540.519749	64.482420	0.003526	10.0
1840	-0.601851	539.907619	64.552791	0.005817	10.2
1841	-0.602119	539.295221	64.623347	0.005178	6.4
1842	-0.625304	538.682823	64.694057	0.006475	6.3
1843	-0.587332	539.682823	64.578672	0.006086	13.0
1844	-0.601595	539.070425	64.649285	0.003738	4.8
1845	-0.604818	538.458027	64.720052	0.006562	5.7
1846	-0.600160	537.946943	64.779230	0.002359	6.2
1847	-0.641544	537.334545	64.850282	0.003280	5.9
1848	-0.586094	538.334545	64.734340	0.005547	6.0
1849	-0.602942	539.334545	64.618812	0.004014	4.8
1850	-0.614443	540.334545	64.503695	0.005563	4.4
1851	-0.601941	539.722147	64.574144	0.003360	4.4
1852	-0.620191	540.632653	64.469457	0.001948	4.4
1853	-0.607551	541.632653	64.354872	0.003069	4.4
1854	-0.663940	541.608324	64.357655	0.005811	4.5
1855	-0.600627	540.995926	64.427785	0.005386	4.3
1856	-0.604773	541.995926	64.313347	0.003350	11.0
1857	-0.627148	541.383528	64.383380	0.002340	5.1
1858	-0.627186	542.324252	64.275863	0.007675	5.9
1859	-0.596455	542.128922	64.298158	0.001682	5.9
1860	-0.642168	543.126679	64.184435	0.004867	5.8
1861	-0.651005	544.126231	64.070911	0.002931	5.8
1862	-0.585715	543.513833	64.140417	0.002344	10.1
1863	-0.606193	544.508924	64.027553	0.002959	5.1
1864	-0.638504	543.896526	64.096964	0.003155	9.6
1865	-0.575162	544.843377	63.989708	0.003418	11.4
1866	-0.603054	545.843377	63.876820	0.004845	10.9
1867	-0.611292	546.843377	63.764330	0.005719	6.7
1868	-0.640849	546.230979	63.833172	0.006235	8.0
1869	-0.576814	547.230979	63.720835	0.005082	7.9
1870	-0.595829	546.709419	63.779376	0.004418	5.8
1871	-0.598278	546.097021	63.848250	0.004711	6.0
1872	-0.619279	547.097021	63.735860	0.005560	5.6
1873	-0.624125	548.097021	63.623866	0.003269	5.9
1874	-0.603733	547.484623	63.692404	0.004151	5.9
1875	-0.599229	548.484623	63.580562	0.004230	6.2
1876	-0.611928	547.872225	63.649007	0.003497	11.0
1877	-0.595993	548.872225	63.537317	0.003786	7.6
1878	-0.637032	549.872225	63.426019	0.003213	11.0
1879	-0.582718	549.259827	63.494131	0.003376	6.0
1880	-0.587781	550.259663	63.383002	0.004388	5.8
1881	-0.624202	550.631065	63.341821	0.005475	6.0
1882	-0.605144	551.631065	63.231205	0.004164	12.6
1883	-0.585342	552.631065	63.120976	0.002278	5.3
1884	-0.601732	553.626369	63.011644	0.003462	5.9
1885	-0.601148	553.013977	63.078869	0.004827	4.6
1886	-0.630582	552.401579	63.146238	0.004096	4.5
1887	-0.614817	551.789181	63.213751	0.004470	4.4
1888	-0.614379	551.176783	63.281408	0.003558	4.4
1889	-0.631185	552.170653	63.171679	0.007451	4.4
1890	-0.605063	553.170653	63.061656	0.004887	4.5
1891	-0.619333	554.170653	62.952016	0.004002	8.9
1892	-0.624213	555.170653	62.842757	0.003454	8.0
1893	-0.624222	554.558255	62.909622	0.008418	7.9
1894	-0.605431	553.945857	62.976630	0.003452	5.9
1895	-0.612822	554.945857	62.867285	0.004330	4.5
1896	-0.629672	554.333459	62.934203	0.003223	4.5
1897	-0.601920	555.333459	62.825005	0.002303	4.3
1898	-0.591854	554.721061	62.891832	0.002031	4.4
1899	-0.609114	554.108663	62.958802	0.002746	7.7
1900	-0.601386	553.497225	63.025809	0.002954	7.5
1901	-0.576881	552.885471	63.092994	0.003779	5.4
1902	-0.558814	552.273073	63.160393	0.004555	10.9
1903	-0.626906	551.660675	63.227936	0.003584	4.3
1904	-0.618567	552.660675	63.117717	0.002642	5.7
1905	-0.604242	553.416321	63.034686	0.005140	8.3
1906	-0.594609	554.416321	62.925140	0.003152	5.7
1907	-0.597929	555.416321	62.815974	0.005493	6.1
1908	-0.603589	556.405770	62.708331	0.002893	6.1
1909	-0.621578	557.405770	62.599916	0.003671	5.9
1910	-0.607300	556.793372	62.666265	0.002664	9.2
1911	-0.635870	556.180974	62.732755	0.002398	6.1
1912	-0.650736	555.568576	62.799386	0.004430	5.8
1913	-0.583159	556.568576	62.690655	0.004276	5.8
1914	-0.612737	557.568576	62.582300	0.004939	7.4
1915	-0.627769	558.568576	62.474320	0.003006	6.2
1916	-0.614385	557.956178	62.540402	0.003748	5.8
1917	-0.618020	557.343780	62.606625	0.001990	9.2
1918	-0.599774	556.731384	62.672988	0.003504	5.9
1919	-0.595818	556.118987	62.739493	0.004006	9.9
1920	-0.609465	555.506589	62.806138	0.006371	7.8
1921	-0.607316	556.506589	62.697384	0.004394	5.4
1922	-0.612152	555.894191	62.763940	0.003974	5.8
1923	-0.646434	555.281793	62.830637	0.004002	6.2
1924	-0.620493	554.669395	62.897477	0.002425	6.5
1925	-0.615650	554.056997	62.964458	0.004254	5.8
1926	-0.603775	553.470177	63.028777	0.003451	5.9
1927	-0.614576	554.470177	62.919251	0.004995	6.0
1928	-0.640011	553.857779	62.986279	0.002640	10.1
1929	-0.619885	554.857779	62.876901	0.005954	6.4
1930	-0.567226	554.245381	62.943839	0.004840	5.9
1931	-0.601051	553.632983	63.010919	0.003708	6.0
1932	-0.590642	554.632983	62.901455	0.002856	6.5
1933	-0.602208	555.619761	62.793811	0.002546	6.4
1934	-0.605486	555.341201	62.824161	0.003575	5.5
1935	-0.594060	556.341201	62.715345	0.002028	6.4
1936	-0.619921	555.728803	62.781939	0.004121	5.9
1937	-0.569806	556.727187	62.673444	0.004870	6.1
1938	-0.604978	557.727031	62.565165	0.003651	7.9
1939	-0.589874	558.727031	62.457244	0.002836	6.1
1940	-0.613632	558.114633	62.523290	0.003370	11.2
1941	-0.588718	559.114633	62.415513	0.004454	3.6
1942	-0.608195	560.048588	62.315189	0.002990	5.7
1943	-0.608394	559.436190	62.380935	0.001767	11.0
1944	-0.589021	560.436169	62.273650	0.003966	5.8
1945	-0.605439	559.825092	62.339167	0.004053	6.3
1946	-0.616041	559.212694	62.404964	0.002709	10.7
1947	-0.618669	560.212694	62.297594	0.004036	8.0
1948	-0.634694	559.600296	62.363303	0.003721	6.2
1949	-0.612015	560.600296	62.256076	0.005167	5.7
1950	-0.614595	559.987898	62.321698	0.004942	5.8
1951	-0.585737	559.375500	62.387458	0.004260	5.9
1952	-0.628578	560.375500	62.280148	0.002525	5.7
1953	-0.596975	561.375500	62.173207	0.002440	6.5
1954	-0.615810	562.375448	62.066637	0.003295	5.8
1955	-0.620845	563.367035	61.961319	0.004317	10.9
1956	-0.599948	564.367035	61.855469	0.002935	11.0
1957	-0.620124	565.367035	61.749979	0.005086	11.0
1958	-0.616364	566.367035	61.644849	0.004579	5.4
1959	-0.609717	567.367035	61.540077	0.005830	6.2
1960	-0.583782	568.367035	61.435659	0.002921	6.1
1961	-0.619604	567.754637	61.499562	0.003727	5.9
1962	-0.633653	568.754637	61.395282	0.002568	6.1
1963	-0.611752	569.754637	61.291355	0.004882	5.9
1964	-0.608128	569.142239	61.354958	0.002247	10.9
1965	-0.603272	570.142239	61.251168	0.003246	3.6
1966	-0.636193	571.142239	61.147728	0.007045	5.7
1967	-0.608907	570.533139	61.210691	0.003937	4.7
1968	-0.571013	571.533135	61.107388	0.004471	4.3
1969	-0.619520	572.533135	61.004433	0.003567	4.5
1970	-0.593459	571.920737	61.067441	0.003289	4.4
1971	-0.609291	571.308340	61.130580	0.003672	4.4
1972	-0.609667	572.308340	61.027547	0.003076	12.4
1973	-0.608911	573.308340	60.924860	0.003517	10.1
1974	-0.614082	574.308340	60.822518	0.002007	10.4
1975	-0.614212	575.308340	60.720520	0.003136	5.3
1976	-0.609749	576.235620	60.626244	0.004728	10.9
1977	-0.582086	577.235620	60.524902	0.006991	5.8
1978	-0.598215	578.235620	60.423899	0.004125	11.3
1979	-0.559038	579.235620	60.323232	0.004263	6.8
1980	-0.617218	578.623222	60.384840	0.005836	5.4
1981	-0.610140	579.623148	60.284311	0.005708	5.8
1982	-0.634336	580.623148	60.184108	0.002013	8.1
1983	-0.610724	580.186611	60.227809	0.003226	14.6
1984	-0.632001	579.574213	60.289223	0.001498	10.9
1985	-0.609532	580.574211	60.189004	0.002652	4.8
1986	-0.602992	581.573965	60.089142	0.003734	4.5
1987	-0.587878	582.573965	59.989586	0.004944	5.7
1988	-0.612367	581.961568	60.050515	0.005894	5.8
1989	-0.622874	582.961568	59.951087	0.003390	5.9
1990	-0.620345	583.960167	59.852126	0.003449	11.1
1991	-0.593191	584.711010	59.777933	0.006145	9.6
1992	-0.633064	584.098612	59.838432	0.003987	5.9
1993	-0.648360	585.098612	59.739705	0.004528	6.0
1994	-0.598582	584.486214	59.800127	0.003472	5.9
1995	-0.598034	585.486214	59.701526	0.004870	5.8
1996	-0.613026	586.355375	59.616090	0.003768	6.0
1997	-0.595254	587.355375	59.518094	0.005859	12.5
1998	-0.598727	586.742977	59.578068	0.002359	4.5
1999	-0.614545	586.142209	59.637021	0.004281	5.8
