1:ItNr	2:Metric	3:StepSize	4:||Gradient||	Time[ms]
0	-0.159537	627.201626	0.001892	1827.8
1	-0.000000	623.504937	0.000000	15.1
2	-0.000000	619.865785	0.000000	6.4
3	-0.572816	616.282728	0.009545	12.3
4	-0.559548	612.754375	0.013153	4.2
5	-0.148268	609.279381	0.001614	7.1
6	-0.000000	605.856447	0.000000	7.2
7	-0.001734	602.484317	0.000266	7.1
8	-0.432866	599.161779	0.005331	7.0
9	-0.862295	595.887656	0.004692	7.1
10	-0.307938	592.660813	0.008753	7.2
11	-0.286928	589.480151	0.006620	6.4
12	-0.780095	586.344606	0.006743	6.8
13	-0.005244	583.253145	0.000031	8.7
14	-0.168459	580.204771	0.002217	11.0
15	-0.140870	577.198517	0.003069	7.5
16	-1.162973	574.233444	0.006662	6.7
17	-1.315463	571.308645	0.011049	6.7
18	-0.035986	568.423237	0.002165	11.4
19	-0.001006	565.576365	0.000008	12.3
20	-0.040190	562.767201	0.001568	14.1
21	-0.661755	559.994938	0.009025	11.4
22	-0.635896	557.258797	0.012634	12.5
23	-0.513536	554.558018	0.007226	9.9
24	-0.994891	551.891865	0.015528	7.9
25	-0.029855	549.259621	0.001435	11.3
26	-0.153733	546.660592	0.001277	8.6
27	-0.000000	544.094102	0.000000	7.9
28	-0.115292	541.559494	0.002014	7.2
29	-0.049788	539.056129	0.000499	14.7
30	-0.000000	536.583387	0.000000	5.3
31	-0.269006	534.140663	0.003897	11.5
32	-0.000000	531.727370	0.000000	6.3
33	-0.000331	529.342935	0.000070	10.1
34	-0.000000	526.986802	0.000000	11.1
35	-0.899011	524.658430	0.007793	6.9
36	-0.087175	522.357290	0.001754	9.0
37	-0.116182	520.082868	0.001720	6.6
38	-0.149460	517.834665	0.001719	10.2
39	-0.000000	515.612193	0.000000	6.3
40	-0.632567	513.414976	0.006447	6.6
41	-0.185550	511.242551	0.004753	6.7
42	-0.000000	509.094468	0.000000	12.0
43	-0.000000	506.970285	0.000000	7.0
44	-0.000000	504.869574	0.000000	6.6
45	-0.000000	502.791916	0.000000	6.6
46	-1.145228	500.736903	0.011020	6.5
47	-0.098045	498.704137	0.003784	6.5
48	-0.107825	496.693228	0.000918	6.6
49	-1.081122	494.703798	0.014013	6.8
50	-0.000074	492.735476	0.000017	7.7
51	-0.083228	490.787900	0.003111	7.0
52	-0.425618	488.860718	0.004301	11.8
53	-0.242755	486.953585	0.008303	7.8
54	-0.402746	485.066164	0.006478	10.7
55	-1.294766	483.198126	0.008257	15.9
56	-0.062860	481.349149	0.000863	7.7
57	-0.791703	479.518920	0.005796	6.4
58	-0.032057	477.707132	0.000324	6.4
59	-0.070611	475.913485	0.001029	6.0
60	-0.000080	474.137684	0.000003	9.3
61	-0.079631	472.379445	0.003032	6.4
62	-0.800941	470.638485	0.004748	6.8
63	-0.166407	468.914531	0.002266	6.5
64	-0.000000	467.207315	0.000000	7.0
65	-0.283792	465.516573	0.001064	13.2
66	-0.087895	463.842050	0.003956	3.8
67	-0.968471	462.183494	0.011715	7.9
68	-0.109395	460.540658	0.006403	8.0
69	-1.208729	458.913303	0.007184	6.8
70	-0.000156	457.301192	0.000034	6.7
71	-0.194802	455.704096	0.003994	6.9
72	-0.000000	454.121787	0.000000	6.2
73	-0.214447	452.554045	0.003752	12.1
74	-0.000000	451.000653	0.000000	6.3
75	-0.661507	449.461399	0.003518	6.8
76	-0.774382	447.936075	0.007573	6.1
77	-0.696552	446.424477	0.009983	12.2
78	-0.004177	444.926406	0.000628	2.3
79	-0.000000	443.441666	0.000000	6.5
80	-1.038703	441.970065	0.008235	11.4
81	-0.166113	440.511415	0.001570	8.2
82	-0.049928	439.065533	0.001782	6.2
83	-0.000000	437.632238	0.000000	7.0
84	-0.000000	436.211351	0.000000	7.5
85	-0.005079	434.802701	0.000211	11.2
86	-0.437995	433.406117	0.007225	6.6
87	-0.513392	432.021430	0.005775	6.9
88	-0.166738	430.648479	0.003840	6.3
89	-0.670072	429.287101	0.005266	7.1
90	-0.205911	427.937140	0.002601	8.9
91	-0.611085	426.598440	0.004529	12.0
92	-0.000000	425.270849	0.000000	12.8
93	-1.146781	423.954220	0.009936	11.0
94	-0.004599	422.648404	0.000464	7.5
95	-0.000000	421.353259	0.000000	11.6
96	-0.098304	420.068643	0.002105	6.7
97	-0.311872	418.794419	0.001893	8.5
98	-0.837316	417.530451	0.009081	9.5
99	-0.000000	416.276604	0.000000	10.2
100	-0.000000	415.032748	0.000000	12.1
101	-0.159342	413.798754	0.005437	9.6
102	-0.000000	412.574495	0.000000	11.9
103	-1.022372	411.359849	0.006221	11.9
104	-0.312154	410.154691	0.002512	6.0
105	-0.843364	408.958904	0.002014	7.2
106	-0.000000	407.772368	0.000000	6.5
107	-0.220798	406.594968	0.009113	6.6
108	-1.341679	405.426590	0.011741	6.6
109	-0.000000	404.267122	0.000000	7.0
110	-0.262014	403.116456	0.002759	7.7
111	-0.516585	401.974481	0.005162	6.5
112	-0.039903	400.841093	0.000746	9.4
113	-0.000000	399.716187	0.000000	6.4
114	-1.211560	398.599660	0.011483	9.6
115	-0.000000	397.491411	0.000000	8.4
116	-0.442460	396.391342	0.002305	7.7
117	-0.927315	395.299353	0.011051	11.6
118	-0.002817	394.215350	0.000134	6.4
119	-0.383412	393.139238	0.006279	6.5
120	-0.071855	392.070924	0.001809	6.6
121	-0.031845	391.010316	0.002066	6.2
122	-0.277748	389.957325	0.009415	6.7
123	-1.004121	388.911862	0.005493	7.1
124	-0.834747	387.873839	0.011066	6.3
125	-0.320472	386.843173	0.007631	11.7
126	-0.704168	385.819777	0.006796	4.6
127	-0.417830	384.803569	0.001770	10.1
128	-0.619035	383.794468	0.006593	7.4
129	-0.000000	382.792393	0.000000	8.5
130	-0.000000	381.797264	0.000000	6.4
131	-0.100505	380.809005	0.001934	6.9
132	-0.074996	379.827537	0.002665	7.4
133	-0.124871	378.852786	0.004677	10.9
134	-0.000000	377.884678	0.000000	6.8
135	-0.242643	376.923138	0.003447	8.9
136	-0.001209	375.968095	0.000186	7.9
137	-0.264281	375.019479	0.006323	6.4
138	-0.619770	374.077218	0.003235	6.6
139	-0.533123	373.141244	0.009160	6.8
140	-0.851309	372.211489	0.005301	11.6
141	-0.000013	371.287887	0.000004	8.1
142	-0.359548	370.370370	0.004140	7.8
143	-0.065087	369.458876	0.001963	6.5
144	-0.066043	368.553338	0.001360	7.1
145	-0.000000	367.653696	0.000000	6.9
146	-1.205125	366.759885	0.014751	6.3
147	-0.532991	365.871846	0.005139	7.1
148	-0.000000	364.989518	0.000000	6.2
149	-0.384072	364.112841	0.006320	6.3
150	-0.001699	363.241757	0.000087	6.6
151	-0.000002	362.376208	0.000001	11.7
152	-0.000000	361.516137	0.000000	6.4
153	-0.478043	360.661488	0.003039	11.1
154	-0.000000	359.812206	0.000000	7.8
155	-0.007880	358.968236	0.000301	6.7
156	-0.061220	358.129524	0.001322	6.7
157	-0.000000	357.296018	0.000000	6.5
158	-0.712335	356.467665	0.005710	6.3
159	-0.027073	355.644414	0.000714	6.7
160	-0.003865	354.826213	0.000068	6.3
161	-0.000000	354.013012	0.000000	6.6
162	-0.000000	353.204763	0.000000	6.3
163	-0.376837	352.401415	0.003277	7.2
164	-0.691792	351.602922	0.015750	6.2
165	-0.000000	350.809235	0.000000	6.2
166	-0.000000	350.020308	0.000000	7.2
167	-0.067607	349.236095	0.000852	12.0
168	-0.767316	348.456550	0.004544	5.2
169	-0.000000	347.681627	0.000000	7.0
170	-0.897494	346.911283	0.015572	7.1
171	-0.000000	346.145474	0.000000	6.5
172	-0.013873	345.384157	0.001555	6.9
173	-0.000000	344.627288	0.000000	7.1
174	-0.027058	343.874826	0.000792	8.8
175	-0.452151	343.126729	0.005032	7.5
176	-0.320149	342.382957	0.005354	6.7
177	-0.440980	341.643469	0.006950	7.7
178	-0.351208	340.908224	0.008806	8.9
179	-0.233879	340.177184	0.002968	10.0
180	-0.489675	339.450309	0.001900	11.9
181	-0.970142	338.727561	0.007035	6.6
182	-0.191320	338.008902	0.003576	6.4
183	-0.393300	337.294295	0.006607	6.8
184	-0.007625	336.583703	0.000111	6.3
185	-0.205998	335.877089	0.002790	6.8
186	-0.159246	335.174416	0.000446	6.8
187	-0.097556	334.475651	0.003301	8.0
188	-1.179940	333.780756	0.008580	7.6
189	-0.000033	333.089698	0.000000	6.6
190	-0.016286	332.402443	0.000531	6.7
191	-0.235299	331.718955	0.003391	6.9
192	-0.973129	331.039203	0.007053	6.5
193	-0.026318	330.363153	0.000588	6.7
194	-1.228985	329.690771	0.007396	12.5
195	-0.051761	329.022027	0.001565	11.9
196	-0.560447	328.356888	0.009667	6.8
197	-0.000018	327.695322	0.000004	6.8
198	-0.126055	327.037299	0.004947	6.2
199	-0.173691	326.382787	0.000770	6.6
200	-0.022914	325.731758	0.000143	9.7
201	-0.000000	325.084179	0.000000	6.4
202	-0.835368	324.440023	0.009510	6.7
203	-0.000260	323.799258	0.000056	6.7
204	-0.303643	323.161858	0.003347	12.0
205	-0.013251	322.527792	0.001414	7.7
206	-1.031198	321.897034	0.006133	12.2
207	-0.120508	321.269554	0.002166	6.7
208	-0.112511	320.645325	0.001909	8.3
209	-0.827849	320.024320	0.010145	6.5
210	-0.004121	319.406512	0.000100	11.6
211	-0.275325	318.791875	0.002742	6.7
212	-0.361367	318.180381	0.004254	7.8
213	-0.221754	317.572005	0.008440	8.0
214	-0.000000	316.966721	0.000000	6.4
215	-0.141682	316.364504	0.001190	6.6
216	-0.677207	315.765329	0.007984	6.6
217	-0.000000	315.169170	0.000000	11.5
218	-0.718428	314.576003	0.006676	8.7
219	-0.000000	313.985804	0.000000	6.7
220	-0.000000	313.398548	0.000000	6.9
221	-0.376717	312.814213	0.008799	6.3
222	-0.001792	312.232773	0.000348	7.4
223	-0.299837	311.654207	0.006589	6.8
224	-0.000000	311.078491	0.000000	6.4
225	-0.122684	310.505602	0.001810	6.6
226	-0.014036	309.935518	0.000678	6.8
227	-0.198601	309.368217	0.005999	7.3
228	-0.384398	308.803676	0.002349	6.4
229	-0.045412	308.241874	0.001282	6.6
230	-0.539717	307.682789	0.006018	9.2
231	-0.301455	307.126400	0.009357	7.9
232	-0.463191	306.572687	0.012611	11.9
233	-0.209832	306.021627	0.005990	6.8
234	-0.371759	305.473201	0.005120	6.6
235	-0.601002	304.927388	0.004898	6.8
236	-0.408394	304.384168	0.003098	6.8
237	-0.005498	303.843521	0.000846	6.7
238	-0.000015	303.305427	0.000004	7.1
239	-0.808233	302.769867	0.015523	7.5
240	-0.380782	302.236821	0.004578	6.7
241	-0.000000	301.706270	0.000000	6.4
242	-0.000000	301.178196	0.000000	10.1
243	-0.000000	300.652580	0.000000	6.7
244	-0.369591	300.129402	0.004645	7.1
245	-0.000000	299.608645	0.000000	10.2
246	-0.182892	299.090291	0.002617	11.9
247	-0.086188	298.574321	0.000846	7.9
248	-0.795878	298.060718	0.015336	10.2
249	-0.151300	297.549465	0.004875	6.6
250	-0.000001	297.040543	0.000000	6.1
251	-0.366951	296.533936	0.005747	6.3
252	-0.000736	296.029626	0.000144	8.5
253	-0.010087	295.527597	0.000693	6.6
254	-0.886647	295.027832	0.005631	6.6
255	-0.249255	294.530315	0.001467	12.6
256	-0.199262	294.035028	0.001941	7.1
257	-0.194664	293.541956	0.004478	7.0
258	-0.057650	293.051083	0.000750	13.0
259	-1.206808	292.562393	0.012798	6.5
260	-0.003101	292.075870	0.000126	6.6
261	-1.017490	291.591498	0.017247	6.9
262	-0.050349	291.109263	0.000527	8.4
263	-0.049883	290.629149	0.001195	6.8
264	-0.071129	290.151140	0.001597	6.8
265	-0.135922	289.675222	0.006402	6.6
266	-0.259727	289.201380	0.002834	7.1
267	-1.080919	288.729600	0.004591	7.3
268	-0.626390	288.259866	0.002025	7.7
269	-0.819494	287.792165	0.006127	7.0
270	-0.109552	287.326481	0.005322	6.3
271	-0.645495	286.862802	0.003477	8.2
272	-0.000000	286.401113	0.000000	7.6
273	-0.309898	285.941400	0.004294	6.7
274	-0.202181	285.483649	0.005394	11.6
275	-0.593347	285.027847	0.004896	9.5
276	-0.349931	284.573981	0.005898	6.7
277	-0.191212	284.122037	0.001107	8.0
278	-0.061934	283.672002	0.001375	6.6
279	-0.281905	283.223863	0.007199	7.5
280	-0.181295	282.777607	0.004540	6.7
281	-0.290645	282.333221	0.002376	7.8
282	-0.000000	281.890692	0.000000	12.7
283	-0.141492	281.450008	0.003749	13.4
284	-0.380254	281.011157	0.003250	4.8
285	-0.187962	280.574125	0.007462	11.8
286	-0.290824	280.138901	0.002889	6.8
287	-0.000000	279.705473	0.000000	7.1
288	-1.419566	279.273829	0.005415	6.7
289	-0.674775	278.843956	0.007909	7.0
290	-0.000000	278.415844	0.000000	6.8
291	-0.728085	277.989479	0.013706	6.8
292	-1.141374	277.564851	0.008391	10.4
293	-0.839927	277.141949	0.009338	8.1
294	-0.363965	276.720761	0.002276	13.2
295	-0.538426	276.301275	0.003341	6.1
296	-0.161633	275.883480	0.002904	7.4
297	-0.243421	275.467366	0.005378	9.9
298	-0.805764	275.052922	0.004414	3.9
299	-0.000000	274.640136	0.000000	7.8
300	-1.015385	274.228998	0.013510	6.8
301	-0.261859	273.819497	0.007130	6.3
302	-0.000000	273.411623	0.000000	6.5
303	-1.059002	273.005365	0.008966	6.3
304	-0.000000	272.600712	0.000000	6.0
305	-1.111145	272.197655	0.008973	6.6
306	-0.891428	271.796184	0.005439	13.9
307	-0.536603	271.396287	0.007721	11.0
308	-0.707193	270.997956	0.008736	17.9
309	-0.973409	270.601180	0.006327	11.3
310	-0.066606	270.205949	0.001307	6.3
311	-0.143916	269.812254	0.000418	9.2
312	-0.687469	269.420085	0.004928	7.0
313	-0.463563	269.029432	0.004931	7.0
314	-0.530114	268.640287	0.006461	7.3
315	-0.029913	268.252638	0.000614	6.9
316	-0.015176	267.866478	0.000698	6.7
317	-0.000000	267.481796	0.000000	6.6
318	-0.492107	267.098584	0.008439	9.7
319	-0.173198	266.716833	0.003885	7.1
320	-0.089280	266.336533	0.002157	6.8
321	-0.063140	265.957676	0.002887	6.8
322	-0.069970	265.580253	0.003729	6.9
323	-0.028705	265.204254	0.001634	6.8
324	-0.368778	264.829672	0.003300	7.0
325	-0.003503	264.456497	0.000611	6.5
326	-0.513368	264.084721	0.007284	7.3
327	-0.618785	263.714335	0.005796	13.0
328	-1.230352	263.345332	0.008157	6.4
329	-0.038836	262.977702	0.001172	8.5
330	-0.295344	262.611438	0.003839	12.0
331	-0.343245	262.246531	0.005063	7.2
332	-1.272334	261.882973	0.008764	7.2
333	-0.243027	261.520756	0.001695	6.6
334	-0.499428	261.159871	0.010378	8.7
335	-0.060001	260.800312	0.001508	6.7
336	-1.134250	260.442070	0.005027	6.6
337	-0.045335	260.085137	0.002779	7.3
338	-0.630022	259.729505	0.004035	7.0
339	-0.794633	259.375167	0.004284	6.6
340	-1.122368	259.022116	0.012706	7.1
341	-0.055161	258.670343	0.002403	6.5
342	-1.071128	258.319841	0.004160	6.5
343	-0.045409	257.970602	0.002134	7.9
344	-0.000000	257.622620	0.000000	6.5
345	-0.733310	257.275887	0.007270	8.4
346	-0.540413	256.930396	0.006318	9.4
347	-0.000000	256.586139	0.000000	6.2
348	-0.000000	256.243109	0.000000	6.5
349	-1.117084	255.901300	0.004391	6.6
350	-0.000000	255.560703	0.000000	6.6
351	-0.070429	255.221313	0.001648	6.4
352	-0.418098	254.883122	0.002899	6.6
353	-0.555927	254.546124	0.007285	12.5
354	-0.184691	254.210311	0.001623	16.7
355	-1.260428	253.875677	0.012723	3.5
356	-0.225523	253.542215	0.004396	8.0
357	-0.811357	253.209918	0.003975	9.2
358	-0.841367	252.878781	0.007137	10.9
359	-0.516414	252.548795	0.009404	6.8
360	-0.000000	252.219956	0.000000	7.3
361	-0.149481	251.892255	0.002968	9.6
362	-0.000302	251.565688	0.000059	6.7
363	-0.768124	251.240247	0.002568	7.1
364	-0.098183	250.915926	0.001216	6.5
365	-0.211274	250.592720	0.008774	7.5
366	-0.000443	250.270621	0.000100	6.5
367	-0.114358	249.949624	0.001927	7.0
368	-0.226957	249.629723	0.005750	6.6
369	-0.022549	249.310911	0.002235	6.8
370	-0.047723	248.993182	0.000302	12.8
371	-0.570759	248.676531	0.009696	5.5
372	-1.125325	248.360952	0.007446	6.4
373	-0.077797	248.046438	0.001598	6.8
374	-0.000000	247.732984	0.000000	6.7
375	-0.000000	247.420584	0.000000	6.5
376	-0.072782	247.109233	0.001634	6.6
377	-0.829612	246.798924	0.006782	6.9
378	-0.255062	246.489652	0.007203	6.7
379	-0.002863	246.181412	0.000047	9.4
380	-0.670660	245.874197	0.006854	10.0
381	-0.000002	245.568002	0.000001	6.6
382	-0.000000	245.262822	0.000000	17.5
383	-0.293322	244.958652	0.008369	3.9
384	-0.227536	244.655485	0.001510	6.2
385	-0.000000	244.353317	0.000000	6.9
386	-1.099570	244.052142	0.005919	6.6
387	-0.881775	243.751955	0.010050	6.6
388	-0.094325	243.452750	0.001195	8.1
389	-0.100338	243.154523	0.002147	6.4
390	-0.000001	242.857268	0.000000	6.9
391	-0.000000	242.560980	0.000000	9.8
392	-0.097007	242.265654	0.003302	8.9
393	-0.055383	241.971285	0.001812	6.4
394	-0.000729	241.677868	0.000156	11.9
395	-0.279064	241.385397	0.005724	13.5
396	-0.042949	241.093869	0.000781	6.4
397	-0.155409	240.803278	0.004358	6.8
398	-0.000001	240.513619	0.000000	9.3
399	-0.000000	240.224887	0.000000	6.3
400	-0.673424	239.937077	0.007251	7.0
401	-0.557182	239.650186	0.002609	6.8
402	-0.126131	239.364207	0.002695	6.6
403	-0.737341	239.079136	0.005974	6.3
404	-0.129533	238.794969	0.001617	10.1
405	-1.458115	238.511701	0.009238	6.6
406	-0.000009	238.229327	0.000002	6.4
407	-0.000000	237.947843	0.000000	14.8
408	-0.179861	237.667244	0.006222	7.3
409	-1.404815	237.387526	0.006560	6.5
410	-0.000000	237.108684	0.000000	6.9
411	-0.000000	236.830714	0.000000	6.2
412	-0.000000	236.553610	0.000000	6.6
413	-0.240457	236.277370	0.005174	6.8
414	-0.000308	236.001989	0.000063	6.5
415	-0.000000	235.727461	0.000000	6.3
416	-0.218441	235.453784	0.003081	7.0
417	-0.000000	235.180952	0.000000	6.1
418	-0.127173	234.908962	0.004586	8.7
419	-0.464791	234.637809	0.002377	6.9
420	-0.000000	234.367488	0.000000	6.5
421	-0.000000	234.097997	0.000000	15.5
422	-0.000000	233.829331	0.000000	2.2
423	-0.548759	233.561485	0.005099	12.1
424	-0.000000	233.294456	0.000000	6.7
425	-1.416555	233.028239	0.008879	7.4
426	-0.096932	232.762831	0.003929	5.9
427	-0.912655	232.498228	0.007920	6.3
428	-0.107944	232.234425	0.002460	6.4
429	-0.428286	231.971419	0.006596	6.7
430	-0.275108	231.709205	0.004591	7.0
431	-0.572503	231.447781	0.005767	6.6
432	-0.000000	231.187141	0.000000	7.2
433	-0.362124	230.927283	0.005470	6.5
434	-0.139242	230.668202	0.002077	11.9
435	-0.000001	230.409895	0.000000	9.4
436	-0.780361	230.152358	0.008686	8.0
437	-0.020431	229.895587	0.001014	8.8
438	-0.259171	229.639578	0.006023	7.6
439	-0.957405	229.384329	0.004403	6.9
440	-0.075777	229.129834	0.001883	6.6
441	-0.310764	228.876091	0.004700	6.4
442	-0.232630	228.623096	0.007175	7.1
443	-0.096820	228.370846	0.001666	8.3
444	-0.097645	228.119336	0.002077	12.7
445	-0.421297	227.868563	0.008086	4.9
446	-0.000000	227.618525	0.000000	9.1
447	-0.300126	227.369216	0.007177	11.6
448	-0.848302	227.120635	0.005168	12.5
449	-0.490606	226.872777	0.005570	10.0
450	-0.309700	226.625638	0.003279	7.2
451	-0.011793	226.379217	0.001500	7.9
452	-0.000000	226.133509	0.000000	7.0
453	-0.000000	225.888510	0.000000	6.5
454	-0.636156	225.644218	0.004974	6.9
455	-0.000000	225.400630	0.000000	7.1
456	-0.535809	225.157741	0.007388	6.6
457	-0.530973	224.915549	0.005953	6.6
458	-0.000000	224.674051	0.000000	12.8
459	-0.012589	224.433242	0.000545	9.7
460	-0.402420	224.193121	0.002772	7.0
461	-0.100489	223.953684	0.002666	11.7
462	-0.872563	223.714927	0.008266	12.6
463	-0.000000	223.476848	0.000000	6.2
464	-0.616427	223.239444	0.004226	6.7
465	-0.312114	223.002710	0.007867	6.7
466	-0.120162	222.766645	0.001332	6.8
467	-0.048000	222.531245	0.001760	6.8
468	-0.132699	222.296508	0.004716	6.3
469	-1.053768	222.062429	0.011680	13.4
470	-0.175441	221.829007	0.001682	11.2
471	-0.152498	221.596238	0.002218	6.4
472	-1.005883	221.364119	0.004678	6.8
473	-0.000000	221.132647	0.000000	6.5
474	-0.000000	220.901820	0.000000	6.7
475	-1.276621	220.671634	0.005979	6.7
476	-0.192928	220.442086	0.003795	6.7
477	-0.100407	220.213174	0.000611	6.8
478	-0.404624	219.984895	0.002402	9.1
479	-0.120510	219.757246	0.003719	6.8
480	-0.091313	219.530224	0.002103	7.4
481	-0.906726	219.303826	0.006819	6.7
482	-0.000000	219.078050	0.000000	6.9
483	-1.041443	218.852893	0.005535	12.0
484	-0.001063	218.628352	0.000011	7.6
485	-0.483782	218.404424	0.005733	6.6
486	-0.601313	218.181106	0.008391	9.5
487	-1.500528	217.958397	0.008578	7.3
488	-1.245708	217.736292	0.013257	7.3
489	-0.000000	217.514790	0.000000	6.4
490	-0.309349	217.293888	0.008105	6.7
491	-0.000239	217.073584	0.000001	6.6
492	-0.029967	216.853873	0.000448	6.7
493	-1.337146	216.634755	0.008215	6.9
494	-1.165415	216.416227	0.004999	7.3
495	-0.460208	216.198285	0.003465	6.8
496	-1.435158	215.980927	0.013092	11.7
497	-0.222583	215.764151	0.001610	9.9
498	-0.000010	215.547955	0.000001	6.5
499	-0.884073	215.332335	0.005078	6.5
500	-0.000000	215.117289	0.000000	6.8
501	-0.829433	214.902815	0.012679	10.4
502	-0.092216	214.688911	0.001437	10.7
503	-0.697902	214.475573	0.011569	7.2
504	-0.000008	214.262800	0.000002	6.5
505	-0.133769	214.050588	0.002476	6.8
506	-0.001612	213.838936	0.000012	6.7
507	-0.403703	213.627842	0.014514	6.6
508	-0.205252	213.417302	0.003857	6.6
509	-0.041656	213.207314	0.002910	12.2
510	-0.167418	212.997877	0.007609	10.4
511	-0.404463	212.788987	0.006577	6.6
512	-0.000000	212.580642	0.000000	9.0
513	-0.000000	212.372841	0.000000	7.9
514	-0.540893	212.165581	0.007538	7.5
515	-0.304759	211.958859	0.005903	6.6
516	-0.932055	211.752673	0.005608	7.3
517	-0.484022	211.547021	0.010183	6.0
518	-0.519339	211.341902	0.006791	6.5
519	-0.651784	211.137311	0.010428	5.9
520	-0.000012	210.933248	0.000002	6.7
521	-1.080514	210.729710	0.005885	5.9
522	-0.000000	210.526695	0.000000	12.4
523	-0.986763	210.324200	0.022212	9.8
524	-0.190497	210.122224	0.004154	7.5
525	-0.000017	209.920765	0.000000	6.7
526	-0.156788	209.719820	0.002392	6.3
527	-0.000000	209.519387	0.000000	5.9
528	-0.031758	209.319463	0.000390	6.5
529	-0.478132	209.120048	0.009468	6.7
530	-0.000000	208.921139	0.000000	6.3
531	-0.539458	208.722733	0.007583	9.5
532	-0.703199	208.524829	0.006409	12.0
533	-0.000000	208.327425	0.000000	5.9
534	-0.014448	208.130518	0.001029	11.4
535	-1.437048	207.934107	0.009643	7.6
536	-0.000023	207.738189	0.000005	6.4
537	-0.837590	207.542762	0.009790	6.7
538	-0.000010	207.347825	0.000000	7.0
539	-0.368668	207.153376	0.009549	8.4
540	-0.000000	206.959412	0.000000	8.3
541	-0.325834	206.765932	0.007287	6.6
542	-1.178678	206.572933	0.009852	6.6
543	-0.712360	206.380414	0.003887	6.2
544	-0.556775	206.188373	0.008031	6.8
545	-0.000000	205.996807	0.000000	7.7
546	-0.642228	205.805716	0.008405	6.6
547	-0.290180	205.615096	0.006019	6.3
548	-0.888963	205.424946	0.004333	8.3
549	-1.065704	205.235265	0.007138	7.2
550	-0.514458	205.046050	0.002772	6.7
551	-0.343964	204.857299	0.002691	6.6
552	-0.067172	204.669011	0.002968	6.3
553	-0.151772	204.481184	0.004936	6.8
554	-0.001134	204.293816	0.000202	6.7
555	-0.296837	204.106905	0.004721	6.6
556	-0.052622	203.920449	0.003452	6.7
557	-0.000000	203.734447	0.000000	6.2
558	-0.139290	203.548896	0.002908	7.1
559	-0.000000	203.363795	0.000000	6.5
560	-0.004420	203.179143	0.000529	6.8
561	-0.000000	202.994937	0.000000	6.9
562	-0.371346	202.811176	0.007331	6.6
563	-0.000000	202.627857	0.000000	15.0
564	-1.260568	202.444980	0.004122	7.3
565	-0.000000	202.262543	0.000000	6.8
566	-0.758346	202.080543	0.003194	6.8
567	-0.577930	201.898979	0.003568	6.8
568	-0.034250	201.717849	0.002826	6.4
569	-0.747120	201.537153	0.004889	6.8
570	-0.988455	201.356887	0.006330	7.6
571	-0.015863	201.177050	0.000255	6.5
572	-0.465866	200.997642	0.002789	13.0
573	-0.000000	200.818659	0.000000	6.2
574	-0.734049	200.640100	0.007931	6.7
575	-0.000000	200.461965	0.000000	12.3
576	-1.245292	200.284250	0.006041	7.5
577	-1.155917	200.106955	0.005790	6.5
578	-0.487316	199.930078	0.006374	6.7
579	-0.375726	199.753617	0.004663	6.6
580	-0.253167	199.577571	0.002780	6.8
581	-0.504458	199.401938	0.003964	15.5
582	-0.829158	199.226717	0.005909	2.6
583	-0.000000	199.051905	0.000000	9.6
584	-0.103381	198.877502	0.004838	7.1
585	-0.495176	198.703506	0.010196	8.8
586	-0.000000	198.529916	0.000000	8.2
587	-0.149801	198.356729	0.000920	12.6
588	-0.001324	198.183944	0.000210	12.3
589	-0.192473	198.011560	0.001220	7.0
590	-0.703672	197.839576	0.004719	7.5
591	-0.835185	197.667989	0.003068	6.5
592	-0.522739	197.496798	0.007801	7.5
593	-0.100337	197.326002	0.001488	7.5
594	-0.090214	197.155600	0.002374	6.8
595	-0.026386	196.985589	0.002625	6.1
596	-1.067754	196.815969	0.008669	7.0
597	-0.300572	196.646738	0.002686	6.8
598	-0.694485	196.477894	0.005653	6.8
599	-0.078484	196.309436	0.000947	7.7
600	-0.000000	196.141363	0.000000	8.7
601	-0.088928	195.973673	0.000796	8.3
602	-0.077324	195.806365	0.002451	8.1
603	-1.216261	195.639437	0.003727	7.0
604	-0.131263	195.472888	0.002807	12.5
605	-0.000000	195.306717	0.000000	9.9
606	-0.000000	195.140922	0.000000	6.4
607	-0.000000	194.975501	0.000000	7.6
608	-0.071164	194.810454	0.000676	6.6
609	-0.000000	194.645779	0.000000	6.4
610	-0.139890	194.481475	0.001152	6.5
611	-0.586027	194.317540	0.005716	6.6
612	-0.000000	194.153973	0.000000	9.8
613	-0.000000	193.990773	0.000000	8.0
614	-0.295240	193.827938	0.003548	7.6
615	-0.270069	193.665467	0.004152	6.7
616	-0.848154	193.503358	0.003655	6.8
617	-0.947513	193.341611	0.007545	10.6
618	-1.383858	193.180224	0.010787	6.7
619	-0.908527	193.019196	0.012339	6.6
620	-1.201435	192.858525	0.014669	6.6
621	-0.463061	192.698210	0.004887	11.8
622	-0.562096	192.538251	0.007269	7.1
623	-0.777948	192.378644	0.005860	6.5
624	-0.508113	192.219391	0.004776	6.6
625	-0.136327	192.060488	0.001986	13.2
626	-0.154863	191.901935	0.003064	6.6
627	-0.164661	191.743730	0.002568	6.6
628	-0.191983	191.585873	0.003877	7.3
629	-0.273393	191.428362	0.010194	6.6
630	-0.002559	191.271196	0.000031	6.7
631	-0.457157	191.114374	0.001475	6.6
632	-0.442597	190.957893	0.003954	9.9
633	-0.386257	190.801755	0.007483	6.8
634	-0.514593	190.645956	0.002003	7.0
635	-0.024524	190.490495	0.000407	10.1
636	-1.247044	190.335373	0.009373	11.4
637	-0.000000	190.180587	0.000000	11.8
638	-0.480190	190.026136	0.008148	11.5
639	-0.186637	189.872019	0.004756	7.7
640	-0.000127	189.718235	0.000001	7.7
641	-0.610416	189.564782	0.004244	6.4
642	-0.000000	189.411661	0.000000	10.1
643	-0.000000	189.258868	0.000000	6.8
644	-0.533348	189.106404	0.004341	7.2
645	-0.000000	188.954267	0.000000	6.7
646	-0.057812	188.802456	0.001885	6.7
647	-1.414590	188.650969	0.013342	6.6
648	-0.680368	188.499807	0.006893	6.7
649	-0.872049	188.348967	0.007103	10.3
650	-0.000000	188.198448	0.000000	8.1
651	-0.000000	188.048250	0.000000	6.7
652	-0.847503	187.898371	0.007157	6.4
653	-0.000000	187.748810	0.000000	6.6
654	-0.787630	187.599566	0.006213	6.4
655	-1.245822	187.450638	0.004707	7.0
656	-0.090616	187.302025	0.002334	6.2
657	-1.211697	187.153725	0.009161	6.4
658	-0.000668	187.005739	0.000126	6.8
659	-0.485244	186.858064	0.005614	6.6
660	-0.132518	186.710699	0.000596	6.7
661	-0.579757	186.563645	0.008636	11.7
662	-0.024739	186.416898	0.000304	6.4
663	-0.000000	186.270459	0.000000	10.4
664	-0.461580	186.124326	0.015862	7.0
665	-1.372509	185.978499	0.008009	12.8
666	-0.143480	185.832976	0.001077	7.7
667	-0.207064	185.687756	0.004784	6.6
668	-0.955849	185.542838	0.011430	7.2
669	-1.392144	185.398222	0.010122	6.9
670	-0.000000	185.253906	0.000000	8.3
671	-0.710765	185.109889	0.003281	7.7
672	-0.000000	184.966170	0.000000	6.3
673	-0.516356	184.822748	0.006511	6.5
674	-0.583893	184.679623	0.004515	6.1
675	-0.000000	184.536792	0.000000	7.2
676	-0.466895	184.394256	0.005170	9.5
677	-0.088452	184.252013	0.002375	7.9
678	-1.207379	184.110062	0.009702	7.8
679	-0.013631	183.968403	0.000489	6.7
680	-0.035992	183.827034	0.001299	6.4
681	-0.180292	183.685954	0.000908	7.4
682	-0.750957	183.545163	0.008627	5.8
683	-0.073107	183.404658	0.005381	6.8
684	-0.110994	183.264441	0.001770	10.9
685	-0.034423	183.124509	0.000492	6.4
686	-0.225917	182.984861	0.002753	6.8
687	-0.069242	182.845497	0.003287	6.7
688	-0.000000	182.706416	0.000000	6.3
689	-1.464956	182.567616	0.008474	13.0
690	-0.011707	182.429098	0.000654	13.1
691	-0.030844	182.290859	0.000604	9.8
692	-0.834434	182.152899	0.009384	7.1
693	-0.715489	182.015217	0.007441	6.8
694	-0.504986	181.877813	0.008287	10.9
695	-0.615919	181.740684	0.006780	12.5
696	-0.137456	181.603832	0.003938	6.2
697	-0.895806	181.467253	0.011804	6.9
698	-0.000000	181.330948	0.000000	6.4
699	-0.956188	181.194916	0.003864	7.6
700	-0.074923	181.059155	0.002524	10.0
701	-0.699818	180.923666	0.008224	12.5
702	-0.338887	180.788446	0.005727	6.3
703	-0.062473	180.653496	0.002807	6.3
704	-0.015959	180.518814	0.000664	11.4
705	-0.000000	180.384399	0.000000	5.6
706	-0.524527	180.250251	0.003601	7.6
707	-1.328328	180.116369	0.012875	7.0
708	-0.079958	179.982752	0.003367	6.5
709	-0.000000	179.849398	0.000000	6.5
710	-0.416969	179.716308	0.009918	6.9
711	-0.132044	179.583480	0.001718	11.9
712	-0.000000	179.450913	0.000000	2.2
713	-0.080631	179.318607	0.002169	9.7
714	-0.133054	179.186561	0.006483	12.1
715	-0.295940	179.054774	0.000611	7.3
716	-0.630957	178.923245	0.005202	7.3
717	-0.000000	178.791973	0.000000	6.5
718	-0.257517	178.660958	0.003658	6.6
719	-0.679558	178.530199	0.006823	6.6
720	-0.802738	178.399694	0.010164	6.6
721	-0.321798	178.269444	0.004633	6.8
722	-0.268671	178.139447	0.003880	6.8
723	-0.698309	178.009702	0.006392	7.3
724	-1.491325	177.880209	0.007777	6.9
725	-0.000000	177.750967	0.000000	10.5
726	-1.306646	177.621975	0.004674	7.9
727	-0.000000	177.493232	0.000000	8.0
728	-0.475481	177.364738	0.004015	6.6
729	-0.000000	177.236492	0.000000	7.9
730	-0.226465	177.108492	0.002261	6.9
731	-0.944391	176.980739	0.012453	7.2
732	-0.137883	176.853231	0.004017	6.6
733	-0.269474	176.725968	0.005815	6.7
734	-0.471445	176.598949	0.011313	6.9
735	-0.601628	176.472173	0.006925	10.8
736	-0.320225	176.345639	0.004645	6.4
737	-0.000000	176.219348	0.000000	7.7
738	-0.000000	176.093296	0.000000	9.7
739	-0.241130	175.967486	0.004794	11.7
740	-0.122554	175.841914	0.002007	7.3
741	-0.107627	175.716581	0.002707	7.3
742	-0.000000	175.591486	0.000000	6.5
743	-0.748716	175.466629	0.008955	6.9
744	-0.658967	175.342008	0.006357	6.3
745	-0.763914	175.217622	0.018525	6.6
746	-0.054370	175.093472	0.000425	6.1
747	-0.375386	174.969556	0.006867	6.3
748	-0.946236	174.845873	0.006228	6.5
749	-0.000000	174.722423	0.000000	7.7
750	-0.000001	174.599206	0.000000	6.5
751	-0.085774	174.476220	0.003765	7.1
752	-0.711274	174.353464	0.007976	6.4
753	-0.004696	174.230939	0.000061	7.8
754	-1.082740	174.108643	0.008042	7.3
755	-0.473471	173.986576	0.005297	6.7
756	-1.024471	173.864737	0.006441	6.5
757	-0.615430	173.743124	0.002100	6.6
758	-1.231494	173.621739	0.005570	6.9
759	-0.025869	173.500579	0.000573	7.1
760	-1.057564	173.379645	0.002254	7.4
761	-0.000000	173.258935	0.000000	7.0
762	-0.139390	173.138449	0.003950	8.3
763	-0.000000	173.018186	0.000000	6.9
764	-0.100013	172.898146	0.002976	8.7
765	-0.954061	172.778327	0.003678	6.6
766	-0.561274	172.658730	0.007011	12.4
767	-1.093022	172.539353	0.005074	12.1
768	-0.229579	172.420196	0.006260	9.4
769	-0.079612	172.301258	0.002519	11.1
770	-0.000000	172.182539	0.000000	11.7
771	-1.151428	172.064037	0.003484	6.6
772	-0.139599	171.945753	0.004948	6.4
773	-0.244895	171.827686	0.004287	6.4
774	-0.022636	171.709834	0.000457	6.8
775	-0.642417	171.592198	0.003592	6.8
776	-0.916328	171.474776	0.004520	6.6
777	-0.197047	171.357568	0.005594	6.4
778	-1.365397	171.240574	0.012684	8.3
779	-0.000000	171.123793	0.000000	9.3
780	-0.000000	171.007223	0.000000	6.4
781	-1.344472	170.890865	0.007993	11.6
782	-0.540796	170.774718	0.006472	9.9
783	-0.021674	170.658782	0.001623	7.6
784	-0.059937	170.543055	0.000641	8.0
785	-0.225706	170.427537	0.002318	7.2
786	-0.216385	170.312227	0.001516	7.7
787	-0.086318	170.197125	0.001515	7.1
788	-0.602072	170.082231	0.007518	6.8
789	-0.000000	169.967543	0.000000	6.3
790	-0.860384	169.853061	0.008919	12.1
791	-0.041821	169.738784	0.001401	8.5
792	-0.326375	169.624713	0.003736	8.0
793	-0.000000	169.510845	0.000000	6.9
794	-0.018365	169.397181	0.000378	6.9
795	-1.505429	169.283720	0.009518	7.9
796	-0.066898	169.170462	0.001637	7.7
797	-0.163019	169.057405	0.003073	11.8
798	-0.110929	168.944549	0.003453	6.5
799	-0.000000	168.831895	0.000000	6.7
800	-1.086149	168.719440	0.006820	7.0
801	-0.083923	168.607185	0.001363	6.6
802	-0.109963	168.495129	0.001109	6.3
803	-0.000000	168.383271	0.000000	8.8
804	-0.076905	168.271611	0.001794	8.2
805	-0.000000	168.160148	0.000000	7.3
806	-0.154611	168.048882	0.003971	12.4
807	-0.000000	167.937812	0.000000	12.8
808	-0.999151	167.826938	0.011021	7.0
809	-1.046473	167.716258	0.005685	8.0
810	-0.735539	167.605773	0.008617	6.4
811	-1.013281	167.495482	0.012512	9.5
812	-1.157109	167.385384	0.011592	7.9
813	-0.231461	167.275479	0.003125	7.2
814	-0.400053	167.165766	0.006362	11.8
815	-0.344749	167.056245	0.005378	10.0
816	-0.147088	166.946915	0.005496	12.0
817	-0.000000	166.837776	0.000000	6.9
818	-0.000000	166.728826	0.000000	6.4
819	-1.417165	166.620067	0.010443	6.8
820	-0.900740	166.511496	0.006102	6.6
821	-0.191653	166.403113	0.006879	6.6
822	-0.409965	166.294919	0.001358	6.8
823	-0.977803	166.186912	0.003969	6.6
824	-0.000009	166.079091	0.000002	6.4
825	-0.045790	165.971458	0.001062	6.6
826	-0.494474	165.864009	0.001520	6.7
827	-0.319713	165.756747	0.011719	12.1
828	-0.959742	165.649669	0.005231	11.6
829	-0.947312	165.542775	0.005700	6.9
830	-0.117244	165.436065	0.003765	6.6
831	-0.026977	165.329538	0.002203	6.1
832	-0.016472	165.223194	0.001125	6.4
833	-0.000000	165.117032	0.000000	6.8
834	-0.609891	165.011052	0.004262	5.8
835	-0.903704	164.905253	0.004309	6.9
836	-0.863832	164.799635	0.005390	6.6
837	-0.517155	164.694197	0.006165	6.6
838	-0.654136	164.588939	0.002566	6.6
839	-0.586409	164.483859	0.007358	6.6
840	-0.195536	164.378959	0.006380	6.5
841	-0.277147	164.274237	0.003349	12.3
842	-0.183756	164.169692	0.001857	11.9
843	-0.000000	164.065325	0.000000	6.7
844	-0.354535	163.961135	0.006063	6.5
845	-1.063371	163.857120	0.007661	7.4
846	-1.076606	163.753282	0.007766	6.6
847	-1.336888	163.649619	0.006924	6.5
848	-0.894515	163.546130	0.014015	6.6
849	-0.010522	163.442816	0.000029	6.4
850	-0.102785	163.339676	0.001234	6.8
851	-0.000014	163.236709	0.000004	8.1
852	-0.000000	163.133915	0.000000	6.6
853	-1.057764	163.031294	0.008340	8.4
854	-1.097118	162.928844	0.002526	7.5
855	-0.331545	162.826566	0.005326	7.9
856	-0.471590	162.724459	0.005880	8.1
857	-0.061659	162.622523	0.002023	6.9
858	-0.489823	162.520757	0.004699	6.7
859	-0.000000	162.419160	0.000000	6.5
860	-0.231122	162.317733	0.006064	7.5
861	-0.301676	162.216474	0.006023	6.8
862	-0.000000	162.115383	0.000000	6.8
863	-1.286792	162.014461	0.010038	10.9
864	-0.000000	161.913705	0.000000	8.2
865	-0.552204	161.813117	0.005234	11.6
866	-0.128331	161.712695	0.001452	7.3
867	-0.777770	161.612439	0.009700	6.7
868	-0.011866	161.512349	0.000326	11.8
869	-1.420339	161.412424	0.012249	6.9
870	-0.837148	161.312663	0.006512	7.1
871	-0.727647	161.213067	0.005235	12.0
872	-0.109879	161.113635	0.002171	8.4
873	-0.668479	161.014366	0.005850	7.0
874	-0.064467	160.915260	0.001677	9.0
875	-0.067504	160.816316	0.000365	12.0
876	-0.078788	160.717535	0.000606	6.6
877	-0.691558	160.618915	0.007801	11.8
878	-0.949605	160.520456	0.008090	8.9
879	-0.000537	160.422158	0.000097	11.5
880	-0.610956	160.324021	0.005022	13.1
881	-0.000000	160.226043	0.000000	6.4
882	-0.099789	160.128225	0.001021	8.2
883	-0.832209	160.030566	0.007271	6.8
884	-0.164842	159.933066	0.002499	7.2
885	-1.437969	159.835723	0.009077	10.4
886	-0.000000	159.738539	0.000000	6.9
887	-0.000000	159.641512	0.000000	8.7
888	-0.100177	159.544642	0.004480	13.4
889	-0.639080	159.447929	0.006246	9.9
890	-1.137704	159.351372	0.009497	8.4
891	-0.189349	159.254971	0.004496	13.4
892	-0.000000	159.158725	0.000000	9.6
893	-1.188446	159.062634	0.010402	11.8
894	-0.313215	158.966697	0.006548	6.8
895	-0.133028	158.870915	0.000836	7.3
896	-0.223753	158.775286	0.001611	6.9
897	-0.946932	158.679811	0.008426	6.6
898	-0.841988	158.584489	0.010379	6.7
899	-0.143909	158.489319	0.005146	12.8
900	-0.743611	158.394302	0.004681	7.9
901	-0.066535	158.299436	0.001391	6.7
902	-0.147296	158.204721	0.005084	11.9
903	-0.466925	158.110158	0.004520	6.8
904	-0.000000	158.015745	0.000000	8.0
905	-0.100865	157.921482	0.005402	13.2
906	-0.682914	157.827369	0.005583	6.4
907	-0.791247	157.733406	0.006213	10.6
908	-0.793742	157.639591	0.006971	7.7
909	-0.358914	157.545925	0.006600	6.8
910	-0.639900	157.452408	0.009161	12.2
911	-1.434661	157.359038	0.005739	6.7
912	-0.481503	157.265816	0.002631	6.8
913	-0.863439	157.172741	0.006957	16.1
914	-0.000000	157.079813	0.000000	1.6
915	-0.136248	156.987031	0.000944	7.2
916	-0.000000	156.894395	0.000000	6.3
917	-0.655282	156.801904	0.011467	6.6
918	-0.873130	156.709559	0.010742	7.1
919	-1.190961	156.617359	0.008855	6.9
920	-0.078076	156.525304	0.003081	6.9
921	-0.369183	156.433392	0.003014	6.6
922	-0.692108	156.341624	0.005721	6.6
923	-0.956354	156.250000	0.005797	6.3
924	-0.000000	156.158519	0.000000	8.3
925	-1.047767	156.067180	0.007120	7.8
926	-0.000000	155.975984	0.000000	6.8
927	-1.303699	155.884930	0.008392	12.8
928	-0.157387	155.794017	0.002777	4.2
929	-0.169739	155.703246	0.002954	7.0
930	-0.007609	155.612615	0.000518	6.6
931	-0.000000	155.522125	0.000000	10.1
932	-0.565863	155.431775	0.006438	6.2
933	-1.214604	155.341565	0.016545	6.9
934	-0.000000	155.251495	0.000000	6.3
935	-0.706694	155.161563	0.011294	6.6
936	-1.047530	155.071771	0.007027	7.1
937	-0.000000	154.982117	0.000000	17.0
938	-0.533853	154.892601	0.007206	8.3
939	-0.171167	154.803222	0.003614	12.2
940	-0.203822	154.713981	0.002192	6.8
941	-0.099275	154.624878	0.002543	7.8
942	-0.636298	154.535910	0.005160	13.0
943	-0.000000	154.447080	0.000000	5.4
944	-1.077820	154.358385	0.004731	13.3
945	-0.104698	154.269826	0.002596	12.2
946	-0.058865	154.181402	0.000442	2.4
947	-1.363130	154.093114	0.009071	17.6
948	-0.000000	154.004960	0.000000	5.5
949	-0.309072	153.916940	0.004452	11.1
950	-0.101219	153.829054	0.001891	6.8
951	-1.204720	153.741303	0.005749	7.6
952	-0.516536	153.653684	0.005809	9.2
953	-0.408715	153.566198	0.003195	9.0
954	-0.000004	153.478846	0.000001	6.5
955	-0.587662	153.391625	0.012955	7.1
956	-0.782816	153.304537	0.006091	7.5
957	-1.146288	153.217580	0.008455	12.1
958	-1.154363	153.130755	0.009593	7.6
959	-0.808458	153.044061	0.005236	11.0
960	-0.187091	152.957498	0.001079	14.9
961	-0.204666	152.871065	0.000802	8.0
962	-0.057522	152.784762	0.001631	7.2
963	-0.678152	152.698589	0.006772	12.1
964	-0.181270	152.612545	0.004648	9.5
965	-0.120313	152.526631	0.005009	7.6
966	-0.848000	152.440845	0.006091	7.2
967	-0.047312	152.355188	0.000525	6.7
968	-0.017087	152.269660	0.000775	11.8
969	-0.004653	152.184259	0.000625	6.8
970	-0.000000	152.098986	0.000000	6.2
971	-0.170624	152.013840	0.005014	9.9
972	-0.015577	151.928821	0.001544	6.6
973	-0.000000	151.843928	0.000000	7.9
974	-0.000000	151.759163	0.000000	8.6
975	-0.626465	151.674523	0.002962	12.0
976	-0.000001	151.590009	0.000000	7.0
977	-0.000000	151.505620	0.000000	16.9
978	-0.597726	151.421357	0.009390	4.9
979	-0.557554	151.337218	0.010502	9.6
980	-0.000822	151.253204	0.000018	6.9
981	-0.527923	151.169314	0.005754	6.9
982	-0.447634	151.085549	0.003517	6.7
983	-0.026790	151.001907	0.000275	17.0
984	-0.653389	150.918388	0.005993	2.4
985	-0.151775	150.834992	0.003011	6.7
986	-0.023175	150.751719	0.000065	8.1
987	-0.662892	150.668569	0.006538	7.1
988	-0.000000	150.585541	0.000000	13.8
989	-0.000000	150.502634	0.000000	5.0
990	-0.000000	150.419849	0.000000	12.5
991	-0.000000	150.337186	0.000000	6.8
992	-0.094367	150.254644	0.004618	8.2
993	-0.298347	150.172222	0.006746	6.4
994	-0.000000	150.089921	0.000000	6.7
995	-0.156991	150.007740	0.003976	6.6
996	-0.427987	149.925679	0.006385	6.5
997	-0.081416	149.843737	0.001633	6.6
998	-0.089805	149.761915	0.000811	7.4
999	-1.122757	149.680212	0.005999	7.4
1000	-0.827670	149.598627	0.011232	6.7
1001	-0.000000	149.517161	0.000000	10.2
1002	-0.156211	149.435814	0.001353	7.8
1003	-0.072314	149.354584	0.003085	8.2
1004	-0.094120	149.273472	0.001170	6.5
1005	-0.000001	149.192477	0.000000	12.9
1006	-0.000000	149.111599	0.000000	12.0
1007	-1.028183	149.030838	0.006407	14.8
1008	-1.194822	148.950194	0.004687	10.3
1009	-0.000000	148.869666	0.000000	6.5
1010	-0.009218	148.789253	0.000050	10.6
1011	-0.000000	148.708957	0.000000	11.8
1012	-0.740769	148.628776	0.007827	8.0
1013	-0.033923	148.548710	0.000113	12.0
1014	-0.124561	148.468759	0.000918	7.5
1015	-0.000000	148.388923	0.000000	6.9
1016	-1.261652	148.309201	0.006628	9.1
1017	-0.122797	148.229594	0.001295	6.7
1018	-0.407168	148.150100	0.002197	6.5
1019	-0.312963	148.070719	0.004019	6.6
1020	-0.088895	147.991452	0.001067	6.6
1021	-1.361102	147.912298	0.009428	6.6
1022	-1.397556	147.833257	0.009375	6.8
1023	-0.400957	147.754329	0.004353	6.8
1024	-0.839562	147.675512	0.007704	6.6
1025	-0.476193	147.596808	0.006828	9.2
1026	-0.005600	147.518216	0.000053	7.5
1027	-0.057251	147.439735	0.002209	10.3
1028	-0.348227	147.361365	0.006057	7.2
1029	-0.808299	147.283106	0.005085	12.4
1030	-0.102687	147.204958	0.003216	13.4
1031	-0.079034	147.126920	0.002085	10.2
1032	-0.217473	147.048993	0.004666	12.4
1033	-0.134725	146.971175	0.002899	5.8
1034	-0.794743	146.893468	0.010807	11.8
1035	-0.217944	146.815869	0.001784	11.0
1036	-0.000000	146.738380	0.000000	6.5
1037	-0.000000	146.661000	0.000000	8.9
1038	-0.000000	146.583729	0.000000	8.0
1039	-0.159606	146.506566	0.002345	10.4
1040	-0.000000	146.429511	0.000000	6.9
1041	-1.249182	146.352565	0.013039	10.5
1042	-0.049431	146.275726	0.001459	6.6
1043	-0.364232	146.198994	0.004716	6.9
1044	-1.200416	146.122370	0.005340	6.4
1045	-0.165081	146.045853	0.005669	6.2
1046	-0.601809	145.969442	0.004978	6.7
1047	-1.345981	145.893139	0.006569	6.5
1048	-0.000000	145.816941	0.000000	6.9
1049	-0.274045	145.740849	0.006953	7.4
1050	-0.125487	145.664863	0.000516	7.8
1051	-0.974858	145.588983	0.002703	11.3
1052	-0.814727	145.513208	0.007729	7.3
1053	-0.041203	145.437538	0.001660	16.9
1054	-0.269444	145.361973	0.006446	2.4
1055	-1.087450	145.286513	0.011337	6.5
1056	-0.107772	145.211157	0.004487	8.1
1057	-0.000000	145.135905	0.000000	6.4
1058	-0.037536	145.060757	0.001187	12.2
1059	-0.078164	144.985712	0.002466	6.8
1060	-0.000000	144.910771	0.000000	7.6
1061	-0.120892	144.835934	0.000677	11.6
1062	-1.061229	144.761199	0.006619	8.3
1063	-0.000000	144.686567	0.000000	6.6
1064	-0.000000	144.612037	0.000000	7.1
1065	-0.689541	144.537610	0.006778	7.9
1066	-0.397631	144.463285	0.002619	10.2
1067	-0.125532	144.389062	0.001182	7.3
1068	-0.081567	144.314940	0.000748	6.8
1069	-0.118004	144.240920	0.001370	6.9
1070	-0.000000	144.167001	0.000000	7.0
1071	-0.896824	144.093182	0.007105	7.7
1072	-0.000000	144.019465	0.000000	11.7
1073	-0.538839	143.945848	0.006528	7.9
1074	-0.273853	143.872331	0.009530	12.0
1075	-0.741824	143.798914	0.006651	3.5
1076	-0.184859	143.725597	0.003194	6.9
1077	-1.004422	143.652380	0.017750	11.8
1078	-0.010018	143.579262	0.000415	10.6
1079	-0.089535	143.506243	0.000360	6.5
1080	-0.000000	143.433323	0.000000	6.9
1081	-0.000000	143.360502	0.000000	6.5
1082	-0.869661	143.287780	0.007421	8.2
1083	-0.680494	143.215155	0.009378	6.9
1084	-0.000000	143.142629	0.000000	6.2
1085	-1.180958	143.070201	0.006638	6.6
1086	-0.000000	142.997870	0.000000	7.0
1087	-0.003172	142.925637	0.000600	12.0
1088	-0.028041	142.853501	0.001037	11.7
1089	-0.000000	142.781462	0.000000	7.1
1090	-0.000000	142.709519	0.000000	8.8
1091	-0.272795	142.637674	0.003117	7.5
1092	-0.102015	142.565924	0.005400	8.4
1093	-0.016077	142.494271	0.000324	6.7
1094	-0.379642	142.422714	0.004887	7.2
1095	-0.000000	142.351252	0.000000	6.7
1096	-0.259457	142.279886	0.005586	6.5
1097	-0.730975	142.208616	0.004863	6.8
1098	-0.578546	142.137440	0.003593	9.3
1099	-0.006469	142.066360	0.000043	11.7
1100	-0.687215	141.995374	0.008894	6.8
1101	-1.214563	141.924483	0.006014	6.4
1102	-1.295399	141.853685	0.009915	6.7
1103	-0.024316	141.782983	0.000413	7.2
1104	-0.000000	141.712373	0.000000	9.4
1105	-0.155614	141.641858	0.001016	13.2
1106	-0.219674	141.571436	0.004627	7.6
1107	-0.785541	141.501108	0.006312	9.8
1108	-0.000000	141.430872	0.000000	6.6
1109	-0.116479	141.360730	0.001762	9.7
1110	-0.000000	141.290680	0.000000	13.6
1111	-0.000000	141.220722	0.000000	6.1
1112	-0.094926	141.150857	0.001360	6.6
1113	-0.675958	141.081084	0.008144	7.0
1114	-0.000000	141.011403	0.000000	10.5
1115	-0.078831	140.941813	0.003158	7.0
1116	-0.151333	140.872315	0.003996	9.0
1117	-0.083744	140.802909	0.002481	7.3
1118	-0.820845	140.733593	0.010163	6.4
1119	-0.471931	140.664369	0.001802	10.2
1120	-0.005930	140.595235	0.000219	6.4
1121	-0.000000	140.526192	0.000000	11.5
1122	-1.418729	140.457239	0.004873	15.7
1123	-0.000000	140.388376	0.000000	11.3
1124	-1.351593	140.319603	0.005655	13.9
1125	-0.002516	140.250920	0.000084	9.5
1126	-0.471573	140.182326	0.004024	10.2
1127	-0.817037	140.113822	0.007598	11.4
1128	-0.056520	140.045407	0.001214	6.7
1129	-0.000000	139.977081	0.000000	9.3
1130	-0.002428	139.908844	0.000151	8.0
1131	-0.966253	139.840696	0.012341	13.6
1132	-0.522652	139.772635	0.001992	7.4
1133	-1.185701	139.704664	0.007396	7.2
1134	-0.294141	139.636780	0.002916	7.6
1135	-0.000000	139.568984	0.000000	6.2
1136	-0.656784	139.501276	0.004949	13.6
1137	-0.231841	139.433655	0.001873	12.0
1138	-0.000000	139.366122	0.000000	4.3
1139	-0.488297	139.298676	0.007810	8.0
1140	-0.681783	139.231317	0.004246	6.6
1141	-0.224852	139.164045	0.005757	16.5
1142	-0.000000	139.096859	0.000000	2.1
1143	-0.000000	139.029760	0.000000	7.4
1144	-1.139644	138.962747	0.005851	7.1
1145	-0.153982	138.895820	0.000405	10.0
1146	-0.000000	138.828978	0.000000	15.9
1147	-0.000000	138.762223	0.000000	11.8
1148	-0.000002	138.695553	0.000001	3.9
1149	-0.554511	138.628969	0.004189	6.4
1150	-0.089128	138.562469	0.001291	7.1
1151	-0.008439	138.496055	0.000646	6.8
1152	-0.091579	138.429725	0.001649	6.6
1153	-0.416812	138.363481	0.005589	8.7
1154	-1.293757	138.297320	0.004973	11.9
1155	-0.210907	138.231244	0.002938	7.9
1156	-0.032513	138.165252	0.000981	6.8
1157	-0.112303	138.099344	0.004102	7.0
1158	-0.074329	138.033520	0.001041	6.8
1159	-0.507886	137.967779	0.003221	11.1
1160	-0.000014	137.902122	0.000004	5.5
1161	-0.000000	137.836548	0.000000	6.8
1162	-0.044913	137.771057	0.001167	10.5
1163	-0.790760	137.705649	0.009633	7.7
1164	-0.017517	137.640324	0.000555	6.6
1165	-0.227762	137.575081	0.001469	6.7
1166	-1.093028	137.509921	0.009602	10.6
1167	-0.063432	137.444842	0.002795	6.8
1168	-0.000000	137.379846	0.000000	9.0
1169	-1.181548	137.314932	0.008886	6.6
1170	-0.000000	137.250100	0.000000	13.5
1171	-0.000000	137.185349	0.000000	11.7
1172	-0.364999	137.120680	0.006018	6.7
1173	-0.114344	137.056092	0.003495	6.6
1174	-0.000000	136.991585	0.000000	6.4
1175	-0.000000	136.927158	0.000000	7.1
1176	-0.000000	136.862813	0.000000	6.1
1177	-0.929851	136.798548	0.005747	7.1
1178	-0.786750	136.734363	0.008301	18.9
1179	-1.150000	136.670259	0.007395	7.9
1180	-0.253970	136.606235	0.003046	8.8
1181	-0.481005	136.542291	0.008115	6.4
1182	-0.000000	136.478426	0.000000	7.0
1183	-0.000000	136.414641	0.000000	6.4
1184	-1.283121	136.350936	0.003169	6.4
1185	-0.481919	136.287310	0.004599	8.7
1186	-0.150369	136.223763	0.001035	7.4
1187	-0.222475	136.160295	0.002535	8.0
1188	-0.000000	136.096905	0.000000	6.8
1189	-0.000000	136.033594	0.000000	10.3
1190	-0.000000	135.970362	0.000000	7.0
1191	-1.044514	135.907208	0.006718	8.9
1192	-0.000033	135.844133	0.000009	6.5
1193	-0.508464	135.781135	0.010105	9.4
1194	-0.000374	135.718215	0.000084	7.5
1195	-0.000000	135.655373	0.000000	8.1
1196	-0.399483	135.592608	0.006626	6.6
1197	-0.000000	135.529921	0.000000	12.9
1198	-0.000000	135.467311	0.000000	6.2
1199	-1.424046	135.404778	0.005506	12.1
1200	-0.840169	135.342322	0.007011	6.6
1201	-0.000000	135.279942	0.000000	11.6
1202	-0.731293	135.217640	0.012239	17.0
1203	-0.623909	135.155413	0.001845	5.2
1204	-1.231261	135.093263	0.012893	11.7
1205	-0.534394	135.031190	0.001666	6.5
1206	-1.125261	134.969192	0.005234	11.4
1207	-0.435815	134.907270	0.003374	8.0
1208	-0.350369	134.845424	0.007832	6.4
1209	-0.799828	134.783653	0.004061	6.7
1210	-0.782822	134.721958	0.006339	7.0
1211	-0.679863	134.660338	0.004463	6.5
1212	-0.937529	134.598793	0.010833	9.6
1213	-0.015410	134.537323	0.001879	6.6
1214	-0.964862	134.475927	0.005765	7.4
1215	-1.135852	134.414607	0.006545	6.8
1216	-0.000000	134.353361	0.000000	7.9
1217	-0.466861	134.292189	0.007716	6.6
1218	-0.837380	134.231092	0.002792	12.2
1219	-0.510464	134.170068	0.002464	11.9
1220	-0.624364	134.109119	0.008647	6.7
1221	-0.424227	134.048243	0.002202	6.5
1222	-0.363021	133.987441	0.003362	6.8
1223	-0.585040	133.926713	0.006851	8.9
1224	-0.142467	133.866057	0.004648	8.4
1225	-0.000000	133.805475	0.000000	13.5
1226	-0.365325	133.744966	0.004388	11.1
1227	-0.131149	133.684530	0.003040	9.7
1228	-1.355778	133.624167	0.003428	6.6
1229	-1.230837	133.563877	0.014797	11.9
1230	-0.000000	133.503658	0.000000	6.6
1231	-1.077407	133.443513	0.005550	8.0
1232	-0.247973	133.383439	0.003092	10.7
1233	-0.000000	133.323437	0.000000	12.0
1234	-1.346282	133.263508	0.010034	6.7
1235	-0.527693	133.203650	0.007774	11.6
1236	-0.000000	133.143864	0.000000	7.5
1237	-0.621937	133.084149	0.003546	6.8
1238	-0.000011	133.024506	0.000003	6.7
1239	-0.796793	132.964934	0.006195	7.3
1240	-1.229632	132.905433	0.005637	12.1
1241	-0.143780	132.846003	0.004100	11.0
1242	-0.000000	132.786643	0.000000	6.2
1243	-0.796579	132.727355	0.006312	7.3
1244	-0.146268	132.668137	0.003750	9.7
1245	-0.797770	132.608989	0.001321	15.7
1246	-0.173554	132.549912	0.002005	9.9
1247	-1.351947	132.490904	0.008356	8.6
1248	-0.000001	132.431967	0.000000	10.6
1249	-0.000000	132.373100	0.000000	6.2
1250	-0.800723	132.314302	0.004920	7.5
1251	-0.184101	132.255574	0.004176	7.1
1252	-0.574263	132.196916	0.005203	6.5
1253	-0.858387	132.138326	0.009030	6.9
1254	-0.460966	132.079806	0.007986	6.9
1255	-0.815207	132.021355	0.003273	10.4
1256	-0.000000	131.962973	0.000000	7.6
1257	-0.435259	131.904660	0.003384	6.6
1258	-0.000000	131.846415	0.000000	12.2
1259	-0.149765	131.788239	0.005216	10.3
1260	-0.375225	131.730131	0.003712	6.8
1261	-1.359970	131.672092	0.005084	6.9
1262	-0.460811	131.614121	0.001694	7.3
1263	-0.000238	131.556217	0.000023	8.4
1264	-0.000000	131.498382	0.000000	6.7
1265	-0.000000	131.440614	0.000000	6.6
1266	-0.619957	131.382914	0.002925	11.7
1267	-0.187242	131.325282	0.002397	6.9
1268	-0.008899	131.267717	0.000041	8.7
1269	-0.220669	131.210219	0.005362	6.4
1270	-0.451824	131.152788	0.003159	8.3
1271	-0.540137	131.095424	0.005768	12.3
1272	-0.000000	131.038127	0.000000	11.1
1273	-0.548474	130.980897	0.004621	8.3
1274	-0.000087	130.923733	0.000023	11.9
1275	-0.271612	130.866636	0.002768	9.4
1276	-0.000000	130.809605	0.000000	6.5
1277	-0.569743	130.752641	0.004367	7.2
1278	-0.449763	130.695742	0.006654	7.0
1279	-0.868575	130.638910	0.010614	7.6
1280	-0.000000	130.582143	0.000000	7.7
1281	-0.000000	130.525442	0.000000	6.2
1282	-0.000000	130.468807	0.000000	9.4
1283	-0.000000	130.412237	0.000000	7.4
1284	-0.124210	130.355733	0.002192	11.5
1285	-0.000000	130.299294	0.000000	8.9
1286	-0.008517	130.242920	0.000550	11.8
1287	-0.000000	130.186611	0.000000	13.2
1288	-0.120306	130.130366	0.002156	10.7
1289	-0.068358	130.074187	0.001741	11.6
1290	-0.000000	130.018072	0.000000	6.2
1291	-0.470188	129.962022	0.003276	10.1
1292	-1.047309	129.906036	0.013377	7.1
1293	-1.478799	129.850114	0.005423	8.8
1294	-0.880268	129.794257	0.009480	6.4
1295	-0.524756	129.738463	0.007598	9.6
1296	-0.544248	129.682734	0.006239	7.9
1297	-0.232654	129.627068	0.003355	7.3
1298	-0.122756	129.571466	0.002334	6.7
1299	-0.000000	129.515927	0.000000	7.2
1300	-0.003324	129.460452	0.000036	9.5
1301	-0.000000	129.405040	0.000000	6.8
1302	-0.011939	129.349692	0.000736	10.2
1303	-0.816100	129.294406	0.006467	6.2
1304	-0.000000	129.239183	0.000000	15.4
1305	-0.043838	129.184024	0.001095	9.6
1306	-0.000000	129.128927	0.000000	11.8
1307	-1.482214	129.073892	0.003530	6.7
1308	-0.325494	129.018921	0.004302	17.2
1309	-0.125122	128.964011	0.001465	2.1
1310	-0.255933	128.909164	0.001245	12.4
1311	-0.606327	128.854379	0.008353	12.0
1312	-0.028773	128.799656	0.000086	12.1
1313	-0.000458	128.744995	0.000063	9.1
1314	-0.610840	128.690396	0.003545	12.6
1315	-0.123085	128.635858	0.001318	6.5
1316	-0.046510	128.581382	0.002352	6.3
1317	-0.766177	128.526968	0.006064	6.5
1318	-0.349407	128.472615	0.006302	6.5
1319	-0.000216	128.418323	0.000023	6.9
1320	-0.000000	128.364092	0.000000	7.7
1321	-0.000015	128.309922	0.000001	6.8
1322	-0.000000	128.255814	0.000000	6.3
1323	-0.455485	128.201766	0.006088	6.8
1324	-0.905088	128.147778	0.012548	6.8
1325	-0.000000	128.093852	0.000000	9.8
1326	-0.191269	128.039985	0.004184	11.1
1327	-0.115077	127.986180	0.002536	6.8
1328	-0.244354	127.932434	0.002403	8.0
1329	-0.118826	127.878749	0.002615	6.9
1330	-0.140077	127.825123	0.004271	11.8
1331	-0.000000	127.771558	0.000000	11.6
1332	-0.000000	127.718052	0.000000	12.1
1333	-0.000000	127.664606	0.000000	6.5
1334	-0.000063	127.611220	0.000016	6.6
1335	-1.003286	127.557893	0.007567	11.8
1336	-0.002360	127.504625	0.000435	16.4
1337	-0.354863	127.451417	0.002788	9.9
1338	-0.656311	127.398268	0.002352	14.6
1339	-0.000070	127.345178	0.000000	6.8
1340	-0.000000	127.292147	0.000000	7.2
1341	-0.809723	127.239175	0.003841	7.0
1342	-0.298908	127.186261	0.006324	10.3
1343	-0.450481	127.133407	0.004039	7.1
1344	-0.327156	127.080610	0.004899	7.0
1345	-0.504013	127.027872	0.006433	7.8
1346	-1.081104	126.975193	0.010702	7.2
1347	-0.407271	126.922572	0.000737	12.0
1348	-0.000240	126.870008	0.000011	13.4
1349	-0.000000	126.817503	0.000000	3.1
1350	-0.441454	126.765056	0.005669	8.2
1351	-0.123813	126.712667	0.004729	9.4
1352	-0.027822	126.660335	0.001409	12.3
1353	-0.000000	126.608061	0.000000	10.7
1354	-0.294111	126.555844	0.004670	11.6
1355	-0.835687	126.503685	0.008649	7.5
1356	-0.536190	126.451583	0.005420	11.3
1357	-0.000000	126.399538	0.000000	9.0
1358	-0.000139	126.347550	0.000006	9.0
1359	-0.504240	126.295619	0.005390	9.1
1360	-0.242894	126.243745	0.004224	12.1
1361	-1.104412	126.191928	0.007025	7.1
1362	-0.000000	126.140168	0.000000	10.4
1363	-0.117686	126.088464	0.001093	11.0
1364	-1.255017	126.036817	0.006064	7.5
1365	-0.000000	125.985226	0.000000	7.4
1366	-0.639700	125.933691	0.006678	6.6
1367	-0.000000	125.882212	0.000000	8.7
1368	-0.592476	125.830790	0.006374	7.0
1369	-0.093370	125.779423	0.003018	12.8
1370	-0.000000	125.728113	0.000000	3.9
1371	-0.000000	125.676858	0.000000	14.5
1372	-0.115808	125.625659	0.001764	4.3
1373	-0.181249	125.574515	0.004767	6.9
1374	-0.689491	125.523427	0.008648	11.7
1375	-0.032432	125.472394	0.001110	7.5
1376	-0.304021	125.421417	0.004064	8.1
1377	-0.173045	125.370495	0.004126	11.6
1378	-0.403450	125.319628	0.007872	7.8
1379	-1.009335	125.268815	0.008362	7.8
1380	-0.441660	125.218058	0.004919	7.0
1381	-0.000000	125.167356	0.000000	6.5
1382	-0.180513	125.116708	0.002334	7.1
1383	-0.508209	125.066115	0.003893	8.2
1384	-0.847176	125.015576	0.005629	11.4
1385	-0.395502	124.965092	0.005843	6.4
1386	-0.726991	124.914662	0.004351	6.9
1387	-0.042712	124.864287	0.000186	6.7
1388	-0.000000	124.813965	0.000000	6.7
1389	-0.448278	124.763698	0.001869	6.6
1390	-0.990405	124.713485	0.005040	6.4
1391	-0.000000	124.663325	0.000000	7.5
1392	-0.602737	124.613219	0.010459	6.3
1393	-0.000000	124.563167	0.000000	7.1
1394	-0.000000	124.513168	0.000000	7.2
1395	-0.538871	124.463223	0.005306	7.1
1396	-0.212336	124.413332	0.008569	8.7
1397	-0.000000	124.363493	0.000000	7.4
1398	-0.096648	124.313708	0.002279	6.8
1399	-0.372936	124.263976	0.002608	9.1
1400	-0.760454	124.214297	0.002246	7.3
1401	-0.218129	124.164671	0.004181	8.8
1402	-1.081803	124.115097	0.005562	7.3
1403	-0.061660	124.065577	0.000734	8.4
1404	-0.420011	124.016109	0.007436	6.7
1405	-1.272572	123.966693	0.018119	6.6
1406	-0.467345	123.917330	0.005913	6.6
1407	-0.016966	123.868020	0.000723	8.0
1408	-0.000000	123.818762	0.000000	11.9
1409	-0.486510	123.769556	0.005354	13.1
1410	-0.378696	123.720402	0.006072	6.0
1411	-0.000004	123.671300	0.000001	6.3
1412	-1.089469	123.622250	0.006360	7.3
1413	-0.000000	123.573252	0.000000	10.3
1414	-0.529752	123.524305	0.008769	7.0
1415	-0.940197	123.475411	0.007937	7.0
1416	-0.005004	123.426568	0.000136	10.7
1417	-0.281697	123.377776	0.000926	6.6
1418	-0.560295	123.329036	0.005163	7.6
1419	-0.000007	123.280347	0.000002	7.0
1420	-0.349207	123.231709	0.003137	10.6
1421	-0.000000	123.183122	0.000000	6.6
1422	-0.000001	123.134587	0.000000	7.1
1423	-0.374779	123.086102	0.003960	10.2
1424	-0.650810	123.037669	0.006274	11.9
1425	-0.000000	122.989286	0.000000	7.5
1426	-0.106209	122.940954	0.001935	8.5
1427	-0.000819	122.892672	0.000036	6.3
1428	-0.000000	122.844441	0.000000	9.6
1429	-0.000000	122.796261	0.000000	6.6
1430	-0.000185	122.748130	0.000042	13.4
1431	-1.127396	122.700050	0.007136	7.9
1432	-0.109478	122.652021	0.001166	11.8
1433	-0.296786	122.604041	0.004007	8.6
1434	-0.119232	122.556111	0.000537	10.8
1435	-0.693183	122.508232	0.004599	7.4
1436	-0.528264	122.460402	0.003406	6.8
1437	-0.428968	122.412622	0.002224	7.3
1438	-0.000000	122.364891	0.000000	7.0
1439	-0.003319	122.317210	0.000083	7.6
1440	-0.775877	122.269579	0.005153	6.8
1441	-0.878123	122.221997	0.006021	6.8
1442	-0.002898	122.174465	0.000317	10.6
1443	-0.017797	122.126981	0.000289	7.9
1444	-0.000000	122.079547	0.000000	12.0
1445	-0.000000	122.032162	0.000000	11.6
1446	-0.078139	121.984826	0.000149	6.7
1447	-0.180099	121.937539	0.001357	11.2
1448	-0.725663	121.890301	0.006614	7.0
1449	-1.142897	121.843112	0.007694	6.6
1450	-0.970285	121.795971	0.008951	8.7
1451	-0.615080	121.748879	0.011947	6.6
1452	-0.114789	121.701835	0.001692	6.8
1453	-0.081159	121.654840	0.000688	6.5
1454	-0.000000	121.607893	0.000000	6.7
1455	-0.219299	121.560994	0.005904	9.1
1456	-0.879782	121.514144	0.005323	12.3
1457	-0.191001	121.467342	0.001530	7.6
1458	-0.748830	121.420588	0.008958	6.6
1459	-0.856429	121.373882	0.003180	9.4
1460	-1.097618	121.327223	0.012748	5.2
1461	-0.966905	121.280613	0.004140	6.8
1462	-0.000000	121.234050	0.000000	7.4
1463	-0.072567	121.187535	0.002351	6.8
1464	-0.051529	121.141067	0.001171	7.4
1465	-0.000000	121.094647	0.000000	10.0
1466	-0.151177	121.048274	0.005007	7.5
1467	-0.475447	121.001949	0.002155	6.5
1468	-0.898204	120.955671	0.002587	9.8
1469	-1.020406	120.909440	0.008301	6.8
1470	-0.000000	120.863256	0.000000	12.0
1471	-0.233799	120.817119	0.010149	11.5
1472	-1.182095	120.771029	0.009117	9.4
1473	-1.263776	120.724986	0.003231	8.0
1474	-0.001875	120.678990	0.000073	6.7
1475	-0.445709	120.633040	0.002431	9.2
1476	-0.010428	120.587137	0.000538	6.3
1477	-0.000000	120.541281	0.000000	11.4
1478	-0.000000	120.495471	0.000000	4.6
1479	-0.116802	120.449707	0.003283	7.3
1480	-0.313376	120.403990	0.005310	6.5
1481	-0.153626	120.358319	0.001115	6.9
1482	-0.000000	120.312694	0.000000	6.4
1483	-0.081619	120.267115	0.001671	6.6
1484	-0.874072	120.221582	0.008343	10.0
1485	-0.000000	120.176096	0.000000	7.8
1486	-0.439345	120.130655	0.004608	6.8
1487	-0.344867	120.085260	0.003501	6.6
1488	-0.790634	120.039910	0.007890	10.6
1489	-0.000000	119.994606	0.000000	6.0
1490	-0.180569	119.949348	0.007329	6.9
1491	-0.191624	119.904135	0.003822	12.8
1492	-0.190442	119.858968	0.001648	9.8
1493	-0.025543	119.813846	0.000810	9.0
1494	-0.451330	119.768769	0.004724	7.1
1495	-0.258001	119.723738	0.007276	6.4
1496	-0.048615	119.678752	0.000997	6.9
1497	-0.028505	119.633810	0.000178	7.3
1498	-0.012516	119.588914	0.001099	10.8
1499	-0.580074	119.544062	0.006370	7.6
1500	-0.904400	119.499256	0.009233	6.9
1501	-0.174938	119.454494	0.002608	6.8
1502	-0.000000	119.409777	0.000000	7.5
1503	-0.032113	119.365104	0.001795	11.4
1504	-1.078796	119.320476	0.007245	7.1
1505	-0.000000	119.275893	0.000000	6.5
1506	-0.037412	119.231353	0.001428	12.8
1507	-1.162855	119.186859	0.011432	5.2
1508	-0.628989	119.142408	0.008651	6.3
1509	-0.062830	119.098002	0.003218	6.5
1510	-0.000000	119.053639	0.000000	6.2
1511	-0.000000	119.009321	0.000000	6.5
1512	-0.713429	118.965047	0.008789	6.8
1513	-0.000000	118.920816	0.000000	6.7
1514	-0.051571	118.876630	0.001558	7.3
1515	-0.152161	118.832487	0.001027	7.7
1516	-0.178462	118.788388	0.003296	11.8
1517	-0.000000	118.744332	0.000000	6.4
1518	-1.024426	118.700320	0.007421	10.8
1519	-0.000000	118.656352	0.000000	6.2
1520	-1.069415	118.612427	0.006647	9.7
1521	-0.000003	118.568545	0.000001	7.2
1522	-0.766987	118.524706	0.005837	13.2
1523	-0.000000	118.480911	0.000000	7.8
1524	-0.264801	118.437159	0.002441	7.1
1525	-0.803042	118.393450	0.005117	11.3
1526	-0.091174	118.349784	0.001772	12.7
1527	-0.121741	118.306160	0.002439	4.7
1528	-0.032830	118.262580	0.002309	10.7
1529	-0.000000	118.219042	0.000000	6.9
1530	-0.029739	118.175548	0.000742	6.8
1531	-0.704899	118.132095	0.011357	12.8
1532	-0.147331	118.088686	0.002768	5.4
1533	-0.000267	118.045319	0.000058	7.4
1534	-0.336006	118.001994	0.001566	7.6
1535	-0.000000	117.958712	0.000000	8.2
1536	-0.000000	117.915472	0.000000	8.5
1537	-0.000000	117.872274	0.000000	9.4
1538	-0.286367	117.829118	0.005500	15.5
1539	-0.000336	117.786005	0.000007	7.0
1540	-0.000000	117.742933	0.000000	7.1
1541	-0.798577	117.699904	0.005337	11.7
1542	-0.171086	117.656916	0.004736	6.8
1543	-0.824527	117.613971	0.006545	11.4
1544	-0.136385	117.571067	0.003642	12.0
1545	-0.926955	117.528205	0.004335	10.6
1546	-0.000000	117.485384	0.000000	8.0
1547	-0.172795	117.442605	0.003166	8.1
1548	-0.794308	117.399867	0.010383	11.9
1549	-0.490507	117.357171	0.005888	7.9
1550	-0.000000	117.314517	0.000000	12.1
1551	-0.000000	117.271903	0.000000	6.3
1552	-0.004864	117.229331	0.000581	11.6
1553	-0.359369	117.186800	0.005136	11.0
1554	-0.941952	117.144311	0.005539	6.5
1555	-1.087438	117.101862	0.004744	8.3
1556	-0.000000	117.059454	0.000000	6.9
1557	-0.099756	117.017087	0.001149	9.0
1558	-0.915051	116.974762	0.007817	6.4
1559	-0.255949	116.932476	0.001852	7.1
1560	-0.000000	116.890232	0.000000	6.8
1561	-0.017946	116.848028	0.000555	8.8
1562	-0.766222	116.805865	0.007672	6.2
1563	-0.854000	116.763743	0.005817	7.4
1564	-0.000000	116.721661	0.000000	8.8
1565	-0.556233	116.679619	0.004479	6.5
1566	-0.000000	116.637618	0.000000	6.1
1567	-0.062452	116.595657	0.002275	6.6
1568	-1.113562	116.553736	0.008891	12.0
1569	-0.803656	116.511855	0.005703	7.3
1570	-0.770707	116.470015	0.004894	6.7
1571	-0.553799	116.428214	0.007284	6.9
1572	-0.738069	116.386454	0.008879	6.3
1573	-1.171863	116.344733	0.005406	9.7
1574	-0.904099	116.303052	0.002901	7.7
1575	-0.927944	116.261412	0.006341	11.4
1576	-0.655351	116.219810	0.002913	7.7
1577	-0.000000	116.178249	0.000000	7.1
1578	-0.769927	116.136727	0.005502	7.6
1579	-0.711252	116.095245	0.006953	8.0
1580	-0.555488	116.053802	0.006770	9.0
1581	-0.654511	116.012398	0.004477	11.9
1582	-0.000000	115.971034	0.000000	13.7
1583	-0.000000	115.929710	0.000000	14.4
1584	-0.000000	115.888424	0.000000	6.9
1585	-0.067075	115.847178	0.002084	8.5
1586	-0.003293	115.805970	0.000266	7.9
1587	-1.104591	115.764802	0.005926	8.1
1588	-0.625730	115.723673	0.009962	7.2
1589	-0.360523	115.682583	0.008070	7.9
1590	-0.677243	115.641532	0.009180	7.6
1591	-0.235151	115.600519	0.003305	9.0
1592	-0.039198	115.559546	0.000533	11.6
1593	-0.115697	115.518610	0.003560	6.9
1594	-1.366439	115.477714	0.008432	7.3
1595	-0.201538	115.436856	0.005306	7.9
1596	-0.088876	115.396037	0.001402	7.8
1597	-0.633237	115.355256	0.008347	10.1
1598	-0.001882	115.314514	0.000009	7.9
1599	-0.269566	115.273810	0.005770	9.2
1600	-0.349008	115.233144	0.009681	6.8
1601	-0.372045	115.192517	0.005715	11.1
1602	-0.162528	115.151927	0.004425	11.2
1603	-0.471707	115.111376	0.002487	6.6
1604	-0.475971	115.070863	0.012289	7.2
1605	-0.804606	115.030388	0.007594	6.7
1606	-0.000000	114.989951	0.000000	6.4
1607	-0.242738	114.949551	0.002140	6.8
1608	-0.000000	114.909190	0.000000	10.8
1609	-0.648461	114.868866	0.007941	7.1
1610	-0.208676	114.828580	0.007893	6.7
1611	-0.820097	114.788332	0.009088	10.2
1612	-0.666105	114.748121	0.006005	6.0
1613	-0.124846	114.707948	0.003974	13.6
1614	-0.316727	114.667812	0.008661	9.6
1615	-0.669551	114.627714	0.010166	10.1
1616	-0.120107	114.587653	0.001125	11.4
1617	-0.000000	114.547629	0.000000	6.3
1618	-0.392326	114.507643	0.007712	6.6
1619	-1.049277	114.467693	0.005703	12.5
1620	-0.576622	114.427781	0.002123	6.8
1621	-0.265670	114.387907	0.007720	6.9
1622	-0.000307	114.348069	0.000053	8.2
1623	-0.892789	114.308268	0.007618	6.8
1624	-0.260254	114.268504	0.004600	9.5
1625	-0.241714	114.228777	0.003988	6.8
1626	-1.162690	114.189086	0.010346	13.4
1627	-1.160801	114.149433	0.003900	6.3
1628	-0.815548	114.109816	0.009930	8.0
1629	-0.000000	114.070235	0.000000	6.7
1630	-0.273044	114.030692	0.007823	7.1
1631	-0.000000	113.991185	0.000000	11.8
1632	-0.805694	113.951714	0.007713	7.4
1633	-0.000111	113.912280	0.000027	7.3
1634	-0.187755	113.872882	0.008382	16.0
1635	-0.000000	113.833521	0.000000	14.7
1636	-0.268370	113.794195	0.001256	5.9
1637	-0.595825	113.754906	0.009372	12.9
1638	-0.169654	113.715653	0.003769	11.6
1639	-0.069153	113.676437	0.003317	6.8
1640	-0.531255	113.637256	0.008474	6.5
1641	-1.184759	113.598111	0.008011	12.3
1642	-0.000000	113.559002	0.000000	6.6
1643	-0.982569	113.519929	0.005938	6.5
1644	-0.824194	113.480892	0.009057	8.5
1645	-0.176827	113.441891	0.002141	7.3
1646	-0.000418	113.402925	0.000066	12.6
1647	-1.180067	113.363995	0.007401	7.6
1648	-0.000000	113.325101	0.000000	7.0
1649	-0.052831	113.286242	0.002464	7.8
1650	-0.126748	113.247419	0.008149	10.0
1651	-0.000000	113.208631	0.000000	6.9
1652	-0.490087	113.169879	0.004490	8.5
1653	-0.000000	113.131162	0.000000	7.6
1654	-0.714889	113.092480	0.004846	8.9
1655	-1.337021	113.053833	0.009004	6.7
1656	-0.000000	113.015222	0.000000	7.2
1657	-0.367950	112.976646	0.004204	6.7
1658	-0.631655	112.938105	0.009576	10.4
1659	-0.442601	112.899599	0.002900	6.4
1660	-0.002535	112.861128	0.000181	9.4
1661	-0.211873	112.822692	0.002394	12.0
1662	-0.789388	112.784291	0.003775	6.9
1663	-0.000009	112.745924	0.000002	16.5
1664	-0.259707	112.707593	0.003075	7.7
1665	-0.185256	112.669296	0.001152	7.1
1666	-0.000000	112.631034	0.000000	6.4
1667	-0.848834	112.592806	0.004760	7.2
1668	-1.044936	112.554613	0.006351	6.7
1669	-0.677993	112.516455	0.005557	9.0
1670	-1.111936	112.478331	0.006925	6.9
1671	-0.653284	112.440241	0.004426	8.9
1672	-0.000000	112.402186	0.000000	7.5
1673	-0.000010	112.364165	0.000002	6.6
1674	-0.000000	112.326179	0.000000	12.1
1675	-0.000000	112.288227	0.000000	6.5
1676	-0.237266	112.250309	0.002615	6.7
1677	-0.000952	112.212425	0.000177	13.4
1678	-1.030183	112.174575	0.010116	5.9
1679	-0.388998	112.136759	0.007384	7.4
1680	-0.765962	112.098977	0.007755	7.1
1681	-1.117404	112.061229	0.011497	6.8
1682	-0.235862	112.023515	0.004354	10.4
1683	-0.000000	111.985834	0.000000	5.0
1684	-0.000000	111.948188	0.000000	12.0
1685	-0.058305	111.910575	0.003831	7.9
1686	-0.000000	111.872996	0.000000	8.0
1687	-1.120802	111.835450	0.007601	11.4
1688	-0.014047	111.797939	0.001430	7.0
1689	-0.273435	111.760460	0.005938	7.1
1690	-0.837810	111.723015	0.009252	6.5
1691	-0.190840	111.685604	0.008207	6.4
1692	-1.337565	111.648226	0.007208	13.3
1693	-0.734271	111.610881	0.013745	3.3
1694	-0.000000	111.573570	0.000000	13.9
1695	-0.075951	111.536292	0.001833	11.7
1696	-0.731951	111.499047	0.005594	8.9
1697	-0.345068	111.461835	0.004082	6.8
1698	-0.829566	111.424656	0.007139	6.5
1699	-0.000000	111.387510	0.000000	7.1
1700	-0.000000	111.350398	0.000000	9.4
1701	-0.712975	111.313318	0.010413	11.4
1702	-0.000000	111.276271	0.000000	6.4
1703	-0.000000	111.239257	0.000000	7.2
1704	-0.000000	111.202276	0.000000	6.5
1705	-0.599101	111.165328	0.009447	11.5
1706	-0.000002	111.128412	0.000000	11.4
1707	-0.000000	111.091529	0.000000	8.4
1708	-0.569294	111.054679	0.008587	12.8
1709	-0.789665	111.017861	0.005528	7.0
1710	-0.399154	110.981076	0.006469	6.4
1711	-0.000000	110.944323	0.000000	12.0
1712	-0.012872	110.907603	0.000061	7.5
1713	-0.111406	110.870915	0.003376	6.9
1714	-0.051630	110.834259	0.003036	7.0
1715	-0.791171	110.797636	0.006223	11.4
1716	-0.918464	110.761045	0.007640	4.9
1717	-0.981746	110.724486	0.007378	6.9
1718	-1.149569	110.687959	0.009677	10.6
1719	-0.000000	110.651465	0.000000	6.1
1720	-0.946357	110.615002	0.006511	6.8
1721	-0.241873	110.578572	0.002042	6.8
1722	-0.822384	110.542173	0.004923	6.3
1723	-0.060722	110.505807	0.002618	5.8
1724	-0.397381	110.469472	0.008478	8.4
1725	-1.275373	110.433169	0.002539	9.0
1726	-0.643622	110.396898	0.002628	6.7
1727	-0.298803	110.360659	0.001803	6.7
1728	-0.000000	110.324451	0.000000	12.8
1729	-0.000000	110.288276	0.000000	4.8
1730	-0.000000	110.252131	0.000000	7.4
1731	-0.099036	110.216019	0.000671	6.6
1732	-0.000005	110.179937	0.000001	7.9
1733	-0.052180	110.143888	0.002787	16.1
1734	-0.083208	110.107869	0.001369	8.9
1735	-0.980776	110.071882	0.005571	10.4
1736	-0.000000	110.035927	0.000000	7.7
1737	-0.000000	110.000003	0.000000	7.9
1738	-1.272477	109.964110	0.004205	8.0
1739	-0.000000	109.928248	0.000000	6.6
1740	-1.177406	109.892417	0.004431	7.2
1741	-0.110643	109.856618	0.002322	6.8
1742	-1.162260	109.820850	0.006030	9.6
1743	-0.334799	109.785112	0.001405	9.5
1744	-1.250034	109.749406	0.008264	6.6
1745	-1.027213	109.713730	0.007712	7.0
1746	-0.000050	109.678086	0.000012	6.1
1747	-0.000000	109.642472	0.000000	6.2
1748	-1.475337	109.606890	0.006112	17.6
1749	-0.142468	109.571337	0.002614	2.3
1750	-1.032916	109.535816	0.004907	6.5
1751	-0.078273	109.500326	0.000655	11.0
1752	-0.537918	109.464866	0.007884	12.0
1753	-0.000000	109.429436	0.000000	15.6
1754	-0.090981	109.394038	0.001031	9.7
1755	-0.008616	109.358669	0.000552	13.6
1756	-0.000000	109.323331	0.000000	7.0
1757	-0.722795	109.288024	0.004546	11.9
1758	-0.000000	109.252747	0.000000	14.5
1759	-0.721659	109.217501	0.003406	11.3
1760	-1.052037	109.182284	0.007637	15.0
1761	-0.000000	109.147098	0.000000	12.3
1762	-0.680272	109.111942	0.012366	12.0
1763	-0.000001	109.076817	0.000000	6.7
1764	-0.041121	109.041721	0.001353	6.8
1765	-0.000000	109.006656	0.000000	16.1
1766	-0.000000	108.971620	0.000000	13.4
1767	-0.000000	108.936615	0.000000	12.1
1768	-0.669704	108.901640	0.004835	11.7
1769	-0.257668	108.866694	0.004341	12.8
1770	-0.765410	108.831779	0.002067	13.7
1771	-0.831523	108.796893	0.007866	10.2
1772	-0.502443	108.762037	0.004276	14.7
1773	-0.000000	108.727211	0.000000	12.4
1774	-0.453853	108.692415	0.004857	12.8
1775	-1.499984	108.657648	0.009519	12.0
1776	-0.074617	108.622911	0.003371	12.3
1777	-0.000000	108.588203	0.000000	14.5
1778	-0.749541	108.553525	0.008714	12.9
1779	-0.447996	108.518877	0.002328	10.5
1780	-0.000000	108.484258	0.000000	9.6
1781	-0.596261	108.449668	0.003507	15.9
1782	-0.268855	108.415108	0.005544	7.9
1783	-0.928506	108.380578	0.005657	15.4
1784	-1.060622	108.346076	0.008594	12.8
1785	-0.615790	108.311604	0.002083	12.1
1786	-0.003101	108.277161	0.000473	11.5
1787	-0.986629	108.242747	0.009527	6.9
1788	-1.178847	108.208363	0.006545	13.9
1789	-0.010198	108.174007	0.001131	13.8
1790	-0.435014	108.139681	0.002753	10.7
1791	-0.555176	108.105383	0.009025	14.3
1792	-0.636782	108.071115	0.010974	9.6
1793	-0.000000	108.036875	0.000000	12.0
1794	-0.125479	108.002665	0.001160	15.1
1795	-0.205922	107.968483	0.003751	16.3
1796	-1.154600	107.934330	0.003782	12.4
1797	-1.091487	107.900206	0.007381	20.1
1798	-0.875715	107.866111	0.009070	7.7
1799	-0.528350	107.832044	0.006143	12.0
1800	-0.766233	107.798007	0.007866	7.1
1801	-0.000000	107.763997	0.000000	13.3
1802	-0.416871	107.730017	0.004672	10.5
1803	-0.611192	107.696065	0.006841	11.8
1804	-0.705408	107.662141	0.003620	11.6
1805	-0.564322	107.628246	0.003121	11.5
1806	-0.295317	107.594379	0.005861	13.1
1807	-0.116453	107.560541	0.002061	12.7
1808	-0.090206	107.526731	0.001762	15.3
1809	-0.000000	107.492949	0.000000	11.7
1810	-0.242162	107.459196	0.002235	5.8
1811	-0.017407	107.425471	0.002080	8.9
1812	-1.243396	107.391774	0.004621	13.6
1813	-1.064297	107.358106	0.006438	12.0
1814	-0.080912	107.324465	0.001853	20.8
1815	-0.137174	107.290853	0.002279	16.1
1816	-0.000000	107.257268	0.000000	8.4
1817	-0.640515	107.223712	0.005862	13.2
1818	-0.059269	107.190184	0.001059	11.1
1819	-0.000000	107.156683	0.000000	15.0
1820	-0.274070	107.123211	0.005180	11.3
1821	-0.000000	107.089766	0.000000	9.6
1822	-0.437548	107.056349	0.004407	13.1
1823	-0.761633	107.022960	0.005159	18.8
1824	-0.125523	106.989599	0.001398	14.2
1825	-1.183097	106.956265	0.005881	9.6
1826	-0.417799	106.922960	0.007324	13.9
1827	-0.152836	106.889681	0.001062	5.0
1828	-0.284629	106.856431	0.002721	6.4
1829	-1.019118	106.823208	0.006302	9.6
1830	-0.412353	106.790012	0.006426	7.2
1831	-0.078296	106.756844	0.003007	12.1
1832	-0.271837	106.723703	0.003754	8.2
1833	-1.361852	106.690590	0.007341	7.2
1834	-0.045134	106.657505	0.000885	8.6
1835	-0.116635	106.624446	0.001246	6.8
1836	-0.730733	106.591415	0.002802	6.5
1837	-0.269757	106.558411	0.005929	6.8
1838	-1.386588	106.525435	0.008331	7.4
1839	-0.000000	106.492485	0.000000	7.1
1840	-0.000000	106.459563	0.000000	9.3
1841	-0.146689	106.426668	0.001536	8.8
1842	-0.000000	106.393800	0.000000	15.0
1843	-0.000000	106.360959	0.000000	3.0
1844	-1.171839	106.328145	0.005620	7.9
1845	-0.699531	106.295358	0.005341	7.0
1846	-0.659234	106.262598	0.005584	8.7
1847	-0.000000	106.229865	0.000000	12.1
1848	-0.249927	106.197158	0.005393	9.1
1849	-0.000000	106.164479	0.000000	6.1
1850	-0.000281	106.131826	0.000014	6.4
1851	-0.880315	106.099201	0.007324	7.4
1852	-0.536535	106.066602	0.004919	6.4
1853	-0.000000	106.034029	0.000000	9.7
1854	-0.554787	106.001483	0.006128	11.7
1855	-0.270035	105.968964	0.006666	8.0
1856	-0.000000	105.936472	0.000000	6.3
1857	-0.139942	105.904006	0.003172	6.8
1858	-0.960441	105.871566	0.010605	6.5
1859	-0.290341	105.839153	0.006127	6.9
1860	-0.005040	105.806767	0.000025	6.8
1861	-1.302513	105.774407	0.006515	10.5
1862	-0.002657	105.742073	0.000294	6.2
1863	-0.158569	105.709766	0.001461	6.5
1864	-0.848352	105.677485	0.006752	12.0
1865	-0.104909	105.645230	0.001641	7.0
1866	-0.000000	105.613001	0.000000	12.3
1867	-0.441370	105.580799	0.002688	6.9
1868	-1.411927	105.548623	0.007963	6.5
1869	-0.848400	105.516473	0.005569	12.1
1870	-0.000000	105.484349	0.000000	11.8
1871	-0.745042	105.452251	0.006040	8.3
1872	-0.311471	105.420179	0.005519	6.6
1873	-0.378037	105.388133	0.003657	7.1
1874	-0.110061	105.356113	0.001919	6.8
1875	-1.431291	105.324119	0.008484	11.6
1876	-0.846634	105.292151	0.010085	10.0
1877	-0.993430	105.260209	0.010970	9.2
1878	-0.681534	105.228293	0.006826	15.6
1879	-0.657794	105.196402	0.006299	13.4
1880	-0.000000	105.164537	0.000000	5.5
1881	-0.212276	105.132698	0.003620	8.7
1882	-0.087623	105.100885	0.002069	7.5
1883	-0.000000	105.069097	0.000000	12.9
1884	-0.000012	105.037335	0.000000	7.3
1885	-0.000000	105.005598	0.000000	12.0
1886	-0.000001	104.973887	0.000000	13.5
1887	-0.151227	104.942202	0.001274	7.9
1888	-0.103114	104.910542	0.004276	6.4
1889	-0.000000	104.878907	0.000000	6.7
1890	-0.165221	104.847298	0.002996	7.6
1891	-0.000000	104.815715	0.000000	6.4
1892	-1.071264	104.784156	0.007381	12.3
1893	-0.278990	104.752623	0.000882	6.5
1894	-0.261521	104.721116	0.008562	7.3
1895	-0.064021	104.689633	0.002533	7.2
1896	-0.841899	104.658176	0.008756	11.1
1897	-0.000000	104.626744	0.000000	6.9
1898	-0.218098	104.595337	0.006913	9.5
1899	-0.960182	104.563955	0.008706	10.0
1900	-0.000000	104.532599	0.000000	8.3
1901	-0.409978	104.501267	0.011849	7.3
1902	-0.884691	104.469960	0.005097	11.1
1903	-0.000000	104.438679	0.000000	6.9
1904	-0.492046	104.407422	0.006845	13.5
1905	-0.000014	104.376191	0.000004	7.0
1906	-0.000000	104.344984	0.000000	6.9
1907	-0.028326	104.313802	0.000438	7.1
1908	-0.431765	104.282645	0.005942	7.1
1909	-0.003810	104.251513	0.000488	10.3
1910	-0.211075	104.220405	0.004505	10.1
1911	-0.421745	104.189323	0.003813	6.9
1912	-0.102881	104.158265	0.001619	12.2
1913	-0.414218	104.127231	0.003209	6.6
1914	-0.109771	104.096222	0.003537	7.5
1915	-0.654921	104.065238	0.006113	9.5
1916	-0.916015	104.034279	0.005170	6.6
1917	-1.420233	104.003344	0.007102	10.8
1918	-0.732556	103.972433	0.004897	3.9
1919	-0.123067	103.941547	0.001533	12.0
1920	-0.027318	103.910686	0.000138	3.5
1921	-0.091585	103.879849	0.002993	9.1
1922	-1.102703	103.849036	0.018086	12.1
1923	-0.000000	103.818248	0.000000	7.7
1924	-0.005036	103.787484	0.000493	7.0
1925	-0.000000	103.756744	0.000000	11.9
1926	-0.984820	103.726029	0.007329	9.5
1927	-0.350012	103.695338	0.002135	7.4
1928	-0.956305	103.664671	0.005752	7.4
1929	-0.081702	103.634028	0.001769	7.1
1930	-1.320338	103.603409	0.009679	10.5
1931	-0.000015	103.572814	0.000004	11.7
1932	-0.309185	103.542244	0.007350	7.0
1933	-1.042800	103.511698	0.006952	11.3
1934	-0.000000	103.481175	0.000000	6.6
1935	-0.000000	103.450677	0.000000	11.9
1936	-0.329560	103.420202	0.004167	6.1
1937	-0.000015	103.389752	0.000005	6.7
1938	-0.005662	103.359325	0.000842	6.7
1939	-0.013473	103.328922	0.001041	13.2
1940	-0.025879	103.298543	0.000600	7.3
1941	-0.000611	103.268188	0.000119	10.0
1942	-0.961145	103.237857	0.004747	7.8
1943	-1.467092	103.207549	0.007991	7.3
1944	-0.000000	103.177265	0.000000	8.8
1945	-0.100811	103.147005	0.001106	7.0
1946	-0.688581	103.116768	0.004580	6.6
1947	-0.171381	103.086556	0.002282	7.2
1948	-0.000000	103.056366	0.000000	6.0
1949	-0.005660	103.026200	0.000395	8.8
1950	-1.040198	102.996058	0.008669	6.5
1951	-1.362116	102.965939	0.009551	6.7
1952	-0.272137	102.935844	0.004963	11.4
1953	-0.134544	102.905772	0.002628	6.6
1954	-0.820270	102.875724	0.007558	7.7
1955	-0.000000	102.845699	0.000000	9.6
1956	-0.000067	102.815697	0.000003	11.2
1957	-0.000000	102.785719	0.000000	11.9
1958	-0.004757	102.755764	0.000400	6.5
1959	-0.320958	102.725832	0.002545	6.8
1960	-0.000000	102.695924	0.000000	11.7
1961	-1.268579	102.666038	0.006597	6.5
1962	-0.531184	102.636176	0.004173	6.2
1963	-0.000000	102.606337	0.000000	8.1
1964	-0.000000	102.576521	0.000000	5.7
1965	-0.140148	102.546728	0.003111	6.6
1966	-0.000000	102.516959	0.000000	7.8
1967	-0.990731	102.487212	0.014099	6.5
1968	-0.000000	102.457488	0.000000	6.4
1969	-1.353648	102.427788	0.010241	8.5
1970	-1.158149	102.398110	0.005213	11.7
1971	-0.317065	102.368455	0.003659	7.3
1972	-0.000001	102.338823	0.000000	6.9
1973	-0.485613	102.309214	0.007817	6.5
1974	-0.000000	102.279628	0.000000	6.4
1975	-0.156036	102.250064	0.004368	6.6
1976	-0.002813	102.220524	0.000325	7.4
1977	-0.148436	102.191006	0.002180	10.8
1978	-0.113873	102.161511	0.002753	10.4
1979	-0.238083	102.132038	0.002349	6.7
1980	-0.225087	102.102588	0.005648	7.2
1981	-0.716793	102.073161	0.009437	11.6
1982	-0.059785	102.043757	0.001792	9.9
1983	-0.495346	102.014375	0.005328	11.9
1984	-0.408703	101.985015	0.005472	6.6
1985	-1.251216	101.955678	0.006615	6.4
1986	-0.067924	101.926364	0.000681	7.0
1987	-0.095727	101.897072	0.001090	7.5
1988	-0.584291	101.867802	0.004475	6.9
1989	-0.551460	101.838555	0.007580	6.2
1990	-0.007338	101.809330	0.000435	9.2
1991	-1.285290	101.780128	0.007680	6.5
1992	-0.856498	101.750948	0.005600	11.5
1993	-0.063372	101.721790	0.000932	6.8
1994	-1.461895	101.692654	0.007627	12.4
1995	-0.000581	101.663541	0.000054	10.5
1996	-0.693330	101.634450	0.001963	13.0
1997	-0.259276	101.605381	0.003082	2.3
1998	-0.008150	101.576335	0.000689	11.8
1999	-0.000000	101.547310	0.000000	3.2
