1:ItNr	2:Metric	3:StepSize	4:||Gradient||	Time[ms]
0	-0.130800	627.201626	0.003411	1774.7
1	-0.112668	623.504937	0.001615	9.9
2	-0.042785	619.865785	0.000735	8.4
3	-0.252206	616.282728	0.001672	8.2
4	-0.000000	612.754375	0.000000	8.2
5	-0.157365	609.279381	0.002048	8.1
6	-0.055306	605.856447	0.001078	13.6
7	-0.000000	602.484317	0.000000	11.0
8	-0.000000	599.161779	0.000000	8.4
9	-0.000000	595.887656	0.000000	8.7
10	-0.016611	592.660813	0.000380	8.5
11	-0.174564	589.480151	0.002345	11.5
12	-0.049806	586.344606	0.000867	7.9
13	-0.008178	583.253145	0.000171	8.9
14	-0.250144	580.204771	0.002103	8.1
15	-0.412816	577.198517	0.003532	8.5
16	-0.005999	574.233444	0.000153	12.1
17	-0.000069	571.308645	0.000003	10.2
18	-0.235942	568.423237	0.002566	10.8
19	-0.000000	565.576365	0.000000	10.5
20	-0.511206	562.767201	0.003471	14.4
21	-0.018198	559.994938	0.000244	8.4
22	-0.093951	557.258797	0.001189	8.4
23	-0.000000	554.558018	0.000000	8.9
24	-0.019007	551.891865	0.000329	9.4
25	-0.000000	549.259621	0.000000	8.0
26	-0.000000	546.660592	0.000000	8.2
27	-0.000000	544.094102	0.000000	10.1
28	-0.077956	541.559494	0.000829	9.5
29	-0.256296	539.056129	0.003273	9.6
30	-0.000000	536.583387	0.000000	9.1
31	-0.008423	534.140663	0.000199	8.5
32	-0.002642	531.727370	0.000127	8.3
33	-0.000000	529.342935	0.000000	9.7
34	-0.012330	526.986802	0.000381	13.3
35	-0.000000	524.658430	0.000000	15.5
36	-0.004643	522.357290	0.000219	10.2
37	-0.497957	520.082868	0.001545	11.2
38	-0.052870	517.834665	0.000345	8.5
39	-0.000000	515.612193	0.000000	8.9
40	-0.000000	513.414976	0.000000	8.7
41	-0.000000	511.242551	0.000000	8.5
42	-0.022580	509.094468	0.000412	10.5
43	-0.000000	506.970285	0.000000	13.5
44	-0.352235	504.869574	0.001633	13.0
45	-0.023273	502.791916	0.000364	9.9
46	-0.340185	500.736903	0.002686	18.3
47	-0.047339	498.704137	0.001060	14.9
48	-0.000000	496.693228	0.000000	13.7
49	-0.000000	494.703798	0.000000	11.8
50	-0.000000	492.735476	0.000000	13.9
51	-0.011219	490.787900	0.000251	14.0
52	-0.396530	488.860718	0.003244	15.0
53	-0.236742	486.953585	0.002652	16.3
54	-0.129684	485.066164	0.002579	15.6
55	-0.497859	483.198126	0.003844	14.3
56	-0.000733	481.349149	0.000009	17.2
57	-0.000000	479.518920	0.000000	8.3
58	-0.000294	477.707132	0.000049	8.5
59	-0.000000	475.913485	0.000000	9.6
60	-0.000000	474.137684	0.000000	8.0
61	-0.292651	472.379445	0.000780	13.1
62	-0.003898	470.638485	0.000083	13.5
63	-0.008447	468.914531	0.000183	8.2
64	-0.015631	467.207315	0.000210	8.9
65	-0.020228	465.516573	0.000207	8.5
66	-0.000000	463.842050	0.000000	8.1
67	-0.000000	462.183494	0.000000	9.2
68	-0.000000	460.540658	0.000000	7.9
69	-0.144673	458.913303	0.006065	8.5
70	-0.005978	457.301192	0.000027	12.7
71	-0.000000	455.704096	0.000000	13.3
72	-0.086958	454.121787	0.000447	8.6
73	-0.371865	452.554045	0.003996	8.4
74	-0.149471	451.000653	0.001661	8.6
75	-0.000000	449.461399	0.000000	8.5
76	-0.024290	447.936075	0.000515	8.6
77	-0.100140	446.424477	0.001625	9.5
78	-0.233728	444.926406	0.001889	8.3
79	-0.425390	443.441666	0.002840	8.6
80	-0.000000	441.970065	0.000000	8.7
81	-0.035438	440.511415	0.000053	13.6
82	-0.000000	439.065533	0.000000	9.9
83	-0.000000	437.632238	0.000000	8.7
84	-0.113682	436.211351	0.001233	8.3
85	-0.414073	434.802701	0.003236	9.9
86	-0.000000	433.406117	0.000000	10.1
87	-0.000000	432.021430	0.000000	9.0
88	-0.009980	430.648479	0.000393	8.3
89	-0.001318	429.287101	0.000078	8.4
90	-0.000000	427.937140	0.000000	13.6
91	-0.194210	426.598440	0.000766	15.6
92	-0.352968	425.270849	0.002690	10.1
93	-0.207988	423.954220	0.001941	8.7
94	-0.179636	422.648404	0.001583	9.1
95	-0.002560	421.353259	0.000366	12.3
96	-0.006020	420.068643	0.000252	15.0
97	-0.000000	418.794419	0.000000	13.8
98	-0.000000	417.530451	0.000000	16.8
99	-0.000017	416.276604	0.000001	20.9
100	-0.000000	415.032748	0.000000	18.0
101	-0.004906	413.798754	0.000052	17.3
102	-0.364304	412.574495	0.002934	15.1
103	-0.332041	411.359849	0.001652	19.0
104	-0.045535	410.154691	0.000726	16.3
105	-0.092727	408.958904	0.000280	14.7
106	-0.000000	407.772368	0.000000	11.5
107	-0.107917	406.594968	0.001295	10.6
108	-0.000000	405.426590	0.000000	7.0
109	-0.029035	404.267122	0.000543	10.9
110	-0.087937	403.116456	0.001894	8.4
111	-0.103788	401.974481	0.001237	8.6
112	-0.000000	400.841093	0.000000	8.1
113	-0.000000	399.716187	0.000000	17.1
114	-0.000000	398.599660	0.000000	6.1
115	-0.000000	397.491411	0.000000	8.3
116	-0.362222	396.391342	0.003005	8.5
117	-0.353980	395.299353	0.003643	8.5
118	-0.586168	394.215350	0.002271	9.2
119	-0.217355	393.139238	0.002692	8.8
120	-0.160783	392.070924	0.002069	8.5
121	-0.012606	391.010316	0.000244	12.2
122	-0.037151	389.957325	0.000467	8.7
123	-0.003065	388.911862	0.000168	13.4
124	-0.346053	387.873839	0.002616	15.5
125	-0.218604	386.843173	0.001157	14.8
126	-0.000000	385.819777	0.000000	8.5
127	-0.033964	384.803569	0.001069	8.5
128	-0.286235	383.794468	0.002854	7.8
129	-0.040819	382.792393	0.000751	8.6
130	-0.002192	381.797264	0.000056	9.4
131	-0.000000	380.809005	0.000000	8.1
132	-0.000000	379.827537	0.000000	8.4
133	-0.006793	378.852786	0.000275	18.7
134	-0.000000	377.884678	0.000000	5.2
135	-0.426999	376.923138	0.002386	8.6
136	-0.280920	375.968095	0.001357	10.6
137	-0.014290	375.019479	0.000167	8.3
138	-0.000000	374.077218	0.000000	8.1
139	-0.016690	373.141244	0.000619	10.0
140	-0.000000	372.211489	0.000000	8.3
141	-0.000000	371.287887	0.000000	19.5
142	-0.003718	370.370370	0.000090	21.2
143	-0.520573	369.458876	0.001911	7.9
144	-0.428920	368.553338	0.001156	15.8
145	-0.000000	367.653696	0.000000	17.4
146	-0.361688	366.759885	0.002299	18.3
147	-0.000000	365.871846	0.000000	10.8
148	-0.233284	364.989518	0.002688	14.1
149	-0.000000	364.112841	0.000000	15.7
150	-0.000004	363.241757	0.000001	13.1
151	-0.344555	362.376208	0.003571	7.8
152	-0.355406	361.516137	0.002849	15.3
153	-0.130459	360.661488	0.004093	12.8
154	-0.373957	359.812206	0.003755	7.8
155	-0.005400	358.968236	0.000055	10.4
156	-0.131341	358.129524	0.002024	11.8
157	-0.147524	357.296018	0.001963	11.8
158	-0.202594	356.467665	0.002045	20.1
159	-0.071342	355.644414	0.001547	8.8
160	-0.000000	354.826213	0.000000	8.1
161	-0.099011	354.013012	0.006171	9.6
162	-0.272613	353.204763	0.002362	8.4
163	-0.000000	352.401415	0.000000	8.5
164	-0.157333	351.602922	0.001439	8.5
165	-0.231000	350.809235	0.001439	9.6
166	-0.233466	350.020308	0.003450	8.3
167	-0.504066	349.236095	0.001415	13.4
168	-0.006809	348.456550	0.000187	8.7
169	-0.188557	347.681627	0.001365	9.4
170	-0.221740	346.911283	0.001286	5.2
171	-0.052686	346.145474	0.001121	17.9
172	-0.002971	345.384157	0.000070	5.4
173	-0.045513	344.627288	0.000985	11.9
174	-0.000000	343.874826	0.000000	11.6
175	-0.000000	343.126729	0.000000	8.9
176	-0.004005	342.382957	0.000099	11.1
177	-0.007571	341.643469	0.000219	11.9
178	-0.000000	340.908224	0.000000	11.9
179	-0.004109	340.177184	0.000083	13.6
180	-0.055960	339.450309	0.000854	10.2
181	-0.585139	338.727561	0.001429	20.8
182	-0.136312	338.008902	0.001534	7.0
183	-0.059843	337.294295	0.000782	14.2
184	-0.000000	336.583703	0.000000	13.6
185	-0.026116	335.877089	0.000823	17.9
186	-0.000000	335.174416	0.000000	21.1
187	-0.011597	334.475651	0.000474	10.5
188	-0.488304	333.780756	0.004213	10.3
189	-0.394390	333.089698	0.002948	15.9
190	-0.000000	332.402443	0.000000	15.7
191	-0.121578	331.718955	0.001706	11.0
192	-0.000000	331.039203	0.000000	9.2
193	-0.432621	330.363153	0.002274	10.4
194	-0.120779	329.690771	0.000515	15.0
195	-0.000000	329.022027	0.000000	7.7
196	-0.285116	328.356888	0.004313	8.6
197	-0.342700	327.695322	0.002736	9.5
198	-0.000000	327.037299	0.000000	8.7
199	-0.376444	326.382787	0.002772	11.0
200	-0.390683	325.731758	0.003292	14.2
201	-0.000000	325.084179	0.000000	8.2
202	-0.374122	324.440023	0.000908	11.4
203	-0.006437	323.799258	0.000012	13.6
204	-0.450986	323.161858	0.002887	7.9
205	-0.000000	322.527792	0.000000	8.2
206	-0.262400	321.897034	0.003135	8.5
207	-0.480022	321.269554	0.002125	10.0
208	-0.511892	320.645325	0.002767	9.0
209	-0.000000	320.024320	0.000000	9.6
210	-0.158987	319.406512	0.002527	13.7
211	-0.000000	318.791875	0.000000	10.4
212	-0.055851	318.180381	0.000972	10.4
213	-0.000000	317.572005	0.000000	9.1
214	-0.000000	316.966721	0.000000	8.1
215	-0.024243	316.364504	0.000322	9.1
216	-0.000000	315.765329	0.000000	9.8
217	-0.000000	315.169170	0.000000	8.0
218	-0.000000	314.576003	0.000000	10.2
219	-0.000000	313.985804	0.000000	8.2
220	-0.014767	313.398548	0.000240	9.6
221	-0.000000	312.814213	0.000000	7.7
222	-0.383108	312.232773	0.002827	8.3
223	-0.000000	311.654207	0.000000	9.5
224	-0.000000	311.078491	0.000000	9.0
225	-0.000000	310.505602	0.000000	17.1
226	-0.056071	309.935518	0.000687	10.7
227	-0.000000	309.368217	0.000000	11.9
228	-0.000003	308.803676	0.000005	12.6
229	-0.144626	308.241874	0.001106	14.0
230	-0.481689	307.682789	0.002456	8.9
231	-0.168127	307.126400	0.005422	8.2
232	-0.007395	306.572687	0.000195	8.6
233	-0.141762	306.021627	0.000949	10.4
234	-0.001323	305.473201	0.000014	13.6
235	-0.223870	304.927388	0.001967	6.2
236	-0.000000	304.384168	0.000000	8.2
237	-0.361074	303.843521	0.002631	8.7
238	-0.070840	303.305427	0.001367	9.5
239	-0.014166	302.769867	0.000232	11.9
240	-0.119393	302.236821	0.000980	10.3
241	-0.000000	301.706270	0.000000	8.5
242	-0.380919	301.178196	0.003711	8.6
243	-0.427856	300.652580	0.002098	8.4
244	-0.003926	300.129402	0.000192	8.2
245	-0.000000	299.608645	0.000000	9.9
246	-0.024491	299.090291	0.000632	8.5
247	-0.005207	298.574321	0.000055	8.0
248	-0.000000	298.060718	0.000000	8.1
249	-0.000000	297.549465	0.000000	8.4
250	-0.239110	297.040543	0.001844	12.8
251	-0.348954	296.533936	0.000855	11.4
252	-0.485721	296.029626	0.004758	8.9
253	-0.000000	295.527597	0.000000	8.4
254	-0.000000	295.027832	0.000000	11.7
255	-0.019233	294.530315	0.000699	8.3
256	-0.000000	294.035028	0.000000	9.3
257	-0.458950	293.541956	0.002000	13.2
258	-0.049842	293.051083	0.000972	13.3
259	-0.000323	292.562393	0.000022	15.7
260	-0.037290	292.075870	0.000365	10.3
261	-0.000000	291.591498	0.000000	15.2
262	-0.000000	291.109263	0.000000	15.7
263	-0.506347	290.629149	0.001724	13.4
264	-0.264771	290.151140	0.002716	16.6
265	-0.000000	289.675222	0.000000	15.9
266	-0.196033	289.201380	0.003080	19.9
267	-0.409189	288.729600	0.001295	10.7
268	-0.000000	288.259866	0.000000	11.5
269	-0.000000	287.792165	0.000000	15.5
270	-0.273830	287.326481	0.002863	11.8
271	-0.188936	286.862802	0.001926	10.8
272	-0.236339	286.401113	0.000976	13.4
273	-0.019577	285.941400	0.000534	15.2
274	-0.053714	285.483649	0.000639	8.4
275	-0.381394	285.027847	0.004630	9.9
276	-0.383401	284.573981	0.003599	15.8
277	-0.322855	284.122037	0.001535	10.2
278	-0.357461	283.672002	0.004581	7.8
279	-0.000000	283.223863	0.000000	9.9
280	-0.000000	282.777607	0.000000	14.0
281	-0.017104	282.333221	0.000299	13.9
282	-0.003316	281.890692	0.000114	17.7
283	-0.339057	281.450008	0.002453	5.8
284	-0.306809	281.011157	0.003066	8.6
285	-0.122027	280.574125	0.002298	14.6
286	-0.009610	280.138901	0.000295	8.7
287	-0.019232	279.705473	0.000438	8.4
288	-0.163273	279.273829	0.002664	8.5
289	-0.000000	278.843956	0.000000	9.1
290	-0.168983	278.415844	0.004400	8.7
291	-0.252966	277.989479	0.001238	13.8
292	-0.000000	277.564851	0.000000	11.2
293	-0.010042	277.141949	0.000278	12.1
294	-0.003792	276.720761	0.000111	8.7
295	-0.395518	276.301275	0.003866	8.7
296	-0.178031	275.883480	0.001825	8.7
297	-0.008885	275.467366	0.000014	8.5
298	-0.153408	275.052922	0.001459	8.8
299	-0.023536	274.640136	0.000772	8.6
300	-0.000000	274.228998	0.000000	8.0
301	-0.068155	273.819497	0.001857	11.3
302	-0.000000	273.411623	0.000000	11.7
303	-0.102422	273.005365	0.000936	11.9
304	-0.000000	272.600712	0.000000	9.3
305	-0.218023	272.197655	0.001714	10.1
306	-0.258548	271.796184	0.004887	11.4
307	-0.559687	271.396287	0.002648	8.5
308	-0.000000	270.997956	0.000000	8.3
309	-0.007162	270.601180	0.000257	8.3
310	-0.000000	270.205949	0.000000	8.8
311	-0.000000	269.812254	0.000000	9.7
312	-0.012220	269.420085	0.000235	15.9
313	-0.000000	269.029432	0.000000	8.0
314	-0.000164	268.640287	0.000005	8.1
315	-0.311043	268.252638	0.002519	11.8
316	-0.033577	267.866478	0.002345	7.8
317	-0.235822	267.481796	0.001786	10.4
318	-0.045592	267.098584	0.000562	8.4
319	-0.098306	266.716833	0.001270	13.2
320	-0.000054	266.336533	0.000003	9.4
321	-0.481091	265.957676	0.001143	9.6
322	-0.524314	265.580253	0.001630	14.3
323	-0.000000	265.204254	0.000000	8.9
324	-0.396853	264.829672	0.003061	13.5
325	-0.002735	264.456497	0.000051	8.8
326	-0.000000	264.084721	0.000000	9.2
327	-0.000233	263.714335	0.000020	10.8
328	-0.000000	263.345332	0.000000	7.1
329	-0.136984	262.977702	0.001157	5.7
330	-0.417247	262.611438	0.002502	8.3
331	-0.000000	262.246531	0.000000	15.6
332	-0.000000	261.882973	0.000000	7.8
333	-0.000000	261.520756	0.000000	8.4
334	-0.030011	261.159871	0.000402	10.8
335	-0.003399	260.800312	0.000204	8.1
336	-0.000000	260.442070	0.000000	8.3
337	-0.010202	260.085137	0.000333	8.5
338	-0.000000	259.729505	0.000000	9.0
339	-0.000372	259.375167	0.000047	9.9
340	-0.000000	259.022116	0.000000	7.9
341	-0.000000	258.670343	0.000000	12.3
342	-0.023798	258.319841	0.000476	14.7
343	-0.000000	257.970602	0.000000	10.6
344	-0.041664	257.622620	0.000762	9.2
345	-0.000000	257.275887	0.000000	8.7
346	-0.000000	256.930396	0.000000	8.3
347	-0.501673	256.586139	0.001177	8.7
348	-0.000000	256.243109	0.000000	8.8
349	-0.077849	255.901300	0.001091	8.4
350	-0.165153	255.560703	0.001890	8.9
351	-0.000000	255.221313	0.000000	13.6
352	-0.043483	254.883122	0.001056	13.7
353	-0.145705	254.546124	0.001314	10.1
354	-0.000000	254.210311	0.000000	9.2
355	-0.000000	253.875677	0.000000	13.6
356	-0.092707	253.542215	0.001500	10.9
357	-0.209010	253.209918	0.002294	8.6
358	-0.000000	252.878781	0.000000	11.5
359	-0.044094	252.548795	0.000801	8.8
360	-0.386287	252.219956	0.003932	10.7
361	-0.056977	251.892255	0.002372	11.9
362	-0.048341	251.565688	0.000555	9.6
363	-0.194453	251.240247	0.001127	9.5
364	-0.355902	250.915926	0.002983	9.0
365	-0.086992	250.592720	0.000510	9.6
366	-0.000000	250.270621	0.000000	8.5
367	-0.437362	249.949624	0.004308	8.4
368	-0.000000	249.629723	0.000000	8.3
369	-0.000000	249.310911	0.000000	8.3
370	-0.339806	248.993182	0.002386	13.8
371	-0.000000	248.676531	0.000000	13.6
372	-0.040969	248.360952	0.000374	8.4
373	-0.000002	248.046438	0.000005	11.3
374	-0.000000	247.732984	0.000000	8.0
375	-0.016151	247.420584	0.001823	8.4
376	-0.082913	247.109233	0.001612	10.1
377	-0.154639	246.798924	0.001870	13.5
378	-0.284884	246.489652	0.001863	8.0
379	-0.002055	246.181412	0.000130	12.0
380	-0.044705	245.874197	0.000430	14.4
381	-0.459123	245.568002	0.003128	13.2
382	-0.000000	245.262822	0.000000	8.3
383	-0.486884	244.958652	0.003214	13.9
384	-0.000000	244.655485	0.000000	8.3
385	-0.141308	244.353317	0.001399	8.6
386	-0.000000	244.052142	0.000000	8.7
387	-0.231830	243.751955	0.002243	14.1
388	-0.469267	243.452750	0.002887	17.3
389	-0.134216	243.154523	0.001306	12.1
390	-0.038929	242.857268	0.000122	13.0
391	-0.008805	242.560980	0.000116	12.3
392	-0.000000	242.265654	0.000000	11.9
393	-0.276638	241.971285	0.001486	9.1
394	-0.000000	241.677868	0.000000	9.8
395	-0.119556	241.385397	0.002390	16.5
396	-0.057634	241.093869	0.000315	17.4
397	-0.167038	240.803278	0.001691	14.7
398	-0.024397	240.513619	0.000298	13.9
399	-0.000000	240.224887	0.000000	12.6
400	-0.018452	239.937077	0.000901	11.7
401	-0.007481	239.650186	0.000220	15.8
402	-0.028519	239.364207	0.000562	15.4
403	-0.244276	239.079136	0.001770	14.2
404	-0.001978	238.794969	0.000071	13.5
405	-0.103530	238.511701	0.000833	12.3
406	-0.031890	238.229327	0.000699	13.4
407	-0.457186	237.947843	0.003168	13.3
408	-0.353100	237.667244	0.002569	15.5
409	-0.000000	237.387526	0.000000	17.8
410	-0.000000	237.108684	0.000000	15.9
411	-0.054332	236.830714	0.000753	10.1
412	-0.389909	236.553610	0.003876	15.4
413	-0.168365	236.277370	0.002175	9.5
414	-0.391506	236.001989	0.003080	12.5
415	-0.000000	235.727461	0.000000	14.9
416	-0.000746	235.453784	0.000069	16.1
417	-0.014488	235.180952	0.000216	18.9
418	-0.073203	234.908962	0.001100	11.5
419	-0.346671	234.637809	0.004274	11.7
420	-0.017882	234.367488	0.000085	11.3
421	-0.106712	234.097997	0.001287	8.0
422	-0.228100	233.829331	0.003227	10.8
423	-0.000000	233.561485	0.000000	14.8
424	-0.000000	233.294456	0.000000	10.2
425	-0.022923	233.028239	0.000354	10.8
426	-0.158009	232.762831	0.001668	10.3
427	-0.000000	232.498228	0.000000	12.2
428	-0.000000	232.234425	0.000000	7.8
429	-0.000000	231.971419	0.000000	7.9
430	-0.000002	231.709205	0.000000	8.0
431	-0.261189	231.447781	0.001051	8.3
432	-0.000000	231.187141	0.000000	8.0
433	-0.000000	230.927283	0.000000	8.3
434	-0.174442	230.668202	0.001317	9.7
435	-0.416714	230.409895	0.003127	9.0
436	-0.520549	230.152358	0.001430	11.7
437	-0.000000	229.895587	0.000000	15.9
438	-0.000000	229.639578	0.000000	5.1
439	-0.021945	229.384329	0.000686	7.9
440	-0.214634	229.129834	0.001984	13.9
441	-0.010649	228.876091	0.000159	11.0
442	-0.113154	228.623096	0.001058	8.5
443	-0.079460	228.370846	0.003732	9.7
444	-0.000000	228.119336	0.000000	11.2
445	-0.182365	227.868563	0.001095	8.1
446	-0.000000	227.618525	0.000000	13.1
447	-0.052163	227.369216	0.001436	13.1
448	-0.032077	227.120635	0.000623	13.4
449	-0.000000	226.872777	0.000000	11.6
450	-0.000000	226.625638	0.000000	13.3
451	-0.000000	226.379217	0.000000	7.9
452	-0.265921	226.133509	0.000605	9.1
453	-0.007820	225.888510	0.000065	8.6
454	-0.039400	225.644218	0.000593	14.4
455	-0.036099	225.400630	0.000439	9.2
456	-0.000000	225.157741	0.000000	8.0
457	-0.102071	224.915549	0.001508	12.7
458	-0.349143	224.674051	0.002242	8.1
459	-0.209347	224.433242	0.002304	8.2
460	-0.036510	224.193121	0.000421	9.8
461	-0.148108	223.953684	0.001109	8.3
462	-0.002858	223.714927	0.000005	9.3
463	-0.000000	223.476848	0.000000	7.9
464	-0.186742	223.239444	0.006190	10.7
465	-0.253479	223.002710	0.002055	7.3
466	-0.222125	222.766645	0.002442	14.6
467	-0.000000	222.531245	0.000000	15.6
468	-0.000162	222.296508	0.000017	5.9
469	-0.015812	222.062429	0.000260	11.9
470	-0.000001	221.829007	0.000000	8.7
471	-0.578662	221.596238	0.001478	8.7
472	-0.000000	221.364119	0.000000	12.1
473	-0.009907	221.132647	0.000410	11.7
474	-0.342362	220.901820	0.000770	12.0
475	-0.121315	220.671634	0.000762	8.3
476	-0.166514	220.442086	0.000777	8.3
477	-0.068307	220.213174	0.001170	8.5
478	-0.000000	219.984895	0.000000	8.5
479	-0.000000	219.757246	0.000000	8.2
480	-0.000000	219.530224	0.000000	8.5
481	-0.043196	219.303826	0.000386	10.5
482	-0.008710	219.078050	0.000325	8.8
483	-0.333695	218.852893	0.001584	8.6
484	-0.013911	218.628352	0.000422	8.7
485	-0.000000	218.404424	0.000000	10.4
486	-0.000000	218.181106	0.000000	10.0
487	-0.000000	217.958397	0.000000	13.5
488	-0.000001	217.736292	0.000000	8.6
489	-0.043456	217.514790	0.000372	8.5
490	-0.382865	217.293888	0.002064	8.9
491	-0.000000	217.073584	0.000000	11.8
492	-0.014244	216.853873	0.000242	9.3
493	-0.000000	216.634755	0.000000	10.5
494	-0.000000	216.416227	0.000000	13.0
495	-0.356677	216.198285	0.003377	12.9
496	-0.000000	215.980927	0.000000	8.1
497	-0.000000	215.764151	0.000000	8.4
498	-0.000000	215.547955	0.000000	8.3
499	-0.000000	215.332335	0.000000	8.1
500	-0.127049	215.117289	0.001503	8.3
501	-0.009233	214.902815	0.000256	9.9
502	-0.000000	214.688911	0.000000	8.7
503	-0.000000	214.475573	0.000000	8.3
504	-0.012245	214.262800	0.000264	12.6
505	-0.046727	214.050588	0.000507	13.8
506	-0.080228	213.838936	0.000550	9.3
507	-0.000000	213.627842	0.000000	15.6
508	-0.000000	213.417302	0.000000	5.7
509	-0.000008	213.207314	0.000000	10.9
510	-0.361816	212.997877	0.002924	8.4
511	-0.276667	212.788987	0.001633	8.5
512	-0.517193	212.580642	0.001594	10.4
513	-0.407140	212.372841	0.001914	8.3
514	-0.000000	212.165581	0.000000	13.8
515	-0.191557	211.958859	0.001196	13.6
516	-0.000000	211.752673	0.000000	8.3
517	-0.240776	211.547021	0.002143	11.3
518	-0.000000	211.341902	0.000000	11.6
519	-0.000000	211.137311	0.000000	9.1
520	-0.377999	210.933248	0.003014	13.8
521	-0.422413	210.729710	0.002398	8.7
522	-0.000000	210.526695	0.000000	8.3
523	-0.000000	210.324200	0.000000	12.1
524	-0.000000	210.122224	0.000000	11.2
525	-0.000000	209.920765	0.000000	9.5
526	-0.026122	209.719820	0.000988	11.8
527	-0.340263	209.519387	0.002813	8.3
528	-0.000000	209.319463	0.000000	8.5
529	-0.205562	209.120048	0.001721	8.2
530	-0.150780	208.921139	0.001494	10.7
531	-0.000000	208.722733	0.000000	12.3
532	-0.390019	208.524829	0.002540	13.6
533	-0.000000	208.327425	0.000000	8.5
534	-0.000000	208.130518	0.000000	8.4
535	-0.032848	207.934107	0.000450	8.6
536	-0.011116	207.738189	0.000283	8.4
537	-0.000000	207.542762	0.000000	13.6
538	-0.024511	207.347825	0.000665	8.2
539	-0.000000	207.153376	0.000000	8.4
540	-0.255718	206.959412	0.000631	8.5
541	-0.000000	206.765932	0.000000	3.8
542	-0.028577	206.572933	0.000277	14.2
543	-0.019859	206.380414	0.000332	10.3
544	-0.000000	206.188373	0.000000	13.7
545	-0.003144	205.996807	0.000093	14.1
546	-0.557054	205.805716	0.002199	8.3
547	-0.031100	205.615096	0.000568	9.6
548	-0.003121	205.424946	0.000047	12.0
549	-0.035697	205.235265	0.000516	8.3
550	-0.183283	205.046050	0.002120	9.5
551	-0.000000	204.857299	0.000000	13.9
552	-0.416909	204.669011	0.000973	8.5
553	-0.000000	204.481184	0.000000	9.7
554	-0.111149	204.293816	0.001529	8.8
555	-0.000000	204.106905	0.000000	11.7
556	-0.266202	203.920449	0.002469	8.9
557	-0.000000	203.734447	0.000000	8.1
558	-0.000000	203.548896	0.000000	8.5
559	-0.000000	203.363795	0.000000	8.2
560	-0.315171	203.179143	0.002980	8.2
561	-0.246165	202.994937	0.001212	9.9
562	-0.000000	202.811176	0.000000	11.8
563	-0.000000	202.627857	0.000000	9.1
564	-0.050624	202.444980	0.000425	15.0
565	-0.000000	202.262543	0.000000	8.6
566	-0.000000	202.080543	0.000000	9.1
567	-0.434711	201.898979	0.003347	12.6
568	-0.013423	201.717849	0.000193	9.0
569	-0.030660	201.537153	0.000439	9.8
570	-0.399775	201.356887	0.003149	8.1
571	-0.082380	201.177050	0.001519	14.0
572	-0.008813	200.997642	0.000215	12.2
573	-0.000000	200.818659	0.000000	8.5
574	-0.008968	200.640100	0.000281	15.1
575	-0.027176	200.461965	0.000875	8.5
576	-0.594377	200.284250	0.001474	8.6
577	-0.000196	200.106955	0.000051	9.8
578	-0.000000	199.930078	0.000000	16.6
579	-0.064824	199.753617	0.000910	8.1
580	-0.000000	199.577571	0.000000	11.8
581	-0.024842	199.401938	0.000268	9.8
582	-0.000001	199.226717	0.000000	8.2
583	-0.000000	199.051905	0.000000	9.7
584	-0.514576	198.877502	0.003632	12.1
585	-0.025953	198.703506	0.000739	7.5
586	-0.000000	198.529916	0.000000	8.0
587	-0.000000	198.356729	0.000000	8.4
588	-0.000000	198.183944	0.000000	8.5
589	-0.113483	198.011560	0.000979	8.7
590	-0.000000	197.839576	0.000000	8.7
591	-0.468541	197.667989	0.001327	13.7
592	-0.000000	197.496798	0.000000	8.5
593	-0.000000	197.326002	0.000000	10.4
594	-0.348705	197.155600	0.003514	8.4
595	-0.101228	196.985589	0.001495	8.6
596	-0.332127	196.815969	0.001377	8.3
597	-0.033881	196.646738	0.000497	8.3
598	-0.000000	196.477894	0.000000	9.0
599	-0.000000	196.309436	0.000000	12.7
600	-0.436060	196.141363	0.003429	9.1
601	-0.086947	195.973673	0.000741	9.7
602	-0.588578	195.806365	0.001834	18.8
603	-0.550631	195.639437	0.004294	5.8
604	-0.424798	195.472888	0.000941	10.4
605	-0.007390	195.306717	0.000082	9.5
606	-0.000000	195.140922	0.000000	9.5
607	-0.000000	194.975501	0.000000	17.4
608	-0.433023	194.810454	0.003144	11.0
609	-0.152005	194.645779	0.001780	8.8
610	-0.074863	194.481475	0.000900	15.6
611	-0.305423	194.317540	0.001163	6.5
612	-0.552638	194.153973	0.002323	8.6
613	-0.443937	193.990773	0.001294	10.5
614	-0.016342	193.827938	0.000364	10.9
615	-0.051765	193.665467	0.000589	8.7
616	-0.327294	193.503358	0.002821	8.8
617	-0.341068	193.341611	0.000674	8.5
618	-0.313207	193.180224	0.001350	8.2
619	-0.000000	193.019196	0.000000	8.2
620	-0.125386	192.858525	0.002461	12.9
621	-0.411527	192.698210	0.003235	11.1
622	-0.007173	192.538251	0.000179	11.7
623	-0.006851	192.378644	0.000186	12.0
624	-0.062720	192.219391	0.000828	11.9
625	-0.000000	192.060488	0.000000	8.0
626	-0.216054	191.901935	0.001107	8.6
627	-0.309402	191.743730	0.001818	10.7
628	-0.004055	191.585873	0.000080	8.3
629	-0.000000	191.428362	0.000000	8.8
630	-0.154439	191.271196	0.000881	13.9
631	-0.021904	191.114374	0.000422	8.7
632	-0.001001	190.957893	0.000044	8.2
633	-0.000000	190.801755	0.000000	8.4
634	-0.020021	190.645956	0.000495	9.5
635	-0.000000	190.490495	0.000000	9.9
636	-0.217944	190.335373	0.003754	8.4
637	-0.029716	190.180587	0.000316	8.5
638	-0.000000	190.026136	0.000000	8.5
639	-0.000000	189.872019	0.000000	8.6
640	-0.000000	189.718235	0.000000	8.3
641	-0.438357	189.564782	0.001964	11.6
642	-0.000000	189.411661	0.000000	9.2
643	-0.000032	189.258868	0.000001	9.7
644	-0.021845	189.106404	0.000915	13.9
645	-0.000000	188.954267	0.000000	9.6
646	-0.000000	188.802456	0.000000	13.4
647	-0.000000	188.650969	0.000000	8.1
648	-0.146883	188.499807	0.001664	12.5
649	-0.344521	188.348967	0.002281	6.1
650	-0.034040	188.198448	0.000750	11.8
651	-0.087339	188.048250	0.002860	10.8
652	-0.001576	187.898371	0.000026	14.0
653	-0.000000	187.748810	0.000000	16.7
654	-0.000000	187.599566	0.000000	13.8
655	-0.000000	187.450638	0.000000	17.3
656	-0.027691	187.302025	0.000481	12.1
657	-0.192435	187.153725	0.001167	15.4
658	-0.527496	187.005739	0.001408	6.9
659	-0.000000	186.858064	0.000000	8.8
660	-0.000000	186.710699	0.000000	19.1
661	-0.420677	186.563645	0.002482	4.2
662	-0.000000	186.416898	0.000000	12.8
663	-0.021462	186.270459	0.000428	8.8
664	-0.000000	186.124326	0.000000	8.8
665	-0.000000	185.978499	0.000000	8.7
666	-0.044730	185.832976	0.000405	13.4
667	-0.413767	185.687756	0.001222	11.2
668	-0.025376	185.542838	0.000356	9.8
669	-0.017145	185.398222	0.000268	11.1
670	-0.169929	185.253906	0.001597	8.5
671	-0.022006	185.109889	0.000116	13.2
672	-0.000068	184.966170	0.000021	8.1
673	-0.000000	184.822748	0.000000	8.3
674	-0.007517	184.679623	0.000114	8.7
675	-0.397078	184.536792	0.004272	8.6
676	-0.000000	184.394256	0.000000	14.0
677	-0.090309	184.252013	0.002434	8.9
678	-0.066127	184.110062	0.000866	8.1
679	-0.000000	183.968403	0.000000	9.5
680	-0.000000	183.827034	0.000000	12.9
681	-0.049758	183.685954	0.000687	9.5
682	-0.004435	183.545163	0.000033	8.5
683	-0.403368	183.404658	0.001791	8.5
684	-0.491010	183.264441	0.004893	9.5
685	-0.008190	183.124509	0.000195	8.1
686	-0.427049	182.984861	0.001116	11.0
687	-0.012170	182.845497	0.000114	9.1
688	-0.006961	182.706416	0.000260	8.7
689	-0.149760	182.567616	0.000924	8.7
690	-0.298980	182.429098	0.000732	10.2
691	-0.335302	182.290859	0.003552	11.2
692	-0.028217	182.152899	0.000456	8.8
693	-0.458838	182.015217	0.002610	8.6
694	-0.070431	181.877813	0.000341	9.0
695	-0.018830	181.740684	0.000029	9.1
696	-0.000000	181.603832	0.000000	9.1
697	-0.246834	181.467253	0.002122	14.8
698	-0.000000	181.330948	0.000000	10.8
699	-0.000000	181.194916	0.000000	8.1
700	-0.417825	181.059155	0.002516	12.8
701	-0.006254	180.923666	0.000243	11.7
702	-0.350977	180.788446	0.002539	8.4
703	-0.000000	180.653496	0.000000	11.5
704	-0.000795	180.518814	0.000066	12.6
705	-0.139028	180.384399	0.001017	13.5
706	-0.000173	180.250251	0.000007	9.7
707	-0.212750	180.116369	0.005311	8.5
708	-0.478445	179.982752	0.001155	8.4
709	-0.002160	179.849398	0.000075	8.3
710	-0.239774	179.716308	0.002011	9.6
711	-0.000000	179.583480	0.000000	8.2
712	-0.000000	179.450913	0.000000	8.6
713	-0.000000	179.318607	0.000000	9.0
714	-0.294483	179.186561	0.003653	8.0
715	-0.041063	179.054774	0.000680	9.8
716	-0.001647	178.923245	0.000003	12.8
717	-0.000000	178.791973	0.000000	13.6
718	-0.060043	178.660958	0.001407	8.5
719	-0.000000	178.530199	0.000000	9.5
720	-0.018137	178.399694	0.000440	11.7
721	-0.371383	178.269444	0.003048	14.0
722	-0.214221	178.139447	0.001794	8.4
723	-0.182045	178.009702	0.001932	8.5
724	-0.526300	177.880209	0.002200	8.6
725	-0.548387	177.750967	0.001842	11.8
726	-0.196569	177.621975	0.001257	15.5
727	-0.000000	177.493232	0.000000	6.8
728	-0.022329	177.364738	0.000507	8.9
729	-0.000000	177.236492	0.000000	9.2
730	-0.000000	177.108492	0.000000	13.5
731	-0.029703	176.980739	0.000493	8.5
732	-0.084220	176.853231	0.001338	8.4
733	-0.000001	176.725968	0.000000	8.3
734	-0.253427	176.598949	0.000629	8.5
735	-0.000000	176.472173	0.000000	10.6
736	-0.000000	176.345639	0.000000	12.2
737	-0.451352	176.219348	0.004598	11.4
738	-0.468128	176.093296	0.002940	7.9
739	-0.016495	175.967486	0.000241	8.4
740	-0.016531	175.841914	0.001015	15.7
741	-0.075115	175.716581	0.001314	11.6
742	-0.007471	175.591486	0.000200	8.2
743	-0.075114	175.466629	0.000932	12.1
744	-0.163086	175.342008	0.001753	12.6
745	-0.064233	175.217622	0.000766	8.5
746	-0.107144	175.093472	0.000994	9.0
747	-0.000000	174.969556	0.000000	9.7
748	-0.111175	174.845873	0.001165	8.1
749	-0.082940	174.722423	0.001673	8.9
750	-0.135340	174.599206	0.001611	8.6
751	-0.000000	174.476220	0.000000	9.0
752	-0.000000	174.353464	0.000000	10.0
753	-0.241730	174.230939	0.001966	8.8
754	-0.002449	174.108643	0.000180	9.7
755	-0.187420	173.986576	0.001781	10.2
756	-0.117445	173.864737	0.002863	10.3
757	-0.416992	173.743124	0.001066	10.1
758	-0.000000	173.621739	0.000000	8.1
759	-0.000000	173.500579	0.000000	11.3
760	-0.000839	173.379645	0.000057	15.9
761	-0.460942	173.258935	0.002848	8.3
762	-0.040252	173.138449	0.000626	8.5
763	-0.000000	173.018186	0.000000	8.6
764	-0.032577	172.898146	0.000799	8.3
765	-0.000000	172.778327	0.000000	10.1
766	-0.189205	172.658730	0.003327	9.5
767	-0.167958	172.539353	0.002037	8.5
768	-0.060076	172.420196	0.001318	8.8
769	-0.000000	172.301258	0.000000	8.8
770	-0.000000	172.182539	0.000000	5.7
771	-0.486783	172.064037	0.003006	13.8
772	-0.000000	171.945753	0.000000	5.7
773	-0.000000	171.827686	0.000000	8.0
774	-0.151963	171.709834	0.000483	12.2
775	-0.038061	171.592198	0.000430	10.4
776	-0.266026	171.474776	0.002344	7.4
777	-0.000000	171.357568	0.000000	8.0
778	-0.009007	171.240574	0.000268	8.7
779	-0.000000	171.123793	0.000000	8.1
780	-0.006263	171.007223	0.000260	13.5
781	-0.206454	170.890865	0.002214	12.5
782	-0.101893	170.774718	0.000649	9.6
783	-0.000000	170.658782	0.000000	11.8
784	-0.000000	170.543055	0.000000	8.2
785	-0.000000	170.427537	0.000000	11.5
786	-0.022294	170.312227	0.000376	16.1
787	-0.025951	170.197125	0.000421	8.9
788	-0.082085	170.082231	0.000210	8.2
789	-0.044815	169.967543	0.001133	8.7
790	-0.280689	169.853061	0.000872	9.7
791	-0.220056	169.738784	0.004394	12.0
792	-0.000000	169.624713	0.000000	15.8
793	-0.101513	169.510845	0.000817	21.2
794	-0.144191	169.397181	0.002419	14.5
795	-0.028396	169.283720	0.000494	13.5
796	-0.514090	169.170462	0.003074	13.0
797	-0.189699	169.057405	0.002229	11.2
798	-0.393527	168.944549	0.002364	18.4
799	-0.335594	168.831895	0.001531	9.2
800	-0.359570	168.719440	0.002530	9.7
801	-0.010895	168.607185	0.000277	9.0
802	-0.003110	168.495129	0.000139	9.9
803	-0.506698	168.383271	0.004423	7.8
804	-0.397937	168.271611	0.002016	8.5
805	-0.378728	168.160148	0.001984	8.3
806	-0.020377	168.048882	0.000903	10.6
807	-0.085669	167.937812	0.001258	11.9
808	-0.046217	167.826938	0.000544	13.2
809	-0.000000	167.716258	0.000000	11.2
810	-0.303807	167.605773	0.002141	18.5
811	-0.000000	167.495482	0.000000	9.1
812	-0.000000	167.385384	0.000000	13.7
813	-0.000000	167.275479	0.000000	15.5
814	-0.296300	167.165766	0.001966	12.1
815	-0.219973	167.056245	0.001876	13.5
816	-0.123005	166.946915	0.000677	14.8
817	-0.081422	166.837776	0.001897	13.9
818	-0.000000	166.728826	0.000000	14.5
819	-0.312628	166.620067	0.002807	13.7
820	-0.000000	166.511496	0.000000	10.9
821	-0.145280	166.403113	0.001254	13.6
822	-0.041572	166.294919	0.000882	9.1
823	-0.280466	166.186912	0.001788	10.5
824	-0.023096	166.079091	0.000417	11.7
825	-0.489238	165.971458	0.001008	8.9
826	-0.000000	165.864009	0.000000	8.5
827	-0.000000	165.756747	0.000000	8.3
828	-0.004065	165.649669	0.000159	9.9
829	-0.000000	165.542775	0.000000	8.1
830	-0.000000	165.436065	0.000000	11.7
831	-0.002287	165.329538	0.000027	9.1
832	-0.000000	165.223194	0.000000	10.9
833	-0.035681	165.117032	0.000219	8.1
834	-0.002571	165.011052	0.000102	9.4
835	-0.044559	164.905253	0.000562	14.0
836	-0.439250	164.799635	0.002529	10.1
837	-0.000000	164.694197	0.000000	8.1
838	-0.314801	164.588939	0.001850	9.8
839	-0.182757	164.483859	0.001701	10.3
840	-0.000000	164.378959	0.000000	10.7
841	-0.198677	164.274237	0.002618	8.4
842	-0.068144	164.169692	0.000811	11.0
843	-0.201861	164.065325	0.000452	13.6
844	-0.010014	163.961135	0.000295	13.6
845	-0.218360	163.857120	0.001319	8.3
846	-0.000000	163.753282	0.000000	10.9
847	-0.250721	163.649619	0.000890	14.0
848	-0.000095	163.546130	0.000003	8.5
849	-0.000000	163.442816	0.000000	13.5
850	-0.162182	163.339676	0.001575	9.2
851	-0.000000	163.236709	0.000000	8.5
852	-0.286134	163.133915	0.001986	8.2
853	-0.038792	163.031294	0.000738	8.7
854	-0.000000	162.928844	0.000000	13.4
855	-0.000000	162.826566	0.000000	11.1
856	-0.004294	162.724459	0.000103	7.9
857	-0.050685	162.622523	0.001307	11.5
858	-0.272237	162.520757	0.002722	7.9
859	-0.008014	162.419160	0.000263	9.1
860	-0.244097	162.317733	0.003317	18.3
861	-0.070032	162.216474	0.000811	5.0
862	-0.002725	162.115383	0.000046	8.7
863	-0.133882	162.014461	0.001048	11.8
864	-0.013464	161.913705	0.000331	13.6
865	-0.030309	161.813117	0.000383	15.2
866	-0.284766	161.712695	0.003213	8.0
867	-0.339635	161.612439	0.002527	8.0
868	-0.554848	161.512349	0.003272	10.7
869	-0.019205	161.412424	0.000182	10.1
870	-0.418962	161.312663	0.003905	8.2
871	-0.009603	161.213067	0.000257	8.6
872	-0.351355	161.113635	0.002542	9.1
873	-0.033424	161.014366	0.000566	14.0
874	-0.000157	160.915260	0.000045	9.9
875	-0.331694	160.816316	0.004899	7.6
876	-0.000000	160.717535	0.000000	8.0
877	-0.016609	160.618915	0.000677	8.4
878	-0.216027	160.520456	0.001341	9.1
879	-0.002797	160.422158	0.000123	8.7
880	-0.000003	160.324021	0.000001	8.3
881	-0.021164	160.226043	0.000365	8.3
882	-0.000000	160.128225	0.000000	8.3
883	-0.204167	160.030566	0.005062	11.2
884	-0.246279	159.933066	0.001393	9.4
885	-0.000000	159.835723	0.000000	10.5
886	-0.036153	159.738539	0.000361	9.8
887	-0.000000	159.641512	0.000000	9.0
888	-0.190705	159.544642	0.001991	9.4
889	-0.000000	159.447929	0.000000	8.3
890	-0.201459	159.351372	0.001941	13.6
891	-0.000000	159.254971	0.000000	10.7
892	-0.021552	159.158725	0.000737	17.7
893	-0.003861	159.062634	0.000210	11.8
894	-0.000011	158.966697	0.000000	13.2
895	-0.138458	158.870915	0.001959	9.5
896	-0.000000	158.775286	0.000000	8.8
897	-0.251417	158.679811	0.002295	13.1
898	-0.040515	158.584489	0.000763	8.3
899	-0.310268	158.489319	0.003307	8.5
900	-0.000000	158.394302	0.000000	8.3
901	-0.067629	158.299436	0.000494	8.4
902	-0.584327	158.204721	0.001531	14.6
903	-0.001817	158.110158	0.000145	7.7
904	-0.000000	158.015745	0.000000	8.6
905	-0.000000	157.921482	0.000000	8.3
906	-0.000000	157.827369	0.000000	9.0
907	-0.073349	157.733406	0.000973	9.2
908	-0.008311	157.639591	0.000438	14.0
909	-0.411867	157.545925	0.004660	8.9
910	-0.176114	157.452408	0.001151	8.5
911	-0.161245	157.359038	0.001289	8.3
912	-0.000000	157.265816	0.000000	10.1
913	-0.002483	157.172741	0.000025	9.5
914	-0.117960	157.079813	0.001940	8.5
915	-0.071486	156.987031	0.000526	8.6
916	-0.126617	156.894395	0.001142	8.9
917	-0.000000	156.801904	0.000000	8.7
918	-0.000000	156.709559	0.000000	11.3
919	-0.373557	156.617359	0.002985	8.2
920	-0.062604	156.525304	0.001245	8.6
921	-0.062378	156.433392	0.000507	8.7
922	-0.041237	156.341624	0.000209	8.1
923	-0.000000	156.250000	0.000000	13.8
924	-0.000000	156.158519	0.000000	10.0
925	-0.000000	156.067180	0.000000	8.0
926	-0.000000	155.975984	0.000000	9.1
927	-0.354321	155.884930	0.003432	8.3
928	-0.039647	155.794017	0.000349	9.0
929	-0.385056	155.703246	0.003365	13.6
930	-0.003837	155.612615	0.000217	11.1
931	-0.540145	155.522125	0.001764	8.5
932	-0.000353	155.431775	0.000015	8.7
933	-0.009800	155.341565	0.000296	12.3
934	-0.030685	155.251495	0.000623	8.4
935	-0.058935	155.161563	0.001715	7.9
936	-0.446481	155.071771	0.001526	8.0
937	-0.000000	154.982117	0.000000	8.4
938	-0.135720	154.892601	0.003116	8.3
939	-0.004682	154.803222	0.000215	8.4
940	-0.061274	154.713981	0.000481	9.2
941	-0.452985	154.624878	0.001899	13.6
942	-0.000000	154.535910	0.000000	8.3
943	-0.019312	154.447080	0.000348	9.0
944	-0.213554	154.358385	0.000799	10.6
945	-0.017950	154.269826	0.000248	10.3
946	-0.006235	154.181402	0.000058	13.8
947	-0.000000	154.093114	0.000000	12.4
948	-0.000048	154.004960	0.000008	11.3
949	-0.011627	153.916940	0.000256	12.0
950	-0.012583	153.829054	0.000467	8.6
951	-0.058057	153.741303	0.000665	11.3
952	-0.369899	153.653684	0.004917	8.4
953	-0.319792	153.566198	0.002882	11.6
954	-0.014229	153.478846	0.000340	8.1
955	-0.000000	153.391625	0.000000	8.3
956	-0.256546	153.304537	0.002376	8.5
957	-0.000000	153.217580	0.000000	9.3
958	-0.000000	153.130755	0.000000	9.1
959	-0.561294	153.044061	0.004469	8.3
960	-0.000022	152.957498	0.000002	7.9
961	-0.000000	152.871065	0.000000	7.0
962	-0.496614	152.784762	0.003453	5.0
963	-0.000000	152.698589	0.000000	12.9
964	-0.079835	152.612545	0.000902	10.0
965	-0.000000	152.526631	0.000000	8.9
966	-0.000000	152.440845	0.000000	8.3
967	-0.455589	152.355188	0.002280	8.3
968	-0.017440	152.269660	0.000339	8.6
969	-0.000000	152.184259	0.000000	8.1
970	-0.272780	152.098986	0.002759	8.7
971	-0.358392	152.013840	0.003161	8.9
972	-0.104854	151.928821	0.001182	13.1
973	-0.176757	151.843928	0.001655	8.3
974	-0.012717	151.759163	0.000193	15.8
975	-0.000000	151.674523	0.000000	9.0
976	-0.000000	151.590009	0.000000	8.7
977	-0.001863	151.505620	0.000101	8.7
978	-0.007536	151.421357	0.000331	8.3
979	-0.000000	151.337218	0.000000	8.3
980	-0.000000	151.253204	0.000000	8.8
981	-0.423326	151.169314	0.001393	8.8
982	-0.274702	151.085549	0.002023	8.6
983	-0.267040	151.001907	0.002363	9.0
984	-0.000000	150.918388	0.000000	8.3
985	-0.000000	150.834992	0.000000	14.2
986	-0.002251	150.751719	0.000136	11.8
987	-0.341915	150.668569	0.004240	8.6
988	-0.008997	150.585541	0.000226	8.9
989	-0.000000	150.502634	0.000000	8.1
990	-0.000000	150.419849	0.000000	15.3
991	-0.001904	150.337186	0.000003	12.5
992	-0.098586	150.254644	0.000852	8.3
993	-0.000000	150.172222	0.000000	11.6
994	-0.115338	150.089921	0.008368	12.0
995	-0.004537	150.007740	0.000103	14.6
996	-0.000000	149.925679	0.000000	8.3
997	-0.097507	149.843737	0.002337	12.4
998	-0.000000	149.761915	0.000000	10.5
999	-0.000000	149.680212	0.000000	11.5
1000	-0.324270	149.598627	0.004243	10.3
1001	-0.160778	149.517161	0.001550	8.6
1002	-0.000000	149.435814	0.000000	13.9
1003	-0.024682	149.354584	0.000654	13.3
1004	-0.279354	149.273472	0.001726	8.3
1005	-0.000000	149.192477	0.000000	8.1
1006	-0.040049	149.111599	0.000164	8.6
1007	-0.000000	149.030838	0.000000	8.2
1008	-0.076848	148.950194	0.001609	8.7
1009	-0.000000	148.869666	0.000000	8.3
1010	-0.000000	148.789253	0.000000	13.1
1011	-0.365482	148.708957	0.003351	8.4
1012	-0.472440	148.628776	0.002631	15.9
1013	-0.000000	148.548710	0.000000	20.3
1014	-0.069589	148.468759	0.001236	13.7
1015	-0.138393	148.388923	0.001423	15.3
1016	-0.064030	148.309201	0.001847	14.6
1017	-0.000000	148.229594	0.000000	10.8
1018	-0.123698	148.150100	0.000878	14.5
1019	-0.151311	148.070719	0.001985	10.0
1020	-0.002368	147.991452	0.000088	14.6
1021	-0.000000	147.912298	0.000000	16.0
1022	-0.106769	147.833257	0.001777	15.3
1023	-0.013433	147.754329	0.000280	20.3
1024	-0.042434	147.675512	0.000644	16.3
1025	-0.000000	147.596808	0.000000	13.2
1026	-0.518504	147.518216	0.002891	15.8
1027	-0.023446	147.439735	0.000573	16.8
1028	-0.067159	147.361365	0.000433	10.0
1029	-0.057524	147.283106	0.000960	8.8
1030	-0.012162	147.204958	0.000343	10.1
1031	-0.343917	147.126920	0.001468	7.9
1032	-0.003122	147.048993	0.000089	9.1
1033	-0.000130	146.971175	0.000043	9.7
1034	-0.123158	146.893468	0.002185	8.3
1035	-0.000000	146.815869	0.000000	16.6
1036	-0.271061	146.738380	0.002473	7.9
1037	-0.000005	146.661000	0.000000	10.9
1038	-0.001858	146.583729	0.000034	8.5
1039	-0.202928	146.506566	0.001981	11.5
1040	-0.310707	146.429511	0.002290	11.6
1041	-0.000004	146.352565	0.000000	14.1
1042	-0.521131	146.275726	0.003101	17.4
1043	-0.000000	146.198994	0.000000	17.7
1044	-0.014027	146.122370	0.000337	8.4
1045	-0.000000	146.045853	0.000000	14.0
1046	-0.000005	145.969442	0.000001	15.5
1047	-0.002156	145.893139	0.000058	11.9
1048	-0.041887	145.816941	0.000737	16.0
1049	-0.044401	145.740849	0.000875	16.3
1050	-0.000000	145.664863	0.000000	19.7
1051	-0.526963	145.588983	0.003080	4.2
1052	-0.000000	145.513208	0.000000	14.9
1053	-0.000000	145.437538	0.000000	15.7
1054	-0.409306	145.361973	0.003338	12.0
1055	-0.068109	145.286513	0.001890	13.4
1056	-0.000000	145.211157	0.000000	8.3
1057	-0.058180	145.135905	0.001202	13.6
1058	-0.000000	145.060757	0.000000	16.5
1059	-0.000000	144.985712	0.000000	15.0
1060	-0.005472	144.910771	0.000087	14.8
1061	-0.016480	144.835934	0.000300	14.5
1062	-0.060400	144.761199	0.000980	7.8
1063	-0.013319	144.686567	0.000276	15.1
1064	-0.443814	144.612037	0.005186	10.4
1065	-0.429083	144.537610	0.002288	16.1
1066	-0.062558	144.463285	0.000615	12.9
1067	-0.000000	144.389062	0.000000	12.3
1068	-0.167369	144.314940	0.001593	8.4
1069	-0.272722	144.240920	0.002227	8.6
1070	-0.352931	144.167001	0.002401	13.3
1071	-0.511346	144.093182	0.001418	11.7
1072	-0.000032	144.019465	0.000002	12.0
1073	-0.507996	143.945848	0.002579	11.8
1074	-0.000004	143.872331	0.000000	17.1
1075	-0.088988	143.798914	0.000857	14.1
1076	-0.228798	143.725597	0.002873	15.7
1077	-0.015935	143.652380	0.000429	11.0
1078	-0.000000	143.579262	0.000000	15.3
1079	-0.303718	143.506243	0.002862	18.6
1080	-0.026975	143.433323	0.000284	9.9
1081	-0.000000	143.360502	0.000000	16.2
1082	-0.351054	143.287780	0.002727	10.6
1083	-0.000031	143.215155	0.000003	14.8
1084	-0.097204	143.142629	0.002197	8.3
1085	-0.506574	143.070201	0.002816	10.3
1086	-0.027781	142.997870	0.000522	17.8
1087	-0.080580	142.925637	0.000238	7.9
1088	-0.002044	142.853501	0.000078	12.4
1089	-0.009287	142.781462	0.001386	11.9
1090	-0.392465	142.709519	0.001232	8.8
1091	-0.150549	142.637674	0.001382	9.9
1092	-0.413795	142.565924	0.003567	7.2
1093	-0.000000	142.494271	0.000000	9.7
1094	-0.005541	142.422714	0.000146	9.6
1095	-0.293589	142.351252	0.003109	8.3
1096	-0.076629	142.279886	0.001851	10.2
1097	-0.000000	142.208616	0.000000	9.0
1098	-0.005915	142.137440	0.000098	11.9
1099	-0.354809	142.066360	0.002253	8.1
1100	-0.029220	141.995374	0.000406	10.0
1101	-0.000000	141.924483	0.000000	13.8
1102	-0.013968	141.853685	0.000164	14.3
1103	-0.199453	141.782983	0.001157	11.7
1104	-0.205155	141.712373	0.001176	14.4
1105	-0.068380	141.641858	0.000802	9.9
1106	-0.000000	141.571436	0.000000	12.9
1107	-0.560161	141.501108	0.001554	8.7
1108	-0.219847	141.430872	0.001793	10.0
1109	-0.371173	141.360730	0.002994	11.9
1110	-0.499945	141.290680	0.001355	6.1
1111	-0.108903	141.220722	0.001734	8.7
1112	-0.008076	141.150857	0.000216	8.2
1113	-0.001389	141.081084	0.000079	9.5
1114	-0.092406	141.011403	0.000767	8.6
1115	-0.000000	140.941813	0.000000	11.3
1116	-0.096637	140.872315	0.001320	13.8
1117	-0.000000	140.802909	0.000000	16.6
1118	-0.000000	140.733593	0.000000	17.1
1119	-0.000000	140.664369	0.000000	16.1
1120	-0.000000	140.595235	0.000000	11.6
1121	-0.000000	140.526192	0.000000	14.1
1122	-0.016461	140.457239	0.000423	13.8
1123	-0.000000	140.388376	0.000000	15.9
1124	-0.198403	140.319603	0.001927	22.6
1125	-0.000000	140.250920	0.000000	10.4
1126	-0.000001	140.182326	0.000000	20.6
1127	-0.000000	140.113822	0.000000	12.4
1128	-0.001944	140.045407	0.000180	14.4
1129	-0.175506	139.977081	0.001753	13.2
1130	-0.189009	139.908844	0.003892	12.8
1131	-0.000000	139.840696	0.000000	5.9
1132	-0.000000	139.772635	0.000000	10.5
1133	-0.213032	139.704664	0.002319	8.4
1134	-0.053971	139.636780	0.000901	8.4
1135	-0.046048	139.568984	0.000703	8.8
1136	-0.000001	139.501276	0.000002	16.0
1137	-0.485762	139.433655	0.003506	9.2
1138	-0.013502	139.366122	0.000398	12.2
1139	-0.174674	139.298676	0.000398	11.6
1140	-0.000000	139.231317	0.000000	8.4
1141	-0.002116	139.164045	0.000047	8.3
1142	-0.000000	139.096859	0.000000	8.3
1143	-0.000000	139.029760	0.000000	8.2
1144	-0.000000	138.962747	0.000000	10.3
1145	-0.209498	138.895820	0.001168	12.0
1146	-0.004514	138.828978	0.000314	8.3
1147	-0.426416	138.762223	0.002125	8.7
1148	-0.401995	138.695553	0.002569	10.4
1149	-0.356769	138.628969	0.003360	15.9
1150	-0.000000	138.562469	0.000000	8.3
1151	-0.274043	138.496055	0.003427	10.1
1152	-0.000000	138.429725	0.000000	9.1
1153	-0.000000	138.363481	0.000000	8.4
1154	-0.095227	138.297320	0.001545	9.0
1155	-0.052584	138.231244	0.000934	8.9
1156	-0.082956	138.165252	0.004628	13.1
1157	-0.000000	138.099344	0.000000	8.1
1158	-0.000000	138.033520	0.000000	11.8
1159	-0.035125	137.967779	0.000698	13.3
1160	-0.000000	137.902122	0.000000	6.8
1161	-0.040997	137.836548	0.001119	8.5
1162	-0.132030	137.771057	0.001177	12.1
1163	-0.425342	137.705649	0.002487	9.3
1164	-0.006224	137.640324	0.000119	8.5
1165	-0.502889	137.575081	0.003206	8.6
1166	-0.115645	137.509921	0.001054	9.0
1167	-0.003858	137.444842	0.000192	8.1
1168	-0.000000	137.379846	0.000000	12.2
1169	-0.025654	137.314932	0.000435	8.4
1170	-0.064685	137.250100	0.000403	9.3
1171	-0.457008	137.185349	0.002327	10.5
1172	-0.000000	137.120680	0.000000	14.8
1173	-0.078943	137.056092	0.001350	11.9
1174	-0.002782	136.991585	0.000132	20.5
1175	-0.000000	136.927158	0.000000	9.7
1176	-0.014348	136.862813	0.000755	14.0
1177	-0.000000	136.798548	0.000000	11.8
1178	-0.000000	136.734363	0.000000	14.8
1179	-0.000000	136.670259	0.000000	14.2
1180	-0.000000	136.606235	0.000000	15.2
1181	-0.000000	136.542291	0.000000	10.1
1182	-0.015450	136.478426	0.000337	13.9
1183	-0.020715	136.414641	0.000523	12.6
1184	-0.014256	136.350936	0.000264	10.6
1185	-0.000000	136.287310	0.000000	9.1
1186	-0.048144	136.223763	0.000708	8.5
1187	-0.179369	136.160295	0.001224	9.2
1188	-0.045909	136.096905	0.000595	8.3
1189	-0.469722	136.033594	0.003861	4.1
1190	-0.047355	135.970362	0.000360	12.4
1191	-0.000320	135.907208	0.000000	10.0
1192	-0.000000	135.844133	0.000000	9.3
1193	-0.000000	135.781135	0.000000	9.4
1194	-0.178063	135.718215	0.000989	10.9
1195	-0.000000	135.655373	0.000000	8.6
1196	-0.000000	135.592608	0.000000	11.1
1197	-0.002464	135.529921	0.000126	5.3
1198	-0.088366	135.467311	0.000910	7.2
1199	-0.426156	135.404778	0.003747	5.8
1200	-0.076467	135.342322	0.000785	9.3
1201	-0.000000	135.279942	0.000000	9.6
1202	-0.000000	135.217640	0.000000	8.7
1203	-0.018975	135.155413	0.000509	8.4
1204	-0.167003	135.093263	0.001639	12.3
1205	-0.111052	135.031190	0.000638	11.9
1206	-0.000000	134.969192	0.000000	10.2
1207	-0.442435	134.907270	0.002773	8.2
1208	-0.284410	134.845424	0.001878	13.2
1209	-0.490834	134.783653	0.002671	8.2
1210	-0.007116	134.721958	0.000162	9.3
1211	-0.268241	134.660338	0.002585	8.1
1212	-0.447902	134.598793	0.002404	13.7
1213	-0.268179	134.537323	0.001270	21.6
1214	-0.076706	134.475927	0.000250	11.6
1215	-0.251868	134.414607	0.005052	16.4
1216	-0.029345	134.353361	0.000807	16.0
1217	-0.065603	134.292189	0.001023	14.6
1218	-0.011092	134.231092	0.000310	18.1
1219	-0.036485	134.170068	0.000626	17.8
1220	-0.100906	134.109119	0.000907	28.1
1221	-0.445917	134.048243	0.002067	16.6
1222	-0.056723	133.987441	0.000755	18.7
1223	-0.039088	133.926713	0.000557	18.9
1224	-0.045720	133.866057	0.000649	15.9
1225	-0.175592	133.805475	0.001447	19.8
1226	-0.007038	133.744966	0.000300	11.9
1227	-0.198606	133.684530	0.001552	14.6
1228	-0.247740	133.624167	0.002237	13.3
1229	-0.008797	133.563877	0.000369	14.8
1230	-0.412700	133.503658	0.001912	12.8
1231	-0.000000	133.443513	0.000000	17.7
1232	-0.000000	133.383439	0.000000	15.1
1233	-0.112741	133.323437	0.000912	13.0
1234	-0.000000	133.263508	0.000000	16.6
1235	-0.000000	133.203650	0.000000	12.5
1236	-0.000000	133.143864	0.000000	15.7
1237	-0.109930	133.084149	0.002187	14.0
1238	-0.028926	133.024506	0.000953	10.8
1239	-0.272440	132.964934	0.002344	14.2
1240	-0.430747	132.905433	0.004647	13.8
1241	-0.160710	132.846003	0.002882	15.5
1242	-0.000000	132.786643	0.000000	13.8
1243	-0.044506	132.727355	0.000643	14.1
1244	-0.003394	132.668137	0.000123	10.0
1245	-0.445112	132.608989	0.004374	15.3
1246	-0.025780	132.549912	0.000323	18.3
1247	-0.129458	132.490904	0.001846	16.8
1248	-0.037301	132.431967	0.000676	12.4
1249	-0.333540	132.373100	0.002980	22.3
1250	-0.000000	132.314302	0.000000	19.1
1251	-0.227266	132.255574	0.003141	14.1
1252	-0.000000	132.196916	0.000000	15.6
1253	-0.000000	132.138326	0.000000	24.2
1254	-0.013332	132.079806	0.000259	11.0
1255	-0.007269	132.021355	0.000169	18.3
1256	-0.000000	131.962973	0.000000	18.4
1257	-0.329087	131.904660	0.001216	12.6
1258	-0.074530	131.846415	0.000243	17.9
1259	-0.002102	131.788239	0.000026	11.9
1260	-0.095906	131.730131	0.001728	12.9
1261	-0.000197	131.672092	0.000014	17.2
1262	-0.323570	131.614121	0.003374	14.6
1263	-0.000000	131.556217	0.000000	14.0
1264	-0.189925	131.498382	0.001759	14.8
1265	-0.265281	131.440614	0.002116	7.0
1266	-0.047179	131.382914	0.000575	20.1
1267	-0.089875	131.325282	0.001966	15.1
1268	-0.019977	131.267717	0.000427	13.7
1269	-0.122064	131.210219	0.001204	16.7
1270	-0.000000	131.152788	0.000000	14.2
1271	-0.000000	131.095424	0.000000	18.7
1272	-0.000123	131.038127	0.000025	18.7
1273	-0.308314	130.980897	0.001962	15.1
1274	-0.204003	130.923733	0.002074	23.2
1275	-0.000000	130.866636	0.000000	12.1
1276	-0.347709	130.809605	0.001508	15.8
1277	-0.013931	130.752641	0.000501	17.6
1278	-0.257363	130.695742	0.002322	15.8
1279	-0.177366	130.638910	0.001351	14.8
1280	-0.336490	130.582143	0.002211	11.4
1281	-0.436018	130.525442	0.003038	16.2
1282	-0.152563	130.468807	0.001645	11.5
1283	-0.377974	130.412237	0.000664	8.6
1284	-0.000000	130.355733	0.000000	8.1
1285	-0.038001	130.299294	0.000905	8.4
1286	-0.011790	130.242920	0.000223	9.2
1287	-0.160603	130.186611	0.001050	8.6
1288	-0.000000	130.130366	0.000000	8.0
1289	-0.025214	130.074187	0.000784	8.4
1290	-0.214365	130.018072	0.002555	12.2
1291	-0.015742	129.962022	0.000050	11.9
1292	-0.212561	129.906036	0.001197	12.1
1293	-0.057573	129.850114	0.000954	12.4
1294	-0.007759	129.794257	0.000344	16.1
1295	-0.000006	129.738463	0.000001	9.8
1296	-0.231870	129.682734	0.001925	8.3
1297	-0.000000	129.627068	0.000000	13.8
1298	-0.520650	129.571466	0.002343	16.1
1299	-0.089422	129.515927	0.001344	17.7
1300	-0.029783	129.460452	0.000290	14.5
1301	-0.000000	129.405040	0.000000	13.7
1302	-0.327692	129.349692	0.004245	8.2
1303	-0.001723	129.294406	0.000114	11.9
1304	-0.000000	129.239183	0.000000	11.7
1305	-0.000000	129.184024	0.000000	16.1
1306	-0.154988	129.128927	0.001788	19.6
1307	-0.218764	129.073892	0.001853	14.3
1308	-0.000000	129.018921	0.000000	14.1
1309	-0.000000	128.964011	0.000000	14.2
1310	-0.138026	128.909164	0.001187	9.6
1311	-0.162752	128.854379	0.000999	15.7
1312	-0.228781	128.799656	0.001930	15.4
1313	-0.048325	128.744995	0.000667	16.8
1314	-0.008424	128.690396	0.000204	15.5
1315	-0.000000	128.635858	0.000000	12.8
1316	-0.054387	128.581382	0.000266	13.1
1317	-0.029194	128.526968	0.000097	14.0
1318	-0.000000	128.472615	0.000000	8.2
1319	-0.069173	128.418323	0.002295	12.5
1320	-0.000000	128.364092	0.000000	14.1
1321	-0.111891	128.309922	0.002605	11.8
1322	-0.166583	128.255814	0.001224	13.7
1323	-0.369380	128.201766	0.002281	7.5
1324	-0.112983	128.147778	0.000590	12.2
1325	-0.241677	128.093852	0.001995	11.5
1326	-0.000000	128.039985	0.000000	10.1
1327	-0.000000	127.986180	0.000000	8.8
1328	-0.005653	127.932434	0.000181	9.0
1329	-0.050635	127.878749	0.000564	11.1
1330	-0.150373	127.825123	0.002068	10.9
1331	-0.000000	127.771558	0.000000	9.8
1332	-0.017937	127.718052	0.000375	8.5
1333	-0.000134	127.664606	0.000099	8.7
1334	-0.339475	127.611220	0.000870	8.4
1335	-0.153382	127.557893	0.001775	7.8
1336	-0.589300	127.504625	0.000898	8.6
1337	-0.187154	127.451417	0.000492	8.4
1338	-0.448048	127.398268	0.002296	14.8
1339	-0.012168	127.345178	0.000623	17.4
1340	-0.233069	127.292147	0.003099	17.2
1341	-0.002918	127.239175	0.000100	13.6
1342	-0.000000	127.186261	0.000000	8.0
1343	-0.000000	127.133407	0.000000	8.4
1344	-0.000000	127.080610	0.000000	8.6
1345	-0.000000	127.027872	0.000000	8.5
1346	-0.362355	126.975193	0.002329	8.7
1347	-0.002300	126.922572	0.000091	9.1
1348	-0.000000	126.870008	0.000000	14.0
1349	-0.000000	126.817503	0.000000	10.6
1350	-0.086611	126.765056	0.000658	13.3
1351	-0.024983	126.712667	0.000411	10.5
1352	-0.000071	126.660335	0.000027	9.7
1353	-0.000000	126.608061	0.000000	12.9
1354	-0.029023	126.555844	0.000458	14.0
1355	-0.016503	126.503685	0.000127	13.5
1356	-0.000000	126.451583	0.000000	16.8
1357	-0.015891	126.399538	0.000351	11.9
1358	-0.426626	126.347550	0.002367	16.3
1359	-0.021848	126.295619	0.000323	9.8
1360	-0.225102	126.243745	0.001497	16.6
1361	-0.000000	126.191928	0.000000	13.4
1362	-0.000000	126.140168	0.000000	11.2
1363	-0.379357	126.088464	0.004131	17.2
1364	-0.000000	126.036817	0.000000	8.7
1365	-0.006244	125.985226	0.000236	9.7
1366	-0.000000	125.933691	0.000000	13.9
1367	-0.448344	125.882212	0.003108	8.5
1368	-0.000000	125.830790	0.000000	9.6
1369	-0.000000	125.779423	0.000000	11.7
1370	-0.438949	125.728113	0.002001	14.9
1371	-0.024464	125.676858	0.000615	17.1
1372	-0.109760	125.625659	0.001056	14.9
1373	-0.090610	125.574515	0.001795	15.6
1374	-0.090766	125.523427	0.001568	21.4
1375	-0.262079	125.472394	0.000642	10.7
1376	-0.000000	125.421417	0.000000	18.9
1377	-0.121375	125.370495	0.001520	15.1
1378	-0.000000	125.319628	0.000000	11.8
1379	-0.000000	125.268815	0.000000	20.0
1380	-0.000000	125.218058	0.000000	7.0
1381	-0.028864	125.167356	0.000521	13.1
1382	-0.408778	125.116708	0.002284	13.6
1383	-0.106198	125.066115	0.000925	12.7
1384	-0.000000	125.015576	0.000000	15.0
1385	-0.000000	124.965092	0.000000	14.1
1386	-0.111402	124.914662	0.001844	10.9
1387	-0.384175	124.864287	0.003511	11.4
1388	-0.000000	124.813965	0.000000	13.5
1389	-0.099514	124.763698	0.001577	16.8
1390	-0.000000	124.713485	0.000000	12.4
1391	-0.000000	124.663325	0.000000	14.2
1392	-0.000000	124.613219	0.000000	14.0
1393	-0.527586	124.563167	0.004963	8.9
1394	-0.000000	124.513168	0.000000	13.6
1395	-0.000000	124.463223	0.000000	8.3
1396	-0.000000	124.413332	0.000000	9.1
1397	-0.280416	124.363493	0.000983	10.2
1398	-0.261662	124.313708	0.002522	15.6
1399	-0.000000	124.263976	0.000000	6.9
1400	-0.000000	124.214297	0.000000	11.7
1401	-0.049025	124.164671	0.002123	9.6
1402	-0.000000	124.115097	0.000000	8.6
1403	-0.013861	124.065577	0.000185	8.8
1404	-0.104335	124.016109	0.000803	8.3
1405	-0.000000	123.966693	0.000000	8.5
1406	-0.042456	123.917330	0.000511	11.6
1407	-0.022623	123.868020	0.000329	11.9
1408	-0.445654	123.818762	0.003275	8.7
1409	-0.243639	123.769556	0.002757	11.3
1410	-0.122041	123.720402	0.003080	14.1
1411	-0.279076	123.671300	0.001500	13.6
1412	-0.000000	123.622250	0.000000	9.8
1413	-0.378292	123.573252	0.001495	10.2
1414	-0.167816	123.524305	0.001119	8.1
1415	-0.456758	123.475411	0.002420	11.5
1416	-0.000313	123.426568	0.000041	11.8
1417	-0.000000	123.377776	0.000000	8.4
1418	-0.000000	123.329036	0.000000	10.7
1419	-0.247844	123.280347	0.004190	13.9
1420	-0.000000	123.231709	0.000000	10.1
1421	-0.244229	123.183122	0.002549	10.6
1422	-0.013088	123.134587	0.000342	10.3
1423	-0.108842	123.086102	0.000235	9.1
1424	-0.000000	123.037669	0.000000	9.0
1425	-0.000000	122.989286	0.000000	8.5
1426	-0.008150	122.940954	0.000173	8.4
1427	-0.000000	122.892672	0.000000	8.1
1428	-0.330781	122.844441	0.003692	9.1
1429	-0.557168	122.796261	0.001961	13.8
1430	-0.049867	122.748130	0.001406	12.1
1431	-0.000000	122.700050	0.000000	8.0
1432	-0.179959	122.652021	0.002271	8.6
1433	-0.000000	122.604041	0.000000	9.0
1434	-0.096156	122.556111	0.000719	8.2
1435	-0.045624	122.508232	0.001757	8.3
1436	-0.000113	122.460402	0.000002	8.5
1437	-0.265854	122.412622	0.002346	8.9
1438	-0.453213	122.364891	0.001177	9.4
1439	-0.170921	122.317210	0.000912	8.3
1440	-0.117937	122.269579	0.002451	16.2
1441	-0.014197	122.221997	0.000137	12.6
1442	-0.000000	122.174465	0.000000	9.4
1443	-0.000000	122.126981	0.000000	8.1
1444	-0.008177	122.079547	0.000071	9.1
1445	-0.161614	122.032162	0.000730	8.6
1446	-0.000000	121.984826	0.000000	8.0
1447	-0.440252	121.937539	0.003679	8.5
1448	-0.001818	121.890301	0.000068	8.4
1449	-0.000023	121.843112	0.000019	8.7
1450	-0.016171	121.795971	0.000072	15.3
1451	-0.006791	121.748879	0.000126	12.5
1452	-0.000000	121.701835	0.000000	8.4
1453	-0.000000	121.654840	0.000000	8.1
1454	-0.013823	121.607893	0.000225	8.3
1455	-0.115503	121.560994	0.000615	8.3
1456	-0.094731	121.514144	0.002225	14.7
1457	-0.000322	121.467342	0.000011	7.7
1458	-0.000000	121.420588	0.000000	13.9
1459	-0.172695	121.373882	0.000685	14.1
1460	-0.129564	121.327223	0.001239	14.6
1461	-0.000000	121.280613	0.000000	12.5
1462	-0.068630	121.234050	0.000936	13.5
1463	-0.033407	121.187535	0.000515	9.0
1464	-0.004031	121.141067	0.000321	8.5
1465	-0.208819	121.094647	0.001548	12.4
1466	-0.352190	121.048274	0.002577	12.2
1467	-0.392877	121.001949	0.002822	11.7
1468	-0.389057	120.955671	0.001922	11.9
1469	-0.020904	120.909440	0.000629	15.4
1470	-0.173766	120.863256	0.001597	9.7
1471	-0.000000	120.817119	0.000000	9.3
1472	-0.000000	120.771029	0.000000	8.9
1473	-0.010644	120.724986	0.000273	8.6
1474	-0.000000	120.678990	0.000000	8.5
1475	-0.033617	120.633040	0.000093	8.3
1476	-0.194998	120.587137	0.001775	8.5
1477	-0.000000	120.541281	0.000000	11.7
1478	-0.052635	120.495471	0.000921	14.3
1479	-0.059553	120.449707	0.001642	9.9
1480	-0.384980	120.403990	0.002120	9.0
1481	-0.536419	120.358319	0.001143	8.3
1482	-0.490199	120.312694	0.003287	8.5
1483	-0.000000	120.267115	0.000000	8.2
1484	-0.281653	120.221582	0.002265	8.6
1485	-0.000000	120.176096	0.000000	9.0
1486	-0.189417	120.130655	0.001249	17.7
1487	-0.043535	120.085260	0.000719	10.2
1488	-0.019750	120.039910	0.001259	8.5
1489	-0.103673	119.994606	0.001183	9.7
1490	-0.060147	119.949348	0.002133	8.5
1491	-0.000005	119.904135	0.000011	8.5
1492	-0.485018	119.858968	0.003312	8.6
1493	-0.048313	119.813846	0.001189	9.5
1494	-0.035019	119.768769	0.000389	8.4
1495	-0.200086	119.723738	0.001301	8.4
1496	-0.044199	119.678752	0.000913	8.9
1497	-0.199458	119.633810	0.003680	18.3
1498	-0.191021	119.588914	0.001178	6.7
1499	-0.000000	119.544062	0.000000	12.6
1500	-0.000000	119.499256	0.000000	8.9
1501	-0.167125	119.454494	0.000855	8.8
1502	-0.043558	119.409777	0.000865	14.1
1503	-0.067261	119.365104	0.001425	8.6
1504	-0.000000	119.320476	0.000000	9.2
1505	-0.470218	119.275893	0.004110	9.0
1506	-0.007772	119.231353	0.000269	9.2
1507	-0.032545	119.186859	0.000277	9.4
1508	-0.112265	119.142408	0.001092	14.9
1509	-0.038106	119.098002	0.000643	8.1
1510	-0.025585	119.053639	0.000690	8.8
1511	-0.000000	119.009321	0.000000	8.3
1512	-0.020201	118.965047	0.000431	13.7
1513	-0.148554	118.920816	0.001517	13.1
1514	-0.000000	118.876630	0.000000	8.3
1515	-0.027319	118.832487	0.001369	9.8
1516	-0.176913	118.788388	0.001736	11.8
1517	-0.419432	118.744332	0.001854	12.1
1518	-0.336237	118.700320	0.002917	8.2
1519	-0.000000	118.656352	0.000000	10.9
1520	-0.301359	118.612427	0.002027	8.8
1521	-0.265966	118.568545	0.001421	9.4
1522	-0.027360	118.524706	0.000578	8.4
1523	-0.000000	118.480911	0.000000	9.1
1524	-0.020939	118.437159	0.000242	8.0
1525	-0.051782	118.393450	0.000481	18.9
1526	-0.000000	118.349784	0.000000	12.3
1527	-0.018339	118.306160	0.000544	12.0
1528	-0.000000	118.262580	0.000000	11.0
1529	-0.012933	118.219042	0.000281	9.6
1530	-0.000000	118.175548	0.000000	8.4
1531	-0.008057	118.132095	0.000060	8.3
1532	-0.290939	118.088686	0.003269	8.6
1533	-0.441350	118.045319	0.002435	9.1
1534	-0.049298	118.001994	0.000540	8.5
1535	-0.151775	117.958712	0.002207	12.7
1536	-0.035962	117.915472	0.000682	14.5
1537	-0.139929	117.872274	0.002425	10.2
1538	-0.012106	117.829118	0.000284	9.7
1539	-0.230040	117.786005	0.001548	8.2
1540	-0.112502	117.742933	0.001031	8.5
1541	-0.378409	117.699904	0.000911	8.3
1542	-0.207693	117.656916	0.002021	13.4
1543	-0.000000	117.613971	0.000000	8.5
1544	-0.017565	117.571067	0.000632	8.7
1545	-0.192531	117.528205	0.001670	12.9
1546	-0.228100	117.485384	0.001904	9.2
1547	-0.000000	117.442605	0.000000	8.8
1548	-0.078583	117.399867	0.000829	8.8
1549	-0.193118	117.357171	0.002269	8.5
1550	-0.158831	117.314517	0.001485	8.2
1551	-0.013171	117.271903	0.000118	8.3
1552	-0.000000	117.229331	0.000000	8.3
1553	-0.025231	117.186800	0.000360	8.5
1554	-0.009276	117.144311	0.000227	12.0
1555	-0.000000	117.101862	0.000000	8.4
1556	-0.000000	117.059454	0.000000	8.6
1557	-0.004829	117.017087	0.000133	13.2
1558	-0.386308	116.974762	0.004406	10.6
1559	-0.011588	116.932476	0.000151	13.3
1560	-0.317026	116.890232	0.003136	14.2
1561	-0.571243	116.848028	0.001209	8.7
1562	-0.000000	116.805865	0.000000	8.1
1563	-0.140076	116.763743	0.001824	8.5
1564	-0.000000	116.721661	0.000000	8.0
1565	-0.003952	116.679619	0.000106	8.3
1566	-0.090125	116.637618	0.000929	8.6
1567	-0.000000	116.595657	0.000000	11.9
1568	-0.454710	116.553736	0.002327	10.1
1569	-0.011400	116.511855	0.000295	8.5
1570	-0.000000	116.470015	0.000000	13.5
1571	-0.420029	116.428214	0.002858	7.0
1572	-0.154751	116.386454	0.001462	7.8
1573	-0.000000	116.344733	0.000000	5.2
1574	-0.000000	116.303052	0.000000	9.0
1575	-0.000000	116.261412	0.000000	7.8
1576	-0.461972	116.219810	0.003361	11.8
1577	-0.006130	116.178249	0.000123	11.7
1578	-0.000000	116.136727	0.000000	15.7
1579	-0.000000	116.095245	0.000000	7.3
1580	-0.000000	116.053802	0.000000	7.3
1581	-0.000000	116.012398	0.000000	8.3
1582	-0.478340	115.971034	0.001192	8.2
1583	-0.000000	115.929710	0.000000	9.7
1584	-0.084662	115.888424	0.001298	8.8
1585	-0.000000	115.847178	0.000000	12.4
1586	-0.000000	115.805970	0.000000	19.0
1587	-0.000000	115.764802	0.000000	4.9
1588	-0.016301	115.723673	0.000407	8.6
1589	-0.046548	115.682583	0.000648	9.2
1590	-0.030587	115.641532	0.000480	14.0
1591	-0.000000	115.600519	0.000000	8.3
1592	-0.029045	115.559546	0.000438	8.4
1593	-0.538485	115.518610	0.002005	8.5
1594	-0.000006	115.477714	0.000002	8.1
1595	-0.348818	115.436856	0.002262	8.4
1596	-0.000000	115.396037	0.000000	17.4
1597	-0.215729	115.355256	0.001303	12.1
1598	-0.525840	115.314514	0.001870	8.4
1599	-0.497319	115.273810	0.002520	9.0
1600	-0.000000	115.233144	0.000000	9.0
1601	-0.000000	115.192517	0.000000	11.8
1602	-0.035090	115.151927	0.000850	7.9
1603	-0.000000	115.111376	0.000000	9.3
1604	-0.203154	115.070863	0.001719	13.6
1605	-0.007715	115.030388	0.000205	15.6
1606	-0.042145	114.989951	0.001284	9.2
1607	-0.040706	114.949551	0.000547	9.0
1608	-0.003412	114.909190	0.000148	8.1
1609	-0.587665	114.868866	0.002041	8.5
1610	-0.014623	114.828580	0.000093	11.3
1611	-0.275966	114.788332	0.002322	13.6
1612	-0.000000	114.748121	0.000000	7.6
1613	-0.000000	114.707948	0.000000	8.6
1614	-0.151304	114.667812	0.000805	13.5
1615	-0.418725	114.627714	0.004482	10.6
1616	-0.000000	114.587653	0.000000	17.4
1617	-0.000000	114.547629	0.000000	13.8
1618	-0.025022	114.507643	0.000596	4.8
1619	-0.264487	114.467693	0.001402	8.9
1620	-0.462435	114.427781	0.004297	12.2
1621	-0.339504	114.387907	0.001072	8.2
1622	-0.000000	114.348069	0.000000	8.3
1623	-0.447390	114.308268	0.002736	13.4
1624	-0.353782	114.268504	0.002427	9.6
1625	-0.072168	114.228777	0.000118	11.3
1626	-0.210656	114.189086	0.000508	8.8
1627	-0.073161	114.149433	0.001248	11.6
1628	-0.000000	114.109816	0.000000	14.7
1629	-0.083215	114.070235	0.000395	6.3
1630	-0.000000	114.030692	0.000000	7.9
1631	-0.000000	113.991185	0.000000	8.0
1632	-0.024188	113.951714	0.000526	8.3
1633	-0.000000	113.912280	0.000000	15.3
1634	-0.269216	113.872882	0.001713	9.4
1635	-0.000000	113.833521	0.000000	9.0
1636	-0.525935	113.794195	0.001620	11.0
1637	-0.056484	113.754906	0.002572	8.4
1638	-0.030662	113.715653	0.001426	8.8
1639	-0.000000	113.676437	0.000000	8.3
1640	-0.109299	113.637256	0.001102	10.2
1641	-0.121073	113.598111	0.000477	8.1
1642	-0.482629	113.559002	0.001300	8.2
1643	-0.392616	113.519929	0.002931	8.2
1644	-0.000000	113.480892	0.000000	13.3
1645	-0.498551	113.441891	0.002431	8.4
1646	-0.000000	113.402925	0.000000	8.5
1647	-0.000000	113.363995	0.000000	8.1
1648	-0.000000	113.325101	0.000000	8.1
1649	-0.274891	113.286242	0.002892	12.5
1650	-0.000000	113.247419	0.000000	8.8
1651	-0.099391	113.208631	0.000964	8.7
1652	-0.338126	113.169879	0.003476	8.5
1653	-0.197982	113.131162	0.001903	9.7
1654	-0.000000	113.092480	0.000000	13.5
1655	-0.091680	113.053833	0.001344	15.3
1656	-0.000000	113.015222	0.000000	10.7
1657	-0.493223	112.976646	0.001692	10.9
1658	-0.000000	112.938105	0.000000	9.3
1659	-0.000000	112.899599	0.000000	7.9
1660	-0.264046	112.861128	0.000926	8.3
1661	-0.000000	112.822692	0.000000	8.0
1662	-0.046602	112.784291	0.000147	9.0
1663	-0.247492	112.745924	0.004860	14.5
1664	-0.000000	112.707593	0.000000	11.6
1665	-0.001473	112.669296	0.000053	11.5
1666	-0.137630	112.631034	0.001069	8.5
1667	-0.000000	112.592806	0.000000	8.6
1668	-0.168621	112.554613	0.001930	8.8
1669	-0.005795	112.516455	0.000123	9.2
1670	-0.042423	112.478331	0.000899	8.1
1671	-0.508540	112.440241	0.002838	12.3
1672	-0.000000	112.402186	0.000000	8.1
1673	-0.345376	112.364165	0.002626	9.1
1674	-0.088342	112.326179	0.001550	17.4
1675	-0.509978	112.288227	0.003207	18.2
1676	-0.016416	112.250309	0.000565	10.3
1677	-0.011784	112.212425	0.000226	8.3
1678	-0.012296	112.174575	0.000366	8.2
1679	-0.000000	112.136759	0.000000	11.4
1680	-0.000000	112.098977	0.000000	8.0
1681	-0.000000	112.061229	0.000000	8.3
1682	-0.000000	112.023515	0.000000	11.3
1683	-0.026514	111.985834	0.000393	15.7
1684	-0.000000	111.948188	0.000000	8.4
1685	-0.000000	111.910575	0.000000	9.3
1686	-0.238787	111.872996	0.001185	9.9
1687	-0.012625	111.835450	0.000237	12.1
1688	-0.000000	111.797939	0.000000	8.1
1689	-0.000000	111.760460	0.000000	9.2
1690	-0.000000	111.723015	0.000000	8.1
1691	-0.308099	111.685604	0.003465	8.3
1692	-0.000000	111.648226	0.000000	9.8
1693	-0.036066	111.610881	0.000460	8.8
1694	-0.002410	111.573570	0.000019	14.1
1695	-0.011777	111.536292	0.000102	8.5
1696	-0.044327	111.499047	0.000761	8.5
1697	-0.012655	111.461835	0.000316	11.6
1698	-0.153636	111.424656	0.002622	14.5
1699	-0.353630	111.387510	0.002012	12.5
1700	-0.000000	111.350398	0.000000	9.6
1701	-0.114604	111.313318	0.001646	13.7
1702	-0.422759	111.276271	0.002028	8.8
1703	-0.039464	111.239257	0.000976	11.3
1704	-0.000036	111.202276	0.000037	9.1
1705	-0.131104	111.165328	0.000974	17.3
1706	-0.424533	111.128412	0.002702	12.7
1707	-0.000000	111.091529	0.000000	12.0
1708	-0.216795	111.054679	0.001372	8.5
1709	-0.142322	111.017861	0.004150	8.6
1710	-0.256891	110.981076	0.002410	9.3
1711	-0.026395	110.944323	0.000425	9.6
1712	-0.000000	110.907603	0.000000	11.8
1713	-0.011716	110.870915	0.000810	11.3
1714	-0.025883	110.834259	0.001015	8.5
1715	-0.092817	110.797636	0.000912	8.6
1716	-0.196425	110.761045	0.002210	8.7
1717	-0.049208	110.724486	0.000136	9.1
1718	-0.031685	110.687959	0.000375	8.8
1719	-0.000006	110.651465	0.000003	11.9
1720	-0.278528	110.615002	0.001416	11.3
1721	-0.021360	110.578572	0.000738	8.8
1722	-0.116572	110.542173	0.000595	11.3
1723	-0.007415	110.505807	0.000077	8.3
1724	-0.032294	110.469472	0.000380	14.4
1725	-0.404753	110.433169	0.003733	8.3
1726	-0.342947	110.396898	0.002652	8.3
1727	-0.321276	110.360659	0.000682	9.0
1728	-0.002600	110.324451	0.000105	11.5
1729	-0.000000	110.288276	0.000000	8.3
1730	-0.328320	110.252131	0.002519	20.0
1731	-0.261506	110.216019	0.000726	11.7
1732	-0.368202	110.179937	0.001720	15.1
1733	-0.025340	110.143888	0.000759	14.0
1734	-0.174257	110.107869	0.001462	14.6
1735	-0.574240	110.071882	0.002438	11.6
1736	-0.260045	110.035927	0.001778	8.3
1737	-0.022673	110.000003	0.000327	10.6
1738	-0.497861	109.964110	0.003639	12.4
1739	-0.313040	109.928248	0.003124	9.3
1740	-0.224958	109.892417	0.001878	8.6
1741	-0.445060	109.856618	0.001623	8.6
1742	-0.000000	109.820850	0.000000	12.9
1743	-0.190990	109.785112	0.002551	12.0
1744	-0.007443	109.749406	0.000419	8.5
1745	-0.058785	109.713730	0.000927	8.4
1746	-0.039654	109.678086	0.000558	8.9
1747	-0.334400	109.642472	0.002254	9.8
1748	-0.474766	109.606890	0.003124	12.1
1749	-0.168802	109.571337	0.001442	13.8
1750	-0.325370	109.535816	0.001998	14.1
1751	-0.000000	109.500326	0.000000	11.7
1752	-0.383089	109.464866	0.001028	9.4
1753	-0.003480	109.429436	0.000037	13.7
1754	-0.000000	109.394038	0.000000	16.4
1755	-0.030180	109.358669	0.000405	12.2
1756	-0.013002	109.323331	0.000253	10.0
1757	-0.000000	109.288024	0.000000	12.6
1758	-0.433182	109.252747	0.002753	8.4
1759	-0.131417	109.217501	0.000811	8.5
1760	-0.213007	109.182284	0.001690	8.6
1761	-0.000270	109.147098	0.000148	9.6
1762	-0.088228	109.111942	0.000314	8.5
1763	-0.226518	109.076817	0.002980	8.2
1764	-0.061257	109.041721	0.000716	8.3
1765	-0.000000	109.006656	0.000000	8.0
1766	-0.406172	108.971620	0.005006	14.5
1767	-0.000000	108.936615	0.000000	14.8
1768	-0.000000	108.901640	0.000000	8.7
1769	-0.009689	108.866694	0.000278	8.6
1770	-0.024747	108.831779	0.000641	9.3
1771	-0.000697	108.796893	0.000061	9.5
1772	-0.000000	108.762037	0.000000	8.7
1773	-0.023088	108.727211	0.000146	8.5
1774	-0.221323	108.692415	0.000896	10.1
1775	-0.029191	108.657648	0.000434	9.5
1776	-0.129922	108.622911	0.001840	14.8
1777	-0.002089	108.588203	0.000096	7.7
1778	-0.000000	108.553525	0.000000	5.9
1779	-0.193739	108.518877	0.001557	8.6
1780	-0.059931	108.484258	0.000757	10.0
1781	-0.031137	108.449668	0.000526	11.9
1782	-0.370882	108.415108	0.001798	8.4
1783	-0.412481	108.380578	0.000954	8.4
1784	-0.132067	108.346076	0.001647	8.5
1785	-0.326003	108.311604	0.002388	8.2
1786	-0.512664	108.277161	0.001419	13.0
1787	-0.000000	108.242747	0.000000	9.0
1788	-0.000000	108.208363	0.000000	11.9
1789	-0.000000	108.174007	0.000000	8.6
1790	-0.228343	108.139681	0.002497	9.7
1791	-0.000000	108.105383	0.000000	9.3
1792	-0.003988	108.071115	0.000089	8.7
1793	-0.079783	108.036875	0.001969	11.2
1794	-0.000000	108.002665	0.000000	8.2
1795	-0.000000	107.968483	0.000000	8.0
1796	-0.004761	107.934330	0.000294	11.5
1797	-0.104991	107.900206	0.006843	8.9
1798	-0.149681	107.866111	0.001938	8.4
1799	-0.311573	107.832044	0.001790	8.5
1800	-0.000000	107.798007	0.000000	9.0
1801	-0.000000	107.763997	0.000000	7.7
1802	-0.350689	107.730017	0.002127	8.3
1803	-0.016378	107.696065	0.000501	13.1
1804	-0.000000	107.662141	0.000000	9.3
1805	-0.063095	107.628246	0.000642	8.3
1806	-0.017563	107.594379	0.000344	12.9
1807	-0.000000	107.560541	0.000000	15.5
1808	-0.176071	107.526731	0.002069	12.2
1809	-0.000000	107.492949	0.000000	8.0
1810	-0.000000	107.459196	0.000000	12.4
1811	-0.021462	107.425471	0.000488	9.1
1812	-0.042813	107.391774	0.001052	8.6
1813	-0.000000	107.358106	0.000000	9.1
1814	-0.221748	107.324465	0.000544	7.9
1815	-0.148044	107.290853	0.000581	8.2
1816	-0.000000	107.257268	0.000000	12.2
1817	-0.133924	107.223712	0.003343	13.8
1818	-0.090805	107.190184	0.002541	9.6
1819	-0.445746	107.156683	0.002524	13.5
1820	-0.000000	107.123211	0.000000	8.5
1821	-0.193406	107.089766	0.000845	8.7
1822	-0.170512	107.056349	0.001434	13.0
1823	-0.000000	107.022960	0.000000	11.3
1824	-0.169860	106.989599	0.000892	8.0
1825	-0.163630	106.956265	0.001007	12.5
1826	-0.000004	106.922960	0.000001	8.8
1827	-0.453036	106.889681	0.002558	16.2
1828	-0.037678	106.856431	0.000603	7.5
1829	-0.506605	106.823208	0.002850	8.7
1830	-0.038691	106.790012	0.000179	9.0
1831	-0.018367	106.756844	0.000361	8.4
1832	-0.000000	106.723703	0.000000	9.2
1833	-0.007222	106.690590	0.000210	8.4
1834	-0.213697	106.657505	0.000943	8.4
1835	-0.000000	106.624446	0.000000	10.7
1836	-0.189909	106.591415	0.001208	15.8
1837	-0.149908	106.558411	0.005390	11.8
1838	-0.247989	106.525435	0.002393	12.0
1839	-0.330508	106.492485	0.003124	8.1
1840	-0.032570	106.459563	0.000623	11.7
1841	-0.012939	106.426668	0.000155	8.7
1842	-0.000000	106.393800	0.000000	8.2
1843	-0.000000	106.360959	0.000000	10.7
1844	-0.085326	106.328145	0.000963	12.4
1845	-0.000000	106.295358	0.000000	9.2
1846	-0.008352	106.262598	0.000251	13.9
1847	-0.000000	106.229865	0.000000	9.8
1848	-0.409917	106.197158	0.001876	8.5
1849	-0.076370	106.164479	0.000929	8.1
1850	-0.093098	106.131826	0.001612	14.6
1851	-0.078901	106.099201	0.001291	6.8
1852	-0.445192	106.066602	0.001878	12.1
1853	-0.006758	106.034029	0.000129	13.6
1854	-0.000000	106.001483	0.000000	9.7
1855	-0.002978	105.968964	0.000156	8.3
1856	-0.504229	105.936472	0.000859	8.5
1857	-0.350146	105.904006	0.003301	10.0
1858	-0.000008	105.871566	0.000001	8.9
1859	-0.056320	105.839153	0.000544	8.6
1860	-0.445877	105.806767	0.001712	13.9
1861	-0.249014	105.774407	0.001907	8.3
1862	-0.000000	105.742073	0.000000	8.6
1863	-0.000000	105.709766	0.000000	8.1
1864	-0.000000	105.677485	0.000000	12.1
1865	-0.049901	105.645230	0.001212	11.8
1866	-0.046485	105.613001	0.000550	10.1
1867	-0.000000	105.580799	0.000000	13.1
1868	-0.000000	105.548623	0.000000	8.3
1869	-0.024766	105.516473	0.000378	13.9
1870	-0.025010	105.484349	0.000776	9.0
1871	-0.181544	105.452251	0.001568	8.2
1872	-0.008263	105.420179	0.000219	8.6
1873	-0.000000	105.388133	0.000000	8.4
1874	-0.067026	105.356113	0.000378	13.5
1875	-0.334263	105.324119	0.001508	10.2
1876	-0.003269	105.292151	0.000125	13.1
1877	-0.097132	105.260209	0.001489	8.6
1878	-0.003668	105.228293	0.000129	9.2
1879	-0.000000	105.196402	0.000000	8.1
1880	-0.251452	105.164537	0.003166	8.4
1881	-0.043966	105.132698	0.000970	8.4
1882	-0.000000	105.100885	0.000000	9.1
1883	-0.011138	105.069097	0.000332	9.5
1884	-0.210968	105.037335	0.001524	8.7
1885	-0.000000	105.005598	0.000000	13.6
1886	-0.000000	104.973887	0.000000	12.4
1887	-0.187567	104.942202	0.000947	8.2
1888	-0.000000	104.910542	0.000000	8.3
1889	-0.333783	104.878907	0.002636	11.2
1890	-0.398574	104.847298	0.002020	12.0
1891	-0.002566	104.815715	0.000002	11.7
1892	-0.113195	104.784156	0.001255	8.1
1893	-0.000000	104.752623	0.000000	11.4
1894	-0.000000	104.721116	0.000000	11.9
1895	-0.000000	104.689633	0.000000	11.9
1896	-0.411599	104.658176	0.002440	8.2
1897	-0.000000	104.626744	0.000000	8.7
1898	-0.117643	104.595337	0.005204	8.4
1899	-0.053228	104.563955	0.000761	8.4
1900	-0.467133	104.532599	0.001275	8.0
1901	-0.050774	104.501267	0.002665	9.3
1902	-0.048496	104.469960	0.000662	7.8
1903	-0.179037	104.438679	0.001949	8.4
1904	-0.000000	104.407422	0.000000	10.4
1905	-0.272743	104.376191	0.001380	9.4
1906	-0.089934	104.344984	0.001174	14.9
1907	-0.013581	104.313802	0.000167	6.4
1908	-0.000016	104.282645	0.000022	8.2
1909	-0.000000	104.251513	0.000000	8.0
1910	-0.008015	104.220405	0.000238	11.6
1911	-0.020056	104.189323	0.000428	13.7
1912	-0.011614	104.158265	0.000403	8.4
1913	-0.121073	104.127231	0.000802	13.1
1914	-0.000000	104.096222	0.000000	9.4
1915	-0.000000	104.065238	0.000000	8.4
1916	-0.201684	104.034279	0.002125	9.9
1917	-0.009343	104.003344	0.000214	9.4
1918	-0.000338	103.972433	0.000014	9.5
1919	-0.150344	103.941547	0.002113	8.7
1920	-0.023404	103.910686	0.000940	8.6
1921	-0.001859	103.879849	0.000075	8.2
1922	-0.000002	103.849036	0.000003	13.5
1923	-0.141400	103.818248	0.000993	13.1
1924	-0.479640	103.787484	0.003080	8.4
1925	-0.030654	103.756744	0.001076	13.5
1926	-0.008916	103.726029	0.000373	11.2
1927	-0.000000	103.695338	0.000000	10.3
1928	-0.013628	103.664671	0.000188	9.1
1929	-0.202504	103.634028	0.001555	8.5
1930	-0.010526	103.603409	0.000222	8.5
1931	-0.005822	103.572814	0.000226	8.8
1932	-0.136570	103.542244	0.001933	8.2
1933	-0.453124	103.511698	0.002035	13.2
1934	-0.038443	103.481175	0.001100	13.3
1935	-0.000000	103.450677	0.000000	10.3
1936	-0.310602	103.420202	0.002489	8.8
1937	-0.079859	103.389752	0.000434	8.5
1938	-0.000000	103.359325	0.000000	18.4
1939	-0.000000	103.328922	0.000000	11.9
1940	-0.004570	103.298543	0.000342	9.2
1941	-0.438422	103.268188	0.002890	8.2
1942	-0.453078	103.237857	0.002910	12.9
1943	-0.000000	103.207549	0.000000	9.8
1944	-0.066014	103.177265	0.000258	10.9
1945	-0.007242	103.147005	0.000162	18.1
1946	-0.000000	103.116768	0.000000	8.6
1947	-0.000000	103.086556	0.000000	8.6
1948	-0.319903	103.056366	0.002605	15.5
1949	-0.514450	103.026200	0.000986	8.1
1950	-0.000000	102.996058	0.000000	15.9
1951	-0.204625	102.965939	0.001524	8.1
1952	-0.268493	102.935844	0.002303	11.3
1953	-0.118867	102.905772	0.001139	8.5
1954	-0.163942	102.875724	0.001098	11.2
1955	-0.000000	102.845699	0.000000	8.7
1956	-0.350994	102.815697	0.003309	8.5
1957	-0.000000	102.785719	0.000000	8.4
1958	-0.100194	102.755764	0.000541	8.6
1959	-0.136456	102.725832	0.001822	9.4
1960	-0.549010	102.695924	0.003028	11.2
1961	-0.000000	102.666038	0.000000	12.4
1962	-0.178448	102.636176	0.001147	9.7
1963	-0.335395	102.606337	0.001271	10.1
1964	-0.103376	102.576521	0.001075	10.5
1965	-0.005251	102.546728	0.000139	8.0
1966	-0.029290	102.516959	0.000282	8.2
1967	-0.016141	102.487212	0.000324	8.6
1968	-0.037869	102.457488	0.000080	8.8
1969	-0.415154	102.427788	0.001882	8.4
1970	-0.401136	102.398110	0.001419	8.7
1971	-0.536632	102.368455	0.001780	8.9
1972	-0.113245	102.338823	0.000930	14.9
1973	-0.053616	102.309214	0.000150	9.1
1974	-0.000000	102.279628	0.000000	12.1
1975	-0.000000	102.250064	0.000000	12.1
1976	-0.003734	102.220524	0.000110	12.0
1977	-0.342546	102.191006	0.001241	8.1
1978	-0.000000	102.161511	0.000000	8.4
1979	-0.000000	102.132038	0.000000	8.8
1980	-0.005468	102.102588	0.000164	10.1
1981	-0.032631	102.073161	0.000485	15.3
1982	-0.227199	102.043757	0.000577	4.1
1983	-0.004958	102.014375	0.000045	11.0
1984	-0.009090	101.985015	0.000326	11.9
1985	-0.138706	101.955678	0.001141	7.9
1986	-0.000000	101.926364	0.000000	13.6
1987	-0.259507	101.897072	0.002609	10.1
1988	-0.000000	101.867802	0.000000	10.5
1989	-0.000000	101.838555	0.000000	13.3
1990	-0.392609	101.809330	0.000483	8.4
1991	-0.006664	101.780128	0.000035	8.5
1992	-0.000000	101.750948	0.000000	8.2
1993	-0.000000	101.721790	0.000000	8.3
1994	-0.463171	101.692654	0.002450	9.5
1995	-0.034986	101.663541	0.000615	7.9
1996	-0.015098	101.634450	0.000480	8.9
1997	-0.000045	101.605381	0.000001	9.7
1998	-0.402842	101.576335	0.002463	13.8
1999	-0.006657	101.547310	0.000224	8.5
