1:ItNr	2:Metric	3:StepSize	4:||Gradient||	Time[ms]
0	-0.000000	627.201626	0.000000	1644.2
1	-0.000000	623.504937	0.000000	11.6
2	-0.516449	619.865785	0.003730	8.0
3	-0.000000	616.282728	0.000000	8.6
4	-0.005209	612.754375	0.000002	8.0
5	-0.338731	609.279381	0.005277	8.4
6	-0.198666	605.856447	0.002170	13.7
7	-0.237884	602.484317	0.001979	8.2
8	-0.534020	599.161779	0.005377	13.0
9	-0.017102	595.887656	0.000747	7.8
10	-0.000000	592.660813	0.000000	16.2
11	-0.000000	589.480151	0.000000	4.1
12	-0.354118	586.344606	0.005211	13.6
13	-0.064763	583.253145	0.000543	5.1
14	-0.000000	580.204771	0.000000	8.1
15	-0.661018	577.198517	0.007108	13.6
16	-0.026191	574.233444	0.000982	13.8
17	-0.450916	571.308645	0.005668	8.4
18	-0.151374	568.423237	0.001142	8.7
19	-0.714824	565.576365	0.005154	8.4
20	-0.182067	562.767201	0.002226	10.4
21	-0.374432	559.994938	0.005022	8.7
22	-0.488034	557.258797	0.006332	8.4
23	-0.071243	554.558018	0.001413	10.7
24	-0.748074	551.891865	0.008020	8.1
25	-0.727696	549.259621	0.005835	8.3
26	-0.514109	546.660592	0.003961	11.5
27	-0.607054	544.094102	0.006174	12.6
28	-0.452429	541.559494	0.005726	8.2
29	-0.374584	539.056129	0.005326	8.5
30	-0.020833	536.583387	0.000459	8.4
31	-0.739424	534.140663	0.003501	8.5
32	-0.257193	531.727370	0.003162	8.8
33	-0.722524	529.342935	0.005133	8.7
34	-0.110636	526.986802	0.002636	8.5
35	-0.612308	524.658430	0.005088	8.4
36	-0.474046	522.357290	0.004675	10.5
37	-0.003227	520.082868	0.000228	14.1
38	-0.783184	517.834665	0.006175	7.8
39	-0.198390	515.612193	0.002955	8.7
40	-0.000000	513.414976	0.000000	8.2
41	-0.335332	511.242551	0.004396	12.5
42	-0.278533	509.094468	0.005937	8.4
43	-0.000000	506.970285	0.000000	8.2
44	-0.499401	504.869574	0.003412	8.8
45	-0.007543	502.791916	0.000583	8.3
46	-0.429988	500.736903	0.005180	8.7
47	-0.405260	498.704137	0.006256	17.2
48	-0.177838	496.693228	0.003278	8.0
49	-0.000000	494.703798	0.000000	10.0
50	-0.533068	492.735476	0.003787	9.9
51	-0.468787	490.787900	0.006098	7.8
52	-0.651027	488.860718	0.006221	8.1
53	-0.154456	486.953585	0.004132	7.9
54	-0.000000	485.066164	0.000000	8.2
55	-0.504245	483.198126	0.005202	8.2
56	-0.000000	481.349149	0.000000	8.6
57	-0.000000	479.518920	0.000000	13.6
58	-0.253192	477.707132	0.001148	13.1
59	-0.326995	475.913485	0.005431	14.4
60	-0.499417	474.137684	0.005784	8.5
61	-0.559729	472.379445	0.004848	8.5
62	-0.000000	470.638485	0.000000	12.6
63	-0.454793	468.914531	0.004154	12.0
64	-0.091570	467.207315	0.001600	8.0
65	-0.000000	465.516573	0.000000	8.3
66	-0.864085	463.842050	0.006399	11.5
67	-0.650965	462.183494	0.002548	13.2
68	-0.056985	460.540658	0.001369	9.1
69	-0.000000	458.913303	0.000000	8.5
70	-0.493509	457.301192	0.006566	8.5
71	-0.592317	455.704096	0.005864	8.4
72	-0.000000	454.121787	0.000000	8.4
73	-0.588201	452.554045	0.003384	10.1
74	-0.098524	451.000653	0.002257	8.5
75	-0.710274	449.461399	0.009113	9.4
76	-0.000000	447.936075	0.000000	8.2
77	-0.000000	446.424477	0.000000	8.2
78	-0.467104	444.926406	0.006251	14.5
79	-0.076244	443.441666	0.001050	9.1
80	-0.280880	441.970065	0.003489	8.2
81	-0.251837	440.511415	0.003563	8.5
82	-0.083949	439.065533	0.001163	8.3
83	-0.633237	437.632238	0.005258	9.6
84	-0.104689	436.211351	0.002196	8.9
85	-0.000000	434.802701	0.000000	8.0
86	-0.355087	433.406117	0.005538	8.5
87	-0.360815	432.021430	0.004177	13.4
88	-0.148947	430.648479	0.003029	13.9
89	-0.436895	429.287101	0.008367	8.2
90	-0.000000	427.937140	0.000000	8.5
91	-0.000000	426.598440	0.000000	8.6
92	-0.000000	425.270849	0.000000	9.6
93	-0.273956	423.954220	0.003792	12.1
94	-0.484483	422.648404	0.006608	8.0
95	-0.657381	421.353259	0.007027	8.4
96	-0.520764	420.068643	0.006218	11.6
97	-0.000000	418.794419	0.000000	8.6
98	-0.492717	417.530451	0.004959	14.0
99	-0.500370	416.276604	0.006754	13.0
100	-0.816272	415.032748	0.004791	8.7
101	-0.490991	413.798754	0.005190	8.8
102	-0.415945	412.574495	0.011330	8.5
103	-0.098439	411.359849	0.002343	8.4
104	-0.000000	410.154691	0.000000	11.1
105	-0.159082	408.958904	0.002238	8.1
106	-0.000000	407.772368	0.000000	9.1
107	-0.096898	406.594968	0.001478	12.5
108	-0.074086	405.426590	0.002029	9.1
109	-0.294398	404.267122	0.002444	9.4
110	-0.793485	403.116456	0.005832	8.5
111	-0.000000	401.974481	0.000000	8.9
112	-0.748126	400.841093	0.007821	10.6
113	-0.000000	399.716187	0.000000	7.7
114	-0.065746	398.599660	0.000373	8.4
115	-0.000000	397.491411	0.000000	8.2
116	-0.000000	396.391342	0.000000	8.7
117	-0.000000	395.299353	0.000000	11.5
118	-0.242529	394.215350	0.002646	11.9
119	-0.588049	393.139238	0.005064	11.9
120	-0.000000	392.070924	0.000000	12.0
121	-0.000000	391.010316	0.000000	8.7
122	-0.000000	389.957325	0.000000	7.5
123	-0.719647	388.911862	0.008077	8.5
124	-0.763385	387.873839	0.007075	9.9
125	-0.129184	386.843173	0.003558	11.9
126	-0.759053	385.819777	0.006917	11.9
127	-0.179420	384.803569	0.003844	8.1
128	-0.418700	383.794468	0.004209	10.5
129	-0.587957	382.792393	0.007720	14.1
130	-0.839690	381.797264	0.005804	8.5
131	-0.271000	380.809005	0.006320	14.3
132	-0.000000	379.827537	0.000000	8.1
133	-0.000000	378.852786	0.000000	10.4
134	-0.071111	377.884678	0.001174	7.6
135	-0.601275	376.923138	0.003081	8.6
136	-0.055549	375.968095	0.002647	13.5
137	-0.010223	375.019479	0.000149	10.7
138	-0.481155	374.077218	0.007684	14.1
139	-0.434571	373.141244	0.005480	9.8
140	-0.446010	372.211489	0.003691	8.5
141	-0.229445	371.287887	0.002929	8.6
142	-0.295421	370.370370	0.002292	9.1
143	-0.163254	369.458876	0.003658	8.4
144	-0.337629	368.553338	0.005913	8.6
145	-0.605861	367.653696	0.006291	8.2
146	-0.283395	366.759885	0.005239	8.3
147	-0.845041	365.871846	0.006618	11.7
148	-0.000000	364.989518	0.000000	13.8
149	-0.229385	364.112841	0.002710	9.7
150	-0.420679	363.241757	0.005929	8.6
151	-0.436869	362.376208	0.003490	8.7
152	-0.000000	361.516137	0.000000	8.2
153	-0.747211	360.661488	0.004198	8.5
154	-0.000000	359.812206	0.000000	8.3
155	-0.771918	358.968236	0.008155	8.7
156	-0.414405	358.129524	0.005230	8.8
157	-0.218192	357.296018	0.002433	8.5
158	-0.685936	356.467665	0.007143	8.3
159	-0.503026	355.644414	0.005262	11.3
160	-0.791681	354.826213	0.010850	11.9
161	-0.326781	354.013012	0.003729	15.6
162	-0.000000	353.204763	0.000000	8.2
163	-0.204679	352.401415	0.004074	8.4
164	-0.422048	351.602922	0.004015	8.4
165	-0.684199	350.809235	0.004746	8.6
166	-0.000000	350.020308	0.000000	8.7
167	-0.036847	349.236095	0.002592	8.9
168	-0.864308	348.456550	0.005632	8.8
169	-0.473663	347.681627	0.005803	12.1
170	-0.177856	346.911283	0.003577	11.8
171	-0.602369	346.145474	0.005014	8.3
172	-0.229565	345.384157	0.003919	11.8
173	-0.575534	344.627288	0.004652	11.8
174	-0.510688	343.874826	0.004329	9.0
175	-0.775506	343.126729	0.006967	8.5
176	-0.000000	342.382957	0.000000	8.3
177	-0.348419	341.643469	0.005333	9.0
178	-0.626182	340.908224	0.005247	8.5
179	-0.747509	340.177184	0.007042	12.2
180	-0.000000	339.450309	0.000000	14.3
181	-0.000000	338.727561	0.000000	8.0
182	-0.817994	338.008902	0.008134	9.0
183	-0.000000	337.294295	0.000000	11.3
184	-0.352943	336.583703	0.005272	11.4
185	-0.296631	335.877089	0.002975	8.5
186	-0.000000	335.174416	0.000000	8.3
187	-0.000000	334.475651	0.000000	8.8
188	-0.000000	333.780756	0.000000	8.3
189	-0.472081	333.089698	0.003343	11.5
190	-0.148522	332.402443	0.000751	8.8
191	-0.000000	331.718955	0.000000	10.3
192	-0.444342	331.039203	0.006094	8.5
193	-0.000000	330.363153	0.000000	8.9
194	-0.038338	329.690771	0.000939	8.8
195	-0.490545	329.022027	0.004534	8.5
196	-0.750563	328.356888	0.004239	8.3
197	-0.097262	327.695322	0.002103	8.8
198	-0.394393	327.037299	0.003310	8.4
199	-0.000000	326.382787	0.000000	16.4
200	-0.823466	325.731758	0.010131	6.4
201	-0.000000	325.084179	0.000000	12.3
202	-0.001646	324.440023	0.000059	12.0
203	-0.101093	323.799258	0.001102	8.1
204	-0.429099	323.161858	0.004043	8.5
205	-0.030812	322.527792	0.001600	8.4
206	-0.000000	321.897034	0.000000	8.4
207	-0.265178	321.269554	0.002549	8.5
208	-0.000000	320.645325	0.000000	14.2
209	-0.000000	320.024320	0.000000	8.0
210	-0.575818	319.406512	0.007449	9.8
211	-0.747885	318.791875	0.006909	8.6
212	-0.656527	318.180381	0.006643	8.6
213	-0.053178	317.572005	0.000830	11.9
214	-0.000000	316.966721	0.000000	8.3
215	-0.000000	316.364504	0.000000	8.3
216	-0.528499	315.765329	0.004108	9.5
217	-0.053223	315.169170	0.000248	8.7
218	-0.579460	314.576003	0.006015	8.4
219	-0.000000	313.985804	0.000000	8.0
220	-0.312723	313.398548	0.002596	16.7
221	-0.378704	312.814213	0.002544	6.8
222	-0.456699	312.232773	0.004300	8.9
223	-0.466735	311.654207	0.009741	15.4
224	-0.000000	311.078491	0.000000	6.8
225	-0.000000	310.505602	0.000000	8.4
226	-0.106720	309.935518	0.002945	8.5
227	-0.102501	309.368217	0.003445	8.3
228	-0.445366	308.803676	0.003706	9.8
229	-0.631264	308.241874	0.003235	8.1
230	-0.607317	307.682789	0.007520	16.5
231	-0.768891	307.126400	0.007278	7.9
232	-0.457059	306.572687	0.003959	7.6
233	-0.354552	306.021627	0.001949	8.4
234	-0.038391	305.473201	0.001144	8.3
235	-0.446347	304.927388	0.003649	8.3
236	-0.794891	304.384168	0.007374	8.4
237	-0.107007	303.843521	0.002644	8.5
238	-0.327928	303.305427	0.003423	8.4
239	-0.303763	302.769867	0.002310	8.5
240	-0.000000	302.236821	0.000000	8.2
241	-0.675650	301.706270	0.006364	12.9
242	-0.706274	301.178196	0.008256	13.2
243	-0.567392	300.652580	0.005818	12.7
244	-0.333085	300.129402	0.003407	8.8
245	-0.311904	299.608645	0.004583	8.3
246	-0.000000	299.090291	0.000000	8.4
247	-0.424459	298.574321	0.003665	8.5
248	-0.377625	298.060718	0.003351	8.4
249	-0.000000	297.549465	0.000000	8.0
250	-0.065546	297.040543	0.000568	8.3
251	-0.626415	296.533936	0.006717	14.2
252	-0.457353	296.029626	0.003754	8.2
253	-0.000000	295.527597	0.000000	8.4
254	-0.000000	295.027832	0.000000	8.3
255	-0.000000	294.530315	0.000000	8.3
256	-0.583532	294.035028	0.003485	8.2
257	-0.000000	293.541956	0.000000	8.4
258	-0.302671	293.051083	0.004103	9.0
259	-0.146809	292.562393	0.002660	11.4
260	-0.000000	292.075870	0.000000	8.7
261	-0.000000	291.591498	0.000000	8.3
262	-0.757148	291.109263	0.006741	12.7
263	-0.000000	290.629149	0.000000	18.9
264	-0.219049	290.151140	0.001332	13.1
265	-0.693804	289.675222	0.007486	7.8
266	-0.092384	289.201380	0.004242	8.6
267	-0.000000	288.729600	0.000000	8.6
268	-0.201286	288.259866	0.004007	11.0
269	-0.663909	287.792165	0.008157	8.2
270	-0.858436	287.326481	0.005013	8.4
271	-0.000000	286.862802	0.000000	9.2
272	-0.421822	286.401113	0.004221	14.7
273	-0.529705	285.941400	0.003231	8.7
274	-0.004837	285.483649	0.000128	8.2
275	-0.000000	285.027847	0.000000	7.9
276	-0.807352	284.573981	0.008526	8.6
277	-0.561017	284.122037	0.003495	8.6
278	-0.000000	283.672002	0.000000	8.3
279	-0.407351	283.223863	0.002932	8.6
280	-0.165920	282.777607	0.002970	8.7
281	-0.702960	282.333221	0.006867	8.8
282	-0.150872	281.890692	0.002233	15.5
283	-0.445003	281.450008	0.004021	12.9
284	-0.206844	281.011157	0.002309	8.4
285	-0.000000	280.574125	0.000000	7.9
286	-0.126930	280.138901	0.002275	8.5
287	-0.000000	279.705473	0.000000	8.5
288	-0.871997	279.273829	0.006085	8.6
289	-0.632869	278.843956	0.005311	11.2
290	-0.320527	278.415844	0.004663	8.4
291	-0.000000	277.989479	0.000000	8.3
292	-0.000000	277.564851	0.000000	13.4
293	-0.548191	277.141949	0.004515	8.6
294	-0.130167	276.720761	0.002076	8.2
295	-0.277609	276.301275	0.002618	8.5
296	-0.252488	275.883480	0.005453	8.6
297	-0.278022	275.467366	0.004050	8.8
298	-0.000000	275.052922	0.000000	9.4
299	-0.000000	274.640136	0.000000	8.5
300	-0.704908	274.228998	0.007508	13.6
301	-0.853715	273.819497	0.006972	8.3
302	-0.750312	273.411623	0.007743	10.5
303	-0.800962	273.005365	0.006642	9.3
304	-0.406807	272.600712	0.004068	14.4
305	-0.000000	272.197655	0.000000	5.4
306	-0.000000	271.796184	0.000000	10.6
307	-0.634690	271.396287	0.007623	13.7
308	-0.429566	270.997956	0.002119	8.9
309	-0.631452	270.601180	0.005631	5.6
310	-0.000000	270.205949	0.000000	8.8
311	-0.677390	269.812254	0.003174	8.6
312	-0.000000	269.420085	0.000000	11.1
313	-0.000000	269.029432	0.000000	11.7
314	-0.429376	268.640287	0.004784	8.4
315	-0.276861	268.252638	0.002494	9.0
316	-0.712389	267.866478	0.004575	15.0
317	-0.000004	267.481796	0.000002	8.6
318	-0.000000	267.098584	0.000000	8.3
319	-0.000000	266.716833	0.000000	9.0
320	-0.692828	266.336533	0.006024	9.1
321	-0.479039	265.957676	0.002915	8.3
322	-0.611386	265.580253	0.003903	11.4
323	-0.000000	265.204254	0.000000	8.3
324	-0.025454	264.829672	0.000340	11.6
325	-0.000000	264.456497	0.000000	8.5
326	-0.382414	264.084721	0.003706	8.5
327	-0.208731	263.714335	0.002402	8.0
328	-0.225460	263.345332	0.003388	8.4
329	-0.583103	262.977702	0.007423	8.5
330	-0.669054	262.611438	0.004332	9.9
331	-0.279992	262.246531	0.003925	12.1
332	-0.000000	261.882973	0.000000	7.8
333	-0.524365	261.520756	0.005991	13.8
334	-0.000000	261.159871	0.000000	8.7
335	-0.000000	260.800312	0.000000	8.5
336	-0.582625	260.442070	0.006501	8.5
337	-0.367643	260.085137	0.006250	8.8
338	-0.222752	259.729505	0.003305	8.7
339	-0.520394	259.375167	0.003742	8.9
340	-0.331566	259.022116	0.008901	9.1
341	-0.000000	258.670343	0.000000	9.3
342	-0.189202	258.319841	0.003948	8.5
343	-0.726804	257.970602	0.003754	10.6
344	-0.825612	257.622620	0.006850	12.0
345	-0.692957	257.275887	0.008698	11.8
346	-0.000000	256.930396	0.000000	10.7
347	-0.343776	256.586139	0.004349	8.8
348	-0.000015	256.243109	0.000020	13.3
349	-0.000000	255.901300	0.000000	8.4
350	-0.331081	255.560703	0.005019	8.5
351	-0.000000	255.221313	0.000000	8.7
352	-0.522055	254.883122	0.004668	9.2
353	-0.313232	254.546124	0.004925	13.8
354	-0.317005	254.210311	0.002002	15.7
355	-0.691058	253.875677	0.006280	13.7
356	-0.000000	253.542215	0.000000	8.1
357	-0.594752	253.209918	0.007658	8.1
358	-0.547933	252.878781	0.005028	13.3
359	-0.000000	252.548795	0.000000	8.6
360	-0.427799	252.219956	0.003059	8.7
361	-0.727267	251.892255	0.006584	13.5
362	-0.787826	251.565688	0.007256	12.0
363	-0.656175	251.240247	0.004279	8.8
364	-0.409095	250.915926	0.004506	13.8
365	-0.351541	250.592720	0.002805	13.4
366	-0.360013	250.270621	0.002307	8.5
367	-0.053323	249.949624	0.000613	8.4
368	-0.000000	249.629723	0.000000	8.7
369	-0.219454	249.310911	0.001489	8.5
370	-0.415729	248.993182	0.005000	8.7
371	-0.000000	248.676531	0.000000	8.4
372	-0.000000	248.360952	0.000000	11.8
373	-0.000000	248.046438	0.000000	12.0
374	-0.292935	247.732984	0.002385	8.2
375	-0.557862	247.420584	0.006133	8.8
376	-0.034109	247.109233	0.000791	8.3
377	-0.408469	246.798924	0.004543	8.6
378	-0.000000	246.489652	0.000000	8.5
379	-0.236468	246.181412	0.006445	8.3
380	-0.729317	245.874197	0.005175	8.9
381	-0.591285	245.568002	0.006494	8.3
382	-0.142902	245.262822	0.004416	11.6
383	-0.763010	244.958652	0.010447	11.9
384	-0.000000	244.655485	0.000000	13.4
385	-0.064948	244.353317	0.002544	15.8
386	-0.382419	244.052142	0.004765	9.0
387	-0.436691	243.751955	0.005507	8.9
388	-0.000000	243.452750	0.000000	8.1
389	-0.762910	243.154523	0.006763	8.4
390	-0.000000	242.857268	0.000000	10.4
391	-0.672940	242.560980	0.006430	9.0
392	-0.751213	242.265654	0.007115	12.6
393	-0.618473	241.971285	0.005094	9.8
394	-0.680544	241.677868	0.007380	8.3
395	-0.000000	241.385397	0.000000	8.3
396	-0.875385	241.093869	0.008262	9.4
397	-0.063152	240.803278	0.001479	8.4
398	-0.397634	240.513619	0.009038	11.6
399	-0.717446	240.224887	0.005662	8.1
400	-0.000000	239.937077	0.000000	8.4
401	-0.000000	239.650186	0.000000	11.6
402	-0.574585	239.364207	0.004988	13.2
403	-0.000000	239.079136	0.000000	8.5
404	-0.000000	238.794969	0.000000	8.5
405	-0.000000	238.511701	0.000000	14.1
406	-0.414865	238.229327	0.002321	11.2
407	-0.000000	237.947843	0.000000	12.1
408	-0.017605	237.667244	0.000816	8.3
409	-0.322239	237.387526	0.004588	9.0
410	-0.471837	237.108684	0.005081	8.4
411	-0.592465	236.830714	0.004746	8.9
412	-0.351917	236.553610	0.002343	13.0
413	-0.693118	236.277370	0.007028	11.9
414	-0.000000	236.001989	0.000000	7.2
415	-0.388179	235.727461	0.008923	8.3
416	-0.000000	235.453784	0.000000	11.1
417	-0.374890	235.180952	0.002428	8.5
418	-0.759128	234.908962	0.007354	11.2
419	-0.485513	234.637809	0.006207	8.2
420	-0.000000	234.367488	0.000000	8.4
421	-0.261592	234.097997	0.004661	16.8
422	-0.689980	233.829331	0.003549	6.4
423	-0.000000	233.561485	0.000000	11.1
424	-0.462546	233.294456	0.004263	9.4
425	-0.319862	233.028239	0.006015	11.6
426	-0.000000	232.762831	0.000000	7.9
427	-0.169231	232.498228	0.000906	8.2
428	-0.210220	232.234425	0.003437	8.6
429	-0.828939	231.971419	0.005992	13.0
430	-0.160979	231.709205	0.001231	6.0
431	-0.465169	231.447781	0.003844	8.6
432	-0.082982	231.187141	0.002399	8.9
433	-0.633913	230.927283	0.005650	15.0
434	-0.150292	230.668202	0.002897	8.3
435	-0.262609	230.409895	0.004731	8.2
436	-0.823659	230.152358	0.007541	8.4
437	-0.674826	229.895587	0.006286	9.1
438	-0.000000	229.639578	0.000000	8.3
439	-0.276374	229.384329	0.001989	17.5
440	-0.000000	229.129834	0.000000	7.0
441	-0.495836	228.876091	0.004610	8.1
442	-0.000000	228.623096	0.000000	11.7
443	-0.000000	228.370846	0.000000	11.9
444	-0.558380	228.119336	0.005240	8.8
445	-0.000000	227.868563	0.000000	14.1
446	-0.651762	227.618525	0.005399	9.0
447	-0.517528	227.369216	0.005453	10.9
448	-0.403142	227.120635	0.002899	8.5
449	-0.726998	226.872777	0.007969	8.2
450	-0.458644	226.625638	0.005260	8.3
451	-0.669553	226.379217	0.005426	11.3
452	-0.148650	226.133509	0.002433	8.9
453	-0.509608	225.888510	0.005606	9.8
454	-0.831584	225.644218	0.006031	8.1
455	-0.000000	225.400630	0.000000	8.0
456	-0.045053	225.157741	0.001712	8.9
457	-0.393076	224.915549	0.003554	8.3
458	-0.590070	224.674051	0.004689	8.1
459	-0.279314	224.433242	0.001986	8.5
460	-0.001432	224.193121	0.000000	10.8
461	-0.200161	223.953684	0.003208	8.5
462	-0.618522	223.714927	0.006684	11.5
463	-0.140277	223.476848	0.005042	12.1
464	-0.354735	223.239444	0.005507	8.0
465	-0.219193	223.002710	0.002660	13.9
466	-0.527919	222.766645	0.005328	13.6
467	-0.000000	222.531245	0.000000	13.7
468	-0.763353	222.296508	0.005392	9.4
469	-0.766198	222.062429	0.006139	8.5
470	-0.313740	221.829007	0.004473	8.3
471	-0.656480	221.596238	0.005367	8.7
472	-0.235526	221.364119	0.003871	11.1
473	-0.000000	221.132647	0.000000	12.0
474	-0.451946	220.901820	0.004242	8.7
475	-0.186540	220.671634	0.003207	8.9
476	-0.000000	220.442086	0.000000	10.2
477	-0.457926	220.213174	0.007382	12.1
478	-0.068325	219.984895	0.001744	11.3
479	-0.307092	219.757246	0.002609	8.6
480	-0.200291	219.530224	0.003128	15.8
481	-0.771541	219.303826	0.006784	11.3
482	-0.620365	219.078050	0.005998	10.1
483	-0.773106	218.852893	0.007360	8.0
484	-0.810429	218.628352	0.007363	10.7
485	-0.222658	218.404424	0.003567	11.4
486	-0.000000	218.181106	0.000000	8.4
487	-0.516357	217.958397	0.003764	8.3
488	-0.000002	217.736292	0.000002	8.3
489	-0.367428	217.514790	0.006696	8.4
490	-0.011365	217.293888	0.001531	8.5
491	-0.079097	217.073584	0.001442	13.7
492	-0.000000	216.853873	0.000000	14.0
493	-0.582363	216.634755	0.005430	8.5
494	-0.528942	216.416227	0.004561	9.2
495	-0.110902	216.198285	0.001995	8.4
496	-0.761756	215.980927	0.005119	8.5
497	-0.526321	215.764151	0.005433	11.0
498	-0.642145	215.547955	0.009780	11.4
499	-0.000000	215.332335	0.000000	8.0
500	-0.589606	215.117289	0.007100	8.4
501	-0.000000	214.902815	0.000000	11.2
502	-0.541601	214.688911	0.005637	9.9
503	-0.000000	214.475573	0.000000	8.2
504	-0.535732	214.262800	0.005433	9.7
505	-0.607155	214.050588	0.005833	12.0
506	-0.602431	213.838936	0.004022	8.7
507	-0.547273	213.627842	0.003468	9.0
508	-0.491726	213.417302	0.003919	9.6
509	-0.000000	213.207314	0.000000	8.4
510	-0.025506	212.997877	0.001848	8.1
511	-0.000000	212.788987	0.000000	8.5
512	-0.000000	212.580642	0.000000	11.3
513	-0.817340	212.372841	0.007339	9.3
514	-0.314608	212.165581	0.003256	8.8
515	-0.000069	211.958859	0.000004	8.4
516	-0.450275	211.752673	0.003316	9.8
517	-0.000000	211.547021	0.000000	8.3
518	-0.000000	211.341902	0.000000	8.5
519	-0.525238	211.137311	0.004473	8.7
520	-0.696525	210.933248	0.004243	8.2
521	-0.699598	210.729710	0.005898	4.0
522	-0.000000	210.526695	0.000000	10.0
523	-0.425106	210.324200	0.003933	13.8
524	-0.691611	210.122224	0.005265	5.1
525	-0.624217	209.920765	0.004488	9.6
526	-0.326318	209.719820	0.003446	9.3
527	-0.000000	209.519387	0.000000	8.3
528	-0.000000	209.319463	0.000000	8.5
529	-0.689660	209.120048	0.006052	8.7
530	-0.395228	208.921139	0.002474	9.2
531	-0.470956	208.722733	0.004606	8.7
532	-0.799042	208.524829	0.005476	8.7
533	-0.402833	208.327425	0.003997	10.0
534	-0.126357	208.130518	0.000900	9.7
535	-0.247101	207.934107	0.003975	8.3
536	-0.014686	207.738189	0.000645	8.4
537	-0.359698	207.542762	0.003081	5.9
538	-0.254102	207.347825	0.002164	16.2
539	-0.905918	207.153376	0.006074	8.0
540	-0.804004	206.959412	0.004683	12.1
541	-0.000000	206.765932	0.000000	13.0
542	-0.000000	206.572933	0.000000	14.2
543	-0.477137	206.380414	0.003994	9.5
544	-0.000000	206.188373	0.000000	8.2
545	-0.626881	205.996807	0.004287	11.5
546	-0.389813	205.805716	0.004647	11.2
547	-0.170572	205.615096	0.001989	9.3
548	-0.000000	205.424946	0.000000	8.7
549	-0.844930	205.235265	0.006840	8.5
550	-0.729997	205.046050	0.005985	8.9
551	-0.000213	204.857299	0.000025	7.6
552	-0.458006	204.669011	0.003383	8.2
553	-0.817322	204.481184	0.008637	12.0
554	-0.141163	204.293816	0.003269	8.3
555	-0.610154	204.106905	0.005372	8.3
556	-0.807385	203.920449	0.006179	8.4
557	-0.184100	203.734447	0.002231	8.4
558	-0.000000	203.548896	0.000000	8.4
559	-0.203818	203.363795	0.002691	8.7
560	-0.634477	203.179143	0.006210	8.3
561	-0.102080	202.994937	0.002718	8.2
562	-0.000000	202.811176	0.000000	8.4
563	-0.076305	202.627857	0.001041	8.3
564	-0.113965	202.444980	0.002182	13.0
565	-0.620821	202.262543	0.007141	8.8
566	-0.703407	202.080543	0.005135	8.3
567	-0.318085	201.898979	0.001627	8.7
568	-0.481865	201.717849	0.006060	14.6
569	-0.843618	201.537153	0.004922	10.4
570	-0.000000	201.356887	0.000000	8.3
571	-0.631229	201.177050	0.005523	8.7
572	-0.000000	200.997642	0.000000	8.6
573	-0.616855	200.818659	0.006667	9.0
574	-0.066594	200.640100	0.001220	10.1
575	-0.204680	200.461965	0.004681	10.7
576	-0.000000	200.284250	0.000000	8.9
577	-0.611956	200.106955	0.004319	10.8
578	-0.573859	199.930078	0.006505	13.5
579	-0.652766	199.753617	0.005455	10.7
580	-0.338821	199.577571	0.004908	8.5
581	-0.000000	199.401938	0.000000	11.5
582	-0.000000	199.226717	0.000000	7.8
583	-0.408430	199.051905	0.003833	8.7
584	-0.115021	198.877502	0.002309	13.9
585	-0.229539	198.703506	0.004675	8.8
586	-0.528698	198.529916	0.006640	8.3
587	-0.267610	198.356729	0.006802	8.6
588	-0.815670	198.183944	0.005517	13.7
589	-0.692486	198.011560	0.004952	8.7
590	-0.556526	197.839576	0.004760	8.5
591	-0.817557	197.667989	0.007077	8.6
592	-0.633405	197.496798	0.002983	8.9
593	-0.649051	197.326002	0.003009	8.7
594	-0.114237	197.155600	0.001379	9.7
595	-0.498699	196.985589	0.006302	9.4
596	-0.000000	196.815969	0.000000	10.5
597	-0.410812	196.646738	0.002412	8.3
598	-0.179048	196.477894	0.001544	8.1
599	-0.000000	196.309436	0.000000	9.0
600	-0.191632	196.141363	0.001756	8.6
601	-0.417413	195.973673	0.004031	9.8
602	-0.587760	195.806365	0.006887	8.2
603	-0.756670	195.639437	0.005793	8.4
604	-0.649236	195.472888	0.005209	9.2
605	-0.000000	195.306717	0.000000	13.2
606	-0.522276	195.140922	0.004264	7.3
607	-0.714627	194.975501	0.005514	8.5
608	-0.665851	194.810454	0.006091	10.2
609	-0.000000	194.645779	0.000000	14.5
610	-0.338191	194.481475	0.002816	9.3
611	-0.440771	194.317540	0.003674	9.0
612	-0.176804	194.153973	0.002869	9.1
613	-0.000000	193.990773	0.000000	8.3
614	-0.610963	193.827938	0.003915	8.6
615	-0.807045	193.665467	0.006099	8.8
616	-0.000000	193.503358	0.000000	9.5
617	-0.509250	193.341611	0.004599	8.9
618	-0.335843	193.180224	0.006410	8.9
619	-0.624052	193.019196	0.001973	8.2
620	-0.000000	192.858525	0.000000	8.8
621	-0.382548	192.698210	0.002869	8.2
622	-0.559944	192.538251	0.005804	8.1
623	-0.039567	192.378644	0.000426	8.3
624	-0.624518	192.219391	0.002182	8.3
625	-0.000000	192.060488	0.000000	8.6
626	-0.000000	191.901935	0.000000	8.5
627	-0.651413	191.743730	0.006090	14.2
628	-0.000000	191.585873	0.000000	10.6
629	-0.000000	191.428362	0.000000	8.1
630	-0.692103	191.271196	0.004675	8.4
631	-0.000000	191.114374	0.000000	9.0
632	-0.450409	190.957893	0.005519	13.9
633	-0.000000	190.801755	0.000000	11.8
634	-0.000000	190.645956	0.000000	8.2
635	-0.561123	190.490495	0.003058	8.4
636	-0.000000	190.335373	0.000000	8.4
637	-0.272673	190.180587	0.003431	9.6
638	-0.503444	190.026136	0.005008	13.1
639	-0.000000	189.872019	0.000000	8.7
640	-0.378057	189.718235	0.005649	8.1
641	-0.185347	189.564782	0.002153	8.3
642	-0.853458	189.411661	0.010496	8.5
643	-0.331281	189.258868	0.004158	8.5
644	-0.000000	189.106404	0.000000	8.6
645	-0.125799	188.954267	0.003099	9.3
646	-0.000000	188.802456	0.000000	9.8
647	-0.000007	188.650969	0.000002	8.7
648	-0.358244	188.499807	0.004086	9.1
649	-0.047530	188.348967	0.000989	12.0
650	-0.000000	188.198448	0.000000	12.3
651	-0.380084	188.048250	0.002277	8.2
652	-0.025049	187.898371	0.000113	13.0
653	-0.649357	187.748810	0.008088	7.9
654	-0.225383	187.599566	0.001649	8.6
655	-0.773672	187.450638	0.006983	9.0
656	-0.000000	187.302025	0.000000	8.0
657	-0.578551	187.153725	0.006602	14.7
658	-0.375905	187.005739	0.004591	7.4
659	-0.000000	186.858064	0.000000	10.5
660	-0.000000	186.710699	0.000000	8.6
661	-0.622821	186.563645	0.003784	8.5
662	-0.000251	186.416898	0.000057	9.1
663	-0.000000	186.270459	0.000000	8.3
664	-0.651588	186.124326	0.005118	9.1
665	-0.556954	185.978499	0.006280	8.3
666	-0.317690	185.832976	0.005474	9.3
667	-0.644782	185.687756	0.004340	14.2
668	-0.260740	185.542838	0.001862	6.6
669	-0.011331	185.398222	0.000185	14.3
670	-0.000000	185.253906	0.000000	8.1
671	-0.163785	185.109889	0.003327	8.5
672	-0.646967	184.966170	0.006357	8.6
673	-0.717928	184.822748	0.002342	13.8
674	-0.623975	184.679623	0.005041	11.0
675	-0.476030	184.536792	0.003365	8.5
676	-0.000000	184.394256	0.000000	8.3
677	-0.000000	184.252013	0.000000	8.7
678	-0.000076	184.110062	0.000002	14.2
679	-0.417733	183.968403	0.006603	10.0
680	-0.249784	183.827034	0.003665	8.6
681	-0.000000	183.685954	0.000000	8.9
682	-0.587077	183.545163	0.005055	9.0
683	-0.521266	183.404658	0.006852	8.4
684	-0.833306	183.264441	0.005168	8.5
685	-0.273700	183.124509	0.003901	8.6
686	-0.728988	182.984861	0.006883	10.2
687	-0.777114	182.845497	0.011374	13.5
688	-0.661572	182.706416	0.008782	14.3
689	-0.571311	182.567616	0.006136	8.3
690	-0.376333	182.429098	0.005651	8.2
691	-0.000000	182.290859	0.000000	8.1
692	-0.449352	182.152899	0.006222	13.7
693	-0.000000	182.015217	0.000000	13.5
694	-0.449858	181.877813	0.002588	8.4
695	-0.275608	181.740684	0.002742	8.5
696	-0.248556	181.603832	0.001084	8.4
697	-0.358283	181.467253	0.003232	8.4
698	-0.000000	181.330948	0.000000	14.0
699	-0.422449	181.194916	0.004087	16.6
700	-0.327324	181.059155	0.004886	8.2
701	-0.330654	180.923666	0.003415	8.1
702	-0.215294	180.788446	0.003943	8.0
703	-0.657936	180.653496	0.005149	8.4
704	-0.748330	180.518814	0.004998	8.7
705	-0.783990	180.384399	0.007024	8.6
706	-0.059111	180.250251	0.002533	9.9
707	-0.020017	180.116369	0.000626	8.2
708	-0.403969	179.982752	0.002968	14.8
709	-0.000000	179.849398	0.000000	13.5
710	-0.000000	179.716308	0.000000	9.0
711	-0.000000	179.583480	0.000000	8.1
712	-0.669012	179.450913	0.004409	8.6
713	-0.472635	179.318607	0.005494	14.0
714	-0.683043	179.186561	0.006896	9.1
715	-0.797743	179.054774	0.007796	8.6
716	-0.489634	178.923245	0.004148	8.9
717	-0.045274	178.791973	0.001583	11.1
718	-0.173529	178.660958	0.003556	10.0
719	-0.707053	178.530199	0.006265	8.6
720	-0.124746	178.399694	0.001896	8.8
721	-0.527681	178.269444	0.005031	8.5
722	-0.734045	178.139447	0.005254	9.7
723	-0.228763	178.009702	0.005193	8.9
724	-0.233101	177.880209	0.001068	8.7
725	-0.479918	177.750967	0.003858	8.4
726	-0.340162	177.621975	0.002162	11.5
727	-0.437851	177.493232	0.004948	8.1
728	-0.661961	177.364738	0.004716	8.9
729	-0.000000	177.236492	0.000000	9.5
730	-0.113514	177.108492	0.004228	13.1
731	-0.730663	176.980739	0.004629	8.6
732	-0.000000	176.853231	0.000000	7.9
733	-0.698010	176.725968	0.004695	8.1
734	-0.896232	176.598949	0.005699	8.4
735	-0.828856	176.472173	0.005976	14.3
736	-0.049025	176.345639	0.000596	7.1
737	-0.482665	176.219348	0.002946	8.3
738	-0.549305	176.093296	0.007665	10.6
739	-0.107173	175.967486	0.003197	13.6
740	-0.446295	175.841914	0.008001	6.8
741	-0.400522	175.716581	0.005925	8.4
742	-0.528573	175.591486	0.007599	8.5
743	-0.305830	175.466629	0.003991	8.7
744	-0.357404	175.342008	0.002218	8.2
745	-0.000000	175.217622	0.000000	8.3
746	-0.794670	175.093472	0.004721	8.6
747	-0.000000	174.969556	0.000000	12.8
748	-0.643922	174.845873	0.006050	11.0
749	-0.000000	174.722423	0.000000	18.9
750	-0.390246	174.599206	0.003683	9.4
751	-0.247077	174.476220	0.004051	8.1
752	-0.000000	174.353464	0.000000	8.1
753	-0.215088	174.230939	0.004367	10.5
754	-0.559010	174.108643	0.006404	9.3
755	-0.000000	173.986576	0.000000	8.5
756	-0.454383	173.864737	0.002772	8.9
757	-0.156751	173.743124	0.001414	8.4
758	-0.731482	173.621739	0.007982	8.4
759	-0.195390	173.500579	0.002113	10.1
760	-0.137617	173.379645	0.002189	11.0
761	-0.100882	173.258935	0.001255	8.6
762	-0.129319	173.138449	0.003265	8.3
763	-0.000000	173.018186	0.000000	8.4
764	-0.000000	172.898146	0.000000	9.1
765	-0.000000	172.778327	0.000000	9.6
766	-0.000000	172.658730	0.000000	17.0
767	-0.760484	172.539353	0.006061	8.3
768	-0.000000	172.420196	0.000000	7.1
769	-0.000000	172.301258	0.000000	17.0
770	-0.180949	172.182539	0.002590	6.4
771	-0.000000	172.064037	0.000000	8.7
772	-0.722952	171.945753	0.006474	8.4
773	-0.703368	171.827686	0.005994	9.8
774	-0.690692	171.709834	0.004337	9.9
775	-0.711455	171.592198	0.008573	14.4
776	-0.059049	171.474776	0.000705	10.6
777	-0.000000	171.357568	0.000000	13.1
778	-0.737283	171.240574	0.007824	12.7
779	-0.039963	171.123793	0.000433	11.7
780	-0.423761	171.007223	0.004325	12.0
781	-0.335680	170.890865	0.002631	8.4
782	-0.000000	170.774718	0.000000	8.1
783	-0.000000	170.658782	0.000000	8.6
784	-0.688736	170.543055	0.003944	10.5
785	-0.000000	170.427537	0.000000	8.3
786	-0.008405	170.312227	0.000024	8.2
787	-0.134480	170.197125	0.002967	8.5
788	-0.737363	170.082231	0.006501	10.5
789	-0.360636	169.967543	0.004082	10.4
790	-0.000670	169.853061	0.000388	9.3
791	-0.309055	169.738784	0.003179	8.5
792	-0.165523	169.624713	0.003220	11.4
793	-0.592815	169.510845	0.003569	8.5
794	-0.000000	169.397181	0.000000	8.2
795	-0.261806	169.283720	0.003662	14.7
796	-0.115023	169.170462	0.001414	12.1
797	-0.809858	169.057405	0.008095	8.4
798	-0.235659	168.944549	0.003363	11.5
799	-0.571868	168.831895	0.004398	9.4
800	-0.817760	168.719440	0.008671	10.6
801	-0.000000	168.607185	0.000000	8.1
802	-0.515730	168.495129	0.002422	8.6
803	-0.000000	168.383271	0.000000	11.3
804	-0.000000	168.271611	0.000000	8.0
805	-0.704895	168.160148	0.005873	8.4
806	-0.000000	168.048882	0.000000	8.7
807	-0.491823	167.937812	0.003927	8.7
808	-0.040034	167.826938	0.000828	9.7
809	-0.001545	167.716258	0.000058	11.9
810	-0.871447	167.605773	0.006234	9.1
811	-0.236043	167.495482	0.004278	8.3
812	-0.000000	167.385384	0.000000	8.4
813	-0.263396	167.275479	0.002347	8.8
814	-0.536603	167.165766	0.005808	9.1
815	-0.083164	167.056245	0.002456	8.4
816	-0.164643	166.946915	0.001982	11.5
817	-0.108904	166.837776	0.001289	12.0
818	-0.481596	166.728826	0.003322	8.2
819	-0.125130	166.620067	0.004730	11.4
820	-0.000089	166.511496	0.000062	11.8
821	-0.537331	166.403113	0.005522	8.7
822	-0.350698	166.294919	0.005511	8.5
823	-0.000000	166.186912	0.000000	10.3
824	-0.081986	166.079091	0.002061	7.9
825	-0.000000	165.971458	0.000000	8.3
826	-0.164102	165.864009	0.004630	8.3
827	-0.249897	165.756747	0.006968	8.6
828	-0.334431	165.649669	0.003726	8.4
829	-0.454507	165.542775	0.005816	8.2
830	-0.000000	165.436065	0.000000	13.2
831	-0.000000	165.329538	0.000000	16.7
832	-0.550371	165.223194	0.004209	5.9
833	-0.000000	165.117032	0.000000	8.0
834	-0.651792	165.011052	0.004601	8.8
835	-0.113918	164.905253	0.004212	8.2
836	-0.000443	164.799635	0.000262	16.4
837	-0.000000	164.694197	0.000000	4.2
838	-0.514202	164.588939	0.008851	10.6
839	-0.000000	164.483859	0.000000	7.8
840	-0.752160	164.378959	0.007348	11.8
841	-0.219913	164.274237	0.003260	9.1
842	-0.000000	164.169692	0.000000	13.6
843	-0.000000	164.065325	0.000000	8.4
844	-0.000000	163.961135	0.000000	8.2
845	-0.591631	163.857120	0.004484	8.4
846	-0.710395	163.753282	0.005522	8.4
847	-0.052201	163.649619	0.001731	8.3
848	-0.606331	163.546130	0.008513	8.5
849	-0.302652	163.442816	0.003465	8.5
850	-0.000000	163.339676	0.000000	8.3
851	-0.000000	163.236709	0.000000	13.4
852	-0.000000	163.133915	0.000000	9.0
853	-0.400092	163.031294	0.004748	8.6
854	-0.000000	162.928844	0.000000	8.2
855	-0.416241	162.826566	0.002359	8.5
856	-0.113540	162.724459	0.001695	9.8
857	-0.000000	162.622523	0.000000	11.8
858	-0.000000	162.520757	0.000000	10.2
859	-0.831753	162.419160	0.008609	8.4
860	-0.299117	162.317733	0.003757	8.4
861	-0.824284	162.216474	0.008572	12.9
862	-0.771427	162.115383	0.007568	14.6
863	-0.370337	162.014461	0.005768	9.2
864	-0.000000	161.913705	0.000000	12.1
865	-0.821434	161.813117	0.009491	8.2
866	-0.000000	161.712695	0.000000	8.6
867	-0.763610	161.612439	0.006658	8.9
868	-0.277102	161.512349	0.003603	8.4
869	-0.049905	161.412424	0.000597	8.6
870	-0.000000	161.312663	0.000000	8.3
871	-0.104088	161.213067	0.001308	12.4
872	-0.000000	161.113635	0.000000	12.4
873	-0.322554	161.014366	0.005870	8.0
874	-0.737859	160.915260	0.004862	8.7
875	-0.003679	160.816316	0.000087	8.8
876	-0.404261	160.717535	0.004098	13.5
877	-0.601010	160.618915	0.007204	13.8
878	-0.280315	160.520456	0.003831	10.5
879	-0.775420	160.422158	0.007728	13.1
880	-0.270437	160.324021	0.003968	9.2
881	-0.324005	160.226043	0.004321	8.9
882	-0.353399	160.128225	0.002107	13.6
883	-0.146439	160.030566	0.002727	8.2
884	-0.570379	159.933066	0.005545	9.7
885	-0.000000	159.835723	0.000000	8.6
886	-0.000000	159.738539	0.000000	8.3
887	-0.000000	159.641512	0.000000	8.2
888	-0.526099	159.544642	0.005500	8.3
889	-0.316178	159.447929	0.003266	8.2
890	-0.000000	159.351372	0.000000	11.0
891	-0.572130	159.254971	0.003878	10.7
892	-0.880905	159.158725	0.007187	8.7
893	-0.753462	159.062634	0.006441	8.5
894	-0.782729	158.966697	0.010251	8.6
895	-0.929207	158.870915	0.006164	8.5
896	-0.753528	158.775286	0.006015	8.2
897	-0.194683	158.679811	0.006419	8.7
898	-0.388458	158.584489	0.005257	9.0
899	-0.489811	158.489319	0.003124	13.8
900	-0.000000	158.394302	0.000000	8.8
901	-0.571323	158.299436	0.003758	13.7
902	-0.494254	158.204721	0.004594	8.4
903	-0.000000	158.110158	0.000000	8.3
904	-0.000000	158.015745	0.000000	8.3
905	-0.001613	157.921482	0.000081	13.8
906	-0.243063	157.827369	0.002840	8.1
907	-0.000000	157.733406	0.000000	8.4
908	-0.000000	157.639591	0.000000	8.5
909	-0.000000	157.545925	0.000000	8.3
910	-0.321604	157.452408	0.002854	8.4
911	-0.216028	157.359038	0.005609	10.4
912	-0.313672	157.265816	0.005158	18.6
913	-0.237202	157.172741	0.003429	4.1
914	-0.763432	157.079813	0.005519	8.7
915	-0.611539	156.987031	0.006068	14.2
916	-0.291151	156.894395	0.002502	3.9
917	-0.028030	156.801904	0.001056	8.9
918	-0.000000	156.709559	0.000000	8.3
919	-0.726958	156.617359	0.006826	13.6
920	-0.287793	156.525304	0.003800	9.3
921	-0.401060	156.433392	0.002693	10.8
922	-0.352593	156.341624	0.002891	11.4
923	-0.206315	156.250000	0.004187	8.9
924	-0.594637	156.158519	0.004701	8.7
925	-0.000000	156.067180	0.000000	14.0
926	-0.298284	155.975984	0.004933	7.8
927	-0.000000	155.884930	0.000000	8.7
928	-0.005914	155.794017	0.000191	8.3
929	-0.342220	155.703246	0.004201	8.4
930	-0.461707	155.612615	0.005728	8.7
931	-0.290790	155.522125	0.004079	9.0
932	-0.601320	155.431775	0.003894	13.6
933	-0.204592	155.341565	0.003794	13.7
934	-0.404717	155.251495	0.005033	8.0
935	-0.000000	155.161563	0.000000	7.9
936	-0.376780	155.071771	0.003655	8.5
937	-0.490155	154.982117	0.004276	8.7
938	-0.000000	154.892601	0.000000	8.6
939	-0.148755	154.803222	0.002149	14.0
940	-0.375176	154.713981	0.003154	8.8
941	-0.000000	154.624878	0.000000	8.4
942	-0.251243	154.535910	0.001866	9.0
943	-0.000012	154.447080	0.000019	10.2
944	-0.209735	154.358385	0.004513	8.7
945	-0.251765	154.269826	0.007013	18.5
946	-0.786789	154.181402	0.007503	4.2
947	-0.047297	154.093114	0.001543	8.8
948	-0.586877	154.004960	0.005052	9.0
949	-0.000000	153.916940	0.000000	8.9
950	-0.774438	153.829054	0.005443	8.2
951	-0.000000	153.741303	0.000000	8.4
952	-0.002264	153.653684	0.000063	15.6
953	-0.367512	153.566198	0.003616	7.9
954	-0.751778	153.478846	0.007791	12.4
955	-0.123945	153.391625	0.003709	8.1
956	-0.064121	153.304537	0.001136	11.7
957	-0.782714	153.217580	0.008215	12.8
958	-0.792094	153.130755	0.005455	10.5
959	-0.039619	153.044061	0.000696	8.3
960	-0.050865	152.957498	0.000602	11.2
961	-0.134626	152.871065	0.002452	11.7
962	-0.000000	152.784762	0.000000	8.9
963	-0.460759	152.698589	0.003658	8.9
964	-0.227240	152.612545	0.003571	8.8
965	-0.000000	152.526631	0.000000	8.4
966	-0.401877	152.440845	0.002506	8.6
967	-0.486968	152.355188	0.005126	15.9
968	-0.544398	152.269660	0.005108	4.4
969	-0.385971	152.184259	0.003053	8.4
970	-0.647744	152.098986	0.002264	13.3
971	-0.702432	152.013840	0.007081	10.1
972	-0.273517	151.928821	0.002586	11.9
973	-0.000000	151.843928	0.000000	8.1
974	-0.000000	151.759163	0.000000	8.1
975	-0.650514	151.674523	0.010261	11.1
976	-0.000000	151.590009	0.000000	14.7
977	-0.682983	151.505620	0.006410	13.5
978	-0.437928	151.421357	0.003104	7.8
979	-0.161939	151.337218	0.003826	11.8
980	-0.000000	151.253204	0.000000	8.0
981	-0.559431	151.169314	0.005229	11.4
982	-0.299140	151.085549	0.004389	12.2
983	-0.000000	151.001907	0.000000	12.0
984	-0.000000	150.918388	0.000000	8.3
985	-0.000000	150.834992	0.000000	8.4
986	-0.550789	150.751719	0.006597	8.3
987	-0.770457	150.668569	0.008242	10.7
988	-0.709884	150.585541	0.006729	8.3
989	-0.582675	150.502634	0.007407	8.5
990	-0.167224	150.419849	0.002250	8.3
991	-0.646324	150.337186	0.001844	12.9
992	-0.000104	150.254644	0.000005	10.9
993	-0.718866	150.172222	0.002983	8.6
994	-0.542392	150.089921	0.004679	8.8
995	-0.404234	150.007740	0.004443	8.5
996	-0.000000	149.925679	0.000000	8.2
997	-0.000000	149.843737	0.000000	8.2
998	-0.000000	149.761915	0.000000	8.5
999	-0.000000	149.680212	0.000000	8.2
1000	-0.000000	149.598627	0.000000	13.7
1001	-0.108073	149.517161	0.001099	10.7
1002	-0.000000	149.435814	0.000000	10.7
1003	-0.319893	149.354584	0.004119	9.3
1004	-0.644193	149.273472	0.006674	8.7
1005	-0.000000	149.192477	0.000000	8.0
1006	-0.113233	149.111599	0.002009	8.7
1007	-0.452520	149.030838	0.005453	8.6
1008	-0.486476	148.950194	0.005385	8.5
1009	-0.613257	148.869666	0.003656	16.4
1010	-0.213247	148.789253	0.003004	4.1
1011	-0.000000	148.708957	0.000000	8.4
1012	-0.000014	148.628776	0.000016	10.6
1013	-0.076633	148.548710	0.001149	8.7
1014	-0.000000	148.468759	0.000000	8.1
1015	-0.766647	148.388923	0.009481	8.8
1016	-0.000000	148.309201	0.000000	8.1
1017	-0.000000	148.229594	0.000000	8.4
1018	-0.590900	148.150100	0.007315	8.5
1019	-0.000000	148.070719	0.000000	9.2
1020	-0.000000	147.991452	0.000000	8.0
1021	-0.811074	147.912298	0.007173	9.0
1022	-0.135515	147.833257	0.002141	15.0
1023	-0.262250	147.754329	0.003183	11.2
1024	-0.247588	147.675512	0.004243	8.5
1025	-0.000000	147.596808	0.000000	8.6
1026	-0.495435	147.518216	0.006998	8.7
1027	-0.233480	147.439735	0.002196	9.8
1028	-0.447318	147.361365	0.005025	12.0
1029	-0.538465	147.283106	0.003946	8.2
1030	-0.000000	147.204958	0.000000	8.3
1031	-0.405849	147.126920	0.004711	8.7
1032	-0.515682	147.048993	0.005402	8.2
1033	-0.462901	146.971175	0.003585	16.2
1034	-0.509625	146.893468	0.004502	8.6
1035	-0.349605	146.815869	0.002687	8.3
1036	-0.383562	146.738380	0.004708	8.7
1037	-0.596446	146.661000	0.003887	8.4
1038	-0.690900	146.583729	0.003935	8.6
1039	-0.450147	146.506566	0.005876	11.1
1040	-0.000000	146.429511	0.000000	8.0
1041	-0.244336	146.352565	0.003731	8.5
1042	-0.764043	146.275726	0.006259	9.0
1043	-0.083997	146.198994	0.001693	15.0
1044	-0.000000	146.122370	0.000000	10.8
1045	-0.248493	146.045853	0.002082	7.0
1046	-0.598056	145.969442	0.005257	8.4
1047	-0.213705	145.893139	0.003525	8.5
1048	-0.000000	145.816941	0.000000	8.4
1049	-0.000000	145.740849	0.000000	8.4
1050	-0.004961	145.664863	0.000391	8.4
1051	-0.000000	145.588983	0.000000	8.3
1052	-0.817789	145.513208	0.004485	8.5
1053	-0.825764	145.437538	0.005179	8.1
1054	-0.216325	145.361973	0.002110	8.4
1055	-0.000000	145.286513	0.000000	11.6
1056	-0.000000	145.211157	0.000000	8.2
1057	-0.576280	145.135905	0.003132	8.5
1058	-0.265289	145.060757	0.003259	8.6
1059	-0.585756	144.985712	0.004769	10.3
1060	-0.438670	144.910771	0.005788	8.0
1061	-0.389343	144.835934	0.004854	8.3
1062	-0.599330	144.761199	0.004292	8.8
1063	-0.853274	144.686567	0.006761	8.5
1064	-0.238078	144.612037	0.002501	8.7
1065	-0.798389	144.537610	0.004057	18.7
1066	-0.562366	144.463285	0.003675	4.2
1067	-0.651117	144.389062	0.003330	10.3
1068	-0.821419	144.314940	0.007376	10.6
1069	-0.429900	144.240920	0.003147	8.6
1070	-0.819376	144.167001	0.006619	9.0
1071	-0.000000	144.093182	0.000000	8.6
1072	-0.823598	144.019465	0.007339	8.2
1073	-0.104236	143.945848	0.001796	8.2
1074	-0.662915	143.872331	0.003956	8.3
1075	-0.600211	143.798914	0.007476	8.2
1076	-0.755321	143.725597	0.005029	13.8
1077	-0.581322	143.652380	0.008317	12.1
1078	-0.353511	143.579262	0.002908	8.3
1079	-0.662247	143.506243	0.002147	11.4
1080	-0.352252	143.433323	0.003461	11.9
1081	-0.017621	143.360502	0.000265	8.0
1082	-0.592676	143.287780	0.002511	8.3
1083	-0.000000	143.215155	0.000000	8.2
1084	-0.790038	143.142629	0.005198	8.4
1085	-0.668702	143.070201	0.003365	13.9
1086	-0.000000	142.997870	0.000000	13.2
1087	-0.397534	142.925637	0.006174	8.3
1088	-0.424424	142.853501	0.002996	8.5
1089	-0.229260	142.781462	0.004581	8.4
1090	-0.448350	142.709519	0.005617	11.4
1091	-0.181886	142.637674	0.002463	6.9
1092	-0.669510	142.565924	0.005005	13.5
1093	-0.588918	142.494271	0.005396	8.6
1094	-0.573344	142.422714	0.004646	8.1
1095	-0.780506	142.351252	0.006128	7.7
1096	-0.000000	142.279886	0.000000	9.6
1097	-0.000000	142.208616	0.000000	12.8
1098	-0.637832	142.137440	0.003732	8.2
1099	-0.215153	142.066360	0.003336	8.7
1100	-0.001500	141.995374	0.000094	8.5
1101	-0.615676	141.924483	0.004279	9.6
1102	-0.067211	141.853685	0.000801	8.2
1103	-0.000000	141.782983	0.000000	8.2
1104	-0.337744	141.712373	0.007122	8.8
1105	-0.370537	141.641858	0.005209	8.8
1106	-0.000000	141.571436	0.000000	9.0
1107	-0.376741	141.501108	0.005937	14.3
1108	-0.379835	141.430872	0.005020	13.6
1109	-0.000000	141.360730	0.000000	8.8
1110	-0.636435	141.290680	0.006079	8.1
1111	-0.000000	141.220722	0.000000	8.2
1112	-0.668462	141.150857	0.005711	11.4
1113	-0.000000	141.081084	0.000000	8.3
1114	-0.537391	141.011403	0.002768	11.6
1115	-0.000000	140.941813	0.000000	8.5
1116	-0.625727	140.872315	0.007656	8.1
1117	-0.220526	140.802909	0.003983	11.2
1118	-0.440095	140.733593	0.002578	12.0
1119	-0.000000	140.664369	0.000000	8.4
1120	-0.000000	140.595235	0.000000	8.3
1121	-0.071357	140.526192	0.002024	7.9
1122	-0.247247	140.457239	0.002278	8.7
1123	-0.000000	140.388376	0.000000	8.3
1124	-0.434714	140.319603	0.004747	8.2
1125	-0.317001	140.250920	0.004619	8.3
1126	-0.230333	140.182326	0.004263	8.4
1127	-0.054041	140.113822	0.001421	12.6
1128	-0.697448	140.045407	0.005855	12.3
1129	-0.410675	139.977081	0.005987	11.6
1130	-0.386104	139.908844	0.003292	8.8
1131	-0.174684	139.840696	0.003224	11.1
1132	-0.133608	139.772635	0.002109	12.0
1133	-0.249649	139.704664	0.002621	9.6
1134	-0.514256	139.636780	0.005336	8.1
1135	-0.238249	139.568984	0.002616	8.8
1136	-0.240307	139.501276	0.003464	8.4
1137	-0.165515	139.433655	0.004441	8.1
1138	-0.015326	139.366122	0.000675	13.9
1139	-0.000000	139.298676	0.000000	8.9
1140	-0.543231	139.231317	0.006639	7.9
1141	-0.000000	139.164045	0.000000	8.7
1142	-0.705416	139.096859	0.007484	8.5
1143	-0.577635	139.029760	0.004510	8.4
1144	-0.000000	138.962747	0.000000	8.6
1145	-0.368435	138.895820	0.001450	8.6
1146	-0.316550	138.828978	0.003222	8.5
1147	-0.370712	138.762223	0.004856	18.0
1148	-0.000000	138.695553	0.000000	10.3
1149	-0.728498	138.628969	0.005760	10.7
1150	-0.263998	138.562469	0.002611	8.3
1151	-0.182870	138.496055	0.007214	8.4
1152	-0.000000	138.429725	0.000000	8.4
1153	-0.162979	138.363481	0.002775	8.4
1154	-0.368288	138.297320	0.003904	8.3
1155	-0.455745	138.231244	0.004925	8.4
1156	-0.353933	138.165252	0.002777	12.0
1157	-0.588765	138.099344	0.003861	8.2
1158	-0.315866	138.033520	0.004049	8.4
1159	-0.724617	137.967779	0.010705	10.9
1160	-0.106600	137.902122	0.000893	9.0
1161	-0.000000	137.836548	0.000000	8.3
1162	-0.624985	137.771057	0.001894	8.5
1163	-0.123928	137.705649	0.001697	8.6
1164	-0.648330	137.640324	0.004070	8.6
1165	-0.000000	137.575081	0.000000	8.6
1166	-0.445169	137.509921	0.001454	8.4
1167	-0.000000	137.444842	0.000000	8.5
1168	-0.328438	137.379846	0.003966	9.4
1169	-0.000000	137.314932	0.000000	17.5
1170	-0.272699	137.250100	0.002323	11.7
1171	-0.077833	137.185349	0.000850	10.1
1172	-0.548561	137.120680	0.003113	8.7
1173	-0.530991	137.056092	0.004022	10.2
1174	-0.175302	136.991585	0.002880	8.3
1175	-0.230688	136.927158	0.003008	8.7
1176	-0.792355	136.862813	0.004349	8.5
1177	-0.571071	136.798548	0.004416	8.3
1178	-0.726390	136.734363	0.006070	8.6
1179	-0.858200	136.670259	0.008062	8.6
1180	-0.386508	136.606235	0.003381	11.7
1181	-0.793385	136.542291	0.006900	8.6
1182	-0.000000	136.478426	0.000000	9.1
1183	-0.381684	136.414641	0.003414	8.4
1184	-0.013838	136.350936	0.000213	13.8
1185	-0.000001	136.287310	0.000001	8.7
1186	-0.081413	136.223763	0.001054	8.4
1187	-0.410730	136.160295	0.005215	9.0
1188	-0.000000	136.096905	0.000000	7.8
1189	-0.281327	136.033594	0.004154	8.9
1190	-0.744104	135.970362	0.005620	13.6
1191	-0.000000	135.907208	0.000000	12.3
1192	-0.000000	135.844133	0.000000	9.0
1193	-0.337267	135.781135	0.004208	8.5
1194	-0.154667	135.718215	0.002147	8.1
1195	-0.000000	135.655373	0.000000	11.7
1196	-0.771389	135.592608	0.006300	8.5
1197	-0.000000	135.529921	0.000000	8.6
1198	-0.000000	135.467311	0.000000	8.2
1199	-0.013338	135.404778	0.000620	11.8
1200	-0.000000	135.342322	0.000000	10.3
1201	-0.000000	135.279942	0.000000	9.4
1202	-0.796445	135.217640	0.005464	9.9
1203	-0.390958	135.155413	0.004428	10.0
1204	-0.481319	135.093263	0.002677	10.4
1205	-0.403834	135.031190	0.005498	8.0
1206	-0.768866	134.969192	0.003813	8.5
1207	-0.000067	134.907270	0.000083	8.3
1208	-0.027517	134.845424	0.000820	8.2
1209	-0.000000	134.783653	0.000000	8.6
1210	-0.000000	134.721958	0.000000	14.3
1211	-0.091892	134.660338	0.001114	10.1
1212	-0.569742	134.598793	0.004708	8.8
1213	-0.001343	134.537323	0.000705	9.0
1214	-0.369802	134.475927	0.002879	8.8
1215	-0.389625	134.414607	0.005293	8.4
1216	-0.000000	134.353361	0.000000	7.9
1217	-0.744600	134.292189	0.004523	8.5
1218	-0.000000	134.231092	0.000000	8.6
1219	-0.535398	134.170068	0.005603	9.1
1220	-0.719396	134.109119	0.005947	13.2
1221	-0.265451	134.048243	0.003168	11.6
1222	-0.058038	133.987441	0.001476	8.6
1223	-0.000464	133.926713	0.000088	8.4
1224	-0.370248	133.866057	0.003790	8.4
1225	-0.108448	133.805475	0.003978	8.1
1226	-0.146590	133.744966	0.002911	8.4
1227	-0.115745	133.684530	0.003677	9.3
1228	-0.000000	133.624167	0.000000	8.4
1229	-0.201854	133.563877	0.000652	8.3
1230	-0.734888	133.503658	0.005157	8.3
1231	-0.258436	133.443513	0.004247	8.3
1232	-0.000000	133.383439	0.000000	14.9
1233	-0.000000	133.323437	0.000000	10.6
1234	-0.424983	133.263508	0.005608	12.8
1235	-0.000000	133.203650	0.000000	7.9
1236	-0.507604	133.143864	0.006039	11.8
1237	-0.672165	133.084149	0.003896	8.6
1238	-0.000000	133.024506	0.000000	8.6
1239	-0.000000	132.964934	0.000000	8.6
1240	-0.204050	132.905433	0.001840	8.8
1241	-0.248453	132.846003	0.002410	8.5
1242	-0.110665	132.786643	0.001977	16.3
1243	-0.000000	132.727355	0.000000	8.1
1244	-0.049085	132.668137	0.000615	8.4
1245	-0.000000	132.608989	0.000000	8.2
1246	-0.672264	132.549912	0.006318	8.2
1247	-0.372915	132.490904	0.002277	8.6
1248	-0.000000	132.431967	0.000000	8.4
1249	-0.505857	132.373100	0.004588	8.2
1250	-0.688806	132.314302	0.006780	8.6
1251	-0.327975	132.255574	0.004554	8.7
1252	-0.213375	132.196916	0.004110	11.0
1253	-0.806358	132.138326	0.007898	13.1
1254	-0.759958	132.079806	0.006055	16.7
1255	-0.119336	132.021355	0.001582	7.8
1256	-0.000000	131.962973	0.000000	8.3
1257	-0.000000	131.904660	0.000000	10.7
1258	-0.000000	131.846415	0.000000	8.5
1259	-0.639450	131.788239	0.007998	8.8
1260	-0.485370	131.730131	0.003350	8.6
1261	-0.003468	131.672092	0.000365	8.8
1262	-0.153739	131.614121	0.001372	9.0
1263	-0.000000	131.556217	0.000000	12.1
1264	-0.685857	131.498382	0.007977	9.6
1265	-0.713389	131.440614	0.006273	8.0
1266	-0.000000	131.382914	0.000000	8.1
1267	-0.000000	131.325282	0.000000	7.6
1268	-0.558057	131.267717	0.004611	8.3
1269	-0.142676	131.210219	0.003753	8.8
1270	-0.060366	131.152788	0.002246	8.3
1271	-0.000000	131.095424	0.000000	12.7
1272	-0.478743	131.038127	0.009214	8.2
1273	-0.143600	130.980897	0.002421	8.2
1274	-0.000000	130.923733	0.000000	8.8
1275	-0.000000	130.866636	0.000000	15.3
1276	-0.871930	130.809605	0.006647	7.9
1277	-0.012512	130.752641	0.000412	11.8
1278	-0.408134	130.695742	0.005399	8.2
1279	-0.000000	130.638910	0.000000	8.6
1280	-0.282073	130.582143	0.004988	8.3
1281	-0.059691	130.525442	0.001211	8.4
1282	-0.253149	130.468807	0.003784	8.4
1283	-0.000000	130.412237	0.000000	8.1
1284	-0.000000	130.355733	0.000000	13.0
1285	-0.652562	130.299294	0.007077	8.4
1286	-0.720311	130.242920	0.005843	8.7
1287	-0.233064	130.186611	0.002181	8.5
1288	-0.287285	130.130366	0.003363	8.5
1289	-0.817509	130.074187	0.005865	8.6
1290	-0.021593	130.018072	0.001097	13.1
1291	-0.000000	129.962022	0.000000	8.1
1292	-0.806089	129.906036	0.006068	8.4
1293	-0.000000	129.850114	0.000000	8.2
1294	-0.575828	129.794257	0.004241	8.4
1295	-0.000000	129.738463	0.000000	18.4
1296	-0.407048	129.682734	0.003789	6.3
1297	-0.000000	129.627068	0.000000	8.3
1298	-0.561524	129.571466	0.007992	8.2
1299	-0.000000	129.515927	0.000000	8.1
1300	-0.028088	129.460452	0.000386	8.3
1301	-0.345436	129.405040	0.001928	8.6
1302	-0.000000	129.349692	0.000000	8.0
1303	-0.573039	129.294406	0.004247	8.6
1304	-0.695302	129.239183	0.005856	8.4
1305	-0.000000	129.184024	0.000000	10.7
1306	-0.480793	129.128927	0.006287	11.7
1307	-0.151657	129.073892	0.002522	9.6
1308	-0.000000	129.018921	0.000000	8.9
1309	-0.322943	128.964011	0.003450	13.4
1310	-0.000000	128.909164	0.000000	8.0
1311	-0.720611	128.854379	0.007592	8.5
1312	-0.000000	128.799656	0.000000	8.3
1313	-0.000000	128.744995	0.000000	8.7
1314	-0.604101	128.690396	0.004873	8.8
1315	-0.163855	128.635858	0.002479	8.7
1316	-0.000000	128.581382	0.000000	9.1
1317	-0.535593	128.526968	0.005570	14.7
1318	-0.622306	128.472615	0.004150	12.1
1319	-0.000000	128.418323	0.000000	8.5
1320	-0.000000	128.364092	0.000000	8.1
1321	-0.000000	128.309922	0.000000	12.3
1322	-0.396869	128.255814	0.005295	7.9
1323	-0.385642	128.201766	0.004341	8.5
1324	-0.000000	128.147778	0.000000	8.5
1325	-0.774954	128.093852	0.006176	10.7
1326	-0.177958	128.039985	0.003104	16.0
1327	-0.056686	127.986180	0.002789	8.3
1328	-0.326829	127.932434	0.002804	8.3
1329	-0.000481	127.878749	0.000014	8.3
1330	-0.000000	127.825123	0.000000	8.4
1331	-0.846233	127.771558	0.005795	8.4
1332	-0.167405	127.718052	0.005451	8.5
1333	-0.610660	127.664606	0.005520	8.4
1334	-0.251329	127.611220	0.005107	8.3
1335	-0.047739	127.557893	0.002869	8.6
1336	-0.202761	127.504625	0.002450	8.1
1337	-0.274535	127.451417	0.006259	8.6
1338	-0.534314	127.398268	0.005687	9.3
1339	-0.724851	127.345178	0.006533	16.0
1340	-0.000000	127.292147	0.000000	8.2
1341	-0.074762	127.239175	0.003285	9.1
1342	-0.000000	127.186261	0.000000	8.3
1343	-0.000000	127.133407	0.000000	7.9
1344	-0.464833	127.080610	0.003762	8.8
1345	-0.207747	127.027872	0.001994	9.0
1346	-0.402161	126.975193	0.003884	8.4
1347	-0.666889	126.922572	0.006286	8.5
1348	-0.000000	126.870008	0.000000	11.7
1349	-0.810729	126.817503	0.007172	11.5
1350	-0.037858	126.765056	0.001585	8.0
1351	-0.069024	126.712667	0.004281	13.5
1352	-0.344024	126.660335	0.003864	7.9
1353	-0.272069	126.608061	0.007598	8.7
1354	-0.338177	126.555844	0.004261	13.2
1355	-0.159714	126.503685	0.002933	8.0
1356	-0.104543	126.451583	0.002056	8.0
1357	-0.000000	126.399538	0.000000	8.3
1358	-0.369171	126.347550	0.003890	9.4
1359	-0.000000	126.295619	0.000000	10.5
1360	-0.147668	126.243745	0.002728	10.7
1361	-0.234319	126.191928	0.003966	8.3
1362	-0.000000	126.140168	0.000000	8.7
1363	-0.000000	126.088464	0.000000	8.1
1364	-0.788702	126.036817	0.006773	10.2
1365	-0.702181	125.985226	0.004228	11.6
1366	-0.000000	125.933691	0.000000	8.1
1367	-0.603986	125.882212	0.004404	8.4
1368	-0.014165	125.830790	0.000361	11.0
1369	-0.551077	125.779423	0.004173	8.6
1370	-0.280533	125.728113	0.003129	8.3
1371	-0.014403	125.676858	0.001153	8.4
1372	-0.819610	125.625659	0.007405	8.3
1373	-0.238957	125.574515	0.001139	8.6
1374	-0.693676	125.523427	0.004980	10.4
1375	-0.695226	125.472394	0.005799	8.3
1376	-0.015959	125.421417	0.000593	8.3
1377	-0.198669	125.370495	0.003099	8.7
1378	-0.364721	125.319628	0.003611	8.5
1379	-0.000000	125.268815	0.000000	13.8
1380	-0.399477	125.218058	0.005717	13.8
1381	-0.576119	125.167356	0.004808	14.2
1382	-0.006476	125.116708	0.000054	8.7
1383	-0.000000	125.066115	0.000000	8.5
1384	-0.295758	125.015576	0.002070	8.8
1385	-0.096157	124.965092	0.001464	8.2
1386	-0.382730	124.914662	0.002890	8.5
1387	-0.000000	124.864287	0.000000	8.8
1388	-0.029168	124.813965	0.001405	9.5
1389	-0.316179	124.763698	0.001495	13.4
1390	-0.374781	124.713485	0.002725	8.9
1391	-0.000000	124.663325	0.000000	9.4
1392	-0.500855	124.613219	0.004375	10.5
1393	-0.097079	124.563167	0.000946	10.5
1394	-0.185082	124.513168	0.004090	17.3
1395	-0.000000	124.463223	0.000000	4.5
1396	-0.280516	124.413332	0.004814	8.3
1397	-0.718193	124.363493	0.009911	8.4
1398	-0.170445	124.313708	0.003452	8.2
1399	-0.000000	124.263976	0.000000	10.4
1400	-0.000000	124.214297	0.000000	12.3
1401	-0.489639	124.164671	0.007415	14.1
1402	-0.799263	124.115097	0.005784	8.4
1403	-0.000001	124.065577	0.000001	8.3
1404	-0.570309	124.016109	0.004002	8.4
1405	-0.000000	123.966693	0.000000	8.5
1406	-0.241517	123.917330	0.003793	8.4
1407	-0.129341	123.868020	0.002618	8.5
1408	-0.016145	123.818762	0.002415	8.8
1409	-0.000000	123.769556	0.000000	10.7
1410	-0.444422	123.720402	0.003213	9.5
1411	-0.431875	123.671300	0.004015	12.9
1412	-0.842136	123.622250	0.004381	8.7
1413	-0.787872	123.573252	0.005759	8.3
1414	-0.586957	123.524305	0.005904	8.5
1415	-0.567259	123.475411	0.003888	8.6
1416	-0.000000	123.426568	0.000000	8.6
1417	-0.000000	123.377776	0.000000	8.4
1418	-0.000000	123.329036	0.000000	8.3
1419	-0.619865	123.280347	0.007043	8.4
1420	-0.838592	123.231709	0.007883	11.8
1421	-0.295606	123.183122	0.003458	14.5
1422	-0.098008	123.134587	0.001699	10.5
1423	-0.517277	123.086102	0.005019	10.9
1424	-0.699588	123.037669	0.008503	8.7
1425	-0.290766	122.989286	0.002225	8.5
1426	-0.000000	122.940954	0.000000	8.2
1427	-0.000000	122.892672	0.000000	12.4
1428	-0.615293	122.844441	0.004111	8.7
1429	-0.421388	122.796261	0.003138	8.3
1430	-0.321531	122.748130	0.006169	9.0
1431	-0.550117	122.700050	0.003150	13.7
1432	-0.454470	122.652021	0.003950	8.6
1433	-0.582218	122.604041	0.003378	8.4
1434	-0.000000	122.556111	0.000000	8.7
1435	-0.322795	122.508232	0.002460	8.6
1436	-0.833098	122.460402	0.007074	8.5
1437	-0.403989	122.412622	0.005706	8.8
1438	-0.341158	122.364891	0.003446	8.4
1439	-0.885905	122.317210	0.005469	8.0
1440	-0.595098	122.269579	0.006092	8.4
1441	-0.000000	122.221997	0.000000	12.7
1442	-0.296654	122.174465	0.002877	13.5
1443	-0.430905	122.126981	0.005501	9.0
1444	-0.574123	122.079547	0.003813	13.2
1445	-0.000000	122.032162	0.000000	8.1
1446	-0.410873	121.984826	0.002966	8.1
1447	-0.516580	121.937539	0.003778	8.5
1448	-0.091809	121.890301	0.000977	8.6
1449	-0.022939	121.843112	0.000317	8.7
1450	-0.778140	121.795971	0.009116	8.4
1451	-0.188140	121.748879	0.003536	12.8
1452	-0.556754	121.701835	0.003810	9.0
1453	-0.601368	121.654840	0.004193	10.9
1454	-0.000000	121.607893	0.000000	11.8
1455	-0.000000	121.560994	0.000000	8.2
1456	-0.000000	121.514144	0.000000	7.8
1457	-0.037855	121.467342	0.000459	8.0
1458	-0.174178	121.420588	0.003246	8.1
1459	-0.730770	121.373882	0.008994	8.6
1460	-0.440944	121.327223	0.005057	8.4
1461	-0.428223	121.280613	0.003190	8.7
1462	-0.366280	121.234050	0.006446	19.8
1463	-0.791487	121.187535	0.007325	5.9
1464	-0.000000	121.141067	0.000000	11.1
1465	-0.489630	121.094647	0.003122	8.3
1466	-0.000027	121.048274	0.000004	8.4
1467	-0.394945	121.001949	0.004031	8.6
1468	-0.258120	120.955671	0.004868	8.6
1469	-0.312589	120.909440	0.006168	8.3
1470	-0.512795	120.863256	0.005267	8.4
1471	-0.226475	120.817119	0.002368	8.6
1472	-0.758307	120.771029	0.006259	8.3
1473	-0.000000	120.724986	0.000000	12.2
1474	-0.447003	120.678990	0.004010	9.2
1475	-0.184582	120.633040	0.004038	15.2
1476	-0.000000	120.587137	0.000000	4.1
1477	-0.000000	120.541281	0.000000	8.4
1478	-0.055345	120.495471	0.000837	8.3
1479	-0.003584	120.449707	0.000147	8.8
1480	-0.000000	120.403990	0.000000	8.4
1481	-0.460754	120.358319	0.003802	8.5
1482	-0.463414	120.312694	0.004636	8.6
1483	-0.273242	120.267115	0.005759	8.2
1484	-0.436980	120.221582	0.004226	15.9
1485	-0.320196	120.176096	0.003960	9.2
1486	-0.704112	120.130655	0.006508	10.4
1487	-0.000000	120.085260	0.000000	8.0
1488	-0.000000	120.039910	0.000000	8.2
1489	-0.588555	119.994606	0.004364	8.9
1490	-0.000000	119.949348	0.000000	8.5
1491	-0.552959	119.904135	0.005329	8.5
1492	-0.000000	119.858968	0.000000	10.2
1493	-0.074170	119.813846	0.001158	8.3
1494	-0.000000	119.768769	0.000000	10.7
1495	-0.728696	119.723738	0.003203	14.7
1496	-0.854423	119.678752	0.005441	8.6
1497	-0.828964	119.633810	0.008142	9.0
1498	-0.878842	119.588914	0.006085	14.0
1499	-0.105594	119.544062	0.001158	8.2
1500	-0.000000	119.499256	0.000000	8.2
1501	-0.040291	119.454494	0.000960	8.6
1502	-0.002841	119.409777	0.000321	8.4
1503	-0.263682	119.365104	0.003622	8.3
1504	-0.364506	119.320476	0.004448	9.3
1505	-0.000000	119.275893	0.000000	9.4
1506	-0.495870	119.231353	0.003407	14.7
1507	-0.409791	119.186859	0.003486	12.5
1508	-0.000000	119.142408	0.000000	9.3
1509	-0.220073	119.098002	0.000755	8.2
1510	-0.382238	119.053639	0.005444	13.0
1511	-0.446274	119.009321	0.003843	6.8
1512	-0.000000	118.965047	0.000000	8.5
1513	-0.353182	118.920816	0.001850	11.5
1514	-0.000000	118.876630	0.000000	11.0
1515	-0.349257	118.832487	0.006252	8.4
1516	-0.088289	118.788388	0.000811	8.7
1517	-0.666164	118.744332	0.004191	8.3
1518	-0.338593	118.700320	0.002766	8.5
1519	-0.213180	118.656352	0.001086	8.9
1520	-0.070614	118.612427	0.000518	8.8
1521	-0.000000	118.568545	0.000000	8.5
1522	-0.442432	118.524706	0.004934	8.5
1523	-0.000000	118.480911	0.000000	8.0
1524	-0.462056	118.437159	0.006327	11.8
1525	-0.807688	118.393450	0.007333	14.1
1526	-0.824983	118.349784	0.004998	8.9
1527	-0.139358	118.306160	0.001527	13.9
1528	-0.000000	118.262580	0.000001	8.5
1529	-0.000000	118.219042	0.000000	8.3
1530	-0.594519	118.175548	0.006168	8.8
1531	-0.000000	118.132095	0.000000	8.4
1532	-0.000000	118.088686	0.000000	8.3
1533	-0.099211	118.045319	0.001850	11.3
1534	-0.744538	118.001994	0.005432	13.1
1535	-0.289399	117.958712	0.003897	10.6
1536	-0.000000	117.915472	0.000000	8.3
1537	-0.619234	117.872274	0.005112	11.8
1538	-0.444703	117.829118	0.005396	8.0
1539	-0.164793	117.786005	0.002249	8.5
1540	-0.407860	117.742933	0.004004	8.3
1541	-0.094326	117.699904	0.002399	8.3
1542	-0.000000	117.656916	0.000000	10.6
1543	-0.013153	117.613971	0.000350	11.8
1544	-0.286789	117.571067	0.003993	11.9
1545	-0.224700	117.528205	0.001978	8.5
1546	-0.084873	117.485384	0.001198	8.8
1547	-0.148312	117.442605	0.000903	14.1
1548	-0.480985	117.399867	0.005039	11.4
1549	-0.000000	117.357171	0.000000	8.1
1550	-0.000000	117.314517	0.000000	8.1
1551	-0.571017	117.271903	0.003688	8.5
1552	-0.000000	117.229331	0.000000	8.8
1553	-0.111230	117.186800	0.002823	8.6
1554	-0.664936	117.144311	0.006314	9.7
1555	-0.000000	117.101862	0.000000	12.0
1556	-0.000000	117.059454	0.000000	11.5
1557	-0.817582	117.017087	0.007226	8.0
1558	-0.569686	116.974762	0.005085	8.3
1559	-0.017569	116.932476	0.000126	8.6
1560	-0.364175	116.890232	0.006490	8.6
1561	-0.000000	116.848028	0.000000	10.3
1562	-0.512989	116.805865	0.003209	8.2
1563	-0.557987	116.763743	0.003203	8.3
1564	-0.633658	116.721661	0.006589	8.6
1565	-0.000000	116.679619	0.000000	11.0
1566	-0.827507	116.637618	0.004985	8.7
1567	-0.443395	116.595657	0.004027	13.6
1568	-0.257348	116.553736	0.005227	10.2
1569	-0.155538	116.511855	0.002175	10.4
1570	-0.249164	116.470015	0.004040	8.5
1571	-0.000000	116.428214	0.000000	8.4
1572	-0.279485	116.386454	0.003650	8.8
1573	-0.676032	116.344733	0.005987	8.6
1574	-0.000000	116.303052	0.000000	8.5
1575	-0.000000	116.261412	0.000000	8.9
1576	-0.071485	116.219810	0.000539	11.9
1577	-0.000000	116.178249	0.000000	11.9
1578	-0.174103	116.136727	0.001493	8.4
1579	-0.264674	116.095245	0.002671	8.3
1580	-0.090729	116.053802	0.000941	11.2
1581	-0.000000	116.012398	0.000000	8.0
1582	-0.141337	115.971034	0.002510	8.5
1583	-0.635012	115.929710	0.010044	8.4
1584	-0.199160	115.888424	0.004412	10.6
1585	-0.654181	115.847178	0.005722	14.6
1586	-0.652159	115.805970	0.004819	9.3
1587	-0.050923	115.764802	0.001584	17.1
1588	-0.000000	115.723673	0.000000	7.2
1589	-0.515329	115.682583	0.005643	15.5
1590	-0.402793	115.641532	0.002930	10.8
1591	-0.263676	115.600519	0.002329	13.2
1592	-0.067220	115.559546	0.000793	8.1
1593	-0.000000	115.518610	0.000000	11.6
1594	-0.000000	115.477714	0.000000	15.0
1595	-0.000000	115.436856	0.000000	8.7
1596	-0.761133	115.396037	0.005959	8.7
1597	-0.821463	115.355256	0.006192	11.5
1598	-0.000000	115.314514	0.000000	11.9
1599	-0.006215	115.273810	0.000009	8.1
1600	-0.368424	115.233144	0.004100	8.5
1601	-0.238075	115.192517	0.003250	8.8
1602	-0.801626	115.151927	0.004616	8.8
1603	-0.000000	115.111376	0.000000	9.6
1604	-0.172626	115.070863	0.002479	9.5
1605	-0.239758	115.030388	0.003238	9.0
1606	-0.265737	114.989951	0.006288	8.0
1607	-0.242795	114.949551	0.003292	9.3
1608	-0.599919	114.909190	0.005521	12.0
1609	-0.368495	114.868866	0.004634	8.2
1610	-0.602955	114.828580	0.005080	10.1
1611	-0.000000	114.788332	0.000000	8.3
1612	-0.044027	114.748121	0.000238	8.5
1613	-0.328547	114.707948	0.003311	8.4
1614	-0.426433	114.667812	0.005056	15.7
1615	-0.282450	114.627714	0.005075	8.5
1616	-0.078266	114.587653	0.001203	8.3
1617	-0.719051	114.547629	0.006760	8.6
1618	-0.085171	114.507643	0.001833	8.2
1619	-0.707129	114.467693	0.005587	8.6
1620	-0.588080	114.427781	0.006016	8.6
1621	-0.214308	114.387907	0.001972	8.4
1622	-0.833962	114.348069	0.002428	8.6
1623	-0.689500	114.308268	0.004100	8.3
1624	-0.290272	114.268504	0.004326	8.3
1625	-0.000000	114.228777	0.000000	14.4
1626	-0.578250	114.189086	0.006625	8.9
1627	-0.446835	114.149433	0.005595	8.4
1628	-0.570138	114.109816	0.004341	8.9
1629	-0.000000	114.070235	0.000000	18.2
1630	-0.156343	114.030692	0.003025	4.1
1631	-0.715352	113.991185	0.005126	8.3
1632	-0.000000	113.951714	0.000000	8.3
1633	-0.418424	113.912280	0.004245	8.4
1634	-0.000000	113.872882	0.000000	8.1
1635	-0.000298	113.833521	0.000207	13.9
1636	-0.482712	113.794195	0.006518	9.9
1637	-0.658103	113.754906	0.003349	8.2
1638	-0.168860	113.715653	0.004986	8.7
1639	-0.000000	113.676437	0.000000	8.9
1640	-0.149549	113.637256	0.004454	12.9
1641	-0.130239	113.598111	0.003742	8.3
1642	-0.171764	113.559002	0.001934	8.3
1643	-0.000000	113.519929	0.000000	8.5
1644	-0.276798	113.480892	0.002986	8.3
1645	-0.530089	113.441891	0.006100	8.5
1646	-0.328045	113.402925	0.003793	8.5
1647	-0.000000	113.363995	0.000000	13.2
1648	-0.456662	113.325101	0.006416	9.0
1649	-0.227332	113.286242	0.001687	8.0
1650	-0.561104	113.247419	0.004797	14.5
1651	-0.841036	113.208631	0.006246	8.6
1652	-0.012406	113.169879	0.000279	8.3
1653	-0.003436	113.131162	0.000234	8.3
1654	-0.683897	113.092480	0.004887	8.4
1655	-0.766094	113.053833	0.005478	8.8
1656	-0.290890	113.015222	0.004651	13.6
1657	-0.578677	112.976646	0.007118	8.6
1658	-0.000000	112.938105	0.000000	9.6
1659	-0.430198	112.899599	0.002000	8.6
1660	-0.542816	112.861128	0.007839	12.8
1661	-0.866308	112.822692	0.007158	8.4
1662	-0.431107	112.784291	0.005594	8.4
1663	-0.606155	112.745924	0.006089	8.4
1664	-0.554059	112.707593	0.004377	8.3
1665	-0.000000	112.669296	0.000000	8.4
1666	-0.291692	112.631034	0.004847	8.7
1667	-0.408358	112.592806	0.004316	13.5
1668	-0.000000	112.554613	0.000000	8.4
1669	-0.656555	112.516455	0.003122	8.6
1670	-0.237954	112.478331	0.002563	8.1
1671	-0.399654	112.440241	0.004644	14.1
1672	-0.611290	112.402186	0.004987	13.2
1673	-0.410507	112.364165	0.004675	7.4
1674	-0.069146	112.326179	0.000860	17.4
1675	-0.000000	112.288227	0.000000	3.9
1676	-0.591337	112.250309	0.003272	11.3
1677	-0.000000	112.212425	0.000000	12.1
1678	-0.540763	112.174575	0.003352	8.2
1679	-0.000000	112.136759	0.000000	8.3
1680	-0.431434	112.098977	0.004181	8.2
1681	-0.590861	112.061229	0.004332	8.1
1682	-0.463604	112.023515	0.004210	8.5
1683	-0.000000	111.985834	0.000000	8.1
1684	-0.000000	111.948188	0.000000	8.5
1685	-0.072521	111.910575	0.001468	8.6
1686	-0.219368	111.872996	0.003104	13.0
1687	-0.000000	111.835450	0.000000	11.0
1688	-0.377619	111.797939	0.008599	8.2
1689	-0.361597	111.760460	0.002078	8.5
1690	-0.595944	111.723015	0.005053	11.8
1691	-0.667177	111.685604	0.003629	10.3
1692	-0.183315	111.648226	0.002594	11.5
1693	-0.000000	111.610881	0.000000	8.7
1694	-0.403523	111.573570	0.004587	9.8
1695	-0.000000	111.536292	0.000000	8.3
1696	-0.855931	111.499047	0.008438	11.4
1697	-0.793815	111.461835	0.004924	11.8
1698	-0.000000	111.424656	0.000000	8.2
1699	-0.571474	111.387510	0.003290	11.8
1700	-0.000000	111.350398	0.000000	8.2
1701	-0.004048	111.313318	0.000614	8.7
1702	-0.612721	111.276271	0.008075	10.8
1703	-0.000000	111.239257	0.000000	12.0
1704	-0.251375	111.202276	0.002688	12.0
1705	-0.217766	111.165328	0.003010	11.8
1706	-0.876432	111.128412	0.005380	15.4
1707	-0.000000	111.091529	0.000000	8.5
1708	-0.780918	111.054679	0.004312	8.1
1709	-0.232290	111.017861	0.003595	8.3
1710	-0.000000	110.981076	0.000000	13.6
1711	-0.299746	110.944323	0.003460	16.6
1712	-0.585872	110.907603	0.007761	6.0
1713	-0.329026	110.870915	0.002476	8.6
1714	-0.287981	110.834259	0.001496	8.5
1715	-0.119302	110.797636	0.003253	8.3
1716	-0.677538	110.761045	0.006232	13.7
1717	-0.445221	110.724486	0.004303	8.4
1718	-0.781423	110.687959	0.006253	8.8
1719	-0.576184	110.651465	0.004029	8.5
1720	-0.580646	110.615002	0.005645	8.8
1721	-0.000000	110.578572	0.000000	8.2
1722	-0.255037	110.542173	0.002164	8.4
1723	-0.731838	110.505807	0.007519	8.4
1724	-0.049364	110.469472	0.000389	8.5
1725	-0.000000	110.433169	0.000000	9.6
1726	-0.115270	110.396898	0.002312	8.3
1727	-0.757256	110.360659	0.004965	13.7
1728	-0.000000	110.324451	0.000000	11.4
1729	-0.517543	110.288276	0.004257	8.6
1730	-0.000000	110.252131	0.000000	8.7
1731	-0.135919	110.216019	0.001385	14.6
1732	-0.696909	110.179937	0.005546	8.5
1733	-0.000000	110.143888	0.000000	8.1
1734	-0.183401	110.107869	0.002805	8.3
1735	-0.000000	110.071882	0.000000	11.1
1736	-0.000000	110.035927	0.000000	7.9
1737	-0.327577	110.000003	0.003666	14.0
1738	-0.000000	109.964110	0.000000	8.1
1739	-0.000000	109.928248	0.000000	8.3
1740	-0.000000	109.892417	0.000000	8.6
1741	-0.070025	109.856618	0.002019	13.3
1742	-0.675493	109.820850	0.004782	8.5
1743	-0.792461	109.785112	0.006051	10.7
1744	-0.627054	109.749406	0.004579	8.3
1745	-0.000000	109.713730	0.000000	8.1
1746	-0.274105	109.678086	0.006157	8.6
1747	-0.000000	109.642472	0.000000	14.3
1748	-0.000000	109.606890	0.000000	8.2
1749	-0.000000	109.571337	0.000000	12.3
1750	-0.000000	109.535816	0.000000	7.8
1751	-0.147476	109.500326	0.002750	9.2
1752	-0.000000	109.464866	0.000000	11.6
1753	-0.000000	109.429436	0.000000	8.2
1754	-0.875136	109.394038	0.005297	10.5
1755	-0.342601	109.358669	0.002619	13.4
1756	-0.614387	109.323331	0.009030	14.1
1757	-0.251828	109.288024	0.005522	8.5
1758	-0.224410	109.252747	0.004242	8.6
1759	-0.319881	109.217501	0.004071	8.5
1760	-0.115183	109.182284	0.001383	8.1
1761	-0.586560	109.147098	0.007167	8.7
1762	-0.000000	109.111942	0.000000	8.2
1763	-0.791030	109.076817	0.005814	7.9
1764	-0.518134	109.041721	0.003931	8.2
1765	-0.547951	109.006656	0.005837	8.8
1766	-0.837340	108.971620	0.006045	8.2
1767	-0.000000	108.936615	0.000000	8.0
1768	-0.349779	108.901640	0.004291	14.0
1769	-0.649785	108.866694	0.004375	8.3
1770	-0.391173	108.831779	0.003483	13.8
1771	-0.092752	108.796893	0.001508	10.0
1772	-0.396557	108.762037	0.005990	9.4
1773	-0.000021	108.727211	0.000008	11.4
1774	-0.000000	108.692415	0.000000	8.4
1775	-0.412541	108.657648	0.001900	8.4
1776	-0.426327	108.622911	0.003261	8.3
1777	-0.000000	108.588203	0.000000	13.7
1778	-0.804084	108.553525	0.005737	9.5
1779	-0.745531	108.518877	0.005669	8.3
1780	-0.000000	108.484258	0.000000	8.4
1781	-0.553708	108.449668	0.004895	8.6
1782	-0.000000	108.415108	0.000000	9.0
1783	-0.184234	108.380578	0.002192	8.4
1784	-0.000000	108.346076	0.000000	8.5
1785	-0.051296	108.311604	0.000947	8.7
1786	-0.341726	108.277161	0.002675	8.2
1787	-0.206407	108.242747	0.003561	8.6
1788	-0.000000	108.208363	0.000000	13.4
1789	-0.681675	108.174007	0.006233	12.8
1790	-0.407782	108.139681	0.002987	8.2
1791	-0.057424	108.105383	0.000868	8.6
1792	-0.003996	108.071115	0.000091	8.3
1793	-0.367725	108.036875	0.002463	14.2
1794	-0.833056	108.002665	0.006931	8.4
1795	-0.469642	107.968483	0.003814	8.3
1796	-0.001833	107.934330	0.000150	8.7
1797	-0.276724	107.900206	0.003640	8.8
1798	-0.841960	107.866111	0.008242	12.7
1799	-0.142738	107.832044	0.001675	8.2
1800	-0.431169	107.798007	0.003707	8.6
1801	-0.122139	107.763997	0.001948	12.1
1802	-0.718254	107.730017	0.002509	8.2
1803	-0.626921	107.696065	0.003641	8.5
1804	-0.227723	107.662141	0.004572	9.3
1805	-0.364028	107.628246	0.003568	9.6
1806	-0.481979	107.594379	0.005226	8.0
1807	-0.671798	107.560541	0.004111	8.0
1808	-0.237915	107.526731	0.004195	15.0
1809	-0.686039	107.492949	0.006590	8.4
1810	-0.716384	107.459196	0.004940	9.3
1811	-0.000012	107.425471	0.000006	9.2
1812	-0.518761	107.391774	0.003972	8.5
1813	-0.000000	107.358106	0.000000	9.1
1814	-0.212924	107.324465	0.004368	12.1
1815	-0.398275	107.290853	0.003037	11.4
1816	-0.264309	107.257268	0.002732	11.0
1817	-0.680847	107.223712	0.004460	8.7
1818	-0.187736	107.190184	0.003109	13.8
1819	-0.000000	107.156683	0.000000	10.3
1820	-0.572024	107.123211	0.007662	8.5
1821	-0.375552	107.089766	0.002571	11.6
1822	-0.351947	107.056349	0.004148	8.0
1823	-0.470601	107.022960	0.003411	11.3
1824	-0.000000	106.989599	0.000000	10.2
1825	-0.760312	106.956265	0.004832	8.2
1826	-0.312502	106.922960	0.004911	11.1
1827	-0.663822	106.889681	0.006143	8.5
1828	-0.000000	106.856431	0.000000	13.7
1829	-0.430596	106.823208	0.002843	12.1
1830	-0.103852	106.790012	0.002060	8.2
1831	-0.484035	106.756844	0.006279	8.3
1832	-0.628324	106.723703	0.004503	13.4
1833	-0.882786	106.690590	0.006144	9.0
1834	-0.172630	106.657505	0.004415	8.5
1835	-0.326247	106.624446	0.004178	8.2
1836	-0.491451	106.591415	0.006011	8.4
1837	-0.166803	106.558411	0.001449	8.3
1838	-0.009576	106.525435	0.001252	10.8
1839	-0.830300	106.492485	0.006748	10.4
1840	-0.557475	106.459563	0.003697	8.8
1841	-0.000000	106.426668	0.000000	9.4
1842	-0.000000	106.393800	0.000000	14.2
1843	-0.871639	106.360959	0.005984	7.6
1844	-0.000000	106.328145	0.000000	13.2
1845	-0.170739	106.295358	0.002875	11.8
1846	-0.284898	106.262598	0.004029	8.3
1847	-0.000000	106.229865	0.000000	7.9
1848	-0.395493	106.197158	0.003978	13.9
1849	-0.888447	106.164479	0.004961	8.7
1850	-0.000000	106.131826	0.000000	8.3
1851	-0.341936	106.099201	0.004760	13.2
1852	-0.000000	106.066602	0.000000	14.8
1853	-0.326249	106.034029	0.001880	8.3
1854	-0.147377	106.001483	0.002933	8.6
1855	-0.000000	105.968964	0.000000	8.9
1856	-0.179225	105.936472	0.002956	8.5
1857	-0.640626	105.904006	0.004339	13.7
1858	-0.693217	105.871566	0.004959	8.5
1859	-0.610459	105.839153	0.005918	8.5
1860	-0.582645	105.806767	0.004006	8.9
1861	-0.050910	105.774407	0.000496	8.1
1862	-0.000000	105.742073	0.000000	11.7
1863	-0.064646	105.709766	0.001623	7.9
1864	-0.000008	105.677485	0.000001	8.2
1865	-0.000000	105.645230	0.000000	8.5
1866	-0.316506	105.613001	0.004577	8.5
1867	-0.601112	105.580799	0.006915	8.4
1868	-0.000000	105.548623	0.000000	8.7
1869	-0.000000	105.516473	0.000000	14.3
1870	-0.711859	105.484349	0.003165	11.8
1871	-0.440663	105.452251	0.002681	8.0
1872	-0.000000	105.420179	0.000000	9.3
1873	-0.285571	105.388133	0.002827	14.0
1874	-0.000000	105.356113	0.000000	8.2
1875	-0.610339	105.324119	0.004067	8.5
1876	-0.586147	105.292151	0.003634	8.3
1877	-0.000000	105.260209	0.000000	11.0
1878	-0.000000	105.228293	0.000000	9.9
1879	-0.000000	105.196402	0.000000	9.9
1880	-0.000000	105.164537	0.000000	8.4
1881	-0.229966	105.132698	0.003605	8.2
1882	-0.064860	105.100885	0.002618	8.6
1883	-0.002743	105.069097	0.000005	8.6
1884	-0.425854	105.037335	0.005158	8.6
1885	-0.000000	105.005598	0.000000	8.2
1886	-0.500496	104.973887	0.004315	8.6
1887	-0.647303	104.942202	0.005992	11.4
1888	-0.000000	104.910542	0.000000	8.1
1889	-0.409228	104.878907	0.002681	12.6
1890	-0.782647	104.847298	0.007725	9.6
1891	-0.886550	104.815715	0.004853	8.8
1892	-0.487102	104.784156	0.005621	8.6
1893	-0.000000	104.752623	0.000000	8.1
1894	-0.000000	104.721116	0.000000	13.8
1895	-0.869266	104.689633	0.004841	9.0
1896	-0.000000	104.658176	0.000000	9.8
1897	-0.168990	104.626744	0.001050	11.9
1898	-0.000000	104.595337	0.000000	8.0
1899	-0.630239	104.563955	0.007113	15.7
1900	-0.018997	104.532599	0.000225	6.3
1901	-0.602378	104.501267	0.004583	8.2
1902	-0.000000	104.469960	0.000000	8.2
1903	-0.527952	104.438679	0.005782	8.4
1904	-0.560377	104.407422	0.003562	8.5
1905	-0.393877	104.376191	0.005613	12.1
1906	-0.620096	104.344984	0.002586	8.3
1907	-0.118654	104.313802	0.001787	9.9
1908	-0.000000	104.282645	0.000000	8.5
1909	-0.670879	104.251513	0.008276	8.6
1910	-0.488456	104.220405	0.008298	12.7
1911	-0.000000	104.189323	0.000000	13.5
1912	-0.000000	104.158265	0.000000	8.7
1913	-0.440890	104.127231	0.005793	8.8
1914	-0.702882	104.096222	0.006302	13.6
1915	-0.225315	104.065238	0.005143	8.6
1916	-0.421895	104.034279	0.004878	8.5
1917	-0.304303	104.003344	0.003928	8.5
1918	-0.000000	103.972433	0.000000	8.5
1919	-0.783146	103.941547	0.004092	8.4
1920	-0.000000	103.910686	0.000000	12.1
1921	-0.853518	103.879849	0.006747	14.0
1922	-0.000000	103.849036	0.000000	8.5
1923	-0.726514	103.818248	0.003839	8.4
1924	-0.329077	103.787484	0.003162	8.2
1925	-0.281112	103.756744	0.002502	8.5
1926	-0.787843	103.726029	0.005421	8.2
1927	-0.818931	103.695338	0.004755	11.8
1928	-0.000000	103.664671	0.000000	8.5
1929	-0.191184	103.634028	0.002575	8.8
1930	-0.191680	103.603409	0.001668	14.6
1931	-0.000000	103.572814	0.000000	7.0
1932	-0.103019	103.542244	0.001503	9.0
1933	-0.731660	103.511698	0.006321	8.0
1934	-0.000000	103.481175	0.000000	7.9
1935	-0.337878	103.450677	0.005055	13.5
1936	-0.119212	103.420202	0.002646	8.6
1937	-0.000000	103.389752	0.000000	8.5
1938	-0.418160	103.359325	0.004455	8.7
1939	-0.009698	103.328922	0.000410	12.6
1940	-0.260621	103.298543	0.003303	11.9
1941	-0.102731	103.268188	0.002659	8.4
1942	-0.459993	103.237857	0.008646	8.5
1943	-0.673337	103.207549	0.004761	8.5
1944	-0.690837	103.177265	0.005930	8.0
1945	-0.269721	103.147005	0.002678	8.8
1946	-0.502959	103.116768	0.003201	8.9
1947	-0.000000	103.086556	0.000000	8.7
1948	-0.000000	103.056366	0.000000	8.2
1949	-0.013037	103.026200	0.001329	11.3
1950	-0.336481	102.996058	0.002048	11.9
1951	-0.136719	102.965939	0.003066	8.4
1952	-0.586403	102.935844	0.006609	8.5
1953	-0.754788	102.905772	0.004418	10.9
1954	-0.113507	102.875724	0.002091	8.6
1955	-0.071932	102.845699	0.000986	11.3
1956	-0.529786	102.815697	0.008971	12.3
1957	-0.016825	102.785719	0.000200	8.4
1958	-0.162873	102.755764	0.001625	8.8
1959	-0.497924	102.725832	0.003302	9.4
1960	-0.242956	102.695924	0.004667	8.4
1961	-0.359762	102.666038	0.002570	10.8
1962	-0.517825	102.636176	0.004790	16.0
1963	-0.479163	102.606337	0.003541	8.3
1964	-0.000000	102.576521	0.000000	8.4
1965	-0.048266	102.546728	0.001507	8.3
1966	-0.316085	102.516959	0.004445	8.2
1967	-0.000000	102.487212	0.000000	8.7
1968	-0.339372	102.457488	0.003751	8.8
1969	-0.000000	102.427788	0.000000	8.3
1970	-0.615317	102.398110	0.004375	9.2
1971	-0.864739	102.368455	0.005945	8.1
1972	-0.623953	102.338823	0.006162	13.8
1973	-0.503564	102.309214	0.004508	8.3
1974	-0.217728	102.279628	0.003348	8.7
1975	-0.000000	102.250064	0.000000	8.1
1976	-0.402850	102.220524	0.004401	8.5
1977	-0.000000	102.191006	0.000000	11.3
1978	-0.135329	102.161511	0.002555	10.6
1979	-0.000000	102.132038	0.000000	8.5
1980	-0.285860	102.102588	0.004501	8.5
1981	-0.335455	102.073161	0.003901	8.6
1982	-0.000000	102.043757	0.000000	14.0
1983	-0.347253	102.014375	0.001537	8.4
1984	-0.151564	101.985015	0.001869	12.1
1985	-0.000000	101.955678	0.000000	8.3
1986	-0.064421	101.926364	0.001964	8.7
1987	-0.396717	101.897072	0.005655	8.3
1988	-0.520916	101.867802	0.006983	10.5
1989	-0.214570	101.838555	0.002450	8.5
1990	-0.430076	101.809330	0.003989	8.2
1991	-0.588966	101.780128	0.005010	8.4
1992	-0.563823	101.750948	0.005850	8.4
1993	-0.703017	101.721790	0.005240	10.3
1994	-0.283511	101.692654	0.002162	12.0
1995	-0.540315	101.663541	0.005100	10.3
1996	-0.000000	101.634450	0.000000	13.3
1997	-0.009229	101.605381	0.001127	12.1
1998	-0.000000	101.576335	0.000000	12.0
1999	-0.000002	101.547310	0.000001	11.7
