1:ItNr	2:Metric	3a:Time	3b:StepSize	4:||Gradient||	Time[ms]
0	-0.644937	0.000000	457.633224	0.004138	1811.6
1	-0.596251	0.000000	457.633224	0.007399	6.1
2	-0.606192	0.691911	443.036001	0.013164	5.7
3	-0.633177	1.691911	423.512039	0.012019	5.9
4	-0.613266	2.691911	405.636232	0.006301	5.7
5	-0.617021	3.691900	389.208509	0.011883	11.3
6	-0.613571	3.644391	389.958818	0.009017	6.7
7	-0.621617	4.644391	374.752420	0.007769	6.1
8	-0.625730	5.635060	360.813817	0.014731	9.8
9	-0.561216	6.635060	347.757438	0.019956	6.0
10	-0.602433	7.635060	335.612975	0.010340	6.0
11	-0.616411	8.635060	324.288113	0.008037	5.8
12	-0.616538	8.271181	328.319442	0.015668	5.8
13	-0.613040	9.271181	317.473501	0.012062	5.9
14	-0.600235	10.271181	307.321230	0.016479	10.1
15	-0.574105	9.881803	311.196133	0.010553	6.1
16	-0.603413	10.622928	303.902839	0.013454	9.8
17	-0.579001	11.622928	294.587218	0.013947	6.0
18	-0.635083	12.622928	285.825720	0.011913	9.3
19	-0.622517	13.622928	277.570332	0.015618	6.7
20	-0.618972	14.622928	269.778431	0.007662	11.6
21	-0.614702	15.622928	262.412050	0.006384	6.1
22	-0.592082	16.619526	255.460365	0.009628	3.7
23	-0.635880	16.230148	258.132139	0.009269	3.7
24	-0.614921	17.230148	251.380082	0.007195	5.0
25	-0.619476	18.220666	245.031475	0.010437	5.0
26	-0.606475	19.220666	238.939297	0.010530	5.1
27	-0.626043	19.927348	234.813597	0.005417	5.0
28	-0.599888	19.712474	236.052901	0.011539	4.9
29	-0.630025	20.712472	230.393868	0.005006	5.1
30	-0.630784	20.323094	232.564814	0.014507	5.9
31	-0.636342	21.323094	227.069829	0.007556	5.3
32	-0.590434	20.933738	229.178177	0.007322	5.9
33	-0.619242	21.933738	223.840227	0.006170	5.9
34	-0.633930	21.548378	225.867547	0.006157	5.8
35	-0.623909	21.162989	227.932078	0.008861	12.2
36	-0.622195	22.162989	222.651348	0.002649	4.5
37	-0.645520	21.787053	224.607608	0.012695	6.0
38	-0.597606	22.724649	219.791308	0.010900	8.1
39	-0.627201	23.724649	214.876987	0.006378	6.0
40	-0.638803	23.338479	216.748478	0.012076	5.9
41	-0.611319	24.338478	211.967804	0.016926	7.4
42	-0.618327	25.338478	207.393468	0.008563	8.5
43	-0.617559	26.338478	203.012392	0.011836	5.4
44	-0.625124	25.949101	204.696098	0.004848	6.5
45	-0.609547	26.608494	201.860991	0.011507	8.0
46	-0.656342	27.607899	197.710616	0.008209	5.5
47	-0.601194	27.218522	199.307182	0.006727	10.4
48	-0.598772	26.830274	200.924996	0.013123	6.5
49	-0.624677	27.830274	196.810233	0.011120	12.3
50	-0.622528	27.440897	198.392233	0.013027	7.8
51	-0.603942	28.440897	194.379518	0.007449	7.4
52	-0.620839	29.440897	190.525909	0.008787	8.6
53	-0.603799	29.051569	192.007920	0.004018	5.7
54	-0.625865	28.716656	193.301369	0.006928	5.9
55	-0.623279	28.444618	194.364889	0.010034	6.0
56	-0.617489	28.071018	195.844679	0.004576	5.8
57	-0.610046	29.070979	191.933489	0.006390	5.9
58	-0.608214	28.690026	193.404965	0.005138	6.3
59	-0.628881	29.688703	189.594470	0.006938	11.1
60	-0.638479	30.687766	185.929833	0.007618	6.6
61	-0.612930	31.687766	182.400934	0.006002	5.9
62	-0.636996	31.362155	183.535183	0.012319	11.0
63	-0.631552	32.362069	180.096048	0.009195	8.4
64	-0.594509	33.361477	176.785074	0.014843	5.8
65	-0.582699	34.361477	173.591787	0.010035	8.7
66	-0.618559	35.361477	170.511814	0.006442	9.8
67	-0.622261	34.972099	171.698003	0.005404	5.4
68	-0.622301	35.159558	171.124882	0.010944	5.9
69	-0.616044	35.007824	171.588485	0.007722	6.0
70	-0.606153	36.007824	168.578574	0.014634	6.1
71	-0.599367	35.618447	169.737926	0.006214	11.5
72	-0.623566	36.618447	166.792031	0.006209	6.6
73	-0.634867	36.231437	167.919910	0.004439	10.0
74	-0.644923	36.347312	167.580615	0.005433	5.8
75	-0.617370	35.997777	168.608291	0.014839	9.9
76	-0.633293	36.997777	165.701140	0.009550	5.4
77	-0.631032	37.997777	162.892540	0.011746	6.3
78	-0.616489	37.608399	163.974752	0.007577	6.0
79	-0.612240	38.608399	161.223886	0.005815	4.6
80	-0.610364	39.608213	158.564281	0.009626	4.4
81	-0.607885	40.608212	155.990532	0.007821	4.4
82	-0.609030	40.218834	156.982698	0.017793	4.3
83	-0.607863	41.218834	154.459624	0.010302	4.4
84	-0.616526	42.218834	152.016371	0.011489	4.5
85	-0.610300	43.218816	149.649250	0.008716	4.3
86	-0.624494	44.218814	147.354684	0.011159	4.4
87	-0.634145	45.218814	145.129415	0.005277	4.3
88	-0.605526	46.218814	142.970356	0.006713	4.3
89	-0.590487	47.214913	140.882651	0.009451	4.4
90	-0.616453	48.214913	138.847213	0.010574	4.4
91	-0.588916	49.214913	136.869753	0.007936	4.3
92	-0.625188	48.856292	137.572399	0.011995	4.6
93	-0.634235	49.856292	135.630830	0.009504	4.3
94	-0.645805	50.856292	133.743301	0.007293	4.2
95	-0.652534	51.856292	131.907587	0.005281	6.5
96	-0.633930	51.494233	132.566376	0.005788	7.3
97	-0.613607	51.332257	132.863236	0.008301	5.0
98	-0.619143	52.332209	131.051524	0.005654	6.1
99	-0.595879	53.257217	129.419040	0.011435	8.7
100	-0.596097	54.257217	127.699350	0.007183	5.7
101	-0.637018	55.257217	126.024763	0.012983	5.8
102	-0.619766	56.257213	124.393534	0.006739	6.0
103	-0.601064	57.257213	122.803987	0.005283	5.8
104	-0.626788	58.197390	121.346142	0.007199	6.0
105	-0.631228	59.197361	119.833091	0.004438	7.6
106	-0.613968	58.862920	120.334915	0.008087	12.5
107	-0.602078	58.619937	120.702152	0.006136	4.4
108	-0.618562	58.230631	121.295232	0.004717	6.2
109	-0.612804	58.083749	121.520513	0.017913	5.8
110	-0.625258	59.083748	120.003096	0.005966	7.5
111	-0.606972	60.083748	118.523106	0.007700	6.1
112	-0.610800	59.695340	119.093590	0.006725	9.2
113	-0.621924	59.305962	119.671036	0.008100	5.8
114	-0.637532	58.916586	120.254108	0.014766	4.3
115	-0.640111	59.916586	118.767959	0.011591	4.3
116	-0.634000	60.916586	117.318094	0.007285	4.3
117	-0.607399	61.916368	115.903505	0.009205	4.8
118	-0.628998	62.909631	114.531522	0.003610	5.5
119	-0.635148	62.672961	114.855476	0.007923	5.2
120	-0.602942	62.284190	115.391621	0.007396	6.1
121	-0.632134	63.284190	114.022543	0.005691	5.9
122	-0.645745	62.894817	114.551745	0.006096	5.8
123	-0.604866	63.107709	114.261794	0.010269	5.8
124	-0.621685	64.107709	112.919239	0.005021	5.6
125	-0.643232	65.107705	111.607872	0.013433	10.1
126	-0.619604	64.900406	111.877209	0.006800	11.1
127	-0.597343	65.900406	110.589791	0.005376	5.9
128	-0.638955	66.898965	109.333457	0.006882	6.1
129	-0.638368	67.875090	108.132635	0.003844	6.1
130	-0.646427	68.870875	106.934506	0.005942	6.2
131	-0.623748	69.853091	105.778435	0.006834	5.9
132	-0.617562	70.852477	104.627530	0.005243	6.1
133	-0.652480	70.954176	104.511814	0.007372	8.2
134	-0.634759	71.897572	103.450473	0.013494	6.5
135	-0.621201	72.897572	102.348735	0.005951	11.0
136	-0.618551	72.508194	102.774926	0.003957	6.4
137	-0.626263	72.149586	103.170589	0.008152	6.1
138	-0.617778	71.888747	103.460301	0.011620	6.2
139	-0.605534	72.888681	102.358427	0.006910	6.3
140	-0.631599	73.888681	101.279706	0.016589	13.2
141	-0.613851	73.499303	101.697022	0.008768	8.1
142	-0.631240	74.499303	100.632124	0.006365	5.8
143	-0.621209	74.132778	101.019837	0.005260	6.1
144	-0.641070	75.132085	99.969721	0.007025	6.3
145	-0.635023	74.742715	100.376282	0.004010	9.5
146	-0.633862	74.623174	100.501764	0.004670	7.7
147	-0.615359	75.471553	99.617943	0.005744	11.0
148	-0.612498	75.301196	99.794167	0.007753	5.9
149	-0.634078	76.301196	98.768547	0.006937	5.8
150	-0.634625	75.911823	99.165379	0.004384	6.1
151	-0.636188	76.911686	98.152714	0.005028	5.9
152	-0.601389	77.904549	97.167398	0.004433	8.9
153	-0.607942	78.889501	96.209287	0.007135	10.9
154	-0.633951	78.501192	96.584749	0.006041	7.3
155	-0.619301	78.112478	96.963550	0.008867	9.7
156	-0.618703	77.723289	97.345801	0.012758	8.6
157	-0.640247	78.723289	96.369642	0.007470	1.6
158	-0.637232	79.721220	95.414827	0.009176	9.0
159	-0.620693	80.721220	94.476823	0.006764	5.9
160	-0.642205	81.720296	93.557924	0.007710	10.0
161	-0.655443	81.330919	93.913920	0.007102	7.9
162	-0.621406	81.020729	94.199461	0.004610	7.3
163	-0.625486	82.020720	93.285096	0.005403	6.5
164	-0.647044	82.014518	93.290712	0.010335	10.1
165	-0.611420	83.014518	92.393811	0.014051	7.9
166	-0.635382	84.014518	91.513992	0.008604	9.6
167	-0.612821	85.014518	90.650771	0.007822	5.9
168	-0.635051	85.927795	89.876517	0.005264	11.0
169	-0.594883	85.538447	90.204973	0.007173	9.2
170	-0.631621	85.149180	90.535770	0.005302	5.9
171	-0.601766	84.760475	90.868519	0.012772	5.8
172	-0.645156	85.760474	90.017376	0.005331	5.8
173	-0.628014	85.423606	90.302313	0.005830	5.8
174	-0.624538	86.392897	89.487275	0.004972	5.8
175	-0.613375	86.003526	89.812907	0.009080	6.3
176	-0.610483	86.958071	89.018798	0.003526	10.9
177	-0.617296	87.400767	88.655256	0.010113	5.7
178	-0.601945	88.383549	87.858712	0.004496	6.9
179	-0.625182	89.383549	87.062772	0.006879	5.8
180	-0.598102	89.300470	87.128348	0.005760	11.7
181	-0.630920	88.911135	87.436980	0.004766	5.0
182	-0.607177	89.893250	86.662603	0.006689	4.4
183	-0.608245	90.893226	85.888110	0.004980	4.5
184	-0.595258	90.507088	86.185532	0.006091	4.5
185	-0.626623	91.504147	85.421720	0.008438	4.9
186	-0.601369	91.716244	85.260983	0.004747	6.7
187	-0.630841	92.715924	84.511451	0.006069	5.9
188	-0.621433	92.326592	84.801789	0.007923	6.7
189	-0.655534	91.937260	85.094129	0.008941	6.2
190	-0.609678	92.937260	84.347278	0.004858	6.2
191	-0.617781	93.932956	83.616554	0.004992	10.8
192	-0.631932	94.120943	83.480012	0.005135	10.9
193	-0.625966	94.062629	83.522320	0.005284	7.3
194	-0.612495	94.958056	82.877361	0.004230	6.2
195	-0.595019	94.767277	83.013939	0.002676	6.1
196	-0.624178	94.411537	83.269819	0.005759	5.8
197	-0.635964	95.194644	82.708612	0.016954	5.8
198	-0.610688	96.194644	82.002875	0.005416	6.1
199	-0.619953	97.194644	81.309080	0.006570	10.9
200	-0.630164	96.805344	81.577774	0.006740	4.1
201	-0.644605	96.426305	81.841098	0.008218	9.9
202	-0.630242	96.041885	82.109902	0.006628	7.7
203	-0.610303	95.652507	82.383979	0.009540	4.6
204	-0.612919	96.652507	81.683748	0.004869	3.9
205	-0.622770	97.652506	80.995320	0.005935	3.5
206	-0.643920	97.279659	81.250638	0.004165	3.8
207	-0.626433	98.261940	80.581430	0.006986	8.0
208	-0.627306	97.872585	80.845367	0.004770	9.5
209	-0.632967	97.484963	81.109851	0.004607	10.4
210	-0.617138	98.473765	80.438561	0.004316	7.5
211	-0.608200	99.000516	80.085470	0.009133	6.1
212	-0.624150	100.000499	79.423621	0.011300	5.4
213	-0.584920	101.000499	78.772610	0.009371	6.6
214	-0.635631	101.728443	78.305383	0.007041	5.7
215	-0.612182	102.728404	77.672526	0.005935	5.3
216	-0.646394	102.342464	77.915564	0.008956	6.5
217	-0.635009	103.341088	77.289799	0.007258	5.9
218	-0.620784	104.341088	76.673163	0.007945	11.8
219	-0.630991	104.063178	76.843543	0.006141	5.1
220	-0.624688	103.673800	77.083539	0.006029	6.1
221	-0.623273	103.284424	77.325037	0.007584	6.0
222	-0.598096	104.284424	76.707842	0.002938	6.3
223	-0.602180	104.730898	76.435449	0.007927	9.3
224	-0.640461	104.846079	76.365492	0.009499	6.3
225	-0.625384	105.846077	75.763460	0.011872	6.5
226	-0.587541	105.506637	75.966747	0.003694	6.4
227	-0.630389	105.117261	76.201288	0.004814	6.2
228	-0.642417	105.757041	75.816678	0.006605	6.4
229	-0.621828	105.368154	76.049997	0.007812	5.7
230	-0.617946	106.368154	75.452909	0.008821	6.5
231	-0.626345	105.980022	75.683541	0.009352	11.0
232	-0.617727	106.980022	75.092171	0.004970	5.6
233	-0.650784	107.970876	74.515255	0.007866	5.9
234	-0.620276	108.969424	73.942758	0.006877	5.9
235	-0.616308	108.608980	74.148394	0.010936	6.2
236	-0.610724	109.608980	73.580681	0.006350	5.7
237	-0.631879	109.219602	73.800699	0.007700	6.1
238	-0.612813	110.219601	73.238279	0.011444	8.0
239	-0.611654	109.830223	73.456251	0.014585	5.1
240	-0.594512	110.830223	72.899048	0.004810	5.9
241	-0.615842	111.830223	72.350234	0.004352	6.2
242	-0.649515	112.496416	71.989181	0.005798	6.1
243	-0.619253	113.116386	71.656402	0.006571	6.0
244	-0.642996	113.254258	71.582815	0.006625	6.6
245	-0.624025	114.254192	71.053603	0.008600	5.8
246	-0.627729	113.876572	71.252535	0.021486	6.3
247	-0.652823	114.876572	70.728144	0.004120	10.4
248	-0.597229	114.487195	70.931410	0.007025	10.6
249	-0.613468	114.251016	71.055272	0.005801	6.1
250	-0.624903	113.861931	71.260271	0.006132	6.2
251	-0.640086	114.861906	70.735779	0.002604	11.0
252	-0.607924	114.911976	70.709719	0.007766	5.9
253	-0.628034	114.531299	70.908327	0.011538	10.9
254	-0.615258	115.531299	70.388971	0.010867	7.0
255	-0.637097	115.141922	70.590290	0.005703	5.9
256	-0.626621	116.135031	70.079086	0.006043	10.9
257	-0.611527	117.114327	69.582193	0.005912	6.1
258	-0.635866	117.376436	69.450392	0.011366	6.2
259	-0.599319	118.376436	68.952098	0.004712	5.9
260	-0.627931	119.376430	68.460907	0.009546	6.0
261	-0.605399	120.362548	67.983337	0.012688	5.8
262	-0.616361	121.362548	67.505800	0.007088	5.2
263	-0.614354	121.039335	67.659411	0.005745	5.7
264	-0.625422	120.700350	67.821270	0.010748	5.6
265	-0.623405	120.351435	67.988682	0.010013	11.4
266	-0.579649	121.351434	67.511071	0.008593	6.8
267	-0.580395	120.994944	67.680563	0.010447	6.5
268	-0.619207	120.605774	67.866567	0.009044	6.1
269	-0.637381	120.216396	68.053696	0.006241	5.7
270	-0.617980	119.836384	68.237322	0.008945	6.1
271	-0.628039	120.836384	67.756223	0.005151	6.1
272	-0.625222	120.447010	67.942742	0.006336	5.9
273	-0.631723	120.433396	67.949282	0.006174	4.5
274	-0.620644	121.338685	67.517117	0.012336	5.8
275	-0.626916	122.338685	67.046085	0.010437	5.9
276	-0.636996	123.338685	66.581580	0.007845	11.5
277	-0.624329	124.338672	66.123473	0.002419	5.9
278	-0.615773	125.265554	65.704450	0.010163	8.3
279	-0.638123	124.934933	65.853305	0.005430	15.8
280	-0.652344	125.934933	65.405125	0.011534	2.0
281	-0.624155	126.919347	64.969849	0.008341	6.1
282	-0.587924	126.529970	65.141325	0.008788	5.9
283	-0.610015	127.529970	64.702751	0.010234	7.1
284	-0.637619	128.529970	64.270044	0.013738	9.6
285	-0.633286	128.140592	64.437841	0.005720	4.8
286	-0.647486	127.751215	64.606516	0.007724	5.9
287	-0.623563	127.943757	64.522998	0.007538	5.9
288	-0.609483	127.554381	64.692119	0.008609	6.4
289	-0.600504	128.554381	64.259553	0.013456	6.0
290	-0.587359	128.165450	64.427103	0.011593	6.2
291	-0.639667	129.165450	63.998062	0.007914	5.5
292	-0.607613	130.165450	63.574697	0.009731	6.0
293	-0.625445	129.803959	63.727092	0.006642	5.9
294	-0.624332	130.803958	63.307293	0.008188	11.6
295	-0.616220	130.414581	63.470094	0.006706	5.8
296	-0.624985	130.164932	63.574915	0.007438	5.9
297	-0.637427	131.164932	63.157112	0.006711	5.8
298	-0.630522	130.775592	63.319125	0.006628	6.2
299	-0.624012	131.775575	62.904674	0.007223	5.9
300	-0.629436	132.367264	62.661988	0.005808	5.9
301	-0.621547	133.318596	62.275694	0.008309	6.3
302	-0.630500	134.230472	61.909866	0.005508	5.9
303	-0.612621	133.841096	62.065550	0.005064	6.3
304	-0.620930	134.840994	61.667328	0.013698	7.1
305	-0.638860	134.666879	61.736304	0.006591	8.7
306	-0.613878	135.666879	61.342243	0.008476	5.5
307	-0.620368	136.666349	60.953385	0.007363	5.9
308	-0.605355	136.276971	61.104290	0.007490	5.9
309	-0.629626	137.276971	60.718231	0.004032	8.3
310	-0.644868	138.238522	60.351588	0.005941	6.2
311	-0.594219	137.896905	60.481340	0.005847	5.9
312	-0.629270	138.006892	60.439504	0.005069	9.3
313	-0.627775	139.005453	60.062314	0.003480	6.1
314	-0.611018	139.882488	59.734890	0.008416	6.2
315	-0.615472	139.494136	59.879432	0.005839	5.9
316	-0.614881	140.494135	59.508648	0.011557	10.9
317	-0.640657	140.104758	59.652476	0.004965	5.8
318	-0.601285	139.717961	59.796041	0.007457	8.0
319	-0.615336	139.337387	59.937971	0.010197	5.9
320	-0.623162	140.337387	59.566464	0.009226	9.9
321	-0.619356	139.948010	59.710572	0.009143	5.7
322	-0.635518	139.558651	59.855372	0.005637	6.3
323	-0.621827	139.169274	60.000882	0.010798	11.2
324	-0.625909	140.156547	59.633306	0.004744	7.8
325	-0.611355	139.767169	59.777738	0.003412	5.9
326	-0.609759	139.386082	59.919773	0.005139	6.0
327	-0.608873	139.259593	59.967067	0.007125	5.8
328	-0.617865	138.870217	60.113121	0.009904	6.1
329	-0.642459	138.482071	60.259424	0.012386	11.1
330	-0.629364	139.482071	59.883934	0.005982	6.2
331	-0.632285	140.482071	59.513094	0.010112	6.1
332	-0.640656	140.092694	59.656943	0.002825	11.3
333	-0.619044	141.091908	59.289189	0.004889	6.8
334	-0.644577	141.002180	59.322027	0.010134	6.2
335	-0.606399	140.612803	59.464953	0.009036	9.6
336	-0.660101	140.223425	59.608569	0.008948	9.4
337	-0.649013	141.159591	59.264442	0.007895	6.2
338	-0.612599	142.159591	58.901212	0.003771	7.9
339	-0.614531	141.775832	59.040077	0.005320	6.3
340	-0.640484	141.422591	59.168479	0.009216	6.5
341	-0.620688	141.084768	59.291800	0.005404	7.5
342	-0.605799	140.695391	59.434580	0.006073	6.3
343	-0.631079	141.694717	59.069513	0.004544	6.3
344	-0.629632	142.694186	58.708852	0.011629	5.9
345	-0.629404	142.304816	58.848832	0.005390	6.7
346	-0.643630	141.915438	58.989485	0.014783	9.4
347	-0.627692	142.915438	58.629607	0.006070	4.1
348	-0.639252	143.851346	58.296750	0.004096	5.3
349	-0.624856	143.692596	58.352943	0.007704	4.6
350	-0.608213	144.689405	58.001884	0.007989	10.1
351	-0.600091	145.689046	57.654045	0.009092	7.3
352	-0.623072	146.689046	57.310229	0.003034	5.9
353	-0.632995	147.678523	56.974045	0.006051	6.2
354	-0.605084	148.002574	56.864801	0.004519	5.8
355	-0.610249	149.001696	56.530599	0.006403	9.8
356	-0.606030	148.627926	56.655162	0.007601	7.7
357	-0.625635	148.238549	56.785512	0.010777	6.0
358	-0.624756	149.238548	56.451948	0.007066	9.9
359	-0.625488	150.238541	56.122282	0.009826	11.6
360	-0.645003	151.218783	55.802843	0.002810	11.2
361	-0.631189	152.196564	55.487808	0.009651	5.5
362	-0.662697	151.809434	55.612113	0.010704	9.9
363	-0.628625	152.809434	55.292152	0.004075	6.1
364	-0.612765	153.809413	54.975859	0.011414	5.5
365	-0.605371	154.809274	54.663201	0.009185	5.9
366	-0.619359	155.806425	54.354912	0.004717	6.0
367	-0.636083	155.503091	54.448325	0.007791	8.0
368	-0.596031	156.500418	54.142395	0.007501	8.0
369	-0.618406	156.111040	54.261427	0.006298	5.8
370	-0.627761	155.721663	54.380983	0.006432	6.1
371	-0.625517	156.721617	54.075007	0.007634	5.8
372	-0.630967	157.511542	53.835722	0.003337	5.9
373	-0.618601	157.164880	53.940472	0.006586	5.8
374	-0.608062	158.153638	53.642772	0.005873	5.8
375	-0.623173	159.153611	53.345018	0.006127	6.2
376	-0.602837	158.764530	53.460478	0.003557	6.1
377	-0.626820	159.722809	53.177005	0.015874	7.6
378	-0.616814	159.340463	53.289747	0.007866	11.1
379	-0.604418	158.951085	53.405056	0.004872	10.9
380	-0.588726	159.951073	53.109924	0.010519	5.2
381	-0.612527	159.561695	53.224454	0.005146	5.8
382	-0.633544	159.172357	53.339468	0.003508	11.7
383	-0.617725	160.137343	53.055309	0.005558	3.5
384	-0.638261	161.136622	52.764225	0.005712	5.8
385	-0.617926	161.376682	52.694772	0.008058	10.9
386	-0.649094	162.376681	52.407414	0.004818	5.7
387	-0.593155	162.506538	52.370329	0.010987	6.0
388	-0.631770	162.117161	52.481688	0.004004	4.3
389	-0.658269	161.996792	52.516209	0.014467	4.2
390	-0.612106	162.988103	52.233256	0.005389	3.7
391	-0.609419	163.988103	51.950896	0.005668	3.7
392	-0.625985	164.987354	51.671780	0.009792	6.5
393	-0.633905	165.985669	51.395905	0.010842	9.8
394	-0.627774	166.985669	51.122502	0.007990	4.7
395	-0.602979	167.985669	50.851992	0.006018	5.8
396	-0.641375	168.985669	50.584330	0.005220	5.4
397	-0.615523	169.985562	50.319499	0.004565	5.8
398	-0.620992	169.609992	50.418646	0.004990	8.7
399	-0.622137	169.711393	50.391839	0.009003	5.8
400	-0.621589	169.322046	50.494926	0.006042	6.2
401	-0.615369	168.932678	50.598443	0.008391	5.4
402	-0.605809	169.932496	50.333484	0.011797	5.9
403	-0.617394	169.543118	50.436341	0.006170	5.0
404	-0.610956	170.543118	50.173025	0.008203	5.1
405	-0.613138	170.153740	50.275227	0.007527	9.9
406	-0.618370	171.153740	50.013587	0.006659	6.1
407	-0.599810	172.094472	49.769927	0.005844	6.2
408	-0.607858	173.094471	49.513506	0.004655	6.6
409	-0.633826	173.791491	49.336332	0.006934	6.0
410	-0.604308	173.402136	49.435145	0.005308	7.3
411	-0.622001	173.024965	49.531243	0.010300	6.0
412	-0.626604	172.635588	49.630844	0.005077	5.8
413	-0.615352	173.632137	49.376726	0.006117	5.4
414	-0.605549	174.630188	49.124820	0.004512	16.4
415	-0.613385	174.357458	49.193401	0.008545	1.9
416	-0.617692	173.968129	49.291634	0.009804	8.4
417	-0.616907	174.968127	49.040106	0.006263	6.3
418	-0.629265	174.578750	49.137740	0.004920	6.4
419	-0.651174	174.190617	49.235449	0.005232	10.8
420	-0.599251	173.890486	49.311272	0.008555	6.1
421	-0.602527	173.501109	49.409989	0.008445	11.6
422	-0.607571	173.116237	49.507954	0.009202	5.8
423	-0.614148	174.116237	49.254218	0.004174	5.9
424	-0.629709	175.109277	49.004809	0.006654	6.1
425	-0.640443	174.726433	49.100663	0.004869	5.3
426	-0.610490	175.726260	48.851118	0.011140	5.8
427	-0.614122	176.725587	48.604219	0.008562	6.2
428	-0.632650	177.722230	48.360456	0.004278	5.6
429	-0.603122	177.333191	48.455317	0.005963	5.9
430	-0.631319	178.332674	48.212355	0.008192	5.8
431	-0.613531	179.332654	47.971699	0.005609	10.8
432	-0.616969	180.331288	47.733752	0.005413	5.7
433	-0.632902	179.941919	47.826246	0.007719	6.4
434	-0.621622	180.941878	47.589424	0.003719	10.0
435	-0.626730	180.552600	47.681338	0.006589	5.8
436	-0.615595	181.550216	47.446494	0.007647	9.2
437	-0.645187	182.550191	47.213405	0.005723	5.7
438	-0.623152	182.160814	47.303895	0.005326	6.1
439	-0.638924	183.155908	47.073327	0.014889	5.7
440	-0.595003	184.155908	46.843875	0.002951	5.9
441	-0.639845	185.149595	46.618077	0.005965	8.2
442	-0.625490	184.827080	46.691124	0.005593	5.9
443	-0.630400	184.437703	46.779620	0.010665	10.0
444	-0.647703	184.603136	46.741980	0.007786	6.3
445	-0.618698	185.603136	46.515740	0.004043	10.9
446	-0.654833	186.603129	46.291680	0.005963	14.0
447	-0.639355	186.214785	46.378436	0.010131	1.7
448	-0.605762	187.214785	46.155693	0.002973	11.1
449	-0.611239	188.151822	45.948907	0.008113	11.0
450	-0.625038	188.391081	45.896404	0.010332	6.2
451	-0.633574	189.391081	45.678256	0.009648	10.7
452	-0.617297	190.390966	45.462197	0.007461	8.9
453	-0.617497	191.390966	45.248147	0.005302	6.1
454	-0.618182	192.029784	45.112460	0.007560	6.5
455	-0.632974	193.029742	44.901693	0.005501	5.2
456	-0.597098	192.645033	44.982547	0.005638	5.6
457	-0.630677	192.255727	45.064664	0.010272	5.1
458	-0.626882	193.255727	44.854333	0.008323	6.3
459	-0.611684	194.255727	44.645956	0.008376	5.7
460	-0.660441	193.866349	44.726863	0.007304	6.0
461	-0.622436	194.866343	44.519667	0.007360	8.4
462	-0.624580	195.087731	44.474055	0.007118	11.2
463	-0.601181	196.087710	44.269193	0.007772	8.4
464	-0.616003	197.086230	44.066504	0.004527	5.8
465	-0.633231	198.062650	43.870088	0.006874	10.3
466	-0.625961	197.676326	43.947591	0.004426	5.4
467	-0.614721	198.676235	43.747553	0.006907	5.8
468	-0.619052	198.403780	43.801879	0.007565	5.9
469	-0.619401	199.403780	43.603144	0.009021	6.4
470	-0.645088	199.014402	43.680312	0.008232	5.9
471	-0.638627	200.013911	43.482773	0.005475	5.9
472	-0.621351	199.624534	43.559515	0.008151	5.8
473	-0.621696	199.235637	43.636433	0.007032	10.2
474	-0.619877	198.846260	43.713719	0.004301	7.7
475	-0.637282	199.526110	43.578956	0.006330	7.9
476	-0.621225	199.137010	43.655984	0.010194	7.5
477	-0.630797	200.137010	43.458568	0.004438	7.1
478	-0.647769	199.749067	43.534941	0.009119	6.0
479	-0.643338	199.359691	43.611868	0.005507	5.7
480	-0.592900	200.352757	43.416210	0.010194	5.5
481	-0.612127	201.352753	43.220952	0.007784	5.9
482	-0.603380	202.338372	43.030213	0.006051	6.3
483	-0.616246	201.968206	43.101651	0.013380	5.9
484	-0.626217	201.578828	43.177052	0.007739	11.0
485	-0.593082	202.578828	42.983935	0.012884	6.3
486	-0.637348	202.189451	43.058925	0.004870	6.0
487	-0.640009	203.189412	42.866867	0.010850	6.0
488	-0.635408	203.132978	42.877660	0.007564	5.6
489	-0.621508	203.060998	42.891435	0.009824	4.2
490	-0.629875	204.060998	42.700858	0.009041	11.7
491	-0.639906	205.060648	42.512033	0.006851	6.7
492	-0.626491	206.032220	42.330105	0.010539	1.8
493	-0.597401	207.002119	42.150037	0.007700	5.7
494	-0.618086	208.002119	41.965977	0.007566	9.0
495	-0.610711	207.612752	42.037452	0.005657	5.7
496	-0.622351	207.291898	42.096534	0.008080	10.0
497	-0.645995	208.291896	41.912941	0.009755	7.8
498	-0.596587	209.291896	41.730942	0.009465	5.9
499	-0.591169	208.903168	41.801502	0.007133	6.0
500	-0.583436	209.903168	41.620467	0.007069	5.9
501	-0.633389	210.903167	41.440994	0.007718	11.2
502	-0.613512	211.903166	41.263062	0.004475	10.3
503	-0.607383	212.903164	41.086651	0.005357	5.3
504	-0.640131	213.576886	40.968647	0.006147	5.9
505	-0.634469	213.273506	41.021701	0.004773	6.1
506	-0.634655	212.884176	41.089987	0.008566	6.0
507	-0.638635	213.883965	40.915086	0.008260	6.2
508	-0.623093	213.494636	40.983017	0.006895	11.6
509	-0.637977	213.105258	41.051183	0.007386	5.7
510	-0.619098	212.741076	41.115143	0.008252	5.9
511	-0.629685	212.351699	41.183749	0.006052	5.8
512	-0.617471	213.351698	41.008014	0.007814	5.9
513	-0.609232	212.962679	41.076200	0.006613	8.4
514	-0.627790	213.962305	40.901445	0.005774	5.9
515	-0.633591	213.590205	40.966321	0.005909	5.9
516	-0.620951	213.200952	41.034409	0.004471	6.0
517	-0.613553	214.148027	40.869140	0.006128	6.2
518	-0.621374	213.830478	40.924406	0.011622	7.2
519	-0.631238	213.441186	40.992361	0.009422	5.9
520	-0.633949	214.440458	40.818378	0.009613	5.7
521	-0.641244	214.503297	40.807487	0.011500	6.1
522	-0.628911	214.113919	40.875069	0.006367	11.5
523	-0.615159	215.113919	40.701953	0.005030	1.5
524	-0.610677	215.278454	40.673610	0.009877	5.9
525	-0.616763	216.278454	40.502193	0.003776	6.6
526	-0.609117	217.278242	40.332250	0.003745	6.2
527	-0.609271	217.379785	40.315070	0.009203	5.8
528	-0.610214	218.367736	40.148676	0.009645	11.0
529	-0.625821	217.978359	40.214092	0.005222	6.3
530	-0.608532	218.978358	40.046518	0.004650	10.9
531	-0.608807	218.836017	40.070286	0.006831	6.9
532	-0.614371	218.446642	40.135446	0.009472	6.1
533	-0.632323	219.446635	39.968527	0.002653	11.2
534	-0.640249	220.405134	39.809832	0.004880	6.6
535	-0.651396	221.130519	39.690568	0.008263	6.0
536	-0.644361	220.741187	39.754491	0.005506	5.9
537	-0.618214	220.774800	39.748964	0.005810	5.6
538	-0.618282	221.221907	39.675593	0.009058	5.8
539	-0.601338	222.212214	39.514042	0.005739	7.0
540	-0.613772	222.821620	39.415281	0.009553	5.5
541	-0.637028	222.432242	39.478327	0.009680	5.6
542	-0.622179	223.432242	39.316817	0.005871	5.2
543	-0.635020	224.428664	39.157194	0.004235	7.4
544	-0.643867	224.078393	39.213158	0.010343	5.4
545	-0.616602	224.843681	39.091091	0.005957	6.5
546	-0.587710	224.454304	39.153103	0.005419	7.5
547	-0.644407	224.121573	39.206250	0.005784	8.1
548	-0.645785	223.902029	39.241397	0.005803	7.8
549	-0.612769	223.530740	39.300980	0.004327	5.9
550	-0.631718	223.276388	39.341902	0.008594	5.8
551	-0.614930	222.935318	39.396910	0.005072	11.1
552	-0.628084	223.929127	39.237055	0.009043	7.0
553	-0.604902	223.539749	39.299532	0.010580	11.0
554	-0.632859	224.539666	39.139492	0.005108	6.1
555	-0.626972	224.150289	39.201658	0.007454	5.6
556	-0.612915	223.815204	39.255314	0.011578	6.7
557	-0.621991	224.815204	39.095620	0.007215	6.7
558	-0.622446	225.815204	38.937219	0.006982	6.0
559	-0.624723	225.438874	38.996679	0.010950	12.4
560	-0.645789	226.438873	38.839078	0.003715	3.0
561	-0.621633	226.049922	38.900226	0.006780	11.8
562	-0.628924	225.906047	38.922893	0.005015	7.9
563	-0.613213	226.905959	38.765900	0.007601	11.5
564	-0.629547	227.904488	38.610383	0.008864	1.5
565	-0.629300	227.515111	38.670879	0.007579	5.2
566	-0.607319	228.515092	38.515898	0.007768	8.5
567	-0.649541	229.514991	38.362166	0.007515	5.9
568	-0.620766	229.125642	38.421881	0.004697	6.1
569	-0.632683	230.112191	38.270932	0.006500	5.4
570	-0.635093	230.000160	38.288014	0.008125	5.1
571	-0.604759	230.503112	38.211446	0.003037	5.3
572	-0.641449	231.502667	38.060183	0.010367	5.9
573	-0.625145	232.500059	37.910436	0.004762	11.1
574	-0.620106	233.482752	37.764043	0.006386	5.3
575	-0.614701	233.094441	37.821755	0.007190	11.0
576	-0.631398	232.705068	37.879802	0.003204	1.5
577	-0.610205	232.315812	37.938010	0.005608	5.0
578	-0.607169	231.939301	37.994482	0.009309	5.0
579	-0.621396	232.939297	37.844862	0.005131	5.1
580	-0.646253	232.549919	37.902981	0.010493	5.8
581	-0.619891	233.548551	37.754282	0.009552	6.3
582	-0.642392	233.664792	37.737049	0.006594	5.9
583	-0.643425	233.275414	37.794837	0.005884	6.1
584	-0.610184	233.747777	37.724756	0.007732	11.0
585	-0.624245	233.406016	37.775434	0.007164	4.4
586	-0.604112	233.016642	37.833339	0.006623	5.9
587	-0.623282	234.016632	37.684984	0.004792	6.1
588	-0.605589	233.630138	37.742185	0.006980	6.0
589	-0.619649	233.278201	37.794422	0.005756	6.3
590	-0.604862	232.888830	37.852385	0.003852	5.9
591	-0.628149	232.501341	37.910244	0.006735	9.0
592	-0.636946	232.112248	37.968521	0.013283	6.3
593	-0.617763	233.112248	37.819105	0.006874	6.0
594	-0.629188	234.112248	37.670860	0.003147	5.8
595	-0.623989	233.842909	37.710673	0.007316	5.8
596	-0.626737	233.453641	37.768364	0.005407	5.5
597	-0.625924	233.064339	37.826236	0.010526	6.3
598	-0.620592	232.804276	37.864995	0.006034	6.0
599	-0.644660	232.414898	37.923176	0.010814	10.8
600	-0.596818	233.414898	37.774115	0.004590	6.1
601	-0.631206	233.027962	37.831653	0.009983	5.2
602	-0.615404	232.872976	37.854749	0.003617	5.2
603	-0.610135	233.173704	37.809960	0.004977	11.7
604	-0.630936	233.913269	37.700265	0.008956	6.2
605	-0.610507	234.893487	37.555851	0.003757	5.8
606	-0.611255	235.205679	37.510089	0.010088	6.1
607	-0.609412	235.909951	37.407262	0.009429	5.8
608	-0.626930	235.520573	37.464043	0.011226	10.8
609	-0.604194	235.131196	37.520997	0.006470	5.6
610	-0.624814	236.131196	37.375075	0.008030	11.2
611	-0.607659	235.742428	37.431670	0.009042	5.6
612	-0.630004	235.353050	37.488525	0.005334	5.8
613	-0.626213	236.145653	37.372974	0.004468	6.2
614	-0.605853	235.761218	37.428930	0.005237	6.2
615	-0.635156	235.470006	37.471429	0.005386	11.4
616	-0.629358	236.377849	37.339257	0.006012	8.5
617	-0.603607	237.377757	37.194756	0.007776	5.4
618	-0.624583	236.994246	37.250047	0.009581	4.6
619	-0.618028	237.994246	37.106221	0.004037	6.0
620	-0.615017	237.604880	37.162090	0.006410	5.9
621	-0.628416	238.534218	37.029020	0.005781	5.5
622	-0.619080	238.144840	37.084658	0.014136	5.9
623	-0.616325	237.758192	37.140071	0.005312	10.8
624	-0.660639	238.758160	36.997096	0.006162	6.1
625	-0.604133	238.732717	37.000721	0.006225	10.6
626	-0.623778	238.449127	37.041164	0.010067	6.0
627	-0.627455	239.449107	36.898947	0.010024	5.6
628	-0.623220	239.059729	36.954194	0.006392	5.9
629	-0.636406	240.059729	36.812640	0.004264	6.4
630	-0.624693	240.497659	36.750989	0.005693	10.9
631	-0.607152	241.439929	36.619038	0.008263	8.4
632	-0.612494	241.054816	36.672853	0.007677	5.8
633	-0.620715	242.054695	36.533458	0.008353	6.6
634	-0.629213	243.054678	36.395105	0.004391	7.2
635	-0.629027	242.666642	36.448667	0.005568	9.9
636	-0.635675	243.508177	36.332706	0.007944	3.0
637	-0.635617	243.118878	36.386258	0.005069	4.3
638	-0.624765	244.118292	36.249093	0.005736	4.3
639	-0.630014	243.728970	36.302403	0.003879	4.4
640	-0.597838	244.104177	36.251023	0.006499	4.4
641	-0.631343	243.735169	36.301553	0.006779	4.4
642	-0.620127	243.347132	36.354840	0.005513	4.3
643	-0.615452	242.962971	36.407749	0.007786	4.4
644	-0.595458	243.947483	36.272463	0.005284	4.3
645	-0.614426	243.577744	36.323152	0.005837	4.3
646	-0.617735	244.575816	36.186645	0.008927	6.4
647	-0.618456	244.187326	36.239657	0.006782	10.2
648	-0.607060	243.798122	36.292922	0.006713	4.3
649	-0.600961	244.798122	36.156379	0.003779	6.0
650	-0.602909	244.412653	36.208891	0.011503	6.1
651	-0.629052	244.499840	36.197000	0.007163	8.6
652	-0.609322	245.499840	36.061176	0.007743	6.6
653	-0.629992	246.282086	35.955637	0.005521	8.5
654	-0.642958	245.892952	36.008061	0.008942	5.9
655	-0.632580	246.876477	35.875855	0.008335	5.8
656	-0.639637	246.487099	35.928079	0.005313	5.8
657	-0.647364	247.487099	35.794263	0.004315	5.8
658	-0.619019	247.953174	35.732234	0.003334	8.4
659	-0.614525	247.650330	35.772514	0.010617	5.5
660	-0.633260	248.645344	35.640510	0.008140	6.2
661	-0.629980	249.645343	35.508824	0.005828	6.9
662	-0.654884	250.332298	35.418923	0.006539	9.3
663	-0.636291	249.942922	35.469824	0.005255	7.9
664	-0.606482	249.563419	35.519575	0.004555	5.9
665	-0.643573	249.868622	35.479553	0.004109	6.1
666	-0.627886	249.655116	35.507541	0.007317	5.9
667	-0.626101	250.652461	35.377179	0.005562	6.0
668	-0.630909	251.652434	35.247431	0.005012	5.8
669	-0.647034	252.650895	35.118824	0.006185	10.0
670	-0.608398	253.650479	34.991010	0.006005	5.8
671	-0.641759	254.650439	34.864076	0.008317	9.8
672	-0.593479	254.602184	34.870180	0.007058	7.7
673	-0.620680	255.602184	34.744114	0.009079	6.1
674	-0.605546	256.602184	34.618956	0.007126	6.4
675	-0.634051	256.846573	34.588505	0.010451	11.1
676	-0.638529	256.457196	34.637046	0.004985	10.8
677	-0.638384	257.456974	34.512685	0.007976	5.6
678	-0.638237	258.417750	34.394013	0.008385	6.1
679	-0.622568	258.028373	34.442009	0.008900	5.9
680	-0.617846	258.795777	34.347544	0.010262	5.9
681	-0.601051	259.795777	34.225222	0.007255	6.3
682	-0.633807	260.795777	34.103768	0.003499	5.2
683	-0.607874	260.607631	34.126553	0.008528	5.1
684	-0.652667	260.865670	34.095311	0.005615	5.3
685	-0.615528	260.476413	34.142462	0.007874	6.2
686	-0.629167	261.473895	34.021897	0.007486	6.1
687	-0.621679	262.473895	33.901879	0.008227	10.7
688	-0.616679	262.084536	33.948508	0.008216	10.6
689	-0.598507	261.695166	33.995267	0.012319	5.7
690	-0.625302	262.695166	33.875437	0.007621	6.9
691	-0.625315	262.305788	33.921996	0.003809	5.8
692	-0.623589	261.916533	33.968668	0.003138	6.5
693	-0.635439	261.998947	33.958776	0.008346	7.1
694	-0.590670	262.661980	33.879400	0.006632	6.0
695	-0.602363	263.661980	33.760384	0.007826	6.1
696	-0.614743	263.272603	33.806627	0.005478	5.8
697	-0.628216	264.233232	33.692770	0.009294	5.8
698	-0.616873	264.495302	33.661842	0.008869	4.3
699	-0.626191	264.105924	33.707815	0.006759	4.3
700	-0.633696	265.084756	33.592484	0.009229	5.5
701	-0.632821	266.084756	33.475472	0.006927	6.1
702	-0.625167	265.728899	33.517018	0.006681	8.1
703	-0.614086	265.339522	33.562596	0.011112	5.9
704	-0.643223	264.961949	33.606911	0.005691	6.1
705	-0.615193	264.572571	33.652734	0.008108	15.6
706	-0.634421	265.572571	33.535302	0.008469	12.1
707	-0.653923	266.562607	33.419845	0.008166	8.0
708	-0.626477	266.173230	33.465159	0.005059	6.0
709	-0.587988	267.169015	33.349518	0.004878	7.0
710	-0.628126	266.780280	33.394567	0.004883	6.8
711	-0.643310	266.393508	33.439509	0.002581	10.5
712	-0.605373	266.072689	33.476879	0.005804	3.6
713	-0.680949	266.305266	33.449779	0.006644	4.0
714	-0.621980	265.916024	33.495159	0.003974	3.7
715	-0.610026	266.911974	33.379291	0.014297	4.1
716	-0.609632	266.617171	33.413505	0.011240	5.1
717	-0.621043	266.227793	33.458802	0.004704	5.8
718	-0.634480	267.227793	33.342717	0.005354	6.1
719	-0.598964	266.859693	33.385354	0.004107	10.8
720	-0.619527	266.534505	33.423111	0.005592	6.3
721	-0.626452	266.152928	33.467525	0.007470	11.0
722	-0.607328	267.152719	33.351404	0.005802	5.8
723	-0.622044	267.018073	33.366995	0.004594	6.0
724	-0.635258	266.630457	33.411961	0.004771	5.9
725	-0.612390	267.586499	33.301273	0.011787	5.7
726	-0.625972	267.197123	33.346265	0.005554	8.4
727	-0.643929	266.932813	33.376876	0.009654	4.9
728	-0.603138	266.543436	33.422073	0.011557	5.9
729	-0.615774	267.543410	33.306246	0.005049	5.8
730	-0.618736	268.469643	33.199674	0.007182	6.4
731	-0.591942	268.476254	33.198916	0.009198	5.9
732	-0.623715	269.476252	33.084624	0.005475	11.1
733	-0.604074	269.086875	33.129033	0.005707	13.9
734	-0.652331	269.628745	33.067265	0.010436	2.6
735	-0.600884	270.628745	32.953877	0.005033	5.2
736	-0.635836	270.387772	32.981129	0.007375	10.5
737	-0.598683	271.387771	32.868330	0.008661	6.1
738	-0.609501	270.998393	32.912160	0.012118	9.5
739	-0.636427	271.998393	32.799831	0.007764	10.9
740	-0.616062	272.998387	32.688267	0.010112	11.0
741	-0.634093	273.906301	32.587631	0.007590	9.6
742	-0.656684	274.906301	32.477503	0.005967	5.8
743	-0.632663	275.886562	32.370268	0.005503	6.8
744	-0.631166	276.867570	32.263659	0.010048	5.3
745	-0.625993	277.867093	32.155757	0.004448	9.8
746	-0.611487	278.867070	32.048526	0.005379	6.2
747	-0.632103	279.807405	31.948342	0.007075	5.7
748	-0.600827	280.807404	31.842485	0.009950	5.6
749	-0.621105	281.807404	31.737327	0.009770	6.3
750	-0.616905	282.807404	31.632862	0.012246	5.7
751	-0.618276	283.807404	31.529082	0.006704	6.1
752	-0.624850	284.807404	31.425981	0.004690	5.4
753	-0.624393	284.493891	31.458232	0.005647	10.3
754	-0.617580	284.249896	31.483378	0.003796	5.5
755	-0.644338	285.249072	31.380659	0.007449	6.3
756	-0.658972	286.248243	31.278609	0.008181	6.3
757	-0.607198	287.245294	31.177435	0.007929	6.4
758	-0.646699	288.231064	31.078048	0.010576	10.5
759	-0.602903	287.841725	31.117226	0.003281	7.9
760	-0.613872	288.841108	31.016858	0.008112	7.2
761	-0.615485	289.810017	30.920167	0.009053	8.5
762	-0.615796	290.810017	30.821004	0.008226	5.7
763	-0.616734	291.802067	30.723255	0.009369	6.1
764	-0.606419	291.412690	30.761547	0.006540	5.8
765	-0.613437	292.411955	30.663469	0.005225	11.0
766	-0.637668	292.042403	30.699668	0.005780	2.1
767	-0.604407	291.766482	30.726751	0.004213	7.5
768	-0.640871	292.764944	30.628972	0.008950	5.6
769	-0.639158	292.375862	30.667001	0.006627	6.1
770	-0.611320	291.986484	30.705152	0.008256	6.0
771	-0.628502	292.971019	30.608869	0.008081	6.0
772	-0.634661	292.581641	30.646876	0.010360	8.0
773	-0.621603	292.192267	30.684978	0.006690	8.4
774	-0.629738	291.802889	30.723174	0.008738	7.2
775	-0.626038	292.802884	30.625269	0.007763	11.9
776	-0.632513	292.413513	30.663316	0.009186	8.2
777	-0.636900	292.033204	30.700570	0.006361	5.7
778	-0.636226	291.655584	30.737649	0.004589	5.8
779	-0.623330	291.510865	30.751883	0.005346	7.4
780	-0.648948	291.198142	30.782687	0.004062	6.2
781	-0.618778	290.870984	30.814979	0.008014	6.2
782	-0.647780	291.870979	30.716488	0.005003	5.6
783	-0.602304	292.868251	30.618891	0.011100	5.8
784	-0.641558	292.478927	30.656918	0.007443	8.7
785	-0.658569	293.471602	30.560145	0.006924	5.8
786	-0.587953	293.084955	30.597765	0.006013	10.1
787	-0.627976	294.029516	30.506023	0.005081	11.1
788	-0.616945	295.007997	30.411565	0.008305	6.0
789	-0.610885	294.619097	30.449038	0.008366	6.2
790	-0.627083	295.619093	30.352869	0.004638	7.9
791	-0.616756	296.617897	30.257419	0.004740	5.7
792	-0.616184	296.231424	30.294280	0.006272	6.1
793	-0.638362	295.853855	30.330380	0.006004	5.9
794	-0.627790	295.464521	30.367694	0.006985	5.9
795	-0.613589	295.075153	30.405103	0.002682	5.9
796	-0.627972	296.068414	30.309855	0.010534	6.0
797	-0.615694	297.020755	30.219090	0.009039	6.2
798	-0.627863	298.020755	30.124365	0.004929	9.9
799	-0.627585	299.020755	30.030233	0.006833	7.7
800	-0.632862	298.806447	30.050356	0.007550	6.0
801	-0.631057	299.801925	29.957107	0.006897	9.9
802	-0.644305	299.412548	29.993512	0.014072	5.6
803	-0.621172	299.089630	30.023771	0.007760	6.4
804	-0.634564	300.089630	29.930265	0.004213	7.2
805	-0.636844	301.086601	29.837620	0.010247	6.2
806	-0.635748	300.838764	29.860597	0.006517	6.4
807	-0.613449	301.830436	29.768871	0.007375	5.9
808	-0.630534	301.441340	29.804794	0.006931	5.9
809	-0.613194	301.051965	29.840829	0.005454	5.8
810	-0.648041	300.663160	29.876899	0.004116	8.0
811	-0.626877	300.295695	29.911069	0.009496	6.0
812	-0.611418	300.025466	29.936247	0.004622	7.3
813	-0.667347	299.636089	29.972602	0.007714	8.0
814	-0.631180	300.626253	29.880327	0.006562	10.9
815	-0.589332	301.626176	29.787718	0.008007	6.8
816	-0.611663	302.626176	29.695675	0.005152	5.9
817	-0.642293	302.236799	29.731447	0.008504	7.1
818	-0.647627	303.236702	29.639759	0.008757	6.2
819	-0.615487	304.236656	29.548630	0.006501	6.6
820	-0.607600	305.236656	29.458056	0.004109	7.9
821	-0.638144	306.209543	29.370469	0.005768	8.0
822	-0.640357	305.821109	29.405376	0.003745	10.9
823	-0.630463	305.624669	29.423061	0.007604	8.8
824	-0.654467	305.559895	29.428898	0.009674	7.9
825	-0.616901	306.559895	29.339055	0.009815	5.8
826	-0.634528	307.559894	29.249759	0.007991	6.2
827	-0.620714	308.559894	29.161005	0.004623	5.8
828	-0.633398	309.559782	29.072798	0.004340	5.8
829	-0.635037	309.179296	29.106300	0.006582	7.2
830	-0.614516	310.178778	29.018459	0.010114	6.4
831	-0.623566	309.789400	29.052617	0.007198	6.2
832	-0.622271	309.400022	29.086856	0.006483	5.7
833	-0.643468	310.394257	28.999590	0.009076	6.0
834	-0.587701	311.394203	28.912351	0.007333	5.8
835	-0.630268	312.394203	28.825629	0.004234	5.9
836	-0.640669	312.765829	28.793534	0.005586	6.7
837	-0.609493	313.765523	28.707549	0.009889	6.0
838	-0.643168	313.376145	28.740979	0.008322	5.8
839	-0.627009	312.986948	28.774471	0.006641	6.1
840	-0.655047	312.597570	28.808057	0.009252	9.9
841	-0.623638	313.220003	28.754406	0.009022	11.6
842	-0.587343	314.220003	28.668628	0.004356	5.4
843	-0.657641	315.217629	28.583563	0.007168	10.1
844	-0.607844	315.419995	28.566369	0.004902	11.9
845	-0.635395	315.240561	28.581613	0.007144	6.2
846	-0.622570	314.919015	28.608972	0.006594	5.9
847	-0.610383	315.919015	28.524059	0.005553	6.3
848	-0.614432	315.531981	28.556863	0.003642	8.7
849	-0.630135	315.872413	28.528004	0.007498	5.8
850	-0.655785	315.777364	28.536056	0.007318	6.0
851	-0.613928	316.776193	28.451673	0.003088	6.1
852	-0.612575	317.775932	28.367711	0.004327	5.9
853	-0.618497	317.456107	28.394517	0.006604	7.6
854	-0.630163	318.455720	28.310902	0.004593	5.8
855	-0.616234	319.455701	28.227748	0.008190	8.9
856	-0.619747	320.455666	28.145082	0.017723	5.8
857	-0.612504	321.455666	28.062896	0.012114	10.2
858	-0.611729	322.455666	27.981188	0.007577	6.3
859	-0.619928	322.244395	27.998411	0.011543	5.9
860	-0.637703	321.855018	28.030209	0.006773	6.6
861	-0.653059	321.465640	28.062079	0.003283	12.3
862	-0.635821	322.331306	27.991324	0.007792	4.8
863	-0.616094	321.973368	28.020536	0.005963	5.8
864	-0.607957	321.583990	28.052384	0.003414	6.2
865	-0.631793	321.197029	28.084106	0.002505	5.9
866	-0.608629	320.960195	28.103557	0.007054	11.0
867	-0.617632	320.602770	28.132962	0.004694	6.1
868	-0.623389	320.213398	28.165066	0.003154	8.3
869	-0.623991	320.912399	28.107485	0.005414	5.8
870	-0.631369	321.320996	28.073936	0.010846	10.1
871	-0.607115	322.112027	28.009213	0.007484	7.2
872	-0.625050	323.112027	27.927817	0.007877	6.3
873	-0.610162	324.076177	27.849786	0.007411	9.6
874	-0.607968	323.777145	27.873941	0.005692	5.4
875	-0.604084	324.744568	27.795947	0.004723	6.1
876	-0.619120	325.218711	27.757881	0.004441	5.9
877	-0.617452	324.830847	27.789012	0.005707	6.0
878	-0.616292	325.414412	27.742200	0.005102	6.0
879	-0.623279	325.244895	27.755782	0.009947	6.2
880	-0.633153	324.898747	27.783557	0.004611	7.7
881	-0.646278	324.518054	27.814170	0.005523	6.0
882	-0.605585	325.443000	27.739910	0.009655	5.9
883	-0.634349	325.091133	27.768113	0.008723	5.8
884	-0.598799	326.089034	27.688278	0.004650	6.1
885	-0.627066	327.089034	27.608735	0.006708	7.2
886	-0.601275	328.089029	27.529647	0.004896	11.1
887	-0.640755	329.089026	27.451011	0.005715	8.6
888	-0.596146	328.699716	27.481571	0.011412	5.2
889	-0.604783	328.312446	27.512039	0.004643	6.1
890	-0.641736	329.288040	27.435415	0.007189	6.2
891	-0.605558	328.907283	27.465269	0.004650	5.7
892	-0.619210	329.900419	27.387536	0.010505	5.9
893	-0.627540	329.511042	27.417960	0.006694	10.1
894	-0.619533	330.511042	27.339960	0.005426	5.7
895	-0.612746	331.505930	27.262797	0.009745	6.0
896	-0.616912	332.505930	27.185676	0.004543	7.4
897	-0.631849	333.505913	27.108991	0.005182	5.9
898	-0.629330	333.120550	27.138492	0.008929	5.7
899	-0.603441	332.731173	27.168365	0.007105	13.8
900	-0.618603	333.701171	27.094068	0.006979	5.9
901	-0.658446	334.699675	27.018011	0.003615	8.9
902	-0.618385	335.370060	26.967186	0.004453	5.8
903	-0.643605	335.162745	26.982883	0.007845	5.8
904	-0.594963	335.993645	26.920081	0.007865	6.2
905	-0.616329	336.991623	26.845035	0.010864	6.2
906	-0.620400	337.904629	26.776745	0.005752	5.8
907	-0.609937	338.904629	26.702345	0.004768	5.9
908	-0.615055	338.581167	26.726366	0.009974	16.0
909	-0.654913	338.191790	26.755338	0.004834	1.6
910	-0.635087	337.802412	26.784373	0.008376	10.5
911	-0.632140	337.415235	26.813307	0.005820	6.6
912	-0.622227	338.404288	26.739519	0.003613	10.2
913	-0.611786	339.303570	26.672780	0.008239	3.2
914	-0.612826	339.965018	26.623903	0.005166	5.9
915	-0.624555	340.964250	26.550406	0.005937	6.2
916	-0.603249	341.964144	26.477265	0.005153	4.9
917	-0.653002	341.575064	26.505677	0.007201	4.9
918	-0.650371	342.574244	26.432834	0.006475	5.0
919	-0.633159	342.584662	26.432077	0.006391	4.9
920	-0.639904	343.584656	26.359578	0.008764	4.9
921	-0.625845	344.584655	26.287476	0.003342	5.0
922	-0.631146	345.471910	26.223832	0.005099	4.9
923	-0.583625	345.098026	26.250613	0.008908	5.2
924	-0.626199	346.098025	26.179105	0.007621	7.3
925	-0.626114	347.076815	26.109489	0.010054	5.9
926	-0.610863	348.076815	26.038747	0.009978	5.9
927	-0.594138	349.076815	25.968386	0.006941	6.1
928	-0.618499	349.695428	25.925051	0.007177	6.2
929	-0.593301	350.664052	25.857485	0.006843	11.6
930	-0.606672	351.662810	25.788186	0.008754	5.2
931	-0.614097	351.273670	25.815142	0.006112	6.3
932	-0.632892	350.884292	25.842172	0.006628	6.3
933	-0.616316	350.495441	25.869221	0.004163	6.6
934	-0.639131	350.871556	25.843057	0.004724	5.9
935	-0.599869	351.798991	25.778765	0.003445	4.3
936	-0.604702	352.795611	25.710034	0.006990	4.8
937	-0.627600	352.406319	25.736837	0.008780	4.9
938	-0.610006	353.406319	25.668097	0.003135	4.9
939	-0.612652	354.346557	25.603799	0.004604	4.8
940	-0.578259	354.565739	25.588856	0.008134	4.3
941	-0.628692	355.558825	25.521372	0.004257	4.3
942	-0.637851	355.171599	25.547643	0.014239	4.6
943	-0.616031	355.595892	25.518860	0.008088	4.3
944	-0.646762	355.206515	25.545272	0.008882	4.3
945	-0.603703	354.818625	25.571638	0.010796	4.4
946	-0.635765	354.429247	25.598159	0.007722	4.3
947	-0.593088	355.429247	25.530157	0.008546	7.3
948	-0.591400	356.429247	25.462515	0.007964	11.3
949	-0.617660	356.039869	25.488810	0.004993	1.6
950	-0.631366	357.039868	25.421387	0.011965	10.7
951	-0.609055	356.650497	25.447597	0.005275	5.8
952	-0.620874	356.261119	25.473862	0.006092	6.2
953	-0.642956	357.226629	25.408834	0.004684	5.8
954	-0.624541	356.837457	25.435005	0.008850	6.1
955	-0.617948	356.448120	25.461241	0.005309	7.0
956	-0.642715	357.448114	25.393964	0.007509	5.7
957	-0.637418	358.438917	25.327654	0.007164	5.9
958	-0.631873	359.438898	25.261081	0.004600	8.1
959	-0.624787	359.304550	25.270005	0.007659	5.8
960	-0.617344	360.259944	25.206681	0.004967	4.9
961	-0.630629	359.883260	25.231610	0.006293	5.4
962	-0.611882	359.514382	25.256070	0.008463	7.7
963	-0.628807	360.513375	25.189937	0.007225	11.6
964	-0.619139	360.232407	25.208502	0.008575	5.7
965	-0.649396	359.843031	25.234275	0.004982	5.7
966	-0.625838	360.842677	25.168213	0.004064	10.5
967	-0.630513	361.485030	25.125945	0.005122	5.9
968	-0.634918	361.096239	25.151511	0.010819	5.8
969	-0.609302	362.096238	25.085858	0.010719	5.8
970	-0.660346	363.096238	25.020546	0.011852	8.6
971	-0.624858	362.706861	25.045937	0.006757	6.1
972	-0.624456	362.317483	25.071379	0.004530	6.0
973	-0.607436	363.307537	25.006790	0.004521	5.4
974	-0.601257	364.258990	24.945032	0.010666	5.9
975	-0.636349	363.870702	24.970198	0.007962	8.5
976	-0.633463	363.481325	24.995486	0.004716	8.1
977	-0.617394	364.481188	24.930653	0.009911	6.2
978	-0.634695	364.337183	24.939970	0.009895	6.1
979	-0.610463	363.947806	24.965197	0.009904	10.2
980	-0.614743	364.942994	24.900822	0.007189	5.7
981	-0.622111	365.942994	24.836469	0.008340	6.4
982	-0.600555	365.553617	24.861487	0.004786	6.3
983	-0.598527	366.553616	24.797337	0.009732	6.3
984	-0.609356	366.164238	24.822276	0.005430	7.0
985	-0.633187	365.774861	24.847266	0.007000	5.9
986	-0.632903	366.774859	24.783189	0.007561	5.7
987	-0.620867	367.774859	24.719442	0.007677	5.8
988	-0.621256	368.774859	24.656023	0.005327	11.2
989	-0.624146	368.385483	24.680678	0.008806	6.2
990	-0.643295	368.124948	24.697203	0.010182	16.7
991	-0.637673	369.124946	24.633897	0.006264	7.8
992	-0.625685	368.735568	24.658508	0.006914	2.1
993	-0.615670	368.346192	24.683169	0.004964	9.8
994	-0.633766	367.956819	24.707878	0.004533	5.8
995	-0.589732	367.573815	24.732232	0.005912	5.9
996	-0.610971	367.805543	24.717492	0.007966	5.8
997	-0.622297	368.801091	24.654363	0.008546	6.2
998	-0.632035	369.801091	24.591277	0.008281	5.8
999	-0.622528	369.411714	24.615803	0.004708	6.1
1000	-0.620086	369.874412	24.586664	0.005928	8.0
1001	-0.641755	369.485053	24.611179	0.003660	6.1
1002	-0.635051	370.291205	24.560475	0.007658	5.7
1003	-0.623177	371.272036	24.499064	0.006426	5.9
1004	-0.632610	372.272036	24.436769	0.012415	10.1
1005	-0.616473	371.882659	24.460987	0.005388	10.4
1006	-0.628389	372.188176	24.441980	0.010164	5.1
1007	-0.631895	371.798799	24.466210	0.008341	6.4
1008	-0.631716	372.798799	24.404081	0.008144	5.9
1009	-0.613138	372.409423	24.428235	0.005960	5.8
1010	-0.592188	372.020598	24.452402	0.007877	5.2
1011	-0.639062	373.000067	24.391614	0.004702	5.2
1012	-0.617071	372.668783	24.412141	0.006943	6.0
1013	-0.628954	372.280942	24.436215	0.010148	5.8
1014	-0.602255	373.280941	24.374239	0.010000	6.2
1015	-0.622935	374.214516	24.316662	0.007025	5.9
1016	-0.636568	373.943795	24.333330	0.007106	6.3
1017	-0.611123	374.943795	24.271874	0.005412	11.0
1018	-0.638564	375.941714	24.210854	0.005718	11.1
1019	-0.625818	376.339842	24.186595	0.005371	9.8
1020	-0.638947	376.070490	24.203002	0.003823	6.9
1021	-0.601677	375.734485	24.223500	0.006791	6.8
1022	-0.590704	375.345858	24.247252	0.005408	6.2
1023	-0.613644	376.345854	24.186229	0.008662	6.2
1024	-0.612209	377.345854	24.125512	0.002787	9.5
1025	-0.611355	378.313078	24.067075	0.007305	5.9
1026	-0.654267	378.568912	24.051665	0.005055	6.1
1027	-0.632971	378.187436	24.074650	0.011874	5.4
1028	-0.619827	377.798064	24.098155	0.006991	6.4
1029	-0.630571	377.408686	24.121707	0.008933	5.9
1030	-0.638772	378.408686	24.061314	0.007140	5.9
1031	-0.621604	378.019311	24.084794	0.009903	5.8
1032	-0.601262	379.019311	24.024584	0.004372	9.7
1033	-0.603640	378.629933	24.047993	0.006080	2.5
1034	-0.623375	378.845098	24.035052	0.007626	10.7
1035	-0.616685	378.455722	24.058481	0.008833	5.3
1036	-0.643944	379.455722	23.998403	0.006476	5.8
1037	-0.604551	379.066382	24.021758	0.010995	10.9
1038	-0.647486	378.677004	24.045160	0.007010	6.9
1039	-0.625036	379.676789	23.985162	0.005969	8.9
1040	-0.630517	379.599769	23.989773	0.011713	7.9
1041	-0.639323	379.210392	24.013114	0.009881	5.7
1042	-0.606223	378.821014	24.036500	0.005266	6.2
1043	-0.632946	378.431668	24.059929	0.008554	5.8
1044	-0.603696	378.794553	24.038091	0.003833	6.3
1045	-0.616242	379.794531	23.978116	0.010002	6.3
1046	-0.634817	379.405154	24.001434	0.005916	9.3
1047	-0.601268	380.258650	23.950381	0.006645	10.9
1048	-0.633146	381.101531	23.900177	0.008966	5.9
1049	-0.593847	380.712153	23.923343	0.005986	5.5
1050	-0.647599	380.322779	23.946554	0.006398	9.1
1051	-0.612700	381.322763	23.887034	0.005626	7.3
1052	-0.634266	380.933393	23.910175	0.008170	6.3
1053	-0.649295	380.544016	23.933361	0.007048	6.3
1054	-0.630126	380.154638	23.956591	0.008356	5.9
1055	-0.614473	381.154138	23.897050	0.009407	5.8
1056	-0.641976	382.154136	23.837775	0.005642	11.1
1057	-0.609867	383.153927	23.778806	0.006079	5.7
1058	-0.612746	382.764619	23.801733	0.006511	5.9
1059	-0.624346	383.582617	23.753610	0.010859	7.9
1060	-0.618716	384.576355	23.695409	0.009657	8.6
1061	-0.636244	384.186978	23.718180	0.007245	6.1
1062	-0.631553	384.217914	23.716369	0.004879	6.3
1063	-0.609070	385.158607	23.661440	0.006999	10.9
1064	-0.598353	384.780785	23.683472	0.005651	8.4
1065	-0.597055	384.395138	23.706001	0.005964	5.9
1066	-0.612159	385.138119	23.662634	0.010674	6.3
1067	-0.640427	386.138119	23.604515	0.004982	5.8
1068	-0.633559	386.605178	23.577467	0.007419	5.9
1069	-0.606873	387.076452	23.550238	0.006384	5.6
1070	-0.651837	387.545161	23.523220	0.006996	10.2
1071	-0.635943	387.155788	23.545661	0.005919	5.9
1072	-0.624547	388.154795	23.488171	0.003362	5.6
1073	-0.636291	388.704739	23.456643	0.008191	10.9
1074	-0.632950	389.704576	23.399539	0.007002	12.1
1075	-0.624767	390.704574	23.342703	0.005723	5.7
1076	-0.622581	391.691638	23.286873	0.007034	6.0
1077	-0.603925	392.691637	23.230583	0.005491	9.9
1078	-0.650286	393.691448	23.174574	0.005313	7.7
1079	-0.613785	394.680629	23.119426	0.008968	5.9
1080	-0.604838	395.680235	23.063963	0.004796	5.8
1081	-0.630557	396.678625	23.008833	0.007204	5.7
1082	-0.636774	397.672950	22.954188	0.004572	6.0
1083	-0.624965	398.663975	22.899983	0.007491	8.3
1084	-0.625138	398.527060	22.907456	0.006031	6.8
1085	-0.631353	399.527058	22.852983	0.008320	9.1
1086	-0.624121	399.145305	22.873748	0.006727	6.9
1087	-0.642585	400.133701	22.820063	0.015158	10.5
1088	-0.629617	399.746040	22.841089	0.006539	5.9
1089	-0.605512	400.746040	22.786931	0.006374	9.7
1090	-0.631427	401.746038	22.733028	0.007570	5.6
1091	-0.613985	402.746037	22.679381	0.007784	10.9
1092	-0.631819	403.722850	22.627221	0.005931	10.0
1093	-0.602870	404.721598	22.574137	0.005115	7.9
1094	-0.619833	404.332245	22.594802	0.005364	6.3
1095	-0.626686	405.027389	22.557934	0.005500	6.2
1096	-0.615047	404.638130	22.578564	0.005937	10.8
1097	-0.631797	405.171641	22.550299	0.007017	10.8
1098	-0.620089	406.085419	22.502051	0.004554	12.0
1099	-0.637958	406.861056	22.461258	0.003788	6.0
1100	-0.642731	407.677481	22.418480	0.006839	6.6
1101	-0.616263	408.675898	22.366388	0.006770	5.7
1102	-0.627277	408.287638	22.386616	0.006247	5.9
1103	-0.624529	407.898304	22.406938	0.008839	5.9
1104	-0.623185	407.508931	22.427298	0.009519	6.3
1105	-0.614666	408.508867	22.375086	0.003896	5.9
1106	-0.629243	408.119521	22.395387	0.005705	6.4
1107	-0.624531	409.118176	22.343389	0.010694	5.9
1108	-0.609323	410.118176	22.291562	0.006178	9.9
1109	-0.605428	411.115639	22.240106	0.008875	5.9
1110	-0.611991	412.115638	22.188757	0.004755	11.4
1111	-0.630269	413.114535	22.137701	0.007557	6.3
1112	-0.637000	414.112627	22.086920	0.005519	5.9
1113	-0.625031	413.723252	22.106703	0.005137	5.9
1114	-0.607066	413.435949	22.121322	0.004851	5.8
1115	-0.614162	414.431331	22.070754	0.008304	10.9
1116	-0.624653	414.071432	22.089011	0.005168	6.0
1117	-0.622202	413.682101	22.108796	0.007150	5.9
1118	-0.611150	414.407755	22.071949	0.005432	6.5
1119	-0.628037	414.018583	22.091695	0.005184	8.9
1120	-0.636637	415.017700	22.041072	0.012655	5.8
1121	-0.602207	414.650418	22.059655	0.005120	5.9
1122	-0.642188	415.650418	22.009134	0.008590	6.0
1123	-0.632062	415.261079	22.028776	0.006774	6.2
1124	-0.629791	415.000530	22.041940	0.005821	7.8
1125	-0.606378	414.697893	22.057251	0.006096	9.6
1126	-0.590516	415.697547	22.006759	0.003295	11.5
1127	-0.614337	416.643393	21.959198	0.007480	6.0
1128	-0.601977	416.860394	21.948315	0.007912	5.7
1129	-0.610439	417.807589	21.900938	0.008578	5.9
1130	-0.644624	417.418263	21.920386	0.007679	6.4
1131	-0.638473	418.418263	21.870501	0.005559	9.9
1132	-0.629788	419.418252	21.820843	0.010189	6.7
1133	-0.599096	419.029048	21.840144	0.007442	9.2
1134	-0.590873	419.987122	21.792695	0.009277	10.9
1135	-0.631193	420.987122	21.743388	0.008764	4.8
1136	-0.625288	421.987117	21.694305	0.009821	5.6
1137	-0.616551	422.986291	21.645483	0.004984	6.6
1138	-0.615641	422.596933	21.664482	0.007001	10.5
1139	-0.602947	422.209276	21.683431	0.009574	8.0
1140	-0.624602	421.819900	21.702497	0.004408	5.9
1141	-0.626505	422.794842	21.654821	0.006999	11.1
1142	-0.612196	422.634723	21.662636	0.004039	8.3
1143	-0.661626	422.246327	21.681618	0.005628	6.1
1144	-0.634162	422.470452	21.670661	0.006255	6.1
1145	-0.620162	423.470256	21.621914	0.005502	5.9
1146	-0.616171	424.467265	21.573522	0.006517	5.9
1147	-0.617625	424.102866	21.591184	0.006437	10.2
1148	-0.611245	424.316630	21.580819	0.007708	7.7
1149	-0.599398	423.963234	21.597959	0.010016	7.9
1150	-0.603977	424.447877	21.574461	0.009243	7.6
1151	-0.631094	425.447877	21.526136	0.008758	8.3
1152	-0.614454	426.447877	21.478027	0.007155	11.9
1153	-0.643986	426.058500	21.496734	0.006864	7.9
1154	-0.609807	427.058500	21.448757	0.009026	6.0
1155	-0.633818	428.058500	21.400993	0.005903	9.9
1156	-0.621492	427.669131	21.419565	0.005500	5.8
1157	-0.602896	428.669130	21.371931	0.006516	5.8
1158	-0.635081	428.365387	21.386377	0.009449	10.9
1159	-0.652026	427.976009	21.404925	0.004686	5.8
1160	-0.634101	428.965461	21.357856	0.010196	5.9
1161	-0.664195	429.947314	21.311354	0.006894	5.9
1162	-0.647760	429.597349	21.327906	0.006416	11.2
1163	-0.613664	429.207972	21.346352	0.007189	6.2
1164	-0.616959	430.203634	21.299247	0.004197	9.9
1165	-0.613508	431.203345	21.252160	0.005981	5.9
1166	-0.619548	430.845151	21.269007	0.002867	5.8
1167	-0.623392	430.528531	21.283921	0.006358	5.4
1168	-0.625971	431.492386	21.238584	0.005285	5.8
1169	-0.636552	431.107866	21.256648	0.010550	6.1
1170	-0.615482	432.107866	21.209735	0.006082	5.8
1171	-0.640461	432.767024	21.178925	0.005416	4.5
1172	-0.631943	432.446870	21.193878	0.007263	5.2
1173	-0.636779	433.446869	21.147242	0.006997	5.4
1174	-0.624004	433.057492	21.165376	0.004057	5.9
1175	-0.615239	433.946573	21.124014	0.008275	5.7
1176	-0.637241	433.557998	21.142072	0.008448	9.5
1177	-0.644799	433.515806	21.144034	0.015424	5.6
1178	-0.604898	434.515806	21.097616	0.013313	10.0
1179	-0.620959	434.126429	21.115666	0.006259	9.8
1180	-0.603399	433.737051	21.133747	0.007144	3.7
1181	-0.613275	433.347676	21.151858	0.004937	7.7
1182	-0.617833	434.340190	21.105753	0.006873	8.0
1183	-0.608931	434.376801	21.104056	0.009136	7.3
1184	-0.620750	435.376801	21.057814	0.018430	10.2
1185	-0.595098	434.987423	21.075796	0.009513	5.6
1186	-0.610428	435.985811	21.029751	0.011471	8.1
1187	-0.643370	435.596434	21.047685	0.004793	8.4
1188	-0.632871	435.207061	21.065649	0.006409	5.9
1189	-0.636900	434.943207	21.077839	0.006259	8.3
1190	-0.634708	434.739300	21.087270	0.013384	10.9
1191	-0.609775	434.349929	21.105302	0.008195	10.5
1192	-0.636498	433.960551	21.123365	0.007375	5.3
1193	-0.617965	433.571174	21.141459	0.008737	6.2
1194	-0.610449	434.571174	21.095052	0.005148	6.3
1195	-0.643910	434.181889	21.113093	0.004628	9.4
1196	-0.619645	433.794814	21.131063	0.005317	5.9
1197	-0.629301	434.784522	21.085178	0.006886	9.9
1198	-0.634087	434.395144	21.103206	0.003969	5.8
1199	-0.633694	435.360340	21.058573	0.005490	5.8
1200	-0.639666	435.670916	21.044252	0.009351	11.3
1201	-0.634768	436.670916	20.998271	0.005544	8.9
1202	-0.627705	436.281538	21.016151	0.009014	5.8
1203	-0.634811	437.089715	20.979073	0.005325	10.0
1204	-0.616041	436.700391	20.996918	0.006979	8.1
1205	-0.613469	437.700376	20.951144	0.005044	7.3
1206	-0.617896	437.313708	20.968820	0.006057	6.4
1207	-0.636632	436.977246	20.984225	0.006944	9.5
1208	-0.636349	437.977246	20.938506	0.011964	5.8
1209	-0.613566	438.977246	20.892985	0.010303	10.0
1210	-0.600418	438.855693	20.898508	0.009594	4.4
1211	-0.607769	438.467604	20.916160	0.008871	4.3
1212	-0.645344	439.467604	20.870736	0.007622	4.2
1213	-0.634407	440.463893	20.825676	0.006812	4.8
1214	-0.638404	440.074615	20.843259	0.010218	4.9
1215	-0.594731	439.743955	20.858218	0.010164	4.9
1216	-0.626622	439.440674	20.871957	0.005702	4.9
1217	-0.628346	439.661887	20.861934	0.007152	5.1
1218	-0.618733	440.586522	20.820144	0.005824	6.2
1219	-0.634927	441.125767	20.795849	0.007207	8.0
1220	-0.591397	442.125757	20.750946	0.006585	7.1
1221	-0.622509	441.736381	20.768407	0.003110	4.7
1222	-0.678100	442.689810	20.725704	0.007868	4.8
1223	-0.644293	442.302516	20.743029	0.007099	6.3
1224	-0.616309	443.302417	20.698358	0.008813	10.5
1225	-0.647376	444.109979	20.662420	0.007777	7.3
1226	-0.638959	445.087544	20.619083	0.002980	5.7
1227	-0.619771	444.724486	20.635157	0.007052	6.2
1228	-0.606474	444.335877	20.652389	0.005816	5.9
1229	-0.592876	445.335860	20.608104	0.006705	4.7
1230	-0.610458	446.334853	20.564051	0.005292	4.1
1231	-0.637700	446.203684	20.569824	0.006102	5.0
1232	-0.618199	445.835776	20.586035	0.010658	5.1
1233	-0.642354	446.835776	20.542033	0.005659	5.0
1234	-0.614844	446.446513	20.559139	0.006717	5.2
1235	-0.612420	447.446509	20.515251	0.012970	11.2
1236	-0.634193	448.091042	20.487063	0.008748	15.6
1237	-0.620728	447.701664	20.504083	0.005893	2.2
1238	-0.617919	448.701664	20.460429	0.013866	6.6
1239	-0.635516	448.312287	20.477405	0.005776	11.0
1240	-0.646337	449.241291	20.436950	0.003946	5.0
1241	-0.631170	450.043544	20.402143	0.004954	5.7
1242	-0.617818	450.546781	20.380370	0.007606	5.9
1243	-0.620544	450.219862	20.394509	0.004811	6.2
1244	-0.641702	451.185387	20.352806	0.005532	6.2
1245	-0.638357	452.184307	20.309840	0.005869	5.9
1246	-0.614470	451.795133	20.326558	0.006171	12.8
1247	-0.633938	451.486994	20.339814	0.008869	4.1
1248	-0.654238	451.097723	20.356586	0.005567	2.0
1249	-0.605508	450.709600	20.373335	0.009461	5.3
1250	-0.599470	450.320237	20.390166	0.006241	6.6
1251	-0.628265	449.930870	20.407024	0.005807	6.0
1252	-0.607549	450.929055	20.363861	0.003775	5.9
1253	-0.619314	451.915977	20.321364	0.004326	6.0
1254	-0.602795	451.653123	20.332665	0.006938	6.9
1255	-0.618365	452.645942	20.290045	0.011534	5.8
1256	-0.630333	452.256565	20.306739	0.011196	5.8
1257	-0.582474	451.867187	20.323461	0.006078	6.2
1258	-0.630936	451.495846	20.339433	0.007587	8.0
1259	-0.638449	452.118134	20.312681	0.005876	5.9
1260	-0.652121	451.729545	20.329378	0.007098	5.9
1261	-0.645206	451.340185	20.346136	0.009576	8.8
1262	-0.625271	451.219176	20.351350	0.003894	5.8
1263	-0.607957	452.176933	20.310157	0.007621	10.0
1264	-0.633387	453.141314	20.268847	0.006615	6.9
1265	-0.636606	452.751937	20.285506	0.007034	8.7
1266	-0.612577	453.679023	20.245887	0.005628	6.3
1267	-0.615932	453.338273	20.260431	0.003697	5.9
1268	-0.622510	454.293136	20.219728	0.005953	9.8
1269	-0.644318	455.201849	20.181143	0.009714	9.7
1270	-0.616540	454.813025	20.197635	0.005397	3.9
1271	-0.636509	454.765017	20.199673	0.013377	3.4
1272	-0.612334	455.765002	20.157305	0.004342	3.4
1273	-0.642259	455.375640	20.173781	0.007123	3.5
1274	-0.658598	454.986320	20.190281	0.005657	3.5
1275	-0.639902	454.597004	20.206809	0.006916	3.4
1276	-0.626086	455.597003	20.164411	0.005487	3.4
1277	-0.628076	456.593776	20.122326	0.006579	3.6
1278	-0.618991	456.219136	20.138123	0.008768	3.5
1279	-0.632969	457.028680	20.104019	0.005082	3.5
1280	-0.644786	456.658974	20.119580	0.007277	3.5
1281	-0.637238	457.327332	20.091467	0.006266	3.8
1282	-0.623807	458.327330	20.049551	0.004234	7.0
1283	-0.635914	459.283333	20.009642	0.003738	6.1
1284	-0.610214	459.662467	19.993859	0.005384	5.9
1285	-0.632520	459.338681	20.007337	0.006995	10.9
1286	-0.629029	458.949657	20.023554	0.005954	3.8
1287	-0.632834	459.949634	19.981921	0.005922	5.9
1288	-0.633196	460.902335	19.942418	0.007909	5.9
1289	-0.616062	460.512957	19.958544	0.005894	8.9
1290	-0.618024	461.046371	19.936459	0.007233	7.9
1291	-0.621110	460.657249	19.952565	0.006374	5.9
1292	-0.621586	460.267919	19.968706	0.004695	5.9
1293	-0.639921	459.944204	19.982147	0.004482	5.9
1294	-0.622446	460.680261	19.951612	0.007706	6.0
1295	-0.607483	460.399041	19.963267	0.010741	5.7
1296	-0.637554	460.009663	19.979428	0.008844	11.3
1297	-0.615643	460.798733	19.946706	0.007697	7.3
1298	-0.592723	460.411090	19.962768	0.004466	6.2
1299	-0.652307	460.781525	19.947419	0.007915	6.3
1300	-0.603366	461.779943	19.906166	0.006286	10.9
1301	-0.631861	461.429106	19.920642	0.007042	6.2
1302	-0.622438	462.396347	19.880783	0.009367	2.7
1303	-0.636612	463.396347	19.839740	0.008180	5.1
1304	-0.626911	463.030697	19.854728	0.004227	6.1
1305	-0.625887	463.993277	19.815321	0.004235	5.9
1306	-0.615092	463.978537	19.815924	0.006221	5.9
1307	-0.623232	464.889786	19.778761	0.008396	5.8
1308	-0.618188	465.889784	19.738138	0.008100	6.3
1309	-0.636823	465.500439	19.753934	0.003271	7.7
1310	-0.612972	466.098408	19.729684	0.006832	11.2
1311	-0.621840	465.774384	19.742817	0.002545	12.6
1312	-0.637234	465.386358	19.758568	0.004192	11.0
1313	-0.591958	465.958606	19.735348	0.010129	6.9
1314	-0.612200	465.644454	19.748088	0.005372	6.3
1315	-0.626930	465.408814	19.757655	0.009373	7.3
1316	-0.619483	465.019624	19.773477	0.004871	11.3
1317	-0.637591	466.019624	19.732876	0.010120	6.0
1318	-0.614631	465.631396	19.748618	0.012598	6.2
1319	-0.619917	465.242041	19.764432	0.006799	6.0
1320	-0.635595	466.242041	19.723868	0.006636	6.6
1321	-0.636236	465.852664	19.739643	0.004420	5.9
1322	-0.602222	465.463298	19.755443	0.004943	8.3
1323	-0.622780	466.047547	19.731744	0.003404	5.9
1324	-0.627288	465.970581	19.734863	0.010308	7.2
1325	-0.629889	465.583764	19.750552	0.009748	11.8
1326	-0.623543	466.583764	19.710045	0.007910	7.7
1327	-0.626537	467.583764	19.669703	0.004753	9.8
1328	-0.608376	468.583758	19.629527	0.004751	5.0
1329	-0.654069	469.301007	19.600812	0.006255	5.9
1330	-0.622992	470.300947	19.560918	0.003187	5.9
1331	-0.617967	469.924472	19.575919	0.002710	5.8
1332	-0.611510	469.821254	19.580036	0.003940	6.4
1333	-0.604811	470.300425	19.560939	0.010651	4.9
1334	-0.621178	471.299604	19.521238	0.006037	5.0
1335	-0.605111	472.299604	19.481665	0.012705	5.1
1336	-0.624632	471.910226	19.497055	0.011887	8.6
1337	-0.611956	472.910226	19.457580	0.003914	7.9
1338	-0.616834	473.137717	19.448622	0.005309	6.1
1339	-0.617805	473.261295	19.443759	0.003193	6.2
1340	-0.619287	474.163751	19.408322	0.006333	11.3
1341	-0.629959	474.348841	19.401070	0.009186	5.8
1342	-0.628765	475.348635	19.361991	0.004433	6.1
1343	-0.616344	476.226307	19.327814	0.005132	6.4
1344	-0.628358	476.976930	19.298681	0.003399	6.7
1345	-0.644218	477.825065	19.265868	0.011613	6.0
1346	-0.635796	478.813207	19.227779	0.008180	11.0
1347	-0.618964	479.813207	19.189386	0.003884	5.5
1348	-0.606208	480.807489	19.151364	0.009976	6.3
1349	-0.641336	481.759827	19.115087	0.007297	8.9
1350	-0.652054	482.759827	19.077142	0.013783	8.0
1351	-0.624859	483.759827	19.039347	0.009386	11.0
1352	-0.624377	483.370449	19.054046	0.011762	8.0
1353	-0.639877	484.370449	19.016343	0.005466	4.7
1354	-0.621115	483.981072	19.031006	0.004740	5.9
1355	-0.660489	484.868930	18.997604	0.005586	6.1
1356	-0.617174	485.868231	18.960150	0.007868	5.9
1357	-0.628321	486.868231	18.922817	0.007596	6.2
1358	-0.617165	486.478856	18.937336	0.008371	5.9
1359	-0.624336	486.324834	18.943086	0.016117	6.2
1360	-0.624024	487.324834	18.905820	0.006806	5.8
1361	-0.624677	486.935456	18.920313	0.004188	6.0
1362	-0.616937	486.546333	18.934819	0.005707	6.6
1363	-0.597275	487.545072	18.897632	0.006546	10.9
1364	-0.640869	487.156150	18.912096	0.004900	6.0
1365	-0.640287	487.171758	18.911515	0.007736	11.2
1366	-0.600043	488.140929	18.875516	0.005791	8.9
1367	-0.605826	489.140381	18.838536	0.007154	5.7
1368	-0.631896	488.751003	18.852926	0.007305	6.8
1369	-0.627700	489.741697	18.816356	0.009446	6.1
1370	-0.633204	490.741697	18.779587	0.006153	6.3
1371	-0.631696	491.619588	18.747426	0.006732	6.2
1372	-0.642697	491.232414	18.761596	0.003163	5.8
1373	-0.639299	490.865068	18.775061	0.006803	6.3
1374	-0.654398	491.851468	18.738949	0.007817	6.0
1375	-0.642610	491.529131	18.750735	0.008009	5.9
1376	-0.610734	491.139754	18.764991	0.003990	5.8
1377	-0.621821	490.764004	18.778768	0.007826	6.5
1378	-0.623525	491.748165	18.742725	0.009152	7.7
1379	-0.602902	492.748156	18.706243	0.008786	7.5
1380	-0.648501	493.748118	18.669904	0.010612	5.8
1381	-0.618307	494.683138	18.636052	0.005527	11.0
1382	-0.634326	495.132032	18.619844	0.006287	6.7
1383	-0.638333	496.129055	18.583945	0.004466	5.8
1384	-0.604144	495.864015	18.593474	0.008779	5.8
1385	-0.641674	496.864013	18.557570	0.005364	8.2
1386	-0.646481	497.864004	18.521805	0.005280	7.9
1387	-0.603640	497.474887	18.535705	0.006211	10.7
1388	-0.646168	497.085672	18.549630	0.007713	6.1
1389	-0.602349	496.696294	18.563582	0.004786	7.0
1390	-0.633320	496.804345	18.559709	0.007319	7.9
1391	-0.656700	496.672272	18.564444	0.008540	8.0
1392	-0.621815	496.314365	18.577288	0.005971	11.7
1393	-0.636097	497.314365	18.541446	0.010222	7.5
1394	-0.646118	498.314365	18.505742	0.005604	8.0
1395	-0.618393	499.314311	18.470178	0.005741	5.9
1396	-0.628788	500.176678	18.439616	0.005910	10.0
1397	-0.637734	500.677799	18.421903	0.003824	7.3
1398	-0.626292	501.256988	18.401473	0.007387	7.9
1399	-0.617689	502.029850	18.374282	0.006314	5.9
1400	-0.608369	501.649804	18.387642	0.005836	6.2
1401	-0.619998	502.649425	18.352541	0.006798	5.9
1402	-0.620605	503.649422	18.317561	0.005534	5.8
1403	-0.631688	503.382684	18.326878	0.007659	7.9
1404	-0.634481	502.993752	18.340482	0.008729	20.1
1405	-0.599320	502.604374	18.354120	0.006238	2.2
1406	-0.641486	503.604370	18.319134	0.005702	7.1
1407	-0.620541	503.297294	18.329863	0.009205	10.7
1408	-0.645311	504.297294	18.294969	0.010161	5.9
1409	-0.604410	505.297294	18.260207	0.007451	9.6
1410	-0.621395	504.932174	18.272884	0.005279	9.3
1411	-0.605446	504.544985	18.286347	0.009050	4.3
1412	-0.622438	504.157322	18.299845	0.006595	5.5
1413	-0.628299	503.767945	18.313424	0.013473	6.2
1414	-0.623702	504.767681	18.278601	0.007364	6.2
1415	-0.632965	504.378304	18.292148	0.005678	6.2
1416	-0.666404	504.003405	18.305210	0.008907	6.3
1417	-0.627511	505.003397	18.270410	0.006847	4.5
1418	-0.605727	504.741190	18.279522	0.003676	6.7
1419	-0.630590	504.356092	18.292921	0.009091	6.4
1420	-0.644663	503.968755	18.306418	0.004582	6.2
1421	-0.602676	503.579380	18.320007	0.004512	6.4
1422	-0.631753	504.576804	18.285239	0.009584	5.9
1423	-0.593074	505.576609	18.250521	0.006032	11.2
1424	-0.641227	505.187238	18.264027	0.007026	9.5
1425	-0.594012	504.797880	18.277551	0.006975	10.3
1426	-0.622428	505.797879	18.242856	0.008901	11.0
1427	-0.609354	506.280260	18.226166	0.006740	5.8
1428	-0.611550	507.272014	18.191949	0.006885	5.8
1429	-0.607628	506.882637	18.205368	0.008641	9.0
1430	-0.593007	507.882637	18.170946	0.006740	8.0
1431	-0.615954	508.863002	18.137325	0.010467	7.5
1432	-0.611616	509.863002	18.103160	0.006328	6.4
1433	-0.603159	510.863002	18.069122	0.013112	6.1
1434	-0.611196	510.473624	18.082361	0.010149	7.7
1435	-0.630040	510.084247	18.095618	0.005332	5.9
1436	-0.592737	509.696030	18.108855	0.005153	5.9
1437	-0.588772	509.331666	18.121297	0.013610	4.6
1438	-0.620583	508.965202	18.133828	0.007173	11.2
1439	-0.628828	509.965202	18.099675	0.009821	1.7
1440	-0.652295	509.579350	18.112838	0.007226	5.9
1441	-0.600648	510.573458	18.078965	0.004260	6.1
1442	-0.625098	511.561302	18.045430	0.007953	5.9
1443	-0.603786	512.260414	18.021772	0.006298	6.2
1444	-0.634181	513.260410	17.988040	0.004609	11.0
1445	-0.613552	514.260005	17.954448	0.005885	5.8
1446	-0.588277	515.225561	17.922118	0.005295	6.7
1447	-0.645039	515.013631	17.929204	0.005356	5.8
1448	-0.618552	514.624281	17.942237	0.005682	5.7
1449	-0.606750	514.281849	17.953715	0.007172	5.2
1450	-0.588680	515.276986	17.920399	0.003833	5.2
1451	-0.655658	516.047207	17.894698	0.008756	5.6
1452	-0.610750	515.670383	17.907263	0.008220	5.9
1453	-0.618438	515.351474	17.917911	0.004197	9.5
1454	-0.623629	516.348484	17.884665	0.006518	1.6
1455	-0.610462	516.115317	17.892429	0.005572	9.1
1456	-0.609942	517.113768	17.859230	0.003325	6.1
1457	-0.642142	517.089408	17.860039	0.004543	5.8
1458	-0.623819	517.949301	17.831543	0.007777	5.8
1459	-0.638773	517.570381	17.844089	0.005620	14.0
1460	-0.631695	517.181003	17.856999	0.006177	3.9
1461	-0.621500	516.791627	17.869928	0.010588	5.7
1462	-0.639378	517.791627	17.836761	0.005474	6.6
1463	-0.624479	517.402430	17.849655	0.007502	6.4
1464	-0.644413	518.384630	17.817152	0.007039	5.9
1465	-0.609364	519.384305	17.784191	0.004426	7.0
1466	-0.632929	520.383805	17.751358	0.008381	5.8
1467	-0.622407	521.383796	17.718630	0.007424	6.0
1468	-0.622037	522.216102	17.691482	0.007016	5.8
1469	-0.630920	521.826726	17.704172	0.009455	6.3
1470	-0.615358	521.439583	17.716808	0.005689	11.1
1471	-0.612212	521.598292	17.711625	0.004525	11.1
1472	-0.606174	522.586653	17.679422	0.006372	9.6
1473	-0.605071	523.586437	17.646965	0.004303	11.2
1474	-0.631102	523.486899	17.650191	0.008014	11.0
1475	-0.631510	524.478778	17.618096	0.011067	11.5
1476	-0.626825	525.478760	17.585858	0.005438	11.0
1477	-0.640151	526.478760	17.553736	0.009575	7.7
1478	-0.641660	527.475816	17.521826	0.005834	11.1
1479	-0.632047	528.475664	17.489942	0.006807	10.7
1480	-0.637283	529.470974	17.458319	0.008274	5.7
1481	-0.623587	530.470781	17.426667	0.003700	11.2
1482	-0.631359	530.081419	17.438980	0.004978	8.7
1483	-0.626187	529.706266	17.450860	0.008736	11.0
1484	-0.639392	529.539166	17.456156	0.006409	14.7
1485	-0.599589	529.149793	17.468511	0.005038	11.2
1486	-0.615503	528.801692	17.479571	0.011675	10.4
1487	-0.632128	528.412314	17.491959	0.004612	11.9
1488	-0.650058	529.409289	17.460275	0.005255	17.2
1489	-0.637438	529.267257	17.464782	0.008387	6.7
1490	-0.627451	528.877881	17.477149	0.005847	10.2
1491	-0.629338	529.877881	17.445423	0.006263	10.1
1492	-0.609447	530.635919	17.421450	0.004765	18.5
1493	-0.621279	530.252541	17.433566	0.006113	6.7
1494	-0.621070	530.655834	17.420821	0.004303	12.2
1495	-0.605262	531.632935	17.390020	0.009366	5.8
1496	-0.660982	531.273451	17.401339	0.003196	5.8
1497	-0.612631	532.270308	17.369986	0.006353	10.9
1498	-0.621866	531.896373	17.381734	0.005839	5.4
1499	-0.633276	532.896358	17.350354	0.009504	5.8
1500	-0.627705	533.896358	17.319086	0.006978	7.5
1501	-0.620788	534.896337	17.287931	0.004212	10.6
1502	-0.622009	534.509980	17.299955	0.008505	7.5
1503	-0.636661	534.120608	17.312090	0.005404	11.1
1504	-0.609363	533.843893	17.320724	0.006691	10.8
1505	-0.595699	534.823384	17.290200	0.006238	2.1
1506	-0.614500	535.823383	17.259149	0.006779	6.0
1507	-0.604382	535.434013	17.271226	0.007698	6.1
1508	-0.625964	536.434013	17.240243	0.010095	8.8
1509	-0.612765	536.660592	17.233238	0.008070	6.5
1510	-0.625641	536.271214	17.245279	0.003235	5.9
1511	-0.620312	536.392088	17.241540	0.004092	10.7
1512	-0.620813	536.492240	17.238442	0.009029	5.9
1513	-0.618677	536.102867	17.250491	0.004083	4.7
1514	-0.625630	535.713491	17.262556	0.009375	11.2
1515	-0.627850	536.692138	17.232263	0.006442	7.5
1516	-0.628472	537.692138	17.201419	0.007787	10.3
1517	-0.621811	537.302760	17.213416	0.007922	10.6
1518	-0.629578	536.913385	17.225430	0.006455	11.1
1519	-0.615208	536.716869	17.231499	0.004715	5.6
1520	-0.611654	536.332176	17.243393	0.009073	8.4
1521	-0.618107	535.945702	17.255358	0.005392	7.9
1522	-0.591775	536.945214	17.224447	0.005645	6.9
1523	-0.648927	536.556039	17.236470	0.005496	3.9
1524	-0.638555	536.167252	17.248497	0.008200	11.2
1525	-0.594857	537.167220	17.217596	0.005270	9.3
1526	-0.600003	537.561258	17.205450	0.003885	6.3
1527	-0.608753	538.435867	17.178551	0.006405	5.8
1528	-0.600635	539.272207	17.152908	0.008953	5.9
1529	-0.629937	540.088806	17.127944	0.004569	11.2
1530	-0.628740	540.292869	17.121717	0.005515	6.5
1531	-0.624299	540.408636	17.118186	0.004901	5.7
1532	-0.621421	541.403963	17.087891	0.007193	5.7
1533	-0.609048	542.359204	17.058917	0.005559	6.2
1534	-0.612864	542.096819	17.066866	0.007177	5.9
1535	-0.607818	543.096819	17.036610	0.007008	6.0
1536	-0.606705	542.707513	17.048376	0.006800	10.1
1537	-0.584335	543.707511	17.018186	0.003373	5.8
1538	-0.624375	543.334891	17.029423	0.007098	6.3
1539	-0.613415	544.245353	17.001993	0.005729	7.5
1540	-0.621024	543.857093	17.013680	0.003702	11.3
1541	-0.621432	543.469907	17.025350	0.003256	8.6
1542	-0.630736	544.346205	16.998960	0.005592	5.6
1543	-0.620995	544.321067	16.999716	0.006238	6.4
1544	-0.617187	545.314364	16.969899	0.006878	5.7
1545	-0.635142	544.924987	16.981575	0.003845	6.2
1546	-0.633514	544.553424	16.992732	0.005184	9.9
1547	-0.608544	544.183209	17.003863	0.004527	5.3
1548	-0.611020	543.810323	17.015089	0.005994	7.8
1549	-0.613822	543.481070	17.025013	0.006555	6.3
1550	-0.616251	543.091693	17.036765	0.006361	5.9
1551	-0.631030	542.992143	17.039772	0.011327	7.7
1552	-0.615606	542.602765	17.051545	0.004442	5.9
1553	-0.630061	542.213398	17.063333	0.005223	16.0
1554	-0.624116	541.857150	17.074133	0.010153	6.2
1555	-0.611411	541.467772	17.085953	0.005341	5.6
1556	-0.633323	541.078395	17.097789	0.007920	6.4
1557	-0.633769	542.078228	17.067429	0.007151	6.5
1558	-0.659934	543.078221	17.037172	0.004076	8.9
1559	-0.627570	542.812449	17.045203	0.006336	5.8
1560	-0.635205	542.428523	17.056818	0.004802	5.8
1561	-0.632641	542.039159	17.068613	0.005792	5.9
1562	-0.645592	542.879401	17.043179	0.004668	5.8
1563	-0.630419	542.491262	17.054919	0.005403	6.1
1564	-0.630009	542.980275	17.040131	0.008604	6.0
1565	-0.600943	542.594358	17.051799	0.008680	6.0
1566	-0.618466	542.204980	17.063588	0.002448	6.1
1567	-0.622750	542.674784	17.049366	0.008174	10.4
1568	-0.617079	543.626322	17.020634	0.004621	10.9
1569	-0.626218	544.626321	16.990542	0.007366	1.6
1570	-0.660269	544.997203	16.979408	0.007869	9.4
1571	-0.613894	545.997186	16.949463	0.008087	6.0
1572	-0.625025	545.607809	16.961111	0.010970	5.9
1573	-0.629988	546.607809	16.931229	0.007172	6.0
1574	-0.620643	547.607808	16.901452	0.004130	5.9
1575	-0.634054	547.430240	16.906732	0.010275	10.5
1576	-0.602144	547.041732	16.918295	0.007970	7.9
1577	-0.605785	546.652355	16.929900	0.009038	6.5
1578	-0.606956	547.652355	16.900128	0.004532	2.4
1579	-0.630348	548.651280	16.870493	0.008778	6.0
1580	-0.611238	548.262173	16.882024	0.005193	11.0
1581	-0.621335	547.872796	16.893579	0.008120	1.6
1582	-0.597356	548.818797	16.865533	0.006699	1.6
1583	-0.631932	549.818598	16.835993	0.006072	10.6
1584	-0.612066	550.421312	16.818235	0.010285	11.3
1585	-0.628484	551.421312	16.788854	0.005229	11.0
1586	-0.633546	551.031941	16.800282	0.005533	5.8
1587	-0.599368	550.771581	16.807932	0.005787	5.9
1588	-0.623151	550.382274	16.819384	0.006121	5.9
1589	-0.628548	551.013852	16.800813	0.005552	6.0
1590	-0.601844	550.624777	16.812248	0.006013	6.0
1591	-0.636228	550.237285	16.823653	0.007062	6.0
1592	-0.623377	549.847908	16.835128	0.010009	5.9
1593	-0.615915	550.847627	16.805697	0.005796	10.8
1594	-0.628051	551.847622	16.776360	0.008976	6.2
1595	-0.618771	551.458244	16.787771	0.006694	6.1
1596	-0.623100	551.078262	16.798921	0.004198	11.0
1597	-0.637994	552.077414	16.769633	0.011622	4.1
1598	-0.604498	551.688036	16.781035	0.007466	6.2
1599	-0.630390	551.356868	16.790744	0.007052	5.9
1600	-0.640771	552.356866	16.761459	0.011208	8.2
1601	-0.619134	551.967488	16.772850	0.010577	6.1
1602	-0.656529	552.967488	16.743627	0.008639	5.8
1603	-0.626156	552.832080	16.747578	0.005022	6.0
1604	-0.623328	552.443649	16.758923	0.003997	5.9
1605	-0.620968	553.197567	16.736918	0.006873	5.8
1606	-0.621576	554.193737	16.707932	0.012988	5.9
1607	-0.617289	553.804359	16.719250	0.008645	11.4
1608	-0.616015	554.804223	16.690217	0.009978	6.2
1609	-0.619158	554.414845	16.701512	0.006920	11.3
1610	-0.646979	554.025468	16.712821	0.003859	6.0
1611	-0.625213	554.035752	16.712522	0.012505	11.1
1612	-0.619029	554.188542	16.708083	0.008438	3.4
1613	-0.634277	553.799164	16.719401	0.012383	8.2
1614	-0.639481	553.409786	16.730735	0.005792	5.2
1615	-0.633596	554.409786	16.701658	0.009317	5.3
1616	-0.603315	555.408606	16.672717	0.004816	6.6
1617	-0.620383	555.019243	16.683987	0.007975	6.2
1618	-0.620707	554.629865	16.695273	0.004933	10.1
1619	-0.636912	555.629849	16.666320	0.009185	8.0
1620	-0.595400	555.240734	16.677574	0.009807	6.4
1621	-0.635049	556.240734	16.648683	0.003787	9.5
1622	-0.611958	557.240733	16.619891	0.005686	1.5
1623	-0.623491	556.852294	16.631063	0.005600	8.5
1624	-0.620098	557.851972	16.602341	0.004406	8.7
1625	-0.601803	557.572817	16.610351	0.005938	5.4
1626	-0.622930	557.183499	16.621536	0.004212	8.6
1627	-0.616751	557.644898	16.608282	0.007548	6.2
1628	-0.618620	557.383170	16.615798	0.007271	9.7
1629	-0.633512	556.994181	16.626980	0.011659	4.6
1630	-0.625297	557.994181	16.598263	0.005983	6.1
1631	-0.608279	557.604803	16.609433	0.005191	8.0
1632	-0.601690	558.524364	16.583078	0.004992	5.8
1633	-0.617359	559.059229	16.567787	0.006189	6.0
1634	-0.638485	559.903860	16.543697	0.004665	11.0
1635	-0.614682	559.539910	16.554069	0.004464	8.0
1636	-0.625834	559.155186	16.565047	0.011481	5.9
1637	-0.625352	560.151560	16.536646	0.005304	11.0
1638	-0.640052	561.151560	16.508240	0.006657	6.5
1639	-0.628053	560.889331	16.515680	0.008632	6.5
1640	-0.634437	561.884133	16.487492	0.004609	6.0
1641	-0.611538	562.879777	16.459378	0.009889	6.0
1642	-0.620174	563.720152	16.435722	0.003620	5.8
1643	-0.607245	563.331044	16.446666	0.007562	6.3
1644	-0.626893	563.642654	16.437900	0.006625	6.3
1645	-0.622655	564.642617	16.409833	0.004416	6.3
1646	-0.625386	565.641166	16.381901	0.015810	11.1
1647	-0.606415	566.639195	16.354079	0.007638	7.7
1648	-0.624422	567.639195	16.326296	0.011665	6.1
1649	-0.601462	567.249817	16.337103	0.005221	5.8
1650	-0.601533	568.249405	16.309389	0.005408	6.8
1651	-0.633082	567.860049	16.320173	0.006060	5.9
1652	-0.615475	568.859769	16.292513	0.004916	11.1
1653	-0.641422	569.858960	16.264961	0.007485	5.9
1654	-0.631782	569.486397	16.275223	0.006122	7.7
1655	-0.592090	569.097039	16.285962	0.006748	5.8
1656	-0.627692	570.097038	16.258410	0.008969	6.3
1657	-0.639577	571.097038	16.230951	0.008536	5.7
1658	-0.609802	570.707660	16.241631	0.007899	9.2
1659	-0.625172	571.706775	16.214253	0.006051	6.0
1660	-0.638359	572.706467	16.186951	0.006357	6.4
1661	-0.641105	573.706303	16.159737	0.008815	11.5
1662	-0.609998	574.706302	16.132610	0.008949	5.5
1663	-0.624055	575.706302	16.105574	0.012972	11.0
1664	-0.601181	576.706302	16.078629	0.006555	12.7
1665	-0.607275	577.706302	16.051773	0.008167	1.7
1666	-0.642277	577.316969	16.062218	0.004382	7.5
1667	-0.615061	576.927821	16.072672	0.011831	5.9
1668	-0.618045	576.538444	16.083145	0.005175	5.9
1669	-0.650791	576.154617	16.093483	0.005705	5.2
1670	-0.611888	576.657091	16.079953	0.006248	5.9
1671	-0.618190	576.269432	16.090389	0.006264	8.8
1672	-0.631443	577.269428	16.063495	0.012725	5.8
1673	-0.618094	578.269428	16.036689	0.006321	5.9
1674	-0.612657	577.880637	16.047100	0.007068	12.2
1675	-0.607203	578.880479	16.020354	0.009007	8.5
1676	-0.620031	579.860721	15.994219	0.003844	5.6
1677	-0.602304	579.471496	16.004586	0.004932	6.4
1678	-0.597965	580.128789	15.987086	0.004036	10.9
1679	-0.624227	579.854747	15.994378	0.008119	5.8
1680	-0.622734	580.685207	15.972302	0.006911	6.1
1681	-0.615667	581.685155	15.945801	0.007066	5.2
1682	-0.601160	582.685155	15.919387	0.004556	7.0
1683	-0.639996	582.304525	15.929431	0.006803	6.2
1684	-0.621182	583.303919	15.903087	0.007054	9.8
1685	-0.607478	584.303919	15.876814	0.005913	7.6
1686	-0.616558	585.047705	15.857329	0.005572	5.9
1687	-0.606350	586.046129	15.831248	0.005872	5.9
1688	-0.647659	587.046057	15.805213	0.008108	8.2
1689	-0.637371	586.656680	15.815341	0.007182	7.7
1690	-0.626087	587.495247	15.793546	0.008186	5.7
1691	-0.640467	587.107011	15.803629	0.006696	5.9
1692	-0.630581	587.003305	15.806325	0.007437	11.6
1693	-0.629451	586.615188	15.816421	0.008217	6.4
1694	-0.621100	587.615187	15.790434	0.004766	6.4
1695	-0.623367	588.614622	15.764546	0.009778	10.5
1696	-0.611839	588.225245	15.774622	0.004572	5.8
1697	-0.630075	587.839127	15.784626	0.006866	5.8
1698	-0.622747	588.833883	15.758878	0.009086	4.6
1699	-0.584840	588.444507	15.768946	0.005027	4.5
1700	-0.621042	588.055129	15.779028	0.007938	4.6
1701	-0.617230	587.665752	15.789122	0.007773	4.4
1702	-0.636655	588.602956	15.764848	0.006793	4.3
1703	-0.628739	589.601467	15.739068	0.004894	9.5
1704	-0.621819	589.213648	15.749070	0.005146	11.4
1705	-0.653087	588.824504	15.759120	0.011975	5.5
1706	-0.630048	588.435129	15.769189	0.004892	5.8
1707	-0.627917	589.435129	15.743356	0.006499	5.5
1708	-0.628497	589.120657	15.751471	0.008675	4.7
1709	-0.604507	588.731280	15.761530	0.007394	4.4
1710	-0.630385	589.729185	15.735776	0.006815	4.4
1711	-0.616152	590.729183	15.710053	0.006624	4.4
1712	-0.610866	590.339806	15.720059	0.008979	4.3
1713	-0.586157	589.950445	15.730077	0.006131	9.2
1714	-0.644389	589.562145	15.740081	0.003578	5.5
1715	-0.633421	590.391108	15.718740	0.004700	10.4
1716	-0.610871	591.351380	15.694090	0.009413	3.2
1717	-0.623190	590.962819	15.704055	0.004113	5.8
1718	-0.624482	591.962566	15.678441	0.004600	6.0
1719	-0.629818	591.588409	15.688018	0.004443	11.1
1720	-0.593820	591.279795	15.695925	0.006592	6.0
1721	-0.618350	590.900921	15.705643	0.005031	5.9
1722	-0.618099	590.512013	15.715632	0.008889	8.3
1723	-0.609526	591.512012	15.689974	0.007521	11.5
1724	-0.624103	591.122635	15.699955	0.004334	10.0
1725	-0.613277	590.733342	15.709946	0.008814	5.7
1726	-0.643543	590.344704	15.719933	0.005274	6.1
1727	-0.628459	589.955326	15.729952	0.004778	6.2
1728	-0.633817	589.886132	15.731733	0.004214	6.1
1729	-0.596075	589.901370	15.731341	0.003536	5.9
1730	-0.631130	590.882171	15.706125	0.007539	5.8
1731	-0.609773	591.880122	15.680551	0.009034	5.3
1732	-0.608160	592.875211	15.655132	0.006778	10.3
1733	-0.619687	593.744279	15.633001	0.006672	5.2
1734	-0.617628	594.450378	15.615065	0.007839	5.7
1735	-0.633758	594.722839	15.608155	0.006767	6.2
1736	-0.635087	594.334872	15.617996	0.006248	5.9
1737	-0.630750	594.776307	15.606800	0.006815	5.8
1738	-0.616821	595.617836	15.585501	0.004987	5.8
1739	-0.653347	596.331910	15.567473	0.005531	6.7
1740	-0.652993	595.942544	15.577298	0.005653	5.7
1741	-0.588747	595.644687	15.584822	0.008022	6.2
1742	-0.621016	595.992118	15.576046	0.008266	10.7
1743	-0.614854	595.602741	15.585882	0.008606	2.5
1744	-0.643985	595.213363	15.595731	0.004052	4.7
1745	-0.650177	594.834386	15.605328	0.006279	4.5
1746	-0.603429	594.700160	15.608730	0.002706	4.5
1747	-0.624342	594.437440	15.615393	0.005647	4.5
1748	-0.637650	594.135549	15.623057	0.006453	7.0
1749	-0.624430	595.135546	15.597701	0.009613	10.6
1750	-0.629226	596.133243	15.572484	0.004587	6.5
1751	-0.625830	597.103957	15.548028	0.007772	5.9
1752	-0.624850	598.102186	15.522959	0.004596	6.2
1753	-0.660273	597.712813	15.532728	0.010257	12.1
1754	-0.628496	598.712812	15.507663	0.003601	5.9
1755	-0.620943	598.702361	15.507925	0.013089	6.0
1756	-0.638703	598.313091	15.517673	0.004400	5.8
1757	-0.604774	597.923720	15.527435	0.008841	5.8
1758	-0.617955	598.923708	15.502388	0.009724	6.2
1759	-0.606648	599.923371	15.477430	0.008088	6.4
1760	-0.638568	599.561479	15.486455	0.007918	5.7
1761	-0.644363	600.561479	15.461540	0.006383	10.0
1762	-0.610976	601.561478	15.436705	0.008405	10.8
1763	-0.618854	601.172100	15.446366	0.005092	7.4
1764	-0.605371	600.975129	15.451257	0.007736	6.6
1765	-0.619337	600.886716	15.453454	0.012716	5.8
1766	-0.620112	601.886716	15.428645	0.005152	6.2
1767	-0.620607	601.508143	15.438027	0.006731	5.8
1768	-0.643588	601.496058	15.438327	0.011297	11.1
1769	-0.631688	602.431076	15.415173	0.003904	6.3
1770	-0.614628	602.119720	15.422875	0.007111	6.1
1771	-0.614997	603.112350	15.398346	0.005172	5.9
1772	-0.626361	604.112346	15.373713	0.006455	5.8
1773	-0.612456	603.723382	15.383285	0.004836	6.1
1774	-0.624955	604.723376	15.358700	0.008415	5.8
1775	-0.609575	605.723376	15.334194	0.009601	6.1
1776	-0.647533	606.723376	15.309766	0.009577	11.0
1777	-0.616834	606.333999	15.319268	0.003235	5.6
1778	-0.601386	607.333745	15.294894	0.009310	6.4
1779	-0.628757	606.951267	15.304209	0.007244	5.9
1780	-0.642391	607.951267	15.279877	0.009561	5.9
1781	-0.639333	607.561890	15.289342	0.010871	5.9
1782	-0.644029	608.561890	15.265056	0.014855	6.4
1783	-0.623101	608.172512	15.274503	0.008145	6.8
1784	-0.596030	607.783135	15.283962	0.004062	11.3
1785	-0.612554	607.393954	15.293428	0.004696	6.1
1786	-0.630552	607.040042	15.302046	0.005259	6.4
1787	-0.641143	608.038056	15.277768	0.004673	8.5
1788	-0.602934	607.652727	15.287133	0.005513	8.0
1789	-0.620154	608.496561	15.266641	0.009262	7.9
1790	-0.652775	608.209530	15.273605	0.005613	12.0
1791	-0.623393	607.863694	15.282004	0.006312	11.0
1792	-0.630757	608.863688	15.257742	0.004668	6.5
1793	-0.603600	609.863572	15.233559	0.004874	5.8
1794	-0.610336	610.035895	15.229399	0.003095	8.1
1795	-0.644862	609.850299	15.233880	0.002881	6.4
1796	-0.623454	609.871275	15.233373	0.005070	6.4
1797	-0.610367	610.295345	15.223140	0.009688	5.4
1798	-0.608129	611.294716	15.199080	0.008244	9.6
1799	-0.641367	612.294707	15.175080	0.005199	5.8
1800	-0.645725	613.294707	15.151155	0.006846	10.1
1801	-0.600887	614.276842	15.127732	0.008415	6.1
1802	-0.605181	615.275974	15.103977	0.005564	5.8
1803	-0.615169	615.207556	15.105601	0.006796	8.8
1804	-0.638523	616.207551	15.081896	0.008091	10.9
1805	-0.639159	617.207130	15.058274	0.004622	6.0
1806	-0.626008	618.148446	15.036097	0.008736	6.2
1807	-0.615191	618.103487	15.037154	0.007808	5.6
1808	-0.631394	619.102296	15.013690	0.009711	6.5
1809	-0.593551	618.713461	15.022816	0.011403	6.9
1810	-0.597251	619.390307	15.006938	0.008339	6.5
1811	-0.627132	620.390307	14.983541	0.003809	6.0
1812	-0.598039	621.389846	14.960227	0.008780	6.0
1813	-0.619966	621.001032	14.969287	0.005431	6.9
1814	-0.632287	620.637204	14.977775	0.005562	5.8
1815	-0.642090	620.370415	14.984005	0.005290	5.9
1816	-0.597159	621.367082	14.960757	0.008864	5.8
1817	-0.616728	620.977704	14.969831	0.006494	11.5
1818	-0.603082	621.977704	14.946549	0.009726	5.8
1819	-0.612150	622.977704	14.923339	0.007227	6.1
1820	-0.635104	623.951216	14.900813	0.004377	5.2
1821	-0.589360	624.948629	14.877805	0.008455	6.0
1822	-0.620025	625.415528	14.867059	0.008956	5.9
1823	-0.615761	625.057487	14.875298	0.008422	5.8
1824	-0.627050	626.057487	14.852309	0.007599	9.0
1825	-0.610231	625.668109	14.861252	0.008338	5.8
1826	-0.640632	626.667024	14.838331	0.013511	9.0
1827	-0.640963	626.277784	14.847254	0.008221	3.8
1828	-0.619887	627.277784	14.824351	0.004943	3.7
1829	-0.615368	626.951750	14.831811	0.008288	5.7
1830	-0.624514	627.946104	14.809085	0.005163	7.7
1831	-0.614575	628.946103	14.786299	0.008272	10.9
1832	-0.617692	628.663849	14.792724	0.006952	8.8
1833	-0.615876	628.274480	14.801595	0.005776	6.3
1834	-0.635354	629.273681	14.778851	0.007443	6.1
1835	-0.617897	630.272872	14.756177	0.009984	4.9
1836	-0.625643	629.883494	14.765004	0.004200	6.2
1837	-0.619884	630.865990	14.742751	0.005711	5.9
1838	-0.650199	631.846919	14.720599	0.007213	11.7
1839	-0.611715	631.457559	14.729384	0.007491	5.6
1840	-0.618354	632.197988	14.712687	0.007939	6.5
1841	-0.647961	633.197988	14.690198	0.007780	9.2
1842	-0.644000	634.108392	14.669783	0.005818	6.7
1843	-0.617068	633.719015	14.678507	0.011104	10.9
1844	-0.619243	634.719015	14.656122	0.004265	5.1
1845	-0.622723	634.334852	14.664713	0.003601	10.2
1846	-0.625371	635.175250	14.645931	0.008547	6.7
1847	-0.630930	636.146243	14.624291	0.009117	6.7
1848	-0.603512	637.146243	14.602070	0.006211	11.5
1849	-0.622246	638.146224	14.579918	0.007469	6.1
1850	-0.608397	637.757021	14.588532	0.008230	5.9
1851	-0.626521	638.133097	14.580208	0.006181	5.1
1852	-0.646443	637.743732	14.588826	0.008603	5.9
1853	-0.617361	638.743712	14.566714	0.009007	15.6
1854	-0.581772	638.354334	14.575316	0.005820	2.9
1855	-0.628593	637.964989	14.583928	0.007790	5.8
1856	-0.641547	638.964989	14.561830	0.011411	5.9
1857	-0.632763	638.575612	14.570426	0.009410	5.8
1858	-0.628040	639.575612	14.548369	0.011870	5.9
1859	-0.619163	640.574137	14.526411	0.007177	13.6
1860	-0.608562	641.574137	14.504487	0.006059	10.6
1861	-0.617972	641.185736	14.512994	0.005284	5.7
1862	-0.633157	642.185488	14.491116	0.003856	6.0
1863	-0.618616	642.662101	14.480709	0.014018	6.3
1864	-0.653347	642.272751	14.489209	0.009090	13.9
1865	-0.609245	641.883373	14.497720	0.010346	7.6
1866	-0.631324	642.883373	14.475883	0.005888	5.8
1867	-0.610275	643.625336	14.459722	0.007293	6.6
1868	-0.621812	643.420599	14.464178	0.003690	7.7
1869	-0.600448	643.031422	14.472655	0.007381	10.9
1870	-0.605871	644.012480	14.451304	0.011191	6.1
1871	-0.585932	644.996519	14.429952	0.003944	10.7
1872	-0.617331	645.977017	14.408739	0.005441	4.9
1873	-0.620908	646.975590	14.387199	0.008231	5.8
1874	-0.610428	646.586213	14.395590	0.008758	5.9
1875	-0.654272	646.196835	14.403992	0.008670	6.3
1876	-0.609141	646.594722	14.395407	0.005718	7.0
1877	-0.593863	646.225104	14.403381	0.006398	9.4
1878	-0.632263	646.046241	14.407244	0.006489	3.9
1879	-0.636908	645.786194	14.412862	0.005031	4.4
1880	-0.615437	645.714819	14.414405	0.009774	5.4
1881	-0.644139	645.325441	14.422829	0.004250	4.5
1882	-0.612685	645.012550	14.429605	0.011746	4.4
1883	-0.615661	646.012546	14.407971	0.011023	5.5
1884	-0.617633	647.012546	14.386403	0.008615	4.4
1885	-0.603101	648.012546	14.364899	0.008000	4.3
1886	-0.626190	649.012546	14.343459	0.009159	4.4
1887	-0.641317	650.012546	14.322083	0.007555	5.5
1888	-0.620240	650.004666	14.322252	0.004684	11.7
1889	-0.623223	649.615289	14.330568	0.008742	2.3
1890	-0.633622	649.226580	14.338879	0.006480	6.3
1891	-0.647872	648.837202	14.347214	0.010303	5.2
1892	-0.604988	648.447825	14.355559	0.005395	8.5
1893	-0.589629	648.059669	14.363887	0.006095	7.9
1894	-0.620214	647.670298	14.372252	0.007793	11.6
1895	-0.590702	647.286377	14.380508	0.006954	9.2
1896	-0.607122	647.187281	14.382641	0.005311	5.7
1897	-0.634304	646.799139	14.391000	0.004852	5.7
1898	-0.636782	647.722643	14.371127	0.009920	8.2
1899	-0.583253	648.722639	14.349668	0.008713	5.8
1900	-0.614325	649.722639	14.328274	0.005301	6.0
1901	-0.634911	650.718762	14.307026	0.004851	11.0
1902	-0.630957	650.699297	14.307440	0.007404	5.4
1903	-0.640823	651.695748	14.286247	0.008213	6.1
1904	-0.611735	651.306370	14.294521	0.013682	6.1
1905	-0.629932	650.916993	14.302805	0.005573	7.8
1906	-0.621538	651.916993	14.281550	0.005183	6.2
1907	-0.641323	652.785078	14.263150	0.010087	6.0
1908	-0.610157	653.785061	14.242013	0.009825	5.1
1909	-0.619798	654.785061	14.220938	0.003770	6.4
1910	-0.628556	655.169509	14.212853	0.004338	5.7
1911	-0.647615	655.871682	14.198109	0.008953	5.9
1912	-0.590030	655.485524	14.206213	0.007551	11.2
1913	-0.602427	655.096146	14.214395	0.010742	6.2
1914	-0.614621	656.096146	14.193402	0.006968	6.8
1915	-0.614358	657.096146	14.172471	0.006427	7.9
1916	-0.628848	656.706771	14.180613	0.005488	8.0
1917	-0.647544	657.657863	14.160740	0.010911	7.2
1918	-0.619606	657.268485	14.168870	0.003483	6.3
1919	-0.610667	658.268291	14.148015	0.005834	6.1
1920	-0.628083	657.935363	14.154952	0.009032	5.8
1921	-0.625604	658.932827	14.134187	0.006479	5.8
1922	-0.639808	658.543449	14.142286	0.008759	11.1
1923	-0.610649	658.155270	14.150369	0.007663	6.1
1924	-0.625727	657.765893	14.158486	0.007269	6.4
1925	-0.645058	658.765893	14.137658	0.003475	6.2
1926	-0.629413	658.382723	14.145632	0.009562	6.4
1927	-0.632757	659.360845	14.125295	0.005075	5.9
1928	-0.629913	658.971468	14.133384	0.006603	11.5
1929	-0.622219	658.589396	14.141330	0.006347	8.1
1930	-0.614993	658.200093	14.149435	0.009913	5.9
1931	-0.624033	657.810719	14.157552	0.007494	8.3
1932	-0.621029	657.421341	14.165677	0.003379	6.2
1933	-0.624639	658.372918	14.145836	0.005965	6.2
1934	-0.616401	658.001220	14.153579	0.009234	5.1
1935	-0.621689	659.001220	14.132765	0.006894	9.6
1936	-0.650913	659.525755	14.121872	0.007028	6.4
1937	-0.615108	660.488784	14.101916	0.005387	5.8
1938	-0.612388	660.896065	14.093493	0.009429	4.5
1939	-0.614848	661.896065	14.072856	0.007615	5.9
1940	-0.615641	662.896065	14.052278	0.006357	10.2
1941	-0.631786	663.893853	14.031806	0.008321	10.2
1942	-0.608352	664.892296	14.011380	0.005560	6.7
1943	-0.621643	665.505151	13.998872	0.006846	6.3
1944	-0.622223	665.119050	14.006750	0.003176	5.8
1945	-0.599876	664.734614	14.014602	0.006495	5.9
1946	-0.617727	664.452242	14.020375	0.010362	5.9
1947	-0.637487	665.452242	13.999951	0.006152	5.9
1948	-0.616081	666.452241	13.979586	0.009734	5.9
1949	-0.665366	666.232423	13.984058	0.006209	6.1
1950	-0.617275	667.215189	13.964088	0.003869	11.4
1951	-0.637117	667.757170	13.953100	0.007850	5.9
1952	-0.597476	668.421870	13.939647	0.003074	10.8
1953	-0.615154	668.046257	13.947246	0.011914	6.1
1954	-0.634737	667.656887	13.955132	0.005228	6.0
1955	-0.611076	667.405961	13.960219	0.005767	9.1
1956	-0.612872	668.396163	13.940167	0.006273	10.5
1957	-0.652560	668.006962	13.948042	0.009127	6.1
1958	-0.612929	667.662301	13.955022	0.009772	6.0
1959	-0.616948	667.272923	13.962917	0.007522	7.5
1960	-0.613212	668.270031	13.942718	0.007592	5.8
1961	-0.622190	667.880653	13.950599	0.006146	6.0
1962	-0.623073	668.831541	13.931369	0.008440	6.0
1963	-0.614434	668.442164	13.939237	0.007193	6.2
1964	-0.624111	669.434499	13.919203	0.010288	5.9
1965	-0.602290	670.434499	13.899072	0.010887	9.8
1966	-0.616411	671.434499	13.878999	0.007633	5.7
1967	-0.623377	671.045122	13.886808	0.004417	11.4
1968	-0.619608	671.569915	13.876285	0.010774	5.0
1969	-0.625257	672.569913	13.856278	0.003211	6.4
1970	-0.617865	673.276216	13.842182	0.010308	6.7
1971	-0.624460	672.992486	13.847841	0.004393	7.9
1972	-0.607870	672.603118	13.855615	0.005907	6.0
1973	-0.617759	673.359678	13.840518	0.006243	5.5
1974	-0.613943	672.972060	13.848249	0.009459	4.8
1975	-0.636579	672.582682	13.856023	0.007350	4.6
1976	-0.603606	673.582661	13.836075	0.005134	4.5
1977	-0.626351	674.582651	13.816184	0.003473	6.3
1978	-0.619522	674.223565	13.823320	0.008643	5.8
1979	-0.609937	675.102753	13.805861	0.006174	6.6
1980	-0.602603	674.713381	13.813588	0.004800	11.5
1981	-0.669567	674.324044	13.821322	0.006911	4.2
1982	-0.621308	675.216686	13.803602	0.003587	5.9
1983	-0.601181	675.784997	13.792343	0.004948	6.0
1984	-0.634041	675.850559	13.791045	0.008767	6.3
1985	-0.600624	675.465538	13.798669	0.009721	15.5
1986	-0.646167	676.465538	13.778885	0.007590	5.3
1987	-0.632041	676.076160	13.786582	0.003390	5.7
1988	-0.636407	676.987377	13.768584	0.005555	4.8
1989	-0.610074	676.599063	13.776248	0.008809	4.4
1990	-0.608451	677.598923	13.756531	0.006405	4.9
1991	-0.616765	677.214587	13.764103	0.004654	5.1
1992	-0.649520	678.100479	13.746662	0.004140	4.9
1993	-0.622489	678.394858	13.740876	0.005928	5.1
1994	-0.640115	679.089931	13.727233	0.007108	5.9
1995	-0.650387	678.701564	13.734852	0.004597	6.2
1996	-0.628043	678.314633	13.742452	0.011040	6.4
1997	-0.618598	677.926661	13.750080	0.006873	11.4
1998	-0.628235	677.537289	13.757745	0.004264	5.5
1999	-0.621816	677.153025	13.765317	0.004029	5.9
