1:ItNr	2:Metric	3:StepSize	4:||Gradient||	Time[ms]
0	-0.897054	627.201626	0.017012	1840.4
1	-0.574590	623.504937	0.005463	10.0
2	-0.863726	619.865785	0.008267	7.9
3	-0.000001	616.282728	0.000000	8.7
4	-0.247708	612.754375	0.004616	11.0
5	-0.999633	609.279381	0.012411	8.1
6	-0.404824	605.856447	0.002332	12.0
7	-0.956513	602.484317	0.021509	9.4
8	-1.421896	599.161779	0.009431	5.4
9	-0.003622	595.887656	0.000470	6.2
10	-0.861932	592.660813	0.009867	7.5
11	-0.990438	589.480151	0.010436	10.2
12	-0.835148	586.344606	0.015286	7.6
13	-0.769339	583.253145	0.014305	6.6
14	-0.573417	580.204771	0.011392	9.3
15	-0.482525	577.198517	0.006745	11.8
16	-0.942579	574.233444	0.006694	5.7
17	-0.334050	571.308645	0.005079	11.9
18	-1.335312	568.423237	0.007590	6.5
19	-1.536075	565.576365	0.009483	12.7
20	-1.571356	562.767201	0.020389	8.7
21	-0.397202	559.994938	0.010022	6.7
22	-0.499420	557.258797	0.003939	7.4
23	-0.000000	554.558018	0.000000	7.0
24	-0.368153	551.891865	0.008279	12.7
25	-1.177364	549.259621	0.017257	6.2
26	-0.000000	546.660592	0.000000	12.1
27	-0.000000	544.094102	0.000000	11.2
28	-0.417460	541.559494	0.022044	11.3
29	-0.860114	539.056129	0.004833	5.1
30	-0.809163	536.583387	0.007328	6.6
31	-0.003991	534.140663	0.000582	6.6
32	-0.000000	531.727370	0.000000	11.9
33	-0.414114	529.342935	0.003251	13.6
34	-0.000000	526.986802	0.000000	5.5
35	-0.207798	524.658430	0.003805	6.6
36	-0.167957	522.357290	0.004946	6.7
37	-0.000001	520.082868	0.000000	8.8
38	-0.571317	517.834665	0.005059	11.8
39	-0.000000	515.612193	0.000000	15.9
40	-0.110143	513.414976	0.007465	3.9
41	-0.000000	511.242551	0.000000	7.9
42	-0.241872	509.094468	0.009058	12.0
43	-0.745098	506.970285	0.014049	2.7
44	-0.236638	504.869574	0.005830	9.1
45	-0.000000	502.791916	0.000000	7.9
46	-0.000000	500.736903	0.000000	12.1
47	-0.164001	498.704137	0.003439	7.2
48	-0.348386	496.693228	0.006975	11.9
49	-0.000572	494.703798	0.000117	6.6
50	-0.369696	492.735476	0.004570	8.8
51	-0.000625	490.787900	0.000137	8.4
52	-1.175469	488.860718	0.015968	7.0
53	-1.598527	486.953585	0.023520	7.0
54	-0.216724	485.066164	0.006751	6.8
55	-0.062233	483.198126	0.003979	12.1
56	-0.000495	481.349149	0.000103	6.8
57	-0.021816	479.518920	0.001988	6.6
58	-0.406644	477.707132	0.007585	6.7
59	-0.717052	475.913485	0.009625	6.6
60	-0.612690	474.137684	0.013157	7.9
61	-0.334992	472.379445	0.020483	11.9
62	-0.811842	470.638485	0.009239	9.8
63	-0.000000	468.914531	0.000000	13.4
64	-0.120219	467.207315	0.005819	8.0
65	-0.928431	465.516573	0.014925	6.6
66	-1.111623	463.842050	0.010350	6.4
67	-1.586238	462.183494	0.016625	6.6
68	-0.537220	460.540658	0.012997	6.7
69	-1.590774	458.913303	0.028770	9.8
70	-0.341741	457.301192	0.007416	6.8
71	-1.252761	455.704096	0.010170	8.5
72	-0.909866	454.121787	0.006686	12.1
73	-0.240219	452.554045	0.005970	14.8
74	-0.735675	451.000653	0.008280	12.5
75	-0.541262	449.461399	0.006005	6.7
76	-1.027737	447.936075	0.013196	6.7
77	-1.045002	446.424477	0.009915	13.4
78	-0.170331	444.926406	0.004772	6.6
79	-0.000000	443.441666	0.000000	6.7
80	-0.716167	441.970065	0.012109	6.5
81	-0.275744	440.511415	0.007146	10.0
82	-1.018598	439.065533	0.011127	12.0
83	-1.079430	437.632238	0.005474	11.6
84	-0.438547	436.211351	0.013280	11.9
85	-0.562477	434.802701	0.012072	6.7
86	-0.303951	433.406117	0.008648	7.2
87	-0.000000	432.021430	0.000000	6.4
88	-1.048266	430.648479	0.006676	12.2
89	-0.148513	429.287101	0.002636	7.3
90	-0.707046	427.937140	0.008266	7.9
91	-0.845957	426.598440	0.020453	17.7
92	-0.980905	425.270849	0.011215	2.2
93	-1.213210	423.954220	0.017454	12.0
94	-0.011833	422.648404	0.000912	6.9
95	-1.383114	421.353259	0.018901	14.0
96	-0.364772	420.068643	0.003811	10.4
97	-1.164102	418.794419	0.009489	6.6
98	-0.000000	417.530451	0.000000	9.6
99	-0.317457	416.276604	0.009478	7.1
100	-0.000000	415.032748	0.000000	6.6
101	-0.249223	413.798754	0.002131	9.6
102	-0.819050	412.574495	0.010095	6.7
103	-1.643205	411.359849	0.023735	11.8
104	-0.455943	410.154691	0.010099	8.3
105	-0.000155	408.958904	0.000036	9.6
106	-1.121456	407.772368	0.014274	13.8
107	-1.420347	406.594968	0.014059	6.7
108	-0.089542	405.426590	0.003248	7.7
109	-1.406145	404.267122	0.013162	6.5
110	-0.025104	403.116456	0.001329	6.7
111	-0.000000	401.974481	0.000000	6.9
112	-0.000000	400.841093	0.000000	6.7
113	-1.340881	399.716187	0.031502	7.4
114	-0.306255	398.599660	0.005290	7.2
115	-0.000000	397.491411	0.000000	8.3
116	-0.019596	396.391342	0.001564	7.7
117	-0.539650	395.299353	0.004203	9.5
118	-1.532988	394.215350	0.009339	13.4
119	-0.222546	393.139238	0.001446	10.5
120	-0.449200	392.070924	0.004688	7.0
121	-0.000003	391.010316	0.000001	14.0
122	-0.000000	389.957325	0.000000	7.5
123	-0.292611	388.911862	0.011181	6.6
124	-0.088116	387.873839	0.000558	6.7
125	-1.063661	386.843173	0.014399	6.8
126	-0.258203	385.819777	0.006390	6.9
127	-0.000000	384.803569	0.000000	7.7
128	-1.342237	383.794468	0.009084	7.9
129	-1.348069	382.792393	0.013603	6.5
130	-0.000000	381.797264	0.000000	11.7
131	-0.588740	380.809005	0.007620	11.1
132	-0.000000	379.827537	0.000000	6.1
133	-0.673310	378.852786	0.013872	10.0
134	-1.907507	377.884678	0.017761	6.7
135	-0.000000	376.923138	0.000000	6.3
136	-0.014363	375.968095	0.001629	12.1
137	-0.312606	375.019479	0.006359	7.4
138	-0.202689	374.077218	0.007963	11.9
139	-0.299267	373.141244	0.005596	5.2
140	-0.000000	372.211489	0.000000	15.4
141	-1.683176	371.287887	0.023758	4.6
142	-1.229835	370.370370	0.008356	2.6
143	-0.000000	369.458876	0.000000	6.7
144	-0.000000	368.553338	0.000000	6.6
145	-0.011765	367.653696	0.000997	9.9
146	-1.106870	366.759885	0.010461	7.8
147	-0.000000	365.871846	0.000000	5.9
148	-0.071559	364.989518	0.002619	6.5
149	-1.188385	364.112841	0.026937	7.5
150	-0.522074	363.241757	0.004583	6.8
151	-0.742254	362.376208	0.013940	10.9
152	-0.847543	361.516137	0.012665	11.5
153	-0.685794	360.661488	0.008352	11.9
154	-1.197248	359.812206	0.020910	7.8
155	-1.057337	358.968236	0.010042	6.7
156	-1.425411	358.129524	0.013334	6.9
157	-1.510971	357.296018	0.007696	14.5
158	-0.272046	356.467665	0.002885	9.1
159	-1.305788	355.644414	0.012407	10.4
160	-0.000000	354.826213	0.000000	6.4
161	-1.249001	354.013012	0.017378	9.5
162	-0.000000	353.204763	0.000000	13.3
163	-0.000416	352.401415	0.000090	6.9
164	-0.472643	351.602922	0.009037	11.4
165	-0.069509	350.809235	0.002344	6.6
166	-0.000001	350.020308	0.000000	10.6
167	-0.446268	349.236095	0.006709	10.3
168	-0.481707	348.456550	0.005413	7.4
169	-0.038561	347.681627	0.002412	7.9
170	-0.000000	346.911283	0.000000	12.0
171	-1.109771	346.145474	0.017068	11.6
172	-0.559327	345.384157	0.007605	10.0
173	-0.391850	344.627288	0.013231	6.8
174	-0.187873	343.874826	0.004106	6.8
175	-1.379264	343.126729	0.012342	10.9
176	-1.708214	342.382957	0.014379	6.9
177	-0.762429	341.643469	0.003606	9.0
178	-0.136662	340.908224	0.007699	12.2
179	-0.961966	340.177184	0.006696	7.6
180	-0.007252	339.450309	0.000801	7.5
181	-0.330918	338.727561	0.011063	8.3
182	-0.000000	338.008902	0.000000	11.9
183	-0.000002	337.294295	0.000001	12.0
184	-1.722985	336.583703	0.032811	11.9
185	-0.000000	335.877089	0.000000	6.5
186	-0.849302	335.174416	0.024095	7.2
187	-0.989928	334.475651	0.029266	9.8
188	-0.000000	333.780756	0.000000	10.3
189	-0.292525	333.089698	0.005052	6.9
190	-0.449968	332.402443	0.003249	6.8
191	-0.775605	331.718955	0.007925	6.4
192	-0.000000	331.039203	0.000000	5.5
193	-0.721644	330.363153	0.011962	10.4
194	-0.000000	329.690771	0.000000	12.1
195	-0.148501	329.022027	0.003693	11.7
196	-0.156001	328.356888	0.001735	6.8
197	-0.000000	327.695322	0.000000	6.8
198	-1.171109	327.037299	0.021281	6.7
199	-0.499737	326.382787	0.008700	6.6
200	-1.027736	325.731758	0.009159	6.9
201	-0.073481	325.084179	0.002639	9.7
202	-0.000000	324.440023	0.000000	7.9
203	-1.429026	323.799258	0.018821	8.0
204	-0.910630	323.161858	0.009737	6.6
205	-1.109378	322.527792	0.021895	6.3
206	-0.000000	321.897034	0.000000	17.2
207	-0.000000	321.269554	0.000000	5.9
208	-0.014332	320.645325	0.001254	7.1
209	-1.551587	320.024320	0.009693	11.6
210	-0.000000	319.406512	0.000000	14.5
211	-0.000020	318.791875	0.000003	6.1
212	-0.000008	318.180381	0.000002	6.2
213	-0.873929	317.572005	0.035411	6.7
214	-0.001599	316.966721	0.000278	14.3
215	-0.749502	316.364504	0.010111	3.1
216	-0.149303	315.765329	0.003178	9.4
217	-0.000000	315.169170	0.000000	7.9
218	-0.000001	314.576003	0.000000	7.9
219	-0.000000	313.985804	0.000000	11.7
220	-1.630281	313.398548	0.014113	8.1
221	-0.322956	312.814213	0.008435	6.6
222	-0.980273	312.232773	0.018362	11.6
223	-0.147146	311.654207	0.002218	6.7
224	-0.561386	311.078491	0.004245	10.7
225	-0.961315	310.505602	0.004907	6.4
226	-0.838043	309.935518	0.012234	7.1
227	-0.822429	309.368217	0.006432	7.5
228	-1.398024	308.803676	0.012742	6.7
229	-0.705867	308.241874	0.013138	13.6
230	-0.895182	307.682789	0.009058	6.9
231	-1.197415	307.126400	0.004407	2.4
232	-1.555962	306.572687	0.004505	7.2
233	-0.306749	306.021627	0.003184	6.6
234	-0.869632	305.473201	0.005591	13.1
235	-0.000000	304.927388	0.000000	7.3
236	-0.832095	304.384168	0.016490	6.5
237	-1.749919	303.843521	0.018268	6.6
238	-0.391426	303.305427	0.008418	6.9
239	-0.895461	302.769867	0.004538	8.4
240	-1.247296	302.236821	0.017735	12.1
241	-0.262075	301.706270	0.013603	11.6
242	-0.583241	301.178196	0.012878	6.4
243	-0.411269	300.652580	0.012501	9.3
244	-0.468153	300.129402	0.012935	7.8
245	-0.524194	299.608645	0.009009	6.8
246	-0.000005	299.090291	0.000001	6.9
247	-1.213978	298.574321	0.004894	6.8
248	-0.076389	298.060718	0.002915	7.2
249	-0.693015	297.549465	0.008343	6.6
250	-1.014126	297.040543	0.013109	7.4
251	-0.996358	296.533936	0.013012	7.3
252	-0.000000	296.029626	0.000000	10.7
253	-0.970521	295.527597	0.011789	15.5
254	-0.246063	295.027832	0.005933	10.7
255	-0.218805	294.530315	0.005160	7.7
256	-0.325049	294.035028	0.006416	6.4
257	-0.997655	293.541956	0.013913	8.4
258	-0.179852	293.051083	0.003367	9.0
259	-0.000023	292.562393	0.000006	6.5
260	-0.000000	292.075870	0.000000	9.4
261	-0.452473	291.591498	0.004986	7.4
262	-1.354435	291.109263	0.027918	7.2
263	-1.337689	290.629149	0.011083	8.0
264	-1.118424	290.151140	0.009927	9.1
265	-1.181672	289.675222	0.019476	7.0
266	-1.477477	289.201380	0.005850	8.9
267	-0.000000	288.729600	0.000000	7.9
268	-1.015385	288.259866	0.015498	7.4
269	-0.766798	287.792165	0.020914	6.8
270	-0.000000	287.326481	0.000000	13.6
271	-1.481396	286.862802	0.009513	4.0
272	-0.006515	286.401113	0.000667	10.5
273	-0.149198	285.941400	0.001436	11.9
274	-0.590538	285.483649	0.012292	6.3
275	-0.006956	285.027847	0.001124	7.0
276	-0.155087	284.573981	0.004359	18.6
277	-0.854354	284.122037	0.021241	4.9
278	-0.000000	283.672002	0.000000	7.1
279	-0.211823	283.223863	0.006312	3.2
280	-0.327495	282.777607	0.005147	9.2
281	-0.794280	282.333221	0.006910	13.1
282	-1.141998	281.890692	0.018518	6.2
283	-1.401077	281.450008	0.016290	6.6
284	-0.860125	281.011157	0.006131	6.4
285	-0.258558	280.574125	0.006687	7.6
286	-0.278085	280.138901	0.004387	6.8
287	-0.541627	279.705473	0.012961	6.8
288	-0.133000	279.273829	0.005731	13.5
289	-1.116985	278.843956	0.014280	7.0
290	-1.081112	278.415844	0.015069	8.5
291	-0.280035	277.989479	0.005377	6.8
292	-0.793195	277.564851	0.013993	6.7
293	-0.487164	277.141949	0.011749	10.3
294	-0.573050	276.720761	0.010088	6.7
295	-0.000000	276.301275	0.000000	6.6
296	-0.933215	275.883480	0.027217	6.6
297	-0.731763	275.467366	0.020513	7.5
298	-0.000001	275.052922	0.000000	6.9
299	-0.000000	274.640136	0.000000	7.1
300	-0.309865	274.228998	0.002159	6.7
301	-1.476861	273.819497	0.012663	11.4
302	-0.961599	273.411623	0.028254	11.9
303	-0.000000	273.005365	0.000000	7.5
304	-1.205825	272.600712	0.012432	6.9
305	-0.687884	272.197655	0.009829	7.0
306	-1.058780	271.796184	0.019605	10.4
307	-0.344005	271.396287	0.020977	7.0
308	-0.076964	270.997956	0.002367	6.4
309	-0.989252	270.601180	0.006123	6.8
310	-0.000000	270.205949	0.000000	10.6
311	-0.000000	269.812254	0.000000	10.5
312	-0.267141	269.420085	0.006471	12.6
313	-0.583713	269.029432	0.006497	7.0
314	-1.646369	268.640287	0.023925	9.2
315	-0.078458	268.252638	0.003558	7.3
316	-1.253291	267.866478	0.015689	6.4
317	-0.111345	267.481796	0.003516	6.8
318	-1.073199	267.098584	0.012676	6.7
319	-0.613303	266.716833	0.022175	11.4
320	-1.093339	266.336533	0.010903	6.5
321	-1.792442	265.957676	0.023659	7.7
322	-1.333967	265.580253	0.009077	9.7
323	-0.000001	265.204254	0.000000	6.5
324	-1.022227	264.829672	0.014136	13.0
325	-0.540711	264.456497	0.014072	12.9
326	-0.155899	264.084721	0.005689	11.8
327	-0.496419	263.714335	0.006061	12.7
328	-1.051619	263.345332	0.020496	10.3
329	-0.275597	262.977702	0.008022	6.8
330	-0.791454	262.611438	0.020187	7.2
331	-0.000000	262.246531	0.000000	6.2
332	-0.559089	261.882973	0.026619	7.1
333	-0.000000	261.520756	0.000000	12.4
334	-1.054759	261.159871	0.014551	12.3
335	-0.762949	260.800312	0.007578	11.3
336	-0.234865	260.442070	0.008436	12.2
337	-1.113791	260.085137	0.007148	7.9
338	-0.010626	259.729505	0.001066	8.0
339	-0.474641	259.375167	0.009586	6.6
340	-0.193198	259.022116	0.005207	6.8
341	-0.000000	258.670343	0.000000	6.3
342	-1.605899	258.319841	0.017885	11.9
343	-0.220002	257.970602	0.009730	6.6
344	-0.000000	257.622620	0.000000	9.1
345	-0.000000	257.275887	0.000000	6.9
346	-0.417163	256.930396	0.004323	13.0
347	-0.495847	256.586139	0.005124	2.5
348	-0.754615	256.243109	0.004603	7.3
349	-0.274026	255.901300	0.006820	8.9
350	-0.708987	255.560703	0.011070	7.4
351	-0.000000	255.221313	0.000000	6.4
352	-0.397956	254.883122	0.010874	6.4
353	-0.000000	254.546124	0.000000	5.9
354	-0.000000	254.210311	0.000000	11.5
355	-0.025169	253.875677	0.001342	4.9
356	-0.409833	253.542215	0.010274	7.4
357	-1.406792	253.209918	0.012289	6.9
358	-1.415694	252.878781	0.013307	12.0
359	-1.064285	252.548795	0.008595	12.2
360	-0.706251	252.219956	0.005882	6.8
361	-0.000195	251.892255	0.000042	6.5
362	-0.009764	251.565688	0.001099	8.8
363	-1.755016	251.240247	0.010308	12.0
364	-1.352329	250.915926	0.005033	7.5
365	-0.000777	250.592720	0.000130	7.0
366	-1.014145	250.270621	0.019379	9.0
367	-0.000000	249.949624	0.000000	12.0
368	-1.161290	249.629723	0.028474	4.6
369	-0.841673	249.310911	0.006172	9.0
370	-0.613253	248.993182	0.012835	13.2
371	-1.335664	248.676531	0.018230	6.0
372	-0.712629	248.360952	0.010526	7.3
373	-1.127276	248.046438	0.007407	8.3
374	-1.477467	247.732984	0.008662	11.3
375	-0.019487	247.420584	0.001907	6.3
376	-0.212816	247.109233	0.001891	6.5
377	-1.498229	246.798924	0.014744	7.5
378	-0.000000	246.489652	0.000000	7.9
379	-0.672823	246.181412	0.010277	8.0
380	-0.681350	245.874197	0.006569	7.3
381	-1.179926	245.568002	0.013951	7.3
382	-0.000000	245.262822	0.000000	7.9
383	-1.490914	244.958652	0.009971	8.3
384	-0.000000	244.655485	0.000000	8.8
385	-1.195338	244.353317	0.006986	6.8
386	-0.000000	244.052142	0.000000	11.6
387	-0.373980	243.751955	0.012009	9.2
388	-0.980977	243.452750	0.006834	7.9
389	-0.000000	243.154523	0.000000	8.0
390	-1.268343	242.857268	0.013414	7.6
391	-1.290627	242.560980	0.013450	6.6
392	-0.233815	242.265654	0.003621	6.6
393	-0.000000	241.971285	0.000000	10.8
394	-1.444878	241.677868	0.011593	13.6
395	-0.538798	241.385397	0.004558	5.6
396	-0.782188	241.093869	0.013299	7.1
397	-0.000000	240.803278	0.000000	7.5
398	-0.750034	240.513619	0.010254	7.7
399	-0.427821	240.224887	0.006369	7.1
400	-1.292050	239.937077	0.012047	6.9
401	-0.005564	239.650186	0.000753	6.5
402	-0.339138	239.364207	0.009286	6.9
403	-0.820253	239.079136	0.014621	6.4
404	-0.626293	238.794969	0.013190	9.9
405	-0.856020	238.511701	0.018550	11.9
406	-0.445226	238.229327	0.004997	7.6
407	-0.419266	237.947843	0.014831	11.9
408	-0.921258	237.667244	0.007267	7.8
409	-0.092841	237.387526	0.002629	8.0
410	-0.354205	237.108684	0.007404	6.7
411	-1.029929	236.830714	0.016329	8.8
412	-1.136416	236.553610	0.026301	6.4
413	-0.000000	236.277370	0.000000	9.9
414	-1.318465	236.001989	0.020038	7.9
415	-0.373004	235.727461	0.007286	6.9
416	-0.739423	235.453784	0.007480	9.0
417	-1.419079	235.180952	0.015865	12.3
418	-1.491122	234.908962	0.035325	6.8
419	-0.736275	234.637809	0.006257	6.9
420	-0.000000	234.367488	0.000000	6.7
421	-0.000000	234.097997	0.000000	16.1
422	-1.374251	233.829331	0.018090	2.8
423	-1.018424	233.561485	0.012628	7.9
424	-0.155763	233.294456	0.003096	6.5
425	-1.659727	233.028239	0.022672	9.4
426	-1.487304	232.762831	0.012395	7.9
427	-0.000000	232.498228	0.000000	12.1
428	-1.520351	232.234425	0.014470	5.4
429	-0.911665	231.971419	0.006831	10.4
430	-0.000000	231.709205	0.000000	7.7
431	-0.977076	231.447781	0.012972	7.0
432	-0.883183	231.187141	0.006307	7.7
433	-1.526285	230.927283	0.008474	6.9
434	-0.007021	230.668202	0.001047	11.6
435	-0.174621	230.409895	0.002510	6.9
436	-0.052717	230.152358	0.002606	6.5
437	-1.326881	229.895587	0.018224	7.4
438	-0.000000	229.639578	0.000000	9.6
439	-1.691034	229.384329	0.013960	6.8
440	-0.000000	229.129834	0.000000	11.9
441	-0.000080	228.876091	0.000017	12.8
442	-1.443243	228.623096	0.017855	12.3
443	-0.000000	228.370846	0.000000	6.4
444	-0.246441	228.119336	0.004547	7.3
445	-1.309991	227.868563	0.016326	7.0
446	-0.000000	227.618525	0.000000	6.6
447	-1.072625	227.369216	0.013602	8.2
448	-0.087604	227.120635	0.001632	6.4
449	-1.065634	226.872777	0.016953	14.8
450	-1.226976	226.625638	0.014441	4.1
451	-0.756649	226.379217	0.013351	10.9
452	-1.430615	226.133509	0.017628	11.4
453	-0.907383	225.888510	0.010762	7.9
454	-0.000000	225.644218	0.000000	11.9
455	-0.161495	225.400630	0.005544	6.5
456	-0.682275	225.157741	0.005779	6.5
457	-0.080480	224.915549	0.002290	11.2
458	-1.426263	224.674051	0.011482	6.4
459	-0.267247	224.433242	0.007372	8.9
460	-0.000007	224.193121	0.000002	6.9
461	-0.628755	223.953684	0.013216	10.1
462	-0.260024	223.714927	0.007632	6.3
463	-0.000000	223.476848	0.000000	12.5
464	-0.771238	223.239444	0.015925	11.5
465	-0.175062	223.002710	0.006551	7.2
466	-0.455140	222.766645	0.010070	6.6
467	-0.954240	222.531245	0.008538	9.8
468	-0.079444	222.296508	0.003513	6.8
469	-1.741049	222.062429	0.013829	6.4
470	-1.688263	221.829007	0.007578	11.6
471	-1.089541	221.596238	0.008781	5.0
472	-0.000000	221.364119	0.000000	6.6
473	-0.000000	221.132647	0.000000	8.0
474	-0.273430	220.901820	0.005259	7.1
475	-1.767891	220.671634	0.021369	9.5
476	-0.267180	220.442086	0.006768	7.6
477	-0.452495	220.213174	0.005315	7.0
478	-0.908421	219.984895	0.009158	8.3
479	-1.286340	219.757246	0.012783	9.0
480	-0.018695	219.530224	0.001840	8.5
481	-0.000002	219.303826	0.000000	6.7
482	-0.000000	219.078050	0.000000	10.6
483	-0.000000	218.852893	0.000000	6.0
484	-0.195021	218.628352	0.003432	12.0
485	-0.520284	218.404424	0.004431	7.1
486	-0.060724	218.181106	0.003565	6.5
487	-0.646839	217.958397	0.006332	11.7
488	-0.224295	217.736292	0.008588	12.8
489	-1.489491	217.514790	0.015126	6.8
490	-0.292082	217.293888	0.006425	8.0
491	-0.934383	217.073584	0.011024	8.1
492	-1.640363	216.853873	0.007701	6.7
493	-0.895235	216.634755	0.008894	7.0
494	-0.017469	216.416227	0.000943	6.3
495	-1.179894	216.198285	0.014869	10.5
496	-0.506609	215.980927	0.005430	6.5
497	-0.860391	215.764151	0.010857	9.2
498	-0.108257	215.547955	0.002855	8.1
499	-0.000000	215.332335	0.000000	9.0
500	-0.000000	215.117289	0.000000	7.2
501	-0.186679	214.902815	0.004712	11.4
502	-0.307490	214.688911	0.008794	6.9
503	-0.000000	214.475573	0.000000	12.7
504	-0.000001	214.262800	0.000000	5.9
505	-0.584101	214.050588	0.014295	13.8
506	-0.502050	213.838936	0.009151	11.5
507	-0.000346	213.627842	0.000053	6.3
508	-0.817278	213.417302	0.009844	6.5
509	-1.493588	213.207314	0.014573	7.0
510	-0.567586	212.997877	0.005829	12.4
511	-1.622086	212.788987	0.016215	7.0
512	-0.060273	212.580642	0.002098	6.9
513	-0.000000	212.372841	0.000000	6.7
514	-0.591208	212.165581	0.012416	11.9
515	-1.781071	211.958859	0.010222	4.5
516	-0.011884	211.752673	0.001135	7.0
517	-0.000000	211.547021	0.000000	6.6
518	-0.000000	211.341902	0.000000	12.1
519	-0.109601	211.137311	0.001519	7.7
520	-0.293334	210.933248	0.007932	6.7
521	-0.003043	210.729710	0.000419	12.2
522	-0.000000	210.526695	0.000000	5.7
523	-0.650844	210.324200	0.007165	7.7
524	-0.000000	210.122224	0.000000	8.8
525	-0.932324	209.920765	0.008493	12.2
526	-1.009587	209.719820	0.011544	5.7
527	-0.090377	209.519387	0.002055	7.3
528	-0.000000	209.319463	0.000000	7.3
529	-0.000434	209.120048	0.000022	6.6
530	-0.478682	208.921139	0.010112	8.4
531	-0.000000	208.722733	0.000000	8.0
532	-0.000000	208.524829	0.000000	8.0
533	-1.546646	208.327425	0.014585	11.9
534	-0.587105	208.130518	0.010608	12.7
535	-0.950822	207.934107	0.009933	11.0
536	-0.637764	207.738189	0.010606	8.1
537	-1.675307	207.542762	0.016328	11.8
538	-0.396791	207.347825	0.007419	6.7
539	-1.187402	207.153376	0.011499	6.7
540	-0.029743	206.959412	0.002210	10.3
541	-0.723770	206.765932	0.006855	7.0
542	-1.047588	206.572933	0.012126	12.3
543	-0.000000	206.380414	0.000000	8.3
544	-0.285723	206.188373	0.002733	6.7
545	-1.755986	205.996807	0.018057	11.7
546	-0.352422	205.805716	0.008028	9.2
547	-0.764831	205.615096	0.008451	8.2
548	-1.465403	205.424946	0.023753	10.9
549	-0.698394	205.235265	0.010600	9.0
550	-0.950895	205.046050	0.005574	6.7
551	-0.000000	204.857299	0.000000	9.2
552	-0.213235	204.669011	0.004323	7.2
553	-1.065392	204.481184	0.009238	6.8
554	-0.149971	204.293816	0.001490	11.8
555	-0.402572	204.106905	0.004132	7.7
556	-1.723713	203.920449	0.007855	7.6
557	-0.008957	203.734447	0.000613	8.3
558	-1.370974	203.548896	0.008535	6.6
559	-0.000000	203.363795	0.000000	7.5
560	-1.046053	203.179143	0.006303	13.1
561	-1.292254	202.994937	0.014357	6.6
562	-0.000000	202.811176	0.000000	6.7
563	-1.442818	202.627857	0.010145	6.4
564	-0.173949	202.444980	0.008017	10.7
565	-0.000000	202.262543	0.000000	11.9
566	-0.405324	202.080543	0.006916	12.9
567	-0.192317	201.898979	0.005685	10.9
568	-0.062677	201.717849	0.002039	7.1
569	-0.000000	201.537153	0.000000	7.2
570	-0.526165	201.356887	0.014019	6.8
571	-0.000000	201.177050	0.000000	6.6
572	-0.000000	200.997642	0.000000	7.7
573	-0.362943	200.818659	0.007506	7.0
574	-1.129611	200.640100	0.011011	6.4
575	-1.070453	200.461965	0.012872	11.9
576	-0.000000	200.284250	0.000000	6.4
577	-1.324539	200.106955	0.013815	6.3
578	-0.150382	199.930078	0.002083	9.7
579	-0.000000	199.753617	0.000000	10.5
580	-1.483460	199.577571	0.014251	12.4
581	-0.607747	199.401938	0.011265	7.1
582	-0.000000	199.226717	0.000000	11.8
583	-0.440930	199.051905	0.012146	6.0
584	-0.008589	198.877502	0.001317	6.2
585	-1.058980	198.703506	0.013202	8.6
586	-0.888849	198.529916	0.006165	6.5
587	-0.424496	198.356729	0.004579	7.0
588	-0.298145	198.183944	0.004626	10.5
589	-1.305025	198.011560	0.017416	11.9
590	-0.000000	197.839576	0.000000	2.0
591	-0.993201	197.667989	0.030626	12.7
592	-0.844130	197.496798	0.010190	6.1
593	-1.438802	197.326002	0.013147	6.8
594	-1.351040	197.155600	0.014946	6.3
595	-0.000470	196.985589	0.000088	8.3
596	-0.000000	196.815969	0.000000	12.0
597	-1.621719	196.646738	0.015442	6.4
598	-0.691186	196.477894	0.019506	7.2
599	-1.004755	196.309436	0.012130	9.9
600	-1.232924	196.141363	0.003769	6.8
601	-0.000000	195.973673	0.000000	11.7
602	-0.736542	195.806365	0.009016	7.9
603	-1.116233	195.639437	0.018467	8.5
604	-0.689696	195.472888	0.012864	6.8
605	-1.447091	195.306717	0.017517	9.0
606	-0.046888	195.140922	0.000567	8.4
607	-0.056599	194.975501	0.001778	11.6
608	-0.628020	194.810454	0.004414	7.7
609	-0.146272	194.645779	0.003578	6.5
610	-1.671520	194.481475	0.006963	7.1
611	-1.940614	194.317540	0.015937	8.0
612	-1.331297	194.153973	0.021495	9.9
613	-0.000000	193.990773	0.000000	6.4
614	-0.833814	193.827938	0.018469	7.0
615	-0.916354	193.665467	0.007901	13.0
616	-0.536945	193.503358	0.009431	4.5
617	-1.444520	193.341611	0.015243	6.4
618	-0.000000	193.180224	0.000000	11.7
619	-1.120713	193.019196	0.013308	8.9
620	-0.518825	192.858525	0.007348	3.0
621	-1.820986	192.698210	0.020363	12.0
622	-0.000000	192.538251	0.000000	7.0
623	-0.845480	192.378644	0.004432	7.0
624	-0.215504	192.219391	0.003087	11.6
625	-1.270518	192.060488	0.015732	12.0
626	-0.000001	191.901935	0.000000	7.0
627	-0.000000	191.743730	0.000000	11.7
628	-0.467050	191.585873	0.008984	8.6
629	-0.000000	191.428362	0.000000	6.5
630	-1.743065	191.271196	0.012392	6.3
631	-0.414399	191.114374	0.008191	6.6
632	-0.762645	190.957893	0.010353	10.1
633	-0.956362	190.801755	0.008165	7.5
634	-0.528577	190.645956	0.009374	12.0
635	-0.776274	190.490495	0.011754	7.9
636	-0.795694	190.335373	0.025146	7.2
637	-0.644350	190.180587	0.016997	8.8
638	-0.423381	190.026136	0.008091	6.8
639	-0.599848	189.872019	0.008603	11.6
640	-0.753253	189.718235	0.009180	11.8
641	-0.348751	189.564782	0.004903	8.6
642	-0.018807	189.411661	0.001687	7.3
643	-1.489803	189.258868	0.006649	7.9
644	-0.435424	189.106404	0.006091	9.1
645	-0.000000	188.954267	0.000000	6.3
646	-0.890638	188.802456	0.010499	17.0
647	-0.468397	188.650969	0.012145	2.1
648	-0.832699	188.499807	0.013011	11.9
649	-1.111426	188.348967	0.018373	7.1
650	-1.339029	188.198448	0.004237	11.2
651	-0.821057	188.048250	0.008450	6.6
652	-1.216299	187.898371	0.017305	6.8
653	-0.000000	187.748810	0.000000	6.7
654	-0.558133	187.599566	0.010204	11.6
655	-0.000000	187.450638	0.000000	6.3
656	-0.000000	187.302025	0.000000	12.7
657	-0.570752	187.153725	0.007334	10.3
658	-0.575629	187.005739	0.007567	7.7
659	-0.516598	186.858064	0.006473	12.3
660	-0.044567	186.710699	0.002225	5.0
661	-0.574306	186.563645	0.006706	8.5
662	-1.036366	186.416898	0.016350	6.9
663	-0.022966	186.270459	0.001582	7.5
664	-0.705352	186.124326	0.013799	6.5
665	-0.976275	185.978499	0.016129	6.3
666	-0.000022	185.832976	0.000006	11.9
667	-0.088673	185.687756	0.001384	8.0
668	-1.615038	185.542838	0.016628	7.1
669	-1.170421	185.398222	0.010301	9.4
670	-0.516186	185.253906	0.008961	12.0
671	-0.146394	185.109889	0.004093	7.2
672	-0.488114	184.966170	0.003316	6.8
673	-0.000000	184.822748	0.000000	9.5
674	-1.674650	184.679623	0.008920	6.8
675	-0.063462	184.536792	0.003102	6.5
676	-0.635060	184.394256	0.009865	7.1
677	-1.549552	184.252013	0.015336	6.6
678	-1.202079	184.110062	0.009125	7.4
679	-0.345872	183.968403	0.012934	8.2
680	-0.000000	183.827034	0.000000	6.3
681	-0.000000	183.685954	0.000000	7.5
682	-0.000236	183.545163	0.000054	7.2
683	-0.640061	183.404658	0.015549	11.8
684	-1.272148	183.264441	0.004571	6.7
685	-1.332678	183.124509	0.014894	6.6
686	-1.164655	182.984861	0.015147	7.1
687	-1.561157	182.845497	0.007742	6.7
688	-0.219789	182.706416	0.003282	7.4
689	-1.328462	182.567616	0.018496	6.6
690	-0.248241	182.429098	0.006341	6.9
691	-0.780730	182.290859	0.010771	8.1
692	-0.498846	182.152899	0.004851	6.7
693	-0.458022	182.015217	0.009648	6.7
694	-0.000000	181.877813	0.000000	14.7
695	-0.533261	181.740684	0.006553	5.4
696	-0.000000	181.603832	0.000000	5.2
697	-0.055002	181.467253	0.001278	12.4
698	-0.000192	181.330948	0.000047	11.2
699	-1.020716	181.194916	0.015125	7.1
700	-0.000000	181.059155	0.000000	6.6
701	-1.831435	180.923666	0.024258	6.5
702	-0.000000	180.788446	0.000000	6.2
703	-1.375122	180.653496	0.009008	9.2
704	-1.523423	180.518814	0.011094	7.2
705	-0.347760	180.384399	0.009482	6.5
706	-1.050096	180.250251	0.014501	6.7
707	-0.000014	180.116369	0.000005	6.7
708	-1.466210	179.982752	0.023572	8.6
709	-0.603505	179.849398	0.011662	7.9
710	-0.807382	179.716308	0.009017	7.0
711	-1.109832	179.583480	0.020385	6.9
712	-1.298466	179.450913	0.014213	6.7
713	-0.000000	179.318607	0.000000	6.5
714	-1.276950	179.186561	0.011332	11.9
715	-1.027766	179.054774	0.012638	11.9
716	-0.000000	178.923245	0.000000	7.5
717	-1.477633	178.791973	0.019044	6.5
718	-1.365066	178.660958	0.024025	15.2
719	-0.220335	178.530199	0.005222	11.7
720	-0.247852	178.399694	0.007797	6.5
721	-0.302183	178.269444	0.007204	13.5
722	-1.151293	178.139447	0.025850	6.2
723	-0.684684	178.009702	0.017779	10.9
724	-0.106921	177.880209	0.002757	7.0
725	-0.000000	177.750967	0.000000	6.3
726	-0.697181	177.621975	0.008725	7.4
727	-1.369357	177.493232	0.010425	6.5
728	-0.003732	177.364738	0.000507	13.0
729	-1.004852	177.236492	0.017961	10.8
730	-0.346936	177.108492	0.007181	6.8
731	-1.227763	176.980739	0.015451	7.2
732	-0.879403	176.853231	0.003912	6.9
733	-1.169179	176.725968	0.006052	6.7
734	-0.000001	176.598949	0.000000	8.7
735	-1.648611	176.472173	0.011390	10.8
736	-0.000000	176.345639	0.000000	11.8
737	-0.458809	176.219348	0.006800	14.0
738	-0.564367	176.093296	0.017411	10.7
739	-1.302231	175.967486	0.010571	11.9
740	-1.298864	175.841914	0.010402	11.8
741	-0.491499	175.716581	0.013044	6.6
742	-0.000000	175.591486	0.000000	8.4
743	-0.869043	175.466629	0.007598	11.3
744	-0.401026	175.342008	0.009112	6.5
745	-0.513660	175.217622	0.008584	8.5
746	-0.000298	175.093472	0.000061	6.8
747	-0.143812	174.969556	0.005823	12.2
748	-0.234742	174.845873	0.003832	10.9
749	-1.630616	174.722423	0.012390	7.5
750	-0.891693	174.599206	0.011018	8.0
751	-0.292418	174.476220	0.007521	17.7
752	-0.000000	174.353464	0.000000	8.3
753	-0.434255	174.230939	0.003943	3.6
754	-0.037404	174.108643	0.002961	11.4
755	-0.045391	173.986576	0.002459	7.1
756	-0.360247	173.864737	0.005567	6.8
757	-0.000000	173.743124	0.000000	12.1
758	-0.087675	173.621739	0.002093	6.9
759	-1.157563	173.500579	0.012870	6.4
760	-0.000000	173.379645	0.000000	8.8
761	-0.010444	173.258935	0.001147	11.9
762	-0.512306	173.138449	0.005272	8.4
763	-0.776299	173.018186	0.011384	6.7
764	-1.584261	172.898146	0.015131	12.0
765	-1.113505	172.778327	0.023525	8.6
766	-1.869834	172.658730	0.019126	6.9
767	-1.001894	172.539353	0.016945	9.0
768	-0.989480	172.420196	0.019860	6.7
769	-0.769295	172.301258	0.007664	12.1
770	-0.957407	172.182539	0.011895	11.2
771	-1.094439	172.064037	0.014197	6.7
772	-0.667543	171.945753	0.017117	10.8
773	-0.697957	171.827686	0.009191	7.4
774	-1.430141	171.709834	0.015336	6.7
775	-0.889022	171.592198	0.014480	6.7
776	-0.000000	171.474776	0.000000	6.9
777	-0.592089	171.357568	0.007672	6.3
778	-0.767391	171.240574	0.010260	6.5
779	-0.888487	171.123793	0.011139	7.1
780	-0.363519	171.007223	0.005288	6.6
781	-1.694215	170.890865	0.013718	6.7
782	-0.259139	170.774718	0.008391	6.8
783	-0.884718	170.658782	0.013853	7.6
784	-0.000000	170.543055	0.000000	6.3
785	-0.200630	170.427537	0.005880	7.2
786	-1.318666	170.312227	0.021101	10.3
787	-0.013758	170.197125	0.001299	13.5
788	-1.154083	170.082231	0.016675	6.9
789	-0.586215	169.967543	0.009046	9.4
790	-0.000000	169.853061	0.000000	7.0
791	-0.000000	169.738784	0.000000	6.4
792	-0.460232	169.624713	0.007644	7.0
793	-1.159786	169.510845	0.007640	6.6
794	-0.048039	169.397181	0.002775	7.5
795	-0.000000	169.283720	0.000000	8.6
796	-0.758719	169.170462	0.013595	10.5
797	-0.010658	169.057405	0.000453	6.5
798	-0.527731	168.944549	0.007851	9.5
799	-1.342771	168.831895	0.005036	7.7
800	-0.935545	168.719440	0.007083	12.2
801	-1.222384	168.607185	0.006550	6.6
802	-0.013230	168.495129	0.001323	6.9
803	-0.000000	168.383271	0.000000	10.3
804	-1.524430	168.271611	0.012528	7.9
805	-0.007952	168.160148	0.000916	6.4
806	-0.677861	168.048882	0.009123	9.6
807	-1.425179	167.937812	0.010034	5.5
808	-1.122521	167.826938	0.014219	6.8
809	-1.625342	167.716258	0.015518	14.1
810	-0.490645	167.605773	0.010561	7.9
811	-1.223300	167.495482	0.012918	6.5
812	-0.335154	167.385384	0.006886	6.3
813	-0.442737	167.275479	0.009202	6.9
814	-0.822713	167.165766	0.010016	13.0
815	-0.611152	167.056245	0.004666	7.1
816	-0.179421	166.946915	0.002298	6.7
817	-1.461765	166.837776	0.013969	7.1
818	-1.009811	166.728826	0.011799	11.8
819	-1.176355	166.620067	0.009699	7.6
820	-1.050266	166.511496	0.004111	7.8
821	-0.000000	166.403113	0.000000	10.1
822	-1.650983	166.294919	0.019651	7.2
823	-1.844213	166.186912	0.012022	8.0
824	-0.000000	166.079091	0.000000	6.6
825	-0.081470	165.971458	0.001693	8.2
826	-0.000000	165.864009	0.000000	9.5
827	-1.525327	165.756747	0.011438	11.7
828	-0.000000	165.649669	0.000000	6.9
829	-0.772703	165.542775	0.007553	8.4
830	-1.623192	165.436065	0.011581	7.0
831	-0.000039	165.329538	0.000007	6.6
832	-0.004412	165.223194	0.000464	6.7
833	-0.420511	165.117032	0.008131	11.4
834	-0.282013	165.011052	0.006358	12.0
835	-0.011384	164.905253	0.001123	4.6
836	-0.000000	164.799635	0.000000	6.5
837	-1.377792	164.694197	0.037685	13.0
838	-1.067886	164.588939	0.010389	11.5
839	-0.269781	164.483859	0.006994	6.5
840	-0.000000	164.378959	0.000000	6.3
841	-0.000000	164.274237	0.000000	8.7
842	-1.565086	164.169692	0.016454	6.6
843	-1.145960	164.065325	0.011468	9.4
844	-0.004478	163.961135	0.000652	9.5
845	-1.123350	163.857120	0.019642	10.5
846	-0.414011	163.753282	0.004655	6.6
847	-0.219566	163.649619	0.002384	12.0
848	-0.432440	163.546130	0.003041	12.0
849	-0.643942	163.442816	0.026993	6.2
850	-0.071231	163.339676	0.001069	7.1
851	-0.950024	163.236709	0.032873	13.0
852	-0.000000	163.133915	0.000000	5.8
853	-0.058784	163.031294	0.003339	6.3
854	-0.625662	162.928844	0.007950	9.3
855	-0.351872	162.826566	0.003774	12.7
856	-0.431541	162.724459	0.007103	11.2
857	-1.238618	162.622523	0.012880	6.5
858	-0.441626	162.520757	0.004916	6.8
859	-1.266959	162.419160	0.010164	12.3
860	-0.407421	162.317733	0.003997	13.2
861	-0.000000	162.216474	0.000000	3.3
862	-1.092589	162.115383	0.019730	6.7
863	-0.299556	162.014461	0.005194	13.2
864	-0.000000	161.913705	0.000000	3.2
865	-0.002246	161.813117	0.000341	11.9
866	-0.625247	161.712695	0.017450	9.8
867	-0.970347	161.612439	0.020137	7.2
868	-0.276417	161.512349	0.007544	8.9
869	-1.016730	161.412424	0.015067	11.4
870	-0.711957	161.312663	0.008691	10.7
871	-0.094463	161.213067	0.004193	11.8
872	-0.000000	161.113635	0.000000	11.9
873	-0.317566	161.014366	0.008822	9.3
874	-1.221814	160.915260	0.013041	6.5
875	-0.803894	160.816316	0.016522	13.3
876	-0.387797	160.717535	0.008474	7.5
877	-0.000008	160.618915	0.000002	8.3
878	-0.280574	160.520456	0.004099	6.6
879	-0.800679	160.422158	0.006646	7.0
880	-0.000001	160.324021	0.000000	12.9
881	-0.644784	160.226043	0.003503	9.2
882	-0.226561	160.128225	0.002976	7.9
883	-0.943714	160.030566	0.023431	12.2
884	-1.130448	159.933066	0.005264	6.5
885	-0.000000	159.835723	0.000000	9.1
886	-0.841851	159.738539	0.008083	7.9
887	-0.000000	159.641512	0.000000	14.2
888	-0.155785	159.544642	0.004928	12.2
889	-0.826490	159.447929	0.014957	7.0
890	-0.078581	159.351372	0.001460	6.5
891	-0.547983	159.254971	0.003900	6.6
892	-0.845690	159.158725	0.009633	6.4
893	-0.000000	159.062634	0.000000	13.2
894	-1.341108	158.966697	0.010848	2.9
895	-1.792348	158.870915	0.015685	7.1
896	-0.020849	158.775286	0.000622	7.5
897	-1.805996	158.679811	0.013773	11.6
898	-0.011824	158.584489	0.000984	11.9
899	-1.467046	158.489319	0.012436	12.0
900	-0.000000	158.394302	0.000000	7.4
901	-1.190123	158.299436	0.013015	9.8
902	-0.000000	158.204721	0.000000	12.0
903	-0.785055	158.110158	0.013832	6.7
904	-0.170901	158.015745	0.004257	6.7
905	-0.939878	157.921482	0.004804	6.9
906	-0.608723	157.827369	0.013358	6.8
907	-1.742192	157.733406	0.020350	6.8
908	-0.109796	157.639591	0.003083	9.2
909	-0.086857	157.545925	0.003179	11.8
910	-0.387338	157.452408	0.007461	12.7
911	-0.065309	157.359038	0.001132	7.8
912	-0.769283	157.265816	0.003862	6.6
913	-0.079684	157.172741	0.002130	6.7
914	-0.000000	157.079813	0.000000	6.5
915	-0.188857	156.987031	0.001345	6.8
916	-0.004304	156.894395	0.000161	17.1
917	-0.000000	156.801904	0.000000	3.8
918	-0.360698	156.709559	0.003321	6.7
919	-1.021622	156.617359	0.014957	6.4
920	-0.676059	156.525304	0.009774	6.7
921	-0.727388	156.433392	0.008728	12.5
922	-1.263678	156.341624	0.005785	11.3
923	-0.714214	156.250000	0.014169	5.0
924	-1.518752	156.158519	0.007252	10.0
925	-0.027612	156.067180	0.002356	7.9
926	-0.464579	155.975984	0.008826	12.0
927	-0.000000	155.884930	0.000000	5.9
928	-0.745455	155.794017	0.014156	6.9
929	-1.247492	155.703246	0.003999	6.8
930	-0.012315	155.612615	0.001472	13.0
931	-0.762509	155.522125	0.009468	4.8
932	-0.759899	155.431775	0.009092	16.9
933	-0.955771	155.341565	0.006090	2.1
934	-1.128443	155.251495	0.007854	10.6
935	-1.304081	155.161563	0.016685	8.0
936	-0.523787	155.071771	0.008945	7.8
937	-1.128780	154.982117	0.022822	8.0
938	-0.163674	154.892601	0.001570	6.7
939	-1.213496	154.803222	0.012647	9.0
940	-1.188206	154.713981	0.013499	11.6
941	-0.000000	154.624878	0.000000	15.4
942	-0.000000	154.535910	0.000000	2.6
943	-1.454732	154.447080	0.012904	14.1
944	-1.338159	154.358385	0.018388	6.2
945	-0.551155	154.269826	0.008645	6.6
946	-0.000000	154.181402	0.000000	10.5
947	-0.021219	154.093114	0.000834	7.6
948	-0.314743	154.004960	0.004728	18.2
949	-1.563507	153.916940	0.023607	5.1
950	-0.212997	153.829054	0.010321	6.6
951	-1.122119	153.741303	0.016257	6.8
952	-0.965027	153.653684	0.004432	11.1
953	-0.000000	153.566198	0.000000	6.4
954	-0.363285	153.478846	0.007525	12.5
955	-0.748973	153.391625	0.010391	6.8
956	-1.218234	153.304537	0.017108	9.8
957	-0.119287	153.217580	0.002755	6.7
958	-1.318841	153.130755	0.010322	6.7
959	-0.739577	153.044061	0.012355	9.9
960	-1.394096	152.957498	0.009854	6.5
961	-0.764240	152.871065	0.016129	11.3
962	-0.231255	152.784762	0.003796	7.1
963	-0.881820	152.698589	0.003346	7.1
964	-0.000000	152.612545	0.000000	6.5
965	-0.000000	152.526631	0.000000	13.1
966	-1.242914	152.440845	0.025382	9.5
967	-1.392332	152.355188	0.009591	14.0
968	-0.733605	152.269660	0.008607	12.9
969	-1.039826	152.184259	0.008321	5.1
970	-1.379033	152.098986	0.015109	13.2
971	-0.193079	152.013840	0.003210	15.4
972	-0.046181	151.928821	0.002412	12.6
973	-0.554997	151.843928	0.007508	17.2
974	-1.281394	151.759163	0.016362	11.0
975	-0.000000	151.674523	0.000000	14.2
976	-0.469639	151.590009	0.008419	12.5
977	-0.593315	151.505620	0.007380	11.7
978	-0.210595	151.421357	0.006363	12.9
979	-0.732140	151.337218	0.009682	10.8
980	-0.906901	151.253204	0.017256	13.0
981	-0.324115	151.169314	0.008070	7.9
982	-0.866634	151.085549	0.004921	12.0
983	-0.259088	151.001907	0.004675	8.6
984	-0.361932	150.918388	0.004365	13.6
985	-0.328265	150.834992	0.012884	11.7
986	-0.948807	150.751719	0.004597	19.4
987	-0.215735	150.668569	0.002719	9.2
988	-1.656927	150.585541	0.019043	12.3
989	-0.288459	150.502634	0.006048	8.4
990	-0.631862	150.419849	0.013405	17.0
991	-0.335102	150.337186	0.007863	13.2
992	-0.000307	150.254644	0.000070	12.4
993	-1.894734	150.172222	0.014406	12.3
994	-0.244117	150.089921	0.003415	12.7
995	-1.255554	150.007740	0.005829	14.5
996	-0.000000	149.925679	0.000000	15.3
997	-0.175547	149.843737	0.002307	17.9
998	-1.142357	149.761915	0.009653	7.8
999	-0.285953	149.680212	0.005447	14.8
1000	-0.000000	149.598627	0.000000	12.5
1001	-0.000000	149.517161	0.000000	16.4
1002	-0.661692	149.435814	0.008895	14.7
1003	-0.009473	149.354584	0.001291	14.7
1004	-1.769708	149.273472	0.003924	14.1
1005	-1.255116	149.192477	0.007861	12.8
1006	-0.932465	149.111599	0.007191	11.0
1007	-0.819101	149.030838	0.021319	12.4
1008	-0.000013	148.950194	0.000003	12.3
1009	-0.000000	148.869666	0.000000	6.3
1010	-0.571357	148.789253	0.008197	13.0
1011	-1.194956	148.708957	0.004691	12.8
1012	-1.678692	148.628776	0.012394	8.3
1013	-0.396296	148.548710	0.008021	15.5
1014	-0.410349	148.468759	0.005230	10.0
1015	-0.000000	148.388923	0.000000	7.3
1016	-0.008537	148.309201	0.000670	12.8
1017	-1.847581	148.229594	0.012407	13.6
1018	-1.371314	148.150100	0.018201	13.2
1019	-0.624939	148.070719	0.012413	8.6
1020	-1.570352	147.991452	0.007177	11.9
1021	-1.537749	147.912298	0.009107	13.0
1022	-0.605775	147.833257	0.011321	12.4
1023	-0.206584	147.754329	0.002597	10.3
1024	-1.548842	147.675512	0.008111	12.5
1025	-1.533050	147.596808	0.017446	14.2
1026	-0.410854	147.518216	0.007051	11.6
1027	-1.034561	147.439735	0.011972	12.1
1028	-0.000000	147.361365	0.000000	11.9
1029	-1.305643	147.283106	0.010560	17.1
1030	-0.171589	147.204958	0.003793	12.5
1031	-1.418095	147.126920	0.011027	11.9
1032	-1.225396	147.048993	0.005505	7.8
1033	-0.014871	146.971175	0.001580	10.8
1034	-1.091790	146.893468	0.010051	16.0
1035	-1.208838	146.815869	0.013489	14.7
1036	-1.286302	146.738380	0.009520	11.3
1037	-1.153292	146.661000	0.013333	11.6
1038	-1.262002	146.583729	0.030191	9.4
1039	-1.393440	146.506566	0.011561	12.1
1040	-0.330592	146.429511	0.002728	12.9
1041	-0.157501	146.352565	0.003177	11.9
1042	-1.535793	146.275726	0.006857	10.2
1043	-0.388143	146.198994	0.009608	10.8
1044	-0.024328	146.122370	0.001101	8.2
1045	-1.008510	146.045853	0.011472	9.2
1046	-0.591390	145.969442	0.011873	10.4
1047	-1.465145	145.893139	0.018367	6.1
1048	-1.678424	145.816941	0.017909	6.5
1049	-1.252324	145.740849	0.009053	13.8
1050	-0.793236	145.664863	0.006286	9.1
1051	-0.580170	145.588983	0.007930	7.2
1052	-0.000000	145.513208	0.000000	6.9
1053	-0.776931	145.437538	0.012018	11.6
1054	-0.000000	145.361973	0.000000	9.9
1055	-1.153300	145.286513	0.011476	6.7
1056	-0.000000	145.211157	0.000000	9.1
1057	-1.649121	145.135905	0.013025	7.7
1058	-0.757948	145.060757	0.005746	12.3
1059	-0.000000	144.985712	0.000000	7.1
1060	-0.382912	144.910771	0.006391	6.9
1061	-0.277590	144.835934	0.005531	7.3
1062	-1.020838	144.761199	0.007740	6.8
1063	-0.000000	144.686567	0.000000	7.5
1064	-1.003187	144.612037	0.019825	8.1
1065	-0.672871	144.537610	0.009137	7.5
1066	-0.216182	144.463285	0.002140	6.5
1067	-1.788784	144.389062	0.013899	6.5
1068	-0.000000	144.314940	0.000000	7.0
1069	-0.384813	144.240920	0.004337	8.2
1070	-0.270524	144.167001	0.002688	7.0
1071	-1.398332	144.093182	0.014327	7.2
1072	-0.645032	144.019465	0.005965	6.8
1073	-1.621265	143.945848	0.021708	6.8
1074	-1.227248	143.872331	0.010557	8.7
1075	-0.000000	143.798914	0.000000	11.4
1076	-1.048432	143.725597	0.010973	8.0
1077	-0.000000	143.652380	0.000000	6.7
1078	-0.723688	143.579262	0.010262	7.1
1079	-0.681691	143.506243	0.010041	6.5
1080	-0.886747	143.433323	0.007008	11.0
1081	-0.000000	143.360502	0.000000	13.7
1082	-0.292249	143.287780	0.006810	10.1
1083	-1.260317	143.215155	0.013438	6.9
1084	-0.512574	143.142629	0.012369	9.0
1085	-0.702929	143.070201	0.015484	6.7
1086	-1.632678	142.997870	0.010683	6.6
1087	-0.483596	142.925637	0.006633	6.6
1088	-0.680425	142.853501	0.008609	7.2
1089	-0.952127	142.781462	0.007979	6.8
1090	-1.573502	142.709519	0.014249	7.4
1091	-0.000000	142.637674	0.000000	10.3
1092	-0.693545	142.565924	0.010725	6.3
1093	-0.672823	142.494271	0.014121	9.4
1094	-0.000000	142.422714	0.000000	12.1
1095	-1.145663	142.351252	0.009937	11.8
1096	-1.819921	142.279886	0.021025	6.1
1097	-0.029682	142.208616	0.002168	8.1
1098	-0.000000	142.137440	0.000000	9.0
1099	-0.000101	142.066360	0.000022	8.5
1100	-0.191994	141.995374	0.009112	11.8
1101	-1.265856	141.924483	0.009626	7.3
1102	-0.000567	141.853685	0.000116	6.3
1103	-0.479776	141.782983	0.007189	10.4
1104	-1.319072	141.712373	0.014445	6.7
1105	-0.000000	141.641858	0.000000	11.8
1106	-0.000000	141.571436	0.000000	8.7
1107	-0.991231	141.501108	0.018155	8.5
1108	-0.325944	141.430872	0.010496	6.6
1109	-0.000000	141.360730	0.000000	6.4
1110	-1.264642	141.290680	0.010632	6.5
1111	-0.402442	141.220722	0.004563	7.0
1112	-1.201193	141.150857	0.007297	6.6
1113	-1.158182	141.081084	0.015387	7.6
1114	-0.589645	141.011403	0.005374	7.1
1115	-1.495377	140.941813	0.014662	6.8
1116	-0.479336	140.872315	0.009034	9.0
1117	-0.300473	140.802909	0.003513	7.1
1118	-0.711888	140.733593	0.014864	7.9
1119	-0.208090	140.664369	0.007044	8.9
1120	-0.000000	140.595235	0.000000	6.5
1121	-0.001518	140.526192	0.000096	9.3
1122	-0.275832	140.457239	0.002817	7.8
1123	-0.629189	140.388376	0.014524	6.8
1124	-1.082212	140.319603	0.010846	17.3
1125	-0.732346	140.250920	0.004919	4.4
1126	-0.385061	140.182326	0.008631	7.1
1127	-1.564785	140.113822	0.007892	8.1
1128	-1.664572	140.045407	0.026769	7.1
1129	-1.173156	139.977081	0.010750	12.0
1130	-1.484310	139.908844	0.010325	8.7
1131	-0.000000	139.840696	0.000000	7.3
1132	-0.956518	139.772635	0.015711	8.5
1133	-1.341206	139.704664	0.006621	6.8
1134	-0.500478	139.636780	0.004693	6.8
1135	-0.915181	139.568984	0.012186	10.4
1136	-1.475593	139.501276	0.020163	7.5
1137	-0.787251	139.433655	0.018083	8.0
1138	-1.497855	139.366122	0.015232	7.3
1139	-0.478958	139.298676	0.007355	7.4
1140	-1.240430	139.231317	0.015368	6.6
1141	-0.811193	139.164045	0.014994	8.9
1142	-0.464850	139.096859	0.004376	7.8
1143	-0.930077	139.029760	0.009679	6.9
1144	-0.000000	138.962747	0.000000	6.7
1145	-0.000000	138.895820	0.000000	6.2
1146	-0.047693	138.828978	0.003063	11.7
1147	-0.365474	138.762223	0.009359	9.5
1148	-1.653933	138.695553	0.007242	6.9
1149	-0.000000	138.628969	0.000000	8.6
1150	-1.179521	138.562469	0.033235	6.6
1151	-0.000000	138.496055	0.000000	7.2
1152	-0.649774	138.429725	0.007185	10.6
1153	-0.000000	138.363481	0.000000	7.3
1154	-0.212561	138.297320	0.002944	10.0
1155	-0.400956	138.231244	0.009126	9.9
1156	-0.000000	138.165252	0.000000	11.9
1157	-0.665379	138.099344	0.011478	5.8
1158	-1.411918	138.033520	0.043208	6.7
1159	-0.159344	137.967779	0.007314	9.1
1160	-0.158281	137.902122	0.006706	7.5
1161	-0.277838	137.836548	0.006917	12.4
1162	-0.000000	137.771057	0.000000	5.4
1163	-0.000000	137.705649	0.000000	6.7
1164	-0.121550	137.640324	0.002556	6.5
1165	-1.188107	137.575081	0.007186	16.0
1166	-0.653593	137.509921	0.009629	13.3
1167	-0.600381	137.444842	0.010618	8.8
1168	-0.000000	137.379846	0.000000	8.0
1169	-0.514789	137.314932	0.007144	6.5
1170	-1.210844	137.250100	0.006403	6.6
1171	-0.000000	137.185349	0.000000	7.2
1172	-1.110073	137.120680	0.011960	8.0
1173	-1.361916	137.056092	0.005300	13.0
1174	-0.946911	136.991585	0.009249	7.9
1175	-1.768478	136.927158	0.022804	7.0
1176	-0.000000	136.862813	0.000000	7.7
1177	-0.213438	136.798548	0.002932	6.9
1178	-0.916512	136.734363	0.013790	8.5
1179	-0.401036	136.670259	0.010661	7.3
1180	-1.036398	136.606235	0.011453	10.4
1181	-0.000000	136.542291	0.000000	6.7
1182	-0.807930	136.478426	0.009316	12.0
1183	-0.920968	136.414641	0.009859	9.8
1184	-0.071963	136.350936	0.003902	6.7
1185	-0.793311	136.287310	0.003265	6.5
1186	-1.469777	136.223763	0.021400	6.9
1187	-0.837096	136.160295	0.010061	6.3
1188	-1.483282	136.096905	0.022652	13.0
1189	-1.240075	136.033594	0.007300	6.4
1190	-0.695541	135.970362	0.004627	6.6
1191	-0.000000	135.907208	0.000000	6.6
1192	-0.749923	135.844133	0.004610	6.8
1193	-1.466932	135.781135	0.017088	13.1
1194	-0.691440	135.718215	0.008571	10.4
1195	-0.889671	135.655373	0.009499	12.2
1196	-0.768268	135.592608	0.007695	8.1
1197	-0.000000	135.529921	0.000000	6.2
1198	-0.414883	135.467311	0.004974	7.2
1199	-0.372933	135.404778	0.008649	14.5
1200	-0.665202	135.342322	0.006237	4.8
1201	-0.253792	135.279942	0.007285	7.4
1202	-0.248767	135.217640	0.006665	11.5
1203	-0.367091	135.155413	0.008543	7.0
1204	-0.401282	135.093263	0.007573	6.5
1205	-0.039296	135.031190	0.003403	6.4
1206	-0.000000	134.969192	0.000000	11.8
1207	-0.535745	134.907270	0.008616	8.7
1208	-0.000001	134.845424	0.000000	11.3
1209	-1.446040	134.783653	0.018998	6.8
1210	-0.540591	134.721958	0.003972	9.1
1211	-0.000000	134.660338	0.000000	12.0
1212	-1.175586	134.598793	0.010881	8.2
1213	-1.120841	134.537323	0.014951	7.7
1214	-0.765565	134.475927	0.007825	12.0
1215	-1.409229	134.414607	0.008356	7.9
1216	-1.471792	134.353361	0.010296	6.7
1217	-0.298997	134.292189	0.010723	6.5
1218	-0.997210	134.231092	0.004389	12.1
1219	-0.306296	134.170068	0.006275	7.7
1220	-1.202513	134.109119	0.004877	8.1
1221	-1.662410	134.048243	0.016025	7.7
1222	-0.000000	133.987441	0.000000	10.7
1223	-0.035275	133.926713	0.001952	7.0
1224	-0.196984	133.866057	0.001797	8.9
1225	-0.000000	133.805475	0.000000	6.8
1226	-0.641980	133.744966	0.006768	13.1
1227	-1.622288	133.684530	0.006536	6.4
1228	-0.305570	133.624167	0.006944	6.8
1229	-0.552964	133.563877	0.004888	12.1
1230	-0.551183	133.503658	0.013944	7.5
1231	-0.531019	133.443513	0.009944	6.8
1232	-0.790782	133.383439	0.004797	6.8
1233	-0.088909	133.323437	0.006018	12.7
1234	-1.827831	133.263508	0.013198	8.7
1235	-1.019468	133.203650	0.007480	7.9
1236	-0.000000	133.143864	0.000000	7.9
1237	-1.472948	133.084149	0.005420	11.9
1238	-0.000000	133.024506	0.000000	11.4
1239	-1.090373	132.964934	0.011795	11.4
1240	-0.397262	132.905433	0.005802	11.9
1241	-0.604605	132.846003	0.010726	6.8
1242	-0.060161	132.786643	0.002160	7.2
1243	-0.046216	132.727355	0.001719	10.1
1244	-0.772538	132.668137	0.010147	7.4
1245	-0.868202	132.608989	0.033851	7.8
1246	-0.000000	132.549912	0.000000	7.8
1247	-1.103844	132.490904	0.013408	6.5
1248	-0.000000	132.431967	0.000000	6.4
1249	-1.245262	132.373100	0.013584	6.6
1250	-0.583699	132.314302	0.003588	11.9
1251	-0.461312	132.255574	0.003166	15.9
1252	-0.000000	132.196916	0.000000	2.8
1253	-1.247067	132.138326	0.015426	7.6
1254	-0.000000	132.079806	0.000000	6.8
1255	-0.581523	132.021355	0.003102	7.5
1256	-1.129681	131.962973	0.003084	9.1
1257	-0.425609	131.904660	0.009395	10.8
1258	-0.856340	131.846415	0.004535	5.7
1259	-1.891154	131.788239	0.012034	10.7
1260	-1.742814	131.730131	0.017518	11.9
1261	-0.425893	131.672092	0.009411	6.4
1262	-1.457107	131.614121	0.010824	6.6
1263	-0.293187	131.556217	0.005925	12.1
1264	-1.486634	131.498382	0.016512	7.5
1265	-0.899880	131.440614	0.004923	12.1
1266	-0.418181	131.382914	0.003962	6.2
1267	-0.474627	131.325282	0.010807	12.5
1268	-1.072842	131.267717	0.012452	8.7
1269	-0.900680	131.210219	0.008596	7.5
1270	-0.552733	131.152788	0.010321	12.3
1271	-0.176152	131.095424	0.004298	8.5
1272	-0.478001	131.038127	0.002985	6.9
1273	-1.139323	130.980897	0.004579	6.6
1274	-1.794420	130.923733	0.009054	11.0
1275	-1.286562	130.866636	0.009257	5.5
1276	-0.029163	130.809605	0.001191	6.9
1277	-0.000000	130.752641	0.000000	12.4
1278	-0.026560	130.695742	0.002795	8.9
1279	-0.000584	130.638910	0.000106	6.4
1280	-0.000000	130.582143	0.000000	6.7
1281	-0.729722	130.525442	0.005549	6.8
1282	-0.000000	130.468807	0.000000	12.1
1283	-0.549403	130.412237	0.010222	6.2
1284	-0.067576	130.355733	0.003031	7.0
1285	-1.449149	130.299294	0.029845	6.9
1286	-0.450023	130.242920	0.006924	12.5
1287	-1.261953	130.186611	0.015150	6.4
1288	-1.015024	130.130366	0.004345	7.1
1289	-0.574799	130.074187	0.010767	6.6
1290	-1.499559	130.018072	0.011564	8.2
1291	-1.904139	129.962022	0.006362	9.2
1292	-0.000000	129.906036	0.000000	7.4
1293	-0.000000	129.850114	0.000000	7.5
1294	-0.720327	129.794257	0.011659	9.0
1295	-1.139584	129.738463	0.008326	8.0
1296	-1.578915	129.682734	0.010309	6.6
1297	-1.122996	129.627068	0.016952	7.2
1298	-0.261539	129.571466	0.004383	14.0
1299	-0.182585	129.515927	0.004833	3.2
1300	-1.092830	129.460452	0.020006	8.0
1301	-0.000000	129.405040	0.000000	6.5
1302	-0.774825	129.349692	0.031811	14.0
1303	-0.000005	129.294406	0.000001	6.9
1304	-0.365864	129.239183	0.007885	9.0
1305	-0.736659	129.184024	0.012434	7.9
1306	-0.000000	129.128927	0.000000	8.0
1307	-1.266643	129.073892	0.027974	7.9
1308	-0.716093	129.018921	0.011270	8.0
1309	-0.000000	128.964011	0.000000	7.9
1310	-0.175133	128.909164	0.007257	8.4
1311	-0.917668	128.854379	0.009525	18.0
1312	-0.000000	128.799656	0.000000	3.1
1313	-1.441576	128.744995	0.010236	6.6
1314	-1.572659	128.690396	0.003945	7.5
1315	-0.000207	128.635858	0.000039	6.7
1316	-0.353165	128.581382	0.004875	8.3
1317	-0.308298	128.526968	0.002191	9.0
1318	-0.509180	128.472615	0.011414	11.9
1319	-0.000000	128.418323	0.000000	6.2
1320	-1.584006	128.364092	0.021565	6.4
1321	-1.300816	128.309922	0.009920	11.0
1322	-0.000000	128.255814	0.000000	11.9
1323	-0.783312	128.201766	0.008328	7.9
1324	-0.442554	128.147778	0.005478	16.0
1325	-0.878667	128.093852	0.005498	10.3
1326	-0.433848	128.039985	0.007575	11.9
1327	-1.014891	127.986180	0.015872	6.8
1328	-0.400061	127.932434	0.007177	6.9
1329	-0.932924	127.878749	0.009488	7.2
1330	-0.770559	127.825123	0.012494	11.7
1331	-0.000000	127.771558	0.000000	6.4
1332	-0.000000	127.718052	0.000000	6.9
1333	-0.000000	127.664606	0.000000	7.6
1334	-0.000000	127.611220	0.000000	11.9
1335	-1.620470	127.557893	0.016005	6.6
1336	-1.686185	127.504625	0.018097	16.4
1337	-0.000000	127.451417	0.000000	12.6
1338	-1.052449	127.398268	0.018955	7.5
1339	-0.060560	127.345178	0.002102	11.1
1340	-0.140537	127.292147	0.006760	6.3
1341	-0.328152	127.239175	0.004580	12.0
1342	-0.058486	127.186261	0.002054	13.6
1343	-0.097331	127.133407	0.005304	6.3
1344	-0.000000	127.080610	0.000000	6.8
1345	-0.136370	127.027872	0.002206	7.1
1346	-1.086336	126.975193	0.011029	16.7
1347	-1.295226	126.922572	0.009488	2.1
1348	-0.003253	126.870008	0.000526	11.5
1349	-1.496245	126.817503	0.009459	6.5
1350	-0.000000	126.765056	0.000000	7.3
1351	-0.730224	126.712667	0.008847	11.3
1352	-1.430662	126.660335	0.016939	6.5
1353	-0.615629	126.608061	0.004051	6.7
1354	-0.352492	126.555844	0.001959	11.9
1355	-0.945679	126.503685	0.005806	7.7
1356	-1.825265	126.451583	0.008178	8.9
1357	-1.374599	126.399538	0.015490	6.8
1358	-0.343635	126.347550	0.010984	8.3
1359	-0.000610	126.295619	0.000047	7.9
1360	-0.317559	126.243745	0.012037	6.5
1361	-0.587752	126.191928	0.017652	7.1
1362	-1.747331	126.140168	0.015628	6.6
1363	-0.062894	126.088464	0.002615	6.7
1364	-1.304836	126.036817	0.011379	7.1
1365	-0.000000	125.985226	0.000000	6.5
1366	-0.000000	125.933691	0.000000	7.0
1367	-0.475170	125.882212	0.005902	8.1
1368	-0.398464	125.830790	0.004444	6.6
1369	-0.594554	125.779423	0.004927	11.8
1370	-1.347036	125.728113	0.010832	8.2
1371	-0.000000	125.676858	0.000000	12.3
1372	-0.434615	125.625659	0.008239	8.3
1373	-0.885161	125.574515	0.004115	12.9
1374	-0.441449	125.523427	0.007808	6.5
1375	-0.681535	125.472394	0.010244	6.6
1376	-1.397516	125.421417	0.017809	7.1
1377	-0.780891	125.370495	0.010504	10.6
1378	-0.000164	125.319628	0.000033	8.0
1379	-0.000000	125.268815	0.000000	11.7
1380	-0.983243	125.218058	0.017786	7.8
1381	-0.000000	125.167356	0.000000	7.4
1382	-1.208293	125.116708	0.007400	8.5
1383	-0.551133	125.066115	0.012068	7.9
1384	-1.443928	125.015576	0.009165	6.4
1385	-0.000000	124.965092	0.000000	6.5
1386	-1.090216	124.914662	0.015765	6.9
1387	-0.411331	124.864287	0.003620	7.2
1388	-0.027292	124.813965	0.000346	11.7
1389	-0.648137	124.763698	0.007217	12.7
1390	-1.080434	124.713485	0.015888	6.4
1391	-0.923484	124.663325	0.021912	7.2
1392	-0.000000	124.613219	0.000000	11.6
1393	-1.787139	124.563167	0.017235	11.8
1394	-0.373191	124.513168	0.011146	6.8
1395	-0.000000	124.463223	0.000000	11.5
1396	-0.000000	124.413332	0.000000	6.5
1397	-1.692964	124.363493	0.008339	6.7
1398	-1.248173	124.313708	0.011442	7.2
1399	-0.000000	124.263976	0.000000	6.6
1400	-1.629243	124.214297	0.011970	7.5
1401	-1.394814	124.164671	0.006805	12.7
1402	-0.944119	124.115097	0.020383	11.8
1403	-0.000000	124.065577	0.000000	11.7
1404	-0.000000	124.016109	0.000000	6.1
1405	-1.772840	123.966693	0.016341	8.3
1406	-0.000000	123.917330	0.000000	12.3
1407	-0.853947	123.868020	0.004488	8.7
1408	-0.764198	123.818762	0.004513	6.3
1409	-0.001102	123.769556	0.000212	11.9
1410	-0.227749	123.720402	0.005236	12.9
1411	-0.340378	123.671300	0.005813	2.9
1412	-0.086038	123.622250	0.001109	6.7
1413	-0.587255	123.573252	0.007743	8.8
1414	-0.648002	123.524305	0.020587	12.0
1415	-0.409048	123.475411	0.004373	8.0
1416	-0.512058	123.426568	0.005807	6.7
1417	-0.030456	123.377776	0.002835	11.7
1418	-0.024748	123.329036	0.001821	9.4
1419	-1.259549	123.280347	0.022906	6.8
1420	-0.000000	123.231709	0.000000	6.6
1421	-0.951741	123.183122	0.017093	7.3
1422	-0.433831	123.134587	0.007453	6.7
1423	-0.146135	123.086102	0.001641	12.1
1424	-0.412349	123.037669	0.007903	11.8
1425	-0.465474	122.989286	0.004897	7.2
1426	-0.880019	122.940954	0.016219	8.6
1427	-1.702235	122.892672	0.018101	12.0
1428	-0.145501	122.844441	0.005759	7.0
1429	-0.000000	122.796261	0.000000	12.8
1430	-0.000000	122.748130	0.000000	10.2
1431	-0.202910	122.700050	0.006714	9.4
1432	-1.274974	122.652021	0.006453	6.8
1433	-0.250919	122.604041	0.005150	13.3
1434	-1.179984	122.556111	0.008103	6.8
1435	-0.809234	122.508232	0.015059	7.0
1436	-0.524878	122.460402	0.011359	10.2
1437	-0.000000	122.412622	0.000000	8.6
1438	-0.005568	122.364891	0.000733	7.3
1439	-0.000000	122.317210	0.000000	6.6
1440	-0.000000	122.269579	0.000000	6.8
1441	-1.467125	122.221997	0.023782	7.6
1442	-0.000000	122.174465	0.000000	6.8
1443	-0.074275	122.126981	0.004331	6.8
1444	-0.287420	122.079547	0.005383	6.8
1445	-0.292755	122.032162	0.005232	6.7
1446	-0.090593	121.984826	0.002203	7.3
1447	-0.000820	121.937539	0.000162	7.9
1448	-0.000000	121.890301	0.000000	9.1
1449	-0.000273	121.843112	0.000065	6.5
1450	-1.767357	121.795971	0.016709	12.1
1451	-0.883808	121.748879	0.011039	7.9
1452	-0.000000	121.701835	0.000000	6.5
1453	-0.273745	121.654840	0.006359	6.5
1454	-0.898751	121.607893	0.009738	6.8
1455	-0.109546	121.560994	0.003580	6.7
1456	-0.103624	121.514144	0.004297	9.3
1457	-0.065538	121.467342	0.003972	6.6
1458	-1.342488	121.420588	0.013285	12.2
1459	-1.718119	121.373882	0.010446	6.9
1460	-0.241951	121.327223	0.001751	6.9
1461	-0.000000	121.280613	0.000000	11.2
1462	-1.475627	121.234050	0.014952	15.8
1463	-0.000000	121.187535	0.000000	2.2
1464	-0.000000	121.141067	0.000000	10.8
1465	-0.020372	121.094647	0.000956	4.9
1466	-0.438076	121.048274	0.012710	7.3
1467	-0.361431	121.001949	0.006232	8.0
1468	-0.289000	120.955671	0.007018	8.0
1469	-0.000000	120.909440	0.000000	6.7
1470	-0.089269	120.863256	0.003098	13.2
1471	-0.344992	120.817119	0.004578	4.0
1472	-0.971340	120.771029	0.011532	11.7
1473	-0.000000	120.724986	0.000000	6.5
1474	-0.000355	120.678990	0.000080	13.3
1475	-1.817930	120.633040	0.017793	7.9
1476	-1.584251	120.587137	0.009036	6.6
1477	-0.000000	120.541281	0.000000	6.3
1478	-0.192317	120.495471	0.005586	6.6
1479	-1.232908	120.449707	0.005877	7.2
1480	-1.578754	120.403990	0.028812	6.6
1481	-1.593261	120.358319	0.012216	7.5
1482	-1.252572	120.312694	0.014546	7.0
1483	-1.555373	120.267115	0.004786	6.8
1484	-0.430913	120.221582	0.007397	8.9
1485	-1.059643	120.176096	0.011320	8.3
1486	-0.438996	120.130655	0.011090	11.7
1487	-0.993483	120.085260	0.006637	9.7
1488	-0.908471	120.039910	0.008509	9.7
1489	-0.424430	119.994606	0.011696	6.8
1490	-0.120000	119.949348	0.002393	7.4
1491	-1.407307	119.904135	0.012745	6.8
1492	-0.598314	119.858968	0.005395	7.2
1493	-0.000000	119.813846	0.000000	6.4
1494	-1.173231	119.768769	0.011428	12.9
1495	-1.050146	119.723738	0.005253	6.7
1496	-1.107346	119.678752	0.011047	9.8
1497	-0.616386	119.633810	0.008197	8.7
1498	-1.026728	119.588914	0.006832	6.8
1499	-0.935544	119.544062	0.008611	10.8
1500	-1.240051	119.499256	0.013265	11.8
1501	-0.190788	119.454494	0.005484	10.5
1502	-0.475204	119.409777	0.003896	12.3
1503	-1.657711	119.365104	0.018156	7.1
1504	-0.162295	119.320476	0.003146	6.7
1505	-1.809432	119.275893	0.014542	6.9
1506	-1.028382	119.231353	0.028866	6.7
1507	-0.000000	119.186859	0.000000	12.5
1508	-1.629308	119.142408	0.009089	10.8
1509	-0.994096	119.098002	0.008207	6.3
1510	-0.597433	119.053639	0.012576	6.5
1511	-0.000000	119.009321	0.000000	7.5
1512	-0.942760	118.965047	0.010045	7.7
1513	-1.108756	118.920816	0.012066	11.2
1514	-1.155858	118.876630	0.011591	7.9
1515	-0.090531	118.832487	0.003304	6.7
1516	-1.538055	118.788388	0.003325	9.2
1517	-0.373060	118.744332	0.007666	12.0
1518	-1.742609	118.700320	0.007782	9.2
1519	-1.621938	118.656352	0.011255	11.8
1520	-0.419127	118.612427	0.003203	7.9
1521	-0.206483	118.568545	0.006897	6.3
1522	-0.793207	118.524706	0.015240	6.7
1523	-0.561834	118.480911	0.007016	7.0
1524	-0.387752	118.437159	0.007194	7.0
1525	-0.983526	118.393450	0.007424	7.5
1526	-0.000000	118.349784	0.000000	6.3
1527	-1.011844	118.306160	0.009805	9.4
1528	-0.199694	118.262580	0.001068	7.8
1529	-1.849716	118.219042	0.022358	6.8
1530	-0.123158	118.175548	0.000359	12.0
1531	-0.000000	118.132095	0.000000	6.9
1532	-0.000000	118.088686	0.000000	6.5
1533	-1.462550	118.045319	0.013668	6.6
1534	-1.375917	118.001994	0.014632	6.4
1535	-0.845811	117.958712	0.011940	12.0
1536	-0.986570	117.915472	0.014864	6.7
1537	-1.187644	117.872274	0.013634	7.0
1538	-0.771192	117.829118	0.012645	10.0
1539	-0.000000	117.786005	0.000000	6.3
1540	-0.025131	117.742933	0.000734	11.7
1541	-0.186353	117.699904	0.006161	9.8
1542	-1.162154	117.656916	0.003546	11.6
1543	-0.000000	117.613971	0.000000	17.0
1544	-1.125261	117.571067	0.016865	3.5
1545	-0.000000	117.528205	0.000000	7.6
1546	-0.983515	117.485384	0.018005	6.6
1547	-1.498104	117.442605	0.016245	6.5
1548	-0.836078	117.399867	0.010313	10.7
1549	-0.000000	117.357171	0.000000	6.7
1550	-1.225916	117.314517	0.003416	12.4
1551	-0.000000	117.271903	0.000000	3.4
1552	-0.000000	117.229331	0.000000	7.0
1553	-0.000000	117.186800	0.000000	11.6
1554	-0.006681	117.144311	0.000985	8.5
1555	-0.110080	117.101862	0.002689	7.9
1556	-0.747646	117.059454	0.014484	6.9
1557	-0.662243	117.017087	0.007673	8.0
1558	-0.000000	116.974762	0.000000	12.1
1559	-0.816670	116.932476	0.013680	8.2
1560	-0.567349	116.890232	0.012695	6.2
1561	-1.451871	116.848028	0.012388	7.0
1562	-1.438589	116.805865	0.012072	7.3
1563	-0.111706	116.763743	0.007896	11.8
1564	-0.736592	116.721661	0.010045	13.2
1565	-0.018316	116.679619	0.001132	5.4
1566	-0.781887	116.637618	0.006032	15.9
1567	-0.000000	116.595657	0.000000	2.1
1568	-0.837330	116.553736	0.014541	7.0
1569	-0.739149	116.511855	0.009303	6.9
1570	-0.000001	116.470015	0.000000	6.2
1571	-0.962152	116.428214	0.013225	9.0
1572	-0.000000	116.386454	0.000000	6.5
1573	-0.000000	116.344733	0.000000	12.5
1574	-0.000000	116.303052	0.000000	6.8
1575	-0.000000	116.261412	0.000000	6.4
1576	-0.000000	116.219810	0.000000	11.2
1577	-0.000000	116.178249	0.000000	9.3
1578	-0.338155	116.136727	0.003912	6.7
1579	-0.273744	116.095245	0.005678	15.7
1580	-0.004516	116.053802	0.000829	7.9
1581	-0.113476	116.012398	0.001593	6.6
1582	-0.757981	115.971034	0.010973	7.3
1583	-0.000001	115.929710	0.000000	6.8
1584	-0.344991	115.888424	0.009889	10.0
1585	-0.502614	115.847178	0.003139	6.8
1586	-0.651181	115.805970	0.007031	10.0
1587	-0.000000	115.764802	0.000000	6.4
1588	-0.000000	115.723673	0.000000	7.9
1589	-0.433936	115.682583	0.007359	8.9
1590	-0.811163	115.641532	0.011307	11.0
1591	-1.695581	115.600519	0.013285	5.8
1592	-1.172655	115.559546	0.014801	6.6
1593	-0.826441	115.518610	0.010219	6.8
1594	-0.734139	115.477714	0.005737	6.5
1595	-1.306272	115.436856	0.010398	7.1
1596	-1.583764	115.396037	0.015887	9.9
1597	-0.947674	115.355256	0.010255	6.1
1598	-0.189231	115.314514	0.004538	11.8
1599	-1.043099	115.273810	0.005950	8.8
1600	-0.172684	115.233144	0.004873	13.6
1601	-0.360388	115.192517	0.005418	6.0
1602	-1.388464	115.151927	0.011017	6.5
1603	-0.000001	115.111376	0.000000	6.9
1604	-0.111281	115.070863	0.003004	12.7
1605	-0.000000	115.030388	0.000000	5.1
1606	-0.263254	114.989951	0.007909	10.3
1607	-1.845844	114.949551	0.013909	6.8
1608	-1.463726	114.909190	0.018420	12.0
1609	-0.340660	114.868866	0.008327	12.2
1610	-0.000000	114.828580	0.000000	7.0
1611	-1.469396	114.788332	0.005383	12.6
1612	-1.559429	114.748121	0.008294	7.7
1613	-0.609684	114.707948	0.004112	6.8
1614	-0.148655	114.667812	0.004907	6.9
1615	-0.000000	114.627714	0.000000	10.1
1616	-1.350234	114.587653	0.010277	7.8
1617	-0.660186	114.547629	0.005945	7.1
1618	-0.441337	114.507643	0.010665	11.3
1619	-1.367901	114.467693	0.010939	9.1
1620	-0.766952	114.427781	0.013824	6.7
1621	-0.898884	114.387907	0.008982	12.0
1622	-0.078811	114.348069	0.003414	11.0
1623	-0.000000	114.308268	0.000000	6.4
1624	-0.095693	114.268504	0.004120	6.3
1625	-0.211216	114.228777	0.006436	7.3
1626	-0.047239	114.189086	0.000312	7.9
1627	-1.350998	114.149433	0.022063	7.5
1628	-0.601161	114.109816	0.009802	6.6
1629	-0.450181	114.070235	0.009740	6.7
1630	-0.634347	114.030692	0.009939	6.4
1631	-1.266461	113.991185	0.009572	10.4
1632	-0.113188	113.951714	0.002439	6.6
1633	-0.850284	113.912280	0.005653	9.0
1634	-0.812246	113.872882	0.009130	8.1
1635	-0.039793	113.833521	0.001931	11.4
1636	-0.000000	113.794195	0.000000	2.5
1637	-0.323481	113.754906	0.005603	6.7
1638	-0.023609	113.715653	0.000924	7.0
1639	-1.301731	113.676437	0.014245	6.5
1640	-0.146273	113.637256	0.004929	6.4
1641	-0.702137	113.598111	0.006645	6.5
1642	-0.000000	113.559002	0.000000	7.3
1643	-1.360425	113.519929	0.015700	6.4
1644	-0.819932	113.480892	0.017299	8.3
1645	-0.000000	113.441891	0.000000	6.7
1646	-0.011199	113.402925	0.001141	7.2
1647	-1.568780	113.363995	0.006641	15.1
1648	-0.461014	113.325101	0.003068	11.5
1649	-0.322661	113.286242	0.005780	7.1
1650	-1.250784	113.247419	0.004211	6.6
1651	-1.468572	113.208631	0.013425	12.4
1652	-1.515515	113.169879	0.010376	9.5
1653	-0.581735	113.131162	0.005003	6.9
1654	-1.291169	113.092480	0.018160	6.6
1655	-0.000000	113.053833	0.000000	11.7
1656	-1.117599	113.015222	0.006824	10.9
1657	-0.000000	112.976646	0.000000	11.5
1658	-0.229250	112.938105	0.002342	11.6
1659	-0.294383	112.899599	0.002818	12.3
1660	-0.538977	112.861128	0.007814	7.8
1661	-0.029445	112.822692	0.001159	6.5
1662	-0.754360	112.784291	0.004523	6.4
1663	-1.520209	112.745924	0.016607	6.8
1664	-1.427246	112.707593	0.014017	9.9
1665	-0.135218	112.669296	0.000476	7.2
1666	-0.000000	112.631034	0.000000	10.8
1667	-0.975732	112.592806	0.007282	6.4
1668	-0.000000	112.554613	0.000000	6.6
1669	-1.207596	112.516455	0.010712	10.7
1670	-0.755256	112.478331	0.007854	13.1
1671	-1.063226	112.440241	0.009987	5.3
1672	-0.001482	112.402186	0.000250	6.4
1673	-0.687864	112.364165	0.006211	8.5
1674	-1.617467	112.326179	0.019878	13.6
1675	-0.269403	112.288227	0.004569	4.8
1676	-0.348157	112.250309	0.010244	6.6
1677	-0.000000	112.212425	0.000000	6.7
1678	-1.560840	112.174575	0.014804	10.5
1679	-0.283389	112.136759	0.003629	8.0
1680	-0.361970	112.098977	0.004645	6.8
1681	-0.000000	112.061229	0.000000	7.9
1682	-1.291903	112.023515	0.010872	8.1
1683	-1.147830	111.985834	0.012175	12.6
1684	-0.536782	111.948188	0.003602	7.0
1685	-1.148974	111.910575	0.009096	9.2
1686	-1.531671	111.872996	0.012976	6.6
1687	-0.782761	111.835450	0.010241	11.7
1688	-0.583739	111.797939	0.009636	7.0
1689	-0.000000	111.760460	0.000000	10.5
1690	-1.033109	111.723015	0.014129	6.7
1691	-1.507523	111.685604	0.016418	7.2
1692	-0.000000	111.648226	0.000000	8.7
1693	-1.598622	111.610881	0.010127	13.2
1694	-0.322956	111.573570	0.007813	6.7
1695	-1.564567	111.536292	0.009487	8.9
1696	-1.337855	111.499047	0.014940	13.1
1697	-1.467589	111.461835	0.017828	12.1
1698	-0.545482	111.424656	0.006152	4.3
1699	-0.000021	111.387510	0.000006	11.2
1700	-1.433818	111.350398	0.018398	7.7
1701	-1.074442	111.313318	0.010938	11.9
1702	-0.000010	111.276271	0.000003	11.3
1703	-0.985078	111.239257	0.012599	11.9
1704	-0.000000	111.202276	0.000000	15.2
1705	-0.000000	111.165328	0.000000	6.4
1706	-0.000000	111.128412	0.000000	6.7
1707	-0.000000	111.091529	0.000000	6.9
1708	-0.949373	111.054679	0.009990	7.2
1709	-0.363778	111.017861	0.005641	6.8
1710	-0.000000	110.981076	0.000000	13.4
1711	-0.202983	110.944323	0.003753	7.2
1712	-1.372811	110.907603	0.006941	12.2
1713	-1.402678	110.870915	0.016440	7.0
1714	-0.559389	110.834259	0.005992	6.9
1715	-0.568645	110.797636	0.005852	9.8
1716	-0.000000	110.761045	0.000000	4.0
1717	-0.674639	110.724486	0.010748	12.8
1718	-0.100465	110.687959	0.001843	6.9
1719	-0.340009	110.651465	0.006940	15.7
1720	-1.473444	110.615002	0.028881	6.8
1721	-1.211890	110.578572	0.010462	7.8
1722	-0.000000	110.542173	0.000000	8.0
1723	-0.652113	110.505807	0.009103	12.4
1724	-0.237976	110.469472	0.004678	9.1
1725	-0.000000	110.433169	0.000000	11.8
1726	-0.000000	110.396898	0.000000	6.9
1727	-0.000000	110.360659	0.000000	6.3
1728	-1.029282	110.324451	0.012051	11.4
1729	-0.882827	110.288276	0.018490	7.2
1730	-0.139565	110.252131	0.005820	6.1
1731	-0.785709	110.216019	0.005784	12.5
1732	-0.486197	110.179937	0.006787	6.4
1733	-0.123691	110.143888	0.005772	6.4
1734	-0.746040	110.107869	0.008639	9.7
1735	-1.202682	110.071882	0.014470	8.3
1736	-0.759349	110.035927	0.011318	6.7
1737	-1.586106	110.000003	0.014318	7.4
1738	-0.975068	109.964110	0.015589	8.9
1739	-0.086051	109.928248	0.004303	12.9
1740	-0.488524	109.892417	0.009985	6.8
1741	-0.000000	109.856618	0.000000	6.5
1742	-0.332088	109.820850	0.005354	11.7
1743	-0.474847	109.785112	0.004495	7.1
1744	-1.402810	109.749406	0.011172	9.3
1745	-0.000000	109.713730	0.000000	12.1
1746	-0.258430	109.678086	0.004201	11.7
1747	-0.889777	109.642472	0.007884	6.4
1748	-0.000000	109.606890	0.000000	6.5
1749	-0.001121	109.571337	0.000141	6.4
1750	-0.000123	109.535816	0.000028	6.5
1751	-0.034216	109.500326	0.001081	6.7
1752	-0.708740	109.464866	0.006755	6.5
1753	-0.243510	109.429436	0.007562	7.6
1754	-0.361064	109.394038	0.001966	6.6
1755	-0.893626	109.358669	0.006513	6.9
1756	-1.513395	109.323331	0.009377	6.6
1757	-0.466452	109.288024	0.005257	6.7
1758	-1.407907	109.252747	0.017077	7.3
1759	-0.944836	109.217501	0.009316	8.2
1760	-1.413645	109.182284	0.017996	7.7
1761	-0.000000	109.147098	0.000000	9.7
1762	-0.000000	109.111942	0.000000	6.4
1763	-0.737862	109.076817	0.005652	9.3
1764	-0.732199	109.041721	0.006037	11.0
1765	-1.248778	109.006656	0.004436	6.7
1766	-0.200085	108.971620	0.005220	6.6
1767	-0.000085	108.936615	0.000014	6.8
1768	-0.000000	108.901640	0.000000	7.2
1769	-0.160580	108.866694	0.003514	6.7
1770	-0.002715	108.831779	0.000425	13.8
1771	-0.764270	108.796893	0.004589	3.7
1772	-0.617158	108.762037	0.008224	7.1
1773	-1.606924	108.727211	0.010962	12.9
1774	-1.597530	108.692415	0.023084	2.4
1775	-0.330688	108.657648	0.006532	6.6
1776	-1.110328	108.622911	0.012248	6.7
1777	-0.611264	108.588203	0.008895	6.9
1778	-1.031912	108.553525	0.006139	12.8
1779	-0.000000	108.518877	0.000000	2.7
1780	-1.475418	108.484258	0.013653	6.9
1781	-0.421235	108.449668	0.003919	6.8
1782	-0.624360	108.415108	0.012885	6.6
1783	-0.403299	108.380578	0.005179	6.7
1784	-0.831241	108.346076	0.011228	17.2
1785	-0.000069	108.311604	0.000017	3.0
1786	-0.407596	108.277161	0.013650	6.8
1787	-1.788766	108.242747	0.005084	6.7
1788	-1.559688	108.208363	0.014429	6.9
1789	-0.000000	108.174007	0.000000	8.9
1790	-0.925208	108.139681	0.003912	6.6
1791	-1.255712	108.105383	0.014179	6.7
1792	-0.000000	108.071115	0.000000	6.6
1793	-0.678012	108.036875	0.017330	6.5
1794	-0.372992	108.002665	0.006905	16.1
1795	-1.051018	107.968483	0.016779	5.1
1796	-0.000000	107.934330	0.000000	11.7
1797	-1.596238	107.900206	0.023004	8.9
1798	-0.000000	107.866111	0.000000	13.0
1799	-0.786867	107.832044	0.015780	6.9
1800	-0.646105	107.798007	0.031194	6.5
1801	-0.480075	107.763997	0.007668	6.8
1802	-0.856401	107.730017	0.010518	9.4
1803	-1.457966	107.696065	0.014663	14.3
1804	-0.122090	107.662141	0.003304	4.3
1805	-0.271306	107.628246	0.005281	9.3
1806	-0.000000	107.594379	0.000000	6.5
1807	-0.167874	107.560541	0.002798	11.8
1808	-0.104691	107.526731	0.001833	10.4
1809	-1.045604	107.492949	0.009333	7.1
1810	-0.263624	107.459196	0.004058	6.6
1811	-0.000022	107.425471	0.000006	6.3
1812	-0.314023	107.391774	0.006861	12.5
1813	-1.400950	107.358106	0.010059	4.9
1814	-0.014729	107.324465	0.001263	6.7
1815	-1.734465	107.290853	0.018477	6.8
1816	-1.250401	107.257268	0.005573	6.9
1817	-0.342248	107.223712	0.010306	7.2
1818	-0.055167	107.190184	0.003944	7.7
1819	-0.724672	107.156683	0.016325	10.8
1820	-0.000000	107.123211	0.000000	12.4
1821	-0.149311	107.089766	0.002101	7.0
1822	-0.742735	107.056349	0.009828	8.6
1823	-0.165842	107.022960	0.002555	6.5
1824	-0.608100	106.989599	0.007637	6.7
1825	-0.419775	106.956265	0.006833	7.0
1826	-0.540968	106.922960	0.008583	6.3
1827	-0.714926	106.889681	0.006260	8.0
1828	-1.305702	106.856431	0.012083	6.9
1829	-0.000000	106.823208	0.000000	7.8
1830	-1.376388	106.790012	0.018129	11.9
1831	-1.036528	106.756844	0.015591	10.0
1832	-0.991254	106.723703	0.019271	9.5
1833	-0.040375	106.690590	0.001473	10.5
1834	-0.001271	106.657505	0.000180	6.2
1835	-0.993631	106.624446	0.006887	6.5
1836	-0.848025	106.591415	0.009564	7.6
1837	-0.232743	106.558411	0.003457	7.2
1838	-0.560402	106.525435	0.009320	6.4
1839	-1.731040	106.492485	0.016003	6.7
1840	-0.921024	106.459563	0.013720	6.9
1841	-0.826720	106.426668	0.006955	14.8
1842	-0.000217	106.393800	0.000052	10.1
1843	-0.007457	106.360959	0.000846	12.2
1844	-0.161506	106.328145	0.004464	9.8
1845	-0.011949	106.295358	0.000833	7.2
1846	-1.076463	106.262598	0.011837	7.0
1847	-0.037460	106.229865	0.003218	6.4
1848	-1.264583	106.197158	0.007087	11.1
1849	-0.538046	106.164479	0.005874	5.5
1850	-0.002198	106.131826	0.000353	9.2
1851	-1.310760	106.099201	0.014480	6.9
1852	-0.057106	106.066602	0.002504	9.2
1853	-1.576776	106.034029	0.009878	6.8
1854	-0.515233	106.001483	0.006443	9.0
1855	-0.354653	105.968964	0.008363	11.1
1856	-0.020825	105.936472	0.000924	7.4
1857	-0.902398	105.904006	0.014558	7.8
1858	-1.479074	105.871566	0.012723	6.9
1859	-1.039652	105.839153	0.009179	6.8
1860	-0.349329	105.806767	0.007317	11.6
1861	-0.747872	105.774407	0.012485	5.9
1862	-0.015159	105.742073	0.000231	12.1
1863	-0.176798	105.709766	0.004115	6.7
1864	-0.738410	105.677485	0.010367	6.9
1865	-0.800931	105.645230	0.009778	6.4
1866	-1.353972	105.613001	0.009466	12.4
1867	-0.405216	105.580799	0.007901	12.2
1868	-1.569957	105.548623	0.006064	7.1
1869	-1.500710	105.516473	0.018280	8.8
1870	-0.000000	105.484349	0.000000	6.8
1871	-0.352513	105.452251	0.013201	6.6
1872	-0.000000	105.420179	0.000000	6.6
1873	-1.515073	105.388133	0.014100	6.5
1874	-1.189155	105.356113	0.010756	7.4
1875	-0.298291	105.324119	0.006796	11.5
1876	-1.565967	105.292151	0.024394	5.3
1877	-0.545039	105.260209	0.006965	6.5
1878	-0.000000	105.228293	0.000000	6.4
1879	-1.346216	105.196402	0.008199	7.5
1880	-0.440913	105.164537	0.008812	12.0
1881	-0.000000	105.132698	0.000000	7.7
1882	-1.646789	105.100885	0.010144	6.6
1883	-0.000000	105.069097	0.000000	6.8
1884	-1.354900	105.037335	0.013325	8.5
1885	-0.000000	105.005598	0.000000	6.8
1886	-0.978273	104.973887	0.004796	6.6
1887	-1.049737	104.942202	0.005697	6.8
1888	-0.000000	104.910542	0.000000	6.9
1889	-0.000000	104.878907	0.000000	6.9
1890	-0.000017	104.847298	0.000004	7.4
1891	-0.749867	104.815715	0.007432	8.1
1892	-0.113652	104.784156	0.005298	7.2
1893	-1.198737	104.752623	0.021807	16.6
1894	-1.324866	104.721116	0.008994	4.1
1895	-0.961023	104.689633	0.018103	6.5
1896	-0.000008	104.658176	0.000002	6.7
1897	-0.043773	104.626744	0.000251	6.4
1898	-0.568784	104.595337	0.012197	6.3
1899	-0.261483	104.563955	0.004453	7.0
1900	-1.128207	104.532599	0.013311	6.9
1901	-0.000000	104.501267	0.000000	6.7
1902	-0.837167	104.469960	0.013108	8.0
1903	-0.000000	104.438679	0.000000	16.7
1904	-0.240918	104.407422	0.003474	7.9
1905	-1.603084	104.376191	0.010764	11.7
1906	-1.439852	104.344984	0.014959	6.6
1907	-1.547242	104.313802	0.018025	11.6
1908	-0.000003	104.282645	0.000001	12.5
1909	-1.324606	104.251513	0.013324	6.7
1910	-0.000000	104.220405	0.000000	6.7
1911	-0.654273	104.189323	0.018625	7.0
1912	-0.087880	104.158265	0.002764	8.6
1913	-0.578659	104.127231	0.008172	7.0
1914	-1.075657	104.096222	0.006851	7.4
1915	-0.166052	104.065238	0.003798	12.2
1916	-0.551414	104.034279	0.005868	12.5
1917	-1.807820	104.003344	0.011155	9.7
1918	-0.095817	103.972433	0.002363	12.3
1919	-1.428242	103.941547	0.013201	6.8
1920	-0.661519	103.910686	0.013055	6.6
1921	-0.000000	103.879849	0.000000	6.5
1922	-0.005841	103.849036	0.000856	10.1
1923	-1.204570	103.818248	0.005388	6.4
1924	-0.000000	103.787484	0.000000	10.9
1925	-0.000000	103.756744	0.000000	10.5
1926	-0.130300	103.726029	0.004974	7.1
1927	-1.284592	103.695338	0.008642	13.0
1928	-0.000000	103.664671	0.000000	9.4
1929	-0.996378	103.634028	0.014350	10.1
1930	-0.806905	103.603409	0.010451	8.0
1931	-1.169945	103.572814	0.009933	10.5
1932	-0.826824	103.542244	0.006224	6.7
1933	-0.002801	103.511698	0.000356	6.6
1934	-0.000000	103.481175	0.000000	11.9
1935	-0.000000	103.450677	0.000000	2.9
1936	-0.000631	103.420202	0.000123	11.9
1937	-0.000043	103.389752	0.000006	9.0
1938	-0.000000	103.359325	0.000000	12.0
1939	-0.159707	103.328922	0.003119	11.7
1940	-0.848065	103.298543	0.006967	11.4
1941	-0.134167	103.268188	0.003282	11.8
1942	-1.592335	103.237857	0.010148	7.9
1943	-0.000000	103.207549	0.000000	7.1
1944	-1.369002	103.177265	0.010056	7.4
1945	-0.357595	103.147005	0.003865	7.3
1946	-1.560964	103.116768	0.014693	6.4
1947	-1.760594	103.086556	0.012252	5.0
1948	-0.824579	103.056366	0.004102	7.3
1949	-0.892321	103.026200	0.005842	15.7
1950	-0.310555	102.996058	0.003171	5.8
1951	-1.216754	102.965939	0.009945	6.8
1952	-1.598875	102.935844	0.008124	8.4
1953	-0.000000	102.905772	0.000000	11.4
1954	-0.339902	102.875724	0.003637	7.2
1955	-0.322533	102.845699	0.004594	12.0
1956	-0.589406	102.815697	0.006823	7.3
1957	-0.598467	102.785719	0.005213	12.2
1958	-0.000000	102.755764	0.000000	7.1
1959	-0.318475	102.725832	0.003622	9.1
1960	-0.305683	102.695924	0.005162	17.5
1961	-0.610584	102.666038	0.009337	4.1
1962	-0.821583	102.636176	0.022499	10.6
1963	-0.760961	102.606337	0.017439	4.3
1964	-0.000000	102.576521	0.000000	16.4
1965	-0.200435	102.546728	0.006778	2.3
1966	-0.699306	102.516959	0.007474	17.4
1967	-0.000000	102.487212	0.000000	3.8
1968	-1.372623	102.457488	0.014040	6.7
1969	-0.000000	102.427788	0.000000	13.0
1970	-1.490257	102.398110	0.012252	6.5
1971	-0.908097	102.368455	0.011196	6.6
1972	-0.805125	102.338823	0.004653	6.8
1973	-0.413872	102.309214	0.010643	7.5
1974	-0.551641	102.279628	0.005732	7.8
1975	-1.754712	102.250064	0.017339	6.5
1976	-0.149543	102.220524	0.005655	7.1
1977	-0.623965	102.191006	0.005556	6.6
1978	-0.000000	102.161511	0.000000	6.3
1979	-0.893088	102.132038	0.021612	11.4
1980	-1.542491	102.102588	0.013075	12.2
1981	-1.061395	102.073161	0.006924	9.0
1982	-0.309301	102.043757	0.004099	6.2
1983	-0.000000	102.014375	0.000000	12.3
1984	-0.154555	101.985015	0.003496	7.7
1985	-1.239422	101.955678	0.008333	13.7
1986	-0.359540	101.926364	0.009717	6.5
1987	-1.358203	101.897072	0.013198	7.4
1988	-0.000000	101.867802	0.000000	6.3
1989	-1.364799	101.838555	0.023697	8.1
1990	-1.144122	101.809330	0.015426	13.1
1991	-0.047670	101.780128	0.005173	7.0
1992	-0.201276	101.750948	0.008376	12.9
1993	-0.139517	101.721790	0.003392	7.2
1994	-0.904465	101.692654	0.010464	6.8
1995	-0.000000	101.663541	0.000000	6.9
1996	-1.104724	101.634450	0.005641	7.3
1997	-1.381173	101.605381	0.012050	10.1
1998	-0.947502	101.576335	0.007608	6.5
1999	-0.366693	101.547310	0.004032	6.9
