1:ItNr	2:Metric	3:StepSize	4:||Gradient||	Time[ms]
0	-0.047992	627.201626	0.000405	1788.9
1	-0.171436	623.504937	0.000959	26.3
2	-0.000000	619.865785	0.000000	23.2
3	-0.162796	616.282728	0.000329	20.6
4	-0.000000	612.754375	0.000000	20.9
5	-0.050185	609.279381	0.000504	21.0
6	-0.064828	605.856447	0.000599	22.2
7	-0.147295	602.484317	0.009097	24.4
8	-0.447876	599.161779	0.000835	21.0
9	-0.011704	595.887656	0.000245	20.6
10	-0.000000	592.660813	0.000000	20.5
11	-0.204005	589.480151	0.000560	22.9
12	-0.000000	586.344606	0.000000	21.1
13	-0.000000	583.253145	0.000000	20.9
14	-0.000000	580.204771	0.000000	20.2
15	-0.000000	577.198517	0.000000	25.2
16	-0.305406	574.233444	0.001144	24.5
17	-0.000000	571.308645	0.000000	20.4
18	-0.003338	568.423237	0.000062	20.7
19	-0.159076	565.576365	0.000328	21.2
20	-0.000000	562.767201	0.000000	23.0
21	-0.145197	559.994938	0.001200	21.8
22	-0.000000	557.258797	0.000000	21.9
23	-0.290930	554.558018	0.002684	20.4
24	-0.036567	551.891865	0.000442	27.4
25	-0.000000	549.259621	0.000000	21.4
26	-0.150146	546.660592	0.000935	21.2
27	-0.030985	544.094102	0.000531	20.5
28	-0.203172	541.559494	0.000810	20.9
29	-0.335814	539.056129	0.001251	23.7
30	-0.195306	536.583387	0.000552	22.1
31	-0.355647	534.140663	0.000979	21.8
32	-0.366580	531.727370	0.000858	23.8
33	-0.000000	529.342935	0.000000	28.0
34	-0.010576	526.986802	0.000145	22.5
35	-0.000000	524.658430	0.000000	20.1
36	-0.000000	522.357290	0.000000	21.2
37	-0.000000	520.082868	0.000000	20.6
38	-0.006563	517.834665	0.000050	23.0
39	-0.027503	515.612193	0.000326	21.6
40	-0.031766	513.414976	0.000672	20.7
41	-0.423017	511.242551	0.000729	21.3
42	-0.000000	509.094468	0.000000	25.8
43	-0.000000	506.970285	0.000000	23.0
44	-0.305398	504.869574	0.001383	20.6
45	-0.115212	502.791916	0.000973	21.2
46	-0.029882	500.736903	0.000437	20.8
47	-0.167712	498.704137	0.000911	21.6
48	-0.171475	496.693228	0.000607	22.0
49	-0.019905	494.703798	0.000377	22.0
50	-0.036563	492.735476	0.000126	22.7
51	-0.107689	490.787900	0.000867	26.0
52	-0.012167	488.860718	0.000098	27.0
53	-0.058390	486.953585	0.000444	20.6
54	-0.000995	485.066164	0.000178	23.4
55	-0.000000	483.198126	0.000000	21.6
56	-0.194557	481.349149	0.000513	24.4
57	-0.146851	479.518920	0.004681	20.5
58	-0.060749	477.707132	0.000311	20.7
59	-0.003749	475.913485	0.000167	20.9
60	-0.000000	474.137684	0.000000	25.5
61	-0.233767	472.379445	0.000678	23.0
62	-0.000000	470.638485	0.000000	20.3
63	-0.145681	468.914531	0.000839	20.8
64	-0.000000	467.207315	0.000000	24.9
65	-0.010441	465.516573	0.000395	23.2
66	-0.187980	463.842050	0.000660	20.6
67	-0.027633	462.183494	0.000172	20.5
68	-0.343899	460.540658	0.001087	20.7
69	-0.000000	458.913303	0.000000	27.5
70	-0.000000	457.301192	0.000000	21.8
71	-0.121489	455.704096	0.000830	20.4
72	-0.000000	454.121787	0.000000	20.6
73	-0.366304	452.554045	0.004177	20.6
74	-0.051894	451.000653	0.000262	21.7
75	-0.013061	449.461399	0.000179	27.5
76	-0.036956	447.936075	0.000333	20.3
77	-0.000000	446.424477	0.000000	21.7
78	-0.021640	444.926406	0.000502	26.9
79	-0.223694	443.441666	0.000444	22.9
80	-0.089207	441.970065	0.000845	21.1
81	-0.000000	440.511415	0.000000	30.4
82	-0.131161	439.065533	0.000611	20.8
83	-0.257575	437.632238	0.001229	23.4
84	-0.004602	436.211351	0.000015	21.2
85	-0.000000	434.802701	0.000000	21.2
86	-0.385831	433.406117	0.000647	21.3
87	-0.067069	432.021430	0.000303	22.8
88	-0.000000	430.648479	0.000000	23.9
89	-0.167421	429.287101	0.000995	21.2
90	-0.014948	427.937140	0.000094	20.3
91	-0.014599	426.598440	0.000326	21.0
92	-0.082198	425.270849	0.001002	24.6
93	-0.029950	423.954220	0.000602	21.2
94	-0.199380	422.648404	0.000565	20.7
95	-0.068299	421.353259	0.000474	21.1
96	-0.004524	420.068643	0.000539	23.9
97	-0.000000	418.794419	0.000000	22.1
98	-0.000000	417.530451	0.000000	20.6
99	-0.124963	416.276604	0.000434	22.9
100	-0.000000	415.032748	0.000000	20.5
101	-0.036119	413.798754	0.000540	23.2
102	-0.000000	412.574495	0.000000	20.5
103	-0.008884	411.359849	0.000105	20.8
104	-0.335453	410.154691	0.000813	23.3
105	-0.063796	408.958904	0.000445	26.2
106	-0.454753	407.772368	0.001321	25.1
107	-0.199742	406.594968	0.000903	20.6
108	-0.000040	405.426590	0.000013	21.2
109	-0.017782	404.267122	0.000263	20.3
110	-0.104745	403.116456	0.000191	23.7
111	-0.199382	401.974481	0.000893	20.6
112	-0.137094	400.841093	0.007525	20.6
113	-0.072724	399.716187	0.000515	20.7
114	-0.306146	398.599660	0.000756	24.5
115	-0.106970	397.491411	0.000678	23.5
116	-0.305685	396.391342	0.000720	22.5
117	-0.015181	395.299353	0.000090	20.6
118	-0.041721	394.215350	0.000592	20.9
119	-0.001154	393.139238	0.000057	23.2
120	-0.017125	392.070924	0.000658	25.4
121	-0.002995	391.010316	0.000077	23.0
122	-0.282448	389.957325	0.001154	23.5
123	-0.096170	388.911862	0.000951	24.0
124	-0.399601	387.873839	0.001028	22.8
125	-0.019856	386.843173	0.001185	21.1
126	-0.025967	385.819777	0.000180	23.2
127	-0.260156	384.803569	0.000600	20.7
128	-0.000000	383.794468	0.000000	24.1
129	-0.173549	382.792393	0.000464	20.6
130	-0.000000	381.797264	0.000000	20.9
131	-0.019353	380.809005	0.000366	21.1
132	-0.000000	379.827537	0.000000	26.4
133	-0.029773	378.852786	0.000482	22.3
134	-0.206794	377.884678	0.000855	18.7
135	-0.064552	376.923138	0.000650	18.3
136	-0.165164	375.968095	0.000437	18.6
137	-0.000000	375.019479	0.000000	22.5
138	-0.000000	374.077218	0.000000	21.7
139	-0.319693	373.141244	0.001310	21.6
140	-0.010995	372.211489	0.000034	20.7
141	-0.215922	371.287887	0.000704	23.7
142	-0.181583	370.370370	0.001759	23.4
143	-0.000003	369.458876	0.000000	25.8
144	-0.192678	368.553338	0.003643	20.6
145	-0.017957	367.653696	0.000765	20.9
146	-0.484617	366.759885	0.000480	20.8
147	-0.000000	365.871846	0.000000	21.1
148	-0.005896	364.989518	0.000344	23.0
149	-0.024415	364.112841	0.000410	20.5
150	-0.000000	363.241757	0.000000	21.7
151	-0.000000	362.376208	0.000000	23.8
152	-0.155627	361.516137	0.000430	20.5
153	-0.000000	360.661488	0.000000	21.4
154	-0.034902	359.812206	0.000164	21.4
155	-0.002609	358.968236	0.000047	20.8
156	-0.009569	358.129524	0.000210	20.6
157	-0.250409	357.296018	0.000800	20.8
158	-0.000000	356.467665	0.000000	21.6
159	-0.098288	355.644414	0.000425	26.1
160	-0.150178	354.826213	0.000989	20.8
161	-0.000000	354.013012	0.000000	20.1
162	-0.137244	353.204763	0.000705	22.5
163	-0.000000	352.401415	0.000000	22.6
164	-0.029673	351.602922	0.000149	21.4
165	-0.120770	350.809235	0.000585	20.8
166	-0.065363	350.020308	0.000527	20.8
167	-0.302378	349.236095	0.000524	27.8
168	-0.014467	348.456550	0.000275	20.3
169	-0.177225	347.681627	0.000567	25.6
170	-0.000000	346.911283	0.000000	21.2
171	-0.397673	346.145474	0.000805	29.1
172	-0.091244	345.384157	0.000757	20.6
173	-0.000000	344.627288	0.000000	22.9
174	-0.040358	343.874826	0.000498	21.5
175	-0.000000	343.126729	0.000000	20.9
176	-0.141493	342.382957	0.000629	21.6
177	-0.162169	341.643469	0.001047	29.3
178	-0.000167	340.908224	0.000012	19.9
179	-0.000000	340.177184	0.000000	21.5
180	-0.005607	339.450309	0.000069	22.9
181	-0.114386	338.727561	0.000698	23.0
182	-0.000000	338.008902	0.000000	21.5
183	-0.148697	337.294295	0.001094	21.1
184	-0.000000	336.583703	0.000000	20.6
185	-0.015079	335.877089	0.000475	22.2
186	-0.167827	335.174416	0.000920	27.0
187	-0.056822	334.475651	0.000174	21.0
188	-0.008364	333.780756	0.000083	20.3
189	-0.207316	333.089698	0.000702	24.9
190	-0.021732	332.402443	0.000232	24.4
191	-0.000000	331.718955	0.000000	20.5
192	-0.000000	331.039203	0.000000	20.6
193	-0.040215	330.363153	0.000269	21.1
194	-0.037966	329.690771	0.000832	23.4
195	-0.025245	329.022027	0.000558	27.0
196	-0.294607	328.356888	0.001374	20.2
197	-0.081517	327.695322	0.000310	21.0
198	-0.329321	327.037299	0.000895	25.8
199	-0.005327	326.382787	0.000069	22.1
200	-0.384279	325.731758	0.002212	20.9
201	-0.018437	325.084179	0.000348	20.7
202	-0.094330	324.440023	0.000686	20.9
203	-0.207507	323.799258	0.004718	23.2
204	-0.000000	323.161858	0.000000	27.9
205	-0.008396	322.527792	0.000156	24.5
206	-0.182816	321.897034	0.000428	20.3
207	-0.024282	321.269554	0.000408	27.6
208	-0.118324	320.645325	0.000854	22.8
209	-0.050503	320.024320	0.000525	20.5
210	-0.000000	319.406512	0.000000	20.1
211	-0.151546	318.791875	0.005136	20.7
212	-0.118527	318.180381	0.000478	26.5
213	-0.000000	317.572005	0.000000	21.8
214	-0.071195	316.966721	0.000380	21.4
215	-0.000000	316.364504	0.000000	20.5
216	-0.000000	315.765329	0.000000	21.2
217	-0.215744	315.169170	0.004051	23.3
218	-0.053851	314.576003	0.000493	20.6
219	-0.294480	313.985804	0.000918	21.2
220	-0.000000	313.398548	0.000000	20.7
221	-0.043801	312.814213	0.000523	23.7
222	-0.018373	312.232773	0.000251	29.0
223	-0.019601	311.654207	0.000157	24.5
224	-0.225795	311.078491	0.001447	21.0
225	-0.000000	310.505602	0.000000	20.7
226	-0.097470	309.935518	0.000699	21.3
227	-0.049462	309.368217	0.000500	21.7
228	-0.348881	308.803676	0.001427	21.2
229	-0.000000	308.241874	0.000000	20.9
230	-0.108451	307.682789	0.000947	22.5
231	-0.262978	307.126400	0.000894	25.5
232	-0.028499	306.572687	0.000388	20.5
233	-0.000000	306.021627	0.000000	20.7
234	-0.000000	305.473201	0.000000	20.9
235	-0.000000	304.927388	0.000000	28.5
236	-0.000000	304.384168	0.000000	19.1
237	-0.007045	303.843521	0.000080	20.6
238	-0.012247	303.305427	0.000058	23.4
239	-0.312955	302.769867	0.001388	21.0
240	-0.261288	302.236821	0.002112	27.4
241	-0.278467	301.706270	0.000844	20.4
242	-0.001161	301.178196	0.000023	20.8
243	-0.075713	300.652580	0.000500	20.6
244	-0.040949	300.129402	0.000496	25.3
245	-0.299769	299.608645	0.001138	20.1
246	-0.000000	299.090291	0.000000	20.9
247	-0.244385	298.574321	0.001397	20.7
248	-0.000000	298.060718	0.000000	21.5
249	-0.000000	297.549465	0.000000	22.3
250	-0.000000	297.040543	0.000000	26.2
251	-0.010885	296.533936	0.000064	20.6
252	-0.257970	296.029626	0.002113	20.5
253	-0.100955	295.527597	0.000397	25.8
254	-0.090279	295.027832	0.000282	20.6
255	-0.305253	294.530315	0.000522	20.9
256	-0.000000	294.035028	0.000000	22.9
257	-0.000072	293.541956	0.000003	21.9
258	-0.000050	293.051083	0.000003	26.5
259	-0.000099	292.562393	0.000024	20.8
260	-0.041774	292.075870	0.000654	25.7
261	-0.000000	291.591498	0.000000	21.4
262	-0.246271	291.109263	0.001335	23.2
263	-0.309872	290.629149	0.000797	20.7
264	-0.005995	290.151140	0.000218	23.4
265	-0.348722	289.675222	0.002572	21.1
266	-0.164226	289.201380	0.000646	22.7
267	-0.038219	288.729600	0.000449	25.3
268	-0.011210	288.259866	0.000079	20.0
269	-0.149938	287.792165	0.000579	20.8
270	-0.413504	287.326481	0.000656	20.9
271	-0.000000	286.862802	0.000000	22.9
272	-0.058343	286.401113	0.002776	22.2
273	-0.060182	285.941400	0.000486	21.1
274	-0.000000	285.483649	0.000000	20.9
275	-0.176635	285.027847	0.000829	21.2
276	-0.355015	284.573981	0.001140	23.2
277	-0.000036	284.122037	0.000004	23.0
278	-0.000506	283.672002	0.000026	20.9
279	-0.140808	283.223863	0.000802	20.7
280	-0.187920	282.777607	0.000862	20.9
281	-0.229987	282.333221	0.000419	21.8
282	-0.058723	281.890692	0.000116	22.9
283	-0.000000	281.450008	0.000000	20.9
284	-0.000235	281.011157	0.000007	21.1
285	-0.066332	280.574125	0.000310	28.6
286	-0.013548	280.138901	0.000377	23.3
287	-0.003099	279.705473	0.000159	22.8
288	-0.127525	279.273829	0.000544	21.0
289	-0.303846	278.843956	0.001141	20.5
290	-0.100049	278.415844	0.004798	22.4
291	-0.031172	277.989479	0.000295	23.0
292	-0.000000	277.564851	0.000000	20.6
293	-0.196078	277.141949	0.000605	21.1
294	-0.000000	276.720761	0.000000	27.6
295	-0.000000	276.301275	0.000000	22.0
296	-0.008711	275.883480	0.000371	22.3
297	-0.371963	275.467366	0.004182	20.6
298	-0.015397	275.052922	0.000109	23.6
299	-0.000000	274.640136	0.000000	20.5
300	-0.000016	274.228998	0.000002	25.1
301	-0.348146	273.819497	0.004883	20.3
302	-0.000000	273.411623	0.000000	21.5
303	-0.310438	273.005365	0.001079	23.9
304	-0.000000	272.600712	0.000000	21.4
305	-0.000000	272.197655	0.000000	23.2
306	-0.000000	271.796184	0.000000	20.3
307	-0.384627	271.396287	0.000963	20.9
308	-0.011792	270.997956	0.000154	20.8
309	-0.000000	270.601180	0.000000	21.1
310	-0.170566	270.205949	0.007894	24.9
311	-0.218989	269.812254	0.005865	21.0
312	-0.043788	269.420085	0.000463	21.1
313	-0.143293	269.029432	0.000669	24.4
314	-0.195401	268.640287	0.001535	22.4
315	-0.011552	268.252638	0.000126	22.6
316	-0.000000	267.866478	0.000000	21.0
317	-0.007382	267.481796	0.000048	20.9
318	-0.019069	267.098584	0.000256	21.3
319	-0.006827	266.716833	0.000323	21.9
320	-0.052630	266.336533	0.000299	23.0
321	-0.000000	265.957676	0.000000	22.9
322	-0.000000	265.580253	0.000000	22.2
323	-0.357216	265.204254	0.001008	23.5
324	-0.076536	264.829672	0.002367	20.6
325	-0.096107	264.456497	0.001250	20.7
326	-0.000000	264.084721	0.000000	21.4
327	-0.000000	263.714335	0.000000	20.7
328	-0.006255	263.345332	0.000286	25.4
329	-0.358270	262.977702	0.001005	21.4
330	-0.010421	262.611438	0.000238	21.3
331	-0.000000	262.246531	0.000000	23.5
332	-0.000000	261.882973	0.000000	21.0
333	-0.003586	261.520756	0.000142	25.5
334	-0.164175	261.159871	0.000281	20.8
335	-0.307527	260.800312	0.000583	24.8
336	-0.135145	260.442070	0.000674	20.4
337	-0.000000	260.085137	0.000000	22.9
338	-0.046773	259.729505	0.005882	22.7
339	-0.000000	259.375167	0.000000	21.6
340	-0.086979	259.022116	0.000593	22.8
341	-0.120786	258.670343	0.000917	20.9
342	-0.000000	258.319841	0.000000	21.7
343	-0.000000	257.970602	0.000000	22.7
344	-0.000000	257.622620	0.000000	20.7
345	-0.062950	257.275887	0.000247	21.3
346	-0.011910	256.930396	0.000101	25.6
347	-0.000211	256.586139	0.000026	22.0
348	-0.000000	256.243109	0.000000	26.2
349	-0.000000	255.901300	0.000000	20.3
350	-0.000000	255.560703	0.000000	20.6
351	-0.132049	255.221313	0.004275	23.1
352	-0.330672	254.883122	0.000923	25.9
353	-0.000319	254.546124	0.000117	21.1
354	-0.017157	254.210311	0.000079	21.1
355	-0.016389	253.875677	0.000077	22.1
356	-0.262132	253.542215	0.000855	24.9
357	-0.179145	253.209918	0.000588	27.7
358	-0.000000	252.878781	0.000000	19.6
359	-0.161843	252.548795	0.000939	23.0
360	-0.077046	252.219956	0.000223	22.6
361	-0.000000	251.892255	0.000000	20.3
362	-0.063998	251.565688	0.000391	21.0
363	-0.042344	251.240247	0.001177	20.8
364	-0.227801	250.915926	0.001143	22.9
365	-0.033628	250.592720	0.000476	22.9
366	-0.193319	250.270621	0.000797	23.2
367	-0.038902	249.949624	0.000117	21.5
368	-0.011272	249.629723	0.000212	20.7
369	-0.000000	249.310911	0.000000	24.0
370	-0.182831	248.993182	0.000621	21.0
371	-0.026981	248.676531	0.000090	20.7
372	-0.010974	248.360952	0.000195	20.7
373	-0.077500	248.046438	0.000397	22.8
374	-0.074943	247.732984	0.000669	20.9
375	-0.026193	247.420584	0.000442	27.2
376	-0.096097	247.109233	0.000445	20.3
377	-0.000000	246.798924	0.000000	20.5
378	-0.358782	246.489652	0.000737	23.5
379	-0.000129	246.181412	0.000041	20.9
380	-0.221622	245.874197	0.000412	20.8
381	-0.036941	245.568002	0.000428	21.0
382	-0.129441	245.262822	0.000527	27.6
383	-0.064286	244.958652	0.000700	19.5
384	-0.000000	244.655485	0.000000	25.1
385	-0.010999	244.353317	0.000160	20.8
386	-0.265234	244.052142	0.000954	21.1
387	-0.016222	243.751955	0.000316	25.9
388	-0.000004	243.452750	0.000001	20.9
389	-0.004519	243.154523	0.000072	23.0
390	-0.026252	242.857268	0.000239	24.6
391	-0.247967	242.560980	0.004172	23.3
392	-0.067972	242.265654	0.000311	22.7
393	-0.041945	241.971285	0.000487	25.2
394	-0.311629	241.677868	0.001005	20.4
395	-0.123505	241.385397	0.001884	22.6
396	-0.136658	241.093869	0.000578	23.5
397	-0.283244	240.803278	0.000950	21.3
398	-0.000000	240.513619	0.000000	20.7
399	-0.021014	240.224887	0.000492	21.2
400	-0.000001	239.937077	0.000002	25.1
401	-0.036202	239.650186	0.000095	21.1
402	-0.016772	239.364207	0.000245	23.1
403	-0.234675	239.079136	0.000518	23.4
404	-0.046093	238.794969	0.000191	23.6
405	-0.000000	238.511701	0.000000	20.7
406	-0.344236	238.229327	0.001341	20.7
407	-0.000000	237.947843	0.000000	23.8
408	-0.000000	237.667244	0.000000	20.4
409	-0.000000	237.387526	0.000000	21.5
410	-0.413088	237.108684	0.001307	23.4
411	-0.064389	236.830714	0.000524	24.3
412	-0.023728	236.553610	0.000377	19.4
413	-0.294749	236.277370	0.000818	22.1
414	-0.000000	236.001989	0.000000	24.5
415	-0.000000	235.727461	0.000000	23.0
416	-0.179169	235.453784	0.001227	20.0
417	-0.024605	235.180952	0.000361	20.8
418	-0.090623	234.908962	0.000758	22.8
419	-0.039063	234.637809	0.000183	20.7
420	-0.376902	234.367488	0.001602	22.6
421	-0.000000	234.097997	0.000000	23.0
422	-0.012395	233.829331	0.000274	21.5
423	-0.130163	233.561485	0.002070	23.8
424	-0.052122	233.294456	0.000510	20.6
425	-0.000000	233.028239	0.000000	21.2
426	-0.006192	232.762831	0.000176	21.1
427	-0.323636	232.498228	0.000973	26.9
428	-0.345717	232.234425	0.001574	21.1
429	-0.438016	231.971419	0.001549	26.7
430	-0.000000	231.709205	0.000000	20.9
431	-0.282397	231.447781	0.001170	24.9
432	-0.082107	231.187141	0.000533	22.7
433	-0.024885	230.927283	0.000388	21.3
434	-0.000000	230.668202	0.000000	20.5
435	-0.046996	230.409895	0.000342	21.2
436	-0.000000	230.152358	0.000000	22.4
437	-0.090906	229.895587	0.000607	23.3
438	-0.001511	229.639578	0.000036	25.1
439	-0.000000	229.384329	0.000000	18.9
440	-0.313352	229.129834	0.001305	19.0
441	-0.069963	228.876091	0.000296	26.0
442	-0.049293	228.623096	0.000383	20.5
443	-0.085520	228.370846	0.000541	25.5
444	-0.005285	228.119336	0.000039	21.3
445	-0.121693	227.868563	0.001129	23.9
446	-0.229391	227.618525	0.000984	24.7
447	-0.000000	227.369216	0.000000	22.9
448	-0.005665	227.120635	0.000128	21.0
449	-0.332801	226.872777	0.000504	25.8
450	-0.000002	226.625638	0.000000	20.6
451	-0.004244	226.379217	0.000526	20.7
452	-0.249645	226.133509	0.000976	20.7
453	-0.000000	225.888510	0.000000	22.5
454	-0.000000	225.644218	0.000000	20.2
455	-0.140607	225.400630	0.000642	21.7
456	-0.000077	225.157741	0.000003	23.1
457	-0.360424	224.915549	0.001536	21.2
458	-0.000000	224.674051	0.000000	25.4
459	-0.000000	224.433242	0.000000	21.2
460	-0.003969	224.193121	0.000070	21.4
461	-0.114525	223.953684	0.000749	23.5
462	-0.045874	223.714927	0.000796	22.6
463	-0.000004	223.476848	0.000005	21.9
464	-0.003855	223.239444	0.000154	23.6
465	-0.000000	223.002710	0.000000	20.6
466	-0.000000	222.766645	0.000000	20.6
467	-0.001127	222.531245	0.000072	23.2
468	-0.219615	222.296508	0.001464	21.4
469	-0.024115	222.062429	0.000335	20.6
470	-0.016047	221.829007	0.000249	20.7
471	-0.000000	221.596238	0.000000	23.3
472	-0.000000	221.364119	0.000000	21.0
473	-0.035822	221.132647	0.000386	26.3
474	-0.171053	220.901820	0.000700	20.6
475	-0.098080	220.671634	0.000613	21.0
476	-0.000000	220.442086	0.000000	27.1
477	-0.052701	220.213174	0.000525	20.8
478	-0.020625	219.984895	0.000404	25.7
479	-0.301038	219.757246	0.001088	20.9
480	-0.025290	219.530224	0.000129	21.6
481	-0.390114	219.303826	0.001755	23.0
482	-0.386430	219.078050	0.000930	24.7
483	-0.213745	218.852893	0.000910	21.6
484	-0.077972	218.628352	0.000392	20.8
485	-0.008421	218.404424	0.000101	21.9
486	-0.053955	218.181106	0.000689	23.8
487	-0.000000	217.958397	0.000000	21.4
488	-0.074599	217.736292	0.000131	20.8
489	-0.000000	217.514790	0.000000	21.3
490	-0.199573	217.293888	0.002567	23.8
491	-0.048279	217.073584	0.000152	22.3
492	-0.000000	216.853873	0.000000	26.9
493	-0.000000	216.634755	0.000000	20.6
494	-0.000000	216.416227	0.000000	24.0
495	-0.000000	216.198285	0.000000	20.8
496	-0.282601	215.980927	0.001622	20.7
497	-0.041855	215.764151	0.000571	20.7
498	-0.020610	215.547955	0.000106	20.7
499	-0.144566	215.332335	0.000456	24.9
500	-0.000000	215.117289	0.000000	21.7
501	-0.065403	214.902815	0.000253	23.1
502	-0.102881	214.688911	0.000752	20.6
503	-0.028074	214.475573	0.000207	20.7
504	-0.011708	214.262800	0.000071	21.3
505	-0.147349	214.050588	0.006402	22.2
506	-0.024715	213.838936	0.000113	20.9
507	-0.000000	213.627842	0.000000	21.0
508	-0.058374	213.417302	0.000587	20.8
509	-0.015296	213.207314	0.000093	22.8
510	-0.342524	212.997877	0.000466	26.3
511	-0.000000	212.788987	0.000000	20.9
512	-0.000000	212.580642	0.000000	20.8
513	-0.124456	212.372841	0.000669	20.8
514	-0.250107	212.165581	0.000948	22.1
515	-0.198273	211.958859	0.001267	23.6
516	-0.307647	211.752673	0.000411	20.7
517	-0.000000	211.547021	0.000000	20.6
518	-0.015009	211.341902	0.000154	26.1
519	-0.000000	211.137311	0.000000	24.1
520	-0.008754	210.933248	0.000115	21.2
521	-0.000000	210.729710	0.000000	23.8
522	-0.315713	210.526695	0.000859	23.1
523	-0.012296	210.324200	0.000507	28.8
524	-0.111528	210.122224	0.000856	18.4
525	-0.182806	209.920765	0.001911	21.1
526	-0.211919	209.719820	0.003916	20.6
527	-0.000000	209.519387	0.000000	22.8
528	-0.000000	209.319463	0.000000	27.9
529	-0.164090	209.120048	0.000766	22.7
530	-0.000000	208.921139	0.000000	20.5
531	-0.000000	208.722733	0.000000	20.4
532	-0.008315	208.524829	0.000137	25.9
533	-0.277792	208.327425	0.000726	22.0
534	-0.023399	208.130518	0.000387	24.1
535	-0.121752	207.934107	0.002542	21.0
536	-0.043642	207.738189	0.008283	28.1
537	-0.021226	207.542762	0.000136	22.1
538	-0.000000	207.347825	0.000000	23.0
539	-0.005323	207.153376	0.000054	21.2
540	-0.000000	206.959412	0.000000	20.7
541	-0.257130	206.765932	0.001137	22.8
542	-0.000000	206.572933	0.000000	22.8
543	-0.020898	206.380414	0.000962	20.9
544	-0.216892	206.188373	0.000816	20.6
545	-0.004236	205.996807	0.000053	23.6
546	-0.268078	205.805716	0.001071	24.5
547	-0.004589	205.615096	0.000070	20.6
548	-0.015714	205.424946	0.000228	20.8
549	-0.000000	205.235265	0.000000	21.8
550	-0.022382	205.046050	0.000288	21.9
551	-0.027575	204.857299	0.000199	21.7
552	-0.152283	204.669011	0.000908	20.8
553	-0.000000	204.481184	0.000000	20.5
554	-0.000000	204.293816	0.000000	33.3
555	-0.055022	204.106905	0.000370	18.5
556	-0.032350	203.920449	0.000447	20.7
557	-0.007717	203.734447	0.000070	20.8
558	-0.002706	203.548896	0.000150	20.9
559	-0.000000	203.363795	0.000000	21.7
560	-0.017153	203.179143	0.000156	23.0
561	-0.000000	202.994937	0.000000	20.3
562	-0.000000	202.811176	0.000000	21.4
563	-0.000000	202.627857	0.000000	27.2
564	-0.019355	202.444980	0.000147	23.5
565	-0.014059	202.262543	0.000091	22.9
566	-0.000000	202.080543	0.000000	20.7
567	-0.002488	201.898979	0.000056	22.4
568	-0.025157	201.717849	0.000121	24.0
569	-0.011048	201.537153	0.000051	20.9
570	-0.000000	201.356887	0.000000	20.7
571	-0.386489	201.177050	0.001632	21.1
572	-0.086587	200.997642	0.000562	22.1
573	-0.114100	200.818659	0.001164	27.6
574	-0.107734	200.640100	0.000327	21.5
575	-0.000000	200.461965	0.000000	20.3
576	-0.064284	200.284250	0.000386	20.4
577	-0.001520	200.106955	0.000015	23.8
578	-0.000000	199.930078	0.000000	20.9
579	-0.272608	199.753617	0.001197	20.8
580	-0.000000	199.577571	0.000000	24.1
581	-0.000000	199.401938	0.000000	25.7
582	-0.052180	199.226717	0.000286	22.0
583	-0.131898	199.051905	0.000651	20.9
584	-0.000000	198.877502	0.000000	20.7
585	-0.119096	198.703506	0.000823	23.4
586	-0.411302	198.529916	0.006764	27.4
587	-0.000000	198.356729	0.000000	20.0
588	-0.043811	198.183944	0.000536	21.1
589	-0.000000	198.011560	0.000000	20.2
590	-0.022437	197.839576	0.000305	22.1
591	-0.000000	197.667989	0.000000	27.1
592	-0.049774	197.496798	0.000684	20.8
593	-0.000000	197.326002	0.000000	21.5
594	-0.005393	197.155600	0.000135	20.6
595	-0.274771	196.985589	0.000409	21.4
596	-0.000000	196.815969	0.000000	26.2
597	-0.236144	196.646738	0.000968	21.0
598	-0.301242	196.477894	0.001572	20.9
599	-0.417339	196.309436	0.002000	25.3
600	-0.000000	196.141363	0.000000	25.3
601	-0.009151	195.973673	0.000264	20.4
602	-0.086072	195.806365	0.000801	22.4
603	-0.325345	195.639437	0.000793	20.9
604	-0.365100	195.472888	0.001029	24.2
605	-0.189458	195.306717	0.000828	21.1
606	-0.161491	195.140922	0.007343	21.5
607	-0.001915	194.975501	0.000083	20.6
608	-0.006029	194.810454	0.000073	23.5
609	-0.051362	194.645779	0.000612	23.7
610	-0.085777	194.481475	0.000324	21.2
611	-0.017530	194.317540	0.000403	21.0
612	-0.216317	194.153973	0.000463	20.8
613	-0.000000	193.990773	0.000000	20.6
614	-0.000000	193.827938	0.000000	24.1
615	-0.305075	193.665467	0.001014	20.1
616	-0.174494	193.503358	0.001459	20.8
617	-0.036639	193.341611	0.000423	22.3
618	-0.022047	193.180224	0.000492	28.0
619	-0.027165	193.019196	0.000327	20.6
620	-0.347610	192.858525	0.001301	20.9
621	-0.013058	192.698210	0.000374	20.8
622	-0.203348	192.538251	0.001132	20.6
623	-0.135569	192.378644	0.000527	21.1
624	-0.227059	192.219391	0.000796	23.0
625	-0.029193	192.060488	0.000411	21.5
626	-0.000000	191.901935	0.000000	26.3
627	-0.220963	191.743730	0.000853	23.9
628	-0.010841	191.585873	0.000075	23.7
629	-0.000000	191.428362	0.000000	23.8
630	-0.000000	191.271196	0.000000	20.4
631	-0.077958	191.114374	0.000469	20.8
632	-0.000000	190.957893	0.000000	22.3
633	-0.000000	190.801755	0.000000	22.0
634	-0.000000	190.645956	0.000000	21.8
635	-0.000000	190.490495	0.000000	23.9
636	-0.000000	190.335373	0.000000	26.9
637	-0.194844	190.180587	0.005819	19.7
638	-0.011425	190.026136	0.000197	21.2
639	-0.160754	189.872019	0.003894	20.8
640	-0.288256	189.718235	0.004200	21.0
641	-0.182457	189.564782	0.001484	21.8
642	-0.024287	189.411661	0.000075	23.6
643	-0.011542	189.258868	0.000203	20.8
644	-0.032138	189.106404	0.000285	21.7
645	-0.018970	188.954267	0.000346	23.8
646	-0.374489	188.802456	0.003137	21.5
647	-0.027576	188.650969	0.000193	25.7
648	-0.022935	188.499807	0.000328	20.9
649	-0.000000	188.348967	0.000000	20.6
650	-0.104186	188.198448	0.000712	21.0
651	-0.311617	188.048250	0.000949	20.6
652	-0.000000	187.898371	0.000000	22.9
653	-0.023863	187.748810	0.000488	22.1
654	-0.000000	187.599566	0.000000	22.5
655	-0.051984	187.450638	0.000622	21.0
656	-0.011840	187.302025	0.000196	27.5
657	-0.004438	187.153725	0.000066	19.7
658	-0.000000	187.005739	0.000000	20.7
659	-0.430401	186.858064	0.000849	20.9
660	-0.306189	186.710699	0.000692	21.2
661	-0.000000	186.563645	0.000000	23.9
662	-0.050175	186.416898	0.000107	27.1
663	-0.139895	186.270459	0.000821	20.4
664	-0.107097	186.124326	0.000704	20.6
665	-0.320658	185.978499	0.000785	20.6
666	-0.000000	185.832976	0.000000	22.7
667	-0.268961	185.687756	0.000864	23.0
668	-0.169506	185.542838	0.000818	20.6
669	-0.000000	185.398222	0.000000	20.5
670	-0.038428	185.253906	0.000567	21.3
671	-0.057806	185.109889	0.000123	27.7
672	-0.017015	184.966170	0.000119	21.0
673	-0.000000	184.822748	0.000000	23.4
674	-0.282959	184.679623	0.000755	20.6
675	-0.000000	184.536792	0.000000	23.5
676	-0.150249	184.394256	0.000975	20.3
677	-0.010624	184.252013	0.000193	20.4
678	-0.197971	184.110062	0.001734	23.5
679	-0.000000	183.968403	0.000000	20.0
680	-0.082933	183.827034	0.000565	28.8
681	-0.043889	183.685954	0.000535	21.4
682	-0.000000	183.545163	0.000000	20.5
683	-0.000000	183.404658	0.000000	20.8
684	-0.024199	183.264441	0.000168	23.4
685	-0.379446	183.124509	0.000985	25.8
686	-0.043912	182.984861	0.000489	20.8
687	-0.187330	182.845497	0.001023	20.9
688	-0.178676	182.706416	0.000529	20.7
689	-0.125126	182.567616	0.000973	26.5
690	-0.000000	182.429098	0.000000	20.3
691	-0.256313	182.290859	0.001071	20.8
692	-0.060328	182.152899	0.000845	21.1
693	-0.396439	182.015217	0.000607	23.2
694	-0.000393	181.877813	0.000090	20.9
695	-0.016142	181.740684	0.000232	20.3
696	-0.000000	181.603832	0.000000	20.3
697	-0.005020	181.467253	0.000251	21.7
698	-0.099513	181.330948	0.000738	23.9
699	-0.000000	181.194916	0.000000	28.0
700	-0.045887	181.059155	0.000231	20.1
701	-0.042168	180.923666	0.000598	20.3
702	-0.000000	180.788446	0.000000	21.5
703	-0.000000	180.653496	0.000000	23.0
704	-0.134064	180.518814	0.000597	20.8
705	-0.372583	180.384399	0.001018	20.6
706	-0.000000	180.250251	0.000000	20.2
707	-0.068510	180.116369	0.000313	29.9
708	-0.015658	179.982752	0.000079	19.0
709	-0.096235	179.849398	0.000266	21.2
710	-0.237494	179.716308	0.000676	21.5
711	-0.000000	179.583480	0.000000	20.5
712	-0.291123	179.450913	0.002362	23.0
713	-0.253450	179.318607	0.001588	21.9
714	-0.017311	179.186561	0.000177	21.1
715	-0.000000	179.054774	0.000000	21.3
716	-0.366745	178.923245	0.001277	24.5
717	-0.012488	178.791973	0.000280	24.8
718	-0.000000	178.660958	0.000000	22.5
719	-0.000000	178.530199	0.000000	22.7
720	-0.131054	178.399694	0.001027	23.6
721	-0.168796	178.269444	0.001104	25.3
722	-0.000000	178.139447	0.000000	20.1
723	-0.044219	178.009702	0.000574	20.6
724	-0.150850	177.880209	0.000627	23.9
725	-0.000000	177.750967	0.000000	25.4
726	-0.183307	177.621975	0.000566	20.9
727	-0.111813	177.493232	0.000572	22.2
728	-0.002530	177.364738	0.000216	20.2
729	-0.114585	177.236492	0.000648	20.6
730	-0.047624	177.108492	0.000334	21.6
731	-0.000000	176.980739	0.000000	22.2
732	-0.000000	176.853231	0.000000	20.3
733	-0.013532	176.725968	0.000334	20.7
734	-0.000000	176.598949	0.000000	28.6
735	-0.000000	176.472173	0.000000	18.6
736	-0.000000	176.345639	0.000000	21.1
737	-0.000000	176.219348	0.000000	21.1
738	-0.024828	176.093296	0.000182	20.9
739	-0.141267	175.967486	0.000477	21.7
740	-0.000000	175.841914	0.000000	20.9
741	-0.050280	175.716581	0.003354	20.7
742	-0.000000	175.591486	0.000000	21.2
743	-0.000000	175.466629	0.000000	33.1
744	-0.047920	175.342008	0.000612	22.4
745	-0.184744	175.217622	0.000879	20.8
746	-0.311874	175.093472	0.000760	25.9
747	-0.200129	174.969556	0.000623	25.1
748	-0.000000	174.845873	0.000000	22.2
749	-0.245467	174.722423	0.001075	20.6
750	-0.215430	174.599206	0.000424	24.1
751	-0.333104	174.476220	0.001138	20.8
752	-0.000000	174.353464	0.000000	24.1
753	-0.000000	174.230939	0.000000	22.2
754	-0.000000	174.108643	0.000000	20.7
755	-0.007558	173.986576	0.000299	20.8
756	-0.000000	173.864737	0.000000	20.9
757	-0.212014	173.743124	0.000470	23.4
758	-0.000000	173.621739	0.000000	21.8
759	-0.060256	173.500579	0.001005	21.8
760	-0.205228	173.379645	0.001440	20.3
761	-0.000000	173.258935	0.000000	26.8
762	-0.011270	173.138449	0.000168	23.3
763	-0.377593	173.018186	0.001784	20.7
764	-0.250585	172.898146	0.000643	21.0
765	-0.090614	172.778327	0.000859	24.1
766	-0.305243	172.658730	0.001321	20.7
767	-0.380713	172.539353	0.001017	21.4
768	-0.021695	172.420196	0.000116	20.2
769	-0.231926	172.301258	0.001344	20.8
770	-0.030291	172.182539	0.000476	24.0
771	-0.330943	172.064037	0.001418	22.4
772	-0.010669	171.945753	0.000242	20.8
773	-0.000000	171.827686	0.000000	21.1
774	-0.000000	171.709834	0.000000	20.7
775	-0.005428	171.592198	0.000122	23.3
776	-0.000000	171.474776	0.000000	20.5
777	-0.180932	171.357568	0.000917	24.9
778	-0.003487	171.240574	0.000047	18.9
779	-0.229790	171.123793	0.000958	27.2
780	-0.050444	171.007223	0.000310	20.7
781	-0.085698	170.890865	0.000681	21.1
782	-0.025130	170.774718	0.000374	21.3
783	-0.073904	170.658782	0.000144	23.9
784	-0.000000	170.543055	0.000000	23.6
785	-0.060560	170.427537	0.000395	20.6
786	-0.132690	170.312227	0.000531	20.3
787	-0.000000	170.197125	0.000000	20.4
788	-0.034428	170.082231	0.000182	22.4
789	-0.120681	169.967543	0.001423	25.2
790	-0.011831	169.853061	0.000105	20.5
791	-0.027554	169.738784	0.000280	25.5
792	-0.016215	169.624713	0.000116	21.0
793	-0.024388	169.510845	0.000073	23.9
794	-0.291062	169.397181	0.002529	21.0
795	-0.158630	169.283720	0.001513	23.1
796	-0.014036	169.170462	0.000275	20.2
797	-0.046745	169.057405	0.000784	24.3
798	-0.245564	168.944549	0.001213	23.0
799	-0.000000	168.831895	0.000000	20.4
800	-0.036686	168.719440	0.000269	20.6
801	-0.000000	168.607185	0.000000	18.8
802	-0.171898	168.495129	0.000893	20.9
803	-0.056734	168.383271	0.000803	23.5
804	-0.287455	168.271611	0.000904	24.8
805	-0.147994	168.160148	0.000573	21.4
806	-0.143249	168.048882	0.001075	20.9
807	-0.435932	167.937812	0.001109	25.3
808	-0.000316	167.826938	0.000019	23.9
809	-0.163702	167.716258	0.001186	23.9
810	-0.015233	167.605773	0.000105	20.8
811	-0.000000	167.495482	0.000000	21.6
812	-0.000000	167.385384	0.000000	25.4
813	-0.042951	167.275479	0.000506	22.9
814	-0.327963	167.165766	0.000745	21.6
815	-0.061811	167.056245	0.000632	26.6
816	-0.004065	166.946915	0.000112	22.4
817	-0.069235	166.837776	0.000748	22.6
818	-0.000000	166.728826	0.000000	22.1
819	-0.111570	166.620067	0.000677	21.0
820	-0.304500	166.511496	0.001648	21.1
821	-0.000000	166.403113	0.000000	20.9
822	-0.162865	166.294919	0.000994	22.1
823	-0.097129	166.186912	0.000662	20.5
824	-0.000000	166.079091	0.000000	23.0
825	-0.052609	165.971458	0.000365	23.1
826	-0.359456	165.864009	0.003644	20.6
827	-0.030793	165.756747	0.000322	23.2
828	-0.000000	165.649669	0.000000	20.8
829	-0.000000	165.542775	0.000000	20.4
830	-0.055835	165.436065	0.000352	20.8
831	-0.000000	165.329538	0.000000	20.3
832	-0.415080	165.223194	0.000598	23.2
833	-0.031202	165.117032	0.000287	22.1
834	-0.050214	165.011052	0.000248	24.1
835	-0.000000	164.905253	0.000000	20.5
836	-0.012447	164.799635	0.000194	21.2
837	-0.040673	164.694197	0.000306	23.3
838	-0.049589	164.588939	0.000225	20.8
839	-0.201930	164.483859	0.000554	20.6
840	-0.004133	164.378959	0.000021	20.9
841	-0.065648	164.274237	0.000396	24.5
842	-0.030847	164.169692	0.000212	26.3
843	-0.129157	164.065325	0.000575	20.5
844	-0.053965	163.961135	0.000534	20.8
845	-0.256635	163.857120	0.001432	20.8
846	-0.350187	163.753282	0.001099	22.2
847	-0.000000	163.649619	0.000000	22.6
848	-0.299064	163.546130	0.001108	20.6
849	-0.256199	163.442816	0.000824	23.5
850	-0.248456	163.339676	0.000640	21.6
851	-0.218352	163.236709	0.001368	23.7
852	-0.000000	163.133915	0.000000	22.6
853	-0.000000	163.031294	0.000000	20.7
854	-0.000000	162.928844	0.000000	20.7
855	-0.000000	162.826566	0.000000	22.1
856	-0.113917	162.724459	0.005335	23.9
857	-0.000000	162.622523	0.000000	20.5
858	-0.369474	162.520757	0.003389	21.1
859	-0.039885	162.419160	0.000445	22.3
860	-0.289432	162.317733	0.000561	28.3
861	-0.000000	162.216474	0.000000	19.5
862	-0.078474	162.115383	0.000923	21.1
863	-0.035498	162.014461	0.000422	20.7
864	-0.000000	161.913705	0.000000	24.4
865	-0.380109	161.813117	0.001700	20.6
866	-0.159440	161.712695	0.001833	21.0
867	-0.041446	161.612439	0.003405	21.2
868	-0.000000	161.512349	0.000000	20.3
869	-0.187522	161.412424	0.001239	27.5
870	-0.000000	161.312663	0.000000	20.6
871	-0.110666	161.213067	0.000583	21.1
872	-0.034542	161.113635	0.000502	22.2
873	-0.106020	161.014366	0.000732	20.6
874	-0.185026	160.915260	0.003667	22.8
875	-0.036097	160.816316	0.000836	23.4
876	-0.307312	160.717535	0.001085	20.7
877	-0.308175	160.618915	0.000574	22.7
878	-0.000000	160.520456	0.000000	19.8
879	-0.065901	160.422158	0.005837	26.0
880	-0.002884	160.324021	0.000085	20.6
881	-0.000000	160.226043	0.000000	21.0
882	-0.011502	160.128225	0.000193	20.9
883	-0.000000	160.030566	0.000000	21.6
884	-0.201830	159.933066	0.000452	23.7
885	-0.265537	159.835723	0.000859	20.8
886	-0.000000	159.738539	0.000000	21.1
887	-0.276706	159.641512	0.005746	21.2
888	-0.028768	159.544642	0.000286	25.8
889	-0.000000	159.447929	0.000000	20.6
890	-0.215991	159.351372	0.000772	21.1
891	-0.013497	159.254971	0.000269	20.5
892	-0.000000	159.158725	0.000000	23.6
893	-0.000000	159.062634	0.000000	20.6
894	-0.108683	158.966697	0.001031	21.2
895	-0.306465	158.870915	0.000374	22.0
896	-0.208585	158.775286	0.000528	21.3
897	-0.071487	158.679811	0.000404	23.2
898	-0.000008	158.584489	0.000007	24.6
899	-0.397340	158.489319	0.001200	20.4
900	-0.018865	158.394302	0.000255	20.6
901	-0.000000	158.299436	0.000000	25.5
902	-0.180075	158.204721	0.000983	20.5
903	-0.000000	158.110158	0.000000	20.4
904	-0.037028	158.015745	0.000573	24.1
905	-0.009429	157.921482	0.000165	20.6
906	-0.095999	157.827369	0.000749	22.2
907	-0.110991	157.733406	0.000752	22.0
908	-0.000000	157.639591	0.000000	20.3
909	-0.000000	157.545925	0.000000	20.6
910	-0.174974	157.452408	0.000944	26.9
911	-0.400155	157.359038	0.001000	19.5
912	-0.000000	157.265816	0.000000	20.5
913	-0.047896	157.172741	0.000676	20.8
914	-0.299118	157.079813	0.001571	23.6
915	-0.000000	156.987031	0.000000	30.1
916	-0.000000	156.894395	0.000000	20.0
917	-0.000000	156.801904	0.000000	21.0
918	-0.005919	156.709559	0.000057	20.6
919	-0.000000	156.617359	0.000000	23.6
920	-0.237599	156.525304	0.000522	22.7
921	-0.134281	156.433392	0.000713	20.5
922	-0.000000	156.341624	0.000000	19.6
923	-0.030844	156.250000	0.000321	23.3
924	-0.000000	156.158519	0.000000	29.1
925	-0.087027	156.067180	0.000624	20.9
926	-0.000000	155.975984	0.000000	23.4
927	-0.279641	155.884930	0.001230	23.8
928	-0.475067	155.794017	0.001336	23.0
929	-0.128495	155.703246	0.001127	27.7
930	-0.000000	155.612615	0.000000	20.2
931	-0.045411	155.522125	0.000535	20.9
932	-0.000000	155.431775	0.000000	25.6
933	-0.015303	155.341565	0.000042	22.5
934	-0.227211	155.251495	0.001028	20.6
935	-0.326106	155.161563	0.000984	20.8
936	-0.049715	155.071771	0.000331	23.7
937	-0.032441	154.982117	0.000529	23.5
938	-0.000000	154.892601	0.000000	20.6
939	-0.026850	154.803222	0.000425	22.5
940	-0.010174	154.713981	0.000152	20.7
941	-0.109427	154.624878	0.000593	27.0
942	-0.234518	154.535910	0.001244	23.1
943	-0.000000	154.447080	0.000000	20.7
944	-0.100061	154.358385	0.000685	20.6
945	-0.021901	154.269826	0.000228	20.8
946	-0.208752	154.181402	0.000546	22.3
947	-0.017386	154.093114	0.000230	21.3
948	-0.178082	154.004960	0.007535	20.8
949	-0.042119	153.916940	0.000265	20.9
950	-0.000000	153.829054	0.000000	22.5
951	-0.000000	153.741303	0.000000	27.8
952	-0.000005	153.653684	0.000000	20.9
953	-0.074547	153.566198	0.000571	21.1
954	-0.033158	153.478846	0.000523	21.3
955	-0.009602	153.391625	0.000085	23.7
956	-0.000000	153.304537	0.000000	23.4
957	-0.000000	153.217580	0.000000	21.2
958	-0.262379	153.130755	0.001015	20.3
959	-0.048940	153.044061	0.001074	21.0
960	-0.031481	152.957498	0.000525	25.6
961	-0.325382	152.871065	0.000316	20.6
962	-0.071076	152.784762	0.000559	20.6
963	-0.033616	152.698589	0.000732	20.6
964	-0.034294	152.612545	0.000202	23.4
965	-0.000000	152.526631	0.000000	20.6
966	-0.013807	152.440845	0.000115	20.9
967	-0.074510	152.355188	0.000465	21.1
968	-0.069030	152.269660	0.000369	22.1
969	-0.000000	152.184259	0.000000	26.4
970	-0.003578	152.098986	0.000081	22.1
971	-0.048444	152.013840	0.000527	22.0
972	-0.163410	151.928821	0.001807	20.9
973	-0.284945	151.843928	0.001234	24.2
974	-0.000000	151.759163	0.000000	22.3
975	-0.194518	151.674523	0.000757	20.7
976	-0.000000	151.590009	0.000000	20.3
977	-0.054900	151.505620	0.000432	21.6
978	-0.011578	151.421357	0.000144	26.5
979	-0.042545	151.337218	0.002285	19.9
980	-0.000015	151.253204	0.000001	21.2
981	-0.025858	151.169314	0.000194	21.0
982	-0.034610	151.085549	0.000309	21.3
983	-0.000000	151.001907	0.000000	23.3
984	-0.000000	150.918388	0.000000	23.8
985	-0.213139	150.834992	0.001030	20.6
986	-0.000000	150.751719	0.000000	20.7
987	-0.045399	150.668569	0.000591	23.5
988	-0.000000	150.585541	0.000000	21.0
989	-0.056416	150.502634	0.000288	22.0
990	-0.014479	150.419849	0.000440	20.5
991	-0.100449	150.337186	0.000763	23.7
992	-0.188801	150.254644	0.000644	26.9
993	-0.106869	150.172222	0.005016	19.9
994	-0.009773	150.089921	0.000109	24.8
995	-0.021266	150.007740	0.000270	24.2
996	-0.072260	149.925679	0.001646	21.4
997	-0.031080	149.843737	0.000640	24.2
998	-0.060619	149.761915	0.000579	21.3
999	-0.021497	149.680212	0.000181	21.0
1000	-0.404837	149.598627	0.000404	20.6
1001	-0.346568	149.517161	0.000883	21.1
1002	-0.000000	149.435814	0.000000	21.9
1003	-0.042144	149.354584	0.000648	23.6
1004	-0.082632	149.273472	0.000784	20.6
1005	-0.178274	149.192477	0.000570	23.1
1006	-0.000000	149.111599	0.000000	22.1
1007	-0.233199	149.030838	0.000548	26.8
1008	-0.020414	148.950194	0.000106	20.6
1009	-0.130662	148.869666	0.002009	20.7
1010	-0.124135	148.789253	0.000554	26.4
1011	-0.000000	148.708957	0.000000	20.2
1012	-0.066288	148.628776	0.000534	22.6
1013	-0.008534	148.548710	0.000002	23.2
1014	-0.006356	148.468759	0.000074	24.7
1015	-0.000000	148.388923	0.000000	21.1
1016	-0.000000	148.309201	0.000000	23.8
1017	-0.000000	148.229594	0.000000	21.0
1018	-0.017923	148.150100	0.000345	21.1
1019	-0.148269	148.070719	0.000864	22.9
1020	-0.000000	147.991452	0.000000	22.8
1021	-0.215130	147.912298	0.000638	23.0
1022	-0.335671	147.833257	0.004280	25.9
1023	-0.205887	147.754329	0.000744	21.1
1024	-0.000012	147.675512	0.000001	21.0
1025	-0.016274	147.596808	0.000219	21.9
1026	-0.000000	147.518216	0.000000	22.0
1027	-0.019649	147.439735	0.000191	20.9
1028	-0.069504	147.361365	0.000183	20.9
1029	-0.000000	147.283106	0.000000	22.5
1030	-0.000000	147.204958	0.000000	27.9
1031	-0.000000	147.126920	0.000000	21.6
1032	-0.463811	147.048993	0.001202	28.0
1033	-0.001051	146.971175	0.000053	23.9
1034	-0.000000	146.893468	0.000000	21.6
1035	-0.314445	146.815869	0.001277	22.0
1036	-0.079680	146.738380	0.000583	21.0
1037	-0.000000	146.661000	0.000000	20.7
1038	-0.000000	146.583729	0.000000	22.2
1039	-0.000059	146.506566	0.000008	23.6
1040	-0.000000	146.429511	0.000000	21.5
1041	-0.318695	146.352565	0.001323	24.0
1042	-0.020522	146.275726	0.000146	20.6
1043	-0.000000	146.198994	0.000000	22.6
1044	-0.000000	146.122370	0.000000	22.9
1045	-0.000000	146.045853	0.000000	20.5
1046	-0.004621	145.969442	0.000023	21.0
1047	-0.086779	145.893139	0.000288	22.0
1048	-0.456886	145.816941	0.000770	23.6
1049	-0.000000	145.740849	0.000000	24.7
1050	-0.040317	145.664863	0.000357	20.5
1051	-0.265430	145.588983	0.001006	20.6
1052	-0.000140	145.513208	0.000000	23.0
1053	-0.000000	145.437538	0.000000	20.7
1054	-0.000211	145.361973	0.000006	21.5
1055	-0.071622	145.286513	0.000307	20.8
1056	-0.172579	145.211157	0.000671	23.7
1057	-0.217958	145.135905	0.000928	26.1
1058	-0.015038	145.060757	0.000234	22.7
1059	-0.007519	144.985712	0.000074	21.0
1060	-0.448723	144.910771	0.000785	21.9
1061	-0.003248	144.835934	0.000203	25.1
1062	-0.304527	144.761199	0.000918	20.7
1063	-0.000000	144.686567	0.000000	21.1
1064	-0.000000	144.612037	0.000000	22.3
1065	-0.000000	144.537610	0.000000	21.4
1066	-0.105635	144.463285	0.000737	24.2
1067	-0.340181	144.389062	0.001018	27.2
1068	-0.272693	144.314940	0.000986	19.7
1069	-0.130479	144.240920	0.001510	20.6
1070	-0.000000	144.167001	0.000000	23.2
1071	-0.176239	144.093182	0.000872	19.9
1072	-0.005693	144.019465	0.000135	21.0
1073	-0.140012	143.945848	0.000212	21.6
1074	-0.047033	143.872331	0.000806	22.5
1075	-0.029007	143.798914	0.000616	25.1
1076	-0.000000	143.725597	0.000000	27.2
1077	-0.060269	143.652380	0.000795	20.2
1078	-0.000000	143.579262	0.000000	20.7
1079	-0.073080	143.506243	0.000408	22.7
1080	-0.020114	143.433323	0.000274	23.1
1081	-0.294922	143.360502	0.001585	21.0
1082	-0.243777	143.287780	0.000309	21.1
1083	-0.005552	143.215155	0.000304	27.4
1084	-0.000000	143.142629	0.000000	19.7
1085	-0.000123	143.070201	0.000009	21.9
1086	-0.095344	142.997870	0.000602	30.8
1087	-0.266703	142.925637	0.005394	21.4
1088	-0.000000	142.853501	0.000000	22.9
1089	-0.079831	142.781462	0.000201	20.9
1090	-0.011538	142.709519	0.000258	20.8
1091	-0.075022	142.637674	0.000302	21.5
1092	-0.389434	142.565924	0.004738	24.1
1093	-0.432725	142.494271	0.000877	20.5
1094	-0.000000	142.422714	0.000000	21.9
1095	-0.212336	142.351252	0.000578	21.1
1096	-0.117524	142.279886	0.000983	20.6
1097	-0.000000	142.208616	0.000000	21.5
1098	-0.028754	142.137440	0.000561	20.9
1099	-0.000000	142.066360	0.000000	20.7
1100	-0.000000	141.995374	0.000000	20.5
1101	-0.268550	141.924483	0.000561	23.2
1102	-0.000000	141.853685	0.000000	24.0
1103	-0.283483	141.782983	0.001011	21.0
1104	-0.001968	141.712373	0.000030	24.4
1105	-0.000000	141.641858	0.000000	22.5
1106	-0.239523	141.571436	0.000673	23.8
1107	-0.000000	141.501108	0.000000	20.1
1108	-0.000000	141.430872	0.000000	20.9
1109	-0.016175	141.360730	0.000346	20.9
1110	-0.000378	141.290680	0.000034	21.1
1111	-0.101651	141.220722	0.000839	23.0
1112	-0.000000	141.150857	0.000000	24.4
1113	-0.213488	141.081084	0.000918	20.4
1114	-0.092057	141.011403	0.005862	20.7
1115	-0.030204	140.941813	0.003124	23.8
1116	-0.000000	140.872315	0.000000	20.1
1117	-0.082792	140.802909	0.000682	20.8
1118	-0.405709	140.733593	0.001414	21.4
1119	-0.430000	140.664369	0.000771	24.7
1120	-0.045068	140.595235	0.001182	20.7
1121	-0.002532	140.526192	0.000111	22.9
1122	-0.381503	140.457239	0.000868	21.8
1123	-0.000000	140.388376	0.000000	21.4
1124	-0.000000	140.319603	0.000000	26.2
1125	-0.000000	140.250920	0.000000	20.4
1126	-0.160996	140.182326	0.003332	23.1
1127	-0.000000	140.113822	0.000000	21.2
1128	-0.057074	140.045407	0.000334	25.6
1129	-0.010301	139.977081	0.000195	22.2
1130	-0.018806	139.908844	0.000472	24.6
1131	-0.000000	139.840696	0.000000	21.7
1132	-0.235775	139.772635	0.000813	22.9
1133	-0.000000	139.704664	0.000000	26.0
1134	-0.000000	139.636780	0.000000	20.6
1135	-0.234803	139.568984	0.000827	20.5
1136	-0.015102	139.501276	0.000201	21.2
1137	-0.082347	139.433655	0.001401	21.8
1138	-0.000000	139.366122	0.000000	22.3
1139	-0.000000	139.298676	0.000000	25.2
1140	-0.179557	139.231317	0.000531	20.4
1141	-0.000000	139.164045	0.000000	22.9
1142	-0.264080	139.096859	0.000645	23.4
1143	-0.000000	139.029760	0.000000	20.4
1144	-0.058545	138.962747	0.005172	20.9
1145	-0.001439	138.895820	0.000030	20.7
1146	-0.131799	138.828978	0.000623	21.9
1147	-0.098752	138.762223	0.000550	24.9
1148	-0.000000	138.695553	0.000000	25.5
1149	-0.178120	138.628969	0.000886	20.2
1150	-0.002992	138.562469	0.000272	30.2
1151	-0.109212	138.496055	0.000828	19.9
1152	-0.323440	138.429725	0.001474	21.4
1153	-0.000000	138.363481	0.000000	20.7
1154	-0.224238	138.297320	0.001424	20.4
1155	-0.167861	138.231244	0.000793	21.7
1156	-0.261982	138.165252	0.002461	23.7
1157	-0.101378	138.099344	0.001567	24.6
1158	-0.065198	138.033520	0.000450	22.0
1159	-0.176849	137.967779	0.001553	20.8
1160	-0.031352	137.902122	0.000368	22.5
1161	-0.000000	137.836548	0.000000	21.1
1162	-0.002292	137.771057	0.000057	20.7
1163	-0.007386	137.705649	0.000188	21.7
1164	-0.000019	137.640324	0.000010	21.0
1165	-0.060144	137.575081	0.000552	21.4
1166	-0.000000	137.509921	0.000000	26.2
1167	-0.000000	137.444842	0.000000	20.7
1168	-0.000000	137.379846	0.000000	20.5
1169	-0.327563	137.314932	0.000994	20.8
1170	-0.011467	137.250100	0.000228	22.3
1171	-0.000593	137.185349	0.000032	23.1
1172	-0.030926	137.120680	0.000858	20.4
1173	-0.000000	137.056092	0.000000	22.6
1174	-0.000000	136.991585	0.000000	20.9
1175	-0.051517	136.927158	0.000997	28.0
1176	-0.000000	136.862813	0.000000	22.0
1177	-0.066475	136.798548	0.000366	21.0
1178	-0.114833	136.734363	0.000259	22.0
1179	-0.069077	136.670259	0.000353	20.5
1180	-0.134954	136.606235	0.001600	22.5
1181	-0.017396	136.542291	0.000401	21.0
1182	-0.183513	136.478426	0.005108	20.7
1183	-0.121708	136.414641	0.000351	20.6
1184	-0.043869	136.350936	0.000429	20.9
1185	-0.000000	136.287310	0.000000	25.3
1186	-0.038135	136.223763	0.000242	21.6
1187	-0.255463	136.160295	0.000714	22.3
1188	-0.098470	136.096905	0.000830	21.3
1189	-0.159304	136.033594	0.001004	21.3
1190	-0.013580	135.970362	0.000183	22.7
1191	-0.061706	135.907208	0.000531	21.0
1192	-0.019114	135.844133	0.000594	23.2
1193	-0.000000	135.781135	0.000000	21.0
1194	-0.000000	135.718215	0.000000	23.9
1195	-0.072028	135.655373	0.000302	23.8
1196	-0.071084	135.592608	0.004284	21.0
1197	-0.331255	135.529921	0.001142	20.6
1198	-0.016680	135.467311	0.000184	21.0
1199	-0.000000	135.404778	0.000000	27.3
1200	-0.000000	135.342322	0.000000	19.5
1201	-0.199459	135.279942	0.000665	23.1
1202	-0.050386	135.217640	0.000538	23.1
1203	-0.112269	135.155413	0.000805	23.2
1204	-0.114144	135.093263	0.000986	24.5
1205	-0.000000	135.031190	0.000000	20.1
1206	-0.297214	134.969192	0.000972	20.3
1207	-0.031995	134.907270	0.000579	20.4
1208	-0.076976	134.845424	0.000261	22.1
1209	-0.232590	134.783653	0.001006	22.9
1210	-0.009922	134.721958	0.000436	20.3
1211	-0.336266	134.660338	0.001752	23.9
1212	-0.177746	134.598793	0.000905	24.8
1213	-0.000000	134.537323	0.000000	19.6
1214	-0.357928	134.475927	0.001770	20.1
1215	-0.226980	134.414607	0.006348	20.8
1216	-0.158667	134.353361	0.001308	21.1
1217	-0.197287	134.292189	0.000614	26.5
1218	-0.000955	134.231092	0.000030	22.1
1219	-0.000000	134.170068	0.000000	20.5
1220	-0.330589	134.109119	0.001195	21.7
1221	-0.438070	134.048243	0.001594	22.9
1222	-0.117920	133.987441	0.000588	23.8
1223	-0.006569	133.926713	0.000126	20.6
1224	-0.205334	133.866057	0.001911	20.8
1225	-0.231672	133.805475	0.001583	21.1
1226	-0.233024	133.744966	0.001054	21.5
1227	-0.039638	133.684530	0.000478	25.9
1228	-0.272299	133.624167	0.003542	20.3
1229	-0.352389	133.563877	0.001645	25.0
1230	-0.019701	133.503658	0.000213	25.4
1231	-0.234351	133.443513	0.001322	23.5
1232	-0.014041	133.383439	0.000194	20.7
1233	-0.039699	133.323437	0.000167	20.7
1234	-0.008488	133.263508	0.000135	20.4
1235	-0.082906	133.203650	0.000771	24.7
1236	-0.263055	133.143864	0.000959	19.6
1237	-0.059247	133.084149	0.000347	23.6
1238	-0.291716	133.024506	0.005652	21.2
1239	-0.143886	132.964934	0.001323	22.9
1240	-0.057257	132.905433	0.000432	22.4
1241	-0.232640	132.846003	0.001082	22.3
1242	-0.000000	132.786643	0.000000	22.9
1243	-0.469493	132.727355	0.001411	20.8
1244	-0.103832	132.668137	0.000518	21.8
1245	-0.000000	132.608989	0.000000	22.4
1246	-0.063082	132.549912	0.000358	21.2
1247	-0.045603	132.490904	0.000459	21.2
1248	-0.007208	132.431967	0.000080	23.3
1249	-0.088738	132.373100	0.000205	26.7
1250	-0.440506	132.314302	0.000802	21.9
1251	-0.339317	132.255574	0.000493	20.4
1252	-0.147116	132.196916	0.000815	21.0
1253	-0.000000	132.138326	0.000000	22.3
1254	-0.116952	132.079806	0.000777	23.0
1255	-0.317439	132.021355	0.000956	20.7
1256	-0.172527	131.962973	0.000883	26.0
1257	-0.040693	131.904660	0.000377	20.8
1258	-0.000000	131.846415	0.000000	21.8
1259	-0.298079	131.788239	0.001560	21.2
1260	-0.000000	131.730131	0.000000	21.2
1261	-0.000000	131.672092	0.000000	20.6
1262	-0.018892	131.614121	0.000198	24.7
1263	-0.028689	131.556217	0.000381	22.3
1264	-0.000000	131.498382	0.000000	21.0
1265	-0.015988	131.440614	0.000352	21.4
1266	-0.000000	131.382914	0.000000	22.9
1267	-0.037890	131.325282	0.000321	23.2
1268	-0.359041	131.267717	0.000706	25.9
1269	-0.000000	131.210219	0.000000	20.8
1270	-0.042199	131.152788	0.000239	25.0
1271	-0.000000	131.095424	0.000000	22.4
1272	-0.096838	131.038127	0.005141	22.8
1273	-0.011033	130.980897	0.000247	21.0
1274	-0.000000	130.923733	0.000000	21.4
1275	-0.026891	130.866636	0.000104	23.5
1276	-0.206155	130.809605	0.000707	22.7
1277	-0.000000	130.752641	0.000000	21.1
1278	-0.039434	130.695742	0.000372	20.9
1279	-0.243893	130.638910	0.000892	20.7
1280	-0.358435	130.582143	0.000711	27.1
1281	-0.286118	130.525442	0.001046	21.6
1282	-0.274734	130.468807	0.001374	21.2
1283	-0.200621	130.412237	0.000835	23.9
1284	-0.040051	130.355733	0.000096	23.9
1285	-0.001692	130.299294	0.000000	20.8
1286	-0.000161	130.242920	0.000005	20.8
1287	-0.009315	130.186611	0.000143	20.9
1288	-0.045802	130.130366	0.000824	20.9
1289	-0.000000	130.074187	0.000000	23.3
1290	-0.002947	130.018072	0.000123	21.1
1291	-0.054547	129.962022	0.000516	20.8
1292	-0.015890	129.906036	0.000087	21.5
1293	-0.000000	129.850114	0.000000	22.6
1294	-0.173499	129.794257	0.000616	21.5
1295	-0.025714	129.738463	0.002750	22.2
1296	-0.198829	129.682734	0.001066	20.9
1297	-0.043411	129.627068	0.000102	19.2
1298	-0.000000	129.571466	0.000000	24.8
1299	-0.001272	129.515927	0.000000	21.3
1300	-0.018958	129.460452	0.000539	20.4
1301	-0.198112	129.405040	0.000655	26.2
1302	-0.005874	129.349692	0.000038	21.7
1303	-0.000000	129.294406	0.000000	23.7
1304	-0.000000	129.239183	0.000000	21.9
1305	-0.059135	129.184024	0.000731	20.5
1306	-0.032885	129.128927	0.000512	23.1
1307	-0.229195	129.073892	0.000614	21.5
1308	-0.237882	129.018921	0.001193	23.1
1309	-0.000000	128.964011	0.000000	21.0
1310	-0.197862	128.909164	0.000646	21.5
1311	-0.093595	128.854379	0.001223	21.2
1312	-0.000000	128.799656	0.000000	24.1
1313	-0.000000	128.744995	0.000000	21.9
1314	-0.039354	128.690396	0.000346	20.7
1315	-0.039536	128.635858	0.000481	21.8
1316	-0.003322	128.581382	0.000157	24.9
1317	-0.287780	128.526968	0.000561	24.3
1318	-0.233901	128.472615	0.000813	20.7
1319	-0.000086	128.418323	0.000008	21.6
1320	-0.077396	128.364092	0.004955	24.3
1321	-0.000000	128.309922	0.000000	20.3
1322	-0.021789	128.255814	0.000893	22.2
1323	-0.393263	128.201766	0.002292	21.2
1324	-0.000000	128.147778	0.000000	20.4
1325	-0.300503	128.093852	0.000965	24.8
1326	-0.037703	128.039985	0.000700	26.0
1327	-0.000000	127.986180	0.000000	19.6
1328	-0.030490	127.932434	0.000221	25.5
1329	-0.000000	127.878749	0.000000	23.5
1330	-0.270376	127.825123	0.001117	22.9
1331	-0.020364	127.771558	0.000294	21.4
1332	-0.099291	127.718052	0.000243	21.0
1333	-0.174441	127.664606	0.000972	20.8
1334	-0.044985	127.611220	0.000527	21.1
1335	-0.245770	127.557893	0.000812	23.1
1336	-0.285894	127.504625	0.000790	21.0
1337	-0.017945	127.451417	0.000400	22.6
1338	-0.275052	127.398268	0.001903	20.9
1339	-0.000000	127.345178	0.000000	23.1
1340	-0.039965	127.292147	0.000262	20.6
1341	-0.173152	127.239175	0.000817	21.2
1342	-0.000000	127.186261	0.000000	24.2
1343	-0.211510	127.133407	0.001059	20.7
1344	-0.026657	127.080610	0.002116	21.7
1345	-0.245063	127.027872	0.000823	21.7
1346	-0.167708	126.975193	0.002224	25.6
1347	-0.034270	126.922572	0.000528	20.2
1348	-0.167821	126.870008	0.001071	21.0
1349	-0.182885	126.817503	0.000442	21.1
1350	-0.000012	126.765056	0.000047	22.2
1351	-0.000000	126.712667	0.000000	20.9
1352	-0.044553	126.660335	0.000523	23.8
1353	-0.000000	126.608061	0.000000	25.2
1354	-0.000000	126.555844	0.000000	20.0
1355	-0.014082	126.503685	0.000426	24.2
1356	-0.168805	126.451583	0.002882	20.5
1357	-0.028467	126.399538	0.000173	22.2
1358	-0.160779	126.347550	0.000990	25.6
1359	-0.086050	126.295619	0.000449	20.7
1360	-0.141851	126.243745	0.000475	20.8
1361	-0.134611	126.191928	0.000594	21.0
1362	-0.372744	126.140168	0.000823	25.4
1363	-0.003723	126.088464	0.000068	21.2
1364	-0.158263	126.036817	0.000580	27.4
1365	-0.008549	125.985226	0.000140	20.0
1366	-0.401601	125.933691	0.000769	20.7
1367	-0.000000	125.882212	0.000000	21.8
1368	-0.233255	125.830790	0.002263	20.8
1369	-0.231060	125.779423	0.005636	20.6
1370	-0.087547	125.728113	0.000278	26.9
1371	-0.047716	125.676858	0.000505	25.4
1372	-0.328500	125.625659	0.000850	20.7
1373	-0.309851	125.574515	0.000911	25.7
1374	-0.000000	125.523427	0.000000	32.1
1375	-0.029309	125.472394	0.000273	26.2
1376	-0.000000	125.421417	0.000000	19.1
1377	-0.265228	125.370495	0.000698	20.6
1378	-0.051347	125.319628	0.000293	20.4
1379	-0.000000	125.268815	0.000000	23.8
1380	-0.000000	125.218058	0.000000	20.9
1381	-0.000000	125.167356	0.000000	25.7
1382	-0.229368	125.116708	0.000828	21.1
1383	-0.143927	125.066115	0.000368	21.7
1384	-0.036438	125.015576	0.000931	20.7
1385	-0.237706	124.965092	0.000465	23.0
1386	-0.005758	124.914662	0.000052	24.7
1387	-0.000000	124.864287	0.000000	20.8
1388	-0.208683	124.813965	0.001168	20.8
1389	-0.285983	124.763698	0.001292	20.8
1390	-0.142062	124.713485	0.001094	23.0
1391	-0.325420	124.663325	0.000853	26.0
1392	-0.000000	124.613219	0.000000	19.8
1393	-0.001935	124.563167	0.000103	21.2
1394	-0.000000	124.513168	0.000000	20.6
1395	-0.293899	124.463223	0.007779	23.7
1396	-0.007030	124.413332	0.000028	20.9
1397	-0.080808	124.363493	0.000268	20.9
1398	-0.000000	124.313708	0.000000	21.0
1399	-0.000000	124.263976	0.000000	21.3
1400	-0.022827	124.214297	0.000207	25.4
1401	-0.142573	124.164671	0.000593	21.0
1402	-0.000000	124.115097	0.000000	20.8
1403	-0.000000	124.065577	0.000000	21.1
1404	-0.000000	124.016109	0.000000	22.1
1405	-0.376040	123.966693	0.000684	23.3
1406	-0.000000	123.917330	0.000000	20.5
1407	-0.396894	123.868020	0.001473	20.6
1408	-0.181594	123.818762	0.001050	20.8
1409	-0.095831	123.769556	0.000333	25.0
1410	-0.124190	123.720402	0.000844	24.7
1411	-0.000000	123.671300	0.000000	20.5
1412	-0.109217	123.622250	0.000720	21.2
1413	-0.000000	123.573252	0.000000	20.6
1414	-0.000000	123.524305	0.000000	22.4
1415	-0.000000	123.475411	0.000000	25.3
1416	-0.167948	123.426568	0.001080	20.4
1417	-0.002432	123.377776	0.000042	20.9
1418	-0.040687	123.329036	0.005300	27.8
1419	-0.080967	123.280347	0.000460	22.7
1420	-0.448346	123.231709	0.000892	20.3
1421	-0.222122	123.183122	0.001191	20.4
1422	-0.060021	123.134587	0.003476	20.6
1423	-0.024488	123.086102	0.000577	23.5
1424	-0.334628	123.037669	0.001653	20.5
1425	-0.039788	122.989286	0.000490	17.8
1426	-0.091826	122.940954	0.001771	20.6
1427	-0.024912	122.892672	0.000362	21.7
1428	-0.043027	122.844441	0.000280	23.9
1429	-0.038018	122.796261	0.000235	23.3
1430	-0.009677	122.748130	0.000121	20.6
1431	-0.001270	122.700050	0.000091	23.3
1432	-0.085960	122.652021	0.000418	23.1
1433	-0.036109	122.604041	0.000484	20.7
1434	-0.323716	122.556111	0.000403	20.6
1435	-0.000000	122.508232	0.000000	20.4
1436	-0.000000	122.460402	0.000000	23.9
1437	-0.093144	122.412622	0.000806	24.8
1438	-0.016207	122.364891	0.000402	20.6
1439	-0.000000	122.317210	0.000000	20.0
1440	-0.077361	122.269579	0.000481	20.7
1441	-0.003384	122.221997	0.000068	24.4
1442	-0.046210	122.174465	0.000656	21.3
1443	-0.013275	122.126981	0.000260	21.0
1444	-0.059734	122.079547	0.000273	20.6
1445	-0.084104	122.032162	0.000717	25.8
1446	-0.362013	121.984826	0.001118	26.0
1447	-0.107964	121.937539	0.001006	20.8
1448	-0.003906	121.890301	0.000061	21.0
1449	-0.000000	121.843112	0.000000	20.9
1450	-0.000022	121.795971	0.000001	29.0
1451	-0.000000	121.748879	0.000000	20.7
1452	-0.004915	121.701835	0.000088	23.2
1453	-0.252633	121.654840	0.001660	21.1
1454	-0.028579	121.607893	0.000180	27.6
1455	-0.028297	121.560994	0.000610	20.3
1456	-0.009510	121.514144	0.000070	20.8
1457	-0.215213	121.467342	0.001367	20.5
1458	-0.066972	121.420588	0.000720	21.0
1459	-0.024664	121.373882	0.000491	21.4
1460	-0.232061	121.327223	0.001234	29.5
1461	-0.314624	121.280613	0.001028	21.0
1462	-0.046663	121.234050	0.000252	22.7
1463	-0.000000	121.187535	0.000000	23.4
1464	-0.000000	121.141067	0.000000	34.1
1465	-0.003824	121.094647	0.000057	20.3
1466	-0.290578	121.048274	0.001801	20.6
1467	-0.132414	121.001949	0.000956	21.0
1468	-0.316047	120.955671	0.001202	21.7
1469	-0.013335	120.909440	0.000172	23.6
1470	-0.246435	120.863256	0.001160	20.4
1471	-0.006139	120.817119	0.000095	27.5
1472	-0.000000	120.771029	0.000000	25.2
1473	-0.000000	120.724986	0.000000	19.7
1474	-0.000000	120.678990	0.000000	20.6
1475	-0.000000	120.633040	0.000000	21.9
1476	-0.014182	120.587137	0.000133	21.5
1477	-0.369670	120.541281	0.000663	22.4
1478	-0.005931	120.495471	0.000042	20.2
1479	-0.107026	120.449707	0.000763	25.8
1480	-0.341320	120.403990	0.001258	28.0
1481	-0.288102	120.358319	0.001107	24.9
1482	-0.090085	120.312694	0.000924	20.7
1483	-0.003466	120.267115	0.000019	20.8
1484	-0.143408	120.221582	0.003176	20.7
1485	-0.000010	120.176096	0.000000	24.9
1486	-0.076927	120.130655	0.000564	20.8
1487	-0.000000	120.085260	0.000000	20.6
1488	-0.048570	120.039910	0.000592	20.7
1489	-0.000038	119.994606	0.000016	22.0
1490	-0.262165	119.949348	0.001300	24.6
1491	-0.000000	119.904135	0.000000	21.8
1492	-0.000185	119.858968	0.000017	21.0
1493	-0.035896	119.813846	0.000426	21.3
1494	-0.029672	119.768769	0.000121	20.9
1495	-0.212154	119.723738	0.000592	23.5
1496	-0.002735	119.678752	0.000065	21.0
1497	-0.009675	119.633810	0.000081	21.2
1498	-0.034439	119.588914	0.000574	21.5
1499	-0.188739	119.544062	0.000285	24.0
1500	-0.284426	119.499256	0.001113	20.8
1501	-0.404816	119.454494	0.000692	20.8
1502	-0.262871	119.409777	0.000464	21.1
1503	-0.058083	119.365104	0.000508	20.6
1504	-0.179507	119.320476	0.000739	24.4
1505	-0.000000	119.275893	0.000000	21.8
1506	-0.000000	119.231353	0.000000	20.5
1507	-0.000000	119.186859	0.000000	22.8
1508	-0.000000	119.142408	0.000000	22.3
1509	-0.000000	119.098002	0.000000	23.6
1510	-0.000000	119.053639	0.000000	24.2
1511	-0.068883	119.009321	0.001049	20.7
1512	-0.014641	118.965047	0.000262	20.4
1513	-0.261804	118.920816	0.000590	24.1
1514	-0.000000	118.876630	0.000000	22.6
1515	-0.066531	118.832487	0.000714	20.7
1516	-0.127672	118.788388	0.000503	23.4
1517	-0.000000	118.744332	0.000000	20.7
1518	-0.023284	118.700320	0.000263	25.3
1519	-0.306362	118.656352	0.000820	20.6
1520	-0.156668	118.612427	0.000518	20.6
1521	-0.014845	118.568545	0.000269	25.4
1522	-0.104482	118.524706	0.000593	28.1
1523	-0.000000	118.480911	0.000000	18.7
1524	-0.073534	118.437159	0.000734	20.7
1525	-0.000000	118.393450	0.000000	27.1
1526	-0.000000	118.349784	0.000000	19.9
1527	-0.285229	118.306160	0.000960	22.8
1528	-0.053604	118.262580	0.000157	22.5
1529	-0.000000	118.219042	0.000000	21.2
1530	-0.000000	118.175548	0.000000	20.8
1531	-0.000000	118.132095	0.000000	20.8
1532	-0.093077	118.088686	0.000423	21.4
1533	-0.196649	118.045319	0.000397	23.4
1534	-0.043186	118.001994	0.000379	23.0
1535	-0.000000	117.958712	0.000000	23.0
1536	-0.162748	117.915472	0.000492	22.2
1537	-0.092223	117.872274	0.000791	22.0
1538	-0.014679	117.829118	0.000258	21.4
1539	-0.000000	117.786005	0.000000	20.5
1540	-0.129562	117.742933	0.000234	20.9
1541	-0.000000	117.699904	0.000000	26.7
1542	-0.000000	117.656916	0.000000	20.7
1543	-0.000000	117.613971	0.000000	26.7
1544	-0.115395	117.571067	0.000629	23.1
1545	-0.151025	117.528205	0.002183	21.2
1546	-0.321078	117.485384	0.001384	20.4
1547	-0.237868	117.442605	0.000884	23.8
1548	-0.361592	117.399867	0.000581	21.5
1549	-0.000000	117.357171	0.000000	23.3
1550	-0.000000	117.314517	0.000000	20.8
1551	-0.000000	117.271903	0.000000	22.9
1552	-0.017506	117.229331	0.000213	31.4
1553	-0.024550	117.186800	0.000321	20.5
1554	-0.217422	117.144311	0.001373	20.5
1555	-0.087351	117.101862	0.000525	20.9
1556	-0.000000	117.059454	0.000000	21.4
1557	-0.163321	117.017087	0.001414	21.4
1558	-0.195941	116.974762	0.000699	20.9
1559	-0.136128	116.932476	0.000478	20.9
1560	-0.000000	116.890232	0.000000	21.8
1561	-0.077857	116.848028	0.000388	23.7
1562	-0.060971	116.805865	0.000445	20.1
1563	-0.000000	116.763743	0.000000	20.6
1564	-0.225860	116.721661	0.003577	21.0
1565	-0.000000	116.679619	0.000000	21.6
1566	-0.000000	116.637618	0.000000	24.7
1567	-0.061565	116.595657	0.000756	20.6
1568	-0.012823	116.553736	0.000145	20.5
1569	-0.379084	116.511855	0.000636	20.8
1570	-0.000000	116.470015	0.000000	22.1
1571	-0.327982	116.428214	0.001175	24.5
1572	-0.000000	116.386454	0.000000	22.9
1573	-0.104963	116.344733	0.000540	20.6
1574	-0.000047	116.303052	0.000002	23.1
1575	-0.000000	116.261412	0.000000	22.6
1576	-0.171480	116.219810	0.004897	22.3
1577	-0.198640	116.178249	0.000528	20.5
1578	-0.073748	116.136727	0.000690	21.0
1579	-0.000000	116.095245	0.000000	26.8
1580	-0.247657	116.053802	0.000761	20.0
1581	-0.054362	116.012398	0.000554	21.2
1582	-0.142670	115.971034	0.000588	21.3
1583	-0.000000	115.929710	0.000000	21.4
1584	-0.017142	115.888424	0.000063	26.1
1585	-0.000000	115.847178	0.000000	23.9
1586	-0.393767	115.805970	0.000856	20.8
1587	-0.070287	115.764802	0.000895	20.8
1588	-0.000000	115.723673	0.000000	27.1
1589	-0.000000	115.682583	0.000000	20.7
1590	-0.015115	115.641532	0.000301	21.2
1591	-0.085149	115.600519	0.000513	24.5
1592	-0.226485	115.559546	0.001232	25.2
1593	-0.000000	115.518610	0.000000	24.2
1594	-0.382886	115.477714	0.000643	22.1
1595	-0.000000	115.436856	0.000000	20.4
1596	-0.000000	115.396037	0.000000	25.0
1597	-0.037158	115.355256	0.000659	22.5
1598	-0.000000	115.314514	0.000000	20.5
1599	-0.191286	115.273810	0.001198	21.3
1600	-0.000000	115.233144	0.000000	20.3
1601	-0.273306	115.192517	0.000733	21.8
1602	-0.000130	115.151927	0.000010	21.3
1603	-0.126468	115.111376	0.000672	20.9
1604	-0.015561	115.070863	0.000864	20.9
1605	-0.000563	115.030388	0.000098	21.8
1606	-0.000000	114.989951	0.000001	25.5
1607	-0.014082	114.949551	0.000085	22.4
1608	-0.000000	114.909190	0.000000	20.7
1609	-0.250467	114.868866	0.004340	20.8
1610	-0.063169	114.828580	0.001886	28.6
1611	-0.000000	114.788332	0.000000	19.2
1612	-0.000000	114.748121	0.000000	20.3
1613	-0.000000	114.707948	0.000000	20.7
1614	-0.041255	114.667812	0.000644	21.5
1615	-0.186373	114.627714	0.001369	28.2
1616	-0.147815	114.587653	0.005886	21.5
1617	-0.015052	114.547629	0.000173	20.9
1618	-0.000915	114.507643	0.000000	23.1
1619	-0.096008	114.467693	0.000476	22.4
1620	-0.010466	114.427781	0.000086	20.5
1621	-0.101409	114.387907	0.000450	20.8
1622	-0.000000	114.348069	0.000000	20.7
1623	-0.000000	114.308268	0.000000	23.1
1624	-0.000000	114.268504	0.000000	21.5
1625	-0.000000	114.228777	0.000000	22.9
1626	-0.044885	114.189086	0.000347	21.2
1627	-0.007999	114.149433	0.000086	21.1
1628	-0.130127	114.109816	0.000502	26.8
1629	-0.030117	114.070235	0.000156	20.6
1630	-0.000000	114.030692	0.000000	22.9
1631	-0.027977	113.991185	0.000212	20.9
1632	-0.062941	113.951714	0.000440	27.0
1633	-0.041896	113.912280	0.000415	26.7
1634	-0.023371	113.872882	0.000396	22.1
1635	-0.015916	113.833521	0.000229	18.2
1636	-0.020942	113.794195	0.000306	21.9
1637	-0.000000	113.754906	0.000000	22.5
1638	-0.008090	113.715653	0.000159	22.8
1639	-0.337299	113.676437	0.000845	20.8
1640	-0.038792	113.637256	0.000722	21.4
1641	-0.000000	113.598111	0.000000	23.0
1642	-0.015108	113.559002	0.000320	31.0
1643	-0.017843	113.519929	0.000541	18.2
1644	-0.011738	113.480892	0.000366	21.8
1645	-0.172191	113.441891	0.000711	22.2
1646	-0.186497	113.402925	0.004679	22.7
1647	-0.000000	113.363995	0.000000	21.8
1648	-0.083206	113.325101	0.000251	21.2
1649	-0.464799	113.286242	0.001223	20.7
1650	-0.006968	113.247419	0.000198	22.8
1651	-0.438616	113.208631	0.001011	22.7
1652	-0.329148	113.169879	0.006060	22.3
1653	-0.010333	113.131162	0.000192	22.4
1654	-0.107729	113.092480	0.000678	20.6
1655	-0.009607	113.053833	0.000092	22.6
1656	-0.002480	113.015222	0.000042	21.7
1657	-0.104310	112.976646	0.005788	20.7
1658	-0.025215	112.938105	0.000098	22.2
1659	-0.204618	112.899599	0.002015	21.6
1660	-0.012748	112.861128	0.000186	32.8
1661	-0.011356	112.822692	0.000284	21.6
1662	-0.166173	112.784291	0.000717	17.8
1663	-0.051473	112.745924	0.000462	22.3
1664	-0.000000	112.707593	0.000000	22.8
1665	-0.000000	112.669296	0.000000	20.6
1666	-0.000000	112.631034	0.000000	23.5
1667	-0.000000	112.592806	0.000000	23.4
1668	-0.000000	112.554613	0.000000	25.9
1669	-0.177378	112.516455	0.001076	21.2
1670	-0.254546	112.478331	0.001265	20.6
1671	-0.422345	112.440241	0.000615	21.1
1672	-0.033107	112.402186	0.000421	22.0
1673	-0.265589	112.364165	0.000998	23.1
1674	-0.071719	112.326179	0.000517	20.5
1675	-0.082595	112.288227	0.000893	20.6
1676	-0.025977	112.250309	0.000460	22.4
1677	-0.000000	112.212425	0.000000	21.6
1678	-0.000000	112.174575	0.000000	30.5
1679	-0.000000	112.136759	0.000000	20.6
1680	-0.046855	112.098977	0.000406	22.7
1681	-0.103491	112.061229	0.000525	21.2
1682	-0.000000	112.023515	0.000000	23.2
1683	-0.193335	111.985834	0.000661	20.6
1684	-0.000000	111.948188	0.000000	21.6
1685	-0.313341	111.910575	0.000866	20.8
1686	-0.055284	111.872996	0.000101	23.0
1687	-0.206324	111.835450	0.000767	28.3
1688	-0.000000	111.797939	0.000000	20.6
1689	-0.050591	111.760460	0.000963	25.9
1690	-0.006761	111.723015	0.000088	22.1
1691	-0.150409	111.685604	0.000988	22.4
1692	-0.000000	111.648226	0.000000	20.5
1693	-0.013828	111.610881	0.000141	21.0
1694	-0.004005	111.573570	0.000033	25.0
1695	-0.067658	111.536292	0.000488	26.2
1696	-0.014415	111.499047	0.000122	20.6
1697	-0.000000	111.461835	0.000000	20.8
1698	-0.057615	111.424656	0.000236	20.9
1699	-0.002813	111.387510	0.000051	23.0
1700	-0.001791	111.350398	0.000053	20.8
1701	-0.005659	111.313318	0.000203	20.6
1702	-0.000000	111.276271	0.000000	21.1
1703	-0.032438	111.239257	0.000317	22.0
1704	-0.007532	111.202276	0.000099	21.2
1705	-0.225492	111.165328	0.002424	23.4
1706	-0.018972	111.128412	0.000396	19.8
1707	-0.000000	111.091529	0.000000	21.2
1708	-0.154789	111.054679	0.000469	21.4
1709	-0.044716	111.017861	0.000562	23.0
1710	-0.383195	110.981076	0.000694	20.7
1711	-0.401557	110.944323	0.001197	20.8
1712	-0.026897	110.907603	0.000507	21.1
1713	-0.000000	110.870915	0.000000	22.0
1714	-0.300172	110.834259	0.000523	21.7
1715	-0.331544	110.797636	0.001213	24.0
1716	-0.177454	110.761045	0.007010	21.3
1717	-0.368143	110.724486	0.001072	21.0
1718	-0.022613	110.687959	0.000374	21.7
1719	-0.000000	110.651465	0.000000	21.7
1720	-0.025312	110.615002	0.000453	21.0
1721	-0.000000	110.578572	0.000000	20.4
1722	-0.010686	110.542173	0.000170	22.3
1723	-0.000000	110.505807	0.000000	27.1
1724	-0.130765	110.469472	0.000984	20.8
1725	-0.150585	110.433169	0.000628	20.9
1726	-0.001997	110.396898	0.000093	22.6
1727	-0.174453	110.360659	0.000510	23.7
1728	-0.058902	110.324451	0.000423	21.0
1729	-0.000000	110.288276	0.000000	20.5
1730	-0.000000	110.252131	0.000000	22.5
1731	-0.398068	110.216019	0.000934	23.6
1732	-0.000000	110.179937	0.000000	20.3
1733	-0.009507	110.143888	0.000038	23.2
1734	-0.152186	110.107869	0.001584	20.7
1735	-0.108952	110.071882	0.001415	20.8
1736	-0.000000	110.035927	0.000000	26.5
1737	-0.026458	110.000003	0.000082	20.3
1738	-0.017687	109.964110	0.000116	20.9
1739	-0.382060	109.928248	0.000816	22.6
1740	-0.088108	109.892417	0.000626	23.7
1741	-0.308579	109.856618	0.001590	21.8
1742	-0.058891	109.820850	0.000924	24.9
1743	-0.070616	109.785112	0.000705	20.8
1744	-0.059155	109.749406	0.000803	23.1
1745	-0.004745	109.713730	0.000082	24.0
1746	-0.000000	109.678086	0.000000	21.0
1747	-0.029968	109.642472	0.000215	20.8
1748	-0.016154	109.606890	0.000313	20.6
1749	-0.002154	109.571337	0.000023	23.8
1750	-0.018899	109.535816	0.000082	21.7
1751	-0.351111	109.500326	0.000898	22.9
1752	-0.173457	109.464866	0.005528	21.6
1753	-0.331469	109.429436	0.000530	20.6
1754	-0.131425	109.394038	0.000634	22.8
1755	-0.363396	109.358669	0.000516	21.9
1756	-0.000000	109.323331	0.000000	21.0
1757	-0.000000	109.288024	0.000000	20.6
1758	-0.321267	109.252747	0.000663	22.7
1759	-0.186330	109.217501	0.000898	27.9
1760	-0.020882	109.182284	0.000310	23.7
1761	-0.293615	109.147098	0.001031	20.8
1762	-0.020389	109.111942	0.000242	20.7
1763	-0.242121	109.076817	0.000862	22.8
1764	-0.017944	109.041721	0.000140	21.6
1765	-0.000883	109.006656	0.000081	20.4
1766	-0.011100	108.971620	0.000296	20.5
1767	-0.000000	108.936615	0.000000	20.3
1768	-0.186987	108.901640	0.000919	22.9
1769	-0.009754	108.866694	0.000084	29.4
1770	-0.041680	108.831779	0.000442	20.6
1771	-0.065094	108.796893	0.000279	21.0
1772	-0.000000	108.762037	0.000000	24.6
1773	-0.008838	108.727211	0.000121	24.0
1774	-0.000000	108.692415	0.000000	20.5
1775	-0.320011	108.657648	0.001016	21.0
1776	-0.150318	108.622911	0.000985	21.1
1777	-0.373764	108.588203	0.000958	25.1
1778	-0.000000	108.553525	0.000000	24.0
1779	-0.219990	108.518877	0.006052	22.7
1780	-0.176450	108.484258	0.000380	20.4
1781	-0.193227	108.449668	0.001058	23.7
1782	-0.000000	108.415108	0.000000	20.8
1783	-0.000000	108.380578	0.000000	20.8
1784	-0.005580	108.346076	0.000080	20.5
1785	-0.350874	108.311604	0.000932	20.7
1786	-0.410991	108.277161	0.000883	22.5
1787	-0.000000	108.242747	0.000000	25.1
1788	-0.000000	108.208363	0.000000	20.7
1789	-0.233765	108.174007	0.000816	22.3
1790	-0.023020	108.139681	0.000059	22.9
1791	-0.188351	108.105383	0.001189	25.2
1792	-0.000167	108.071115	0.000000	19.7
1793	-0.312661	108.036875	0.001643	20.6
1794	-0.000003	108.002665	0.000005	20.3
1795	-0.075841	107.968483	0.000445	21.7
1796	-0.366575	107.934330	0.000793	28.5
1797	-0.000000	107.900206	0.000000	21.0
1798	-0.060481	107.866111	0.000433	20.8
1799	-0.001600	107.832044	0.000023	20.8
1800	-0.130526	107.798007	0.000405	21.1
1801	-0.082901	107.763997	0.001085	22.0
1802	-0.348678	107.730017	0.000929	23.5
1803	-0.089753	107.696065	0.001505	20.7
1804	-0.000000	107.662141	0.000000	20.9
1805	-0.031118	107.628246	0.000223	25.2
1806	-0.240181	107.594379	0.000910	21.8
1807	-0.208332	107.560541	0.000804	22.0
1808	-0.000000	107.526731	0.000000	20.3
1809	-0.013355	107.492949	0.000006	20.9
1810	-0.000000	107.459196	0.000000	20.5
1811	-0.000000	107.425471	0.000000	26.9
1812	-0.040025	107.391774	0.000499	20.9
1813	-0.000000	107.358106	0.000000	20.8
1814	-0.176531	107.324465	0.007872	22.8
1815	-0.206388	107.290853	0.000867	25.0
1816	-0.161072	107.257268	0.000655	25.9
1817	-0.000000	107.223712	0.000000	22.3
1818	-0.208755	107.190184	0.000530	22.8
1819	-0.000000	107.156683	0.000000	20.5
1820	-0.298169	107.123211	0.001482	25.9
1821	-0.000000	107.089766	0.000000	20.6
1822	-0.000000	107.056349	0.000000	21.1
1823	-0.000001	107.022960	0.000003	21.9
1824	-0.354577	106.989599	0.001826	25.7
1825	-0.392974	106.956265	0.000814	21.4
1826	-0.078309	106.922960	0.000832	20.7
1827	-0.143967	106.889681	0.000804	22.0
1828	-0.000000	106.856431	0.000000	20.4
1829	-0.127216	106.823208	0.000721	21.8
1830	-0.000000	106.790012	0.000000	22.7
1831	-0.189863	106.756844	0.001644	20.5
1832	-0.036307	106.723703	0.000338	25.0
1833	-0.002799	106.690590	0.000136	24.3
1834	-0.061388	106.657505	0.000636	21.5
1835	-0.050550	106.624446	0.000325	20.9
1836	-0.039439	106.591415	0.000645	21.3
1837	-0.000000	106.558411	0.000000	20.7
1838	-0.191229	106.525435	0.000769	22.0
1839	-0.035719	106.492485	0.000400	23.2
1840	-0.061564	106.459563	0.000322	20.4
1841	-0.000000	106.426668	0.000000	26.1
1842	-0.000000	106.393800	0.000000	27.7
1843	-0.000000	106.360959	0.000000	18.4
1844	-0.017614	106.328145	0.000120	21.7
1845	-0.000000	106.295358	0.000000	19.9
1846	-0.000000	106.262598	0.000000	20.3
1847	-0.000000	106.229865	0.000000	21.5
1848	-0.000000	106.197158	0.000000	23.0
1849	-0.118429	106.164479	0.000367	20.6
1850	-0.011417	106.131826	0.002083	23.4
1851	-0.005799	106.099201	0.000071	20.7
1852	-0.054883	106.066602	0.000235	21.9
1853	-0.222845	106.034029	0.000581	22.3
1854	-0.221509	106.001483	0.000900	25.9
1855	-0.222392	105.968964	0.000388	24.3
1856	-0.000000	105.936472	0.000000	23.0
1857	-0.000000	105.904006	0.000000	22.7
1858	-0.002155	105.871566	0.000089	21.3
1859	-0.000000	105.839153	0.000000	23.0
1860	-0.000000	105.806767	0.000000	21.3
1861	-0.052865	105.774407	0.000368	23.0
1862	-0.166595	105.742073	0.008079	24.0
1863	-0.065614	105.709766	0.000772	20.3
1864	-0.000000	105.677485	0.000000	20.7
1865	-0.003386	105.645230	0.000128	22.9
1866	-0.000000	105.613001	0.000000	22.9
1867	-0.157582	105.580799	0.000830	20.9
1868	-0.290958	105.548623	0.000870	21.5
1869	-0.167509	105.516473	0.000805	21.6
1870	-0.200061	105.484349	0.000472	21.7
1871	-0.358954	105.452251	0.001450	22.5
1872	-0.000000	105.420179	0.000000	21.3
1873	-0.041498	105.388133	0.000507	21.6
1874	-0.031324	105.356113	0.000423	24.0
1875	-0.000000	105.324119	0.000000	20.9
1876	-0.116736	105.292151	0.001779	20.5
1877	-0.000000	105.260209	0.000000	23.9
1878	-0.298534	105.228293	0.001123	19.5
1879	-0.035369	105.196402	0.000387	23.5
1880	-0.114323	105.164537	0.001797	20.4
1881	-0.209361	105.132698	0.000996	20.8
1882	-0.125966	105.100885	0.000604	23.0
1883	-0.000000	105.069097	0.000000	24.0
1884	-0.076049	105.037335	0.000779	31.0
1885	-0.108476	105.005598	0.000900	21.6
1886	-0.273409	104.973887	0.000882	22.4
1887	-0.000000	104.942202	0.000000	27.5
1888	-0.203986	104.910542	0.000573	19.5
1889	-0.000000	104.878907	0.000000	20.7
1890	-0.000000	104.847298	0.000000	20.5
1891	-0.000000	104.815715	0.000000	20.4
1892	-0.090868	104.784156	0.000433	22.8
1893	-0.338923	104.752623	0.001664	21.0
1894	-0.232295	104.721116	0.001343	21.1
1895	-0.120200	104.689633	0.000334	26.8
1896	-0.016434	104.658176	0.000296	21.0
1897	-0.000001	104.626744	0.000001	26.6
1898	-0.000000	104.595337	0.000000	19.9
1899	-0.204263	104.563955	0.006499	21.9
1900	-0.003966	104.532599	0.000138	20.7
1901	-0.021356	104.501267	0.000356	21.7
1902	-0.000000	104.469960	0.000000	23.5
1903	-0.000000	104.438679	0.000000	20.9
1904	-0.000000	104.407422	0.000000	22.7
1905	-0.406797	104.376191	0.002858	20.6
1906	-0.283417	104.344984	0.001430	26.0
1907	-0.039237	104.313802	0.000590	25.6
1908	-0.344085	104.282645	0.000972	22.1
1909	-0.081465	104.251513	0.000554	28.4
1910	-0.016617	104.220405	0.000130	19.6
1911	-0.000000	104.189323	0.000000	23.3
1912	-0.000000	104.158265	0.000000	21.0
1913	-0.000000	104.127231	0.000000	23.3
1914	-0.087179	104.096222	0.000210	21.4
1915	-0.033206	104.065238	0.000487	22.7
1916	-0.113986	104.034279	0.000593	20.7
1917	-0.084574	104.003344	0.000318	21.1
1918	-0.000000	103.972433	0.000000	20.2
1919	-0.027004	103.941547	0.000146	20.7
1920	-0.000000	103.910686	0.000000	21.5
1921	-0.000000	103.879849	0.000000	21.6
1922	-0.001617	103.849036	0.000104	23.4
1923	-0.000000	103.818248	0.000000	21.9
1924	-0.325434	103.787484	0.001135	26.6
1925	-0.001936	103.756744	0.000007	20.9
1926	-0.065967	103.726029	0.000717	20.7
1927	-0.086726	103.695338	0.000219	20.9
1928	-0.000000	103.664671	0.000000	21.6
1929	-0.111882	103.634028	0.000707	22.7
1930	-0.031209	103.603409	0.000559	24.7
1931	-0.011794	103.572814	0.000267	25.2
1932	-0.284056	103.542244	0.001287	19.7
1933	-0.329301	103.511698	0.001324	22.1
1934	-0.002289	103.481175	0.000050	20.4
1935	-0.025209	103.450677	0.000079	21.2
1936	-0.168374	103.420202	0.000720	23.2
1937	-0.047944	103.389752	0.001979	22.0
1938	-0.234884	103.359325	0.000544	23.6
1939	-0.000000	103.328922	0.000000	30.1
1940	-0.132998	103.298543	0.000922	18.5
1941	-0.084586	103.268188	0.000170	21.2
1942	-0.000415	103.237857	0.000050	22.0
1943	-0.288349	103.207549	0.000725	21.8
1944	-0.002527	103.177265	0.000054	22.3
1945	-0.001240	103.147005	0.000063	22.3
1946	-0.000000	103.116768	0.000000	20.4
1947	-0.294041	103.086556	0.000782	22.5
1948	-0.016812	103.056366	0.000348	21.5
1949	-0.002304	103.026200	0.000115	23.4
1950	-0.186577	102.996058	0.005108	21.1
1951	-0.027887	102.965939	0.000487	23.0
1952	-0.047785	102.935844	0.000424	21.2
1953	-0.067930	102.905772	0.000693	28.3
1954	-0.005407	102.875724	0.000113	22.0
1955	-0.019444	102.845699	0.000133	20.5
1956	-0.000127	102.815697	0.000023	20.6
1957	-0.000000	102.785719	0.000000	32.6
1958	-0.145912	102.755764	0.000962	18.7
1959	-0.292137	102.725832	0.000786	20.8
1960	-0.000000	102.695924	0.000000	20.5
1961	-0.220306	102.666038	0.001104	21.5
1962	-0.098092	102.636176	0.003085	22.9
1963	-0.203584	102.606337	0.001175	21.2
1964	-0.017979	102.576521	0.000287	22.1
1965	-0.000000	102.546728	0.000000	22.4
1966	-0.108659	102.516959	0.000331	23.8
1967	-0.007241	102.487212	0.000318	25.5
1968	-0.077894	102.457488	0.000555	20.4
1969	-0.051325	102.427788	0.000628	20.6
1970	-0.319494	102.398110	0.000702	26.3
1971	-0.022008	102.368455	0.000471	21.3
1972	-0.023870	102.338823	0.000418	25.0
1973	-0.000000	102.309214	0.000000	20.5
1974	-0.321396	102.279628	0.001456	21.3
1975	-0.071864	102.250064	0.000339	22.4
1976	-0.001475	102.220524	0.000008	23.4
1977	-0.000000	102.191006	0.000000	20.5
1978	-0.013715	102.161511	0.000332	20.9
1979	-0.319641	102.132038	0.001178	20.6
1980	-0.040985	102.102588	0.000663	23.7
1981	-0.000000	102.073161	0.000000	21.1
1982	-0.242380	102.043757	0.000888	21.1
1983	-0.000000	102.014375	0.000000	20.8
1984	-0.261402	101.985015	0.002816	25.8
1985	-0.170672	101.955678	0.000525	26.5
1986	-0.000000	101.926364	0.000000	20.3
1987	-0.022724	101.897072	0.000464	20.7
1988	-0.049463	101.867802	0.000182	26.6
1989	-0.000000	101.838555	0.000000	21.4
1990	-0.024732	101.809330	0.000327	22.7
1991	-0.373353	101.780128	0.001583	20.6
1992	-0.291914	101.750948	0.000820	21.0
1993	-0.000450	101.721790	0.000007	21.3
1994	-0.000000	101.692654	0.000000	24.8
1995	-0.065931	101.663541	0.000284	26.4
1996	-0.020279	101.634450	0.000364	20.7
1997	-0.002190	101.605381	0.000028	26.3
1998	-0.015231	101.576335	0.000398	22.4
1999	-0.000000	101.547310	0.000000	22.9
