1:ItNr	2:Metric	3a:Time	3b:StepSize	4:||Gradient||	Time[ms]
0	-0.553190	0.000000	744.028544	0.003117	2056.2
1	-0.548693	0.000000	744.028544	0.009070	9.7
2	-0.507187	1.000000	710.209064	0.009176	5.9
3	-0.565615	2.000000	679.330409	0.007150	11.3
4	-0.549651	3.000000	651.024976	0.005480	10.7
5	-0.559926	4.000000	624.983977	0.006879	6.6
6	-0.508989	4.999993	600.946296	0.006227	10.7
7	-0.554693	5.999993	578.689020	0.002315	6.3
8	-0.573544	6.100360	576.545819	0.005932	6.4
9	-0.551561	5.781467	583.410895	0.005775	11.3
10	-0.555271	6.781467	562.410891	0.003181	7.2
11	-0.554954	7.781466	542.870177	0.006693	8.0
12	-0.536052	8.781466	524.641720	0.006190	7.9
13	-0.532096	9.781466	507.597642	0.008920	6.2
14	-0.540987	10.781466	491.626143	0.003089	9.8
15	-0.538079	11.781466	476.629067	0.006884	5.4
16	-0.566038	12.687205	463.814063	0.005622	10.5
17	-0.531862	13.687205	450.442733	0.004930	6.3
18	-0.543384	14.687205	437.820766	0.003546	12.5
19	-0.553492	14.366541	441.790438	0.006084	10.7
20	-0.535415	15.366541	429.642171	0.005395	10.5
21	-0.566628	16.366541	418.144126	0.003705	6.9
22	-0.574436	17.366541	407.245460	0.005330	5.8
23	-0.552363	18.366540	396.900495	0.001958	9.0
24	-0.528529	19.363425	387.097963	0.004713	5.9
25	-0.562843	19.872326	382.278204	0.002353	10.3
26	-0.551907	19.557823	385.242552	0.004529	2.7
27	-0.568560	19.405691	386.693038	0.003345	10.2
28	-0.536315	20.093639	380.219412	0.002305	5.3
29	-0.555667	19.773120	383.208339	0.003741	5.8
30	-0.546253	20.150563	379.693457	0.001506	6.1
31	-0.570006	20.583475	375.740591	0.004500	11.3
32	-0.538194	20.277917	378.521997	0.006922	5.5
33	-0.546173	21.277917	369.568812	0.004017	11.4
34	-0.534704	22.277917	361.029380	0.002903	6.0
35	-0.547274	21.957785	363.719856	0.006965	11.1
36	-0.542370	22.957655	355.446606	0.004414	6.7
37	-0.550478	23.957655	347.540353	0.003440	6.3
38	-0.568299	24.957630	339.978357	0.006065	6.5
39	-0.545272	25.941511	332.852499	0.006528	5.9
40	-0.518262	26.941511	325.909612	0.004236	15.0
41	-0.541643	26.637163	327.991814	0.004435	7.6
42	-0.550891	27.627726	321.310507	0.006940	11.5
43	-0.556817	27.307074	323.443302	0.003198	12.1
44	-0.580677	28.307074	316.883528	0.004108	7.0
45	-0.566517	29.307068	310.584576	0.003511	8.3
46	-0.562775	30.306175	304.536432	0.003499	8.0
47	-0.538499	29.985615	306.451132	0.005098	6.1
48	-0.543976	30.979979	300.588798	0.003509	10.5
49	-0.544473	31.979979	294.915168	0.008211	1.5
50	-0.560518	32.979979	289.451751	0.004523	5.9
51	-0.568812	33.979979	284.187075	0.007057	11.0
52	-0.545525	33.659314	285.854292	0.005439	5.7
53	-0.572556	34.659314	280.718506	0.004821	6.1
54	-0.527365	35.047461	278.774438	0.003723	11.2
55	-0.520372	34.726796	280.378572	0.003320	8.6
56	-0.567100	35.726795	275.435964	0.005242	7.7
57	-0.531985	35.406136	277.001768	0.004836	8.2
58	-0.540164	35.085787	278.583938	0.004197	11.3
59	-0.558539	34.781205	280.105089	0.002119	6.1
60	-0.547289	34.466174	281.696002	0.004203	10.5
61	-0.538744	35.447588	276.798351	0.005734	6.3
62	-0.548484	35.126923	278.379760	0.003238	5.1
63	-0.541052	36.123819	273.521617	0.001965	5.0
64	-0.554889	35.835240	274.910417	0.004361	5.0
65	-0.544133	35.519734	276.445027	0.006929	10.3
66	-0.499659	36.519734	271.638937	0.003656	5.6
67	-0.545757	37.519734	266.997102	0.002214	6.2
68	-0.555975	38.518228	262.517886	0.005603	10.9
69	-0.540820	38.216913	263.853661	0.004595	10.0
70	-0.582740	39.178851	259.636052	0.005846	7.9
71	-0.574732	38.858186	261.026944	0.003195	8.0
72	-0.546381	38.586312	262.217929	0.002898	11.9
73	-0.546355	39.112507	259.922606	0.003172	6.6
74	-0.532690	38.801346	261.275048	0.003491	11.3
75	-0.542398	38.480937	262.682468	0.006814	10.2
76	-0.556348	38.160278	264.106254	0.006411	6.5
77	-0.519999	37.851665	265.491203	0.002378	11.9
78	-0.550463	37.531000	266.945710	0.002563	6.3
79	-0.564646	37.246232	268.250821	0.002744	12.1
80	-0.558082	36.961465	269.568745	0.004780	11.4
81	-0.607845	36.689316	270.840436	0.004025	11.4
82	-0.539575	36.368650	272.354313	0.004762	1.5
83	-0.549157	37.212299	268.407186	0.003962	11.2
84	-0.522809	38.212299	263.874222	0.006088	6.9
85	-0.556084	39.211614	259.494777	0.002135	6.3
86	-0.550500	38.891007	260.883898	0.003529	7.5
87	-0.568229	39.887956	256.612314	0.003661	7.6
88	-0.546229	39.567332	257.970740	0.004001	5.8
89	-0.546635	40.567265	253.780958	0.003367	5.9
90	-0.550450	41.564765	249.734807	0.007724	10.8
91	-0.556265	42.564765	245.805982	0.007219	11.7
92	-0.557668	43.564765	241.998859	0.003378	4.9
93	-0.533598	44.408868	238.875857	0.003016	10.6
94	-0.552708	44.119092	239.938841	0.003028	7.4
95	-0.545170	44.174763	239.733889	0.003238	10.8
96	-0.556397	45.169571	236.129676	0.002830	5.9
97	-0.550189	44.848919	237.279514	0.002112	6.1
98	-0.574435	45.050325	236.555979	0.005979	10.5
99	-0.524580	44.781775	237.521707	0.004203	15.4
100	-0.568317	44.465103	238.670659	0.006414	7.4
101	-0.531544	45.464870	235.080568	0.003783	11.4
102	-0.527590	45.144210	236.220212	0.003450	9.5
103	-0.563986	45.040552	236.590986	0.003268	5.7
104	-0.538633	46.040512	233.062054	0.005673	10.0
105	-0.547167	47.040512	229.636711	0.002737	7.7
106	-0.557088	46.719848	230.724078	0.006219	5.8
107	-0.548921	46.399186	231.821783	0.005958	6.6
108	-0.545336	47.399186	228.432536	0.002748	11.4
109	-0.563578	48.399082	225.141297	0.004018	9.5
110	-0.552933	48.078773	226.185250	0.003427	11.4
111	-0.557954	49.078674	222.957977	0.002938	11.4
112	-0.557901	50.076303	219.828531	0.007253	7.2
113	-0.551027	50.765254	217.718166	0.004694	6.1
114	-0.530102	51.765254	214.726104	0.005630	11.2
115	-0.546117	52.765254	211.815165	0.003844	10.8
116	-0.557802	53.765254	208.982096	0.009240	4.1
117	-0.542641	53.444589	209.882272	0.002008	7.8
118	-0.538976	54.401307	207.219212	0.005927	4.6
119	-0.549755	55.179586	205.102182	0.003282	6.3
120	-0.552619	56.160033	202.496017	0.004018	5.3
121	-0.545014	57.154046	199.920544	0.004682	6.6
122	-0.551967	58.154024	197.394885	0.003553	13.3
123	-0.542368	59.154016	194.932210	0.003484	10.4
124	-0.561481	60.151335	192.536567	0.003459	1.6
125	-0.548086	59.830883	193.299872	0.005347	16.4
126	-0.559342	60.830883	190.937685	0.004856	6.6
127	-0.544112	61.830883	188.632534	0.004754	5.9
128	-0.551518	62.829437	186.385593	0.003723	6.0
129	-0.564366	63.826812	184.194114	0.004041	6.0
130	-0.547317	64.826810	182.048004	0.003740	11.3
131	-0.525400	65.815402	179.974970	0.003776	7.2
132	-0.541000	66.724888	178.109083	0.004744	12.8
133	-0.552630	66.515142	178.535955	0.004285	5.9
134	-0.542726	67.515142	176.518945	0.004651	7.9
135	-0.553179	68.514357	174.548530	0.004997	6.7
136	-0.557205	68.492086	174.591968	0.004790	6.2
137	-0.536546	68.171421	175.219810	0.004079	11.3
138	-0.536440	69.171327	173.276804	0.003466	7.3
139	-0.559369	68.901529	173.796815	0.004533	7.2
140	-0.551626	69.797367	172.082076	0.002754	6.0
141	-0.570661	70.797354	170.207514	0.003200	11.7
142	-0.538025	70.482234	170.793810	0.006544	10.9
143	-0.536635	71.482234	168.947036	0.003781	6.0
144	-0.540856	72.440706	167.214056	0.006814	11.3
145	-0.543041	72.120041	167.789869	0.003982	9.7
146	-0.541166	73.120032	166.007162	0.004808	6.4
147	-0.542384	72.799367	166.574678	0.006175	6.1
148	-0.548164	73.799367	164.817550	0.003252	10.4
149	-0.562874	74.799301	163.097218	0.004127	5.8
150	-0.543844	74.479813	163.642962	0.004848	6.2
151	-0.539553	74.910761	162.907678	0.003089	6.3
152	-0.577146	75.910761	161.226672	0.004614	6.3
153	-0.544177	76.910760	159.580004	0.002514	11.9
154	-0.560443	76.627136	160.043611	0.004436	8.4
155	-0.572282	76.602506	160.083999	0.004905	10.1
156	-0.542733	76.281870	160.611627	0.005160	10.6
157	-0.574080	77.281870	158.977433	0.005850	11.7
158	-0.541246	76.964457	159.492533	0.004494	6.8
159	-0.539979	77.964437	157.880951	0.004739	6.4
160	-0.542349	77.643806	158.394125	0.002674	11.8
161	-0.554072	77.328203	158.902522	0.005914	4.5
162	-0.544881	77.523363	158.587760	0.003821	8.5
163	-0.555853	77.203065	159.105007	0.005177	6.0
164	-0.525904	76.882401	159.626238	0.003888	14.1
165	-0.557658	77.822638	158.107492	0.004093	8.7
166	-0.572463	77.524290	158.586267	0.003385	8.1
167	-0.530943	78.059849	157.728883	0.003439	12.3
168	-0.556709	79.059842	156.152549	0.004238	9.1
169	-0.549499	78.742237	156.649780	0.006350	7.1
170	-0.528826	78.421572	157.155024	0.005565	8.6
171	-0.531851	79.421572	155.590071	0.002899	8.0
172	-0.533122	79.100906	156.088491	0.004515	12.0
173	-0.549522	80.092147	154.557994	0.002877	6.8
174	-0.538627	79.824843	154.967753	0.007246	8.9
175	-0.541852	79.504179	155.462186	0.002150	6.4
176	-0.565717	80.504173	153.930611	0.004490	11.3
177	-0.555031	81.466549	152.484880	0.004319	5.7
178	-0.538625	82.407950	151.096694	0.004582	5.9
179	-0.567185	82.418662	151.081043	0.007383	11.9
180	-0.544859	83.418662	149.634166	0.005418	7.1
181	-0.556672	83.097997	150.095101	0.003306	6.3
182	-0.558542	82.777333	150.558884	0.003992	6.2
183	-0.505506	83.777207	149.122121	0.002811	10.4
184	-0.559729	84.764219	147.730486	0.005170	7.7
185	-0.563552	84.557378	148.019965	0.007158	11.0
186	-0.563935	85.557378	146.630855	0.006831	11.7
187	-0.561406	86.557378	145.267574	0.003576	7.1
188	-0.564273	87.557378	143.929410	0.002891	6.6
189	-0.538303	87.387340	144.155207	0.004527	7.0
190	-0.573867	88.362264	142.870117	0.004581	11.1
191	-0.556397	89.362233	141.575601	0.005657	8.7
192	-0.549710	90.361192	140.305604	0.005499	11.6
193	-0.536357	91.361192	139.056903	0.004907	12.4
194	-0.560300	92.361192	137.830232	0.005003	6.2
195	-0.554589	93.361192	136.625013	0.004257	7.0
196	-0.528372	94.361192	135.440689	0.003248	13.2
197	-0.537286	94.040582	135.818153	0.004696	6.7
198	-0.543912	93.769678	136.138741	0.004198	7.0
199	-0.559262	94.769626	134.962857	0.004011	6.9
200	-0.574272	94.448962	135.337721	0.008818	5.8
201	-0.538965	95.448962	134.175515	0.003311	12.2
202	-0.552532	96.448962	133.033099	0.003407	12.4
203	-0.564158	96.129275	133.396194	0.006579	9.1
204	-0.533174	95.808610	133.762395	0.001591	6.1
205	-0.526211	95.493028	134.124759	0.004263	10.9
206	-0.533277	95.272127	134.379579	0.006014	7.1
207	-0.523155	94.958619	134.742890	0.004292	12.1
208	-0.534326	95.958619	133.590834	0.003295	5.0
209	-0.529063	96.896375	132.528243	0.006566	6.4
210	-0.543275	97.896375	131.413590	0.004239	10.8
211	-0.523953	98.896375	130.317530	0.002100	9.1
212	-0.555269	99.894865	129.241216	0.004043	9.3
213	-0.550284	99.681875	129.469313	0.006670	6.4
214	-0.545588	100.681875	128.405315	0.001696	6.6
215	-0.544877	100.373135	128.731942	0.003223	7.3
216	-0.546917	100.056667	129.068475	0.003008	5.9
217	-0.543230	100.958603	128.113959	0.005191	10.1
218	-0.550766	101.503895	127.543695	0.001927	2.2
219	-0.548190	102.225417	126.796888	0.002990	7.7
220	-0.536125	102.694730	126.315805	0.006818	7.1
221	-0.530073	103.599493	125.398580	0.002154	6.0
222	-0.533263	104.295648	124.701852	0.003255	6.7
223	-0.531790	103.986000	125.010797	0.002896	6.7
224	-0.545790	103.665373	125.332312	0.006345	6.2
225	-0.544362	103.344709	125.655523	0.006271	6.8
226	-0.548896	104.344689	124.653063	0.002972	8.1
227	-0.548284	104.035873	124.960933	0.005389	6.0
228	-0.563864	103.715403	125.282034	0.003306	9.5
229	-0.562514	104.691234	124.309380	0.002518	6.2
230	-0.542230	104.374376	124.623547	0.005832	5.9
231	-0.536657	104.053716	124.943104	0.005821	6.8
232	-0.568383	103.733051	125.264309	0.005753	16.8
233	-0.573738	104.733051	124.268037	0.004669	7.1
234	-0.533232	105.372101	123.639627	0.003357	14.2
235	-0.529467	106.372072	122.668958	0.005387	6.2
236	-0.518808	107.372072	121.713385	0.004640	6.3
237	-0.575727	108.372072	120.772584	0.002404	12.7
238	-0.556349	109.371922	119.846354	0.003436	12.7
239	-0.540012	109.077829	120.117314	0.004182	11.3
240	-0.548632	108.766333	120.405648	0.002839	9.5
241	-0.553536	109.764781	119.486296	0.004612	11.4
242	-0.547732	110.764576	118.579666	0.003508	9.5
243	-0.527983	111.764472	117.686601	0.003878	8.7
244	-0.534706	112.762278	116.808712	0.002127	11.6
245	-0.540937	113.756337	115.947047	0.005019	14.5
246	-0.568046	114.658263	115.176172	0.004314	18.8
247	-0.559443	114.444662	115.357809	0.004707	13.0
248	-0.528215	114.123998	115.631566	0.003473	15.1
249	-0.539202	115.123998	114.782108	0.004353	14.0
250	-0.514773	116.123996	113.945041	0.002707	16.5
251	-0.535852	117.111695	113.130169	0.005310	6.8
252	-0.547338	116.792194	113.392486	0.002183	11.0
253	-0.548335	116.471531	113.656983	0.004814	12.8
254	-0.544870	116.151327	113.922335	0.004797	13.7
255	-0.550747	117.151095	113.097905	0.006945	11.0
256	-0.542737	116.830430	113.361029	0.004614	11.2
257	-0.553863	117.830430	112.544486	0.003969	11.7
258	-0.554682	118.830430	111.739622	0.005018	14.0
259	-0.544660	118.509765	111.996457	0.004325	3.3
260	-0.559472	118.216836	112.232111	0.005239	11.3
261	-0.538855	119.187597	111.454934	0.003921	9.5
262	-0.553446	120.187572	110.665544	0.002820	4.5
263	-0.526523	120.995462	110.035907	0.004250	9.4
264	-0.572509	120.674797	110.284961	0.005594	5.1
265	-0.538767	120.354132	110.535145	0.002696	6.5
266	-0.545984	120.034195	110.785895	0.004022	15.5
267	-0.546480	120.303770	110.574540	0.004651	6.5
268	-0.543907	121.303770	109.797509	0.005247	5.5
269	-0.507955	122.303770	109.031322	0.001959	7.1
270	-0.563265	123.273008	108.298840	0.003102	5.9
271	-0.542423	123.295338	108.282080	0.004627	11.2
272	-0.552234	122.974673	108.523250	0.006058	6.8
273	-0.546554	122.654055	108.765460	0.001981	5.9
274	-0.531434	123.652680	108.014586	0.001616	10.0
275	-0.566704	123.829055	107.883045	0.004527	7.3
276	-0.553581	123.619961	108.039024	0.004198	11.7
277	-0.515864	123.300630	108.278110	0.004829	11.8
278	-0.541646	122.979964	108.519262	0.003191	7.1
279	-0.582723	122.659299	108.761490	0.004244	16.6
280	-0.539186	122.724462	108.712179	0.003096	1.7
281	-0.563468	122.403805	108.955264	0.002293	7.3
282	-0.547032	123.317126	108.265733	0.002472	7.8
283	-0.569703	123.134425	108.402967	0.004684	6.1
284	-0.559968	123.336556	108.251158	0.004995	5.9
285	-0.558873	124.336556	107.506327	0.006483	11.9
286	-0.534004	125.336556	106.771677	0.005677	8.2
287	-0.557726	126.336556	106.046998	0.002712	8.0
288	-0.531146	127.336555	105.332090	0.003872	6.2
289	-0.547641	127.016025	105.560188	0.003304	7.5
290	-0.560573	128.015996	104.851827	0.003278	11.5
291	-0.553590	127.738731	105.047282	0.005019	6.0
292	-0.522645	128.738731	104.345745	0.006844	11.2
293	-0.546496	129.738731	103.653516	0.004019	10.9
294	-0.550692	129.418118	103.874451	0.003758	12.8
295	-0.556144	129.774136	103.629176	0.005747	6.7
296	-0.553875	129.453471	103.850043	0.003569	4.5
297	-0.559064	129.132806	104.071854	0.004580	6.4
298	-0.545058	128.812142	104.294613	0.002542	6.8
299	-0.556941	128.491543	104.518283	0.005411	6.8
300	-0.567625	129.491539	103.823773	0.003119	8.3
301	-0.541776	130.491093	103.138733	0.002797	9.3
302	-0.559074	131.481068	102.469111	0.005267	7.1
303	-0.546573	131.896737	102.190536	0.004572	11.6
304	-0.526460	131.576071	102.405307	0.003393	7.4
305	-0.539594	132.576052	101.738514	0.003928	6.0
306	-0.566073	133.574303	101.081481	0.002146	11.3
307	-0.542624	134.537878	100.455269	0.003316	5.9
308	-0.559057	134.889452	100.228715	0.003922	13.1
309	-0.529811	135.889374	99.589915	0.003799	6.0
310	-0.570654	136.889373	98.959158	0.005217	8.1
311	-0.527354	137.889357	98.336350	0.002968	6.0
312	-0.555080	138.411362	98.014340	0.004072	9.9
313	-0.548099	138.128746	98.188415	0.005440	11.8
314	-0.553140	139.128746	97.575231	0.002941	7.2
315	-0.535596	140.111775	96.979873	0.003982	6.5
316	-0.561570	139.791265	97.173185	0.005801	6.2
317	-0.545757	140.791261	96.572579	0.003872	11.1
318	-0.555646	141.789447	95.980420	0.005246	5.3
319	-0.555606	141.468782	96.169856	0.004896	14.0
320	-0.552231	141.148116	96.360043	0.004510	1.6
321	-0.571543	142.131463	95.779190	0.007322	10.8
322	-0.556343	141.810798	95.967833	0.002773	6.8
323	-0.544836	142.810781	95.381997	0.005684	6.0
324	-0.560915	142.490116	95.569077	0.004302	6.9
325	-0.548150	142.169451	95.756892	0.003568	8.0
326	-0.534555	141.849339	95.945120	0.003509	5.6
327	-0.569549	141.528680	96.134414	0.010315	6.2
328	-0.545729	142.528680	95.546539	0.003738	11.0
329	-0.543550	143.528665	94.965819	0.001759	2.3
330	-0.562446	144.525553	94.393881	0.006697	6.3
331	-0.549782	144.214735	94.571464	0.003245	5.9
332	-0.576985	145.214733	94.002494	0.003057	7.5
333	-0.555277	146.214369	93.440531	0.002371	13.3
334	-0.546766	145.896420	93.618541	0.006927	4.3
335	-0.558477	146.883568	93.068069	0.001990	8.0
336	-0.547447	146.899009	93.059509	0.004935	11.4
337	-0.543886	146.580335	93.236473	0.004321	8.1
338	-0.548144	147.036385	92.983430	0.005046	11.9
339	-0.546157	148.036385	92.433351	0.004461	5.8
340	-0.531712	149.036385	91.889741	0.005128	11.0
341	-0.568704	150.036385	91.352489	0.004413	11.6
342	-0.551318	151.036385	90.821482	0.002874	5.1
343	-0.553643	152.036232	90.296692	0.005687	11.5
344	-0.545405	151.715567	90.464338	0.003723	4.3
345	-0.551446	152.714503	89.944128	0.003121	10.3
346	-0.550404	152.426816	90.093330	0.002643	3.1
347	-0.561410	153.426630	89.576915	0.002879	6.0
348	-0.552575	153.164405	89.711783	0.007602	5.8
349	-0.570790	154.131304	89.216485	0.004418	11.0
350	-0.546749	155.091377	88.730066	0.004452	1.6
351	-0.510144	154.794408	88.879957	0.005668	6.0
352	-0.544742	154.474186	89.042153	0.003194	11.7
353	-0.527346	154.153522	89.205168	0.003012	6.0
354	-0.557335	154.136512	89.213832	0.005313	8.3
355	-0.564978	155.101818	88.724805	0.008758	11.1
356	-0.571551	156.101818	88.223823	0.003345	8.8
357	-0.539806	157.101590	87.728579	0.003053	6.2
358	-0.548951	158.101060	87.239011	0.003977	11.2
359	-0.543077	157.780396	87.395485	0.005245	3.2
360	-0.552030	157.459731	87.552521	0.006822	8.4
361	-0.555667	157.139066	87.710123	0.007562	12.3
362	-0.548503	158.139066	87.220503	0.008013	6.3
363	-0.534648	159.139066	86.736319	0.003581	8.5
364	-0.538817	158.819160	86.890626	0.003261	6.6
365	-0.561463	158.800139	86.899819	0.003997	9.3
366	-0.567223	158.479475	87.055076	0.002823	6.4
367	-0.569065	159.479474	86.572723	0.004867	8.3
368	-0.538983	160.479472	86.095685	0.006411	7.2
369	-0.532576	160.158806	86.248081	0.005107	16.2
370	-0.546364	161.158806	85.774604	0.004569	6.8
371	-0.561095	162.158687	85.306352	0.007119	4.0
372	-0.576994	163.158687	84.843130	0.002983	6.1
373	-0.563269	164.158674	84.384917	0.002740	10.0
374	-0.561627	165.153507	83.933951	0.003885	1.6
375	-0.560044	164.965870	84.018640	0.004503	6.2
376	-0.547649	165.965870	83.569260	0.004224	11.4
377	-0.545852	166.965806	83.124690	0.006722	7.1
378	-0.536145	167.959383	82.687608	0.002656	6.1
379	-0.577672	167.638766	82.828147	0.004163	9.4
380	-0.539621	168.638752	82.391385	0.005194	11.9
381	-0.541167	168.592329	82.411559	0.003473	4.9
382	-0.526347	169.592326	81.979163	0.003772	6.2
383	-0.556581	169.271734	82.117291	0.007490	6.1
384	-0.562782	170.264117	81.691222	0.002895	11.9
385	-0.525439	171.259283	81.268374	0.004652	15.9
386	-0.513620	172.202156	80.871765	0.003709	2.9
387	-0.563869	171.881490	81.006215	0.004219	4.2
388	-0.572205	172.881480	80.588406	0.003190	4.3
389	-0.554433	172.560832	80.721906	0.002370	5.9
390	-0.556685	172.253201	80.850404	0.006347	7.3
391	-0.520171	172.876044	80.590665	0.004993	5.5
392	-0.543742	173.876044	80.177117	0.003070	10.8
393	-0.536107	173.555380	80.309264	0.002725	1.5
394	-0.561569	174.424286	79.952189	0.004380	6.3
395	-0.542696	174.103628	80.083593	0.003469	5.5
396	-0.554355	173.783638	80.215153	0.004484	9.8
397	-0.527737	174.783633	79.805442	0.004914	8.4
398	-0.543930	175.783633	79.399893	0.002910	14.9
399	-0.547908	176.777884	79.000741	0.004233	5.6
400	-0.570945	177.740851	78.617956	0.002583	9.3
401	-0.539733	177.420187	78.745009	0.004342	5.6
402	-0.567688	177.140505	78.856160	0.003576	6.2
403	-0.561157	178.127132	78.465447	0.005141	16.2
404	-0.540174	179.110525	78.079848	0.005215	3.5
405	-0.527371	178.992165	78.126058	0.004643	11.9
406	-0.541507	178.671505	78.251523	0.004982	2.0
407	-0.540577	178.350840	78.377395	0.003892	5.6
408	-0.540746	179.350840	77.986194	0.006724	11.2
409	-0.552667	180.350643	77.598955	0.003941	8.1
410	-0.536631	181.350643	77.215467	0.003606	11.2
411	-0.543350	182.350643	76.835751	0.004442	5.7
412	-0.550515	183.350634	76.459755	0.004062	6.1
413	-0.562195	184.350633	76.087418	0.003398	6.0
414	-0.529355	184.029969	76.206417	0.002569	6.7
415	-0.555835	184.931215	75.872904	0.003349	11.0
416	-0.561298	184.613126	75.990282	0.003964	1.5
417	-0.543210	184.547129	76.014681	0.007701	10.1
418	-0.544737	184.232162	76.131340	0.005328	7.9
419	-0.559803	185.232162	75.762186	0.002346	11.3
420	-0.549604	185.027246	75.837540	0.004373	6.1
421	-0.544834	185.858136	75.532922	0.002083	6.0
422	-0.567848	185.614548	75.621971	0.001789	7.2
423	-0.556871	185.437247	75.686920	0.004082	16.4
424	-0.550105	186.389374	75.339441	0.006143	5.8
425	-0.554744	186.068708	75.456111	0.002163	7.6
426	-0.530976	186.370215	75.346401	0.003640	13.4
427	-0.561462	186.253340	75.388891	0.002786	11.5
428	-0.546712	185.932685	75.505710	0.005008	14.4
429	-0.510932	185.612020	75.622897	0.002685	11.6
430	-0.543027	186.608846	75.259796	0.005368	1.5
431	-0.515190	186.980423	75.125337	0.005099	7.3
432	-0.548249	187.980421	74.765853	0.005095	12.5
433	-0.559782	187.659756	74.880752	0.005909	13.9
434	-0.551673	187.339091	74.996005	0.004464	10.6
435	-0.527910	187.018425	75.111613	0.003831	6.2
436	-0.545119	188.018425	74.752259	0.009025	13.0
437	-0.564511	187.697760	74.867116	0.002905	14.3
438	-0.560634	187.377095	74.982327	0.002410	14.8
439	-0.553004	188.364688	74.628628	0.003924	8.6
440	-0.545077	188.054958	74.739196	0.003198	13.7
441	-0.571701	189.054957	74.383388	0.002912	11.3
442	-0.585019	188.734808	74.496930	0.004458	9.9
443	-0.582649	189.734797	74.143424	0.008646	18.1
444	-0.545664	190.734797	73.793253	0.003682	15.2
445	-0.539038	191.733059	73.446974	0.004021	7.1
446	-0.522467	192.732896	73.103391	0.009984	10.1
447	-0.552729	192.413503	73.212797	0.003269	7.9
448	-0.576157	192.120597	73.313418	0.002107	14.2
449	-0.554332	193.043199	72.997411	0.003781	12.9
450	-0.527158	192.915845	73.040870	0.001942	14.2
451	-0.538384	193.778862	72.747380	0.004823	5.1
452	-0.543340	193.605028	72.806306	0.004822	12.0
453	-0.544846	193.284363	72.915257	0.004557	11.7
454	-0.548831	194.278595	72.578509	0.003489	18.8
455	-0.567751	195.277554	72.243278	0.004435	4.5
456	-0.564361	196.277402	71.910835	0.004672	15.1
457	-0.574383	195.956737	72.017120	0.003102	8.8
458	-0.558706	196.956681	71.686719	0.003703	10.9
459	-0.568333	197.952015	71.360839	0.002458	6.7
460	-0.544196	197.631437	71.465475	0.003798	15.5
461	-0.565628	198.422423	71.207852	0.002747	11.7
462	-0.567994	198.101768	71.312065	0.007000	5.8
463	-0.568974	198.935399	71.041767	0.003830	13.7
464	-0.567720	199.932316	70.721204	0.003017	12.2
465	-0.530606	199.611652	70.823999	0.003339	9.0
466	-0.546367	200.610986	70.504625	0.007061	12.8
467	-0.549891	200.290473	70.606742	0.004202	10.3
468	-0.545381	201.290473	70.289110	0.005043	11.2
469	-0.546602	202.290473	69.974322	0.004543	8.6
470	-0.572025	203.290468	69.662342	0.003769	16.9
471	-0.548038	202.988019	69.756407	0.002695	6.6
472	-0.542667	202.667979	69.856219	0.004177	16.9
473	-0.549622	202.440570	69.927316	0.004838	1.5
474	-0.543917	202.119904	70.027815	0.005803	10.0
475	-0.537881	201.799239	70.128603	0.003800	12.2
476	-0.541745	202.799239	69.815248	0.006499	8.3
477	-0.548917	202.478573	69.915425	0.004131	6.4
478	-0.548310	202.168364	70.012609	0.002820	12.3
479	-0.555369	203.158457	69.703368	0.002821	13.6
480	-0.551419	204.098903	69.412153	0.003546	10.8
481	-0.554509	205.062265	69.116353	0.003126	9.5
482	-0.555079	205.736665	68.910776	0.002953	16.3
483	-0.545261	206.734303	68.608897	0.006999	8.6
484	-0.528337	206.424157	68.702462	0.004551	14.6
485	-0.551632	207.102397	68.498182	0.003298	17.3
486	-0.529541	206.781731	68.594612	0.004216	6.9
487	-0.543332	206.461567	68.691162	0.003319	8.9
488	-0.553108	207.461053	68.390648	0.005829	14.4
489	-0.571896	208.461037	68.092603	0.003848	9.2
490	-0.519892	208.140372	68.187894	0.002587	11.3
491	-0.577368	209.136731	67.892680	0.003767	6.8
492	-0.560741	209.879962	67.674125	0.002002	13.4
493	-0.552343	209.941950	67.655960	0.002014	11.4
494	-0.527518	209.696142	67.728048	0.003167	10.6
495	-0.549039	209.814045	67.693452	0.006467	15.7
496	-0.556665	209.544361	67.772638	0.003855	14.5
497	-0.554113	209.223696	67.867034	0.001789	10.6
498	-0.534129	209.105257	67.901966	0.003442	10.9
499	-0.536646	208.859691	67.974508	0.005650	12.8
500	-0.531513	208.539029	68.069467	0.004315	6.5
501	-0.546415	209.539029	67.774205	0.003620	12.1
502	-0.540629	209.218777	67.868484	0.004487	10.6
503	-0.533239	208.898120	67.963146	0.003871	12.6
504	-0.571755	209.898120	67.668803	0.003616	11.4
505	-0.521088	209.630698	67.747267	0.004648	11.6
506	-0.557493	210.626699	67.455952	0.006635	11.7
507	-0.528339	211.569823	67.182402	0.002056	11.4
508	-0.530604	211.380285	67.237199	0.004394	11.8
509	-0.557381	211.397777	67.232138	0.002833	8.5
510	-0.551458	211.086980	67.322171	0.003829	3.0
511	-0.534869	210.774400	67.412964	0.003337	7.3
512	-0.547133	211.774135	67.123435	0.002257	6.0
513	-0.580005	212.132792	67.020170	0.002639	9.8
514	-0.552565	211.892652	67.089276	0.004386	8.1
515	-0.540578	212.888142	66.803726	0.002706	5.9
516	-0.552469	213.887793	66.519419	0.005186	9.6
517	-0.531109	214.885780	66.237988	0.003518	7.9
518	-0.571504	215.594398	66.039600	0.001674	6.2
519	-0.525927	216.063686	65.908869	0.003833	11.3
520	-0.546321	216.658469	65.743920	0.002873	10.3
521	-0.547993	216.386563	65.819224	0.006682	5.5
522	-0.541677	217.386557	65.543123	0.006521	5.9
523	-0.545274	218.386556	65.269327	0.007643	6.1
524	-0.533413	218.065891	65.356875	0.003636	7.1
525	-0.525394	219.065891	65.084629	0.002571	10.7
526	-0.561929	220.065854	64.814652	0.002854	6.6
527	-0.558886	219.770755	64.894092	0.003996	11.9
528	-0.538994	219.452469	64.979992	0.004946	7.1
529	-0.545037	220.452318	64.710911	0.004186	6.0
530	-0.552309	220.221271	64.772892	0.003734	6.1
531	-0.555389	221.221270	64.505480	0.004425	11.0
532	-0.558521	222.221270	64.240267	0.002967	5.9
533	-0.552963	223.098816	64.009321	0.004653	14.3
534	-0.559546	224.079699	63.753136	0.005478	12.7
535	-0.556980	225.079699	63.494061	0.004808	11.0
536	-0.552847	226.068588	63.239927	0.003121	11.5
537	-0.549862	225.748234	63.322031	0.002047	10.8
538	-0.542737	226.706705	63.077015	0.004005	5.9
539	-0.529716	226.400065	63.155195	0.004329	5.8
540	-0.569339	227.247900	62.939503	0.005841	14.2
541	-0.549119	228.247895	62.686986	0.004408	9.0
542	-0.547377	227.927233	62.767738	0.002976	2.0
543	-0.546621	227.623959	62.844303	0.002598	13.2
544	-0.546974	228.575641	62.604665	0.004168	2.8
545	-0.560191	228.255021	62.685194	0.004392	5.9
546	-0.522781	227.964666	62.758301	0.004057	11.1
547	-0.563169	227.644115	62.839209	0.005248	5.8
548	-0.559935	228.644115	62.587494	0.004043	8.6
549	-0.580453	229.636367	62.339714	0.007283	5.9
550	-0.582473	229.315702	62.419574	0.004981	8.7
551	-0.545663	230.315702	62.171203	0.007457	1.5
552	-0.555070	229.995036	62.250631	0.005117	13.6
553	-0.534806	229.674371	62.330263	0.004199	2.4
554	-0.550071	229.354697	62.409851	0.003974	8.8
555	-0.574617	230.354697	62.161557	0.002705	5.6
556	-0.531216	231.352517	61.915766	0.003183	9.9
557	-0.544336	231.090240	61.980184	0.006766	6.0
558	-0.543565	230.770355	62.058932	0.005525	11.7
559	-0.544419	231.770355	61.813417	0.002210	6.4
560	-0.570177	231.558755	61.865206	0.003802	6.0
561	-0.523978	232.455139	61.646410	0.003293	6.1
562	-0.551940	232.154103	61.719716	0.004049	4.4
563	-0.561884	231.833456	61.797990	0.003874	5.9
564	-0.571696	231.512792	61.876467	0.004362	7.1
565	-0.556216	232.512792	61.632391	0.003892	5.6
566	-0.564234	233.512792	61.390232	0.001375	14.1
567	-0.546143	234.090663	61.251161	0.004369	15.0
568	-0.563380	235.011461	61.030859	0.003083	15.2
569	-0.557925	236.010950	60.793516	0.004113	11.9
570	-0.553841	237.009973	60.558122	0.002797	7.2
571	-0.533843	238.009817	60.324352	0.005262	13.1
572	-0.536888	238.998866	60.094875	0.005859	13.1
573	-0.541171	239.998853	59.864629	0.005307	10.5
574	-0.524323	239.678421	59.938216	0.003799	12.3
575	-0.552565	239.357756	60.012038	0.004603	13.4
576	-0.541319	240.353450	59.783406	0.009368	9.2
577	-0.550725	240.032785	59.856847	0.003379	9.6
578	-0.551814	239.938025	59.878584	0.002794	7.4
579	-0.549229	239.617597	59.952204	0.005568	11.2
580	-0.515343	240.617244	59.723125	0.003499	11.1
581	-0.541069	241.617243	59.495710	0.003356	11.0
582	-0.549523	241.297473	59.568242	0.003104	7.4
583	-0.551179	240.977809	59.640927	0.002646	13.6
584	-0.520817	240.657290	59.713985	0.006856	6.8
585	-0.555155	241.653881	59.487411	0.003570	12.2
586	-0.570030	242.653881	59.261784	0.008156	12.1
587	-0.556906	243.653876	59.037864	0.002935	8.8
588	-0.530262	244.605150	58.826417	0.002797	18.0
589	-0.544828	245.557735	58.616192	0.004406	13.3
590	-0.554829	246.557705	58.397120	0.004069	9.8
591	-0.552106	246.237040	58.467192	0.004631	6.6
592	-0.540793	246.130555	58.490499	0.002439	6.1
593	-0.523864	245.810133	58.560742	0.003567	12.2
594	-0.562327	245.619932	58.602518	0.005614	6.6
595	-0.509400	246.569733	58.394495	0.003032	6.0
596	-0.549164	246.376293	58.436742	0.003218	8.8
597	-0.547531	246.206010	58.473982	0.004552	11.1
598	-0.537588	246.070960	58.503551	0.004541	4.4
599	-0.556046	247.070960	58.285311	0.005445	6.4
600	-0.546399	246.750597	58.355050	0.004624	6.3
601	-0.549088	247.750597	58.137915	0.003825	6.8
602	-0.554582	248.740955	57.924461	0.002422	6.3
603	-0.536607	248.420302	57.993400	0.003651	10.5
604	-0.556245	249.376599	57.788283	0.003916	11.3
605	-0.555177	249.055934	57.856901	0.007012	3.6
606	-0.530975	250.055920	57.643454	0.003680	9.4
607	-0.536573	251.055612	57.431638	0.003254	6.6
608	-0.562596	252.049799	57.222527	0.005693	9.9
609	-0.542918	251.729198	57.289793	0.004453	11.1
610	-0.546750	252.729198	57.080500	0.004596	10.9
611	-0.559071	253.729195	56.872730	0.002657	7.5
612	-0.565844	254.715048	56.669375	0.004073	6.3
613	-0.560461	255.701134	56.467421	0.004397	5.9
614	-0.546448	255.380469	56.532936	0.004135	6.2
615	-0.545212	255.059927	56.598578	0.007042	7.2
616	-0.540866	256.056923	56.394907	0.004461	5.8
617	-0.563884	257.056920	56.192090	0.004563	10.1
618	-0.524804	258.056793	55.990751	0.005114	7.8
619	-0.550739	259.056793	55.790825	0.005813	7.5
620	-0.527069	260.056793	55.592321	0.004400	7.9
621	-0.565375	261.056785	55.395226	0.006787	13.9
622	-0.512082	260.833782	55.439058	0.004980	5.9
623	-0.540842	261.833782	55.243045	0.003702	5.4
624	-0.535237	262.707695	55.072878	0.002369	5.9
625	-0.553591	262.414026	55.129944	0.003117	8.4
626	-0.546591	262.259888	55.159944	0.006312	6.1
627	-0.560883	263.259888	54.965896	0.004428	10.7
628	-0.527357	262.939308	55.027955	0.002722	1.9
629	-0.533050	263.891287	54.844076	0.002617	8.0
630	-0.545774	263.570941	54.905815	0.004777	8.1
631	-0.554657	263.250590	54.967694	0.007272	11.5
632	-0.542358	264.250590	54.774994	0.004455	10.1
633	-0.557468	263.929924	54.836639	0.005614	8.4
634	-0.545746	263.609262	54.898422	0.003785	9.4
635	-0.541300	264.609262	54.706207	0.003598	4.9
636	-0.561391	264.288601	54.767696	0.003542	6.5
637	-0.536057	263.969660	54.828993	0.007793	6.9
638	-0.548026	263.648996	54.890759	0.002776	6.2
639	-0.566686	263.328331	54.952665	0.006769	6.0
640	-0.549129	263.007665	55.014710	0.002159	7.6
641	-0.542403	262.687365	55.076825	0.002509	6.4
642	-0.562802	263.638007	54.892878	0.003328	12.0
643	-0.540466	263.317972	54.954667	0.004527	8.8
644	-0.525245	264.317972	54.762058	0.003150	4.5
645	-0.529959	263.998958	54.823356	0.005319	12.5
646	-0.561761	264.998958	54.631666	0.003191	7.6
647	-0.546286	265.998886	54.441324	0.003845	6.1
648	-0.570827	265.812923	54.476623	0.002742	6.3
649	-0.576509	265.493102	54.537437	0.004847	5.9
650	-0.558639	266.457633	54.354443	0.007656	9.5
651	-0.549791	266.136967	54.415144	0.003787	11.6
652	-0.551915	265.816302	54.475981	0.002869	8.2
653	-0.552791	266.796120	54.290515	0.002200	16.5
654	-0.540030	267.476428	54.162482	0.003507	7.0
655	-0.558192	268.472304	53.976146	0.004229	10.0
656	-0.548579	268.151640	54.036005	0.004720	15.8
657	-0.516707	267.830975	54.095997	0.004162	3.9
658	-0.554842	267.510310	54.156122	0.004035	6.0
659	-0.533441	268.510310	53.969061	0.002202	5.8
660	-0.537296	269.466274	53.791441	0.004231	5.7
661	-0.570144	270.229365	53.650494	0.006736	10.5
662	-0.548242	271.228562	53.467051	0.004084	11.2
663	-0.577522	270.907897	53.525785	0.002526	7.2
664	-0.546323	271.681068	53.384387	0.004866	5.9
665	-0.581875	272.680916	53.202638	0.004739	10.5
666	-0.542408	273.680670	53.022139	0.003100	6.5
667	-0.546852	273.360004	53.079899	0.004458	11.1
668	-0.533557	274.360004	52.900187	0.002971	12.4
669	-0.548582	275.359964	52.721694	0.005444	8.9
670	-0.538895	275.039299	52.778802	0.006122	9.7
671	-0.570830	276.039297	52.601119	0.002385	13.0
672	-0.570099	276.498575	52.519913	0.006711	11.3
673	-0.546318	277.434021	52.355289	0.007794	7.0
674	-0.560603	277.113356	52.411605	0.002794	7.1
675	-0.563234	276.792690	52.468042	0.004571	9.2
676	-0.575852	277.762546	52.297718	0.006910	10.4
677	-0.575213	278.472636	52.173713	0.003644	6.1
678	-0.534733	279.469456	52.000625	0.003530	10.4
679	-0.551812	280.410969	51.838191	0.004574	6.3
680	-0.529588	281.410969	51.666775	0.002654	11.5
681	-0.594315	281.090304	51.721618	0.004319	4.6
682	-0.536447	282.090225	51.550984	0.003729	6.5
683	-0.583103	283.060351	51.386507	0.004785	6.0
684	-0.564734	284.060347	51.218061	0.003916	10.0
685	-0.510624	283.743996	51.271230	0.004690	7.3
686	-0.567558	284.743985	51.103538	0.003260	8.9
687	-0.549015	284.426188	51.156712	0.005720	4.4
688	-0.546411	284.105523	51.210477	0.006070	8.6
689	-0.537171	285.105523	51.043180	0.002539	9.3
690	-0.544629	286.105522	50.876973	0.009096	7.8
691	-0.539350	285.784857	50.930152	0.003809	5.7
692	-0.543998	285.464192	50.983442	0.002805	5.8
693	-0.535192	285.376835	50.997979	0.004851	8.3
694	-0.547360	286.376823	50.832068	0.003775	6.6
695	-0.542389	286.703470	50.778106	0.006045	6.1
696	-0.544661	286.386393	50.830485	0.006050	5.8
697	-0.546733	286.065728	50.883567	0.003541	6.5
698	-0.535543	285.745065	50.936759	0.002181	6.8
699	-0.558488	285.749668	50.935995	0.002802	6.0
700	-0.544483	285.487448	50.979574	0.006484	10.2
701	-0.569129	286.224691	50.857239	0.004560	4.5
702	-0.560541	287.223413	50.692448	0.003963	12.2
703	-0.547339	288.178212	50.535901	0.002653	11.2
704	-0.535889	289.172670	50.373875	0.006602	11.9
705	-0.544874	288.852005	50.426007	0.003799	6.3
706	-0.513752	288.531340	50.478247	0.005054	6.7
707	-0.557461	288.210682	50.530594	0.005980	11.2
708	-0.551098	289.209335	50.367921	0.005420	5.2
709	-0.549896	290.209335	50.206076	0.003770	11.5
710	-0.537831	289.888670	50.257861	0.001923	7.4
711	-0.558506	290.596843	50.143638	0.004841	5.9
712	-0.566473	291.588105	49.984626	0.003797	5.9
713	-0.545265	292.552196	49.830936	0.002561	7.7
714	-0.570932	292.231542	49.881948	0.004294	12.0
715	-0.549479	292.938330	49.769645	0.002930	11.0
716	-0.516902	293.126025	49.739907	0.003317	5.8
717	-0.568229	294.125164	49.582202	0.002279	11.6
718	-0.531684	293.875763	49.621474	0.004167	7.1
719	-0.543517	294.870639	49.465184	0.002694	7.6
720	-0.554032	294.782788	49.478946	0.006823	9.6
721	-0.574997	295.782766	49.322757	0.005050	5.9
722	-0.518724	295.462101	49.372735	0.004403	6.3
723	-0.522672	295.141436	49.422814	0.002044	7.6
724	-0.544351	294.885523	49.462854	0.003098	11.4
725	-0.537953	294.578019	49.511051	0.003231	13.4
726	-0.549660	295.577932	49.354670	0.003446	10.1
727	-0.555967	296.577927	49.199261	0.002868	9.6
728	-0.542276	297.577923	49.044828	0.004045	1.8
729	-0.563781	298.442841	48.912035	0.006699	11.3
730	-0.552264	298.122180	48.961183	0.002997	12.5
731	-0.558412	299.122180	48.808238	0.003811	11.0
732	-0.534036	300.086677	48.661625	0.002494	6.9
733	-0.567024	301.070402	48.512994	0.004523	11.2
734	-0.557862	300.751881	48.561020	0.002689	6.0
735	-0.552705	300.495935	48.599679	0.005511	10.9
736	-0.549215	300.176892	48.647956	0.004130	5.9
737	-0.554303	299.856232	48.696575	0.007703	11.5
738	-0.548718	300.850552	48.546132	0.004295	6.5
739	-0.539816	300.529887	48.594548	0.002344	9.5
740	-0.529814	301.529678	48.443912	0.005408	9.9
741	-0.555721	301.261553	48.484218	0.005411	6.6
742	-0.540582	301.485087	48.450611	0.004488	5.8
743	-0.527990	302.485087	48.300834	0.003137	6.7
744	-0.534937	302.164424	48.348761	0.004675	11.3
745	-0.548292	302.111059	48.356746	0.003166	10.4
746	-0.543351	301.800210	48.403312	0.002148	8.5
747	-0.525715	301.496263	48.448932	0.004594	10.7
748	-0.555978	301.180087	48.496478	0.003088	11.5
749	-0.554696	302.162032	48.349119	0.003257	11.5
750	-0.557098	301.846661	48.396348	0.004402	10.7
751	-0.566906	301.552660	48.440461	0.003807	8.8
752	-0.548699	302.552659	48.290746	0.003605	4.9
753	-0.545968	302.231994	48.338654	0.005298	11.0
754	-0.566299	301.912487	48.386483	0.004668	6.1
755	-0.535973	301.604160	48.432728	0.002751	11.4
756	-0.537620	301.283553	48.480908	0.002046	3.3
757	-0.533587	300.974000	48.527519	0.005911	6.0
758	-0.561249	301.967201	48.378285	0.003476	9.8
759	-0.528268	301.646741	48.426336	0.005121	7.9
760	-0.530060	302.646740	48.276709	0.004147	10.9
761	-0.561505	303.646390	48.128055	0.006483	1.7
762	-0.561656	304.646390	47.980263	0.003893	11.1
763	-0.540561	305.646389	47.833376	0.003023	9.2
764	-0.553325	305.332211	47.879427	0.003510	11.7
765	-0.568390	305.506866	47.853816	0.004121	12.2
766	-0.568912	306.505811	47.707854	0.004074	7.5
767	-0.537179	306.185145	47.754611	0.004214	6.7
768	-0.538223	305.864910	47.801397	0.002403	12.1
769	-0.553767	305.544328	47.848326	0.005706	10.5
770	-0.556471	305.223663	47.895359	0.003154	11.3
771	-0.565305	304.902999	47.942484	0.003803	7.5
772	-0.545096	304.583276	47.989564	0.002281	7.8
773	-0.551866	304.741945	47.966188	0.004033	7.9
774	-0.550213	304.825817	47.953841	0.001412	5.9
775	-0.564774	304.598744	47.987284	0.003470	6.4
776	-0.558550	304.311089	48.029717	0.004406	5.9
777	-0.544342	303.992120	48.076856	0.003978	6.0
778	-0.537952	303.684190	48.122452	0.006415	12.4
779	-0.546819	303.363525	48.170026	0.003483	5.8
780	-0.551374	304.363515	48.021978	0.005404	9.2
781	-0.548344	305.361318	47.875157	0.002944	6.0
782	-0.556318	306.361317	47.728912	0.005936	11.0
783	-0.552036	306.964983	47.641060	0.003790	5.1
784	-0.533242	307.956693	47.497436	0.006154	11.0
785	-0.551640	308.956157	47.353562	0.002358	1.5
786	-0.554337	308.636726	47.399450	0.004624	11.0
787	-0.559516	309.632494	47.256696	0.003564	11.9
788	-0.555157	310.632468	47.114203	0.003526	7.5
789	-0.552285	310.750205	47.097482	0.003615	11.1
790	-0.523346	311.745388	46.956622	0.004144	6.4
791	-0.535074	311.424738	47.001915	0.003282	12.7
792	-0.531122	311.104110	47.047293	0.008269	10.8
793	-0.563603	312.104110	46.906054	0.003553	6.3
794	-0.550315	313.104110	46.765661	0.002624	6.1
795	-0.549617	314.103138	46.626240	0.003806	8.7
796	-0.555637	313.900443	46.654460	0.004064	11.4
797	-0.518240	313.579777	46.699175	0.004140	5.9
798	-0.559701	313.259112	46.743975	0.003918	5.9
799	-0.566570	314.258403	46.604647	0.003868	5.8
800	-0.563274	315.019179	46.499130	0.002818	16.0
801	-0.569534	316.010580	46.362341	0.001885	5.1
802	-0.526775	315.714993	46.403040	0.003361	7.1
803	-0.558612	315.465558	46.437441	0.003913	7.3
804	-0.517006	315.144893	46.481740	0.004007	11.2
805	-0.544993	315.595720	46.419483	0.006422	6.3
806	-0.571785	315.275055	46.463748	0.004624	11.2
807	-0.545997	314.954390	46.508097	0.002546	7.3
808	-0.539668	315.952257	46.370366	0.006232	6.2
809	-0.560655	315.631672	46.414526	0.003528	4.9
810	-0.574203	315.311007	46.458781	0.004053	11.8
811	-0.544324	315.503367	46.432223	0.004081	10.2
812	-0.543693	315.182704	46.476512	0.004923	11.6
813	-0.566702	314.862039	46.520885	0.003623	6.1
814	-0.568188	314.541406	46.565339	0.004618	11.4
815	-0.555538	314.221132	46.609828	0.002512	1.5
816	-0.557383	314.174689	46.616287	0.002102	11.1
817	-0.559347	313.914426	46.652512	0.002676	5.9
818	-0.575051	314.528702	46.567102	0.004294	7.6
819	-0.564780	315.520744	46.429825	0.003246	6.1
820	-0.536523	315.200083	46.474109	0.002009	5.9
821	-0.532391	316.192182	46.337372	0.003454	8.2
822	-0.545281	317.021686	46.223660	0.002422	5.9
823	-0.555295	316.701172	46.267531	0.008493	5.9
824	-0.564820	316.461123	46.300443	0.002218	15.9
825	-0.540016	316.577141	46.284530	0.006491	13.1
826	-0.570867	316.256504	46.328534	0.003852	5.7
827	-0.525754	315.935839	46.372625	0.004508	9.0
828	-0.555600	315.615173	46.416801	0.003981	5.8
829	-0.536218	315.294508	46.461060	0.003333	13.1
830	-0.530828	315.046468	46.495354	0.003695	8.5
831	-0.540731	316.041552	46.358081	0.001597	10.9
832	-0.548139	315.751910	46.397953	0.002313	6.3
833	-0.553372	315.786742	46.393155	0.004531	7.8
834	-0.512825	315.630195	46.414729	0.003998	5.8
835	-0.536283	315.450667	46.439496	0.005216	12.9
836	-0.543724	315.130002	46.483799	0.003985	13.0
837	-0.568821	315.097442	46.488302	0.003820	13.7
838	-0.543349	314.776780	46.532698	0.002628	6.6
839	-0.539973	315.768071	46.395727	0.003426	11.0
840	-0.544422	315.650849	46.411882	0.010915	3.4
841	-0.558462	316.386257	46.310717	0.003146	12.2
842	-0.540013	316.065592	46.354774	0.002778	6.5
843	-0.552509	316.163513	46.341312	0.003902	8.9
844	-0.575660	315.848928	46.384590	0.003491	9.3
845	-0.555546	315.664406	46.410013	0.002477	8.8
846	-0.547637	315.343971	46.454228	0.003237	11.2
847	-0.578010	315.070768	46.491992	0.002478	14.8
848	-0.528066	316.046851	46.357352	0.003336	4.8
849	-0.548342	315.727182	46.401361	0.004881	6.3
850	-0.549082	315.457782	46.438514	0.003674	6.5
851	-0.564948	315.137126	46.482814	0.004726	6.0
852	-0.537196	316.136885	46.344972	0.002962	5.8
853	-0.553664	317.079394	46.215770	0.003109	6.0
854	-0.562947	316.759228	46.259578	0.003652	9.3
855	-0.546807	316.469406	46.299306	0.002136	8.4
856	-0.525202	317.014627	46.224625	0.004985	7.3
857	-0.536089	317.906066	46.103039	0.001886	12.7
858	-0.542051	317.585447	46.146695	0.002353	17.8
859	-0.532726	317.288889	46.187149	0.006163	1.6
860	-0.536323	318.198659	46.063270	0.002401	11.0
861	-0.538611	319.198659	45.927869	0.002827	7.0
862	-0.538507	318.879664	45.970975	0.004093	6.2
863	-0.568442	318.559116	46.014372	0.003632	5.5
864	-0.552620	319.555638	45.879726	0.006227	9.5
865	-0.570729	319.235335	45.922918	0.006830	6.6
866	-0.546048	320.235335	45.788340	0.003196	11.0
867	-0.536813	319.914669	45.831408	0.006297	6.3
868	-0.560173	320.911549	45.697782	0.003741	12.4
869	-0.573605	320.866648	45.703784	0.003951	6.1
870	-0.565436	321.427865	45.628878	0.004798	5.9
871	-0.544668	322.427856	45.496016	0.005069	5.9
872	-0.533831	322.107191	45.538537	0.003060	11.0
873	-0.543909	323.107169	45.406201	0.004452	5.8
874	-0.548151	324.106024	45.274780	0.003730	5.8
875	-0.532353	323.785430	45.316878	0.002419	11.4
876	-0.577210	324.350465	45.242735	0.003157	5.1
877	-0.554586	324.344034	45.243577	0.004766	10.8
878	-0.555353	324.879131	45.173582	0.001998	11.1
879	-0.553583	325.609434	45.078402	0.001914	11.2
880	-0.544293	325.567526	45.083853	0.004447	6.3
881	-0.536055	325.439319	45.100537	0.001855	6.5
882	-0.576363	325.248845	45.125347	0.003410	11.4
883	-0.531258	324.938076	45.165885	0.008244	1.7
884	-0.553593	325.157902	45.137203	0.003845	7.0
885	-0.546246	324.839989	45.178695	0.008419	5.8
886	-0.555626	324.519324	45.220624	0.003010	6.1
887	-0.547748	325.519322	45.090125	0.003237	11.0
888	-0.539704	325.674065	45.069998	0.003782	8.8
889	-0.549331	325.353406	45.111724	0.007008	6.1
890	-0.555656	325.079921	45.147373	0.005848	8.2
891	-0.538363	326.079915	45.017296	0.004773	7.7
892	-0.545694	327.079915	44.887966	0.005516	12.1
893	-0.517632	328.079309	44.759454	0.003568	9.3
894	-0.515469	327.758644	44.800608	0.006538	6.2
895	-0.545448	328.758644	44.672518	0.005337	10.8
896	-0.553539	328.437979	44.713512	0.004567	6.6
897	-0.541777	328.117322	44.754581	0.006657	6.1
898	-0.528098	327.797631	44.795601	0.004869	8.3
899	-0.548195	328.797631	44.667539	0.007559	5.9
900	-0.547644	328.476966	44.708524	0.002788	9.7
901	-0.543754	329.476966	44.580959	0.004319	15.9
902	-0.561127	329.156310	44.621785	0.005449	8.1
903	-0.559388	328.835645	44.662686	0.008699	8.1
904	-0.546028	328.514979	44.703662	0.007694	2.6
905	-0.541457	329.514979	44.576125	0.003733	10.5
906	-0.545869	330.514979	44.449313	0.003107	5.8
907	-0.539226	330.222738	44.486298	0.004995	7.1
908	-0.533089	331.222725	44.359998	0.004485	6.0
909	-0.555892	330.902061	44.400420	0.004493	5.8
910	-0.567096	331.902061	44.274605	0.004552	6.0
911	-0.577340	331.581396	44.314872	0.005547	6.2
912	-0.541594	332.581396	44.189540	0.005327	11.4
913	-0.541403	333.581396	44.064916	0.004052	9.5
914	-0.536358	333.260739	44.104801	0.004072	9.2
915	-0.526491	332.942417	44.144467	0.002742	11.4
916	-0.589941	333.739346	44.045296	0.003619	5.9
917	-0.560355	333.422537	44.084667	0.005147	11.3
918	-0.553897	334.422537	43.960632	0.002708	4.4
919	-0.543155	334.123555	43.997643	0.005750	11.5
920	-0.554921	333.802890	44.037407	0.004436	5.6
921	-0.564528	334.802890	43.913638	0.003701	7.0
922	-0.546985	334.482417	43.953227	0.004706	16.5
923	-0.549208	334.161755	43.992911	0.005598	11.1
924	-0.529784	333.841090	44.032667	0.003748	10.4
925	-0.576141	334.841090	43.908924	0.005743	10.3
926	-0.547315	335.837736	43.786287	0.002760	7.5
927	-0.560979	336.837679	43.663930	0.005673	7.8
928	-0.556242	336.518617	43.702897	0.002974	6.0
929	-0.555886	337.518617	43.580999	0.004899	6.4
930	-0.544859	338.517105	43.459961	0.004491	6.0
931	-0.543403	339.470175	43.345055	0.004549	9.9
932	-0.551042	340.468281	43.225368	0.004142	5.6
933	-0.528066	341.341783	43.121164	0.003812	11.3
934	-0.571607	342.146833	43.025570	0.004053	3.5
935	-0.540573	343.146808	42.907418	0.003660	11.2
936	-0.552189	344.146692	42.789925	0.005219	5.9
937	-0.552663	343.886256	42.820466	0.002031	5.9
938	-0.555239	343.565627	42.858126	0.004447	8.3
939	-0.545642	344.475068	42.751478	0.002297	11.6
940	-0.517677	344.154434	42.789017	0.002980	6.0
941	-0.531780	345.142808	42.673512	0.003812	5.8
942	-0.540091	344.822158	42.710916	0.003564	6.3
943	-0.514854	344.524804	42.745661	0.003157	6.8
944	-0.546187	345.523981	42.629133	0.005296	10.9
945	-0.546670	345.203316	42.666461	0.005256	1.6
946	-0.558661	346.203164	42.550285	0.004955	5.8
947	-0.541746	345.882499	42.587475	0.003976	7.6
948	-0.542108	345.561833	42.624731	0.003340	11.8
949	-0.579338	346.561487	42.508805	0.002861	8.3
950	-0.540929	346.240907	42.545912	0.003612	6.8
951	-0.552936	347.093138	42.447407	0.002549	8.8
952	-0.551660	347.800636	42.365977	0.004687	7.9
953	-0.540778	347.481573	42.402662	0.004591	7.9
954	-0.556383	347.160931	42.439591	0.003704	10.9
955	-0.560104	346.859318	42.474388	0.005620	9.0
956	-0.520186	346.538897	42.511417	0.003465	7.6
957	-0.525470	346.218232	42.548539	0.004469	8.2
958	-0.548328	347.206822	42.434302	0.004137	11.2
959	-0.537468	348.206775	42.319373	0.004578	13.4
960	-0.561324	347.886110	42.356161	0.004552	9.6
961	-0.549286	347.565445	42.393012	0.002456	7.1
962	-0.550715	348.464596	42.289842	0.002979	21.6
963	-0.561845	348.212099	42.318763	0.002551	15.7
964	-0.566659	348.005203	42.342491	0.003820	6.7
965	-0.543145	347.692291	42.378427	0.004071	11.8
966	-0.538265	347.371626	42.415317	0.004984	11.1
967	-0.571173	347.050961	42.452272	0.006663	11.9
968	-0.551035	346.730295	42.489291	0.001739	6.5
969	-0.560771	346.409658	42.526371	0.002979	6.9
970	-0.527235	346.882009	42.471768	0.003370	11.2
971	-0.565428	347.881862	42.356649	0.005048	11.1
972	-0.561990	347.561629	42.393451	0.004473	10.8
973	-0.552281	348.554000	42.279611	0.004192	5.8
974	-0.543973	348.233335	42.316329	0.004860	5.8
975	-0.571243	349.233334	42.202033	0.001792	11.1
976	-0.515668	349.597032	42.160617	0.001800	5.6
977	-0.540744	349.717223	42.146948	0.003401	7.4
978	-0.551748	349.438670	42.178640	0.002885	6.5
979	-0.531450	349.118627	42.215112	0.002445	5.8
980	-0.540522	350.066296	42.107299	0.003659	6.1
981	-0.534482	349.797752	42.137794	0.002607	9.9
982	-0.545139	349.480155	42.173917	0.004195	6.6
983	-0.560922	350.003072	42.114474	0.003926	6.1
984	-0.536441	351.003010	42.001272	0.003517	6.2
985	-0.559763	350.803646	42.023793	0.006730	5.8
986	-0.546764	351.253150	41.973048	0.003694	5.8
987	-0.589421	350.932485	42.009236	0.006954	6.9
988	-0.553076	351.932485	41.896590	0.004180	5.9
989	-0.553396	351.611820	41.932646	0.004661	12.0
990	-0.540191	351.291154	41.968764	0.002802	10.8
991	-0.539095	350.970495	42.004943	0.002512	4.2
992	-0.550140	351.967909	41.892611	0.003652	6.1
993	-0.546549	351.647265	41.928657	0.001835	16.6
994	-0.539149	351.461630	41.949554	0.005261	9.1
995	-0.533940	352.445376	41.839049	0.002558	7.9
996	-0.554616	353.443553	41.727516	0.003406	11.3
997	-0.545743	353.448320	41.726985	0.003303	6.7
998	-0.552908	354.439778	41.616793	0.008073	1.6
999	-0.553533	355.439728	41.506245	0.002990	11.5
1000	-0.549906	356.439728	41.396277	0.005111	6.5
1001	-0.547582	356.123313	41.431009	0.003936	6.1
1002	-0.543880	355.834710	41.462740	0.004364	10.8
1003	-0.554832	356.834709	41.353002	0.002693	6.4
1004	-0.544383	357.833066	41.244022	0.005411	6.3
1005	-0.528338	358.833065	41.135438	0.004676	11.1
1006	-0.541372	359.832841	41.027448	0.006266	6.7
1007	-0.579425	360.832841	40.919999	0.004350	5.8
1008	-0.542106	360.512176	40.954393	0.002000	5.5
1009	-0.554570	360.659964	40.938534	0.004704	4.2
1010	-0.542431	360.532015	40.952263	0.003563	5.8
1011	-0.551308	361.530518	40.845367	0.002091	5.7
1012	-0.536471	361.245471	40.875826	0.006636	10.5
1013	-0.534684	362.227845	40.771044	0.002296	5.3
1014	-0.535241	361.907180	40.805188	0.002841	5.8
1015	-0.532144	362.289880	40.764445	0.009306	6.4
1016	-0.543463	363.133841	40.674884	0.004505	7.7
1017	-0.539392	362.813176	40.708867	0.002469	8.6
1018	-0.570463	363.230931	40.664606	0.003424	12.4
1019	-0.549473	364.230711	40.559070	0.007363	6.5
1020	-0.551897	363.910046	40.592860	0.004646	9.3
1021	-0.541925	363.589381	40.626705	0.003368	6.6
1022	-0.544665	363.268716	40.660607	0.002765	8.9
1023	-0.548477	364.268127	40.555131	0.004984	5.9
1024	-0.576641	365.268125	40.450139	0.004844	6.2
1025	-0.549811	366.268125	40.345689	0.004871	6.8
1026	-0.548650	367.268125	40.241777	0.006196	6.5
1027	-0.559166	366.947459	40.275040	0.002279	9.4
1028	-0.546923	367.841768	40.182410	0.007441	6.6
1029	-0.538097	367.613826	40.205979	0.004007	6.7
1030	-0.559348	367.293162	40.239183	0.004169	6.4
1031	-0.533174	366.974547	40.272228	0.003696	13.5
1032	-0.545152	366.653882	40.305541	0.006749	4.1
1033	-0.544633	366.333235	40.338907	0.003073	6.2
1034	-0.530909	367.333235	40.235030	0.001604	6.0
1035	-0.544776	368.071502	40.158684	0.004103	5.9
1036	-0.557452	368.851545	40.078331	0.002747	9.7
1037	-0.531739	369.777459	39.983369	0.006771	6.4
1038	-0.520417	370.763994	39.882684	0.005450	7.0
1039	-0.583339	371.763994	39.781140	0.003392	5.7
1040	-0.549948	372.762745	39.680238	0.004285	9.0
1041	-0.568261	372.450157	39.711763	0.005708	6.0
1042	-0.518436	373.410348	39.615085	0.003057	6.7
1043	-0.543641	373.089683	39.647319	0.004655	11.4
1044	-0.550422	374.082097	39.547728	0.003189	7.1
1045	-0.536480	375.082096	39.447881	0.003282	7.1
1046	-0.539789	376.045601	39.352153	0.002539	4.9
1047	-0.546634	377.043321	39.253515	0.002355	7.4
1048	-0.553718	376.734536	39.283990	0.004108	7.3
1049	-0.548301	377.655872	39.193200	0.001716	11.2
1050	-0.551329	378.646945	39.096006	0.003995	8.4
1051	-0.556564	378.364755	39.123631	0.004193	11.9
1052	-0.566048	379.364339	39.025952	0.006971	10.1
1053	-0.541202	380.364339	38.928719	0.003188	11.4
1054	-0.531022	381.364339	38.831969	0.002174	10.9
1055	-0.539907	381.126541	38.854932	0.002820	14.0
1056	-0.536161	381.846078	38.785532	0.002848	12.0
1057	-0.568246	382.626435	38.710545	0.003200	10.6
1058	-0.547592	382.449835	38.727490	0.006981	11.6
1059	-0.544516	382.129183	38.758294	0.004047	9.7
1060	-0.558440	381.808518	38.789148	0.004151	11.9
1061	-0.550689	381.487876	38.820050	0.004323	11.3
1062	-0.534083	382.450078	38.727467	0.005233	3.9
1063	-0.543567	382.129413	38.758272	0.004841	6.0
1064	-0.547935	383.129158	38.662391	0.007141	11.0
1065	-0.559611	382.808502	38.693092	0.005292	7.2
1066	-0.554958	383.808502	38.597508	0.004255	11.4
1067	-0.561740	383.510122	38.625979	0.002263	17.5
1068	-0.538485	383.373832	38.638997	0.003010	5.5
1069	-0.553362	383.054229	38.669560	0.005297	12.0
1070	-0.556580	382.733564	38.700274	0.002998	10.2
1071	-0.540759	383.131968	38.662122	0.005968	10.9
1072	-0.539623	384.131968	38.566691	0.002983	5.8
1073	-0.541636	383.811305	38.597241	0.006154	8.6
1074	-0.559041	384.811246	38.502135	0.002328	15.6
1075	-0.554473	385.781845	38.410267	0.005585	6.9
1076	-0.576114	386.781788	38.316079	0.002222	11.3
1077	-0.560439	386.488453	38.343662	0.002926	9.9
1078	-0.543429	387.459991	38.252460	0.003573	10.9
1079	-0.556348	387.143879	38.282087	0.003654	6.4
1080	-0.549686	386.823255	38.312184	0.003275	6.4
1081	-0.523809	387.795130	38.221100	0.004288	5.9
1082	-0.562753	387.477189	38.250849	0.005002	11.3
1083	-0.557389	388.474851	38.157653	0.003079	12.4
1084	-0.548085	388.302665	38.173706	0.005538	11.0
1085	-0.545558	388.038997	38.198312	0.003014	10.7
1086	-0.567254	387.718394	38.228276	0.005448	7.5
1087	-0.525524	387.827397	38.218083	0.003486	7.9
1088	-0.548828	387.524996	38.246373	0.004344	7.9
1089	-0.558018	387.204332	38.276417	0.004258	12.0
1090	-0.536168	388.198467	38.183426	0.003683	9.7
1091	-0.553683	388.102345	38.192398	0.004827	6.1
1092	-0.554758	387.781685	38.222357	0.004061	6.2
1093	-0.554418	387.461053	38.252360	0.003815	10.1
1094	-0.549116	387.779405	38.222570	0.002933	10.9
1095	-0.558584	387.459035	38.252549	0.004649	4.9
1096	-0.554143	387.339077	38.263787	0.004458	10.1
1097	-0.545060	388.339077	38.170310	0.004485	3.0
1098	-0.527472	388.093580	38.193216	0.004985	6.2
1099	-0.559778	387.781520	38.222372	0.002959	10.6
1100	-0.543315	388.781520	38.129097	0.002523	11.6
1101	-0.538029	389.780253	38.036394	0.003559	2.0
1102	-0.558216	390.646811	37.956323	0.004646	6.2
1103	-0.557999	391.646790	37.864343	0.003057	7.3
1104	-0.542939	392.646789	37.772805	0.003848	6.4
1105	-0.552143	392.326224	37.802100	0.003428	6.9
1106	-0.541318	392.043309	37.827993	0.005220	6.5
1107	-0.555380	391.730776	37.856638	0.003788	11.5
1108	-0.530247	392.724433	37.765716	0.005011	11.4
1109	-0.558592	393.068012	37.734379	0.002931	8.9
1110	-0.525285	394.068000	37.643469	0.006102	2.1
1111	-0.570163	393.790279	37.668673	0.005195	11.4
1112	-0.564273	394.790276	37.578078	0.004753	8.3
1113	-0.547084	395.789989	37.487943	0.002943	10.4
1114	-0.525100	395.469324	37.516807	0.003060	11.4
1115	-0.537043	395.243229	37.537186	0.003249	3.9
1116	-0.523627	394.923040	37.566083	0.004730	7.7
1117	-0.555174	394.948860	37.563751	0.005038	11.1
1118	-0.547330	395.948860	37.473659	0.009101	11.5
1119	-0.548992	395.628195	37.502501	0.004188	3.3
1120	-0.538563	395.307530	37.531388	0.002312	11.4
1121	-0.564389	395.196700	37.541382	0.003303	4.2
1122	-0.538063	395.924957	37.475808	0.002131	3.9
1123	-0.540188	396.914873	37.387038	0.004263	11.0
1124	-0.548208	396.682519	37.407837	0.004571	8.4
1125	-0.556619	396.361854	37.436578	0.003611	6.0
1126	-0.575050	397.361854	37.347094	0.004033	11.5
1127	-0.528951	397.069921	37.373173	0.006403	6.6
1128	-0.557971	396.749256	37.401861	0.004810	7.2
1129	-0.574578	397.749256	37.312543	0.004381	7.8
1130	-0.559453	397.428590	37.341137	0.004484	11.1
1131	-0.541018	398.428579	37.252110	0.003784	9.3
1132	-0.546386	399.428575	37.163505	0.003922	11.3
1133	-0.531449	399.107910	37.191872	0.003025	6.5
1134	-0.534835	400.107908	37.103553	0.004355	11.2
1135	-0.537692	401.107906	37.015652	0.004745	6.0
1136	-0.547219	402.107895	36.928168	0.003633	16.0
1137	-0.563077	401.787287	36.956171	0.002771	3.4
1138	-0.540975	402.278262	36.913305	0.004596	13.1
1139	-0.548215	403.278261	36.826302	0.003556	6.9
1140	-0.532011	402.957596	36.854156	0.002450	6.3
1141	-0.540786	402.637390	36.882012	0.001682	6.6
1142	-0.541205	403.489112	36.808010	0.009422	5.7
1143	-0.555244	403.935114	36.769377	0.003442	6.0
1144	-0.532907	403.614449	36.797145	0.005239	6.9
1145	-0.535999	404.614400	36.710693	0.003931	12.0
1146	-0.527323	405.614372	36.624644	0.002995	12.8
1147	-0.545651	405.954351	36.595480	0.003515	2.0
1148	-0.544544	406.222627	36.572500	0.004397	11.8
1149	-0.565215	406.224551	36.572335	0.003772	6.2
1150	-0.568163	407.067266	36.500337	0.002501	12.8
1151	-0.552148	407.812329	36.436917	0.003444	11.4
1152	-0.539165	408.811562	36.352208	0.009284	10.4
1153	-0.542259	408.490897	36.379349	0.005694	5.9
1154	-0.545220	408.170241	36.406530	0.005140	10.9
1155	-0.556157	407.849576	36.433753	0.003797	6.1
1156	-0.558157	408.849575	36.348993	0.005531	10.4
1157	-0.554284	409.849189	36.264660	0.003712	7.8
1158	-0.557567	410.849189	36.180685	0.006262	11.3
1159	-0.565746	411.849104	36.097105	0.002681	4.9
1160	-0.547650	412.824606	36.015936	0.008687	10.7
1161	-0.525870	413.824606	35.933108	0.003380	8.0
1162	-0.546260	413.503940	35.959627	0.003826	14.2
1163	-0.580477	413.209576	35.984005	0.007204	5.6
1164	-0.551475	414.209576	35.901323	0.002641	5.9
1165	-0.547178	415.204059	35.819473	0.002533	6.3
1166	-0.557416	414.953506	35.840059	0.002650	11.7
1167	-0.580747	414.637241	35.866078	0.003832	5.9
1168	-0.531384	415.048197	35.832276	0.003963	10.1
1169	-0.525444	416.045671	35.750496	0.004631	7.6
1170	-0.526035	417.045671	35.668882	0.002747	6.7
1171	-0.533215	416.749075	35.693050	0.004714	9.3
1172	-0.578347	417.742473	35.612234	0.003992	5.4
1173	-0.528974	418.742430	35.531253	0.002687	11.6
1174	-0.516028	419.501173	35.470052	0.008002	6.6
1175	-0.555638	420.482139	35.391238	0.003398	11.6
1176	-0.560653	420.161638	35.416949	0.002956	8.0
1177	-0.544548	419.918314	35.436495	0.002581	11.9
1178	-0.570892	419.625739	35.460024	0.002663	6.9
1179	-0.551161	420.624465	35.379832	0.003373	6.5
1180	-0.525908	421.622663	35.300044	0.002918	10.6
1181	-0.557472	422.622447	35.220489	0.002865	8.0
1182	-0.545789	422.410575	35.237318	0.003652	6.1
1183	-0.565453	422.274728	35.248117	0.003598	9.9
1184	-0.535558	421.958551	35.273276	0.004181	6.0
1185	-0.543130	422.042677	35.266579	0.003206	10.0
1186	-0.541482	423.042673	35.187157	0.004609	11.0
1187	-0.561675	422.722008	35.212586	0.003452	12.2
1188	-0.525372	422.412050	35.237201	0.005492	16.0
1189	-0.568894	422.091385	35.262702	0.004158	9.0
1190	-0.536262	423.091377	35.183298	0.005524	8.3
1191	-0.536219	424.084321	35.104807	0.003580	7.1
1192	-0.541109	423.763657	35.130117	0.005881	8.3
1193	-0.557666	424.700548	35.056272	0.003821	11.0
1194	-0.558565	424.379891	35.081511	0.004719	13.2
1195	-0.552578	424.150030	35.099626	0.003673	7.3
1196	-0.553841	424.696955	35.056554	0.009493	9.9
1197	-0.551194	424.376290	35.081794	0.003077	11.2
1198	-0.551573	424.055624	35.107071	0.006736	10.4
1199	-0.554838	425.055624	35.028365	0.003143	10.0
1200	-0.541041	426.055624	34.950012	0.004539	7.8
1201	-0.521659	426.421518	34.921430	0.005360	7.8
1202	-0.537396	427.369578	34.847590	0.002771	6.3
1203	-0.577025	428.369577	34.770043	0.005582	11.1
1204	-0.536797	429.009301	34.720614	0.003736	11.6
1205	-0.541973	430.009300	34.643630	0.003272	5.1
1206	-0.571427	430.987238	34.568674	0.007043	8.5
1207	-0.523383	430.666572	34.593216	0.002713	10.6
1208	-0.561889	430.345907	34.617794	0.001887	3.9
1209	-0.551401	431.141469	34.556882	0.004641	12.1
1210	-0.535590	430.855536	34.578750	0.005449	7.9
1211	-0.546262	431.841024	34.503498	0.002500	5.7
1212	-0.542315	432.751617	34.434256	0.004921	6.3
1213	-0.562451	432.517940	34.451999	0.002913	11.2
1214	-0.535920	432.318214	34.467178	0.003066	9.5
1215	-0.540983	433.315124	34.391546	0.002670	6.7
1216	-0.564919	433.011330	34.414558	0.005429	11.5
1217	-0.564046	434.011298	34.338926	0.003692	11.2
1218	-0.562958	434.997372	34.264670	0.006586	5.9
1219	-0.538715	435.997372	34.189692	0.002383	6.1
1220	-0.565540	435.676713	34.213699	0.003384	11.5
1221	-0.533268	435.357193	34.237653	0.003255	6.7
1222	-0.567138	436.347609	34.163510	0.006009	6.2
1223	-0.556639	437.347609	34.088973	0.003818	7.1
1224	-0.546925	437.037845	34.112027	0.002784	6.0
1225	-0.572113	438.037363	34.037751	0.002373	6.3
1226	-0.541916	437.725295	34.060907	0.002555	11.6
1227	-0.526559	437.921723	34.046328	0.002952	9.6
1228	-0.563369	438.290536	34.018988	0.003063	5.5
1229	-0.538138	437.969882	34.042755	0.005920	10.6
1230	-0.542252	438.969877	33.968745	0.002971	4.9
1231	-0.528146	438.650416	33.992354	0.004596	6.4
1232	-0.559051	438.338800	34.015414	0.002497	6.4
1233	-0.542619	439.169616	33.954001	0.002219	7.7
1234	-0.530046	439.061345	33.961991	0.003568	10.2
1235	-0.542014	439.228462	33.949659	0.004801	5.3
1236	-0.537638	438.907811	33.973329	0.004210	5.9
1237	-0.522436	439.904433	33.899868	0.002952	9.4
1238	-0.538388	439.584128	33.923443	0.008272	5.6
1239	-0.545566	440.584128	33.849949	0.004318	9.7
1240	-0.547031	440.263463	33.873482	0.002812	6.9
1241	-0.567557	441.263456	33.800205	0.003999	11.4
1242	-0.538192	440.942821	33.823665	0.003810	8.8
1243	-0.534651	440.622157	33.847161	0.004920	6.2
1244	-0.576694	440.304586	33.870462	0.004211	11.5
1245	-0.546783	439.983921	33.894023	0.003446	11.6
1246	-0.566114	440.983890	33.820659	0.004712	6.5
1247	-0.548733	441.980903	33.747827	0.005589	11.3
1248	-0.535365	442.845682	33.684909	0.001605	3.3
1249	-0.565571	442.726030	33.693600	0.003072	12.9
1250	-0.540173	442.730790	33.693254	0.002675	9.9
1251	-0.547618	442.430979	33.715052	0.005678	7.1
1252	-0.528711	442.110314	33.738397	0.003533	11.0
1253	-0.550274	443.108382	33.665842	0.002335	7.8
1254	-0.546923	442.793279	33.688715	0.004452	6.2
1255	-0.537010	443.649522	33.626634	0.004067	5.8
1256	-0.552023	443.328857	33.649857	0.004481	9.9
1257	-0.570850	443.070976	33.668556	0.002927	12.7
1258	-0.501228	442.767883	33.690559	0.007087	7.7
1259	-0.559473	443.767826	33.618075	0.004093	7.9
1260	-0.553258	444.763751	33.546190	0.004356	6.1
1261	-0.540365	444.481739	33.566514	0.003249	9.8
1262	-0.523585	445.475630	33.494996	0.002597	8.7
1263	-0.537393	446.249835	33.439497	0.003704	12.8
1264	-0.581094	445.929258	33.462455	0.003935	5.1
1265	-0.553575	445.837800	33.469011	0.002750	11.2
1266	-0.535072	446.577881	33.416036	0.002584	8.0
1267	-0.531205	446.258621	33.438868	0.005609	6.4
1268	-0.546427	447.258620	33.367457	0.008246	6.0
1269	-0.560473	448.258546	33.296356	0.004592	6.1
1270	-0.550240	449.258546	33.225551	0.007487	6.5
1271	-0.552324	450.258546	33.155047	0.003504	6.0
1272	-0.554039	449.937881	33.177623	0.003970	5.8
1273	-0.543252	450.937284	33.107364	0.004455	13.8
1274	-0.546599	451.937199	33.037366	0.001926	1.5
1275	-0.551359	451.624912	33.059196	0.002509	11.1
1276	-0.537351	451.636763	33.058367	0.005162	6.6
1277	-0.542594	452.636747	32.988571	0.004079	11.3
1278	-0.533600	452.316081	33.010920	0.003503	5.5
1279	-0.565133	453.278121	32.943960	0.004578	5.4
1280	-0.550793	454.278116	32.874645	0.002848	6.2
1281	-0.537339	455.278112	32.805621	0.005536	5.9
1282	-0.542615	454.957464	32.827722	0.003040	6.2
1283	-0.553120	455.956816	32.758939	0.002594	6.0
1284	-0.547432	456.862040	32.696883	0.004964	9.7
1285	-0.526931	456.541380	32.718839	0.004035	7.8
1286	-0.555195	456.334686	32.733007	0.003545	8.5
1287	-0.536430	457.015222	32.686406	0.006905	6.2
1288	-0.540945	457.310198	32.666248	0.002009	6.6
1289	-0.552784	458.309601	32.598136	0.005327	10.5
1290	-0.518259	459.275466	32.532579	0.003287	7.9
1291	-0.539135	460.275461	32.464982	0.002518	6.6
1292	-0.556903	459.955252	32.486597	0.004780	10.4
1293	-0.561492	459.634590	32.508271	0.003812	1.6
1294	-0.560466	460.634590	32.440775	0.004743	5.9
1295	-0.567224	461.634590	32.373559	0.003248	7.6
1296	-0.557826	461.313932	32.395082	0.006713	6.1
1297	-0.538718	462.313932	32.328055	0.007081	9.8
1298	-0.552677	463.313932	32.261305	0.004002	6.4
1299	-0.578566	462.993267	32.282679	0.005570	7.8
1300	-0.560805	463.993257	32.216117	0.002901	9.6
1301	-0.540030	464.993257	32.149828	0.002401	4.3
1302	-0.551232	465.677731	32.104611	0.002968	6.0
1303	-0.561604	466.582450	32.045041	0.007268	8.1
1304	-0.556318	467.472453	31.986654	0.002770	6.8
1305	-0.536127	468.472453	31.921305	0.005297	6.1
1306	-0.554463	469.464470	31.856741	0.007052	5.4
1307	-0.519850	470.463982	31.791952	0.005586	6.0
1308	-0.550461	471.463982	31.727395	0.002911	10.8
1309	-0.571577	471.971130	31.694755	0.003479	5.7
1310	-0.565910	471.650748	31.715367	0.004785	10.6
1311	-0.531404	472.650748	31.651121	0.003986	3.3
1312	-0.549286	473.644215	31.587551	0.002755	11.3
1313	-0.537355	473.471578	31.598579	0.001928	6.6
1314	-0.543698	474.425206	31.537756	0.006226	17.3
1315	-0.583799	474.104542	31.558182	0.002654	2.0
1316	-0.551948	475.104542	31.494570	0.005671	6.2
1317	-0.562254	476.104419	31.431222	0.005253	6.2
1318	-0.543122	475.783759	31.451510	0.005142	9.6
1319	-0.580943	475.463094	31.471825	0.004176	7.8
1320	-0.541376	475.886238	31.445023	0.001638	6.0
1321	-0.550978	475.569357	31.465090	0.005339	10.0
1322	-0.533970	476.503672	31.405998	0.003764	10.9
1323	-0.560274	477.447145	31.346552	0.003920	8.3
1324	-0.552824	477.126908	31.366704	0.004246	9.3
1325	-0.547509	478.113585	31.304697	0.005885	14.5
1326	-0.566315	479.113583	31.242102	0.003713	8.8
1327	-0.554811	480.113583	31.179756	0.002607	11.9
1328	-0.549606	479.793247	31.199701	0.004777	10.9
1329	-0.535974	480.792248	31.137586	0.005255	6.0
1330	-0.554106	481.792248	31.075657	0.003949	9.5
1331	-0.564622	481.471583	31.095489	0.003982	11.1
1332	-0.583261	481.155066	31.115089	0.003945	5.1
1333	-0.533981	480.834402	31.134971	0.003189	6.5
1334	-0.544570	480.513741	31.154878	0.005212	6.5
1335	-0.564954	480.215041	31.173445	0.002912	5.8
1336	-0.547471	479.966310	31.188923	0.004403	5.9
1337	-0.557467	479.645645	31.208899	0.002767	12.5
1338	-0.555193	480.124980	31.179047	0.003462	6.3
1339	-0.548582	480.862291	31.133240	0.003588	6.1
1340	-0.539327	481.712240	31.080603	0.005062	9.8
1341	-0.542052	482.712215	31.018901	0.003144	6.4
1342	-0.535350	482.391550	31.038660	0.003881	11.5
1343	-0.572703	483.391549	30.977124	0.003416	12.5
1344	-0.529585	484.253655	30.924268	0.005578	5.9
1345	-0.551617	484.804976	30.890561	0.005040	6.0
1346	-0.534508	484.484310	30.910157	0.003810	13.0
1347	-0.540429	485.484265	30.849131	0.001726	8.0
1348	-0.547650	486.135759	30.809501	0.003770	11.3
1349	-0.560014	485.852889	30.826695	0.003614	7.5
1350	-0.546482	486.852881	30.765995	0.003473	9.1
1351	-0.545972	486.532299	30.785429	0.006703	11.5
1352	-0.529729	486.211634	30.804892	0.004893	7.9
1353	-0.555848	485.927334	30.822168	0.004438	8.4
1354	-0.550687	486.927295	30.761488	0.003810	6.4
1355	-0.544071	486.645469	30.778566	0.003016	9.0
1356	-0.545475	487.528957	30.725093	0.002996	12.4
1357	-0.557894	488.520049	30.665328	0.005398	12.5
1358	-0.537741	489.520027	30.605262	0.002025	11.7
1359	-0.584927	490.513195	30.545838	0.002702	6.2
1360	-0.563809	491.479325	30.488253	0.006686	13.1
1361	-0.544564	492.479183	30.428886	0.004002	1.7
1362	-0.535814	493.479174	30.369741	0.003515	11.4
1363	-0.566318	494.479174	30.310826	0.003561	14.4
1364	-0.565400	494.160120	30.329598	0.005438	3.9
1365	-0.528782	493.872284	30.346554	0.003266	6.8
1366	-0.572137	494.872283	30.287728	0.003251	7.0
1367	-0.540868	494.556330	30.306290	0.007444	11.6
1368	-0.561681	495.499168	30.250967	0.003145	5.2
1369	-0.545353	496.499167	30.192511	0.004169	6.6
1370	-0.546873	497.499162	30.134281	0.004484	6.0
1371	-0.556978	497.178541	30.152926	0.002205	6.1
1372	-0.544084	496.878450	30.170399	0.005150	6.1
1373	-0.527590	496.557865	30.189087	0.004549	10.7
1374	-0.546575	497.555540	30.131005	0.008564	9.3
1375	-0.581220	498.555540	30.073011	0.004359	10.6
1376	-0.572251	498.234874	30.091583	0.003118	4.8
1377	-0.557348	497.915306	30.110115	0.003099	9.5
1378	-0.557607	497.717922	30.121572	0.003891	11.8
1379	-0.518316	497.401296	30.139970	0.002818	12.5
1380	-0.533375	498.178646	30.094842	0.002868	7.0
1381	-0.528789	498.483624	30.077174	0.003874	8.0
1382	-0.555098	499.478847	30.019663	0.003629	9.3
1383	-0.535680	500.464364	29.962928	0.004687	5.9
1384	-0.526078	501.464364	29.905579	0.003455	8.5
1385	-0.541515	501.144928	29.923875	0.003506	7.9
1386	-0.555895	502.125611	29.867778	0.002045	11.8
1387	-0.580079	501.812541	29.885663	0.005427	8.1
1388	-0.559296	501.514370	29.902717	0.003510	6.0
1389	-0.557808	501.220102	29.919567	0.004097	6.5
1390	-0.554573	502.220101	29.862384	0.005144	6.3
1391	-0.569272	503.220101	29.805418	0.005122	11.8
1392	-0.542079	503.402500	29.795051	0.005812	6.1
1393	-0.523851	503.082470	29.813246	0.005777	6.0
1394	-0.537206	504.082469	29.756467	0.004813	7.5
1395	-0.562765	504.388984	29.739107	0.005116	9.4
1396	-0.539034	505.388984	29.682611	0.005226	6.5
1397	-0.545685	506.384485	29.626581	0.003103	6.5
1398	-0.568626	506.063820	29.644606	0.005684	10.8
1399	-0.557533	507.063541	29.588484	0.006371	7.7
1400	-0.527535	506.742876	29.606462	0.004363	6.2
1401	-0.542096	507.742876	29.550468	0.002397	11.0
1402	-0.549621	507.650254	29.555645	0.002320	7.1
1403	-0.563532	507.539624	29.561832	0.009227	6.0
1404	-0.549325	508.539623	29.506006	0.006710	12.4
1405	-0.543928	509.539623	29.450391	0.004025	1.6
1406	-0.565902	509.224041	29.467920	0.004934	5.8
1407	-0.540988	508.903376	29.485752	0.003405	11.7
1408	-0.540096	508.589532	29.503226	0.003085	7.2
1409	-0.535006	508.274020	29.520813	0.005921	9.9
1410	-0.539517	508.011940	29.535438	0.003322	5.4
1411	-0.545303	507.691275	29.553352	0.003383	7.2
1412	-0.545726	507.371009	29.571266	0.003695	6.8
1413	-0.533607	507.064665	29.588421	0.004065	7.3
1414	-0.533640	508.064659	29.532495	0.005050	6.1
1415	-0.547819	509.022689	29.479114	0.004843	5.9
1416	-0.554464	510.022689	29.423600	0.004837	8.0
1417	-0.543943	511.022689	29.368295	0.003877	10.2
1418	-0.548246	510.719810	29.385024	0.003071	11.1
1419	-0.534937	511.719437	29.329884	0.002660	5.8
1420	-0.567757	511.400684	29.347444	0.003732	6.4
1421	-0.546807	512.396739	29.292641	0.003835	5.8
1422	-0.547391	513.396621	29.237833	0.002587	11.7
1423	-0.556640	513.095482	29.254319	0.004543	5.9
1424	-0.539645	512.779716	29.271624	0.006868	6.5
1425	-0.544809	512.459051	29.289220	0.001853	10.9
1426	-0.559821	513.451619	29.234825	0.003238	8.5
1427	-0.541085	514.445023	29.180586	0.006736	6.7
1428	-0.542489	514.124358	29.198072	0.005343	19.3
1429	-0.543080	515.124358	29.143610	0.004804	7.1
1430	-0.547286	514.803693	29.161052	0.003292	7.6
1431	-0.530990	515.798525	29.107009	0.003825	11.9
1432	-0.553096	515.477861	29.124407	0.004740	9.2
1433	-0.564236	515.160149	29.141665	0.004387	10.9
1434	-0.546755	514.839498	29.159104	0.004432	2.2
1435	-0.549866	515.839488	29.104788	0.005919	6.5
1436	-0.552357	516.824282	29.051495	0.003151	11.1
1437	-0.531093	517.772836	29.000347	0.002399	9.2
1438	-0.523056	517.461623	29.017109	0.004523	7.8
1439	-0.570027	518.461602	28.963321	0.004666	9.8
1440	-0.550158	519.461601	28.909731	0.005322	11.1
1441	-0.542081	520.461601	28.856339	0.004468	8.4
1442	-0.527304	520.140937	28.873438	0.003361	7.9
1443	-0.571969	519.820272	28.890558	0.003785	6.4
1444	-0.564443	519.504475	28.907438	0.004680	10.9
1445	-0.554676	520.473377	28.855711	0.004754	11.3
1446	-0.577280	521.473377	28.802518	0.004636	9.7
1447	-0.539647	521.152712	28.819554	0.005580	8.9
1448	-0.547313	520.832046	28.836610	0.002039	5.9
1449	-0.556031	521.517060	28.800199	0.003809	9.7
1450	-0.562887	521.304114	28.811508	0.003787	10.4
1451	-0.539687	522.304106	28.758478	0.004172	3.6
1452	-0.545063	523.304105	28.705643	0.002101	9.1
1453	-0.562629	524.244526	28.656133	0.006216	8.1
1454	-0.567434	525.201789	28.605910	0.003684	6.0
1455	-0.545205	526.201785	28.553634	0.005141	9.8
1456	-0.515014	526.473036	28.539487	0.004252	7.5
1457	-0.536594	527.472993	28.487454	0.006645	7.0
1458	-0.556752	527.152328	28.504119	0.002499	9.1
1459	-0.553087	528.151655	28.452249	0.002314	7.9
1460	-0.559267	528.376129	28.440623	0.005288	5.9
1461	-0.535335	529.106150	28.402881	0.003458	11.6
1462	-0.548885	528.785485	28.419447	0.007692	10.3
1463	-0.539960	529.785485	28.367849	0.005981	4.9
1464	-0.547642	529.464820	28.384374	0.002835	6.7
1465	-0.561097	529.148358	28.400702	0.002836	11.1
1466	-0.568140	528.828043	28.417247	0.003312	6.0
1467	-0.540076	529.827664	28.365677	0.001841	6.2
1468	-0.552756	529.561499	28.379390	0.004634	11.1
1469	-0.567853	529.245413	28.395692	0.005424	1.5
1470	-0.539321	528.924748	28.412250	0.002084	9.0
1471	-0.549386	528.607032	28.428674	0.003290	8.2
1472	-0.562802	529.563476	28.379288	0.003175	6.3
1473	-0.535585	529.259023	28.394990	0.003470	7.6
1474	-0.555931	530.080380	28.352669	0.004947	6.4
1475	-0.551994	531.080345	28.301314	0.004968	5.9
1476	-0.557734	532.080345	28.250144	0.005837	7.5
1477	-0.533958	533.080345	28.199158	0.003547	11.5
1478	-0.551625	534.079700	28.148389	0.002753	6.1
1479	-0.535952	533.759451	28.164639	0.003645	9.6
1480	-0.551410	534.745165	28.114683	0.003868	7.2
1481	-0.530670	535.744259	28.064231	0.002462	12.7
1482	-0.535598	535.584742	28.072274	0.003279	6.3
1483	-0.536465	535.267297	28.088294	0.002298	6.6
1484	-0.544708	535.009511	28.101317	0.004800	7.4
1485	-0.563007	534.688846	28.117533	0.003311	11.2
1486	-0.543813	535.688613	28.067036	0.006627	7.7
1487	-0.535618	536.688613	28.016709	0.005426	10.8
1488	-0.558396	536.378934	28.032275	0.006999	6.0
1489	-0.531922	536.058269	28.048411	0.007897	6.0
1490	-0.562546	536.855728	28.008316	0.001973	7.6
1491	-0.554517	536.535074	28.024424	0.001949	6.3
1492	-0.520236	537.223327	27.989872	0.002927	6.2
1493	-0.579028	537.737460	27.964117	0.004155	11.2
1494	-0.553051	538.649254	27.918557	0.003002	5.8
1495	-0.556024	539.618960	27.870266	0.003905	12.7
1496	-0.549119	540.602236	27.821469	0.004745	3.0
1497	-0.540726	540.340253	27.834454	0.003446	11.3
1498	-0.547817	541.340253	27.784956	0.002452	6.8
1499	-0.515195	541.020247	27.800777	0.003166	11.7
1500	-0.549632	542.008451	27.751980	0.002948	6.3
1501	-0.537232	541.874649	27.758577	0.004329	6.9
1502	-0.527635	541.556608	27.774271	0.003856	8.0
1503	-0.561455	541.235943	27.790111	0.005850	10.9
1504	-0.542527	540.915278	27.805970	0.004469	6.6
1505	-0.555128	541.915276	27.756574	0.004875	11.5
1506	-0.574207	542.368831	27.734228	0.002931	5.8
1507	-0.572032	542.048166	27.750023	0.005337	10.6
1508	-0.557327	541.854730	27.759560	0.004833	15.7
1509	-0.541250	542.854730	27.710328	0.004756	5.2
1510	-0.552173	542.534066	27.726096	0.003290	10.7
1511	-0.548373	542.511070	27.727227	0.004215	5.6
1512	-0.521563	543.511052	27.678111	0.002870	10.9
1513	-0.566772	543.203008	27.693222	0.004865	5.5
1514	-0.545051	542.883022	27.708938	0.004166	5.9
1515	-0.560373	542.563670	27.724639	0.004351	8.3
1516	-0.556384	542.247153	27.740219	0.006840	16.4
1517	-0.548130	543.247152	27.691056	0.002817	3.4
1518	-0.558172	542.926487	27.706802	0.003784	11.7
1519	-0.566196	542.605822	27.722566	0.003412	15.7
1520	-0.549703	543.605393	27.673486	0.002746	9.0
1521	-0.520667	544.597380	27.624950	0.005085	14.8
1522	-0.552539	544.283478	27.640290	0.003693	12.8
1523	-0.557875	544.021616	27.653100	0.002585	7.1
1524	-0.551537	543.955801	27.656322	0.004758	12.0
1525	-0.543327	544.955769	27.607457	0.007519	4.0
1526	-0.545935	544.635103	27.623108	0.005888	6.2
1527	-0.565694	544.314438	27.638777	0.006420	11.5
1528	-0.571573	545.314438	27.589972	0.003985	11.0
1529	-0.552378	546.314318	27.541345	0.004643	6.6
1530	-0.538633	547.314318	27.492884	0.004096	11.1
1531	-0.526834	548.314318	27.444592	0.004913	6.7
1532	-0.535907	549.314317	27.396471	0.004271	6.0
1533	-0.523492	549.044612	27.409433	0.002373	12.1
1534	-0.548465	550.020784	27.362576	0.005558	13.0
1535	-0.537714	549.700132	27.377950	0.005821	6.5
1536	-0.521751	550.700132	27.330061	0.001900	5.3
1537	-0.559558	550.379480	27.345398	0.005426	6.3
1538	-0.528595	551.379300	27.297632	0.002832	6.1
1539	-0.558253	551.058635	27.312933	0.003743	11.8
1540	-0.543122	552.022043	27.267013	0.002984	11.3
1541	-0.543777	552.991250	27.220971	0.004881	5.7
1542	-0.575263	552.672858	27.236079	0.003776	12.4
1543	-0.547735	552.381233	27.249932	0.003792	11.1
1544	-0.550352	553.381232	27.202489	0.006161	8.0
1545	-0.557466	554.381096	27.155219	0.005410	6.4
1546	-0.556843	555.381096	27.108105	0.003382	6.6
1547	-0.565723	555.141962	27.119357	0.004088	6.1
1548	-0.555934	554.987013	27.126652	0.003581	11.1
1549	-0.540227	554.791623	27.135857	0.002637	10.3
1550	-0.552327	555.791581	27.088813	0.006463	5.2
1551	-0.551679	556.021444	27.078022	0.004641	16.4
1552	-0.515804	555.708860	27.092699	0.005567	7.0
1553	-0.533245	556.632881	27.049359	0.004074	5.8
1554	-0.569056	556.312215	27.064384	0.004599	5.6
1555	-0.534199	556.568725	27.052364	0.004893	5.4
1556	-0.563155	556.248230	27.067384	0.004609	8.2
1557	-0.557053	555.934336	27.082110	0.003159	7.7
1558	-0.527081	555.613863	27.097162	0.005348	6.3
1559	-0.551672	555.447371	27.104989	0.004337	5.9
1560	-0.553284	556.447371	27.058049	0.003597	7.0
1561	-0.545554	557.443727	27.011442	0.004519	6.9
1562	-0.555217	558.443024	26.964859	0.002855	11.0
1563	-0.534088	559.423046	26.919330	0.004988	6.0
1564	-0.568547	559.141225	26.932407	0.003192	7.2
1565	-0.543923	558.820937	26.947284	0.002417	5.6
1566	-0.553940	558.502808	26.962077	0.003739	5.9
1567	-0.569321	558.336542	26.969815	0.004861	8.0
1568	-0.554845	558.016396	26.984727	0.002653	6.8
1569	-0.548628	558.897438	26.943729	0.002364	11.6
1570	-0.537210	559.889579	26.897710	0.006287	7.2
1571	-0.533831	560.889561	26.851486	0.006871	5.9
1572	-0.531042	561.889561	26.805420	0.003357	9.3
1573	-0.551815	561.894076	26.805212	0.004024	8.1
1574	-0.542874	562.894076	26.759305	0.001316	7.8
1575	-0.559232	563.803804	26.717677	0.002541	8.7
1576	-0.564671	564.116028	26.703421	0.005011	6.0
1577	-0.539441	564.269346	26.696425	0.004134	11.2
1578	-0.524476	565.269346	26.650889	0.003315	5.9
1579	-0.538020	566.217086	26.607876	0.003759	5.9
1580	-0.527376	567.216204	26.562681	0.002598	6.0
1581	-0.555385	566.896225	26.577139	0.002837	7.7
1582	-0.562916	566.575750	26.591634	0.002841	6.4
1583	-0.553056	566.611068	26.590036	0.004896	7.3
1584	-0.561250	567.610257	26.544898	0.005412	6.7
1585	-0.517427	568.610257	26.499877	0.005520	7.5
1586	-0.555987	568.289592	26.514297	0.003428	6.0
1587	-0.558466	569.289592	26.469380	0.002498	13.9
1588	-0.560660	568.969247	26.483752	0.003184	7.8
1589	-0.571448	569.471478	26.461226	0.007804	7.9
1590	-0.558998	570.471424	26.416491	0.006626	9.9
1591	-0.554688	571.471424	26.371904	0.004614	6.8
1592	-0.549591	571.150810	26.386183	0.005640	7.2
1593	-0.549315	570.830145	26.400479	0.003189	6.0
1594	-0.540019	570.718077	26.405479	0.003199	7.8
1595	-0.528702	570.940725	26.395547	0.005873	10.9
1596	-0.560474	570.620062	26.409854	0.007315	10.6
1597	-0.561421	570.299396	26.424176	0.004038	5.2
1598	-0.535208	569.978732	26.438514	0.005042	9.9
1599	-0.563596	570.978717	26.393853	0.002743	1.5
1600	-0.525403	571.945800	26.350805	0.003514	6.2
1601	-0.528888	571.630642	26.364819	0.004379	6.4
1602	-0.541479	571.310126	26.379085	0.002633	11.3
1603	-0.536973	570.989461	26.393374	0.004573	6.8
1604	-0.544967	571.914500	26.352197	0.004156	6.3
1605	-0.557401	572.913087	26.307889	0.004219	5.8
1606	-0.531267	573.913087	26.263667	0.003510	5.9
1607	-0.550725	573.592422	26.277831	0.003460	6.0
1608	-0.554706	574.592415	26.233711	0.002247	9.8
1609	-0.563668	574.402234	26.242091	0.002952	11.2
1610	-0.555277	574.083210	26.256159	0.004513	6.7
1611	-0.536616	575.083209	26.212111	0.005711	5.8
1612	-0.541765	574.762544	26.226220	0.003853	5.9
1613	-0.570388	575.762542	26.182272	0.005208	11.1
1614	-0.541330	575.444928	26.196215	0.004331	2.3
1615	-0.540392	575.553675	26.191439	0.003829	11.4
1616	-0.584569	576.553592	26.147612	0.002949	6.4
1617	-0.576397	576.234386	26.161587	0.002018	10.4
1618	-0.556484	576.482938	26.150704	0.005040	5.8
1619	-0.547550	576.165218	26.164617	0.006248	10.9
1620	-0.552763	577.111142	26.123238	0.004079	6.0
1621	-0.544143	576.790477	26.137250	0.004801	6.2
1622	-0.528699	577.790457	26.093601	0.004647	9.6
1623	-0.526175	577.469794	26.107582	0.005404	11.2
1624	-0.563183	577.149129	26.121578	0.003467	4.2
1625	-0.556686	578.141282	26.078322	0.002899	6.0
1626	-0.554309	578.649559	26.056218	0.003997	5.9
1627	-0.534986	578.331926	26.070027	0.002208	21.1
1628	-0.559497	578.151643	26.077871	0.003473	10.2
1629	-0.549047	577.924863	26.087746	0.003763	7.9
1630	-0.542542	578.902861	26.045216	0.002473	8.6
1631	-0.525830	578.582213	26.059144	0.005319	11.7
1632	-0.567839	578.261654	26.073084	0.006564	7.6
1633	-0.536365	579.261654	26.029648	0.001778	6.2
1634	-0.569906	580.261517	25.986362	0.004082	11.3
1635	-0.534585	579.944323	26.000078	0.006384	9.3
1636	-0.543458	579.623657	26.013959	0.005478	9.7
1637	-0.551056	580.623657	25.970720	0.005703	10.3
1638	-0.552646	581.623657	25.927624	0.005242	3.4
1639	-0.565096	582.623657	25.884670	0.004149	5.8
1640	-0.564482	582.303326	25.898414	0.003878	10.2
1641	-0.567332	583.302826	25.855579	0.004967	7.7
1642	-0.535000	584.302826	25.812864	0.003063	8.0
1643	-0.545821	585.302735	25.770293	0.003622	6.0
1644	-0.561043	586.302664	25.727862	0.001822	7.0
1645	-0.536200	587.299863	25.685686	0.003938	10.5
1646	-0.541199	587.467060	25.678628	0.003239	6.0
1647	-0.546366	587.157318	25.691707	0.002152	10.3
1648	-0.554076	588.015325	25.655511	0.004946	6.1
1649	-0.549437	589.013564	25.613528	0.005013	6.7
1650	-0.548865	588.731571	25.625374	0.002351	6.2
1651	-0.539539	589.710684	25.584290	0.004575	10.7
1652	-0.569167	590.697969	25.542997	0.005508	11.1
1653	-0.537267	591.697969	25.501308	0.003395	5.7
1654	-0.558358	591.377330	25.514660	0.003501	6.2
1655	-0.550254	591.057163	25.528007	0.004596	11.0
1656	-0.558743	590.736498	25.541388	0.006612	7.9
1657	-0.559522	591.736304	25.499712	0.003095	6.7
1658	-0.523204	591.415638	25.513064	0.004427	8.1
1659	-0.556028	591.098663	25.526276	0.003336	6.3
1660	-0.542526	592.083768	25.485260	0.003020	9.4
1661	-0.562358	593.081806	25.443840	0.003967	12.0
1662	-0.563694	592.761145	25.457134	0.003603	8.7
1663	-0.562565	593.758270	25.415843	0.005838	6.1
1664	-0.543532	593.526143	25.425443	0.004746	7.1
1665	-0.550796	593.205478	25.438717	0.003117	7.9
1666	-0.545268	592.915823	25.450720	0.005376	17.4
1667	-0.518476	593.915817	25.409331	0.005013	11.9
1668	-0.554926	594.915817	25.368076	0.002670	2.5
1669	-0.552738	594.595151	25.381291	0.004347	9.0
1670	-0.546353	594.274486	25.394519	0.003310	16.4
1671	-0.541298	593.953821	25.407761	0.004487	6.9
1672	-0.541408	594.905770	25.368490	0.003925	11.3
1673	-0.534141	595.905768	25.327368	0.004214	13.2
1674	-0.547358	596.901906	25.286537	0.003512	12.4
1675	-0.538094	596.585660	25.299485	0.005268	6.5
1676	-0.536164	597.585151	25.258607	0.005026	13.5
1677	-0.571586	597.264486	25.271708	0.003622	9.8
1678	-0.559434	598.264486	25.230899	0.005087	11.1
1679	-0.556310	597.943821	25.243970	0.003441	8.7
1680	-0.552866	598.943444	25.203266	0.003704	8.4
1681	-0.538898	598.622862	25.216306	0.003380	12.5
1682	-0.534256	599.622853	25.175675	0.003288	11.9
1683	-0.537270	599.327899	25.187646	0.003082	13.7
1684	-0.566582	600.324675	25.147238	0.002366	11.2
1685	-0.564765	601.196601	25.111997	0.004062	8.9
1686	-0.519241	600.876981	25.124904	0.004130	11.7
1687	-0.533853	600.556565	25.137856	0.005440	13.9
1688	-0.553656	600.237620	25.150762	0.001972	9.7
1689	-0.549616	599.929255	25.163252	0.003928	14.3
1690	-0.544618	600.595150	25.136296	0.005564	11.7
1691	-0.538186	600.274666	25.149262	0.008303	10.5
1692	-0.522026	601.274665	25.108847	0.006192	10.7
1693	-0.561379	602.274665	25.068562	0.003392	8.0
1694	-0.517202	601.954004	25.081466	0.002231	12.1
1695	-0.535310	601.664337	25.093134	0.004511	10.8
1696	-0.556656	602.542048	25.057812	0.005173	11.7
1697	-0.574251	602.221990	25.070681	0.003497	11.0
1698	-0.566020	602.071845	25.076722	0.004441	15.7
1699	-0.563465	601.751253	25.089631	0.003762	14.3
1700	-0.553185	602.318693	25.066791	0.003525	13.1
1701	-0.580460	602.223397	25.070624	0.004771	7.1
1702	-0.561081	601.903071	25.083516	0.004869	6.3
1703	-0.571542	602.903071	25.043312	0.003071	16.0
1704	-0.567097	602.582555	25.056184	0.002339	11.6
1705	-0.531699	602.267489	25.068850	0.003554	18.1
1706	-0.570757	603.264635	25.028808	0.004606	11.9
1707	-0.569208	604.111273	24.994909	0.003192	12.1
1708	-0.544178	603.806428	25.007104	0.004290	13.3
1709	-0.554280	603.511637	25.018908	0.005092	14.3
1710	-0.542909	603.399301	25.023410	0.005927	4.9
1711	-0.552612	603.490288	25.019764	0.005841	10.6
1712	-0.539884	604.490288	24.979763	0.002613	12.0
1713	-0.542454	604.187617	24.991857	0.002669	9.9
1714	-0.535235	604.427334	24.982278	0.003709	10.6
1715	-0.538830	605.226971	24.950378	0.003186	7.1
1716	-0.546959	606.073101	24.916711	0.004917	12.4
1717	-0.537409	605.752442	24.929459	0.003277	12.7
1718	-0.552426	606.752290	24.889753	0.003402	12.2
1719	-0.541738	607.752273	24.850168	0.002658	15.5
1720	-0.536461	608.751163	24.810751	0.003961	9.8
1721	-0.538340	609.751154	24.771416	0.003331	11.5
1722	-0.531820	610.151361	24.755709	0.002866	12.1
1723	-0.518188	611.149846	24.716607	0.005973	11.3
1724	-0.554965	612.149839	24.677570	0.002109	8.5
1725	-0.542831	613.149833	24.638656	0.005329	6.3
1726	-0.543570	614.148533	24.599914	0.002701	12.8
1727	-0.530694	613.827943	24.612337	0.006952	11.2
1728	-0.560675	614.815406	24.574113	0.005924	8.6
1729	-0.530408	615.815382	24.535525	0.002765	14.0
1730	-0.559238	616.815382	24.497056	0.004789	11.6
1731	-0.546629	616.496149	24.509324	0.003761	5.7
1732	-0.550143	616.175496	24.521658	0.002323	9.2
1733	-0.539548	616.129389	24.523432	0.005101	12.0
1734	-0.542781	617.128148	24.485050	0.004343	2.9
1735	-0.525591	616.873908	24.494809	0.004452	11.5
1736	-0.548978	617.873882	24.456469	0.002572	8.6
1737	-0.555854	618.873402	24.418267	0.003380	6.6
1738	-0.576473	619.640777	24.389018	0.004806	4.6
1739	-0.562474	620.640777	24.351008	0.003008	7.9
1740	-0.545354	620.659823	24.350285	0.003402	14.4
1741	-0.557075	620.408888	24.359811	0.004226	13.5
1742	-0.555416	621.408587	24.321903	0.002409	8.4
1743	-0.555742	621.088026	24.334046	0.004575	11.7
1744	-0.559545	620.767383	24.346204	0.002737	10.6
1745	-0.551250	621.765783	24.308387	0.003548	11.3
1746	-0.555853	621.446394	24.320472	0.004867	10.7
1747	-0.537498	621.125729	24.332617	0.002820	8.3
1748	-0.563275	622.125579	24.294788	0.003290	14.1
1749	-0.539454	622.332500	24.286974	0.005784	7.1
1750	-0.552141	622.011835	24.299085	0.004891	7.1
1751	-0.544644	621.780053	24.307847	0.006008	11.0
1752	-0.551633	622.780053	24.270089	0.005946	11.7
1753	-0.551878	623.780053	24.232448	0.004179	6.2
1754	-0.547367	623.459387	24.244506	0.004164	7.8
1755	-0.540408	623.138745	24.256574	0.004718	6.0
1756	-0.537651	624.127035	24.219415	0.003853	5.5
1757	-0.571164	625.126926	24.181935	0.002475	10.9
1758	-0.542145	626.126810	24.144571	0.004771	3.5
1759	-0.548481	627.126809	24.107319	0.002355	6.3
1760	-0.530800	627.894665	24.078792	0.003646	6.5
1761	-0.548432	627.856662	24.080202	0.002689	5.7
1762	-0.544099	628.856623	24.043149	0.004878	11.3
1763	-0.518537	629.856583	24.006209	0.005578	5.9
1764	-0.548328	630.856583	23.969382	0.004050	6.9
1765	-0.533436	630.535917	23.981179	0.005527	5.9
1766	-0.526056	630.217424	23.992908	0.005697	6.3
1767	-0.545548	629.896874	24.004723	0.006237	6.3
1768	-0.542653	630.576464	23.979687	0.004681	6.4
1769	-0.534228	630.255893	23.991490	0.003715	11.3
1770	-0.559614	629.935228	24.003309	0.004404	7.4
1771	-0.544436	630.935221	23.966491	0.007041	7.1
1772	-0.550491	630.614555	23.978285	0.004642	6.1
1773	-0.538364	631.614555	23.941543	0.003160	7.6
1774	-0.553533	631.293950	23.953310	0.007032	7.9
1775	-0.539978	632.292861	23.916685	0.004046	6.0
1776	-0.560689	631.996380	23.927544	0.002338	6.3
1777	-0.528193	631.805380	23.934544	0.006503	11.1
1778	-0.548563	632.374034	23.913713	0.003992	12.3
1779	-0.529895	633.374024	23.877169	0.003015	10.7
1780	-0.553418	634.205525	23.846868	0.005982	12.4
1781	-0.550809	635.205525	23.810527	0.006171	9.7
1782	-0.561255	636.205525	23.774297	0.004887	8.5
1783	-0.578205	637.185015	23.738917	0.005742	14.2
1784	-0.553013	636.864385	23.750487	0.007515	5.0
1785	-0.542315	637.864385	23.714439	0.002341	6.1
1786	-0.547152	638.704925	23.684224	0.002236	6.7
1787	-0.550770	638.758013	23.682319	0.006227	11.4
1788	-0.545238	639.753802	23.646628	0.003641	13.3
1789	-0.564600	639.433137	23.658109	0.001534	6.8
1790	-0.556851	639.211279	23.666059	0.005229	12.6
1791	-0.547277	638.891826	23.677516	0.005403	6.5
1792	-0.550808	638.571161	23.689028	0.003753	6.9
1793	-0.550126	638.250496	23.700550	0.004925	8.0
1794	-0.544561	637.941169	23.711676	0.002982	6.9
1795	-0.546746	637.620597	23.723217	0.004873	6.9
1796	-0.534122	637.313118	23.734298	0.005085	5.9
1797	-0.544251	637.128059	23.740971	0.001790	6.3
1798	-0.591443	636.808666	23.752499	0.005223	5.7
1799	-0.537042	637.784823	23.717303	0.003890	5.8
1800	-0.529038	637.464746	23.728832	0.006727	8.8
1801	-0.561558	638.464746	23.692850	0.004474	16.0
1802	-0.558690	639.464746	23.656977	0.005404	6.6
1803	-0.534034	639.206931	23.666215	0.003138	10.2
1804	-0.534010	638.886267	23.677716	0.005214	10.6
1805	-0.567126	638.565614	23.689227	0.007124	5.9
1806	-0.537819	639.565614	23.653365	0.003696	6.1
1807	-0.544489	639.244949	23.664853	0.004889	11.3
1808	-0.542436	640.244947	23.629064	0.003712	2.4
1809	-0.543578	641.011274	23.601712	0.001769	5.8
1810	-0.550872	640.848451	23.607518	0.001982	9.8
1811	-0.564648	641.200960	23.594951	0.003222	11.5
1812	-0.517314	641.304156	23.591275	0.005848	7.6
1813	-0.523951	642.304113	23.555710	0.003112	6.5
1814	-0.548467	643.114780	23.526956	0.003466	10.2
1815	-0.542992	644.114395	23.491597	0.001667	10.8
1816	-0.554886	643.835954	23.501436	0.002342	12.6
1817	-0.543109	644.083237	23.492698	0.003547	6.0
1818	-0.545565	643.826435	23.501772	0.002940	16.3
1819	-0.534898	644.700462	23.470916	0.003445	4.6
1820	-0.536523	644.842343	23.465914	0.002591	6.7
1821	-0.537472	645.842128	23.430732	0.003958	5.9
1822	-0.541644	646.838461	23.395777	0.002390	6.0
1823	-0.537387	646.518775	23.406981	0.004355	12.7
1824	-0.546383	646.665126	23.401850	0.004037	1.7
1825	-0.548806	647.665126	23.366853	0.006919	6.2
1826	-0.542721	647.344461	23.378064	0.001472	6.2
1827	-0.579492	648.230409	23.347115	0.003412	6.1
1828	-0.552913	648.986498	23.320768	0.004543	13.3
1829	-0.551170	648.761316	23.328608	0.003238	11.6
1830	-0.544871	648.440718	23.339780	0.005788	5.0
1831	-0.528673	649.440706	23.304968	0.002068	11.5
1832	-0.551183	650.429732	23.270640	0.005205	6.2
1833	-0.551244	650.158896	23.280030	0.003447	5.9
1834	-0.586802	651.158865	23.245397	0.005614	7.0
1835	-0.532750	650.838226	23.256491	0.002413	6.8
1836	-0.563604	650.519946	23.267513	0.003576	5.9
1837	-0.566237	651.299282	23.240542	0.002672	5.8
1838	-0.554958	650.982916	23.251483	0.002925	8.2
1839	-0.549413	650.916447	23.253783	0.002535	9.3
1840	-0.532599	650.892047	23.254628	0.002407	6.9
1841	-0.557864	651.780294	23.223925	0.007730	11.0
1842	-0.543165	652.780163	23.189462	0.002286	6.4
1843	-0.534254	652.460885	23.200456	0.003509	11.0
1844	-0.581393	652.155305	23.210988	0.003468	6.4
1845	-0.547474	653.154983	23.176569	0.001951	5.8
1846	-0.556063	653.776265	23.155230	0.001948	11.6
1847	-0.534110	654.432083	23.132747	0.006148	4.7
1848	-0.548465	655.310221	23.102711	0.003723	6.6
1849	-0.509029	656.310221	23.068601	0.002570	8.2
1850	-0.539446	657.283708	23.035493	0.003529	8.0
1851	-0.535779	657.561925	23.026048	0.001141	8.1
1852	-0.562917	658.041979	23.009769	0.002870	7.2
1853	-0.532614	657.769877	23.018994	0.001801	6.8
1854	-0.552218	657.497249	23.028243	0.007178	7.1
1855	-0.577346	658.159244	23.005797	0.003555	6.3
1856	-0.552982	657.838578	23.016664	0.005824	11.6
1857	-0.551611	658.838578	22.982808	0.004151	6.4
1858	-0.559909	659.838578	22.949051	0.004323	6.7
1859	-0.539768	660.838577	22.915394	0.002492	7.2
1860	-0.545490	661.838569	22.881835	0.003627	6.1
1861	-0.570716	662.833466	22.848545	0.002319	6.4
1862	-0.543882	662.512970	22.859258	0.002928	10.6
1863	-0.550164	662.645830	22.854816	0.003443	8.5
1864	-0.553013	662.331120	22.865341	0.007152	7.9
1865	-0.552765	662.012089	22.876022	0.002515	8.4
1866	-0.527654	663.012089	22.842578	0.005021	11.3
1867	-0.534723	662.691541	22.853288	0.002369	7.8
1868	-0.538699	663.690306	22.819951	0.004399	11.3
1869	-0.525087	663.369851	22.830637	0.002529	2.2
1870	-0.542121	664.369691	22.797331	0.006593	11.4
1871	-0.533181	664.553169	22.791229	0.003511	11.8
1872	-0.541855	664.240357	22.801633	0.004260	6.4
1873	-0.575640	665.240146	22.768414	0.006887	11.2
1874	-0.574022	665.519034	22.759164	0.002432	11.1
1875	-0.553958	665.198511	22.769795	0.004958	10.3
1876	-0.537699	665.307266	22.766187	0.004128	6.7
1877	-0.547138	666.307266	22.733063	0.006407	10.8
1878	-0.548655	667.306117	22.700073	0.003170	13.7
1879	-0.516629	668.306117	22.667142	0.006835	7.9
1880	-0.552489	669.306109	22.634306	0.005150	3.3
1881	-0.543123	670.306109	22.601564	0.003704	11.6
1882	-0.532486	669.985444	22.612053	0.003015	9.2
1883	-0.544595	669.685104	22.621886	0.007626	3.8
1884	-0.545682	669.364439	22.632393	0.005555	5.9
1885	-0.541363	669.043774	22.642911	0.005435	9.1
1886	-0.546010	670.043773	22.610144	0.004013	11.5
1887	-0.565845	671.043772	22.577473	0.002761	11.4
1888	-0.540909	670.740795	22.587362	0.005231	5.9
1889	-0.541822	671.740767	22.554757	0.003212	11.3
1890	-0.554005	672.740767	22.522245	0.003559	5.8
1891	-0.546851	673.740684	22.489829	0.002672	5.6
1892	-0.528966	674.666648	22.459894	0.002417	10.3
1893	-0.536487	675.288493	22.439836	0.003577	3.7
1894	-0.554800	674.975042	22.449942	0.002478	6.4
1895	-0.550757	675.931609	22.419129	0.003435	9.1
1896	-0.565789	676.884273	22.388525	0.001714	13.2
1897	-0.532987	676.564940	22.398774	0.003013	5.2
1898	-0.543149	676.264090	22.408438	0.001722	10.5
1899	-0.572542	676.675217	22.395234	0.004308	7.0
1900	-0.553731	677.658650	22.363710	0.006533	14.2
1901	-0.539877	678.658650	22.331746	0.005422	7.6
1902	-0.530521	679.658650	22.299874	0.004113	3.5
1903	-0.527023	680.658650	22.268092	0.005468	11.0
1904	-0.536950	681.658650	22.236401	0.002738	11.2
1905	-0.544224	681.338428	22.246539	0.004877	3.2
1906	-0.535809	681.888774	22.229121	0.009007	10.9
1907	-0.531124	681.568109	22.239267	0.006984	11.5
1908	-0.552953	681.247445	22.249422	0.002676	7.1
1909	-0.521045	682.244426	22.217879	0.005773	6.4
1910	-0.522317	681.924600	22.227988	0.004297	6.1
1911	-0.554182	681.603935	22.238133	0.003648	6.0
1912	-0.536849	681.284282	22.248254	0.003685	5.9
1913	-0.530418	681.507581	22.241183	0.004408	8.4
1914	-0.550041	681.186922	22.251339	0.005618	6.1
1915	-0.561176	680.866274	22.261505	0.003487	9.9
1916	-0.541455	681.863476	22.229921	0.003764	5.9
1917	-0.533255	681.542855	22.240066	0.004414	8.4
1918	-0.507558	681.222190	22.250222	0.005389	6.1
1919	-0.554010	682.222190	22.218581	0.003373	6.0
1920	-0.566052	683.222190	22.187031	0.005158	9.2
1921	-0.544811	684.222190	22.155570	0.005654	8.0
1922	-0.516529	684.502696	22.146761	0.005841	6.3
1923	-0.531701	684.182031	22.156831	0.004321	5.9
1924	-0.552438	685.182013	22.125457	0.002786	6.3
1925	-0.533918	686.181950	22.094172	0.003049	7.2
1926	-0.529267	685.862396	22.104160	0.002774	8.6
1927	-0.536506	685.543887	22.114124	0.002905	6.1
1928	-0.532705	685.262945	22.122921	0.003826	9.5
1929	-0.541123	684.942341	22.132968	0.004881	8.2
1930	-0.543591	685.942341	22.101660	0.004107	6.0
1931	-0.562175	686.942341	22.070441	0.005107	9.9
1932	-0.552681	686.621675	22.080442	0.004752	11.7
1933	-0.534167	687.621675	22.049282	0.004531	8.0
1934	-0.552691	688.613900	22.018452	0.001638	7.1
1935	-0.544278	689.446428	21.992650	0.005292	11.2
1936	-0.566065	690.429966	21.962245	0.002880	1.5
1937	-0.540310	691.429832	21.931422	0.003795	10.3
1938	-0.547875	691.109168	21.941298	0.002811	6.0
1939	-0.522929	690.824052	21.950086	0.004112	5.8
1940	-0.543193	691.270899	21.936316	0.003809	14.2
1941	-0.541036	692.224990	21.906971	0.002939	2.1
1942	-0.556702	691.904337	21.916825	0.006212	9.7
1943	-0.543602	692.904336	21.886125	0.003839	5.8
1944	-0.554328	693.903455	21.855538	0.002944	9.0
1945	-0.569208	693.656462	21.863091	0.004272	8.1
1946	-0.570583	693.337810	21.872844	0.003262	7.8
1947	-0.549084	694.334697	21.842362	0.002744	5.9
1948	-0.549493	694.026285	21.851783	0.006034	6.1
1949	-0.563010	695.026285	21.821265	0.001842	11.0
1950	-0.540911	694.705826	21.831036	0.003076	6.2
1951	-0.552812	695.446610	21.808463	0.002732	14.6
1952	-0.562211	695.297763	21.812995	0.004966	3.9
1953	-0.534760	696.094557	21.788758	0.004950	6.3
1954	-0.532242	695.987139	21.792022	0.003874	9.6
1955	-0.530590	695.666474	21.801772	0.002840	13.6
1956	-0.537213	695.886456	21.795082	0.004644	8.9
1957	-0.525509	695.566262	21.804821	0.003632	9.0
1958	-0.549082	695.245605	21.814583	0.004370	11.4
1959	-0.533395	696.239705	21.784348	0.004115	11.0
1960	-0.541985	697.239699	21.754018	0.002739	6.6
1961	-0.533123	696.924892	21.763557	0.004300	10.4
1962	-0.539043	697.924889	21.733285	0.002351	5.7
1963	-0.535585	698.924866	21.703097	0.003287	7.6
1964	-0.562472	699.845109	21.675391	0.006746	10.4
1965	-0.538625	699.524569	21.685034	0.008442	8.2
1966	-0.547811	700.511697	21.655365	0.002789	6.6
1967	-0.555079	700.191032	21.664994	0.003511	11.4
1968	-0.532708	699.870371	21.674631	0.003052	6.6
1969	-0.537985	700.861546	21.644870	0.003028	11.3
1970	-0.545471	700.540994	21.654486	0.004791	5.5
1971	-0.528796	701.163915	21.635807	0.005185	8.5
1972	-0.552747	702.163915	21.605889	0.004418	10.3
1973	-0.534602	701.845696	21.615401	0.001947	6.0
1974	-0.546828	702.602966	21.592780	0.003882	6.0
1975	-0.546256	703.588854	21.563400	0.006332	6.0
1976	-0.550266	704.588854	21.533682	0.005225	7.1
1977	-0.549020	704.268189	21.543202	0.004960	6.4
1978	-0.544652	703.947523	21.552732	0.005248	8.4
1979	-0.559416	704.947515	21.523043	0.004738	9.0
1980	-0.517513	704.626850	21.532554	0.004604	13.4
1981	-0.533560	705.626780	21.502923	0.003636	7.2
1982	-0.554011	706.626185	21.473388	0.002969	7.4
1983	-0.566586	706.508996	21.476847	0.003502	11.7
1984	-0.564118	706.279849	21.483614	0.005453	6.3
1985	-0.522797	705.959183	21.493090	0.003231	6.1
1986	-0.546647	706.959089	21.463568	0.004478	11.0
1987	-0.554191	707.936172	21.434798	0.003227	10.5
1988	-0.555124	707.766729	21.439781	0.002126	10.8
1989	-0.539028	707.446105	21.449218	0.006918	4.7
1990	-0.551144	707.531527	21.446703	0.003758	11.8
1991	-0.537535	707.210862	21.456147	0.006201	7.2
1992	-0.546784	708.210862	21.426723	0.005020	8.0
1993	-0.538381	707.890197	21.436150	0.003512	7.4
1994	-0.552559	708.890193	21.406781	0.003508	6.1
1995	-0.539414	708.569964	21.416177	0.007663	6.2
1996	-0.543491	709.569888	21.386865	0.004304	7.6
1997	-0.543282	710.569887	21.357631	0.002952	8.0
1998	-0.559733	711.420931	21.332814	0.003296	6.0
1999	-0.566350	711.941802	21.317654	0.003367	9.9
