1:ItNr	2:Metric	3a:Time	3b:StepSize	4:||Gradient||	Time[ms]
0	-0.389541	0.000000	667.570099	0.003004	2020.3
1	-0.372751	0.000000	667.570099	0.002421	12.6
2	-0.356198	0.968226	638.147666	0.004744	11.9
3	-0.362366	0.379627	655.716403	0.005813	7.2
4	-0.360309	1.379627	626.416701	0.002448	11.0
5	-0.382997	2.357268	600.197436	0.003571	5.9
6	-0.390855	3.344386	575.860562	0.004091	7.4
7	-0.374545	4.344378	553.139324	0.002909	11.2
8	-0.371629	4.934360	540.555925	0.004580	8.9
9	-0.352587	5.911469	520.929287	0.005539	7.9
10	-0.345506	6.427593	511.126598	0.003838	6.9
11	-0.371991	7.423567	493.216492	0.005356	9.4
12	-0.362349	6.843854	503.485338	0.004760	9.0
13	-0.377894	7.843854	486.029789	0.002081	6.7
14	-0.355913	8.492442	475.341183	0.002325	5.9
15	-0.371145	9.363853	461.699387	0.008302	12.2
16	-0.356764	8.774204	470.842884	0.006236	13.8
17	-0.387888	9.774204	455.542963	0.005337	6.2
18	-0.369251	10.774204	441.206083	0.003873	11.5
19	-0.375204	10.712547	442.063900	0.003667	9.5
20	-0.380795	10.124602	450.414507	0.005536	7.8
21	-0.370445	10.925755	439.111679	0.003592	7.9
22	-0.373596	11.912332	425.948917	0.004696	11.4
23	-0.386789	12.912324	413.388720	0.002119	5.7
24	-0.386471	13.662464	404.442452	0.001792	6.4
25	-0.370757	13.665071	404.412044	0.003042	5.9
26	-0.352479	13.136712	410.671422	0.005321	5.2
27	-0.360358	14.136712	398.983607	0.003826	9.1
28	-0.365582	13.625831	404.870340	0.002891	6.2
29	-0.366259	14.600384	393.787103	0.001903	9.8
30	-0.381634	15.430023	384.819193	0.006343	6.9
31	-0.382521	16.316198	375.680610	0.006842	7.1
32	-0.362902	17.316198	365.875863	0.005651	11.2
33	-0.370397	18.316198	356.569880	0.006328	4.9
34	-0.390149	17.726216	362.002113	0.003741	15.9
35	-0.367915	18.726201	352.889825	0.003199	2.0
36	-0.384259	18.152874	358.057293	0.002304	5.2
37	-0.387409	18.040013	359.092400	0.006454	6.5
38	-0.368757	17.449720	364.605307	0.004022	6.1
39	-0.357453	16.859418	370.290221	0.003102	7.4
40	-0.370225	17.858771	360.767253	0.005874	7.8
41	-0.376889	17.268464	366.332235	0.005706	7.9
42	-0.354930	18.268378	357.004105	0.002989	8.4
43	-0.385570	17.731503	361.952698	0.005453	7.5
44	-0.386998	18.726471	352.887422	0.004719	5.7
45	-0.383671	19.725578	344.230155	0.005867	10.1
46	-0.372249	20.725578	335.980296	0.004421	7.8
47	-0.362471	21.725165	328.119791	0.001886	12.4
48	-0.383405	21.151989	332.581511	0.002112	4.6
49	-0.384037	21.523665	329.674599	0.005494	11.8
50	-0.370738	20.957348	334.124361	0.004918	7.2
51	-0.362995	21.957348	326.346312	0.007560	8.5
52	-0.376245	21.367041	330.893347	0.002031	10.4
53	-0.385109	22.366967	323.263833	0.005515	4.8
54	-0.385827	21.783452	327.672764	0.007248	6.1
55	-0.392004	22.783452	320.188823	0.003261	6.5
56	-0.349081	22.193146	324.564740	0.006753	6.4
57	-0.363082	23.192942	317.221967	0.004666	8.9
58	-0.377213	24.192942	310.202686	0.003287	13.0
59	-0.369504	25.188838	303.514287	0.005127	11.0
60	-0.388421	24.598546	307.443399	0.005327	8.5
61	-0.377956	24.581234	307.560169	0.004014	6.1
62	-0.382538	23.990928	311.595532	0.004443	9.1
63	-0.375479	24.990925	304.820397	0.004249	12.5
64	-0.361244	25.987847	298.353151	0.004289	10.4
65	-0.374348	26.987809	292.136113	0.004693	11.0
66	-0.358514	26.600595	294.512540	0.003936	11.5
67	-0.375710	27.600589	288.452722	0.004567	11.3
68	-0.398330	28.600548	282.637445	0.004373	12.3
69	-0.352844	28.010848	286.038147	0.005983	7.8
70	-0.378943	29.010848	280.318625	0.011825	11.6
71	-0.364886	28.420541	283.666908	0.008534	11.0
72	-0.374255	29.420541	278.040889	0.002667	1.6
73	-0.381850	28.878932	281.059986	0.003019	11.6
74	-0.385175	29.877986	275.541018	0.004385	6.9
75	-0.367875	29.645515	276.805796	0.001854	10.1
76	-0.383716	29.078758	279.938497	0.004069	6.3
77	-0.378901	30.074005	274.483510	0.004114	6.6
78	-0.359129	31.073626	269.214443	0.003597	11.9
79	-0.386938	32.073455	264.142823	0.002357	6.1
80	-0.380744	31.515304	266.950223	0.006043	12.0
81	-0.356083	32.023897	264.389696	0.005337	2.5
82	-0.378290	33.023897	259.495757	0.002881	10.2
83	-0.382240	33.980105	254.982635	0.003424	11.7
84	-0.365217	34.530658	252.454635	0.004005	8.2
85	-0.354004	34.953812	250.545434	0.004891	11.9
86	-0.362439	35.808549	246.775745	0.004962	10.9
87	-0.372373	35.229020	249.319163	0.003948	5.3
88	-0.370262	35.988287	245.997431	0.003958	11.3
89	-0.371200	35.401217	248.557973	0.002895	6.1
90	-0.370479	36.401119	244.228202	0.002949	9.7
91	-0.369935	35.835069	246.660597	0.002884	2.6
92	-0.355701	36.601224	243.379758	0.005667	11.6
93	-0.376822	36.010919	245.899774	0.002927	6.4
94	-0.387422	35.420702	248.472130	0.005965	6.0
95	-0.369001	36.420514	244.145708	0.002808	9.5
96	-0.371663	36.533974	243.664239	0.002795	6.3
97	-0.394383	35.948114	246.170965	0.003390	9.6
98	-0.380952	35.933926	246.232310	0.005315	11.2
99	-0.388672	35.623139	247.583804	0.006037	10.3
100	-0.392177	35.033798	250.187792	0.005824	9.1
101	-0.378759	36.033798	245.801134	0.005586	7.6
102	-0.358290	35.443491	248.371811	0.003443	6.5
103	-0.354164	36.443490	244.048056	0.004905	9.7
104	-0.392396	37.443489	239.872267	0.002553	5.6
105	-0.372452	37.989931	237.650254	0.008750	6.7
106	-0.383573	37.399626	240.052430	0.004600	10.7
107	-0.362756	38.399626	236.011118	0.005885	8.1
108	-0.381152	37.809319	238.380112	0.003448	11.8
109	-0.375037	38.809313	234.394469	0.002396	12.5
110	-0.364523	38.220227	236.726078	0.002415	11.1
111	-0.355613	37.762725	238.569128	0.006826	4.8
112	-0.380711	37.172423	240.989996	0.003380	6.4
113	-0.361107	38.172423	236.917324	0.004198	14.7
114	-0.377619	39.055930	233.431938	0.009202	7.1
115	-0.397140	39.834051	230.446139	0.002323	5.8
116	-0.372575	40.834049	226.719298	0.004785	9.6
117	-0.373637	40.243884	228.904035	0.003017	5.6
118	-0.369143	39.692198	230.984749	0.002834	6.3
119	-0.387642	39.559109	231.492379	0.005470	9.6
120	-0.374310	40.500150	227.950208	0.005208	6.8
121	-0.367978	41.500150	224.303014	0.003259	8.1
122	-0.385824	40.917739	226.412856	0.005819	8.5
123	-0.372395	41.917566	222.814915	0.006018	6.0
124	-0.357479	42.427117	221.024897	0.008210	9.1
125	-0.367577	43.427117	217.594278	0.003967	7.2
126	-0.359946	44.427117	214.268528	0.005131	6.3
127	-0.359452	45.427117	211.042910	0.002983	11.7
128	-0.376394	46.426924	207.913563	0.006717	10.9
129	-0.380664	47.426749	204.875612	0.001540	6.3
130	-0.372224	48.129870	202.791819	0.003965	6.5
131	-0.382341	48.678396	201.195390	0.002116	7.2
132	-0.381651	48.099078	202.882186	0.001812	15.4
133	-0.381610	48.904606	200.544326	0.003824	3.9
134	-0.351742	48.539788	201.596418	0.005702	11.3
135	-0.380992	49.539788	198.738507	0.004872	7.0
136	-0.376067	50.538650	195.963608	0.002796	11.3
137	-0.374611	51.521803	193.306999	0.002164	7.1
138	-0.370283	52.455643	190.849492	0.002209	5.7
139	-0.379048	52.788191	189.989371	0.004425	11.1
140	-0.377311	52.339309	191.152225	0.007102	3.0
141	-0.366052	53.339309	188.580877	0.004047	9.2
142	-0.384241	52.749002	190.090329	0.005661	13.1
143	-0.378425	53.721055	187.617428	0.003174	11.1
144	-0.363591	54.720328	185.141459	0.005811	9.2
145	-0.375252	54.130126	186.595881	0.002979	10.8
146	-0.370472	55.130111	184.144904	0.003263	7.1
147	-0.360687	54.539915	185.583636	0.003227	9.4
148	-0.364046	53.949690	187.045099	0.005382	8.4
149	-0.385348	54.949688	184.582353	0.004070	5.9
150	-0.385913	55.948632	182.186113	0.004600	6.5
151	-0.384447	55.358362	183.594457	0.003410	7.4
152	-0.366400	56.358359	181.221167	0.002162	6.1
153	-0.385474	56.039482	181.971267	0.005942	6.2
154	-0.368610	55.453566	183.365836	0.003409	6.2
155	-0.375942	54.891873	184.722970	0.004736	6.1
156	-0.367889	54.301567	186.171055	0.002767	7.6
157	-0.378088	55.287316	183.765439	0.004652	8.2
158	-0.371729	54.734026	185.107973	0.004368	5.7
159	-0.370150	55.734026	182.695641	0.003679	8.0
160	-0.373180	55.143730	184.111970	0.004044	5.8
161	-0.378123	54.774956	185.007987	0.004731	6.2
162	-0.364489	54.193036	186.439766	0.001971	11.2
163	-0.381999	55.189144	184.002227	0.002430	7.2
164	-0.378445	56.138246	181.738279	0.003826	5.1
165	-0.348506	55.550708	183.133148	0.002839	8.5
166	-0.375555	56.549920	180.773522	0.002095	5.6
167	-0.358182	56.726126	180.363706	0.004842	7.9
168	-0.370438	57.553469	178.464074	0.002637	9.7
169	-0.374182	57.070091	179.569051	0.002695	9.8
170	-0.385668	56.489539	180.914382	0.002930	11.1
171	-0.378056	57.265091	179.121648	0.002151	10.3
172	-0.370382	56.906609	179.945863	0.003174	8.6
173	-0.352243	56.375580	181.180835	0.007237	6.3
174	-0.368652	57.375580	178.869135	0.004217	7.0
175	-0.366266	58.375580	176.615682	0.004997	6.4
176	-0.372217	59.375482	174.418514	0.003620	5.9
177	-0.382533	60.375479	172.275140	0.009171	6.1
178	-0.384254	61.375479	170.183800	0.009161	12.6
179	-0.353378	60.785173	171.412148	0.002509	8.8
180	-0.370056	60.216820	172.611685	0.010313	11.5
181	-0.369205	59.632230	173.863132	0.002225	8.6
182	-0.382601	60.623879	171.750868	0.001792	6.6
183	-0.365929	60.261164	172.517491	0.003804	6.2
184	-0.371379	59.762541	173.582603	0.008538	11.1
185	-0.361599	60.762541	171.459594	0.001968	5.4
186	-0.351749	61.761553	169.389911	0.004221	7.7
187	-0.389538	61.328467	170.280980	0.008912	11.1
188	-0.379549	62.328000	168.238432	0.003674	6.9
189	-0.383229	61.737700	169.438745	0.003699	11.0
190	-0.384509	62.729499	167.431697	0.004517	6.5
191	-0.390372	63.729379	165.455858	0.002771	8.4
192	-0.393477	63.800957	165.316202	0.003010	15.9
193	-0.367867	63.247556	166.402122	0.004466	3.9
194	-0.370950	62.663580	167.563617	0.004608	7.7
195	-0.366985	63.663216	165.585160	0.007555	12.0
196	-0.385267	63.072910	166.747792	0.005523	5.3
197	-0.375741	64.056066	164.820368	0.002495	6.0
198	-0.371185	63.465791	165.972188	0.005654	13.3
199	-0.372772	64.465775	164.030246	0.003922	5.6
200	-0.380245	63.875475	165.171059	0.007420	6.8
201	-0.384216	64.743612	163.498734	0.005548	10.5
202	-0.362480	65.743612	161.613884	0.004384	8.8
203	-0.386155	66.020508	161.099635	0.006540	6.6
204	-0.367145	67.020506	159.269387	0.003300	8.2
205	-0.386374	66.430200	160.344734	0.003916	6.7
206	-0.373766	67.429722	158.532355	0.003124	5.9
207	-0.380889	66.907824	159.473542	0.002998	6.9
208	-0.368280	66.318544	160.549770	0.003041	10.5
209	-0.362791	66.173924	160.816119	0.003909	9.3
210	-0.349382	65.603970	161.874474	0.002261	11.2
211	-0.376724	65.640737	161.805781	0.003467	11.9
212	-0.373280	65.055014	162.907092	0.008201	12.6
213	-0.369569	66.054465	161.036796	0.002546	14.5
214	-0.395094	65.464161	162.136219	0.004016	11.7
215	-0.370994	64.875254	163.248100	0.004063	5.8
216	-0.372252	64.286887	164.374297	0.007145	6.1
217	-0.381688	65.286886	162.469325	0.005679	6.9
218	-0.372243	66.286886	160.608000	0.002024	10.0
219	-0.381921	67.286709	158.789158	0.006164	6.7
220	-0.375817	68.227061	157.115699	0.004154	8.3
221	-0.359939	69.227061	155.374363	0.003619	6.4
222	-0.397498	68.789860	156.130905	0.003985	15.0
223	-0.381191	69.499039	154.907414	0.005659	7.8
224	-0.375994	70.496675	153.218378	0.003796	11.3
225	-0.375453	69.912313	154.203227	0.005487	12.6
226	-0.395064	69.322008	155.211032	0.006407	6.4
227	-0.387735	70.322008	153.511431	0.002405	6.0
228	-0.393370	71.308661	151.870604	0.002601	11.1
229	-0.364118	70.738432	152.814603	0.003655	15.9
230	-0.370094	71.731162	151.178653	0.001289	3.1
231	-0.372560	72.390664	150.111066	0.004574	5.8
232	-0.386525	71.944483	150.831675	0.003983	9.7
233	-0.377738	71.384880	151.745307	0.001829	5.6
234	-0.378011	72.372266	150.140643	0.004735	6.7
235	-0.367957	71.834078	151.011056	0.003534	10.7
236	-0.360012	71.244536	151.976179	0.003200	7.1
237	-0.370491	72.243048	150.348712	0.003772	8.1
238	-0.370018	72.273556	150.299535	0.004682	9.9
239	-0.371697	71.683250	151.256804	0.004188	6.7
240	-0.360519	71.181482	152.080133	0.006321	9.2
241	-0.381625	70.591176	153.060291	0.002298	10.1
242	-0.368532	70.001267	154.052494	0.003887	5.9
243	-0.370190	69.415682	155.050227	0.006219	6.8
244	-0.380784	70.415682	153.354126	0.003769	7.8
245	-0.390473	71.415682	151.694732	0.004109	7.2
246	-0.379296	72.409289	150.081135	0.002250	11.8
247	-0.387371	72.894801	149.305094	0.002894	9.1
248	-0.370415	73.640199	148.129149	0.003716	9.4
249	-0.359322	73.675525	148.073877	0.005928	11.6
250	-0.378098	74.615162	146.618714	0.002419	8.0
251	-0.370514	75.604701	145.116872	0.002122	10.8
252	-0.384492	75.036252	145.975835	0.003462	6.2
253	-0.378647	74.469309	146.842710	0.004142	6.3
254	-0.374572	75.465734	145.325925	0.004398	7.5
255	-0.377081	76.419569	143.903040	0.003756	6.3
256	-0.380404	75.831046	144.777658	0.003575	6.2
257	-0.362994	75.422966	145.390384	0.006071	13.0
258	-0.369621	74.832777	146.285775	0.005312	11.8
259	-0.366251	75.832777	144.775071	0.002287	9.3
260	-0.386677	76.832553	143.295576	0.006863	7.9
261	-0.373300	76.570037	143.681118	0.001401	7.9
262	-0.367266	75.982451	144.551637	0.003137	6.0
263	-0.376941	75.805767	144.815464	0.006310	6.1
264	-0.384931	76.804749	143.336313	0.004600	11.8
265	-0.397109	77.804749	141.885611	0.004039	1.5
266	-0.364402	77.217744	142.733599	0.005301	5.9
267	-0.363180	76.627462	143.596604	0.001743	7.8
268	-0.376469	77.570297	142.223089	0.003300	7.0
269	-0.386225	77.848406	141.822945	0.002906	5.8
270	-0.369895	78.136556	141.410723	0.004269	11.1
271	-0.373611	77.551083	142.250817	0.005890	4.9
272	-0.370772	77.035728	142.998602	0.002402	13.6
273	-0.369587	78.029090	141.564181	0.003156	1.7
274	-0.390604	79.021694	140.159314	0.004547	7.3
275	-0.368987	78.431661	140.991028	0.002229	8.0
276	-0.374598	79.430819	139.588348	0.004891	10.8
277	-0.391683	80.429668	138.213723	0.001976	9.8
278	-0.368072	80.261016	138.443921	0.005151	4.3
279	-0.360395	81.241260	137.116582	0.002652	10.8
280	-0.374299	82.237468	135.793452	0.005196	11.4
281	-0.378326	81.668887	136.545477	0.004934	10.9
282	-0.378579	82.668615	135.228700	0.002424	7.6
283	-0.375996	83.667584	133.938050	0.003396	6.0
284	-0.387152	84.517115	132.859699	0.003007	9.2
285	-0.370775	84.301560	133.131665	0.002857	9.7
286	-0.376834	84.167946	133.300808	0.002267	5.9
287	-0.393238	84.432945	132.965764	0.003669	8.0
288	-0.375186	83.844134	133.712507	0.003558	6.4
289	-0.379663	83.372391	134.316862	0.006454	6.3
290	-0.358446	82.841278	135.003847	0.001633	6.5
291	-0.372205	82.611690	135.302997	0.003444	6.2
292	-0.389487	83.130111	134.629379	0.005499	12.2
293	-0.371754	84.130110	133.348781	0.004333	13.4
294	-0.355296	83.539804	134.101764	0.005431	3.8
295	-0.359450	84.491908	132.891445	0.004207	10.3
296	-0.389244	83.901651	133.639194	0.006576	7.4
297	-0.393574	84.901549	132.377403	0.003696	6.0
298	-0.389655	85.901549	131.139092	0.002619	10.8
299	-0.377390	86.850638	129.985064	0.003343	11.1
300	-0.377136	86.918587	129.903222	0.004160	6.3
301	-0.375024	87.918304	128.710893	0.001831	9.2
302	-0.361691	87.331472	129.408119	0.003410	5.8
303	-0.368780	86.817865	130.024575	0.002653	11.2
304	-0.369233	87.754507	128.904746	0.003572	7.7
305	-0.394754	87.167712	129.604036	0.002917	7.9
306	-0.368884	86.589293	130.300811	0.002252	5.9
307	-0.361965	86.474826	130.439589	0.004065	5.9
308	-0.364474	86.278569	130.678217	0.003005	16.0
309	-0.376229	85.691168	131.397682	0.003098	1.6
310	-0.383921	86.685409	130.184509	0.003722	5.9
311	-0.364914	86.140466	130.846659	0.003828	9.1
312	-0.385303	85.550999	131.570536	0.010145	10.0
313	-0.368075	86.550999	130.347205	0.003251	5.9
314	-0.380218	86.653467	130.223136	0.003220	7.2
315	-0.372907	86.063501	130.940721	0.004084	11.2
316	-0.351311	85.583443	131.530486	0.004038	8.0
317	-0.388095	86.364555	130.573560	0.005392	6.3
318	-0.381357	85.775305	131.294142	0.003795	10.3
319	-0.376324	85.184999	132.024036	0.004099	10.8
320	-0.382858	85.544092	131.579065	0.005093	6.0
321	-0.369054	85.046787	132.196104	0.003833	6.1
322	-0.387041	84.456480	132.936090	0.002156	5.9
323	-0.379381	85.385632	131.775052	0.002071	6.1
324	-0.392374	85.480690	131.657412	0.004794	11.3
325	-0.383558	86.011840	131.003934	0.002639	8.6
326	-0.365415	86.968444	129.843236	0.003471	4.6
327	-0.366022	86.790108	130.058058	0.005264	5.6
328	-0.362955	87.790100	128.862571	0.002515	8.7
329	-0.380834	88.789953	127.689026	0.004272	12.5
330	-0.370457	89.204972	127.208163	0.003803	6.5
331	-0.372182	90.204868	126.064374	0.004996	9.0
332	-0.389154	91.094859	125.063470	0.004128	11.8
333	-0.381835	92.094819	123.957686	0.004150	7.4
334	-0.365809	91.508986	124.603132	0.004931	8.4
335	-0.388283	90.918680	125.260341	0.002414	6.0
336	-0.373427	91.910583	124.159947	0.007882	6.7
337	-0.396590	92.876473	123.106834	0.004339	6.6
338	-0.362634	93.876473	122.035189	0.003484	6.1
339	-0.377397	93.286332	122.665343	0.001613	13.2
340	-0.371946	94.227505	121.663418	0.002166	7.5
341	-0.383883	94.302944	121.583817	0.001670	11.3
342	-0.384868	93.863951	122.048492	0.005759	11.0
343	-0.375157	93.427983	122.513495	0.003621	7.9
344	-0.385637	94.348883	121.535396	0.001885	1.5
345	-0.377519	93.786454	122.130892	0.002257	10.7
346	-0.386283	93.985301	121.919688	0.003810	11.0
347	-0.391303	93.487252	122.450071	0.008321	9.3
348	-0.388288	93.658963	122.266692	0.006529	11.0
349	-0.375309	94.658840	121.209689	0.002370	8.8
350	-0.376189	94.632130	121.237688	0.003590	12.4
351	-0.352576	95.333880	120.506357	0.003575	7.6
352	-0.384785	96.332302	119.480926	0.004929	5.9
353	-0.381819	95.742448	120.084616	0.003655	6.1
354	-0.359469	95.221276	120.623113	0.009089	6.0
355	-0.368460	96.221276	119.594092	0.003896	11.3
356	-0.375443	97.221276	118.582480	0.007718	7.1
357	-0.376528	98.221276	117.587838	0.005089	11.0
358	-0.356603	99.221276	116.609743	0.002063	6.7
359	-0.377144	98.641274	117.175048	0.007025	5.9
360	-0.386885	98.051215	117.755808	0.004287	6.0
361	-0.366993	97.460909	118.342601	0.002668	6.6
362	-0.386315	97.640479	118.163482	0.002454	6.1
363	-0.354862	97.394808	118.408673	0.003048	7.1
364	-0.359611	97.458702	118.344805	0.004600	7.3
365	-0.385705	96.871360	118.934507	0.003116	6.1
366	-0.357186	96.702460	119.105175	0.003565	5.8
367	-0.369507	97.702260	118.101981	0.007286	9.4
368	-0.376323	97.435679	118.367812	0.002801	7.2
369	-0.390850	97.293402	118.510178	0.004442	6.0
370	-0.369226	96.704722	119.102886	0.002647	5.8
371	-0.372524	96.813430	118.992989	0.002547	6.1
372	-0.362425	97.706501	118.097762	0.005140	7.4
373	-0.395963	98.695982	117.121493	0.005874	6.2
374	-0.385243	99.693249	116.153739	0.002950	9.3
375	-0.361896	100.666925	115.224183	0.005854	6.3
376	-0.364881	100.077802	115.784824	0.006370	8.6
377	-0.391726	101.077802	114.836373	0.002849	7.0
378	-0.383445	100.839193	115.061268	0.003848	13.2
379	-0.374738	101.836782	114.126827	0.004891	10.1
380	-0.354242	101.246522	114.677881	0.005273	6.7
381	-0.383077	100.656300	115.234247	0.004776	11.0
382	-0.371739	100.065994	115.796117	0.002768	8.7
383	-0.356714	100.959653	114.947622	0.003113	1.5
384	-0.377917	101.628315	114.320841	0.004974	5.0
385	-0.373073	101.038029	114.873799	0.003196	6.2
386	-0.374593	102.038013	113.940170	0.003425	11.3
387	-0.376225	101.449713	114.487587	0.005277	9.5
388	-0.377441	102.447717	113.562019	0.005162	5.9
389	-0.384978	103.447713	112.649496	0.005571	6.2
390	-0.367072	102.857424	113.186369	0.004537	11.3
391	-0.376523	102.267117	113.728401	0.003076	11.9
392	-0.387619	103.242107	112.835917	0.005045	8.1
393	-0.384311	104.242106	111.934976	0.003210	6.6
394	-0.368866	103.656325	112.460977	0.009244	9.3
395	-0.374794	104.656325	111.565989	0.003354	11.5
396	-0.389928	104.894318	111.355082	0.002656	9.6
397	-0.358927	105.810919	110.550197	0.004601	8.6
398	-0.371132	105.236509	111.053230	0.002736	11.4
399	-0.374181	104.646297	111.574892	0.004287	10.8
400	-0.392843	105.645071	110.694968	0.003856	11.0
401	-0.359857	105.057933	111.210550	0.004370	6.0
402	-0.378819	106.057879	110.335322	0.008270	6.5
403	-0.384335	107.057879	109.473717	0.003001	7.1
404	-0.373255	108.057879	108.625464	0.007445	5.8
405	-0.368681	107.900055	108.758465	0.010575	9.8
406	-0.373721	108.900055	107.921218	0.004668	6.0
407	-0.358429	108.309748	108.413884	0.005236	6.3
408	-0.377600	109.309748	107.581914	0.002684	5.8
409	-0.361534	109.615562	107.330029	0.002457	11.4
410	-0.365866	109.062493	107.786432	0.002132	11.8
411	-0.374764	108.783902	108.017804	0.003787	10.0
412	-0.376189	109.779953	107.195115	0.001750	15.8
413	-0.363229	110.456215	106.643661	0.003449	4.0
414	-0.371188	109.877159	107.115498	0.006380	5.7
415	-0.386079	109.310370	107.581401	0.002554	6.1
416	-0.366146	108.721030	108.070157	0.004804	11.6
417	-0.372088	109.668173	107.286815	0.002556	6.4
418	-0.366689	109.078083	107.773514	0.002160	6.9
419	-0.372474	109.686526	107.271748	0.003944	7.8
420	-0.350458	109.096771	107.758032	0.004170	7.2
421	-0.364375	108.509794	108.246424	0.005287	7.8
422	-0.385829	107.971040	108.698604	0.003123	7.9
423	-0.369788	108.618019	108.156043	0.003707	11.3
424	-0.387718	109.262168	107.621210	0.004365	7.2
425	-0.384587	109.355996	107.543745	0.012629	6.0
426	-0.376068	108.765900	108.032789	0.003598	6.9
427	-0.372307	109.765772	107.206740	0.004196	10.4
428	-0.393039	110.765770	106.393125	0.006380	3.5
429	-0.376569	111.765769	105.591766	0.005572	5.8
430	-0.362440	112.648186	104.894593	0.004529	9.1
431	-0.371109	113.648183	104.115568	0.004164	8.3
432	-0.368307	114.647846	103.348284	0.005827	6.2
433	-0.372442	115.633862	102.602472	0.002617	14.7
434	-0.372791	116.621126	101.866425	0.004012	7.0
435	-0.403207	117.606802	101.142021	0.004119	11.9
436	-0.370503	118.606731	100.417594	0.003894	6.7
437	-0.389914	118.016441	100.843986	0.006717	9.2
438	-0.380985	119.016438	100.123759	0.004949	6.3
439	-0.380481	120.016438	99.413744	0.002671	9.6
440	-0.368505	119.426132	99.831647	0.005705	6.0
441	-0.369541	120.426083	99.125789	0.004839	6.1
442	-0.373301	119.835777	99.541270	0.001804	6.2
443	-0.364432	119.776507	99.583179	0.004192	6.0
444	-0.363708	120.063685	99.380447	0.002886	7.3
445	-0.375954	119.506966	99.774214	0.003669	6.8
446	-0.366875	120.502004	99.072605	0.005605	5.9
447	-0.368176	120.810936	98.856777	0.003665	5.9
448	-0.359005	121.810897	98.164582	0.001848	15.2
449	-0.365344	121.233053	98.563391	0.004629	4.3
450	-0.380037	121.109151	98.649327	0.004754	6.4
451	-0.381527	122.109111	97.960025	0.003546	8.0
452	-0.383785	121.518957	98.365666	0.001876	11.3
453	-0.363129	122.282495	97.841485	0.002952	10.8
454	-0.382846	123.010834	97.346649	0.003307	5.3
455	-0.363761	123.688424	96.890765	0.004838	5.2
456	-0.366563	123.101681	97.285278	0.004482	6.4
457	-0.369466	124.096321	96.618384	0.003800	5.8
458	-0.369527	125.096319	95.957052	0.003768	10.6
459	-0.370807	126.055591	95.331106	0.004410	7.8
460	-0.395330	125.476170	95.708210	0.001616	11.0
461	-0.381081	126.385273	95.117863	0.003187	6.0
462	-0.354940	125.826384	95.479925	0.005249	10.9
463	-0.360903	126.826350	94.834054	0.005216	2.7
464	-0.370513	127.826338	94.196849	0.004557	6.2
465	-0.380022	127.236662	94.571558	0.004253	8.6
466	-0.378095	128.236660	93.937857	0.007249	6.3
467	-0.370419	127.646423	94.310861	0.004786	11.1
468	-0.379603	128.644276	93.681980	0.003730	7.0
469	-0.365675	129.379066	93.224226	0.003341	8.6
470	-0.375959	129.999077	92.841442	0.006051	6.3
471	-0.385922	130.995944	92.232541	0.004335	7.9
472	-0.380136	130.437606	92.572595	0.001821	11.6
473	-0.380655	131.315275	92.039174	0.005518	9.6
474	-0.351577	130.731498	92.393289	0.003054	6.5
475	-0.397671	131.730725	91.788814	0.005948	5.9
476	-0.371831	132.729886	91.192236	0.002246	8.0
477	-0.378787	132.150454	91.537255	0.003366	9.9
478	-0.373807	133.076839	90.986888	0.001908	6.0
479	-0.376172	133.072521	90.989438	0.004442	9.8
480	-0.360938	134.056319	90.412130	0.004421	5.4
481	-0.364309	135.056319	89.832774	0.005387	6.1
482	-0.378300	134.548330	90.126150	0.005374	11.0
483	-0.382293	135.548330	89.550441	0.003682	10.2
484	-0.373938	136.548327	88.982043	0.004333	13.4
485	-0.380916	137.517497	88.438010	0.003648	3.6
486	-0.374736	136.941267	88.760666	0.002545	7.9
487	-0.362973	137.796051	88.282876	0.004995	6.7
488	-0.374779	137.209641	88.610100	0.006770	5.8
489	-0.360532	138.209588	88.053567	0.003380	5.9
490	-0.398334	139.209585	87.503954	0.003878	6.0
491	-0.382276	138.619954	87.827190	0.003129	5.9
492	-0.376121	139.586915	87.298346	0.002211	10.7
493	-0.380648	139.100132	87.563776	0.004237	9.6
494	-0.367856	140.059307	87.042297	0.002663	8.8
495	-0.370951	141.019358	86.526525	0.003718	6.1
496	-0.348728	141.712316	86.158027	0.002669	9.8
497	-0.378639	141.666968	86.182046	0.007080	11.9
498	-0.365398	142.640107	85.669536	0.003024	15.1
499	-0.364198	142.049813	85.979688	0.004775	8.7
500	-0.346859	143.024087	85.468984	0.003878	11.6
501	-0.389959	142.433781	85.777689	0.007209	10.9
502	-0.378932	143.433781	85.256034	0.001570	7.3
503	-0.383496	142.991453	85.485992	0.004975	11.1
504	-0.388558	143.981241	84.973128	0.004617	8.9
505	-0.376709	143.390935	85.278255	0.003052	11.5
506	-0.371531	144.365675	84.775587	0.004588	13.8
507	-0.376162	144.071819	84.926502	0.003578	11.4
508	-0.383553	143.806055	85.063453	0.006361	7.5
509	-0.388562	144.133665	84.894695	0.004092	13.2
510	-0.377718	145.133664	84.383693	0.002552	11.1
511	-0.364076	144.756306	84.575799	0.003447	10.7
512	-0.369513	145.165027	84.367766	0.001904	11.4
513	-0.376753	144.879643	84.512914	0.003339	10.9
514	-0.381684	145.394622	84.251353	0.004296	8.0
515	-0.381852	146.349561	83.770594	0.002604	11.3
516	-0.378347	147.344296	83.275599	0.004522	12.4
517	-0.381944	147.590529	83.153972	0.003288	9.1
518	-0.374862	147.043173	83.424824	0.005152	10.6
519	-0.387128	148.043146	82.931325	0.008352	10.3
520	-0.374872	147.452839	83.221940	0.003644	9.1
521	-0.399563	146.862560	83.514586	0.005305	11.0
522	-0.364142	147.862077	83.020251	0.007708	6.9
523	-0.364140	147.271770	83.311491	0.004976	5.1
524	-0.381148	146.681464	83.604781	0.004540	11.3
525	-0.378603	147.484772	83.206167	0.003293	6.7
526	-0.364779	146.894847	83.498525	0.003074	8.0
527	-0.377148	147.848359	83.026997	0.005809	5.9
528	-0.358348	147.716244	83.092012	0.003759	11.8
529	-0.351492	148.716244	82.602418	0.002387	6.4
530	-0.379374	148.901068	82.512560	0.001997	7.1
531	-0.386040	149.736595	82.108772	0.003020	11.8
532	-0.404473	150.577674	81.706272	0.003356	1.8
533	-0.392733	150.004929	81.979930	0.003147	5.9
534	-0.394195	150.995135	81.507957	0.010366	12.3
535	-0.377375	151.993851	81.037401	0.003175	6.5
536	-0.365350	152.993851	80.571653	0.003558	6.2
537	-0.366357	153.679137	80.255561	0.005917	6.3
538	-0.366998	153.088931	80.527648	0.003795	5.8
539	-0.366040	154.088931	80.067723	0.002764	11.2
540	-0.392719	153.616514	80.284343	0.002086	11.0
541	-0.379339	153.296399	80.431794	0.003599	3.7
542	-0.366528	154.224164	80.005930	0.010279	10.9
543	-0.358795	154.910159	79.693931	0.004176	3.0
544	-0.355599	155.910159	79.243454	0.005483	11.6
545	-0.380707	156.910126	78.798056	0.004268	10.2
546	-0.375174	157.909698	78.357810	0.002344	4.3
547	-0.351405	158.832821	77.955581	0.004559	9.6
548	-0.376906	159.828320	77.526419	0.001735	6.0
549	-0.364827	159.514937	77.661009	0.004535	5.9
550	-0.365804	160.501932	77.238694	0.003418	5.8
551	-0.369272	160.512887	77.234032	0.002773	10.1
552	-0.384672	160.766310	77.126350	0.002531	4.8
553	-0.372849	160.200859	77.367029	0.002659	11.2
554	-0.385301	159.640493	77.607030	0.003093	6.3
555	-0.373845	160.620804	77.188140	0.005815	8.4
556	-0.362769	161.620751	76.765494	0.004374	6.0
557	-0.359738	162.620730	76.347437	0.003124	6.5
558	-0.385153	163.620727	75.933901	0.002746	13.0
559	-0.379190	163.219313	76.099361	0.008267	5.5
560	-0.379883	164.051787	75.757021	0.003117	8.6
561	-0.376547	163.461480	75.999456	0.003446	7.9
562	-0.363300	164.194057	75.698823	0.004586	8.0
563	-0.398242	165.191099	75.293460	0.003733	6.8
564	-0.357024	164.645941	75.514563	0.003897	9.2
565	-0.360861	164.057435	75.754709	0.002849	6.6
566	-0.374626	164.981716	75.378227	0.003325	5.9
567	-0.379119	164.669653	75.504919	0.005082	6.8
568	-0.379953	165.667892	75.101143	0.001299	6.1
569	-0.369694	165.188778	75.294399	0.005763	11.5
570	-0.378757	165.443691	75.191453	0.003538	7.0
571	-0.402671	164.853644	75.430170	0.003513	10.4
572	-0.368545	165.713725	75.082708	0.004604	10.2
573	-0.368399	165.325743	75.239051	0.004675	5.2
574	-0.389437	164.776412	75.461529	0.003414	5.3
575	-0.364855	164.186121	75.702067	0.002953	6.2
576	-0.372082	164.974964	75.380964	0.005118	6.2
577	-0.367553	164.579893	75.541438	0.004764	6.0
578	-0.378613	165.579889	75.136566	0.004703	11.9
579	-0.373416	164.989583	75.375039	0.003565	9.7
580	-0.361977	164.401092	75.614291	0.003721	6.0
581	-0.374163	164.425799	75.604216	0.006825	5.8
582	-0.376961	165.424498	75.199194	0.002643	11.5
583	-0.390858	166.424496	74.797972	0.002831	6.3
584	-0.370234	167.377088	74.419730	0.003358	7.0
585	-0.381132	166.787749	74.653284	0.003900	7.9
586	-0.364638	167.786417	74.258373	0.002375	16.6
587	-0.368494	168.279545	74.064908	0.001401	3.3
588	-0.360771	168.545358	73.961041	0.003724	5.5
589	-0.367329	168.943928	73.805845	0.004744	7.0
590	-0.379938	169.943924	73.419315	0.005797	10.4
591	-0.378465	169.353617	73.646996	0.005324	8.2
592	-0.384103	170.353604	73.262127	0.001827	11.0
593	-0.370789	171.139874	72.962326	0.004147	8.6
594	-0.364914	172.054206	72.616766	0.003604	11.1
595	-0.366461	171.486691	72.830864	0.002398	6.5
596	-0.375224	171.338133	72.887117	0.003708	7.4
597	-0.366917	172.333778	72.511758	0.006281	6.1
598	-0.367636	171.743472	72.733836	0.005215	6.6
599	-0.377536	171.705978	72.747988	0.002143	5.9
600	-0.373557	171.204223	72.937898	0.004491	8.0
601	-0.368140	170.682625	73.136374	0.005575	6.1
602	-0.379629	170.092326	73.362298	0.006776	5.9
603	-0.373550	169.502352	73.589496	0.002010	7.9
604	-0.373062	168.945077	73.805398	0.002130	7.9
605	-0.367231	169.003209	73.782817	0.005838	5.9
606	-0.359275	168.492058	73.981845	0.001495	6.0
607	-0.375788	167.906913	74.211006	0.003542	6.1
608	-0.372315	168.539725	73.963240	0.001722	13.8
609	-0.376699	168.499633	73.978888	0.002282	9.7
610	-0.381930	168.761359	73.876853	0.005192	6.0
611	-0.365629	168.171800	74.107093	0.010085	11.2
612	-0.380192	169.171800	73.717408	0.004069	2.6
613	-0.399414	170.171789	73.331803	0.002769	6.0
614	-0.373311	171.012344	73.010786	0.004235	5.1
615	-0.398591	170.824532	73.082269	0.001844	6.1
616	-0.382308	170.252299	73.300934	0.002688	7.6
617	-0.357936	170.146194	73.341623	0.005587	6.3
618	-0.366623	170.970946	73.026530	0.003153	13.7
619	-0.387437	170.881216	73.060680	0.002717	8.6
620	-0.397148	171.306679	72.899039	0.004253	12.0
621	-0.382190	171.411173	72.859449	0.004928	4.1
622	-0.365087	170.877119	73.062240	0.003367	9.5
623	-0.370997	171.877102	72.683444	0.008742	7.7
624	-0.372998	172.876994	72.308590	0.004961	9.4
625	-0.379107	173.836243	71.952589	0.003714	7.2
626	-0.386993	174.836242	71.585177	0.004234	3.9
627	-0.400428	175.836213	71.221509	0.010383	16.1
628	-0.391484	176.836213	70.861506	0.001860	6.8
629	-0.389946	177.834980	70.505562	0.003183	7.1
630	-0.382492	177.309772	70.692291	0.004987	13.7
631	-0.393397	176.719465	70.903348	0.007336	13.5
632	-0.372178	176.129170	71.115665	0.004646	16.1
633	-0.380499	177.129170	70.756729	0.003947	11.6
634	-0.381512	176.572795	70.955984	0.001720	14.8
635	-0.370508	175.990275	71.165808	0.003240	16.6
636	-0.379078	176.624705	70.937346	0.004069	14.0
637	-0.364171	176.034402	71.149870	0.003163	8.1
638	-0.373614	176.757794	70.889606	0.001949	17.5
639	-0.377689	177.712098	70.549162	0.003197	15.1
640	-0.381998	178.664096	70.212784	0.002690	17.9
641	-0.396939	179.626056	69.876129	0.007431	17.4
642	-0.382029	179.035749	70.082334	0.002600	2.7
643	-0.395370	180.035715	69.733739	0.004903	9.3
644	-0.350437	181.027989	69.391237	0.003009	14.0
645	-0.372726	181.908093	69.090256	0.005060	9.1
646	-0.383165	182.908088	68.751427	0.003613	15.1
647	-0.375662	183.908046	68.415918	0.002310	11.3
648	-0.351654	184.721916	68.145253	0.005769	3.6
649	-0.381812	185.721588	67.815714	0.005287	11.0
650	-0.375171	186.721588	67.489240	0.006869	12.6
651	-0.358145	187.721588	67.165894	0.003257	10.6
652	-0.359367	188.721578	66.845635	0.004433	5.4
653	-0.372213	189.712566	66.531258	0.004437	14.1
654	-0.385035	190.710516	66.217646	0.001469	6.4
655	-0.383291	190.251477	66.361534	0.002881	10.9
656	-0.372218	189.896547	66.473218	0.004206	9.3
657	-0.376519	189.307821	66.659300	0.002954	6.2
658	-0.363173	190.221638	66.370909	0.003454	9.3
659	-0.367781	191.216712	66.059699	0.003052	11.9
660	-0.361838	192.216163	65.750044	0.004431	14.5
661	-0.397954	193.216153	65.443114	0.002651	10.4
662	-0.386419	193.745118	65.281913	0.004933	11.2
663	-0.385027	194.172132	65.152359	0.002320	10.2
664	-0.381175	193.581911	65.331565	0.004973	6.8
665	-0.376584	194.581457	65.028655	0.004262	1.6
666	-0.390160	195.578143	64.729395	0.003326	6.1
667	-0.400071	195.104835	64.871164	0.002506	8.1
668	-0.384263	196.069964	64.582736	0.003756	1.7
669	-0.395773	197.069061	64.286846	0.004829	5.9
670	-0.381963	198.069051	63.993394	0.005499	8.1
671	-0.375148	199.069051	63.702606	0.002423	7.2
672	-0.375161	198.478761	63.873935	0.005991	11.8
673	-0.375951	199.422619	63.600424	0.003378	11.0
674	-0.378014	198.832369	63.771191	0.006244	11.1
675	-0.366545	199.830255	63.483023	0.007126	11.4
676	-0.377861	199.239949	63.653175	0.002802	3.6
677	-0.377528	198.686738	63.813466	0.001527	6.7
678	-0.368375	198.201474	63.954735	0.002873	11.0
679	-0.364772	198.997867	63.723218	0.004622	8.9
680	-0.392365	198.429157	63.888374	0.004719	4.8
681	-0.369726	199.429137	63.598544	0.003685	6.9
682	-0.369537	198.838833	63.769316	0.002820	7.7
683	-0.357541	198.255817	63.938883	0.003130	6.4
684	-0.368682	198.826274	63.772960	0.001820	16.8
685	-0.370315	199.541186	63.566231	0.006272	6.0
686	-0.381005	198.967304	63.732072	0.003090	6.6
687	-0.381727	198.409410	63.894124	0.006044	8.0
688	-0.360522	197.819107	64.066490	0.003282	6.1
689	-0.363852	197.228801	64.239789	0.002239	11.6
690	-0.374797	196.739925	64.384022	0.003353	6.3
691	-0.375828	196.394610	64.486291	0.004752	5.9
692	-0.384248	197.394602	64.191019	0.003337	5.6
693	-0.361158	198.389083	63.900044	0.003300	9.3
694	-0.369515	197.801558	64.071628	0.002149	6.1
695	-0.376663	197.353152	64.203205	0.004335	7.2
696	-0.385985	196.771200	64.374775	0.006516	6.3
697	-0.369424	196.180893	64.549749	0.005427	11.5
698	-0.388109	195.590603	64.725671	0.004177	11.5
699	-0.376590	196.590602	64.428206	0.002037	7.0
700	-0.395955	196.482239	64.460308	0.005108	6.0
701	-0.382192	197.167846	64.257737	0.004180	6.5
702	-0.388699	198.167846	63.964548	0.001914	6.4
703	-0.371532	197.594081	64.132441	0.002703	5.9
704	-0.374228	198.541865	63.855575	0.003118	10.0
705	-0.379220	199.536544	63.567570	0.003537	8.7
706	-0.368238	199.980518	63.439855	0.004553	5.9
707	-0.389803	199.393109	63.608940	0.003887	6.0
708	-0.375580	199.812907	63.488010	0.003889	5.8
709	-0.375320	199.222656	63.658174	0.003079	6.1
710	-0.379739	199.707100	63.518446	0.003091	12.3
711	-0.355573	200.674447	63.241263	0.003136	11.2
712	-0.369433	200.096726	63.406511	0.002954	10.6
713	-0.396187	200.723746	63.227202	0.004913	10.7
714	-0.358772	201.723727	62.943326	0.003195	8.0
715	-0.364991	201.134030	63.110421	0.003681	9.1
716	-0.363866	200.562366	63.273255	0.004543	7.8
717	-0.360893	201.554312	62.991240	0.004068	5.9
718	-0.384128	202.553579	62.709674	0.004553	7.4
719	-0.361036	203.550967	62.431137	0.005106	9.1
720	-0.372825	204.550967	62.154343	0.005476	10.9
721	-0.374237	205.550967	61.879992	0.002968	11.7
722	-0.383300	206.463281	61.631803	0.005088	7.2
723	-0.376780	207.448163	61.366097	0.002947	7.0
724	-0.365124	208.447542	61.098811	0.004865	12.3
725	-0.369493	209.447537	60.833682	0.004345	9.2
726	-0.381599	210.447537	60.570842	0.003196	6.1
727	-0.388859	209.860214	60.724938	0.004047	9.8
728	-0.391367	209.272155	60.880014	0.002037	8.4
729	-0.373634	209.924584	60.708011	0.007330	6.3
730	-0.362635	209.366429	60.855100	0.003967	11.4
731	-0.371871	210.366414	60.592079	0.009741	11.9
732	-0.377538	209.776107	60.747069	0.002475	9.3
733	-0.388695	210.703903	60.503824	0.001997	10.9
734	-0.400112	210.781195	60.483648	0.005077	8.8
735	-0.387220	210.245427	60.623781	0.004681	10.8
736	-0.384189	211.245427	60.362748	0.004857	10.9
737	-0.348414	212.245256	60.103997	0.003271	6.3
738	-0.372305	211.655174	60.256438	0.002692	6.3
739	-0.390367	212.356533	60.075336	0.002760	5.9
740	-0.346645	211.778066	60.224627	0.002575	11.1
741	-0.381533	211.225228	60.367998	0.002972	10.9
742	-0.376877	212.149586	60.128659	0.002667	6.1
743	-0.386504	212.825538	59.954837	0.003624	14.4
744	-0.378462	212.313297	60.086469	0.003260	3.9
745	-0.367616	211.849229	60.206221	0.006091	9.1
746	-0.365021	212.849229	59.948763	0.003150	6.0
747	-0.367809	212.258926	60.100474	0.004878	6.4
748	-0.384144	213.232681	59.850624	0.001922	6.2
749	-0.360412	214.232295	59.596290	0.003987	7.7
750	-0.372048	214.060178	59.639928	0.005093	11.2
751	-0.382607	213.469873	59.790078	0.003667	7.0
752	-0.375667	214.468982	59.536386	0.003847	6.6
753	-0.365475	215.465558	59.285471	0.003193	10.9
754	-0.357327	214.931822	59.419590	0.004166	13.7
755	-0.384062	215.929029	59.169500	0.004089	9.5
756	-0.377168	216.927490	58.921195	0.001577	7.1
757	-0.370827	216.684545	58.981420	0.002960	8.1
758	-0.372950	216.951061	58.915359	0.004481	6.3
759	-0.365305	217.944190	58.670487	0.004046	6.1
760	-0.366422	217.367598	58.812407	0.004032	11.1
761	-0.368217	216.783137	58.956965	0.005739	6.3
762	-0.364100	216.196823	59.102698	0.005391	5.9
763	-0.392449	217.196789	58.854580	0.002526	5.4
764	-0.363225	216.609729	58.999992	0.004437	6.5
765	-0.383679	217.572945	58.761785	0.003755	6.4
766	-0.367502	216.983704	58.907277	0.003780	9.3
767	-0.399417	217.880663	58.686090	0.003091	7.8
768	-0.383957	217.300331	58.829008	0.006794	11.4
769	-0.384271	217.968392	58.664545	0.006363	12.1
770	-0.369477	217.379644	58.809435	0.003167	5.5
771	-0.387181	216.946839	58.916404	0.001930	5.9
772	-0.372213	217.438738	58.794859	0.003376	6.0
773	-0.370327	216.853454	58.939536	0.004785	6.3
774	-0.367739	217.853452	58.692776	0.003881	10.8
775	-0.347158	218.853451	58.448073	0.001533	8.5
776	-0.366184	218.860327	58.446398	0.004327	5.9
777	-0.379161	218.733083	58.477420	0.003847	10.0
778	-0.378280	218.143312	58.621636	0.003480	4.0
779	-0.351195	219.143265	58.377536	0.003103	11.1
780	-0.405997	218.557198	58.520354	0.002156	10.8
781	-0.375696	219.534895	58.282488	0.004491	8.1
782	-0.373159	220.498030	58.050047	0.002529	10.0
783	-0.372324	220.000192	58.169962	0.002713	10.8
784	-0.368358	220.989141	57.932236	0.002097	6.5
785	-0.371195	220.447476	58.062202	0.003899	5.8
786	-0.362562	219.858628	58.204152	0.002930	6.0
787	-0.355945	220.857803	57.963696	0.003730	7.2
788	-0.376248	221.856431	57.725348	0.002906	6.3
789	-0.376650	221.301074	57.857656	0.002551	11.7
790	-0.376535	222.279772	57.624898	0.004050	14.9
791	-0.381978	222.938391	57.469314	0.004451	2.4
792	-0.365059	222.348334	57.608663	0.005186	6.3
793	-0.371463	223.348326	57.372900	0.003290	10.1
794	-0.366517	224.348285	57.139067	0.002836	1.9
795	-0.384086	223.796323	57.267903	0.002922	6.0
796	-0.387123	224.365415	57.135078	0.007137	5.9
797	-0.360675	223.775108	57.272866	0.003662	5.9
798	-0.374947	224.768399	57.041394	0.002953	13.0
799	-0.371325	225.765555	56.810895	0.003095	1.5
800	-0.368052	226.748742	56.585442	0.003260	11.7
801	-0.367068	227.695051	56.370129	0.002783	6.5
802	-0.379581	227.105101	56.504167	0.004938	4.8
803	-0.377975	228.081507	56.282669	0.004982	5.6
804	-0.391889	229.064674	56.061385	0.003217	13.8
805	-0.377825	228.474370	56.194037	0.003057	7.3
806	-0.393750	227.889434	56.326104	0.004931	6.6
807	-0.381725	228.854630	56.108514	0.006543	11.2
808	-0.372783	229.854630	55.884845	0.003397	5.9
809	-0.370512	230.853856	55.663123	0.006005	6.6
810	-0.374688	231.851407	55.443520	0.001820	7.1
811	-0.373097	232.705756	55.256815	0.002841	7.8
812	-0.377459	232.339072	55.336794	0.004426	6.0
813	-0.401846	233.337167	55.119636	0.004424	10.0
814	-0.374267	232.746863	55.247864	0.004339	7.2
815	-0.348916	233.746408	55.031088	0.005851	11.3
816	-0.388162	234.746408	54.815910	0.004538	11.3
817	-0.394701	234.156103	54.942727	0.006333	7.6
818	-0.376911	235.156102	54.728238	0.007862	5.9
819	-0.371544	234.565909	54.854625	0.003098	7.5
820	-0.384935	235.565909	54.640822	0.003373	6.7
821	-0.375983	236.506339	54.441270	0.004780	11.0
822	-0.365935	235.916758	54.566203	0.003410	9.6
823	-0.388542	236.916753	54.354639	0.003696	7.0
824	-0.390259	236.820411	54.374951	0.002462	6.2
825	-0.373232	237.524956	54.226765	0.004292	9.7
826	-0.391464	236.935293	54.350732	0.003437	7.6
827	-0.378524	237.922082	54.143594	0.004994	8.5
828	-0.369281	237.331852	54.267300	0.002257	7.0
829	-0.375399	238.280247	54.068801	0.003994	11.5
830	-0.361486	239.145065	53.889057	0.002248	5.5
831	-0.376291	239.229111	53.871652	0.003217	6.1
832	-0.396274	240.167281	53.678133	0.005564	6.6
833	-0.380452	239.582933	53.798505	0.004729	11.0
834	-0.369567	238.992841	53.920608	0.003547	9.5
835	-0.380304	239.968712	53.718976	0.002095	6.1
836	-0.394145	239.384325	53.839539	0.002734	10.8
837	-0.363049	240.367751	53.636962	0.004439	11.1
838	-0.382506	240.465095	53.616993	0.002788	7.2
839	-0.379907	239.901429	53.732830	0.005282	4.8
840	-0.386161	239.420643	53.832031	0.002503	11.0
841	-0.371027	238.830478	53.954302	0.006375	11.6
842	-0.373813	238.243110	54.076546	0.002107	10.9
843	-0.380135	239.202029	53.877259	0.003674	8.0
844	-0.366200	240.144413	53.682834	0.003557	11.0
845	-0.361441	241.142060	53.478530	0.003413	12.6
846	-0.371657	240.554697	53.598625	0.003891	12.6
847	-0.361006	239.978637	53.716934	0.004206	6.1
848	-0.379349	240.959116	53.515878	0.002915	6.1
849	-0.397107	241.905326	53.323271	0.003333	7.6
850	-0.387523	242.755569	53.151379	0.003041	6.0
851	-0.363757	243.734690	52.954798	0.003327	6.6
852	-0.388367	244.729602	52.756531	0.002403	9.6
853	-0.381761	244.278057	52.846331	0.004379	11.1
854	-0.377822	243.689023	52.963935	0.002055	7.9
855	-0.355308	244.628927	52.776526	0.002675	11.0
856	-0.365609	245.409408	52.621911	0.004066	7.5
857	-0.380431	244.826365	52.737328	0.003854	7.6
858	-0.371820	245.826364	52.539681	0.003116	6.3
859	-0.373933	246.825142	52.343749	0.004257	5.7
860	-0.360979	246.234898	52.459361	0.004078	11.3
861	-0.399473	247.234723	52.263823	0.005607	5.7
862	-0.385000	248.234723	52.069703	0.005403	6.2
863	-0.389136	247.644416	52.184119	0.001801	5.9
864	-0.365574	247.214552	52.267753	0.003486	5.9
865	-0.373585	246.965175	52.316396	0.003759	11.3
866	-0.374567	247.964865	52.121946	0.003396	10.4
867	-0.377614	247.389229	52.233736	0.003344	6.2
868	-0.389519	248.294516	52.058142	0.007033	11.0
869	-0.370519	249.294516	51.865544	0.003395	6.4
870	-0.364918	250.290852	51.675064	0.002841	8.6
871	-0.396406	250.945565	51.550655	0.001709	11.1
872	-0.362301	251.672931	51.413142	0.003836	16.3
873	-0.367972	251.323073	51.479193	0.003644	6.3
874	-0.394627	250.733293	51.590926	0.005289	6.6
875	-0.362051	250.143473	51.703152	0.004184	6.1
876	-0.365943	251.126920	51.516300	0.003173	12.2
877	-0.370197	252.126909	51.327686	0.002887	9.3
878	-0.378739	253.123677	51.141048	0.004654	5.5
879	-0.365988	254.123608	50.955177	0.002112	11.4
880	-0.376114	254.365758	50.910368	0.002320	6.4
881	-0.369609	254.824426	50.825709	0.006824	11.1
882	-0.364901	255.821724	50.642601	0.004276	8.3
883	-0.367433	256.821724	50.460316	0.006969	10.7
884	-0.350798	256.231417	50.567761	0.003330	8.0
885	-0.376427	255.844967	50.638349	0.003948	5.7
886	-0.374701	256.844944	50.456099	0.005057	6.0
887	-0.374664	256.254642	50.563525	0.002398	5.8
888	-0.380884	255.710062	50.663037	0.004754	10.3
889	-0.376708	256.652482	50.491074	0.004553	2.2
890	-0.379777	257.652482	50.309877	0.004553	5.9
891	-0.380231	257.062175	50.416681	0.002895	6.4
892	-0.367327	258.061841	50.236077	0.007679	6.1
893	-0.406554	259.061821	50.056705	0.005203	14.9
894	-0.384500	258.471515	50.162436	0.003076	7.7
895	-0.373214	258.514769	50.154674	0.003703	11.7
896	-0.366001	257.939192	50.258166	0.004793	11.6
897	-0.382000	258.938237	50.078804	0.004800	6.6
898	-0.365423	259.938236	49.900549	0.002437	6.4
899	-0.367416	259.356119	50.004159	0.002593	8.1
900	-0.383336	258.776028	50.107839	0.003788	11.3
901	-0.370781	258.185966	50.213742	0.005699	1.6
902	-0.376097	257.948159	50.256550	0.002509	9.4
903	-0.385506	257.374005	50.360206	0.001603	7.5
904	-0.379158	257.006462	50.426785	0.003831	6.9
905	-0.355972	256.909024	50.444465	0.003004	11.4
906	-0.354786	257.596047	50.320068	0.002622	7.9
907	-0.384980	258.201323	50.210980	0.006103	6.1
908	-0.379639	259.036153	50.061294	0.003648	5.9
909	-0.383071	260.024971	49.885147	0.004065	6.0
910	-0.382674	259.599796	49.960735	0.001308	6.1
911	-0.379429	259.301574	50.013890	0.003242	9.4
912	-0.371328	259.842967	49.917476	0.005427	7.4
913	-0.369190	259.253483	50.022472	0.003951	11.9
914	-0.388860	260.221129	49.850351	0.003248	5.9
915	-0.370886	261.072337	49.699918	0.003419	6.3
916	-0.372054	260.482882	49.803995	0.003517	5.9
917	-0.402568	259.942247	49.899836	0.003782	8.9
918	-0.397853	260.937763	49.723641	0.002005	16.0
919	-0.372476	261.582270	49.610232	0.003531	6.9
920	-0.397963	261.097071	49.695561	0.003453	11.6
921	-0.382151	262.068000	49.525104	0.002941	4.9
922	-0.381752	261.695963	49.590280	0.002963	8.0
923	-0.363661	262.689557	49.416595	0.005768	8.0
924	-0.372015	262.099295	49.519629	0.004718	7.7
925	-0.387566	261.508988	49.623101	0.001579	8.0
926	-0.385867	261.692370	49.590911	0.003455	7.9
927	-0.365459	261.780404	49.575472	0.006805	8.0
928	-0.371867	261.190100	49.679178	0.006192	6.6
929	-0.364104	260.649827	49.774474	0.005046	7.1
930	-0.367502	261.620240	49.603567	0.003809	5.2
931	-0.372059	262.620148	49.428689	0.007073	8.8
932	-0.376439	262.029842	49.531781	0.003180	7.9
933	-0.372968	263.029830	49.357394	0.001405	5.9
934	-0.383655	263.692258	49.242548	0.002402	5.9
935	-0.364010	263.446923	49.285019	0.002918	5.8
936	-0.384780	264.431274	49.115053	0.003060	5.9
937	-0.368581	264.863116	49.040857	0.003217	5.9
938	-0.372034	265.214857	48.980588	0.002512	10.6
939	-0.371435	264.659994	49.075728	0.007660	3.0
940	-0.364020	265.659992	48.904530	0.005677	6.3
941	-0.387830	265.069685	49.005445	0.006556	6.0
942	-0.382408	266.069637	48.834744	0.003004	11.4
943	-0.383178	267.061926	48.666522	0.002692	7.7
944	-0.381690	267.949857	48.516972	0.001567	6.1
945	-0.386139	267.388896	48.611345	0.003544	8.5
946	-0.367593	267.258389	48.633353	0.003798	6.2
947	-0.372775	268.258372	48.465225	0.003344	6.1
948	-0.373043	269.251544	48.299388	0.003846	6.1
949	-0.385425	268.661257	48.397816	0.002137	6.0
950	-0.366567	269.597094	48.241956	0.004385	9.4
951	-0.388984	270.489358	48.094284	0.004514	3.2
952	-0.387624	271.434258	47.938884	0.002682	6.1
953	-0.367812	272.430052	47.776197	0.003825	12.4
954	-0.374059	271.840326	47.872410	0.003176	6.1
955	-0.386263	271.268776	47.966027	0.005417	5.9
956	-0.378817	270.784484	48.045639	0.004290	11.3
957	-0.376720	270.194177	48.143037	0.004201	6.4
958	-0.388129	269.609870	48.239835	0.004381	1.5
959	-0.375019	269.202622	48.307531	0.004395	10.0
960	-0.388864	268.612373	48.405985	0.004821	6.6
961	-0.376220	268.022067	48.504850	0.003810	10.9
962	-0.341652	267.431761	48.604120	0.003633	5.7
963	-0.380432	266.930544	48.688728	0.006280	7.1
964	-0.372853	267.930544	48.520215	0.002926	7.3
965	-0.377693	268.930542	48.352864	0.008505	5.7
966	-0.367496	268.693354	48.392453	0.005974	10.0
967	-0.396656	268.103047	48.491264	0.005251	6.9
968	-0.366142	269.103038	48.324113	0.003922	12.0
969	-0.363451	270.100948	48.158456	0.003516	8.8
970	-0.389491	271.099487	47.993826	0.005563	10.6
971	-0.376211	270.509180	48.091014	0.005884	6.6
972	-0.371170	269.918874	48.188596	0.002931	5.8
973	-0.369541	269.328610	48.286568	0.004739	9.4
974	-0.384616	270.228144	48.137422	0.005038	10.5
975	-0.390563	269.672883	48.229377	0.003013	6.0
976	-0.362756	269.083280	48.327405	0.003775	11.2
977	-0.389894	270.080580	48.161825	0.005177	7.7
978	-0.368160	271.079104	47.997176	0.002202	7.9
979	-0.371781	272.062989	47.836037	0.005765	6.6
980	-0.384354	272.884159	47.702374	0.005271	6.3
981	-0.371827	272.293852	47.798384	0.002767	11.6
982	-0.373177	273.293833	47.635970	0.006404	7.1
983	-0.378625	274.293508	47.474705	0.002216	6.2
984	-0.364844	273.703730	47.569714	0.003231	5.8
985	-0.372577	273.145056	47.660064	0.002047	6.0
986	-0.399254	272.626765	47.744190	0.003854	9.7
987	-0.373472	273.250678	47.642956	0.002997	6.5
988	-0.376469	272.660531	47.738700	0.002961	6.9
989	-0.375340	273.659022	47.576931	0.003203	6.6
990	-0.373458	273.088102	47.669294	0.003377	5.8
991	-0.379901	272.521811	47.761262	0.005014	6.2
992	-0.379083	272.203300	47.813146	0.003414	11.4
993	-0.380275	273.197424	47.651580	0.003387	7.0
994	-0.389226	274.174303	47.493877	0.005798	8.8
995	-0.345421	273.584056	47.589039	0.003229	5.8
996	-0.355382	274.482807	47.444290	0.004031	6.4
997	-0.362117	273.892860	47.539205	0.005025	7.7
998	-0.378230	273.302580	47.634554	0.003113	5.8
999	-0.374542	272.712277	47.730290	0.004090	9.1
1000	-0.376666	272.673473	47.736597	0.004211	5.8
1001	-0.388512	273.661959	47.576457	0.006545	6.0
1002	-0.388672	273.071653	47.671960	0.003744	6.3
1003	-0.394407	274.071616	47.510405	0.003019	6.4
1004	-0.383603	273.482392	47.605468	0.003730	5.9
1005	-0.374915	274.460259	47.447911	0.005887	9.9
1006	-0.376075	275.460259	47.287863	0.004986	7.5
1007	-0.358813	274.871694	47.381931	0.004820	7.1
1008	-0.394322	275.787664	47.235697	0.008929	11.9
1009	-0.371917	276.785039	47.077490	0.002456	8.4
1010	-0.377691	276.240097	47.163799	0.003451	6.6
1011	-0.377961	277.151273	47.019662	0.005779	5.8
1012	-0.388833	278.135880	46.864897	0.003674	5.4
1013	-0.365109	279.134714	46.708933	0.004532	10.2
1014	-0.362614	278.545345	46.800834	0.004215	1.7
1015	-0.363571	279.545324	46.645118	0.001930	9.2
1016	-0.387380	280.541039	46.491092	0.003309	7.9
1017	-0.383919	281.492562	46.344849	0.002414	10.9
1018	-0.371768	280.903128	46.435332	0.002788	8.8
1019	-0.375872	281.364326	46.364504	0.005215	7.9
1020	-0.378133	282.203513	46.236180	0.004846	5.5
1021	-0.382391	281.614302	46.326205	0.006002	5.8
1022	-0.378034	281.023995	46.416749	0.003044	11.4
1023	-0.364448	280.435129	46.507426	0.005669	9.0
1024	-0.373325	279.844950	46.598662	0.004274	11.0
1025	-0.367590	280.844950	46.444282	0.002988	5.2
1026	-0.398144	280.254986	46.535237	0.002827	6.0
1027	-0.389439	281.249493	46.382120	0.002585	5.9
1028	-0.386784	282.105535	46.251125	0.005046	11.8
1029	-0.375849	283.105444	46.099050	0.002760	9.3
1030	-0.354887	282.515180	46.188702	0.002812	2.8
1031	-0.363461	283.510940	46.037663	0.003068	11.8
1032	-0.379347	284.429874	45.899152	0.002402	6.0
1033	-0.371093	283.849795	45.986490	0.005525	5.9
1034	-0.365885	283.286198	46.071666	0.003763	5.6
1035	-0.362580	282.696175	46.161174	0.007660	6.1
1036	-0.382002	282.239241	46.230732	0.009549	6.3
1037	-0.384094	283.239241	46.078777	0.002008	6.0
1038	-0.371080	282.649065	46.168336	0.003250	6.8
1039	-0.344246	282.069722	46.256591	0.003788	11.0
1040	-0.364678	282.938240	46.124410	0.002471	7.2
1041	-0.408448	283.515625	46.036955	0.003125	5.8
1042	-0.371166	284.375300	45.907354	0.002283	11.2
1043	-0.379924	283.788145	45.995792	0.003598	7.2
1044	-0.372399	284.681361	45.861390	0.003696	9.9
1045	-0.375565	284.544715	45.881900	0.007500	6.1
1046	-0.388320	283.954411	45.970714	0.008657	5.9
1047	-0.367766	284.954411	45.820461	0.001915	11.6
1048	-0.368895	284.396334	45.904192	0.004692	7.5
1049	-0.377218	283.813075	45.992030	0.004473	7.3
1050	-0.371860	284.755445	45.850278	0.003526	6.3
1051	-0.371946	284.165152	45.938968	0.003531	6.2
1052	-0.375800	283.575153	46.027957	0.003585	6.4
1053	-0.379735	282.984861	46.117336	0.004297	12.9
1054	-0.376499	282.394761	46.207034	0.004347	6.0
1055	-0.383896	283.394761	46.055234	0.010675	2.6
1056	-0.390767	284.394761	45.904429	0.003274	7.7
1057	-0.358096	285.394761	45.754608	0.006269	6.8
1058	-0.363850	284.804839	45.842872	0.004548	11.2
1059	-0.357280	285.804838	45.693452	0.002629	10.9
1060	-0.358088	285.866824	45.684222	0.002055	6.1
1061	-0.381852	286.413346	45.603004	0.003005	10.0
1062	-0.383387	286.151437	45.641890	0.002218	4.1
1063	-0.378846	286.223205	45.631228	0.002656	6.7
1064	-0.380017	287.047769	45.509085	0.003502	11.3
1065	-0.356324	287.157776	45.492839	0.003649	5.9
1066	-0.392045	287.733429	45.408015	0.003428	5.2
1067	-0.401297	288.719237	45.263485	0.002792	6.0
1068	-0.371554	289.713112	45.118701	0.004692	8.2
1069	-0.392804	290.712379	44.974063	0.002352	9.0
1070	-0.389912	291.503998	44.860137	0.001800	5.7
1071	-0.362329	292.145194	44.768281	0.001933	11.2
1072	-0.368694	292.097806	44.775057	0.002471	2.6
1073	-0.381521	292.916955	44.658219	0.004944	7.2
1074	-0.388703	293.900574	44.518725	0.004073	8.8
1075	-0.379511	293.311732	44.602128	0.002065	11.1
1076	-0.384389	292.837130	44.669578	0.002730	6.3
1077	-0.372366	293.826112	44.529255	0.001927	6.0
1078	-0.386033	294.675891	44.409385	0.002072	10.9
1079	-0.370721	295.230598	44.331485	0.003833	2.1
1080	-0.385043	296.082966	44.212315	0.004450	11.2
1081	-0.381786	295.493886	44.294606	0.003008	11.3
1082	-0.385956	296.427570	44.164318	0.003586	6.6
1083	-0.369921	296.254463	44.188416	0.005305	6.1
1084	-0.384133	297.250998	44.050049	0.002896	6.3
1085	-0.377181	296.668816	44.130778	0.001814	6.4
1086	-0.380974	296.432228	44.163670	0.004085	11.1
1087	-0.378554	296.141479	44.204158	0.002716	5.5
1088	-0.371226	296.957175	44.090756	0.002682	10.9
1089	-0.373329	297.949533	43.953575	0.003047	2.7
1090	-0.379203	297.631482	43.997448	0.002932	5.8
1091	-0.375181	297.701900	43.987727	0.002269	6.0
1092	-0.370040	298.281456	43.907881	0.003757	13.8
1093	-0.367606	299.223443	43.778719	0.003000	5.0
1094	-0.360649	300.223264	43.642456	0.002521	6.4
1095	-0.365430	301.196515	43.510626	0.002904	9.5
1096	-0.392660	301.821492	43.426390	0.002983	11.1
1097	-0.370121	302.373963	43.352198	0.005964	1.6
1098	-0.374423	301.783658	43.431480	0.009303	10.8
1099	-0.379887	302.783658	43.297343	0.003032	5.9
1100	-0.388237	303.783657	43.164032	0.005822	10.3
1101	-0.370502	303.193351	43.242627	0.002803	6.7
1102	-0.375025	302.785158	43.297142	0.001953	6.8
1103	-0.360881	303.536481	43.196907	0.003737	6.7
1104	-0.381997	304.249079	43.102265	0.003988	8.5
1105	-0.378798	305.249071	42.970152	0.005367	8.0
1106	-0.364371	305.057334	42.995420	0.004114	11.0
1107	-0.384101	304.467032	43.073401	0.005072	5.8
1108	-0.388398	305.466345	42.941554	0.002344	7.0
1109	-0.370977	304.930034	43.012213	0.005132	5.6
1110	-0.379786	305.893708	42.885414	0.002119	5.8
1111	-0.381094	306.892682	42.754757	0.005256	10.7
1112	-0.367018	306.302699	42.831825	0.003841	3.5
1113	-0.387465	307.302691	42.701362	0.001997	7.1
1114	-0.371790	308.256769	42.577628	0.003224	5.9
1115	-0.367011	308.282062	42.574357	0.005768	6.9
1116	-0.385879	307.692027	42.650782	0.004932	5.8
1117	-0.351787	308.692026	42.521417	0.002702	11.7
1118	-0.372235	308.105965	42.597138	0.003278	9.4
1119	-0.381229	307.851110	42.630150	0.004135	5.9
1120	-0.374789	307.260807	42.706811	0.001568	5.9
1121	-0.387697	306.734574	42.775383	0.003988	5.9
1122	-0.359790	307.216359	42.712594	0.002194	10.1
1123	-0.357527	306.869546	42.757774	0.003386	7.7
1124	-0.377138	307.463427	42.680466	0.003626	8.0
1125	-0.367972	308.463412	42.550922	0.003422	5.9
1126	-0.382827	309.451464	42.423695	0.003738	6.1
1127	-0.362234	310.447889	42.296157	0.003786	5.8
1128	-0.357303	311.374422	42.178252	0.003274	6.7
1129	-0.376828	312.350330	42.054772	0.001989	8.2
1130	-0.369904	312.829961	41.994350	0.005434	5.7
1131	-0.374226	313.829638	41.868970	0.004279	8.0
1132	-0.381044	313.240764	41.942736	0.002767	7.7
1133	-0.373433	314.219109	41.820325	0.002710	11.2
1134	-0.377405	315.201646	41.698107	0.006621	6.2
1135	-0.368813	314.634491	41.768568	0.002677	5.5
1136	-0.375134	314.903464	41.735122	0.002903	9.9
1137	-0.378544	315.745818	41.630724	0.002760	5.4
1138	-0.385187	315.408343	41.672486	0.004541	13.2
1139	-0.389753	315.193472	41.699120	0.005534	6.1
1140	-0.367910	316.193449	41.575458	0.003676	10.8
1141	-0.376666	317.193423	41.452527	0.002585	9.5
1142	-0.355794	316.605817	41.524676	0.002276	5.6
1143	-0.383724	316.104622	41.586413	0.004795	7.1
1144	-0.380706	316.900281	41.488489	0.002804	11.2
1145	-0.381850	317.883604	41.368104	0.003420	9.7
1146	-0.370065	318.387143	41.306727	0.005816	5.5
1147	-0.368789	317.796837	41.378698	0.008626	12.0
1148	-0.372519	317.206530	41.450921	0.004123	6.0
1149	-0.362493	316.617492	41.523240	0.002893	7.3
1150	-0.368291	316.027223	41.595964	0.005245	6.8
1151	-0.370967	317.027196	41.472912	0.003033	6.8
1152	-0.374538	318.027183	41.350584	0.003354	5.7
1153	-0.387302	317.967935	41.357812	0.003640	5.3
1154	-0.371821	318.790044	41.257748	0.001994	11.6
1155	-0.352063	319.617048	41.157576	0.002614	4.4
1156	-0.375320	319.219155	41.205711	0.002864	6.8
1157	-0.371495	320.216012	41.085329	0.005842	11.3
1158	-0.371267	319.778048	41.138131	0.005468	8.5
1159	-0.385672	319.187826	41.209506	0.003004	9.0
1160	-0.385331	318.664266	41.273026	0.002091	4.8
1161	-0.375048	319.366440	41.187880	0.002897	6.4
1162	-0.374605	320.193815	41.088002	0.005896	7.7
1163	-0.389999	319.603551	41.159207	0.004245	6.4
1164	-0.378201	320.603551	41.038719	0.004130	6.6
1165	-0.387840	321.603512	40.918939	0.006942	10.7
1166	-0.370855	321.013205	40.989564	0.002805	6.0
1167	-0.394902	322.013012	40.870088	0.002749	11.2
1168	-0.349105	322.754869	40.781887	0.001954	12.4
1169	-0.382577	322.807519	40.775641	0.006966	9.8
1170	-0.374549	323.791444	40.659281	0.003517	5.7
1171	-0.376392	323.208425	40.728149	0.004538	11.5
1172	-0.388347	322.620804	40.797798	0.003293	4.9
1173	-0.386229	322.937474	40.760234	0.008120	6.1
1174	-0.385662	322.590165	40.801436	0.006412	10.1
1175	-0.366751	323.590165	40.683030	0.001731	7.6
1176	-0.370232	323.633751	40.677885	0.005464	6.2
1177	-0.385470	324.112172	40.621494	0.006258	9.7
1178	-0.342864	325.112172	40.504129	0.004178	11.9
1179	-0.386281	324.646024	40.558754	0.003374	8.0
1180	-0.365639	324.185312	40.612887	0.002273	7.8
1181	-0.376875	325.148187	40.499915	0.004018	7.8
1182	-0.374069	326.134182	40.384879	0.006612	6.3
1183	-0.367823	325.548388	40.453145	0.003085	6.5
1184	-0.373626	326.537616	40.337999	0.002705	6.0
1185	-0.375936	326.024064	40.397694	0.002718	9.0
1186	-0.357467	326.900401	40.295935	0.002889	6.0
1187	-0.369586	326.343288	40.360567	0.004842	6.6
1188	-0.391899	327.343259	40.244706	0.002915	10.4
1189	-0.384845	328.245401	40.140749	0.007596	5.3
1190	-0.382403	328.004308	40.168479	0.004634	6.6
1191	-0.368126	327.510219	40.225426	0.005749	12.0
1192	-0.370985	328.510219	40.110335	0.006230	7.8
1193	-0.364060	329.510219	39.995901	0.004739	7.8
1194	-0.375582	328.919917	40.063373	0.005412	6.3
1195	-0.375734	329.917691	39.949460	0.002718	9.6
1196	-0.367709	330.898639	39.838097	0.003794	8.4
1197	-0.386600	330.356808	39.899532	0.004822	11.5
1198	-0.377170	329.766501	39.966679	0.004170	5.6
1199	-0.365181	330.624614	39.869143	0.006291	6.6
1200	-0.370706	331.624240	39.756121	0.005537	6.8
1201	-0.383772	331.033934	39.822786	0.004679	6.3
1202	-0.380756	332.033684	39.710013	0.002699	9.6
1203	-0.372886	331.446899	39.776125	0.004128	7.8
1204	-0.385459	332.270970	39.683340	0.002806	8.6
1205	-0.359940	332.841125	39.619397	0.002567	11.3
1206	-0.354854	333.830399	39.508938	0.002955	6.4
1207	-0.386427	333.251579	39.573492	0.002803	5.9
1208	-0.386159	332.664189	39.639219	0.001856	11.7
1209	-0.362159	332.093685	39.703265	0.004395	6.4
1210	-0.369137	333.052587	39.595734	0.006176	11.0
1211	-0.368844	332.462280	39.661862	0.002489	10.9
1212	-0.369644	333.462099	39.549989	0.003162	11.1
1213	-0.403316	332.922531	39.610284	0.004496	6.4
1214	-0.365632	332.332448	39.676435	0.004234	17.2
1215	-0.357169	333.202879	39.578933	0.004773	9.0
1216	-0.378484	334.185881	39.469396	0.003558	5.0
1217	-0.368332	335.178624	39.359386	0.006126	9.4
1218	-0.387716	334.589134	39.424636	0.002822	6.8
1219	-0.370361	334.040475	39.485560	0.002859	6.3
1220	-0.369004	335.037852	39.374949	0.002877	12.0
1221	-0.364593	334.481364	39.436588	0.005608	10.1
1222	-0.380390	333.891281	39.502160	0.003007	5.9
1223	-0.367185	334.072646	39.481983	0.004135	10.2
1224	-0.375588	333.482904	39.547668	0.004444	6.7
1225	-0.370129	334.482899	39.436418	0.002425	8.8
1226	-0.369022	333.910111	39.500064	0.005157	7.1
1227	-0.390475	333.320161	39.565832	0.003237	6.7
1228	-0.385056	332.802823	39.623686	0.004295	11.3
1229	-0.372034	332.213430	39.689805	0.002353	5.3
1230	-0.379321	331.663011	39.751751	0.001977	5.9
1231	-0.371155	331.276910	39.795319	0.002867	6.5
1232	-0.364032	330.791429	39.850238	0.006854	8.1
1233	-0.384897	331.790860	39.737345	0.002266	11.4
1234	-0.381695	331.200676	39.803933	0.003192	5.6
1235	-0.393494	330.838532	39.844903	0.006500	6.6
1236	-0.374180	331.813232	39.734825	0.002925	6.4
1237	-0.387595	332.537110	39.653467	0.003491	6.4
1238	-0.369075	332.835677	39.620007	0.003046	15.3
1239	-0.395893	332.247512	39.685975	0.004507	2.4
1240	-0.369240	332.058430	39.707229	0.002970	13.4
1241	-0.360349	333.024923	39.598828	0.003729	3.6
1242	-0.369670	332.441460	39.664198	0.002321	8.2
1243	-0.360405	332.221562	39.688891	0.002019	7.9
1244	-0.380307	331.898514	39.725223	0.004684	11.6
1245	-0.377714	331.317607	39.790722	0.003310	5.6
1246	-0.374148	331.622719	39.756293	0.005699	9.7
1247	-0.387282	331.032413	39.822958	0.003500	5.8
1248	-0.396873	332.010809	39.712586	0.002410	7.1
1249	-0.362052	331.515865	39.768344	0.001623	7.7
1250	-0.374595	331.187410	39.805432	0.007594	10.8
1251	-0.384634	332.187067	39.692767	0.007058	5.7
1252	-0.376225	333.186997	39.580708	0.004368	11.4
1253	-0.379577	332.596690	39.646785	0.004451	6.4
1254	-0.368974	333.596138	39.535039	0.004241	6.0
1255	-0.398829	334.596138	39.423859	0.007450	5.9
1256	-0.376882	334.005832	39.489413	0.006043	5.9
1257	-0.361619	335.005832	39.378490	0.003193	10.0
1258	-0.366947	335.690409	39.302913	0.004231	7.1
1259	-0.387106	335.108249	39.367165	0.003454	6.0
1260	-0.397726	336.107692	39.256987	0.003748	5.9
1261	-0.342914	336.859382	39.174527	0.002759	5.9
1262	-0.393590	336.636011	39.198995	0.002090	6.3
1263	-0.365317	336.305638	39.235239	0.004274	5.8
1264	-0.372013	335.719594	39.299697	0.002850	9.0
1265	-0.389449	336.628714	39.199794	0.007904	9.4
1266	-0.384076	337.628714	39.090490	0.004146	6.1
1267	-0.381702	337.038591	39.154919	0.003312	9.8
1268	-0.371621	338.038575	39.045866	0.002284	6.3
1269	-0.375468	337.565964	39.097331	0.002467	9.6
1270	-0.375829	338.426888	39.003682	0.002787	5.6
1271	-0.377056	339.281095	38.911206	0.002228	7.2
1272	-0.373537	339.188310	38.921230	0.003597	15.2
1273	-0.375145	338.817897	38.961297	0.002084	1.8
1274	-0.392562	339.763353	38.859191	0.004134	6.0
1275	-0.377190	339.303861	38.908748	0.004142	7.5
1276	-0.377893	339.568828	38.880155	0.005797	5.7
1277	-0.372046	340.568828	38.772624	0.003622	11.9
1278	-0.348259	341.567579	38.665818	0.004213	4.7
1279	-0.375205	340.977275	38.728873	0.003339	7.6
1280	-0.378721	340.386985	38.792133	0.004665	4.1
1281	-0.367423	339.796679	38.855602	0.003641	5.8
1282	-0.387511	339.208481	38.919051	0.001753	11.0
1283	-0.395960	338.624972	38.982199	0.003657	7.9
1284	-0.367187	339.551004	38.882077	0.002267	6.0
1285	-0.368740	338.966786	38.945182	0.002611	2.1
1286	-0.397243	339.495050	38.888113	0.003882	8.4
1287	-0.361929	340.493083	38.780748	0.003558	5.3
1288	-0.379457	341.492720	38.673803	0.002665	6.5
1289	-0.356923	342.489333	38.567767	0.002783	5.8
1290	-0.394163	343.472791	38.463700	0.004257	11.6
1291	-0.379550	343.852606	38.423659	0.005201	5.6
1292	-0.379600	343.262299	38.485927	0.004629	8.0
1293	-0.381503	344.262299	38.380561	0.004699	5.9
1294	-0.368079	345.262224	38.275779	0.004488	5.7
1295	-0.344183	346.245211	38.173329	0.003859	7.3
1296	-0.360649	347.245196	38.069667	0.002727	9.0
1297	-0.376908	346.658831	38.130383	0.003204	7.0
1298	-0.362828	346.459369	38.151081	0.003628	11.5
1299	-0.386520	347.459231	38.047553	0.002907	6.1
1300	-0.380809	346.995057	38.095545	0.006540	5.8
1301	-0.393099	347.911804	38.000877	0.004500	11.4
1302	-0.385460	347.321497	38.061781	0.001404	11.1
1303	-0.379652	346.759301	38.119966	0.003020	6.2
1304	-0.383049	346.312775	38.166307	0.002973	11.2
1305	-0.372175	347.212972	38.072999	0.003917	8.5
1306	-0.367190	348.207579	37.970434	0.002925	11.3
1307	-0.377463	347.643388	38.028546	0.004649	1.6
1308	-0.374623	347.060758	38.088744	0.002707	6.3
1309	-0.382823	348.060645	37.985551	0.002765	12.2
1310	-0.372778	348.903198	37.899029	0.005268	6.0
1311	-0.374338	349.838472	37.803446	0.002173	5.9
1312	-0.377904	349.461885	37.841874	0.002985	11.6
1313	-0.365374	349.659964	37.821652	0.005642	9.6
1314	-0.370500	349.069662	37.881982	0.005721	9.4
1315	-0.373552	348.479355	37.942504	0.002314	1.5
1316	-0.383602	347.889145	38.003211	0.003601	6.4
1317	-0.381583	347.313102	38.062648	0.002628	5.9
1318	-0.370046	346.728240	38.123186	0.004989	8.5
1319	-0.357357	346.138685	38.184405	0.006598	11.3
1320	-0.374297	347.138685	38.080682	0.003187	6.5
1321	-0.387724	348.138684	37.977521	0.002964	11.4
1322	-0.390974	348.602471	37.929866	0.003453	5.5
1323	-0.377955	349.522917	37.835641	0.004207	12.6
1324	-0.360786	350.504828	37.735639	0.002391	7.9
1325	-0.384349	349.915211	37.795625	0.003259	11.2
1326	-0.385376	350.201813	37.766443	0.005203	5.8
1327	-0.375414	350.852361	37.700371	0.002676	6.7
1328	-0.370722	351.851384	37.599356	0.006042	8.0
1329	-0.380417	351.304482	37.654589	0.004056	8.3
1330	-0.376208	352.304448	37.553724	0.004763	11.6
1331	-0.387585	353.302581	37.453581	0.002281	5.8
1332	-0.358734	354.287570	37.355280	0.004488	10.1
1333	-0.379705	353.697813	37.414075	0.006420	8.0
1334	-0.392645	353.107506	37.473111	0.001590	11.0
1335	-0.384997	354.059945	37.377951	0.002938	6.0
1336	-0.378469	353.619503	37.421896	0.003233	5.8
1337	-0.383655	354.578234	37.326370	0.001947	12.8
1338	-0.367022	355.347448	37.250079	0.003973	6.2
1339	-0.372578	355.815639	37.203796	0.005313	9.3
1340	-0.368741	356.718597	37.114858	0.002536	11.1
1341	-0.378011	357.718501	37.016866	0.002617	6.2
1342	-0.362434	357.419663	37.046098	0.003849	6.6
1343	-0.380229	358.418587	36.948564	0.003302	7.3
1344	-0.391221	357.828412	37.006126	0.004762	8.5
1345	-0.378935	357.299618	37.057854	0.003620	6.2
1346	-0.376337	358.245163	36.965461	0.004976	11.1
1347	-0.375249	359.245128	36.868249	0.002499	10.5
1348	-0.370676	358.662788	36.924799	0.003144	8.2
1349	-0.386201	358.604030	36.930514	0.004206	6.0
1350	-0.357641	358.054249	36.984078	0.003542	6.7
1351	-0.387811	357.482570	37.039941	0.006085	13.0
1352	-0.356104	358.482161	36.942374	0.003179	6.5
1353	-0.376172	357.891883	36.999927	0.009688	6.4
1354	-0.385128	358.821877	36.909333	0.005159	10.7
1355	-0.380752	359.821877	36.812413	0.005350	6.4
1356	-0.361935	359.231570	36.869564	0.007056	9.3
1357	-0.368602	358.641263	36.926892	0.005334	5.6
1358	-0.375298	358.050956	36.984400	0.002647	10.2
1359	-0.364296	358.724096	36.918837	0.004695	5.2
1360	-0.374241	358.134053	36.976294	0.002038	10.1
1361	-0.364475	359.132870	36.879137	0.002400	7.1
1362	-0.365410	358.953546	36.896542	0.004474	8.6
1363	-0.375176	358.364808	36.953802	0.006407	9.2
1364	-0.366961	357.778385	37.011014	0.002206	4.2
1365	-0.386285	358.677456	36.923372	0.004538	7.2
1366	-0.382258	359.341045	36.858951	0.004085	7.2
1367	-0.363671	358.774473	36.913940	0.003792	8.3
1368	-0.397761	358.186860	36.971144	0.004142	6.0
1369	-0.379914	357.596555	37.028789	0.004555	1.5
1370	-0.379463	358.437923	36.946681	0.003275	10.5
1371	-0.376222	359.370857	36.856062	0.003206	11.2
1372	-0.378699	360.351259	36.761311	0.006117	2.0
1373	-0.379504	361.351253	36.665166	0.003307	9.5
1374	-0.366492	362.351196	36.569527	0.004139	11.2
1375	-0.381531	363.347064	36.474773	0.001064	7.0
1376	-0.362052	363.409459	36.468853	0.003338	9.0
1377	-0.382549	362.993725	36.508336	0.003762	6.2
1378	-0.392925	362.427445	36.562255	0.001538	6.5
1379	-0.364211	361.856593	36.616771	0.002994	6.1
1380	-0.375085	361.278262	36.672167	0.002153	7.2
1381	-0.369379	360.699292	36.727792	0.003289	8.4
1382	-0.373170	360.119042	36.783709	0.002696	12.8
1383	-0.393118	361.118065	36.687541	0.003870	3.8
1384	-0.368220	360.527790	36.744301	0.002359	11.0
1385	-0.370203	360.414067	36.755257	0.003501	12.3
1386	-0.390490	359.874213	36.807354	0.003728	9.2
1387	-0.359652	359.312749	36.861694	0.002938	5.9
1388	-0.374931	358.722783	36.918965	0.005098	5.9
1389	-0.375053	358.132479	36.976447	0.003551	5.7
1390	-0.367493	359.132424	36.879180	0.002952	11.1
1391	-0.381715	359.203716	36.872265	0.004354	16.1
1392	-0.357370	359.551020	36.838614	0.002535	2.3
1393	-0.386068	360.477675	36.749128	0.005885	5.4
1394	-0.364692	361.125282	36.686848	0.003187	8.2
1395	-0.382815	362.125260	36.591093	0.003282	12.0
1396	-0.387367	361.545195	36.646577	0.003189	7.7
1397	-0.370872	361.380902	36.662323	0.002127	6.5
1398	-0.372315	360.801344	36.717975	0.007247	6.0
1399	-0.370838	361.390794	36.661374	0.002869	6.9
1400	-0.383278	362.385900	36.566217	0.002178	11.6
1401	-0.368126	362.140287	36.589658	0.002701	6.5
1402	-0.377035	361.579234	36.643317	0.002799	5.8
1403	-0.376817	361.024165	36.696558	0.001752	5.8
1404	-0.380650	360.649085	36.732623	0.004101	5.9
1405	-0.382444	360.255864	36.770509	0.004449	11.4
1406	-0.378652	359.665558	36.827530	0.003053	6.5
1407	-0.367714	360.364834	36.760002	0.003099	6.1
1408	-0.386038	361.301888	36.669900	0.001539	6.1
1409	-0.373913	360.791862	36.718887	0.004375	5.1
1410	-0.379356	360.445249	36.752252	0.004313	16.4
1411	-0.363883	361.444773	36.656200	0.003327	1.6
1412	-0.378631	360.854534	36.712860	0.002758	6.5
1413	-0.363193	361.185246	36.681092	0.002256	6.0
1414	-0.374530	360.600006	36.737348	0.005786	5.8
1415	-0.383007	361.569697	36.644230	0.002325	11.2
1416	-0.381862	360.986407	36.700186	0.005962	5.0
1417	-0.361283	360.474355	36.749448	0.004033	8.4
1418	-0.378685	359.884091	36.806400	0.005228	5.8
1419	-0.361892	359.293934	36.863518	0.004240	10.1
1420	-0.390352	358.703731	36.920817	0.003057	5.8
1421	-0.377309	359.600895	36.833786	0.005801	6.0
1422	-0.377418	359.010590	36.891004	0.003788	8.0
1423	-0.365970	360.010590	36.794180	0.002169	7.2
1424	-0.387204	361.008503	36.698063	0.003703	11.1
1425	-0.356425	362.004586	36.602622	0.003932	6.5
1426	-0.365623	361.414286	36.659122	0.003505	4.9
1427	-0.373911	362.414136	36.563524	0.006307	6.3
1428	-0.372557	361.823829	36.619905	0.001559	11.4
1429	-0.376418	362.281798	36.576149	0.003576	13.7
1430	-0.379577	362.993145	36.508392	0.004677	5.7
1431	-0.375462	363.993143	36.413563	0.003757	9.6
1432	-0.373149	364.939245	36.324298	0.005855	7.6
1433	-0.377330	364.348938	36.379942	0.005109	6.3
1434	-0.363429	363.758631	36.435757	0.003892	6.1
1435	-0.377732	364.139254	36.399749	0.002894	13.4
1436	-0.366927	364.365046	36.378421	0.004386	11.3
1437	-0.364471	363.774774	36.434229	0.006438	4.3
1438	-0.363280	363.184468	36.490210	0.001713	6.0
1439	-0.366096	363.774011	36.434301	0.002071	5.4
1440	-0.390509	363.281491	36.480997	0.004680	10.4
1441	-0.390072	364.281107	36.386347	0.004315	10.7
1442	-0.392592	365.280174	36.292238	0.003785	6.5
1443	-0.380325	365.833205	36.240354	0.006483	6.2
1444	-0.374191	366.833200	36.146911	0.002357	15.9
1445	-0.386754	366.258340	36.200569	0.003290	4.0
1446	-0.388224	366.275784	36.198938	0.006828	10.9
1447	-0.371727	367.221937	36.110716	0.002569	7.0
1448	-0.373348	366.636995	36.165207	0.003006	6.2
1449	-0.343946	366.092835	36.216046	0.003405	6.8
1450	-0.361410	367.024497	36.129090	0.004688	10.8
1451	-0.363833	366.434191	36.184138	0.002623	6.1
1452	-0.357187	367.430390	36.091337	0.004195	11.1
1453	-0.357800	368.416934	35.999904	0.003141	5.9
1454	-0.370346	369.416864	35.907701	0.004707	11.3
1455	-0.372364	368.827040	35.962031	0.003458	6.6
1456	-0.379439	369.818274	35.870820	0.004895	5.8
1457	-0.394040	370.620009	35.797385	0.004231	11.1
1458	-0.376864	371.620007	35.706209	0.003230	5.3
1459	-0.382198	371.029986	35.759948	0.002949	6.5
1460	-0.381147	370.440210	35.813827	0.003689	6.3
1461	-0.382876	369.856037	35.867355	0.004835	6.6
1462	-0.364720	370.855966	35.775829	0.007173	9.2
1463	-0.386205	370.265739	35.829797	0.005639	6.0
1464	-0.367385	371.265739	35.738457	0.001912	6.1
1465	-0.380973	370.676033	35.792264	0.002423	11.3
1466	-0.380600	370.710843	35.789084	0.004073	9.3
1467	-0.382124	370.220893	35.833904	0.004993	5.9
1468	-0.380759	369.630591	35.888055	0.006108	6.2
1469	-0.385192	370.630591	35.796417	0.003226	6.4
1470	-0.372284	370.040285	35.850455	0.003333	11.6
1471	-0.382126	370.784628	35.782343	0.002162	5.8
1472	-0.374672	371.080535	35.755338	0.004696	9.1
1473	-0.361177	370.849023	35.776463	0.002611	6.3
1474	-0.376906	370.259794	35.830342	0.005893	11.5
1475	-0.384059	369.670382	35.884400	0.003618	6.2
1476	-0.384248	369.082942	35.938439	0.007986	5.9
1477	-0.381624	369.892932	35.863969	0.002811	6.0
1478	-0.371628	369.302640	35.918210	0.003642	6.1
1479	-0.376008	370.292951	35.827305	0.002662	8.6
1480	-0.390544	369.761701	35.876014	0.005370	11.6
1481	-0.370374	369.218820	35.925925	0.003089	10.6
1482	-0.366791	369.985024	35.855522	0.004489	5.8
1483	-0.385868	369.455150	35.904180	0.004139	15.6
1484	-0.387157	370.455020	35.812472	0.002898	8.5
1485	-0.377026	370.012638	35.852990	0.003378	5.8
1486	-0.374800	369.422797	35.907156	0.004476	5.9
1487	-0.366178	370.422749	35.815425	0.003377	9.5
1488	-0.378127	371.418891	35.724509	0.005520	11.3
1489	-0.377504	370.881049	35.773539	0.005983	11.1
1490	-0.383622	370.335501	35.823410	0.003288	11.0
1491	-0.369132	369.758166	35.876338	0.004227	6.2
1492	-0.366313	369.718031	35.880023	0.003443	8.0
1493	-0.374668	369.130603	35.934049	0.004277	6.4
1494	-0.360520	368.679103	35.975684	0.004072	5.9
1495	-0.365490	369.674091	35.884059	0.003452	7.1
1496	-0.395244	370.674030	35.792447	0.001686	7.4
1497	-0.370960	370.253203	35.830945	0.005323	8.6
1498	-0.380345	371.248712	35.740008	0.005040	7.8
1499	-0.380523	370.658405	35.793875	0.002820	6.3
1500	-0.373197	371.657328	35.702815	0.003775	9.1
1501	-0.391786	372.654723	35.612356	0.006383	5.2
1502	-0.380393	372.215159	35.652166	0.004470	6.2
1503	-0.364426	371.624864	35.705767	0.005170	11.0
1504	-0.362397	372.624695	35.615073	0.005093	9.9
1505	-0.379207	372.034389	35.668564	0.005081	5.9
1506	-0.373591	373.034388	35.578042	0.002647	6.3
1507	-0.354011	374.034317	35.487985	0.002473	5.7
1508	-0.369030	374.877189	35.412427	0.004583	11.8
1509	-0.386004	374.676831	35.430359	0.003255	9.8
1510	-0.373456	375.676204	35.341097	0.004385	5.7
1511	-0.382350	375.747147	35.334777	0.003435	6.5
1512	-0.378771	376.743455	35.246267	0.001871	5.7
1513	-0.390427	376.753955	35.245337	0.008471	9.7
1514	-0.377767	376.671079	35.252682	0.004447	8.1
1515	-0.362411	376.080772	35.305089	0.003517	11.5
1516	-0.368348	377.080770	35.216401	0.006828	6.1
1517	-0.356436	376.490463	35.268700	0.003510	6.2
1518	-0.383884	375.900156	35.321155	0.004128	6.0
1519	-0.377609	376.900151	35.232387	0.003605	9.3
1520	-0.368061	376.309953	35.284724	0.003334	5.5
1521	-0.358552	375.719902	35.337204	0.001746	9.8
1522	-0.368941	375.890818	35.321986	0.002364	6.3
1523	-0.365339	375.898692	35.321286	0.002401	9.6
1524	-0.352295	376.147044	35.299198	0.004596	7.0
1525	-0.368691	376.194657	35.294966	0.003826	8.9
1526	-0.380294	375.604352	35.347499	0.003229	10.9
1527	-0.360234	375.018480	35.399793	0.004797	5.8
1528	-0.391847	374.434076	35.452109	0.003534	7.1
1529	-0.368427	373.863569	35.503331	0.004545	5.8
1530	-0.365655	374.863566	35.413646	0.002183	13.4
1531	-0.381246	374.274178	35.466451	0.004526	2.6
1532	-0.359212	374.551248	35.441608	0.005295	11.2
1533	-0.378737	373.960941	35.494578	0.003397	10.7
1534	-0.377731	374.924198	35.408222	0.004309	6.2
1535	-0.380531	375.766325	35.333069	0.004678	6.0
1536	-0.371205	376.766318	35.244241	0.002109	7.6
1537	-0.367999	377.682191	35.163276	0.003007	5.8
1538	-0.362204	378.576010	35.084619	0.004737	6.1
1539	-0.395157	378.037995	35.131923	0.003862	8.0
1540	-0.370716	378.982853	35.048933	0.003719	11.4
1541	-0.382662	378.520503	35.089493	0.004943	11.3
1542	-0.393311	379.520503	35.001884	0.003886	1.5
1543	-0.380700	380.520469	34.914713	0.001393	11.6
1544	-0.371372	380.404425	34.924807	0.002527	6.4
1545	-0.358941	380.115325	34.949979	0.002661	6.5
1546	-0.385448	380.877118	34.883728	0.002557	8.5
1547	-0.359433	380.910634	34.880819	0.004688	5.8
1548	-0.363385	381.272651	34.849429	0.005416	11.1
1549	-0.375028	382.060585	34.781302	0.002684	10.7
1550	-0.356602	381.893306	34.795743	0.003735	5.7
1551	-0.362451	381.900150	34.795152	0.006849	6.0
1552	-0.377596	381.319418	34.845378	0.003554	12.0
1553	-0.389750	382.319418	34.758981	0.003664	7.6
1554	-0.383501	381.729200	34.809922	0.005331	7.6
1555	-0.363684	382.701475	34.726086	0.004679	5.8
1556	-0.394276	383.701475	34.640279	0.005940	5.8
1557	-0.372663	383.111169	34.690880	0.003625	6.0
1558	-0.381796	384.111169	34.605247	0.002476	12.0
1559	-0.361963	383.527779	34.655153	0.005303	6.5
1560	-0.391244	384.527414	34.569727	0.003643	8.3
1561	-0.384020	383.937167	34.620117	0.003866	5.9
1562	-0.373909	383.353997	34.670047	0.002719	6.3
1563	-0.379074	382.764400	34.720674	0.003577	10.2
1564	-0.384733	382.290921	34.761437	0.007103	9.7
1565	-0.344483	383.290921	34.675456	0.006649	9.4
1566	-0.372766	382.700615	34.726160	0.001894	6.2
1567	-0.381966	382.114383	34.776661	0.003527	11.1
1568	-0.377094	383.068332	34.694558	0.003872	5.9
1569	-0.368814	383.443668	34.662360	0.005743	7.0
1570	-0.383375	384.443308	34.576898	0.007009	12.1
1571	-0.381282	385.443308	34.491827	0.003398	4.2
1572	-0.379634	386.442649	34.407228	0.002687	6.4
1573	-0.390933	385.868916	34.455746	0.002873	5.9
1574	-0.396893	386.439293	34.407511	0.009045	5.8
1575	-0.394791	387.284843	34.336254	0.002896	13.2
1576	-0.374025	387.889875	34.285447	0.006227	3.2
1577	-0.399627	387.317487	34.333509	0.005662	6.4
1578	-0.353418	386.727180	34.383217	0.004953	10.7
1579	-0.392295	386.136873	34.433069	0.002662	6.5
1580	-0.363647	385.566801	34.481350	0.002778	6.5
1581	-0.356828	385.427261	34.493188	0.003135	9.8
1582	-0.370527	386.359763	34.414229	0.003381	12.9
1583	-0.382905	385.983863	34.446015	0.003009	7.7
1584	-0.373010	385.394846	34.495940	0.004467	6.1
1585	-0.367661	386.394842	34.411266	0.004144	5.9
1586	-0.364492	385.804544	34.461198	0.004057	5.9
1587	-0.361795	385.251328	34.508126	0.001810	11.0
1588	-0.364437	384.718752	34.553424	0.002778	7.7
1589	-0.400339	384.175094	34.599787	0.005395	11.5
1590	-0.369458	385.174026	34.514694	0.003558	7.7
1591	-0.378661	384.583771	34.564924	0.004439	11.5
1592	-0.369662	383.993466	34.615304	0.002905	5.9
1593	-0.381090	384.993137	34.530072	0.003120	9.8
1594	-0.388167	384.410750	34.579675	0.002103	10.6
1595	-0.386097	384.295471	34.589511	0.002048	11.1
1596	-0.377139	384.867318	34.540776	0.005614	6.0
1597	-0.388838	385.852532	34.457134	0.004916	6.3
1598	-0.373358	386.004840	34.444239	0.003533	9.0
1599	-0.388301	385.414547	34.494267	0.003979	6.0
1600	-0.375255	386.385321	34.412070	0.006187	6.3
1601	-0.388816	385.795014	34.462006	0.005791	11.3
1602	-0.381519	386.754865	34.380882	0.003167	11.5
1603	-0.371044	387.752610	34.296960	0.003743	8.3
1604	-0.362179	388.673765	34.219843	0.005235	5.5
1605	-0.385584	389.673529	34.136537	0.002515	11.1
1606	-0.372782	389.499511	34.151008	0.007296	10.8
1607	-0.380297	390.499340	34.068031	0.004091	6.0
1608	-0.376148	390.136899	34.098063	0.004935	6.6
1609	-0.392882	389.559364	34.146029	0.003430	5.8
1610	-0.402717	388.969058	34.195196	0.005200	9.4
1611	-0.367335	388.378784	34.244501	0.004684	5.8
1612	-0.365483	389.372305	34.161594	0.002676	7.0
1613	-0.379533	389.785582	34.127225	0.005172	11.4
1614	-0.393130	390.785222	34.044379	0.002614	7.2
1615	-0.382881	391.721218	33.967171	0.003442	12.0
1616	-0.378982	392.142204	33.932559	0.002985	5.4
1617	-0.389045	393.135517	33.851171	0.003025	10.6
1618	-0.363272	393.909963	33.787986	0.005921	5.7
1619	-0.375335	393.331605	33.835150	0.004934	5.8
1620	-0.383909	392.741342	33.883421	0.001532	8.2
1621	-0.373772	392.186975	33.928882	0.002821	7.9
1622	-0.379110	392.172181	33.930097	0.002303	5.9
1623	-0.377848	391.610177	33.976312	0.003500	6.2
1624	-0.366513	391.870856	33.954860	0.006242	5.5
1625	-0.371025	391.280559	34.003476	0.004141	6.2
1626	-0.364397	390.690252	34.052232	0.003991	11.0
1627	-0.366158	391.687198	33.969971	0.004306	5.9
1628	-0.363522	391.096915	34.018629	0.002523	6.7
1629	-0.369760	391.928979	33.950081	0.005086	8.1
1630	-0.369014	392.928009	33.868141	0.004875	5.9
1631	-0.366199	393.923558	33.786879	0.003488	11.4
1632	-0.362769	394.627858	33.729626	0.003547	5.8
1633	-0.370151	394.166923	33.767074	0.004527	8.0
1634	-0.394465	395.166922	33.685935	0.007979	11.0
1635	-0.374721	394.576615	33.733785	0.002339	11.4
1636	-0.390848	395.576615	33.652806	0.002028	6.2
1637	-0.390014	395.028464	33.697146	0.002114	6.6
1638	-0.370775	395.312044	33.674193	0.006128	8.7
1639	-0.376983	394.733157	33.721083	0.003572	11.5
1640	-0.393550	395.733144	33.640166	0.003263	6.6
1641	-0.385071	395.414732	33.665889	0.004251	11.3
1642	-0.377130	394.826480	33.713515	0.003965	11.3
1643	-0.354194	395.826377	33.632641	0.003141	1.5
1644	-0.367824	395.406901	33.666522	0.002448	10.2
1645	-0.387456	395.581636	33.652401	0.004892	8.9
1646	-0.371120	395.004630	33.699077	0.008412	9.2
1647	-0.365867	396.004630	33.618265	0.003131	6.0
1648	-0.373867	395.414324	33.665922	0.001702	8.7
1649	-0.357821	396.124551	33.608600	0.003913	6.4
1650	-0.371505	395.563081	33.653900	0.001172	11.8
1651	-0.390047	395.460000	33.662229	0.002814	5.0
1652	-0.376663	395.230198	33.680814	0.005274	6.1
1653	-0.376591	396.230186	33.600091	0.002823	6.1
1654	-0.349073	397.173188	33.524321	0.004623	13.0
1655	-0.362969	398.153628	33.445904	0.001795	9.6
1656	-0.382351	398.498192	33.418433	0.003879	6.1
1657	-0.357073	397.924802	33.464173	0.003761	6.0
1658	-0.364554	398.924698	33.384490	0.003261	6.8
1659	-0.380226	398.544192	33.414769	0.008664	8.8
1660	-0.391290	399.544192	33.335313	0.005089	5.9
1661	-0.376990	398.953891	33.382170	0.002386	7.0
1662	-0.382016	399.953731	33.302881	0.005322	11.5
1663	-0.368526	400.953613	33.223965	0.003522	11.2
1664	-0.374829	400.363374	33.270505	0.002608	6.8
1665	-0.384877	401.351577	33.192660	0.001831	13.1
1666	-0.389134	401.572843	33.175279	0.001742	5.6
1667	-0.377734	401.194990	33.204970	0.003713	11.8
1668	-0.383444	401.768931	33.159892	0.003922	5.7
1669	-0.392956	401.178624	33.206257	0.003690	5.8
1670	-0.371041	402.149197	33.130093	0.003642	6.8
1671	-0.378168	401.558920	33.176372	0.004023	5.8
1672	-0.390636	400.976866	33.222134	0.005195	6.0
1673	-0.371190	400.387308	33.268615	0.002669	6.3
1674	-0.363678	401.142371	33.209109	0.006689	7.9
1675	-0.381902	400.552067	33.255612	0.004202	6.1
1676	-0.364728	399.961760	33.302246	0.006313	6.1
1677	-0.369663	400.961760	33.223324	0.003191	5.9
1678	-0.372278	400.458687	33.262980	0.003101	6.3
1679	-0.377747	399.869279	33.309564	0.007657	11.7
1680	-0.364978	400.858561	33.231451	0.002000	6.7
1681	-0.379547	401.858146	33.152896	0.004799	5.9
1682	-0.372028	402.817551	33.077847	0.002031	6.2
1683	-0.368360	402.786667	33.080258	0.002547	5.2
1684	-0.361669	402.310943	33.117434	0.003412	10.2
1685	-0.378401	402.070357	33.136267	0.001720	1.9
1686	-0.364744	402.548072	33.098892	0.001672	5.4
1687	-0.370826	402.398038	33.110621	0.003833	6.9
1688	-0.364590	401.842897	33.154092	0.002060	11.4
1689	-0.370528	401.306744	33.196183	0.003108	4.7
1690	-0.386904	402.028029	33.139582	0.006842	5.9
1691	-0.363031	401.982023	33.143187	0.002732	7.3
1692	-0.389731	402.963935	33.066426	0.004725	10.5
1693	-0.376684	403.963895	32.988619	0.005194	10.4
1694	-0.367441	403.373588	33.034507	0.006032	4.4
1695	-0.384350	404.373588	32.956847	0.004786	6.2
1696	-0.400520	403.783281	33.002646	0.002791	7.4
1697	-0.357183	404.549410	32.943230	0.003293	8.0
1698	-0.380142	405.494870	32.870201	0.007583	5.8
1699	-0.349599	406.494869	32.793311	0.002038	6.1
1700	-0.383502	405.905377	32.838593	0.005629	8.0
1701	-0.377563	406.431607	32.798164	0.002260	10.6
1702	-0.366431	405.841877	32.843479	0.004963	6.0
1703	-0.353387	405.924527	32.837120	0.003450	5.7
1704	-0.373977	405.334254	32.882584	0.002621	4.4
1705	-0.377804	405.249374	32.889132	0.001625	10.8
1706	-0.376460	404.850725	32.919921	0.005587	7.0
1707	-0.371100	405.553220	32.865704	0.005009	6.2
1708	-0.380124	406.553220	32.788835	0.003096	6.8
1709	-0.366170	407.301929	32.731517	0.003577	5.5
1710	-0.379282	406.724337	32.775718	0.004512	5.8
1711	-0.367238	406.135893	32.820871	0.002722	6.6
1712	-0.376590	406.011816	32.830408	0.003225	5.9
1713	-0.378985	406.688056	32.778498	0.001833	11.7
1714	-0.384539	406.207662	32.815357	0.002315	10.6
1715	-0.372158	406.621428	32.783605	0.004404	7.7
1716	-0.368676	406.037384	32.828442	0.002452	6.6
1717	-0.376601	405.563006	32.864951	0.003887	7.3
1718	-0.355249	406.561184	32.788224	0.001678	8.3
1719	-0.386939	407.422365	32.722316	0.004879	5.7
1720	-0.359057	408.260465	32.658428	0.004184	13.5
1721	-0.397161	407.671090	32.703330	0.001924	1.6
1722	-0.367515	407.128417	32.744783	0.004771	5.8
1723	-0.387328	408.104768	32.670278	0.003253	6.2
1724	-0.386737	407.514946	32.715247	0.004591	8.2
1725	-0.367535	406.924640	32.760376	0.004140	10.8
1726	-0.369062	406.675410	32.779467	0.003712	8.7
1727	-0.379663	406.094052	32.824086	0.003496	6.3
1728	-0.388488	407.087783	32.747891	0.003417	5.9
1729	-0.370829	406.886838	32.763270	0.005165	6.2
1730	-0.376651	407.860121	32.688915	0.005920	6.1
1731	-0.376643	407.269814	32.733972	0.003790	7.6
1732	-0.372844	408.268493	32.657817	0.003017	5.8
1733	-0.365505	407.678304	32.702780	0.003534	5.8
1734	-0.368903	408.674769	32.626938	0.003783	6.0
1735	-0.387920	409.671363	32.551438	0.002476	4.5
1736	-0.362751	410.576669	32.483156	0.002916	5.9
1737	-0.367366	410.100363	32.519045	0.002445	11.3
1738	-0.370418	411.088989	32.444641	0.002211	3.1
1739	-0.381859	410.879593	32.460372	0.002032	8.4
1740	-0.382652	411.235612	32.433635	0.003498	11.5
1741	-0.365645	412.180407	32.362895	0.002847	5.8
1742	-0.388149	411.765110	32.393952	0.004072	6.4
1743	-0.377934	411.175024	32.438182	0.005726	5.6
1744	-0.392905	410.584717	32.482550	0.002529	15.6
1745	-0.393242	409.994545	32.527029	0.004555	2.2
1746	-0.363129	410.987943	32.452230	0.002205	9.5
1747	-0.375889	411.974722	32.378269	0.002195	7.3
1748	-0.366100	412.894485	32.309634	0.003833	5.9
1749	-0.364665	412.307098	32.353433	0.002078	7.0
1750	-0.358368	412.696132	32.324411	0.001943	6.5
1751	-0.367372	412.778259	32.318291	0.003749	11.3
1752	-0.360456	412.908622	32.308582	0.003352	5.8
1753	-0.378947	413.907591	32.234370	0.002214	6.1
1754	-0.381030	413.342291	32.276323	0.004710	6.0
1755	-0.377052	414.341554	32.202237	0.003148	5.7
1756	-0.372665	413.957064	32.230703	0.002036	6.1
1757	-0.357553	413.514721	32.263515	0.004658	6.1
1758	-0.368615	413.056372	32.297584	0.003851	9.8
1759	-0.363772	413.436820	32.269300	0.002468	5.9
1760	-0.356451	414.371774	32.200002	0.002757	11.3
1761	-0.396008	413.891264	32.235580	0.003467	5.8
1762	-0.368817	413.303718	32.279190	0.003922	7.7
1763	-0.375798	412.717688	32.322805	0.004585	11.4
1764	-0.385557	413.717679	32.248452	0.002880	11.7
1765	-0.363460	414.717495	32.174453	0.003384	8.0
1766	-0.354004	414.769203	32.170635	0.004933	6.2
1767	-0.359114	415.769177	32.096981	0.004572	5.8
1768	-0.400547	415.542716	32.113632	0.001453	11.4
1769	-0.375708	414.957732	32.156723	0.004556	6.6
1770	-0.358370	415.907512	32.086819	0.003182	11.4
1771	-0.378397	415.348193	32.127948	0.002875	9.6
1772	-0.378187	414.760434	32.171283	0.006827	5.8
1773	-0.380341	414.170269	32.214912	0.003273	6.3
1774	-0.379506	414.890249	32.161702	0.003098	10.5
1775	-0.367212	415.889313	32.088155	0.006433	5.9
1776	-0.401690	416.889203	32.014884	0.004618	5.8
1777	-0.388065	416.301981	32.057875	0.011093	7.6
1778	-0.365253	417.301981	31.984734	0.002262	11.5
1779	-0.379910	418.301981	31.911925	0.002853	6.0
1780	-0.377282	417.899686	31.941176	0.005806	6.1
1781	-0.363726	417.325409	31.983024	0.005934	11.5
1782	-0.369358	418.325409	31.910224	0.003280	2.2
1783	-0.361363	417.735334	31.953141	0.004126	5.7
1784	-0.364531	418.735292	31.880480	0.003768	11.0
1785	-0.379314	418.289432	31.912837	0.001655	7.0
1786	-0.366866	418.077558	31.928236	0.000966	5.9
1787	-0.370931	418.087557	31.927509	0.005712	5.8
1788	-0.361831	417.581444	31.964353	0.003129	7.2
1789	-0.379447	418.581058	31.891666	0.002532	5.9
1790	-0.361853	418.392788	31.905330	0.003836	12.0
1791	-0.372137	417.802814	31.948227	0.005365	8.5
1792	-0.390042	417.212995	31.991229	0.006025	8.3
1793	-0.366717	416.622689	32.034381	0.002446	10.9
1794	-0.396347	416.091636	32.073302	0.009596	1.5
1795	-0.374128	417.090525	32.000172	0.003712	9.2
1796	-0.379768	416.541038	32.040359	0.006577	11.9
1797	-0.379454	417.541038	31.967298	0.004268	5.8
1798	-0.382942	417.363143	31.980271	0.004018	9.8
1799	-0.402364	418.363138	31.907484	0.003173	11.3
1800	-0.378698	418.620567	31.888799	0.002396	5.6
1801	-0.380809	418.396085	31.905091	0.002485	6.3
1802	-0.355466	417.849062	31.944861	0.002895	12.8
1803	-0.375677	418.007987	31.933296	0.005414	4.8
1804	-0.360692	417.417995	31.976270	0.003419	11.7
1805	-0.388541	418.298166	31.912203	0.005922	6.4
1806	-0.390469	419.298096	31.839729	0.003057	6.6
1807	-0.379182	418.711132	31.882231	0.002627	8.3
1808	-0.378857	419.708938	31.810047	0.002886	5.8
1809	-0.358019	420.591078	31.746502	0.005188	10.1
1810	-0.388878	421.590492	31.674815	0.002306	6.5
1811	-0.372552	422.589809	31.603458	0.003868	9.0
1812	-0.355724	423.589111	31.532423	0.002193	5.9
1813	-0.364799	423.254529	31.556171	0.007172	11.8
1814	-0.385109	422.664249	31.598156	0.002528	1.8
1815	-0.381632	423.605972	31.531228	0.002902	8.1
1816	-0.376537	423.547133	31.535401	0.002746	10.1
1817	-0.373996	424.219753	31.487759	0.004033	12.0
1818	-0.374003	425.199867	31.418593	0.005269	7.1
1819	-0.367247	424.652874	31.457156	0.001602	6.6
1820	-0.373233	425.544193	31.394367	0.005782	9.3
1821	-0.382881	426.325183	31.339555	0.002037	9.8
1822	-0.367622	427.311204	31.270626	0.002231	5.5
1823	-0.358243	427.912019	31.228774	0.002479	7.7
1824	-0.387336	428.503595	31.187675	0.003076	8.0
1825	-0.367079	429.486413	31.119634	0.002753	7.6
1826	-0.386458	428.896529	31.160436	0.005208	7.7
1827	-0.400979	428.306378	31.201365	0.003131	8.6
1828	-0.382516	429.306367	31.132076	0.004892	12.0
1829	-0.376490	430.304617	31.063214	0.002314	7.9
1830	-0.376933	429.718256	31.103626	0.003634	7.9
1831	-0.386909	429.131585	31.144164	0.002970	6.2
1832	-0.387228	430.128215	31.075361	0.003954	5.8
1833	-0.374945	429.666069	31.107228	0.003929	7.4
1834	-0.378741	429.077754	31.147889	0.003145	8.4
1835	-0.381551	429.610610	31.111056	0.003538	6.4
1836	-0.396272	429.021731	31.151767	0.005033	6.1
1837	-0.386124	429.330440	31.130412	0.004267	6.2
1838	-0.379065	430.327739	31.061623	0.006841	11.5
1839	-0.379701	431.327739	30.992952	0.005455	4.9
1840	-0.384695	430.737432	31.033452	0.003038	6.0
1841	-0.379133	430.176480	31.072037	0.003266	12.3
1842	-0.391726	429.590469	31.112447	0.003050	1.6
1843	-0.377394	429.001256	31.153184	0.005582	9.2
1844	-0.390279	428.445412	31.191713	0.002955	11.3
1845	-0.378641	429.444346	31.122540	0.003080	3.8
1846	-0.371771	430.394613	31.057021	0.003212	4.6
1847	-0.378601	431.381201	30.989290	0.005302	3.5
1848	-0.390478	432.379495	30.921055	0.006607	3.5
1849	-0.370782	433.376703	30.853193	0.003054	3.6
1850	-0.355553	434.376654	30.785443	0.004691	3.5
1851	-0.351004	435.159883	30.732584	0.002445	3.5
1852	-0.381469	436.159662	30.665374	0.001965	5.6
1853	-0.369178	436.286387	30.656876	0.002431	5.3
1854	-0.373092	436.231057	30.660586	0.002718	11.6
1855	-0.388244	437.218077	30.594542	0.005525	5.6
1856	-0.375055	438.202719	30.528940	0.004078	2.0
1857	-0.378867	439.183240	30.463891	0.005482	5.8
1858	-0.378918	440.183240	30.397835	0.003118	12.7
1859	-0.387103	441.183238	30.332065	0.006091	9.7
1860	-0.383032	440.593077	30.370846	0.002943	5.8
1861	-0.362615	441.514668	30.310330	0.003182	5.8
1862	-0.370233	442.445546	30.249448	0.003924	6.2
1863	-0.379143	441.855253	30.288026	0.005135	6.2
1864	-0.390207	441.271673	30.326262	0.005275	5.9
1865	-0.376234	442.271673	30.260801	0.002816	6.5
1866	-0.361970	443.271628	30.195625	0.001596	6.1
1867	-0.377890	443.715222	30.166802	0.003973	15.2
1868	-0.388669	444.480926	30.117178	0.003448	10.1
1869	-0.365943	445.454761	30.054302	0.005888	3.8
1870	-0.371781	446.014352	30.018290	0.003884	11.2
1871	-0.376349	447.014314	29.954152	0.004189	5.7
1872	-0.367165	446.425502	29.991885	0.003015	10.9
1873	-0.375944	446.940483	29.958879	0.002827	11.1
1874	-0.354207	447.680092	29.911601	0.004577	6.3
1875	-0.372929	448.054487	29.887726	0.004262	5.9
1876	-0.382660	447.464181	29.925387	0.005037	6.2
1877	-0.361089	446.873874	29.963144	0.002457	6.0
1878	-0.375589	446.283599	30.000993	0.004267	11.4
1879	-0.379980	445.693602	30.038921	0.003277	9.5
1880	-0.366105	445.103353	30.076960	0.003392	11.6
1881	-0.357092	445.378297	30.059229	0.003192	7.9
1882	-0.382454	444.792981	30.097002	0.001506	7.9
1883	-0.368055	445.073121	30.078911	0.003778	11.8
1884	-0.365640	445.147392	30.074119	0.002484	1.7
1885	-0.367644	444.689369	30.103698	0.001751	5.6
1886	-0.374401	444.497104	30.116132	0.003283	11.4
1887	-0.389901	444.295314	30.129193	0.003719	6.2
1888	-0.375147	445.294658	30.064621	0.005862	5.8
1889	-0.370390	444.705314	30.102667	0.005070	4.7
1890	-0.396512	445.698733	30.038590	0.005012	5.1
1891	-0.368707	446.698733	29.974364	0.002970	4.9
1892	-0.370734	447.698714	29.910413	0.003850	8.3
1893	-0.358819	447.109433	29.948066	0.005365	7.1
1894	-0.378553	447.010595	29.954390	0.006293	10.1
1895	-0.367923	446.420288	29.992220	0.004419	16.4
1896	-0.369217	445.829981	30.030145	0.006550	1.5
1897	-0.379616	446.829981	29.965955	0.003698	9.6
1898	-0.390171	447.829980	29.902038	0.003761	8.0
1899	-0.351848	448.829858	29.838402	0.004829	6.3
1900	-0.371876	449.829857	29.775028	0.005254	9.6
1901	-0.382027	450.829796	29.711926	0.005195	5.6
1902	-0.388381	451.797800	29.651094	0.006162	6.0
1903	-0.360480	452.797800	29.588512	0.004655	6.0
1904	-0.379386	453.797800	29.526194	0.004466	10.2
1905	-0.392016	454.797800	29.464138	0.002944	1.5
1906	-0.378463	454.207734	29.500724	0.004553	9.3
1907	-0.387649	455.183692	29.440261	0.004502	13.6
1908	-0.395593	456.183692	29.378565	0.002790	6.1
1909	-0.385215	455.594891	29.414860	0.001775	5.9
1910	-0.375252	455.860064	29.398503	0.002681	6.7
1911	-0.368296	456.139056	29.381313	0.004501	5.9
1912	-0.357950	457.139011	29.319867	0.005825	5.8
1913	-0.374966	456.549312	29.356072	0.002864	7.4
1914	-0.396534	456.642192	29.350364	0.004117	5.8
1915	-0.381125	456.277825	29.372771	0.001600	7.3
1916	-0.381741	457.088056	29.322992	0.004894	5.9
1917	-0.406865	457.357058	29.306502	0.003245	5.9
1918	-0.374970	456.767556	29.342662	0.005616	10.7
1919	-0.373137	457.754927	29.282147	0.003817	2.8
1920	-0.381880	457.164779	29.318287	0.007590	11.2
1921	-0.374977	456.574479	29.354525	0.002138	8.4
1922	-0.386843	457.572463	29.293311	0.005553	10.9
1923	-0.365779	457.982187	29.268254	0.006140	5.9
1924	-0.379253	457.391880	29.304369	0.004570	5.9
1925	-0.361461	458.204892	29.254651	0.002653	8.4
1926	-0.393434	457.769181	29.281275	0.001787	6.0
1927	-0.378675	458.504821	29.236353	0.004971	6.1
1928	-0.379454	459.295606	29.188216	0.003532	6.6
1929	-0.372467	459.688747	29.164344	0.004071	6.1
1930	-0.369100	459.098861	29.200178	0.003899	11.0
1931	-0.377477	458.545975	29.233844	0.004059	12.8
1932	-0.363322	457.992896	29.267599	0.005232	2.8
1933	-0.378693	457.402590	29.303713	0.004097	10.2
1934	-0.377127	456.879003	29.335819	0.006682	11.5
1935	-0.377942	457.878998	29.274560	0.003694	2.9
1936	-0.392218	457.288701	29.310690	0.002876	5.8
1937	-0.367709	456.700128	29.346804	0.005899	6.1
1938	-0.383088	457.700116	29.285500	0.004163	7.2
1939	-0.381284	458.694828	29.224772	0.001817	5.9
1940	-0.383427	458.309828	29.248247	0.004922	11.9
1941	-0.369757	458.141632	29.258514	0.003521	1.6
1942	-0.369623	459.087160	29.200889	0.003955	5.5
1943	-0.374707	460.087143	29.140193	0.005278	11.4
1944	-0.359425	461.087143	29.079747	0.005058	6.7
1945	-0.380716	460.496847	29.115398	0.002206	7.3
1946	-0.386926	460.426385	29.119659	0.003409	7.9
1947	-0.389851	459.923560	29.150105	0.001890	1.7
1948	-0.346792	460.841797	29.094554	0.004243	8.3
1949	-0.362760	460.254688	29.130048	0.004419	5.5
1950	-0.381217	459.672721	29.165317	0.002586	6.2
1951	-0.376711	460.669977	29.104932	0.003863	6.2
1952	-0.366295	460.194396	29.133698	0.006577	6.5
1953	-0.359222	459.604090	29.169481	0.003261	8.6
1954	-0.386731	460.603998	29.108920	0.007176	7.2
1955	-0.372957	460.013699	29.144642	0.004741	8.0
1956	-0.389638	461.013699	29.084178	0.003186	6.0
1957	-0.366445	462.013325	29.023986	0.003327	11.0
1958	-0.373806	461.474067	29.056426	0.002727	5.6
1959	-0.374649	462.405184	29.000459	0.003869	8.5
1960	-0.375781	462.076256	29.020205	0.004377	6.4
1961	-0.359698	461.793473	29.037203	0.004198	6.4
1962	-0.375926	461.203886	29.072707	0.004837	6.1
1963	-0.390951	460.613611	29.108339	0.003865	6.0
1964	-0.357472	460.030719	29.143611	0.002377	6.0
1965	-0.367702	460.233798	29.131312	0.009809	5.9
1966	-0.383087	460.499329	29.115247	0.009457	6.5
1967	-0.388327	461.499329	29.054905	0.003994	7.2
1968	-0.354025	460.909022	29.090495	0.003635	6.3
1969	-0.376114	461.716912	29.041808	0.004931	5.9
1970	-0.371519	462.675538	28.984249	0.009115	16.3
1971	-0.370513	462.085232	29.019666	0.002511	7.5
1972	-0.360800	463.085197	28.959721	0.004459	11.1
1973	-0.387328	462.495178	28.995061	0.002392	8.4
1974	-0.362706	461.904971	29.030499	0.003890	13.0
1975	-0.390531	462.216771	29.011766	0.005395	1.6
1976	-0.359982	461.626466	29.047251	0.003679	5.4
1977	-0.379605	461.036160	29.082823	0.004479	6.1
1978	-0.359629	462.036159	29.022614	0.002064	6.1
1979	-0.379173	461.447513	29.058025	0.004561	9.6
1980	-0.383295	460.885975	29.091887	0.004315	6.1
1981	-0.388152	460.296387	29.127524	0.001897	6.8
1982	-0.386047	459.753998	29.160386	0.004130	7.5
1983	-0.372344	460.447678	29.118371	0.008027	5.9
1984	-0.374465	461.447678	29.058015	0.002859	7.3
1985	-0.374239	462.447675	28.997910	0.003378	6.2
1986	-0.374865	462.162109	29.015049	0.004366	7.6
1987	-0.382311	461.571811	29.050541	0.001868	11.5
1988	-0.377482	462.449591	28.997795	0.003511	5.3
1989	-0.378372	461.903188	29.030606	0.001530	6.3
1990	-0.375131	462.275297	29.008253	0.002907	8.8
1991	-0.389381	462.344085	29.004125	0.002416	10.1
1992	-0.398724	463.320098	28.945675	0.009878	6.1
1993	-0.369749	464.320098	28.886032	0.005870	7.2
1994	-0.372795	465.320098	28.826635	0.005257	8.4
1995	-0.379262	464.729791	28.861668	0.003069	6.3
1996	-0.381978	465.729617	28.802381	0.003395	11.7
1997	-0.370323	466.670053	28.746838	0.001681	12.8
1998	-0.382106	466.207895	28.774107	0.003852	11.2
1999	-0.370102	465.655518	28.806767	0.002072	8.7
