1:ItNr	2:Metric	3:StepSize	4:||Gradient||	Time[ms]
0	-0.583491	627.201626	0.008600	1913.3
1	-0.373440	623.504937	0.002584	7.5
2	-0.077828	619.865785	0.002719	11.2
3	-0.000000	616.282728	0.000000	6.8
4	-0.023640	612.754375	0.000218	6.5
5	-0.649267	609.279381	0.006822	11.5
6	-0.005081	605.856447	0.000095	11.4
7	-1.322076	602.484317	0.014295	7.5
8	-0.832912	599.161779	0.004755	12.8
9	-0.000000	595.887656	0.000000	8.0
10	-0.219727	592.660813	0.004711	6.9
11	-0.375546	589.480151	0.005849	6.7
12	-0.713698	586.344606	0.009330	8.3
13	-0.882394	583.253145	0.009321	8.9
14	-0.365282	580.204771	0.004143	10.1
15	-0.533540	577.198517	0.004105	11.9
16	-0.659767	574.233444	0.005661	6.0
17	-0.198407	571.308645	0.001835	6.4
18	-0.661305	568.423237	0.006307	7.4
19	-1.376985	565.576365	0.005905	7.4
20	-1.562351	562.767201	0.016943	10.5
21	-0.576701	559.994938	0.009961	14.2
22	-0.000000	557.258797	0.000000	6.9
23	-0.537795	554.558018	0.004684	12.4
24	-0.000000	551.891865	0.000000	7.3
25	-0.130277	549.259621	0.004731	12.1
26	-0.839275	546.660592	0.012836	6.7
27	-0.000000	544.094102	0.000000	8.0
28	-0.000000	541.559494	0.000000	6.6
29	-0.067836	539.056129	0.003442	6.7
30	-0.619274	536.583387	0.006839	6.4
31	-0.545930	534.140663	0.014507	12.1
32	-0.052401	531.727370	0.001423	11.9
33	-0.000000	529.342935	0.000000	11.7
34	-0.115889	526.986802	0.002114	8.1
35	-0.000000	524.658430	0.000000	6.5
36	-0.126588	522.357290	0.002216	9.4
37	-0.068762	520.082868	0.001610	6.5
38	-0.000000	517.834665	0.000000	6.7
39	-0.218023	515.612193	0.003564	10.6
40	-0.000000	513.414976	0.000000	8.7
41	-0.358902	511.242551	0.009026	6.7
42	-0.000000	509.094468	0.000000	6.7
43	-0.583410	506.970285	0.008099	5.2
44	-0.915031	504.869574	0.008291	7.7
45	-0.043907	502.791916	0.000252	11.6
46	-0.000000	500.736903	0.000000	6.5
47	-0.000000	498.704137	0.000000	9.4
48	-0.150975	496.693228	0.003093	12.2
49	-0.090043	494.703798	0.003554	6.7
50	-0.000000	492.735476	0.000000	6.5
51	-0.093333	490.787900	0.001292	7.0
52	-0.000000	488.860718	0.000000	6.4
53	-0.875982	486.953585	0.011153	6.4
54	-1.124718	485.066164	0.011684	7.3
55	-0.450925	483.198126	0.008914	7.1
56	-0.000008	481.349149	0.000002	6.8
57	-0.000000	479.518920	0.000000	7.4
58	-0.105317	477.707132	0.002805	9.6
59	-0.051176	475.913485	0.001991	7.4
60	-1.215879	474.137684	0.008308	7.0
61	-0.746915	472.379445	0.007062	9.5
62	-0.104272	470.638485	0.001813	7.2
63	-0.624886	468.914531	0.008454	6.7
64	-0.000000	467.207315	0.000000	9.9
65	-0.140728	465.516573	0.005869	6.7
66	-0.655030	463.842050	0.012081	9.3
67	-0.526955	462.183494	0.012356	8.3
68	-1.040736	460.540658	0.014572	6.6
69	-0.416572	458.913303	0.011692	13.7
70	-1.443553	457.301192	0.020203	7.0
71	-0.052161	455.704096	0.002191	6.8
72	-1.007592	454.121787	0.009144	9.5
73	-0.365502	452.554045	0.005890	11.6
74	-0.033659	451.000653	0.000535	11.9
75	-0.270323	449.461399	0.001948	12.4
76	-0.289161	447.936075	0.003190	8.2
77	-1.315936	446.424477	0.008713	7.7
78	-0.381599	444.926406	0.002323	8.1
79	-0.013739	443.441666	0.001072	7.3
80	-0.000000	441.970065	0.000000	8.0
81	-0.539805	440.511415	0.003963	8.4
82	-0.155636	439.065533	0.003908	8.2
83	-0.985769	437.632238	0.011806	7.2
84	-0.792930	436.211351	0.006954	11.4
85	-0.990752	434.802701	0.009987	7.0
86	-0.059095	433.406117	0.002061	9.4
87	-0.122539	432.021430	0.001723	12.5
88	-0.000000	430.648479	0.000000	11.1
89	-0.510852	429.287101	0.006282	8.1
90	-0.000460	427.937140	0.000056	6.7
91	-0.437354	426.598440	0.004635	13.2
92	-1.226598	425.270849	0.014231	7.3
93	-0.864282	423.954220	0.006857	8.5
94	-0.570203	422.648404	0.014532	8.0
95	-0.000000	421.353259	0.000000	7.0
96	-1.277985	420.068643	0.014318	8.8
97	-0.120884	418.794419	0.003257	8.0
98	-0.411950	417.530451	0.008694	8.0
99	-0.000000	416.276604	0.000000	14.3
100	-0.224450	415.032748	0.010544	12.5
101	-0.000000	413.798754	0.000000	17.1
102	-0.300052	412.574495	0.003740	4.0
103	-0.311233	411.359849	0.010505	13.0
104	-1.001879	410.154691	0.010957	7.1
105	-0.676041	408.958904	0.005740	6.5
106	-0.000131	407.772368	0.000030	6.4
107	-1.093616	406.594968	0.006528	12.4
108	-1.050993	405.426590	0.016892	10.2
109	-0.000000	404.267122	0.000000	8.0
110	-1.294822	403.116456	0.012542	6.7
111	-0.007444	401.974481	0.000079	7.5
112	-0.000000	400.841093	0.000000	14.8
113	-0.000000	399.716187	0.000000	6.9
114	-1.284864	398.599660	0.018259	11.3
115	-0.000004	397.491411	0.000001	12.7
116	-0.046344	396.391342	0.002160	6.7
117	-0.368687	395.299353	0.002789	8.7
118	-0.999048	394.215350	0.005761	6.6
119	-0.000000	393.139238	0.000000	6.4
120	-0.275688	392.070924	0.010218	6.8
121	-0.000000	391.010316	0.000000	12.0
122	-0.056802	389.957325	0.005725	6.9
123	-0.000000	388.911862	0.000000	8.7
124	-0.924958	387.873839	0.008434	11.9
125	-0.055582	386.843173	0.001878	8.0
126	-1.186837	385.819777	0.008609	8.5
127	-0.556958	384.803569	0.003000	6.7
128	-0.000000	383.794468	0.000000	6.6
129	-0.369568	382.792393	0.008109	6.3
130	-0.000007	381.797264	0.000002	6.6
131	-0.819050	380.809005	0.010050	17.0
132	-1.353654	379.827537	0.027042	2.9
133	-0.000000	378.852786	0.000000	6.5
134	-0.000000	377.884678	0.000000	6.8
135	-0.387605	376.923138	0.010577	6.6
136	-0.244591	375.968095	0.006899	16.7
137	-0.156177	375.019479	0.002912	4.5
138	-0.000000	374.077218	0.000000	6.8
139	-1.137227	373.141244	0.017075	11.6
140	-0.796173	372.211489	0.007555	6.5
141	-0.000024	371.287887	0.000006	6.7
142	-0.000000	370.370370	0.000000	6.9
143	-0.000000	369.458876	0.000000	7.9
144	-0.796062	368.553338	0.003307	6.8
145	-0.000030	367.653696	0.000007	8.4
146	-0.000000	366.759885	0.000000	6.9
147	-0.580111	365.871846	0.009161	7.1
148	-0.167724	364.989518	0.002961	10.0
149	-0.320103	364.112841	0.007024	6.0
150	-0.394827	363.241757	0.004823	8.2
151	-0.662697	362.376208	0.003879	7.3
152	-1.180380	361.516137	0.015338	6.6
153	-0.809898	360.661488	0.007642	6.7
154	-1.166476	359.812206	0.004024	7.3
155	-0.940442	358.968236	0.009830	7.2
156	-0.357203	358.129524	0.006867	11.5
157	-1.161492	357.296018	0.008703	11.7
158	-0.000000	356.467665	0.000000	9.7
159	-1.188790	355.644414	0.012778	6.7
160	-0.000000	354.826213	0.000000	9.6
161	-0.000302	354.013012	0.000065	11.4
162	-0.147556	353.204763	0.003597	6.6
163	-0.000000	352.401415	0.000000	7.0
164	-0.133812	351.602922	0.004822	11.0
165	-0.171297	350.809235	0.002388	22.9
166	-0.000027	350.020308	0.000007	12.4
167	-0.000000	349.236095	0.000000	16.6
168	-0.755341	348.456550	0.008059	15.3
169	-0.084385	347.681627	0.002414	6.4
170	-0.326211	346.911283	0.009646	8.5
171	-0.169208	346.145474	0.003066	10.8
172	-1.395023	345.384157	0.006607	10.4
173	-1.416773	344.627288	0.009056	7.2
174	-0.015949	343.874826	0.000530	14.1
175	-0.320499	343.126729	0.009501	10.6
176	-0.726347	342.382957	0.003886	11.9
177	-0.006786	341.643469	0.000644	7.9
178	-0.048954	340.908224	0.002645	13.5
179	-0.000000	340.177184	0.000000	12.2
180	-0.016673	339.450309	0.001860	12.8
181	-1.323810	338.727561	0.022222	9.2
182	-0.000000	338.008902	0.000000	11.9
183	-1.063816	337.294295	0.014927	16.1
184	-0.803516	336.583703	0.012686	8.2
185	-0.000000	335.877089	0.000000	11.6
186	-0.461564	335.174416	0.007976	11.9
187	-0.351109	334.475651	0.002755	9.2
188	-0.311555	333.780756	0.003908	17.0
189	-0.000000	333.089698	0.000000	13.5
190	-0.737497	332.402443	0.010586	14.9
191	-0.000012	331.718955	0.000003	21.1
192	-0.252139	331.039203	0.003149	7.5
193	-0.166764	330.363153	0.001129	15.5
194	-0.000000	329.690771	0.000000	18.6
195	-0.926924	329.022027	0.006130	6.2
196	-0.225316	328.356888	0.002191	13.9
197	-0.281454	327.695322	0.001510	10.0
198	-0.000053	327.037299	0.000002	12.0
199	-0.000000	326.382787	0.000000	12.6
200	-0.561736	325.731758	0.012095	6.9
201	-0.716494	325.084179	0.010315	17.5
202	-1.367646	324.440023	0.012688	10.1
203	-0.000138	323.799258	0.000033	16.6
204	-0.000000	323.161858	0.000000	14.8
205	-0.012372	322.527792	0.000864	11.8
206	-1.410040	321.897034	0.008951	15.1
207	-0.000000	321.269554	0.000000	15.6
208	-0.000721	320.645325	0.000075	16.6
209	-0.000016	320.024320	0.000004	12.5
210	-0.355111	319.406512	0.001400	11.8
211	-0.026070	318.791875	0.001681	11.9
212	-0.695657	318.180381	0.009130	13.9
213	-0.068321	317.572005	0.000686	8.0
214	-0.000000	316.966721	0.000000	15.1
215	-0.000000	316.364504	0.000000	11.9
216	-0.000000	315.765329	0.000000	7.3
217	-1.458162	315.169170	0.010343	12.3
218	-0.131397	314.576003	0.003000	11.0
219	-0.382259	313.985804	0.008605	9.5
220	-0.125193	313.398548	0.004887	17.0
221	-0.351354	312.814213	0.005895	9.1
222	-0.904025	312.232773	0.006567	11.5
223	-0.505395	311.654207	0.002622	8.2
224	-0.248960	311.078491	0.002891	12.8
225	-1.378397	310.505602	0.008303	10.5
226	-0.442947	309.935518	0.006807	13.0
227	-0.815915	309.368217	0.005873	12.7
228	-0.728820	308.803676	0.004371	10.6
229	-0.542214	308.241874	0.003981	14.2
230	-0.291046	307.682789	0.003762	13.6
231	-0.465697	307.126400	0.004190	11.2
232	-0.000000	306.572687	0.000000	12.5
233	-0.304052	306.021627	0.003037	12.1
234	-1.728466	305.473201	0.006179	8.6
235	-0.201972	304.927388	0.001459	17.5
236	-0.231098	304.384168	0.002218	7.6
237	-0.725346	303.843521	0.013289	9.7
238	-0.487133	303.305427	0.014929	8.5
239	-0.250287	302.769867	0.009339	6.2
240	-0.670201	302.236821	0.016338	7.4
241	-0.000000	301.706270	0.000000	16.5
242	-0.993042	301.178196	0.013076	4.9
243	-0.467621	300.652580	0.004910	8.6
244	-0.000000	300.129402	0.000000	13.2
245	-0.952096	299.608645	0.005026	10.6
246	-0.196632	299.090291	0.005770	11.9
247	-0.777571	298.574321	0.007846	12.5
248	-1.064207	298.060718	0.002442	11.3
249	-0.471916	297.549465	0.007544	10.8
250	-0.000000	297.040543	0.000000	4.9
251	-0.570048	296.533936	0.007403	12.1
252	-0.311946	296.029626	0.006003	8.1
253	-0.085701	295.527597	0.001781	11.6
254	-0.527240	295.027832	0.007527	8.2
255	-0.919524	294.530315	0.006357	11.9
256	-0.217268	294.035028	0.003329	8.8
257	-0.000000	293.541956	0.000000	6.5
258	-0.000000	293.051083	0.000000	6.6
259	-0.221714	292.562393	0.002903	13.5
260	-0.849495	292.075870	0.016009	9.3
261	-0.472711	291.591498	0.007721	6.6
262	-0.742293	291.109263	0.009416	10.5
263	-0.735578	290.629149	0.013644	6.5
264	-0.985825	290.151140	0.009940	6.8
265	-0.000000	289.675222	0.000000	9.3
266	-0.800805	289.201380	0.007004	6.7
267	-0.718305	288.729600	0.009158	12.6
268	-0.000000	288.259866	0.000000	6.9
269	-0.722580	287.792165	0.006241	7.0
270	-0.079284	287.326481	0.003350	6.8
271	-0.000006	286.862802	0.000001	6.4
272	-0.813429	286.401113	0.011548	12.4
273	-0.061425	285.941400	0.002310	16.2
274	-0.271459	285.483649	0.005697	13.1
275	-0.432938	285.027847	0.006405	7.3
276	-0.000000	284.573981	0.000000	8.0
277	-0.126158	284.122037	0.003727	10.5
278	-0.034309	283.672002	0.000797	6.5
279	-0.440289	283.223863	0.003291	14.1
280	-0.400397	282.777607	0.010822	9.7
281	-0.969766	282.333221	0.008797	8.4
282	-0.157629	281.890692	0.001909	15.4
283	-0.515276	281.450008	0.012312	8.7
284	-0.497567	281.011157	0.005269	6.5
285	-0.254591	280.574125	0.005829	11.1
286	-0.164828	280.138901	0.006388	11.7
287	-0.723523	279.705473	0.004871	6.2
288	-0.767589	279.273829	0.015914	12.0
289	-0.315045	278.843956	0.003066	6.7
290	-0.142394	278.415844	0.006733	12.3
291	-1.145202	277.989479	0.011416	9.5
292	-0.097012	277.564851	0.004401	6.9
293	-0.000000	277.141949	0.000000	8.4
294	-0.749412	276.720761	0.010420	8.5
295	-0.637547	276.301275	0.011140	12.8
296	-0.000002	275.883480	0.000001	9.3
297	-0.000000	275.467366	0.000000	7.4
298	-0.005981	275.052922	0.000052	6.8
299	-0.927201	274.640136	0.007545	6.6
300	-0.653719	274.228998	0.008571	6.7
301	-0.000000	273.819497	0.000000	7.1
302	-0.803876	273.411623	0.007100	6.9
303	-0.329366	273.005365	0.002459	6.4
304	-1.102997	272.600712	0.012945	9.0
305	-0.082432	272.197655	0.006017	11.9
306	-0.150836	271.796184	0.003851	7.7
307	-0.596491	271.396287	0.009397	6.6
308	-0.000000	270.997956	0.000000	9.4
309	-0.000000	270.601180	0.000000	7.0
310	-0.034026	270.205949	0.001304	11.1
311	-0.571639	269.812254	0.002865	8.7
312	-1.444830	269.420085	0.013931	6.7
313	-0.000064	269.029432	0.000015	16.7
314	-0.855109	268.640287	0.008620	5.8
315	-0.117425	268.252638	0.002286	7.5
316	-0.544602	267.866478	0.008237	12.0
317	-0.840320	267.481796	0.009128	6.5
318	-0.408310	267.098584	0.003830	6.6
319	-1.618364	266.716833	0.010273	7.1
320	-0.512004	266.336533	0.002809	11.6
321	-0.000000	265.957676	0.000000	6.5
322	-0.745776	265.580253	0.022011	6.9
323	-0.175805	265.204254	0.003864	6.9
324	-0.132620	264.829672	0.004154	6.7
325	-0.175536	264.456497	0.002823	7.0
326	-1.035906	264.084721	0.017606	6.3
327	-0.000508	263.714335	0.000115	6.4
328	-0.348947	263.345332	0.007223	6.7
329	-0.416432	262.977702	0.010852	11.7
330	-0.000000	262.611438	0.000000	11.8
331	-0.986077	262.246531	0.002464	6.7
332	-0.462137	261.882973	0.005691	6.5
333	-0.424144	261.520756	0.008398	6.2
334	-1.140901	261.159871	0.004069	6.2
335	-0.000419	260.800312	0.000086	12.4
336	-0.265028	260.442070	0.003078	7.2
337	-0.074627	260.085137	0.001194	6.3
338	-0.000000	259.729505	0.000000	6.7
339	-1.227339	259.375167	0.008601	6.5
340	-0.227269	259.022116	0.005513	7.1
341	-0.000000	258.670343	0.000000	6.3
342	-0.000000	258.319841	0.000000	11.8
343	-0.191527	257.970602	0.003094	6.8
344	-0.104381	257.622620	0.001221	6.5
345	-0.385516	257.275887	0.005093	6.8
346	-0.138960	256.930396	0.002850	6.3
347	-0.193921	256.586139	0.003695	6.9
348	-0.000000	256.243109	0.000000	6.9
349	-0.243702	255.901300	0.002212	7.4
350	-0.000000	255.560703	0.000000	7.6
351	-0.000000	255.221313	0.000000	6.5
352	-0.377240	254.883122	0.010325	11.0
353	-0.251467	254.546124	0.009642	10.4
354	-1.202937	254.210311	0.010025	6.0
355	-0.933874	253.875677	0.005530	12.5
356	-0.486954	253.542215	0.004534	11.3
357	-0.000000	253.209918	0.000000	6.4
358	-0.000000	252.878781	0.000000	6.7
359	-1.407154	252.548795	0.017464	7.6
360	-1.287173	252.219956	0.008143	11.9
361	-0.000018	251.892255	0.000004	7.0
362	-0.810330	251.565688	0.004391	6.4
363	-0.000000	251.240247	0.000000	6.6
364	-0.939350	250.915926	0.015296	6.7
365	-0.875163	250.592720	0.014564	7.0
366	-0.578472	250.270621	0.008804	6.9
367	-1.240040	249.949624	0.010564	12.1
368	-0.000000	249.629723	0.000000	6.5
369	-0.252536	249.310911	0.006070	6.5
370	-0.874685	248.993182	0.006680	6.8
371	-1.344524	248.676531	0.012204	10.0
372	-0.000094	248.360952	0.000018	8.3
373	-0.002922	248.046438	0.000323	7.0
374	-1.448536	247.732984	0.011277	6.8
375	-0.000000	247.420584	0.000000	11.4
376	-0.372087	247.109233	0.003970	7.4
377	-0.148323	246.798924	0.002352	6.7
378	-0.474704	246.489652	0.002834	6.6
379	-0.001308	246.181412	0.000264	8.9
380	-1.198170	245.874197	0.007946	12.0
381	-0.000000	245.568002	0.000000	10.2
382	-0.994049	245.262822	0.006250	6.4
383	-0.000000	244.958652	0.000000	6.3
384	-0.623393	244.655485	0.014033	6.6
385	-0.969266	244.353317	0.006587	15.0
386	-0.976268	244.052142	0.009180	5.7
387	-1.156467	243.751955	0.010275	6.5
388	-0.256760	243.452750	0.005522	6.5
389	-0.753176	243.154523	0.002057	7.2
390	-0.221413	242.857268	0.001589	6.4
391	-0.385461	242.560980	0.007243	6.8
392	-0.000000	242.265654	0.000000	10.2
393	-0.389744	241.971285	0.012448	8.7
394	-0.186199	241.677868	0.001813	7.3
395	-0.718089	241.385397	0.009615	6.0
396	-0.000058	241.093869	0.000012	6.4
397	-0.211202	240.803278	0.007663	6.8
398	-0.324753	240.513619	0.003453	6.6
399	-0.238141	240.224887	0.007199	6.8
400	-0.446362	239.937077	0.009048	7.9
401	-0.092400	239.650186	0.002944	7.2
402	-0.170293	239.364207	0.003114	6.6
403	-1.016081	239.079136	0.005028	6.9
404	-0.181952	238.794969	0.002540	6.7
405	-0.000687	238.511701	0.000140	14.3
406	-1.345273	238.229327	0.009285	6.6
407	-1.035605	237.947843	0.009839	6.5
408	-1.100573	237.667244	0.008249	6.9
409	-0.072753	237.387526	0.002514	6.3
410	-1.019026	237.108684	0.004918	6.4
411	-1.023702	236.830714	0.007509	11.9
412	-1.019017	236.553610	0.020485	9.5
413	-0.609887	236.277370	0.004187	6.7
414	-0.000000	236.001989	0.000000	6.6
415	-0.000000	235.727461	0.000000	6.6
416	-1.291441	235.453784	0.010204	6.2
417	-0.549968	235.180952	0.011057	11.8
418	-0.098289	234.908962	0.002101	8.4
419	-1.582507	234.637809	0.003294	12.2
420	-1.255224	234.367488	0.016473	7.1
421	-0.000000	234.097997	0.000000	6.4
422	-0.989378	233.829331	0.008000	6.6
423	-0.896223	233.561485	0.010571	6.8
424	-0.000000	233.294456	0.000000	6.6
425	-0.990352	233.028239	0.024488	6.5
426	-0.266441	232.762831	0.002895	6.7
427	-1.297292	232.498228	0.006446	7.0
428	-0.000014	232.234425	0.000003	6.4
429	-0.003334	231.971419	0.000245	6.8
430	-0.020620	231.709205	0.001148	6.9
431	-0.969289	231.447781	0.010149	10.6
432	-0.000000	231.187141	0.000000	6.9
433	-1.359159	230.927283	0.013424	8.9
434	-0.000000	230.668202	0.000000	6.5
435	-0.000000	230.409895	0.000000	12.3
436	-1.346997	230.152358	0.012199	12.1
437	-0.000000	229.895587	0.000000	7.1
438	-0.113973	229.639578	0.002251	6.3
439	-1.082691	229.384329	0.009892	6.5
440	-0.000000	229.129834	0.000000	8.5
441	-0.869920	228.876091	0.007602	6.6
442	-0.091264	228.623096	0.001788	6.8
443	-1.220876	228.370846	0.009740	13.0
444	-0.601136	228.119336	0.008579	17.1
445	-0.624663	227.868563	0.009220	2.1
446	-1.087906	227.618525	0.012783	11.7
447	-0.696893	227.369216	0.009877	5.7
448	-0.000000	227.120635	0.000000	11.3
449	-0.087171	226.872777	0.002260	6.4
450	-0.332725	226.625638	0.004287	6.7
451	-0.188521	226.379217	0.002115	10.3
452	-1.369396	226.133509	0.006484	6.5
453	-0.132104	225.888510	0.002351	6.8
454	-0.000000	225.644218	0.000000	12.0
455	-0.169006	225.400630	0.001936	5.9
456	-0.380588	225.157741	0.008823	6.2
457	-0.000000	224.915549	0.000000	6.1
458	-0.376368	224.674051	0.003443	6.5
459	-0.060520	224.433242	0.003265	6.6
460	-0.576456	224.193121	0.010680	6.6
461	-0.659287	223.953684	0.005718	11.3
462	-0.020327	223.714927	0.000299	7.4
463	-1.499841	223.476848	0.009476	6.5
464	-1.572545	223.239444	0.004453	6.9
465	-0.560855	223.002710	0.005694	6.9
466	-0.000030	222.766645	0.000007	6.7
467	-0.000000	222.531245	0.000000	9.3
468	-0.048094	222.296508	0.000973	8.6
469	-1.354147	222.062429	0.010522	6.4
470	-0.197358	221.829007	0.001249	7.2
471	-0.474875	221.596238	0.003169	7.3
472	-0.679476	221.364119	0.009174	10.2
473	-0.562313	221.132647	0.017836	6.5
474	-0.000028	220.901820	0.000006	6.4
475	-0.000003	220.671634	0.000001	6.3
476	-0.000000	220.442086	0.000000	6.3
477	-0.000000	220.213174	0.000000	10.2
478	-0.451455	219.984895	0.008125	6.2
479	-0.106022	219.757246	0.001274	6.6
480	-0.000000	219.530224	0.000000	6.7
481	-0.830886	219.303826	0.004820	13.8
482	-0.473989	219.078050	0.009055	10.1
483	-1.064746	218.852893	0.007476	6.3
484	-0.159392	218.628352	0.003922	6.8
485	-0.532430	218.404424	0.007164	6.8
486	-1.359741	218.181106	0.009201	6.6
487	-0.147301	217.958397	0.001802	12.3
488	-0.025464	217.736292	0.000442	7.0
489	-0.581587	217.514790	0.014166	9.0
490	-0.225583	217.293888	0.003063	6.4
491	-0.271805	217.073584	0.004757	6.8
492	-0.162123	216.853873	0.003957	16.9
493	-0.000000	216.634755	0.000000	1.7
494	-0.000000	216.416227	0.000000	6.3
495	-0.047850	216.198285	0.000762	6.7
496	-0.174150	215.980927	0.000959	6.8
497	-0.000000	215.764151	0.000000	6.7
498	-0.006140	215.547955	0.000596	6.8
499	-1.361559	215.332335	0.015003	6.7
500	-0.450583	215.117289	0.007951	6.6
501	-0.000000	214.902815	0.000000	6.3
502	-0.573127	214.688911	0.008803	6.7
503	-1.405570	214.475573	0.013692	6.3
504	-0.272845	214.262800	0.005309	6.7
505	-1.625564	214.050588	0.010258	6.7
506	-0.205703	213.838936	0.004386	6.2
507	-0.000000	213.627842	0.000000	8.8
508	-0.272336	213.417302	0.012036	7.7
509	-1.590778	213.207314	0.009662	6.8
510	-0.021030	212.997877	0.001606	8.3
511	-0.000000	212.788987	0.000000	6.9
512	-0.000000	212.580642	0.000000	6.3
513	-0.321876	212.372841	0.009815	8.1
514	-0.493150	212.165581	0.008168	11.8
515	-0.000000	211.958859	0.000000	6.5
516	-0.000000	211.752673	0.000000	6.3
517	-0.201245	211.547021	0.003356	6.9
518	-0.000000	211.341902	0.000000	6.3
519	-0.943625	211.137311	0.008485	6.6
520	-0.776477	210.933248	0.005729	11.2
521	-0.029904	210.729710	0.000183	7.2
522	-0.000006	210.526695	0.000002	7.1
523	-0.000000	210.324200	0.000000	9.3
524	-0.391062	210.122224	0.002328	6.8
525	-0.000000	209.920765	0.000000	6.4
526	-1.466859	209.719820	0.007621	7.1
527	-0.395831	209.519387	0.005965	6.7
528	-0.847515	209.319463	0.007469	6.8
529	-0.717006	209.120048	0.007179	7.0
530	-1.018065	208.921139	0.009997	6.7
531	-0.284360	208.722733	0.004551	6.6
532	-0.582730	208.524829	0.017504	7.0
533	-0.040352	208.327425	0.001796	6.7
534	-0.339714	208.130518	0.005449	10.2
535	-0.337084	207.934107	0.003700	10.0
536	-0.000000	207.738189	0.000000	6.2
537	-0.197802	207.542762	0.002596	9.7
538	-1.454108	207.347825	0.011297	6.4
539	-0.415936	207.153376	0.006200	9.4
540	-0.911811	206.959412	0.008262	17.0
541	-1.504621	206.765932	0.018167	2.1
542	-0.460589	206.572933	0.007321	6.6
543	-0.724525	206.380414	0.005264	7.0
544	-0.000000	206.188373	0.000000	11.0
545	-0.155924	205.996807	0.004846	6.8
546	-0.416764	205.805716	0.003846	9.2
547	-0.101874	205.615096	0.001952	7.3
548	-0.115975	205.424946	0.001978	11.8
549	-1.272974	205.235265	0.007504	8.7
550	-0.000000	205.046050	0.000000	7.9
551	-0.002393	204.857299	0.000061	8.0
552	-1.103780	204.669011	0.006063	7.9
553	-0.000000	204.481184	0.000000	6.3
554	-1.059959	204.293816	0.010214	6.8
555	-0.935562	204.106905	0.013881	6.8
556	-0.000000	203.920449	0.000000	8.0
557	-1.039325	203.734447	0.007337	6.8
558	-0.000621	203.548896	0.000067	6.8
559	-0.804521	203.363795	0.004315	13.5
560	-0.448162	203.179143	0.007184	6.7
561	-0.000481	202.994937	0.000079	7.6
562	-0.000000	202.811176	0.000000	10.5
563	-0.652251	202.627857	0.007770	6.6
564	-0.000000	202.444980	0.000000	11.4
565	-0.000000	202.262543	0.000000	10.4
566	-0.228521	202.080543	0.006491	9.2
567	-0.498033	201.898979	0.006337	8.6
568	-0.911548	201.717849	0.013727	6.5
569	-0.000000	201.537153	0.000000	13.4
570	-1.122803	201.356887	0.009511	8.4
571	-0.290361	201.177050	0.002169	6.9
572	-0.000000	200.997642	0.000000	6.5
573	-1.056831	200.818659	0.007692	6.8
574	-0.239406	200.640100	0.006906	6.9
575	-0.000000	200.461965	0.000000	6.4
576	-0.604636	200.284250	0.008519	9.8
577	-0.000000	200.106955	0.000000	5.7
578	-1.326739	199.930078	0.014769	6.3
579	-0.389514	199.753617	0.007639	6.0
580	-0.269435	199.577571	0.003995	6.9
581	-0.099361	199.401938	0.001370	6.7
582	-1.253643	199.226717	0.012702	12.0
583	-0.000000	199.051905	0.000000	6.7
584	-0.545701	198.877502	0.008642	6.9
585	-0.822370	198.703506	0.006499	6.6
586	-0.774102	198.529916	0.007972	6.7
587	-1.372865	198.356729	0.012709	6.7
588	-0.000139	198.183944	0.000022	6.8
589	-0.000000	198.011560	0.000000	6.4
590	-1.659364	197.839576	0.003375	16.0
591	-0.301519	197.667989	0.005155	5.8
592	-0.626491	197.496798	0.004915	6.9
593	-0.903022	197.326002	0.003916	8.0
594	-0.000000	197.155600	0.000000	11.9
595	-0.826194	196.985589	0.006197	7.9
596	-0.252604	196.815969	0.006186	6.6
597	-0.329237	196.646738	0.003679	6.7
598	-1.364024	196.477894	0.006556	6.6
599	-0.114266	196.309436	0.001446	10.4
600	-0.476300	196.141363	0.009744	6.5
601	-0.386277	195.973673	0.003186	7.0
602	-0.193387	195.806365	0.005550	6.7
603	-0.822601	195.639437	0.007217	6.8
604	-1.510586	195.472888	0.019260	7.3
605	-0.905717	195.306717	0.005829	6.5
606	-0.000000	195.140922	0.000000	10.1
607	-0.488618	194.975501	0.008163	10.7
608	-0.141106	194.810454	0.000784	7.0
609	-0.207146	194.645779	0.002086	6.7
610	-1.114077	194.481475	0.006081	6.6
611	-0.000000	194.317540	0.000000	6.4
612	-1.254234	194.153973	0.005292	6.6
613	-0.470654	193.990773	0.013780	6.5
614	-1.478127	193.827938	0.010055	6.3
615	-0.000000	193.665467	0.000000	6.5
616	-0.497512	193.503358	0.002200	6.8
617	-0.099365	193.341611	0.001524	13.2
618	-1.134379	193.180224	0.011198	7.4
619	-0.000002	193.019196	0.000001	6.5
620	-0.000000	192.858525	0.000000	11.8
621	-0.145051	192.698210	0.001868	5.3
622	-0.000000	192.538251	0.000000	7.5
623	-1.621025	192.378644	0.006353	6.7
624	-0.083116	192.219391	0.001115	6.7
625	-0.697721	192.060488	0.008390	9.0
626	-0.406661	191.901935	0.004505	8.0
627	-0.179166	191.743730	0.002296	7.2
628	-0.432935	191.585873	0.009549	6.7
629	-0.379455	191.428362	0.007648	6.9
630	-0.448425	191.271196	0.015971	6.8
631	-0.295439	191.114374	0.004472	7.0
632	-0.314552	190.957893	0.005567	7.3
633	-0.419704	190.801755	0.003343	9.8
634	-0.002580	190.645956	0.000291	7.0
635	-0.000000	190.490495	0.000000	6.7
636	-0.693137	190.335373	0.008512	7.1
637	-0.292379	190.180587	0.003445	7.0
638	-0.000000	190.026136	0.000000	12.0
639	-0.678403	189.872019	0.008038	7.4
640	-0.669042	189.718235	0.008552	7.3
641	-0.789853	189.564782	0.012321	8.5
642	-1.090114	189.411661	0.010685	7.9
643	-0.836064	189.258868	0.005833	12.0
644	-0.231482	189.106404	0.006014	6.8
645	-1.233625	188.954267	0.011653	12.1
646	-0.000000	188.802456	0.000000	6.9
647	-0.539151	188.650969	0.023866	12.6
648	-0.000000	188.499807	0.000000	11.9
649	-0.147399	188.348967	0.005942	15.0
650	-0.525777	188.198448	0.002411	10.5
651	-0.731106	188.048250	0.004970	18.7
652	-0.000000	187.898371	0.000000	12.1
653	-0.590904	187.748810	0.002871	9.0
654	-0.390616	187.599566	0.010604	9.7
655	-0.000001	187.450638	0.000000	6.4
656	-0.787892	187.302025	0.009769	6.6
657	-0.943126	187.153725	0.007898	6.8
658	-0.022315	187.005739	0.001489	6.5
659	-0.000119	186.858064	0.000022	15.8
660	-1.343407	186.710699	0.019048	7.7
661	-0.310818	186.563645	0.006396	9.9
662	-0.594710	186.416898	0.012003	6.7
663	-0.176793	186.270459	0.002796	11.8
664	-0.237200	186.124326	0.001224	12.3
665	-0.000000	185.978499	0.000000	7.8
666	-1.194082	185.832976	0.007597	6.4
667	-0.000103	185.687756	0.000022	6.5
668	-0.499054	185.542838	0.007133	6.6
669	-1.396246	185.398222	0.008846	11.7
670	-1.120560	185.253906	0.005886	13.0
671	-0.283875	185.109889	0.005834	8.8
672	-0.000000	184.966170	0.000000	11.4
673	-0.000000	184.822748	0.000000	11.7
674	-0.022826	184.679623	0.001726	11.8
675	-0.537330	184.536792	0.013271	12.9
676	-1.249969	184.394256	0.007524	12.0
677	-0.896171	184.252013	0.007584	11.7
678	-1.174090	184.110062	0.005905	11.9
679	-1.202749	183.968403	0.006763	7.0
680	-0.146869	183.827034	0.001291	11.8
681	-1.230107	183.685954	0.013896	12.0
682	-0.318597	183.545163	0.009747	6.6
683	-0.242730	183.404658	0.006438	6.9
684	-0.256829	183.264441	0.004572	7.4
685	-0.667993	183.124509	0.009760	11.9
686	-0.000002	182.984861	0.000001	5.8
687	-0.179261	182.845497	0.002092	7.1
688	-0.000000	182.706416	0.000000	6.1
689	-0.000019	182.567616	0.000005	6.6
690	-0.029542	182.429098	0.002150	5.9
691	-0.379000	182.290859	0.010516	6.4
692	-0.000000	182.152899	0.000000	7.2
693	-1.688400	182.015217	0.005009	6.5
694	-0.000000	181.877813	0.000000	6.6
695	-1.394207	181.740684	0.007593	6.8
696	-1.249833	181.603832	0.003562	6.7
697	-0.393245	181.467253	0.007145	6.6
698	-0.444522	181.330948	0.006542	8.7
699	-0.000000	181.194916	0.000000	12.4
700	-1.392119	181.059155	0.017979	8.0
701	-0.144564	180.923666	0.002788	7.0
702	-0.852274	180.788446	0.007768	8.9
703	-1.100386	180.653496	0.011621	6.1
704	-1.411919	180.518814	0.013383	7.1
705	-0.000000	180.384399	0.000000	9.7
706	-1.409314	180.250251	0.006968	11.9
707	-0.091514	180.116369	0.005482	11.3
708	-0.000000	179.982752	0.000000	6.6
709	-1.089134	179.849398	0.011002	9.8
710	-0.483170	179.716308	0.017893	6.6
711	-0.077770	179.583480	0.001381	7.0
712	-0.170824	179.450913	0.003150	6.9
713	-0.286719	179.318607	0.006996	6.4
714	-0.836648	179.186561	0.009085	6.9
715	-1.171969	179.054774	0.015400	6.6
716	-0.008652	178.923245	0.000642	6.4
717	-0.000000	178.791973	0.000000	6.3
718	-0.411870	178.660958	0.004238	6.4
719	-1.220972	178.530199	0.014157	7.4
720	-0.000000	178.399694	0.000000	6.4
721	-0.552471	178.269444	0.008819	6.6
722	-0.337538	178.139447	0.004944	6.6
723	-0.658582	178.009702	0.007847	11.9
724	-0.716778	177.880209	0.004899	7.0
725	-1.012704	177.750967	0.006766	11.9
726	-0.000000	177.621975	0.000000	11.6
727	-1.596489	177.493232	0.011001	6.5
728	-0.000000	177.364738	0.000000	8.0
729	-0.262129	177.236492	0.004435	5.8
730	-0.388136	177.108492	0.012650	6.6
731	-0.723769	176.980739	0.006906	10.0
732	-1.208617	176.853231	0.006893	7.4
733	-0.634737	176.725968	0.011578	6.6
734	-0.682177	176.598949	0.010897	7.8
735	-0.127983	176.472173	0.002952	8.9
736	-0.627089	176.345639	0.006729	12.9
737	-0.000429	176.219348	0.000084	6.9
738	-0.071061	176.093296	0.001829	6.0
739	-0.206017	175.967486	0.003242	12.1
740	-0.842454	175.841914	0.010182	6.5
741	-1.098628	175.716581	0.007163	6.8
742	-0.173844	175.591486	0.004119	6.5
743	-0.000000	175.466629	0.000000	6.5
744	-0.000159	175.342008	0.000031	6.6
745	-0.100133	175.217622	0.004270	6.2
746	-0.000000	175.093472	0.000000	6.5
747	-0.432769	174.969556	0.002300	6.4
748	-0.000000	174.845873	0.000000	11.9
749	-0.107842	174.722423	0.000458	6.2
750	-1.207236	174.599206	0.008504	7.0
751	-0.000000	174.476220	0.000000	6.5
752	-0.000265	174.353464	0.000029	7.7
753	-0.605467	174.230939	0.012500	7.7
754	-1.003926	174.108643	0.008487	6.5
755	-1.338730	173.986576	0.004933	6.7
756	-0.617696	173.864737	0.013492	6.5
757	-1.555903	173.743124	0.006685	11.9
758	-0.345319	173.621739	0.011165	6.6
759	-0.804844	173.500579	0.015959	6.6
760	-0.601708	173.379645	0.007198	6.6
761	-1.090002	173.258935	0.007598	10.1
762	-1.277120	173.138449	0.005394	7.1
763	-0.245982	173.018186	0.005875	9.7
764	-0.287792	172.898146	0.002994	9.1
765	-0.601781	172.778327	0.008396	8.7
766	-0.342802	172.658730	0.002319	6.6
767	-0.000000	172.539353	0.000000	6.4
768	-0.769548	172.420196	0.008627	6.7
769	-0.239331	172.301258	0.006723	6.5
770	-0.306985	172.182539	0.002083	6.4
771	-0.460940	172.064037	0.003360	6.7
772	-1.036634	171.945753	0.006871	7.2
773	-0.258170	171.827686	0.004403	6.7
774	-1.096987	171.709834	0.006942	10.5
775	-0.000000	171.592198	0.000000	6.2
776	-0.149908	171.474776	0.003451	6.8
777	-0.730182	171.357568	0.014202	6.7
778	-0.000000	171.240574	0.000000	6.2
779	-1.363730	171.123793	0.014795	9.9
780	-0.837279	171.007223	0.008311	6.6
781	-0.000000	170.890865	0.000000	7.3
782	-0.190283	170.774718	0.004101	12.1
783	-0.499206	170.658782	0.011208	7.3
784	-0.000000	170.543055	0.000000	13.2
785	-0.000000	170.427537	0.000000	6.6
786	-0.635190	170.312227	0.011904	12.5
787	-0.001046	170.197125	0.000099	7.1
788	-0.349053	170.082231	0.005612	6.2
789	-1.431772	169.967543	0.019307	6.6
790	-0.425586	169.853061	0.004760	8.1
791	-1.057081	169.738784	0.004204	6.6
792	-0.000000	169.624713	0.000000	6.5
793	-0.000000	169.510845	0.000000	6.5
794	-1.373732	169.397181	0.011652	6.7
795	-0.000000	169.283720	0.000000	7.0
796	-0.563747	169.170462	0.003019	8.1
797	-1.091355	169.057405	0.006985	12.2
798	-0.483256	168.944549	0.006854	6.4
799	-1.486748	168.831895	0.010233	7.5
800	-0.184360	168.719440	0.004163	6.8
801	-0.831551	168.607185	0.006861	9.2
802	-0.166858	168.495129	0.003487	6.3
803	-0.401634	168.383271	0.002866	6.9
804	-0.850782	168.271611	0.008187	6.8
805	-0.064752	168.160148	0.001201	6.3
806	-0.363782	168.048882	0.006822	11.8
807	-1.560300	167.937812	0.011720	6.9
808	-1.193501	167.826938	0.006727	10.5
809	-0.682580	167.716258	0.006641	7.9
810	-0.709091	167.605773	0.007018	6.4
811	-0.000000	167.495482	0.000000	11.7
812	-1.563952	167.385384	0.006966	7.1
813	-1.424271	167.275479	0.002302	6.5
814	-0.000000	167.165766	0.000000	8.1
815	-0.085072	167.056245	0.001221	7.7
816	-0.000000	166.946915	0.000000	17.0
817	-1.306598	166.837776	0.007740	10.7
818	-0.000000	166.728826	0.000000	12.4
819	-0.356554	166.620067	0.004174	13.7
820	-1.091018	166.511496	0.005686	9.3
821	-0.000000	166.403113	0.000000	20.1
822	-0.000000	166.294919	0.000000	2.2
823	-0.314760	166.186912	0.013171	6.1
824	-0.245006	166.079091	0.003587	6.5
825	-0.050596	165.971458	0.002767	6.6
826	-0.000000	165.864009	0.000000	7.1
827	-0.747232	165.756747	0.007204	7.9
828	-0.447308	165.649669	0.004452	12.0
829	-0.191399	165.542775	0.003377	17.2
830	-1.156072	165.436065	0.012083	8.3
831	-0.550393	165.329538	0.008117	9.9
832	-0.000000	165.223194	0.000000	11.1
833	-0.635590	165.117032	0.011224	8.2
834	-0.223842	165.011052	0.004362	8.0
835	-0.070200	164.905253	0.001510	6.8
836	-0.164590	164.799635	0.003672	6.7
837	-0.374173	164.694197	0.003654	7.1
838	-0.009168	164.588939	0.000358	6.6
839	-1.427846	164.483859	0.021527	8.4
840	-0.001445	164.378959	0.000223	7.0
841	-0.189428	164.274237	0.003419	6.2
842	-0.097894	164.169692	0.001112	6.7
843	-0.345287	164.065325	0.007398	6.6
844	-1.232740	163.961135	0.007850	12.0
845	-0.596369	163.857120	0.008019	6.6
846	-0.667288	163.753282	0.005351	6.6
847	-0.414816	163.649619	0.002353	8.6
848	-0.000000	163.546130	0.000000	6.3
849	-0.713429	163.442816	0.009097	6.7
850	-0.299453	163.339676	0.003121	6.6
851	-0.000000	163.236709	0.000000	6.3
852	-0.473908	163.133915	0.008365	12.3
853	-0.341875	163.031294	0.003940	11.5
854	-0.664151	162.928844	0.014262	12.7
855	-0.722279	162.826566	0.007112	6.5
856	-0.226606	162.724459	0.004561	13.3
857	-0.202333	162.622523	0.005579	6.5
858	-0.000000	162.520757	0.000000	6.8
859	-0.005851	162.419160	0.000626	6.4
860	-0.891850	162.317733	0.004164	6.5
861	-1.202952	162.216474	0.015475	13.0
862	-0.595560	162.115383	0.007502	11.5
863	-0.000001	162.014461	0.000000	6.6
864	-0.178708	161.913705	0.005400	6.5
865	-0.556856	161.813117	0.003000	6.4
866	-0.000000	161.712695	0.000000	6.3
867	-0.147374	161.612439	0.001739	6.5
868	-0.000559	161.512349	0.000105	12.0
869	-0.391109	161.412424	0.010206	10.6
870	-1.021497	161.312663	0.003485	7.5
871	-0.000000	161.213067	0.000000	7.5
872	-0.670633	161.113635	0.011406	9.4
873	-0.000000	161.014366	0.000000	8.9
874	-0.196356	160.915260	0.002099	6.4
875	-0.639668	160.816316	0.006014	9.5
876	-0.181316	160.717535	0.005262	6.7
877	-0.346008	160.618915	0.004594	9.2
878	-0.625912	160.520456	0.005824	8.0
879	-1.445595	160.422158	0.008063	6.9
880	-1.655504	160.324021	0.011459	9.1
881	-0.067058	160.226043	0.001576	11.8
882	-1.568867	160.128225	0.004973	6.6
883	-0.012100	160.030566	0.000724	6.8
884	-1.032677	159.933066	0.005510	6.9
885	-0.000000	159.835723	0.000000	7.2
886	-0.851622	159.738539	0.009253	6.8
887	-0.000000	159.641512	0.000000	13.7
888	-0.583389	159.544642	0.006239	7.8
889	-0.036052	159.447929	0.000633	6.4
890	-0.499601	159.351372	0.011295	6.9
891	-0.791195	159.254971	0.010284	10.6
892	-1.215120	159.158725	0.015732	8.8
893	-0.122479	159.062634	0.005133	7.2
894	-0.098715	158.966697	0.002182	6.5
895	-0.215858	158.870915	0.008641	6.2
896	-0.169115	158.775286	0.004076	6.4
897	-0.011604	158.679811	0.000256	6.4
898	-0.244449	158.584489	0.005846	6.4
899	-0.071011	158.489319	0.001781	6.3
900	-0.107684	158.394302	0.002664	7.5
901	-0.000000	158.299436	0.000000	6.7
902	-0.000000	158.204721	0.000000	6.5
903	-0.274811	158.110158	0.003782	11.9
904	-0.872866	158.015745	0.006332	8.9
905	-0.358240	157.921482	0.001526	11.3
906	-0.411047	157.827369	0.006629	6.8
907	-1.125586	157.733406	0.010774	5.9
908	-0.217979	157.639591	0.007542	6.1
909	-1.057753	157.545925	0.004556	6.2
910	-0.001823	157.452408	0.000222	7.0
911	-0.273074	157.359038	0.003741	8.0
912	-0.000000	157.265816	0.000000	6.7
913	-0.183011	157.172741	0.002679	6.7
914	-0.983956	157.079813	0.005323	6.4
915	-0.000007	156.987031	0.000002	6.2
916	-0.451525	156.894395	0.004635	7.1
917	-0.490400	156.801904	0.012175	6.8
918	-0.404813	156.709559	0.007402	6.8
919	-0.742972	156.617359	0.005552	12.8
920	-0.917554	156.525304	0.004255	7.3
921	-0.525387	156.433392	0.004111	7.0
922	-1.152424	156.341624	0.013957	6.5
923	-0.090163	156.250000	0.001825	6.9
924	-1.333335	156.158519	0.013826	11.3
925	-1.301334	156.067180	0.005583	5.4
926	-0.000000	155.975984	0.000000	7.6
927	-1.216428	155.884930	0.008050	11.6
928	-1.451278	155.794017	0.011730	6.3
929	-0.730839	155.703246	0.011285	12.1
930	-0.000000	155.612615	0.000000	12.0
931	-0.010804	155.522125	0.000543	8.6
932	-0.000000	155.431775	0.000000	6.4
933	-0.073015	155.341565	0.000801	5.8
934	-1.586927	155.251495	0.009375	5.0
935	-0.187408	155.161563	0.008185	6.5
936	-0.969375	155.071771	0.009790	6.8
937	-0.845871	154.982117	0.007929	6.5
938	-0.272321	154.892601	0.006523	7.6
939	-0.242809	154.803222	0.000859	6.6
940	-1.077165	154.713981	0.003485	6.4
941	-0.123747	154.624878	0.004220	6.5
942	-0.990175	154.535910	0.007109	6.7
943	-0.482983	154.447080	0.006356	6.8
944	-1.339135	154.358385	0.007724	6.5
945	-0.253516	154.269826	0.005760	8.7
946	-0.222363	154.181402	0.007957	8.7
947	-1.333851	154.093114	0.008319	6.6
948	-0.000000	154.004960	0.000000	6.7
949	-0.000001	153.916940	0.000000	6.7
950	-1.170477	153.829054	0.009561	6.6
951	-1.168492	153.741303	0.010260	6.8
952	-0.269836	153.653684	0.002453	6.5
953	-0.430556	153.566198	0.004723	6.6
954	-0.433435	153.478846	0.006193	6.4
955	-0.434902	153.391625	0.006500	6.9
956	-0.889393	153.304537	0.017562	7.9
957	-0.588762	153.217580	0.005026	12.6
958	-0.000000	153.130755	0.000000	10.8
959	-0.262034	153.044061	0.003521	3.0
960	-0.498315	152.957498	0.006090	7.9
961	-0.002947	152.871065	0.000578	6.8
962	-0.649049	152.784762	0.010806	6.7
963	-1.171202	152.698589	0.012098	6.2
964	-0.004001	152.612545	0.000250	7.1
965	-0.551545	152.526631	0.005901	6.6
966	-0.231725	152.440845	0.002395	6.9
967	-0.085098	152.355188	0.001300	6.4
968	-0.057996	152.269660	0.003268	6.5
969	-0.305531	152.184259	0.002977	10.3
970	-0.000223	152.098986	0.000035	6.0
971	-1.105486	152.013840	0.011641	12.3
972	-0.049629	151.928821	0.001597	7.1
973	-0.383434	151.843928	0.002284	6.8
974	-0.302740	151.759163	0.005652	6.5
975	-0.000000	151.674523	0.000000	6.5
976	-1.579648	151.590009	0.008898	6.4
977	-0.027224	151.505620	0.001350	7.7
978	-0.838650	151.421357	0.008577	6.5
979	-0.000000	151.337218	0.000000	9.4
980	-0.000098	151.253204	0.000021	6.4
981	-0.063664	151.169314	0.005193	9.6
982	-0.128491	151.085549	0.003052	16.3
983	-0.000000	151.001907	0.000000	2.4
984	-0.000000	150.918388	0.000000	7.0
985	-0.211404	150.834992	0.005082	9.9
986	-0.000005	150.751719	0.000001	6.2
987	-1.180777	150.668569	0.015230	7.0
988	-0.842608	150.585541	0.005350	10.1
989	-0.756522	150.502634	0.007219	7.0
990	-0.800641	150.419849	0.010218	11.4
991	-0.000000	150.337186	0.000000	6.3
992	-0.000000	150.254644	0.000000	6.3
993	-0.980256	150.172222	0.009030	6.9
994	-0.526109	150.089921	0.006070	12.4
995	-1.239275	150.007740	0.009223	11.7
996	-0.256232	149.925679	0.002524	7.3
997	-0.457248	149.843737	0.004503	6.5
998	-0.000000	149.761915	0.000000	6.7
999	-0.000000	149.680212	0.000000	6.6
1000	-1.681607	149.598627	0.011146	6.8
1001	-1.377489	149.517161	0.012127	6.4
1002	-0.880200	149.435814	0.010781	6.9
1003	-0.990189	149.354584	0.009443	6.8
1004	-1.407521	149.273472	0.009060	6.7
1005	-0.135483	149.192477	0.004966	6.3
1006	-0.001832	149.111599	0.000081	6.7
1007	-1.209828	149.030838	0.005977	6.6
1008	-1.228896	148.950194	0.010493	6.7
1009	-0.386846	148.869666	0.006324	17.4
1010	-1.033486	148.789253	0.009517	2.5
1011	-0.000000	148.708957	0.000000	6.7
1012	-1.067031	148.628776	0.016355	6.5
1013	-0.152807	148.548710	0.003641	6.6
1014	-0.679842	148.468759	0.006609	6.7
1015	-0.477245	148.388923	0.003953	6.6
1016	-0.000012	148.309201	0.000003	6.8
1017	-0.792579	148.229594	0.005035	9.3
1018	-1.349730	148.150100	0.009950	7.9
1019	-1.066521	148.070719	0.007671	6.5
1020	-0.936587	147.991452	0.008394	6.7
1021	-1.122868	147.912298	0.010256	6.9
1022	-1.028214	147.833257	0.007757	11.7
1023	-0.160390	147.754329	0.003203	8.1
1024	-0.909006	147.675512	0.007387	7.9
1025	-0.094920	147.596808	0.002781	6.7
1026	-0.004373	147.518216	0.000131	6.6
1027	-0.452221	147.439735	0.004725	6.6
1028	-0.321001	147.361365	0.002198	6.7
1029	-0.925805	147.283106	0.007133	6.8
1030	-1.690184	147.204958	0.008899	6.9
1031	-0.667999	147.126920	0.005101	6.9
1032	-0.548348	147.048993	0.003043	6.6
1033	-0.127333	146.971175	0.002593	6.7
1034	-0.000000	146.893468	0.000000	6.5
1035	-0.084649	146.815869	0.003478	11.8
1036	-0.000000	146.738380	0.000000	7.4
1037	-0.869951	146.661000	0.006588	7.6
1038	-0.000000	146.583729	0.000000	6.4
1039	-1.533760	146.506566	0.015079	7.1
1040	-0.288256	146.429511	0.004504	7.4
1041	-0.000000	146.352565	0.000000	6.1
1042	-0.346757	146.275726	0.004041	6.4
1043	-0.398269	146.198994	0.006754	6.9
1044	-0.800287	146.122370	0.007469	6.7
1045	-0.000000	146.045853	0.000000	6.9
1046	-0.490647	145.969442	0.011064	6.8
1047	-0.847392	145.893139	0.008432	6.6
1048	-0.040147	145.816941	0.000089	6.9
1049	-1.305045	145.740849	0.018956	6.7
1050	-0.000000	145.664863	0.000000	6.5
1051	-0.518238	145.588983	0.008862	7.5
1052	-0.097929	145.513208	0.001143	10.9
1053	-1.204630	145.437538	0.009789	10.6
1054	-0.485183	145.361973	0.005954	6.5
1055	-1.279696	145.286513	0.011589	9.3
1056	-1.075526	145.211157	0.010927	6.6
1057	-0.000000	145.135905	0.000000	9.3
1058	-0.960095	145.060757	0.006446	7.0
1059	-0.000000	144.985712	0.000000	6.5
1060	-0.304486	144.910771	0.003150	6.9
1061	-0.691273	144.835934	0.009898	6.5
1062	-0.000001	144.761199	0.000000	8.8
1063	-0.174536	144.686567	0.003718	6.7
1064	-0.619622	144.612037	0.007325	14.7
1065	-0.278403	144.537610	0.005020	6.5
1066	-0.700788	144.463285	0.015331	6.3
1067	-1.581224	144.389062	0.015384	6.6
1068	-0.486987	144.314940	0.004319	6.1
1069	-0.381936	144.240920	0.006522	7.2
1070	-1.023378	144.167001	0.015345	6.8
1071	-1.004249	144.093182	0.008491	6.8
1072	-0.000000	144.019465	0.000000	6.4
1073	-0.187892	143.945848	0.001440	6.9
1074	-0.612520	143.872331	0.004911	10.1
1075	-0.000000	143.798914	0.000000	6.4
1076	-0.931965	143.725597	0.007621	11.8
1077	-1.480315	143.652380	0.008976	6.3
1078	-0.000023	143.579262	0.000006	6.8
1079	-0.000000	143.506243	0.000000	6.8
1080	-0.058736	143.433323	0.002718	7.0
1081	-0.000018	143.360502	0.000004	9.8
1082	-1.327813	143.287780	0.007987	6.7
1083	-0.019398	143.215155	0.001879	8.9
1084	-0.807463	143.142629	0.008856	6.4
1085	-0.703351	143.070201	0.009399	6.9
1086	-0.000000	142.997870	0.000000	6.6
1087	-0.000000	142.925637	0.000000	6.3
1088	-0.820132	142.853501	0.006044	11.8
1089	-0.246896	142.781462	0.007769	8.8
1090	-0.999779	142.709519	0.009071	7.4
1091	-0.168728	142.637674	0.003970	6.5
1092	-1.045204	142.565924	0.010183	6.6
1093	-0.924442	142.494271	0.009436	6.8
1094	-0.412037	142.422714	0.003677	6.4
1095	-1.113342	142.351252	0.009549	6.4
1096	-0.148653	142.279886	0.002360	6.7
1097	-0.071514	142.208616	0.000742	7.0
1098	-0.652141	142.137440	0.011831	10.3
1099	-0.364909	142.066360	0.005613	7.7
1100	-0.000000	141.995374	0.000000	6.5
1101	-0.012094	141.924483	0.000400	7.1
1102	-0.099008	141.853685	0.001151	14.5
1103	-0.596406	141.782983	0.010735	2.5
1104	-1.035125	141.712373	0.005964	7.5
1105	-0.593142	141.641858	0.011503	6.8
1106	-0.309785	141.571436	0.004801	6.7
1107	-1.468908	141.501108	0.012799	6.6
1108	-1.592041	141.430872	0.013765	7.0
1109	-0.809461	141.360730	0.004753	6.7
1110	-1.577986	141.290680	0.008092	6.7
1111	-0.000003	141.220722	0.000001	6.6
1112	-0.105341	141.150857	0.004823	6.2
1113	-1.214312	141.081084	0.011932	6.6
1114	-0.024445	141.011403	0.000792	9.0
1115	-0.530197	140.941813	0.010558	6.8
1116	-1.055502	140.872315	0.010596	12.0
1117	-0.693423	140.802909	0.011342	6.9
1118	-1.387331	140.733593	0.008469	10.3
1119	-0.801866	140.664369	0.007292	11.4
1120	-1.207366	140.595235	0.007946	8.7
1121	-0.266871	140.526192	0.004251	6.8
1122	-0.753587	140.457239	0.011543	6.3
1123	-0.888231	140.388376	0.014162	6.5
1124	-0.000000	140.319603	0.000000	6.4
1125	-0.004634	140.250920	0.000212	7.5
1126	-0.294460	140.182326	0.006211	11.4
1127	-1.599472	140.113822	0.005942	7.3
1128	-0.000000	140.045407	0.000000	6.9
1129	-1.532744	139.977081	0.012986	8.0
1130	-0.000000	139.908844	0.000000	8.0
1131	-0.785014	139.840696	0.006252	7.0
1132	-0.000000	139.772635	0.000000	6.3
1133	-0.158371	139.704664	0.003580	6.6
1134	-0.330461	139.636780	0.005244	6.7
1135	-0.000000	139.568984	0.000000	6.4
1136	-0.560526	139.501276	0.012764	6.6
1137	-0.971724	139.433655	0.021154	6.9
1138	-0.000273	139.366122	0.000063	6.4
1139	-0.386097	139.298676	0.003629	6.7
1140	-0.821240	139.231317	0.010107	6.8
1141	-0.000000	139.164045	0.000000	6.4
1142	-0.000000	139.096859	0.000000	13.2
1143	-0.000000	139.029760	0.000000	5.2
1144	-1.090361	138.962747	0.004897	6.5
1145	-0.281432	138.895820	0.005241	6.6
1146	-0.111082	138.828978	0.001801	6.6
1147	-0.000000	138.762223	0.000000	6.5
1148	-0.211030	138.695553	0.003349	6.6
1149	-1.203582	138.628969	0.006953	6.8
1150	-0.000000	138.562469	0.000000	6.4
1151	-0.923849	138.496055	0.011741	6.8
1152	-0.932521	138.429725	0.010302	6.6
1153	-0.797822	138.363481	0.005473	7.5
1154	-1.726902	138.297320	0.010985	8.9
1155	-0.000000	138.231244	0.000000	7.8
1156	-0.077966	138.165252	0.000837	13.9
1157	-0.797508	138.099344	0.009374	9.0
1158	-0.534238	138.033520	0.010935	7.3
1159	-1.189481	137.967779	0.008732	6.6
1160	-0.000000	137.902122	0.000000	6.4
1161	-1.061967	137.836548	0.009340	7.1
1162	-0.640874	137.771057	0.007306	6.8
1163	-0.245929	137.705649	0.005915	6.5
1164	-0.640541	137.640324	0.007057	6.8
1165	-1.310976	137.575081	0.010408	6.8
1166	-1.349822	137.509921	0.007134	6.5
1167	-1.313354	137.444842	0.012749	6.6
1168	-0.921511	137.379846	0.006740	7.0
1169	-0.696277	137.314932	0.006183	11.9
1170	-0.000004	137.250100	0.000001	10.1
1171	-0.791061	137.185349	0.004407	7.0
1172	-1.035263	137.120680	0.011986	9.0
1173	-0.681314	137.056092	0.007227	6.6
1174	-0.415707	136.991585	0.005945	7.0
1175	-0.481133	136.927158	0.005833	7.2
1176	-0.000000	136.862813	0.000000	6.2
1177	-0.705464	136.798548	0.014330	6.9
1178	-0.205011	136.734363	0.003384	6.5
1179	-0.337149	136.670259	0.005036	6.7
1180	-0.548211	136.606235	0.006614	6.7
1181	-0.012041	136.542291	0.000624	6.4
1182	-0.176808	136.478426	0.003998	5.8
1183	-0.264316	136.414641	0.004578	6.0
1184	-0.002399	136.350936	0.000352	7.2
1185	-0.000000	136.287310	0.000000	7.7
1186	-0.059714	136.223763	0.000983	6.5
1187	-0.000000	136.160295	0.000000	6.4
1188	-1.043165	136.096905	0.008019	6.4
1189	-0.122452	136.033594	0.000542	6.9
1190	-0.000000	135.970362	0.000000	6.4
1191	-0.893000	135.907208	0.008212	8.0
1192	-1.170175	135.844133	0.013115	11.9
1193	-0.333487	135.781135	0.002576	8.0
1194	-1.227148	135.718215	0.006897	11.9
1195	-1.124945	135.655373	0.006076	15.1
1196	-0.137057	135.592608	0.003863	12.6
1197	-0.790502	135.529921	0.006166	8.7
1198	-0.143312	135.467311	0.003737	7.0
1199	-0.685132	135.404778	0.005379	7.2
1200	-1.196078	135.342322	0.014304	9.7
1201	-0.000000	135.279942	0.000000	6.6
1202	-0.000001	135.217640	0.000000	13.9
1203	-0.002523	135.155413	0.000310	10.0
1204	-0.000000	135.093263	0.000000	15.3
1205	-0.237424	135.031190	0.002470	7.1
1206	-1.138573	134.969192	0.008338	10.9
1207	-0.021584	134.907270	0.001591	6.6
1208	-0.419999	134.845424	0.002987	6.7
1209	-0.404955	134.783653	0.010625	11.8
1210	-0.145651	134.721958	0.002113	13.1
1211	-0.586920	134.660338	0.003663	12.4
1212	-0.000000	134.598793	0.000000	10.8
1213	-1.629876	134.537323	0.012351	12.3
1214	-0.707005	134.475927	0.004145	12.7
1215	-0.000545	134.414607	0.000114	14.1
1216	-0.845399	134.353361	0.003898	8.5
1217	-0.000000	134.292189	0.000000	11.6
1218	-1.212639	134.231092	0.008888	7.0
1219	-0.657474	134.170068	0.007688	6.5
1220	-0.145823	134.109119	0.001784	6.8
1221	-0.050640	134.048243	0.001832	6.8
1222	-0.136857	133.987441	0.003575	6.5
1223	-1.000139	133.926713	0.013455	6.9
1224	-0.597830	133.866057	0.007806	7.2
1225	-0.000000	133.805475	0.000000	10.9
1226	-0.730464	133.744966	0.006056	6.5
1227	-0.000000	133.684530	0.000000	6.8
1228	-0.931548	133.624167	0.003457	6.8
1229	-0.333611	133.563877	0.002041	6.5
1230	-0.263821	133.503658	0.004829	9.2
1231	-0.000000	133.443513	0.000000	11.3
1232	-1.596869	133.383439	0.014349	5.8
1233	-0.000000	133.323437	0.000000	6.3
1234	-0.142903	133.263508	0.002032	6.8
1235	-1.130831	133.203650	0.004686	6.6
1236	-0.456661	133.143864	0.009650	6.5
1237	-0.629558	133.084149	0.003428	6.0
1238	-1.607570	133.024506	0.009301	11.9
1239	-1.593177	132.964934	0.014365	6.5
1240	-0.214083	132.905433	0.004080	11.6
1241	-1.291222	132.846003	0.015848	6.4
1242	-0.139667	132.786643	0.006879	6.4
1243	-0.866550	132.727355	0.008130	6.9
1244	-0.408186	132.668137	0.002507	7.2
1245	-0.114391	132.608989	0.002355	10.9
1246	-0.090368	132.549912	0.001269	6.5
1247	-0.726453	132.490904	0.006103	6.9
1248	-0.920872	132.431967	0.008672	6.7
1249	-0.181414	132.373100	0.006104	6.6
1250	-0.058467	132.314302	0.002295	6.4
1251	-0.155872	132.255574	0.002543	7.1
1252	-0.834346	132.196916	0.006319	16.1
1253	-1.480405	132.138326	0.008220	14.9
1254	-0.967914	132.079806	0.009288	12.8
1255	-0.030359	132.021355	0.001241	6.7
1256	-0.000000	131.962973	0.000000	12.2
1257	-0.135375	131.904660	0.005343	11.4
1258	-0.000000	131.846415	0.000000	14.5
1259	-0.000000	131.788239	0.000000	15.0
1260	-0.404603	131.730131	0.004482	13.2
1261	-0.000000	131.672092	0.000000	13.0
1262	-0.258342	131.614121	0.004126	7.1
1263	-0.000001	131.556217	0.000000	7.1
1264	-0.750811	131.498382	0.016228	14.3
1265	-0.121298	131.440614	0.003042	12.8
1266	-0.654778	131.382914	0.013060	12.3
1267	-0.835958	131.325282	0.003523	11.9
1268	-0.827849	131.267717	0.009749	14.1
1269	-1.063639	131.210219	0.006089	17.7
1270	-1.667858	131.152788	0.008778	7.4
1271	-0.000000	131.095424	0.000000	8.0
1272	-0.388486	131.038127	0.006615	8.0
1273	-0.614392	130.980897	0.005457	17.2
1274	-1.229425	130.923733	0.011343	9.7
1275	-0.879314	130.866636	0.008930	13.8
1276	-0.107892	130.809605	0.002872	12.3
1277	-0.175110	130.752641	0.004025	15.7
1278	-1.180283	130.695742	0.007702	11.7
1279	-0.000000	130.638910	0.000000	12.9
1280	-0.360705	130.582143	0.003968	10.1
1281	-0.000002	130.525442	0.000000	12.0
1282	-0.101765	130.468807	0.002065	11.4
1283	-0.170396	130.412237	0.003428	6.8
1284	-0.000000	130.355733	0.000000	12.0
1285	-0.808536	130.299294	0.013503	10.1
1286	-1.123982	130.242920	0.008231	8.5
1287	-0.000000	130.186611	0.000000	12.4
1288	-0.000671	130.130366	0.000143	13.2
1289	-0.174805	130.074187	0.002617	15.9
1290	-0.000000	130.018072	0.000000	6.9
1291	-1.262979	129.962022	0.006689	12.7
1292	-1.221077	129.906036	0.003117	10.4
1293	-0.189105	129.850114	0.003986	16.3
1294	-0.156489	129.794257	0.001268	6.8
1295	-0.251394	129.738463	0.006407	10.6
1296	-0.000000	129.682734	0.000000	8.6
1297	-1.130826	129.627068	0.011922	12.2
1298	-1.149065	129.571466	0.006521	11.4
1299	-0.000000	129.515927	0.000000	12.7
1300	-0.391305	129.460452	0.006848	15.5
1301	-0.218601	129.405040	0.002706	16.3
1302	-0.875470	129.349692	0.009625	14.6
1303	-0.217309	129.294406	0.002469	11.9
1304	-0.805896	129.239183	0.022416	12.0
1305	-0.252325	129.184024	0.003142	11.3
1306	-0.666063	129.128927	0.008723	12.3
1307	-0.231758	129.073892	0.002795	12.5
1308	-0.000000	129.018921	0.000000	13.9
1309	-0.000000	128.964011	0.000000	16.5
1310	-0.000000	128.909164	0.000000	8.7
1311	-0.000000	128.854379	0.000000	7.9
1312	-1.190526	128.799656	0.012833	10.4
1313	-1.557529	128.744995	0.005232	15.3
1314	-0.000000	128.690396	0.000000	11.7
1315	-0.721170	128.635858	0.016629	10.2
1316	-0.000000	128.581382	0.000000	12.6
1317	-0.317879	128.526968	0.008512	11.6
1318	-0.056838	128.472615	0.001316	7.0
1319	-0.082996	128.418323	0.001453	13.2
1320	-0.000242	128.364092	0.000055	15.5
1321	-0.000000	128.309922	0.000000	9.5
1322	-0.148809	128.255814	0.004084	6.9
1323	-1.180346	128.201766	0.006314	16.7
1324	-0.568915	128.147778	0.006230	8.2
1325	-0.000000	128.093852	0.000000	14.6
1326	-1.015811	128.039985	0.007516	14.3
1327	-0.000049	127.986180	0.000013	12.2
1328	-0.522632	127.932434	0.007668	5.9
1329	-1.305340	127.878749	0.007888	6.6
1330	-0.248900	127.825123	0.002373	6.9
1331	-0.176022	127.771558	0.001021	9.9
1332	-0.828655	127.718052	0.007373	6.6
1333	-1.549559	127.664606	0.004283	11.9
1334	-1.422284	127.611220	0.007704	5.6
1335	-0.035064	127.557893	0.001137	6.9
1336	-0.001365	127.504625	0.000145	7.8
1337	-0.177873	127.451417	0.003718	8.1
1338	-0.178237	127.398268	0.006943	6.8
1339	-1.419641	127.345178	0.012705	6.7
1340	-0.000001	127.292147	0.000000	6.8
1341	-1.089256	127.239175	0.007008	6.6
1342	-0.000000	127.186261	0.000000	6.8
1343	-0.000000	127.133407	0.000000	9.9
1344	-0.060785	127.080610	0.002267	6.4
1345	-0.274139	127.027872	0.007213	7.0
1346	-0.055374	126.975193	0.000564	6.5
1347	-0.430443	126.922572	0.008220	6.3
1348	-0.000000	126.870008	0.000000	6.4
1349	-0.051286	126.817503	0.001910	6.8
1350	-0.358560	126.765056	0.002386	8.2
1351	-0.170181	126.712667	0.004222	7.5
1352	-1.126857	126.660335	0.016719	6.5
1353	-1.126688	126.608061	0.006374	6.7
1354	-0.199292	126.555844	0.002397	6.8
1355	-0.000000	126.503685	0.000000	7.8
1356	-0.000000	126.451583	0.000000	7.2
1357	-1.494570	126.399538	0.015233	6.8
1358	-0.000000	126.347550	0.000000	6.3
1359	-1.583423	126.295619	0.009913	6.5
1360	-0.165270	126.243745	0.007371	8.9
1361	-1.187409	126.191928	0.008414	6.5
1362	-0.000000	126.140168	0.000000	6.4
1363	-1.241509	126.088464	0.012334	6.0
1364	-0.190606	126.036817	0.001834	7.2
1365	-0.000000	125.985226	0.000000	7.6
1366	-0.141971	125.933691	0.002629	6.8
1367	-0.664593	125.882212	0.010082	7.2
1368	-0.752285	125.830790	0.007233	11.0
1369	-0.000000	125.779423	0.000000	6.5
1370	-1.602156	125.728113	0.006517	6.9
1371	-0.202107	125.676858	0.003661	7.8
1372	-0.000000	125.625659	0.000000	6.5
1373	-0.000000	125.574515	0.000000	9.1
1374	-1.138700	125.523427	0.006391	6.7
1375	-0.805628	125.472394	0.011921	7.4
1376	-0.000000	125.421417	0.000000	6.3
1377	-1.101989	125.370495	0.008246	11.3
1378	-0.907618	125.319628	0.005110	12.2
1379	-0.500777	125.268815	0.010090	7.3
1380	-0.000225	125.218058	0.000055	6.5
1381	-0.000000	125.167356	0.000000	6.4
1382	-1.549548	125.116708	0.007530	6.8
1383	-0.000000	125.066115	0.000000	8.5
1384	-0.777672	125.015576	0.001429	8.1
1385	-0.010051	124.965092	0.000440	10.1
1386	-0.000000	124.914662	0.000000	7.1
1387	-0.158025	124.864287	0.003162	6.7
1388	-0.407179	124.813965	0.005339	6.7
1389	-0.062760	124.763698	0.000942	11.8
1390	-0.268349	124.713485	0.004247	9.1
1391	-0.289264	124.663325	0.006630	13.4
1392	-0.140202	124.613219	0.001623	10.0
1393	-0.425725	124.563167	0.005410	6.6
1394	-0.000000	124.513168	0.000000	9.9
1395	-0.025534	124.463223	0.001465	6.5
1396	-0.787610	124.413332	0.006040	7.0
1397	-0.000000	124.363493	0.000000	5.8
1398	-0.464122	124.313708	0.007082	7.0
1399	-0.369948	124.263976	0.003650	6.9
1400	-0.001731	124.214297	0.000144	10.4
1401	-0.107027	124.164671	0.001234	8.9
1402	-0.117192	124.115097	0.001555	13.4
1403	-0.020110	124.065577	0.002581	6.8
1404	-1.249654	124.016109	0.007442	6.7
1405	-0.252375	123.966693	0.006107	6.7
1406	-0.000000	123.917330	0.000000	6.4
1407	-0.000000	123.868020	0.000000	8.7
1408	-0.155988	123.818762	0.006210	6.5
1409	-1.047672	123.769556	0.006302	6.3
1410	-0.381804	123.720402	0.004758	6.7
1411	-1.070945	123.671300	0.005237	6.1
1412	-0.935683	123.622250	0.013457	6.4
1413	-0.739795	123.573252	0.010349	6.8
1414	-0.000000	123.524305	0.000000	11.6
1415	-0.019571	123.475411	0.001137	6.0
1416	-0.000000	123.426568	0.000000	6.8
1417	-0.000000	123.377776	0.000000	6.6
1418	-1.467035	123.329036	0.016221	6.6
1419	-0.000000	123.280347	0.000000	6.3
1420	-0.000000	123.231709	0.000000	6.7
1421	-0.391996	123.183122	0.005213	6.5
1422	-0.092671	123.134587	0.005092	7.1
1423	-0.027683	123.086102	0.000834	7.1
1424	-0.000000	123.037669	0.000000	6.8
1425	-0.000000	122.989286	0.000000	11.0
1426	-0.000000	122.940954	0.000000	6.8
1427	-1.650464	122.892672	0.008176	12.7
1428	-0.847916	122.844441	0.013898	12.2
1429	-0.000000	122.796261	0.000000	12.1
1430	-0.779557	122.748130	0.010970	7.3
1431	-0.697498	122.700050	0.004992	6.7
1432	-0.102554	122.652021	0.001699	6.8
1433	-0.003798	122.604041	0.000337	6.5
1434	-0.000001	122.556111	0.000000	7.9
1435	-1.056599	122.508232	0.005367	6.6
1436	-1.003750	122.460402	0.006272	6.5
1437	-0.124846	122.412622	0.003001	6.6
1438	-0.798438	122.364891	0.008135	7.0
1439	-0.000000	122.317210	0.000000	7.5
1440	-0.000000	122.269579	0.000000	6.9
1441	-0.037132	122.221997	0.001897	6.5
1442	-1.158237	122.174465	0.016435	6.6
1443	-0.025165	122.126981	0.000970	6.8
1444	-0.265261	122.079547	0.010030	6.9
1445	-0.000000	122.032162	0.000000	6.5
1446	-0.256329	121.984826	0.003362	6.8
1447	-0.005809	121.937539	0.000212	6.7
1448	-0.389410	121.890301	0.006681	9.6
1449	-0.000000	121.843112	0.000000	4.4
1450	-0.014038	121.795971	0.001417	6.8
1451	-1.706047	121.748879	0.003809	6.5
1452	-1.252543	121.701835	0.009151	6.2
1453	-0.000000	121.654840	0.000000	12.1
1454	-0.611182	121.607893	0.009263	5.2
1455	-1.282052	121.560994	0.006348	11.8
1456	-0.587908	121.514144	0.023847	6.2
1457	-1.087389	121.467342	0.008536	6.8
1458	-0.741250	121.420588	0.008355	8.8
1459	-1.349177	121.373882	0.012123	6.7
1460	-0.075753	121.327223	0.001972	6.4
1461	-0.835702	121.280613	0.008628	5.2
1462	-0.269398	121.234050	0.004120	5.8
1463	-0.774589	121.187535	0.005389	6.1
1464	-0.701160	121.141067	0.007711	6.8
1465	-0.387915	121.094647	0.006801	6.9
1466	-0.000053	121.048274	0.000013	6.4
1467	-1.323540	121.001949	0.010561	11.8
1468	-0.854772	120.955671	0.004705	7.1
1469	-0.000000	120.909440	0.000000	6.5
1470	-0.591361	120.863256	0.010653	7.0
1471	-0.903073	120.817119	0.004005	6.6
1472	-0.685499	120.771029	0.004476	6.7
1473	-0.259246	120.724986	0.002054	6.5
1474	-1.061809	120.678990	0.005929	6.6
1475	-0.759908	120.633040	0.008474	6.8
1476	-1.411020	120.587137	0.010607	7.1
1477	-0.303153	120.541281	0.003464	7.2
1478	-0.022209	120.495471	0.000328	7.5
1479	-1.325380	120.449707	0.010474	6.7
1480	-0.076959	120.403990	0.000812	12.2
1481	-1.554911	120.358319	0.005082	7.1
1482	-1.372402	120.312694	0.021318	11.9
1483	-0.000000	120.267115	0.000000	6.5
1484	-1.409885	120.221582	0.003067	8.0
1485	-0.771554	120.176096	0.007828	7.1
1486	-0.003853	120.130655	0.000591	6.7
1487	-0.000000	120.085260	0.000000	7.0
1488	-1.283584	120.039910	0.013295	7.1
1489	-0.733233	119.994606	0.012250	6.9
1490	-0.006361	119.949348	0.000462	7.3
1491	-1.383586	119.904135	0.003574	8.9
1492	-0.074434	119.858968	0.002437	7.2
1493	-1.392652	119.813846	0.013487	12.2
1494	-1.237794	119.768769	0.010864	9.1
1495	-0.435104	119.723738	0.003376	6.8
1496	-0.001138	119.678752	0.000172	6.5
1497	-0.902557	119.633810	0.008106	6.7
1498	-0.058151	119.588914	0.002102	6.5
1499	-0.342742	119.544062	0.006917	6.8
1500	-0.436513	119.499256	0.003680	6.8
1501	-0.000000	119.454494	0.000000	6.5
1502	-0.732649	119.409777	0.007272	8.4
1503	-0.002885	119.365104	0.000049	7.9
1504	-1.698530	119.320476	0.008013	8.0
1505	-0.177601	119.275893	0.001266	7.5
1506	-0.000000	119.231353	0.000000	15.2
1507	-0.000000	119.186859	0.000000	4.4
1508	-1.232666	119.142408	0.011972	13.2
1509	-1.310149	119.098002	0.009398	6.5
1510	-0.727266	119.053639	0.011081	6.8
1511	-0.947652	119.009321	0.007166	11.8
1512	-1.315923	118.965047	0.009228	6.6
1513	-0.561475	118.920816	0.006542	6.6
1514	-0.000000	118.876630	0.000000	6.9
1515	-0.026521	118.832487	0.001152	6.8
1516	-1.227991	118.788388	0.006130	6.7
1517	-0.000000	118.744332	0.000000	16.4
1518	-1.246171	118.700320	0.016151	3.9
1519	-0.000000	118.656352	0.000000	6.7
1520	-0.390228	118.612427	0.005859	6.9
1521	-1.110569	118.568545	0.008695	6.9
1522	-1.428434	118.524706	0.007570	6.8
1523	-0.000000	118.480911	0.000000	6.4
1524	-1.207311	118.437159	0.004189	6.8
1525	-0.000000	118.393450	0.000000	6.3
1526	-0.000000	118.349784	0.000000	8.9
1527	-0.000000	118.306160	0.000000	6.5
1528	-0.052294	118.262580	0.002316	6.5
1529	-0.000001	118.219042	0.000000	6.6
1530	-0.468339	118.175548	0.004018	7.7
1531	-0.313650	118.132095	0.005025	15.0
1532	-0.000000	118.088686	0.000000	7.0
1533	-0.249498	118.045319	0.004019	14.4
1534	-0.235158	118.001994	0.008974	3.8
1535	-1.244311	117.958712	0.007886	6.6
1536	-1.123733	117.915472	0.009365	9.2
1537	-0.001140	117.872274	0.000236	6.2
1538	-0.445512	117.829118	0.008181	6.8
1539	-0.068690	117.786005	0.002716	6.5
1540	-0.430628	117.742933	0.005500	6.7
1541	-0.000000	117.699904	0.000000	6.8
1542	-0.473011	117.656916	0.005078	7.8
1543	-0.865085	117.613971	0.007201	7.0
1544	-0.000000	117.571067	0.000000	14.2
1545	-0.799953	117.528205	0.009760	6.8
1546	-0.000000	117.485384	0.000000	6.6
1547	-0.000000	117.442605	0.000000	6.5
1548	-0.000000	117.399867	0.000000	6.7
1549	-0.000000	117.357171	0.000000	11.9
1550	-0.000000	117.314517	0.000000	10.8
1551	-0.000000	117.271903	0.000000	2.7
1552	-0.074972	117.229331	0.002370	6.8
1553	-0.009515	117.186800	0.000614	6.6
1554	-0.086289	117.144311	0.005274	6.3
1555	-0.033654	117.101862	0.000288	12.9
1556	-0.492419	117.059454	0.006971	12.6
1557	-0.000000	117.017087	0.000000	9.9
1558	-0.108575	116.974762	0.003427	17.9
1559	-0.370552	116.932476	0.003174	2.4
1560	-0.539877	116.890232	0.002917	11.8
1561	-0.000000	116.848028	0.000000	13.0
1562	-0.330849	116.805865	0.004384	14.4
1563	-0.990516	116.763743	0.015859	6.9
1564	-1.592449	116.721661	0.015098	10.4
1565	-1.401541	116.679619	0.007150	7.6
1566	-0.711168	116.637618	0.010608	7.4
1567	-0.015419	116.595657	0.000804	6.5
1568	-1.246597	116.553736	0.005187	6.8
1569	-0.975493	116.511855	0.008217	6.4
1570	-0.227417	116.470015	0.002806	6.7
1571	-0.002449	116.428214	0.000202	6.6
1572	-0.327926	116.386454	0.001961	6.0
1573	-0.002631	116.344733	0.000295	6.9
1574	-0.407689	116.303052	0.004041	6.7
1575	-0.962645	116.261412	0.008723	6.7
1576	-0.000000	116.219810	0.000000	8.9
1577	-0.041101	116.178249	0.001199	11.9
1578	-0.000000	116.136727	0.000000	17.9
1579	-0.178337	116.095245	0.005717	1.6
1580	-1.657846	116.053802	0.006535	6.4
1581	-1.042559	116.012398	0.012356	9.9
1582	-0.133851	115.971034	0.002260	7.6
1583	-0.000000	115.929710	0.000000	8.4
1584	-0.717817	115.888424	0.004510	10.7
1585	-1.492273	115.847178	0.009703	10.2
1586	-0.333983	115.805970	0.001874	7.1
1587	-0.309103	115.764802	0.003696	6.6
1588	-0.000000	115.723673	0.000000	6.7
1589	-0.850446	115.682583	0.017641	6.9
1590	-0.477990	115.641532	0.003542	10.5
1591	-0.830671	115.600519	0.008974	7.4
1592	-1.514588	115.559546	0.008884	6.9
1593	-0.517046	115.518610	0.006977	6.9
1594	-1.199805	115.477714	0.013766	6.3
1595	-0.000353	115.436856	0.000055	6.6
1596	-0.000000	115.396037	0.000000	6.7
1597	-0.000001	115.355256	0.000000	6.4
1598	-0.139643	115.314514	0.001026	6.6
1599	-0.113669	115.273810	0.001090	6.8
1600	-1.152086	115.233144	0.014320	6.6
1601	-0.875458	115.192517	0.008704	6.8
1602	-0.001073	115.151927	0.000212	6.7
1603	-0.776167	115.111376	0.008534	6.6
1604	-0.672334	115.070863	0.009093	12.9
1605	-0.260859	115.030388	0.005557	6.1
1606	-0.195762	114.989951	0.004527	6.7
1607	-0.443655	114.949551	0.004871	6.9
1608	-0.000730	114.909190	0.000061	12.1
1609	-0.000000	114.868866	0.000000	6.9
1610	-0.018681	114.828580	0.000793	6.7
1611	-0.057786	114.788332	0.001333	6.9
1612	-1.144162	114.748121	0.009278	6.9
1613	-0.300966	114.707948	0.004763	6.3
1614	-0.527307	114.667812	0.005876	6.8
1615	-0.000000	114.627714	0.000000	6.7
1616	-0.835235	114.587653	0.007502	6.6
1617	-0.346476	114.547629	0.001759	11.8
1618	-0.000000	114.507643	0.000000	8.4
1619	-0.000000	114.467693	0.000000	12.1
1620	-1.438990	114.427781	0.005673	8.7
1621	-0.254915	114.387907	0.005272	6.6
1622	-0.250692	114.348069	0.001061	6.6
1623	-1.012028	114.308268	0.005302	6.2
1624	-0.895113	114.268504	0.006752	6.4
1625	-1.098500	114.228777	0.009620	6.6
1626	-0.930734	114.189086	0.008667	12.5
1627	-0.615906	114.149433	0.004912	6.6
1628	-0.000000	114.109816	0.000000	11.6
1629	-0.294649	114.070235	0.004142	7.1
1630	-0.000000	114.030692	0.000000	7.6
1631	-0.378529	113.991185	0.006158	9.1
1632	-0.075733	113.951714	0.001865	6.8
1633	-0.453342	113.912280	0.005673	12.2
1634	-0.100216	113.872882	0.002277	6.5
1635	-0.247257	113.833521	0.006067	6.7
1636	-1.076939	113.794195	0.006835	11.1
1637	-1.192671	113.754906	0.005676	3.6
1638	-0.146067	113.715653	0.000725	6.6
1639	-0.439047	113.676437	0.002178	7.4
1640	-0.000000	113.637256	0.000000	10.7
1641	-1.307807	113.598111	0.010020	12.0
1642	-1.017500	113.559002	0.007239	6.6
1643	-1.101886	113.519929	0.007354	9.4
1644	-0.043664	113.480892	0.001052	6.7
1645	-0.427906	113.441891	0.003575	6.4
1646	-1.286621	113.402925	0.016482	6.8
1647	-0.067039	113.363995	0.001122	6.5
1648	-0.142610	113.325101	0.002258	7.1
1649	-0.000000	113.286242	0.000000	6.6
1650	-1.071058	113.247419	0.006528	6.6
1651	-0.255277	113.208631	0.002198	6.6
1652	-0.013015	113.169879	0.000337	6.4
1653	-0.000094	113.131162	0.000022	7.3
1654	-0.489592	113.092480	0.009114	6.7
1655	-0.368126	113.053833	0.004855	13.9
1656	-0.423042	113.015222	0.005811	2.9
1657	-0.352521	112.976646	0.005741	6.7
1658	-1.126719	112.938105	0.004226	6.4
1659	-0.324294	112.899599	0.003329	6.4
1660	-0.941721	112.861128	0.004556	7.0
1661	-0.000000	112.822692	0.000000	6.6
1662	-1.263178	112.784291	0.006050	7.0
1663	-1.201452	112.745924	0.006210	6.5
1664	-0.000000	112.707593	0.000000	6.7
1665	-1.121354	112.669296	0.010991	6.5
1666	-0.265334	112.631034	0.005072	6.9
1667	-1.599344	112.592806	0.002894	6.8
1668	-1.324292	112.554613	0.011692	6.5
1669	-1.304315	112.516455	0.008673	11.9
1670	-0.702811	112.478331	0.005548	6.8
1671	-0.004663	112.440241	0.000356	9.4
1672	-1.123280	112.402186	0.006537	6.7
1673	-0.858588	112.364165	0.005984	6.8
1674	-0.000131	112.326179	0.000025	6.5
1675	-0.791499	112.288227	0.012170	7.7
1676	-0.000000	112.250309	0.000000	6.4
1677	-0.000000	112.212425	0.000000	6.8
1678	-0.000000	112.174575	0.000000	5.9
1679	-0.000000	112.136759	0.000000	6.6
1680	-0.694828	112.098977	0.007368	6.7
1681	-0.425655	112.061229	0.005694	6.2
1682	-0.000000	112.023515	0.000000	6.7
1683	-0.135216	111.985834	0.003747	12.1
1684	-0.979777	111.948188	0.005829	12.1
1685	-0.987511	111.910575	0.007404	9.7
1686	-0.034151	111.872996	0.001326	15.9
1687	-0.256921	111.835450	0.004624	6.1
1688	-0.000000	111.797939	0.000000	6.5
1689	-0.936758	111.760460	0.007331	7.0
1690	-0.137200	111.723015	0.001279	12.2
1691	-0.427502	111.685604	0.006065	5.0
1692	-0.631491	111.648226	0.018237	6.9
1693	-1.090723	111.610881	0.012236	10.2
1694	-0.000000	111.573570	0.000000	7.2
1695	-0.151898	111.536292	0.003490	6.4
1696	-0.003038	111.499047	0.000506	10.3
1697	-0.000000	111.461835	0.000000	7.0
1698	-0.000000	111.424656	0.000000	6.4
1699	-0.000000	111.387510	0.000000	6.0
1700	-0.478569	111.350398	0.011865	6.4
1701	-0.752218	111.313318	0.013443	6.3
1702	-0.306770	111.276271	0.006229	6.7
1703	-0.107463	111.239257	0.000641	7.0
1704	-0.549350	111.202276	0.012097	6.9
1705	-0.002310	111.165328	0.000374	6.1
1706	-0.669138	111.128412	0.007051	6.6
1707	-1.170380	111.091529	0.011933	15.2
1708	-0.200541	111.054679	0.003489	2.1
1709	-1.205916	111.017861	0.010315	8.7
1710	-1.413605	110.981076	0.005950	6.6
1711	-0.236736	110.944323	0.005219	6.7
1712	-0.314389	110.907603	0.004169	10.6
1713	-0.000000	110.870915	0.000000	11.7
1714	-0.408669	110.834259	0.004266	6.9
1715	-0.301701	110.797636	0.002562	6.6
1716	-1.266217	110.761045	0.011198	6.7
1717	-0.000000	110.724486	0.000000	6.7
1718	-0.051311	110.687959	0.001785	6.5
1719	-0.172717	110.651465	0.001846	6.7
1720	-0.000723	110.615002	0.000050	12.9
1721	-0.000000	110.578572	0.000000	12.5
1722	-0.078914	110.542173	0.002326	6.9
1723	-0.979018	110.505807	0.006515	6.7
1724	-0.227503	110.469472	0.004688	6.8
1725	-0.005172	110.433169	0.000038	6.9
1726	-1.061970	110.396898	0.010629	6.4
1727	-1.329653	110.360659	0.010605	6.3
1728	-0.176516	110.324451	0.002727	6.7
1729	-1.064588	110.288276	0.013384	6.8
1730	-0.514962	110.252131	0.004542	6.6
1731	-1.275879	110.216019	0.011165	6.8
1732	-0.000000	110.179937	0.000000	6.5
1733	-0.000000	110.143888	0.000000	15.3
1734	-0.410138	110.107869	0.003546	3.0
1735	-0.653669	110.071882	0.003482	6.7
1736	-1.107013	110.035927	0.003744	10.2
1737	-0.417878	110.000003	0.005821	6.5
1738	-0.003748	109.964110	0.000189	14.4
1739	-0.000000	109.928248	0.000000	11.0
1740	-0.000204	109.892417	0.000050	6.2
1741	-0.020385	109.856618	0.000634	6.8
1742	-0.463043	109.820850	0.002396	6.4
1743	-0.829404	109.785112	0.004279	12.0
1744	-1.116394	109.749406	0.006798	8.3
1745	-1.566125	109.713730	0.008503	7.9
1746	-0.469420	109.678086	0.008506	11.9
1747	-0.618582	109.642472	0.016806	6.4
1748	-0.133375	109.606890	0.001150	6.4
1749	-0.715330	109.571337	0.006043	11.1
1750	-0.000000	109.535816	0.000000	6.3
1751	-0.940930	109.500326	0.006906	6.3
1752	-0.142014	109.464866	0.002792	6.6
1753	-0.604416	109.429436	0.005086	6.8
1754	-0.260977	109.394038	0.005094	6.6
1755	-0.926954	109.358669	0.012312	6.7
1756	-0.000000	109.323331	0.000000	8.4
1757	-0.425455	109.288024	0.004479	13.8
1758	-1.472923	109.252747	0.012334	6.6
1759	-1.032704	109.217501	0.006299	11.4
1760	-0.000000	109.182284	0.000000	3.9
1761	-0.402413	109.147098	0.005556	6.6
1762	-0.833557	109.111942	0.008519	12.0
1763	-0.000000	109.076817	0.000000	6.3
1764	-0.395658	109.041721	0.008334	10.8
1765	-0.383583	109.006656	0.001846	7.7
1766	-0.741694	108.971620	0.011671	6.7
1767	-0.000000	108.936615	0.000000	6.8
1768	-1.330715	108.901640	0.008537	6.5
1769	-0.000446	108.866694	0.000085	10.6
1770	-0.451584	108.831779	0.006463	9.5
1771	-0.814748	108.796893	0.024500	10.2
1772	-1.061909	108.762037	0.010347	6.5
1773	-0.659620	108.727211	0.006096	6.6
1774	-1.018340	108.692415	0.011391	6.6
1775	-0.242728	108.657648	0.003619	9.9
1776	-0.168386	108.622911	0.003858	6.5
1777	-0.000000	108.588203	0.000000	6.5
1778	-0.000000	108.553525	0.000000	6.6
1779	-0.095026	108.518877	0.001811	6.8
1780	-0.905407	108.484258	0.007169	11.2
1781	-0.117456	108.449668	0.001336	11.6
1782	-0.000000	108.415108	0.000000	7.0
1783	-0.066146	108.380578	0.002280	6.6
1784	-1.140434	108.346076	0.009763	6.5
1785	-0.000000	108.311604	0.000000	6.8
1786	-1.109703	108.277161	0.012564	6.7
1787	-0.710625	108.242747	0.008685	12.5
1788	-0.823547	108.208363	0.009969	6.2
1789	-0.000001	108.174007	0.000000	6.7
1790	-0.279110	108.139681	0.006194	6.7
1791	-0.089620	108.105383	0.001671	7.2
1792	-0.399124	108.071115	0.004401	8.9
1793	-0.255965	108.036875	0.001850	7.9
1794	-0.792105	108.002665	0.008116	12.0
1795	-0.421813	107.968483	0.002907	6.5
1796	-0.409657	107.934330	0.008279	10.9
1797	-0.356271	107.900206	0.002602	7.1
1798	-0.443423	107.866111	0.008682	6.5
1799	-0.009058	107.832044	0.001024	8.5
1800	-0.987877	107.798007	0.012957	7.2
1801	-0.795026	107.763997	0.007049	7.1
1802	-0.358369	107.730017	0.005259	6.7
1803	-0.000658	107.696065	0.000069	6.4
1804	-0.000000	107.662141	0.000000	6.5
1805	-0.706823	107.628246	0.005358	6.6
1806	-0.673213	107.594379	0.007710	6.7
1807	-0.000087	107.560541	0.000018	10.2
1808	-0.427819	107.526731	0.005598	10.1
1809	-1.654201	107.492949	0.003815	8.0
1810	-0.717322	107.459196	0.012544	6.7
1811	-0.403738	107.425471	0.006388	6.9
1812	-0.000012	107.391774	0.000003	6.8
1813	-0.073072	107.358106	0.002890	11.5
1814	-0.273636	107.324465	0.002942	6.7
1815	-0.000023	107.290853	0.000006	6.5
1816	-0.476225	107.257268	0.007934	6.8
1817	-0.827766	107.223712	0.006515	7.4
1818	-0.827059	107.190184	0.007299	6.7
1819	-0.000000	107.156683	0.000000	6.2
1820	-1.222807	107.123211	0.006961	11.0
1821	-0.000000	107.089766	0.000000	7.3
1822	-1.530313	107.056349	0.008764	6.6
1823	-0.225360	107.022960	0.004477	11.5
1824	-1.025193	106.989599	0.014695	6.4
1825	-0.000010	106.956265	0.000003	7.3
1826	-0.527085	106.922960	0.003548	6.7
1827	-0.906572	106.889681	0.004825	6.7
1828	-0.293039	106.856431	0.002159	10.5
1829	-0.141014	106.823208	0.002010	6.5
1830	-0.423094	106.790012	0.005266	6.6
1831	-0.001265	106.756844	0.000034	6.7
1832	-0.083051	106.723703	0.000845	6.8
1833	-0.787801	106.690590	0.006860	13.5
1834	-0.381497	106.657505	0.010200	6.3
1835	-0.958437	106.624446	0.006245	8.9
1836	-0.275421	106.591415	0.005405	6.3
1837	-1.111250	106.558411	0.004542	6.8
1838	-1.424896	106.525435	0.008591	11.9
1839	-0.000000	106.492485	0.000000	14.7
1840	-0.108552	106.459563	0.006050	6.8
1841	-0.000000	106.426668	0.000000	6.4
1842	-0.882735	106.393800	0.009727	6.8
1843	-0.323196	106.360959	0.002755	6.6
1844	-0.079300	106.328145	0.003043	8.9
1845	-1.337987	106.295358	0.009211	9.5
1846	-0.207101	106.262598	0.005522	11.6
1847	-0.000000	106.229865	0.000000	6.4
1848	-1.372622	106.197158	0.007354	6.6
1849	-0.140359	106.164479	0.004906	6.4
1850	-0.000000	106.131826	0.000000	6.2
1851	-1.051416	106.099201	0.008458	6.6
1852	-0.000000	106.066602	0.000000	6.7
1853	-0.686423	106.034029	0.007657	6.4
1854	-0.000000	106.001483	0.000000	6.3
1855	-0.611749	105.968964	0.005436	6.9
1856	-1.018153	105.936472	0.005516	6.5
1857	-0.000000	105.904006	0.000000	6.9
1858	-0.000000	105.871566	0.000000	12.5
1859	-0.103013	105.839153	0.000712	12.0
1860	-0.007236	105.806767	0.000917	6.6
1861	-0.641443	105.774407	0.015254	6.6
1862	-1.181395	105.742073	0.006443	12.1
1863	-0.366610	105.709766	0.010419	7.6
1864	-0.000001	105.677485	0.000000	6.5
1865	-0.000003	105.645230	0.000001	6.3
1866	-0.002007	105.613001	0.000364	7.7
1867	-0.081869	105.580799	0.002442	7.3
1868	-0.923147	105.548623	0.003304	6.6
1869	-0.000000	105.516473	0.000000	6.4
1870	-0.349297	105.484349	0.006736	13.1
1871	-0.000000	105.452251	0.000000	6.8
1872	-0.366517	105.420179	0.003336	6.9
1873	-1.546350	105.388133	0.007143	6.7
1874	-1.050334	105.356113	0.005538	9.6
1875	-1.305813	105.324119	0.015893	6.4
1876	-0.000013	105.292151	0.000003	9.5
1877	-1.162756	105.260209	0.009888	6.8
1878	-0.000000	105.228293	0.000000	6.7
1879	-0.247114	105.196402	0.004392	6.6
1880	-0.888923	105.164537	0.011981	11.7
1881	-0.379072	105.132698	0.006342	5.3
1882	-0.964085	105.100885	0.007811	6.7
1883	-0.143473	105.069097	0.003803	8.3
1884	-0.200443	105.037335	0.003696	11.5
1885	-1.673679	105.005598	0.009749	6.3
1886	-0.000004	104.973887	0.000001	9.2
1887	-1.339848	104.942202	0.008623	6.7
1888	-0.297298	104.910542	0.006839	9.7
1889	-0.000000	104.878907	0.000000	11.9
1890	-0.000000	104.847298	0.000000	11.4
1891	-0.875354	104.815715	0.006065	7.6
1892	-0.000000	104.784156	0.000000	11.4
1893	-0.000000	104.752623	0.000000	8.5
1894	-0.000001	104.721116	0.000000	7.6
1895	-1.419553	104.689633	0.005247	7.3
1896	-0.000000	104.658176	0.000000	9.8
1897	-1.290775	104.626744	0.010638	6.4
1898	-0.856056	104.595337	0.005699	6.9
1899	-0.899931	104.563955	0.008142	6.8
1900	-0.650388	104.532599	0.005711	6.7
1901	-0.000000	104.501267	0.000000	6.6
1902	-0.000041	104.469960	0.000010	6.7
1903	-0.000001	104.438679	0.000000	6.2
1904	-0.005760	104.407422	0.000711	11.3
1905	-0.000182	104.376191	0.000026	6.8
1906	-0.000000	104.344984	0.000000	6.6
1907	-0.200637	104.313802	0.003212	11.9
1908	-0.335325	104.282645	0.004296	6.7
1909	-0.229784	104.251513	0.002787	11.4
1910	-1.392591	104.220405	0.007469	6.4
1911	-0.000000	104.189323	0.000000	6.3
1912	-0.746697	104.158265	0.008950	13.1
1913	-0.415522	104.127231	0.007373	5.9
1914	-1.371409	104.096222	0.005636	6.4
1915	-1.450350	104.065238	0.006870	7.6
1916	-0.367830	104.034279	0.008882	6.7
1917	-0.795066	104.003344	0.011260	6.7
1918	-0.273322	103.972433	0.003205	7.2
1919	-0.872679	103.941547	0.011618	6.2
1920	-1.675297	103.910686	0.006972	9.0
1921	-0.000021	103.879849	0.000005	7.1
1922	-0.120698	103.849036	0.004584	7.2
1923	-0.067735	103.818248	0.003489	6.7
1924	-0.161584	103.787484	0.003494	6.6
1925	-0.390382	103.756744	0.001520	6.9
1926	-0.000000	103.726029	0.000000	6.5
1927	-0.116835	103.695338	0.005335	6.8
1928	-0.490304	103.664671	0.004834	6.6
1929	-0.136079	103.634028	0.005221	6.6
1930	-0.193169	103.603409	0.004626	6.9
1931	-0.986851	103.572814	0.008487	6.6
1932	-0.000000	103.542244	0.000000	6.4
1933	-0.281579	103.511698	0.007855	6.7
1934	-0.518495	103.481175	0.005295	7.3
1935	-0.000000	103.450677	0.000000	7.3
1936	-1.085529	103.420202	0.011911	6.7
1937	-0.000000	103.389752	0.000000	12.0
1938	-1.270508	103.359325	0.015310	6.6
1939	-0.642271	103.328922	0.012043	18.3
1940	-0.669770	103.298543	0.005434	2.7
1941	-0.393580	103.268188	0.005344	7.2
1942	-0.138458	103.237857	0.003928	10.9
1943	-1.186679	103.207549	0.013977	6.4
1944	-0.396419	103.177265	0.009126	11.2
1945	-0.548015	103.147005	0.004420	7.0
1946	-0.000000	103.116768	0.000000	11.1
1947	-0.641731	103.086556	0.008362	7.4
1948	-1.274688	103.056366	0.009275	6.4
1949	-0.951834	103.026200	0.004464	13.8
1950	-0.248677	102.996058	0.001414	2.9
1951	-0.000000	102.965939	0.000000	6.7
1952	-0.197410	102.935844	0.003810	6.5
1953	-0.611499	102.905772	0.012425	6.5
1954	-0.139319	102.875724	0.001305	7.6
1955	-0.699269	102.845699	0.009162	6.7
1956	-0.559966	102.815697	0.015765	10.6
1957	-0.896604	102.785719	0.008166	16.7
1958	-0.132626	102.755764	0.007930	1.9
1959	-0.342394	102.725832	0.008235	7.0
1960	-0.000323	102.695924	0.000070	6.5
1961	-0.570849	102.666038	0.010299	6.6
1962	-0.000000	102.636176	0.000000	6.6
1963	-0.604616	102.606337	0.007739	6.9
1964	-0.809590	102.576521	0.004539	11.9
1965	-0.184709	102.546728	0.004865	7.0
1966	-0.162155	102.516959	0.005486	6.8
1967	-0.000000	102.487212	0.000000	6.8
1968	-0.515228	102.457488	0.005766	6.6
1969	-0.533833	102.427788	0.008500	6.4
1970	-0.651784	102.398110	0.006429	6.8
1971	-0.268940	102.368455	0.002777	10.1
1972	-0.494954	102.338823	0.011579	7.0
1973	-1.014891	102.309214	0.009331	6.5
1974	-0.000000	102.279628	0.000000	6.2
1975	-0.762816	102.250064	0.004089	6.9
1976	-1.421746	102.220524	0.008757	7.4
1977	-0.000000	102.191006	0.000000	6.1
1978	-0.121858	102.161511	0.001582	6.6
1979	-0.000000	102.132038	0.000000	6.8
1980	-0.392623	102.102588	0.004553	6.8
1981	-0.679931	102.073161	0.017468	6.7
1982	-0.001782	102.043757	0.000345	6.9
1983	-0.418241	102.014375	0.005399	6.5
1984	-0.209258	101.985015	0.004559	7.1
1985	-0.000000	101.955678	0.000000	11.3
1986	-0.000000	101.926364	0.000000	8.3
1987	-0.000000	101.897072	0.000000	7.1
1988	-0.740702	101.867802	0.007624	6.6
1989	-0.005724	101.838555	0.000551	6.6
1990	-1.043639	101.809330	0.008342	6.1
1991	-1.255494	101.780128	0.007689	11.8
1992	-1.229038	101.750948	0.009713	6.8
1993	-1.013086	101.721790	0.006126	6.9
1994	-0.000000	101.692654	0.000000	6.7
1995	-0.496789	101.663541	0.007924	6.7
1996	-0.934869	101.634450	0.017171	6.8
1997	-0.749783	101.605381	0.015722	6.6
1998	-1.137763	101.576335	0.010648	11.7
1999	-0.160306	101.547310	0.002750	12.5
